i	j	       0	       1	       2	       3	       4	       5	       6	       7	       8	       9	      10	      11	      12	      13	      14	      15	      16	      17	      18	      19	      20	      21	      22	      23
0	1	 2600.55	    0.00	  260.25	  200.02	   15.53	    0.00	    0.01	    0.02	   31.06	   93.21	  200.02	  453.36	  453.84	  100.01	   15.54	    0.02	    0.04	    0.00	    0.01	    0.00	    0.01	    0.11	    0.30	   28.79
0	2	 6199.45	 1146.32	    0.00	    0.00	    0.00	  238.19	  141.69	  246.30	    0.00	    0.00	    0.00	    0.00	    0.00	    0.00	    0.00	  101.13	    0.00	   35.05	    0.00	    0.02	    0.00	    0.00	    0.00	    0.00
1	0	    0.00	 1246.32	    0.00	    0.00	    0.00	  538.19	  641.67	 1046.27	    0.00	    0.00	    0.00	    0.00	    0.00	    0.00	    0.00	  601.11	    0.33	  135.05	    0.03	  299.98	    0.00	    0.02	    0.00	    0.00
1	5	 2500.55	 2753.68	  160.25	    0.04	    0.00	    0.00	    0.00	    0.00	    0.00	    0.00	    0.04	  353.36	  153.84	    0.01	    0.00	    0.00	    0.00	    0.00	    0.00	    0.00	    0.01	    0.03	    0.30	   28.79
2	0	    0.00	    0.00	  360.25	  700.02	  215.53	    0.00	    0.03	    0.05	  531.06	 1393.21	  700.02	  653.36	  953.84	  400.01	  515.54	    0.04	  399.71	    0.00	  299.99	    0.05	  100.01	  400.09	  300.30	  128.79
2	3	 4499.38	  646.18	 1939.69	    0.00	    0.00	    0.00	    0.00	    0.00	    0.00	    0.00	    0.00	 3900.54	 2607.85	    0.09	    0.00	    0.00	    0.00	    0.00	    0.00	    0.00	  202.51	    0.24	    2.01	  471.07
2	11	 1600.06	  400.14	  500.06	 1601.81	  402.52	  500.43	  758.17	 1200.00	 1399.44	  670.39	    1.01	    0.00	    0.00	    0.10	   47.91	  535.83	  189.01	  199.80	   20.53	    0.12	    0.00	    0.00	    0.00	    0.00
3	2	    0.00	    0.00	    0.00	 2501.83	  718.04	  562.23	  716.51	 1153.75	 2030.49	 2363.59	 1000.46	    0.00	    0.00	  499.76	  663.40	  634.74	  688.72	  164.75	  320.52	    0.11	    0.00	    0.09	    0.06	    0.00
3	4	 3198.42	  146.17	 1339.62	 6198.78	    0.00	    0.00	    0.00	    0.00	    0.00	    0.12	  906.89	 3299.68	 2007.32	  200.11	    0.09	    0.00	    0.01	    0.00	    0.02	    0.00	    2.58	    0.05	  199.77	  271.12
3	10	  800.96	  300.05	  400.08	 2899.39	  699.77	  599.62	    0.44	    1.61	    0.46	    0.17	    0.00	    0.86	    0.53	    0.07	    0.06	    0.12	    0.04	    0.02	    0.02	    0.03	    0.02	    0.05	    0.06	    0.03
4	3	    0.00	    0.05	    0.00	    0.00	 1917.81	 1561.85	 1116.95	 1855.36	 2730.95	 3563.39	    0.00	    0.00	    0.00	    0.00	 1162.37	 1434.86	 1188.46	  264.77	  520.10	  300.14	    0.03	  399.07	    0.00	    0.00
4	5	    0.00	    0.00	  529.93	 2113.13	 1251.46	    0.00	    0.02	    0.03	  569.10	 1306.74	  406.51	 1470.42	  586.50	  100.02	  284.32	    0.04	    0.04	    0.00	    0.04	    0.01	    0.01	    0.00	   99.69	   71.20
4	8	 2998.42	  899.94	  709.69	 3585.65	 2930.73	 1400.11	    0.03	    0.10	    0.00	    0.00	    0.38	 1629.27	 1220.82	    0.09	    0.00	    0.06	    0.00	    0.01	    0.00	    0.03	    0.00	    0.00	    0.07	  199.92
5	1	    0.00	    0.00	    0.00	    0.02	   84.47	  938.19	  841.66	 1446.25	  168.94	  506.79	    0.02	    0.00	    0.00	    0.01	   84.46	 1001.09	  200.29	  135.05	  100.01	  399.97	    0.00	   99.94	    0.00	    0.00
5	4	    0.00	  853.82	    0.00	    0.00	    0.00	 3161.96	 1017.34	 1809.42	    0.00	    0.00	    0.00	    0.00	    0.00	    0.00	    0.00	 1456.22	    0.07	  203.15	    0.03	  308.73	    0.01	    0.00	    0.00	    0.00
5	7	 2200.55	 1499.86	  390.18	 1713.15	  966.99	 3499.85	    0.00	    0.00	    0.16	    0.07	    6.53	 1623.78	  540.34	    0.03	    0.00	    0.00	    0.00	    0.00	    0.00	    0.00	    0.00	    0.00	    0.00	    0.00
6	7	    0.00	    0.00	    0.00	    0.00	    0.00	    0.00	 4160.15	    0.00	    0.00	    0.00	    0.00	    0.00	    0.00	  399.86	  599.90	  402.85	  141.61	 1000.02	  999.61	 2599.95	  500.04	  799.93	  299.97	  199.99
6	17	  428.25	  333.70	    7.61	  429.31	  118.41	  978.86	 7939.85	 4502.10	  819.22	    0.70	    0.13	  216.63	    0.10	    0.00	    0.00	    0.00	    0.03	    0.00	    0.00	    0.00	    0.00	    0.00	    0.00	    0.00
7	5	    0.00	    0.00	    0.00	    0.00	    0.00	    0.00	 2258.98	 4055.64	    0.00	    0.13	    0.00	    0.00	    0.00	    0.00	    0.14	 3357.28	  700.32	  438.20	  300.00	 1008.69	  100.00	  299.91	    0.00	    0.01
7	6	  928.25	  533.70	  107.61	  829.31	  318.41	 1378.86	    0.00	 5502.10	 1419.16	    2.92	    1.49	  916.63	   68.86	    0.00	    0.00	    0.00	    0.11	    0.00	    0.00	    0.00	    0.00	    0.00	    0.00	    0.00
7	8	    0.00	    0.00	    0.00	    0.00	    0.00	    0.00	  901.18	 3744.29	    0.00	    0.00	    0.00	    0.00	    0.00	    0.00	    0.00	 1289.96	    0.00	  261.95	    0.00	  691.63	    0.10	    0.10	    0.00	    0.00
7	15	  472.38	  566.20	  170.40	  675.71	  422.29	 1321.09	    0.00	 3397.97	  869.18	    0.00	    0.06	  478.89	    0.49	    0.00	    0.00	    0.00	    0.00	    0.00	    0.00	    0.00	    0.00	    0.00	    0.00	    0.00
8	4	    0.00	    0.00	    0.00	    0.00	    0.00	    0.00	  299.66	  546.08	 4100.05	 5870.01	    0.00	    0.00	    0.00	    0.00	 1646.60	  478.74	 1388.42	   61.63	  620.09	   91.44	   97.45	  599.02	    0.00	    0.00
8	7	    0.08	    0.04	   87.82	  491.86	  273.71	    0.09	    0.00	    0.00	 3088.18	 1602.70	  795.03	  371.74	  129.01	    0.00	    0.00	    0.00	    0.23	    0.00	    0.00	    0.00	    0.00	    0.00	    0.00	    0.00
8	9	 2498.34	  699.90	  521.86	 2393.79	 1857.02	 1000.01	    1.60	 2398.31	 9011.76	    0.00	    0.00	  657.58	  491.86	    0.00	    0.00	    0.26	    0.00	    0.35	    0.00	    0.37	    0.00	    0.00	    0.00	    0.00
9	8	    0.00	    0.00	    0.00	    0.00	    0.00	    0.00	    0.06	    0.00	    0.00	10272.71	 2194.64	    0.06	    0.06	  599.92	 2646.60	  588.97	 2288.66	    0.02	 1020.09	    0.15	  397.35	 1298.92	  499.93	    0.08
9	10	    0.00	    0.00	    0.00	    0.00	    0.00	    0.00	  499.56	  798.41	 1705.75	 8369.17	    0.00	    0.00	    0.00	    0.00	 1280.90	 1563.85	 1910.86	  199.92	  423.84	  431.32	    1.03	  489.73	    0.00	    0.00
9	14	  799.00	   99.94	   99.88	  930.30	  597.66	  200.04	    0.00	    0.00	 3094.39	14650.07	 2002.88	  681.16	   13.40	    0.00	    0.00	    0.00	    0.83	    0.00	    0.00	    0.00	    0.00	    0.00	    0.00	    0.00
9	15	    0.00	    0.00	   22.00	   95.03	   59.40	    0.00	    0.00	    0.00	  511.80	 8007.22	 2162.00	  204.01	    0.12	    0.00	    0.00	    0.00	    0.00	    0.00	    0.00	    0.00	    0.00	    0.00	    0.00	    0.00
9	16	  399.34	    0.02	   99.98	  499.90	  199.96	    0.04	    0.09	    0.12	  899.83	 3900.82	  999.76	  599.88	  499.90	    0.11	    0.13	    0.12	    0.00	    0.05	    0.07	    0.15	    0.05	    0.15	    0.05	    0.03
10	3	    0.00	    0.00	    0.00	    0.00	    0.00	    0.00	    0.00	    0.00	    0.00	    0.49	 3407.36	    0.00	    0.00	 1199.84	    1.17	    0.00	    0.31	    0.00	    0.46	    0.00	    0.06	    0.87	  697.87	    0.07
10	9	    0.00	    0.00	    0.00	  331.45	    0.00	    0.00	    0.00	    0.00	    0.00	    0.00	11259.29	 2827.52	 1921.61	 1080.87	    0.00	    0.00	    0.00	    0.00	    0.00	    0.00	    0.00	    0.00	  311.28	   47.49
10	11	    0.00	    0.00	    0.00	    0.00	    0.00	    0.00	    0.00	    0.00	    0.11	 3229.61	 2400.41	    0.00	    0.00	  733.47	  660.50	  164.17	  910.87	    0.02	  282.58	    0.00	    0.00	    0.00	    0.00	    0.00
10	13	  301.08	  100.09	  100.13	 1168.04	  199.80	  199.69	    0.00	    0.03	  306.10	 1139.24	 5232.95	 1018.71	   61.65	    0.00	    0.00	    0.00	    0.05	    0.00	    0.00	    0.00	    0.00	    0.00	    0.00	    0.00
11	2	    0.00	    0.00	    0.00	    0.00	    0.00	    0.00	    0.00	    0.00	    0.00	    0.00	    0.57	 4753.90	 3661.68	    0.44	    0.06	    0.00	    0.00	    0.00	    0.00	    0.03	  302.51	  500.24	  402.26	  599.86
11	10	    0.12	    0.04	    0.06	    0.11	    0.03	    0.07	    0.00	    0.00	    0.00	    0.00	    0.00	 5245.37	 2982.73	    0.00	    0.00	    0.00	    0.00	    0.00	    0.00	    0.00	    0.04	    0.00	    0.00	    0.38
11	12	 1399.95	  300.10	  300.00	 1001.70	  202.49	  300.36	   58.24	  600.00	  799.55	 1900.00	 1000.85	 3900.73	    0.00	   33.42	    8.35	    0.55	  499.88	    0.02	    3.11	    0.04	    0.00	    0.00	    0.00	    0.00
12	11	    0.00	    0.00	    0.00	    0.00	    0.00	    0.00	    0.07	    0.00	    0.00	    0.00	    0.00	    0.00	 7944.42	    0.28	    0.00	    0.54	    0.00	    0.20	    0.00	  499.95	  602.55	 1200.24	 1102.26	 1100.23
12	23	  899.95	    0.10	  200.00	  401.70	    2.49	  100.36	    0.00	    0.00	  199.55	    0.00	    0.85	 2600.73	 6655.58	    0.00	    0.00	    0.00	    0.00	    0.00	    0.00	    0.00	    0.00	    0.00	    0.00	    0.00
13	10	    0.00	    0.00	    0.00	    0.00	    0.00	    0.00	    0.00	    0.00	    0.00	    0.00	    0.00	    0.00	    0.00	 4614.11	  780.71	    0.21	    0.32	    0.08	  259.18	  168.65	  398.97	  611.09	 2309.09	  647.16
13	14	    1.03	    0.12	    0.13	  169.24	    0.06	    0.04	    0.00	    0.00	    0.00	    0.00	  940.04	  318.84	   95.32	 6252.46	    0.00	    0.00	    0.00	    0.00	    0.00	    0.00	    0.00	    0.00	 1182.93	  124.83
13	22	    0.13	    0.00	    0.03	  498.82	   99.74	   99.65	    0.00	    0.00	  194.25	  811.65	 2692.97	    0.21	    0.00	 3233.43	  428.70	    0.00	  216.14	    0.00	  133.39	    0.00	    0.00	    0.00	    0.00	    0.00
14	9	    0.00	    0.00	    0.00	    0.00	    0.00	    0.00	    0.00	    0.00	    0.00	    0.00	    0.00	    0.00	    0.00	 1619.15	 7927.63	    0.31	    0.84	    0.06	 3243.80	 1704.81	 1598.43	 4388.80	 1988.70	  752.62
14	13	    0.00	    0.00	    0.00	    0.00	    0.00	    0.00	  199.54	  399.08	  488.14	 1772.41	    0.07	    0.00	    0.00	    0.00	 2509.41	  699.26	  916.42	   99.77	  692.55	  667.07	    0.61	  653.26	    0.00	    0.00
14	18	  300.03	    0.07	    0.01	  200.07	  100.03	    0.10	    0.02	    0.03	  400.15	 3289.37	  836.55	  300.06	  276.14	 2896.22	 5899.89	    0.06	    0.43	    0.01	    0.00	    0.05	  557.64	 2899.91	  899.98	  255.22
14	21	    0.00	    0.00	    0.00	  399.47	  297.69	    0.00	    0.00	    0.00	 1306.09	 5588.30	  706.30	    0.00	    0.00	  437.09	 5063.07	    0.24	 2495.10	    0.00	 2100.52	    0.00	    0.00	    0.00	    0.00	    0.00
15	7	    0.00	    0.00	    0.00	    0.00	    0.00	    0.00	    0.00	    0.00	    0.00	    0.28	    0.00	    0.00	    0.00	    0.11	    0.24	 6444.39	 1958.59	    0.13	    0.39	    0.38	    0.06	    0.08	    0.03	    0.02
15	9	    0.00	    0.06	    0.00	    0.00	    0.00	    0.07	 2397.86	    0.22	    0.00	    0.00	    0.00	    0.00	    0.00	    0.00	    0.00	 6551.15	    0.59	  899.50	    0.20	 1226.24	    0.00	    0.00	    0.00	    0.00
15	16	    0.65	  200.05	    0.01	    0.06	    0.03	  500.14	 1000.66	 1401.02	    0.12	    0.52	    0.09	    0.06	    0.00	    0.00	    0.00	 5966.02	    0.00	  600.32	    0.00	 1539.89	  346.32	    0.00	    0.00	  128.89
15	17	    0.04	    0.02	    0.00	    0.04	    0.01	    0.09	    0.00	    0.41	    0.22	 3608.38	  762.40	    0.08	    0.01	    0.03	    0.17	 7138.43	 3762.82	    0.00	    0.17	    0.00	    0.00	    0.00	    0.00	    0.00
16	9	    0.00	    0.00	    0.00	    0.00	    0.00	    0.00	    0.24	    0.00	    0.00	    0.00	    0.00	    0.00	    0.00	    0.00	    0.00	    1.22	 8098.92	    0.09	    0.00	    0.20	    0.00	    0.00	    0.00	    0.00
16	15	    0.00	    0.00	    0.00	    0.00	    0.00	    0.00	    0.00	    0.00	    0.00	    1.58	    0.30	    0.00	    0.00	  690.34	 1184.84	    0.00	 8521.88	    0.00	 1283.96	    0.00	    0.06	    0.11	    0.05	    0.03
16	18	    0.03	    0.09	    0.00	    0.02	    0.01	    0.18	    0.51	    1.14	    0.04	    0.17	    0.00	    0.00	    0.00	    0.00	    0.00	 3164.92	 6779.20	    0.28	    0.00	    0.00	    0.00	    0.00	    0.00	    0.00
17	6	    0.00	    0.00	    0.00	    0.00	    0.00	    0.00	    0.00	    0.00	    0.06	 1897.78	  498.64	    0.00	  331.25	  599.86	 1099.90	 1802.85	 1141.53	 1200.02	 1399.61	 3099.95	  700.04	 1299.93	  499.97	  299.99
17	15	   28.31	   33.93	    7.61	   29.36	   18.35	   79.21	 4798.52	  203.68	   19.36	    0.38	    0.12	   17.24	  599.40	    9.80	   15.57	    0.00	    0.12	 1999.95	   16.80	 4366.50	  946.32	 1199.97	  499.99	  428.88
17	19	  299.99	  299.79	    0.00	  299.99	  100.07	  799.73	 2941.32	 3998.83	  600.02	 1011.13	  163.79	    0.08	    0.09	    0.00	    0.00	 4835.58	 2021.35	 1600.03	    0.00	    0.00	    0.00	    0.00	    0.00	    0.00
18	14	    0.00	    0.01	    0.00	    0.00	    0.00	    0.02	  699.50	  999.03	    0.00	    0.00	    0.00	    0.00	    0.00	    0.00	    0.00	 1899.70	 4911.96	  299.81	 6836.87	 3471.46	    0.16	    0.40	    0.17	    0.07
18	16	    0.04	    0.02	    0.01	    0.05	    0.02	    0.00	    0.00	    0.00	    0.09	    0.39	    0.45	    0.06	    0.10	 1390.24	 2684.71	    0.00	    0.00	    0.00	 2983.88	  160.17	  253.68	 1699.96	  599.99	  171.11
18	19	    0.02	    0.00	    0.00	    0.04	    0.02	    0.03	    0.00	    0.00	    0.10	 1489.14	  436.10	    0.00	    0.00	 1205.99	 2415.18	    0.00	  167.67	    0.00	 2979.24	    0.00	    0.00	    0.00	    0.00	    0.00
19	17	    0.00	    0.00	    0.00	    0.00	    0.00	    0.00	    0.00	    0.00	    0.00	    0.22	    0.01	    0.61	 1030.62	  709.63	 1315.30	    0.00	    0.14	    0.00	 1716.24	 7866.45	 1746.37	 2799.90	 1099.96	  728.88
19	18	    0.00	   99.87	    0.00	    0.00	    0.00	  199.76	 1098.97	 1697.86	    0.00	    0.00	    0.00	    0.00	   23.96	    0.01	    0.00	   34.72	    0.00	  599.51	    0.00	 4831.58	   96.20	    0.45	    0.18	   15.96
19	20	    0.00	    0.00	    0.00	    0.01	    0.07	  100.01	  641.96	  600.45	    0.06	    0.05	    0.02	    0.01	    0.03	    0.02	    0.03	 1500.20	  488.84	  200.32	   63.10	 2700.26	    0.00	    0.08	    0.03	    0.02
19	21	    0.00	   99.92	    0.00	    0.02	    0.01	  199.98	  700.39	  800.52	    0.06	    0.22	    0.05	    0.00	    0.00	    0.00	    0.17	 1700.65	    0.11	  400.20	    0.08	 3101.71	    0.18	    0.00	    0.00	    0.00
20	19	    0.00	    0.00	    0.00	    0.00	    0.00	    0.00	    0.00	    0.00	    0.00	    0.11	    0.03	  400.52	 1654.41	    0.08	    0.17	    0.00	    0.08	    0.00	    0.19	    0.00	 3042.75	    0.25	    2.10	 1144.53
20	21	  263.84	    0.07	   65.96	    0.21	    0.00	    0.03	    0.06	    0.08	    0.00	    0.00	    0.00	  461.72	 1462.07	    0.00	    0.00	    0.16	    0.00	    0.04	    0.00	    0.42	 4758.78	    0.00	    0.00	 1611.99
20	23	    0.00	    0.00	    0.00	    0.00	    0.00	    0.02	  441.90	  200.37	    0.12	  483.10	    0.00	    0.00	    0.00	    0.00	  679.99	  900.12	  208.30	  100.28	  250.34	 1499.84	 3198.47	 2356.54	    0.00	    0.00
21	14	    0.00	    0.00	    0.00	    0.00	    0.00	    0.00	    0.06	    0.08	    0.00	    0.00	    0.00	    0.07	  867.43	    0.00	    0.00	    0.16	    0.00	    0.03	    0.00	    0.47	 2956.51	10541.58	 2705.59	 1282.94
21	19	    0.00	    0.00	    0.00	    0.00	    0.00	    0.00	    0.00	    0.00	    0.00	    0.11	    0.17	    0.03	    0.11	    3.58	    0.16	    0.00	    0.00	    0.00	    0.00	    0.00	    0.00	 5200.18	 1798.07	    0.33
21	20	    0.01	    0.00	    0.00	    0.03	   97.74	    0.00	    0.00	    0.00	  300.07	 1683.15	    1.77	    0.00	    0.00	    0.91	 1480.13	    0.08	  319.54	    0.00	  587.42	    0.00	    0.00	 4156.72	    0.92	    0.00
21	22	    0.00	    0.00	    0.00	    0.00	    0.00	    0.01	  200.39	  300.52	  306.08	 1305.26	    0.00	    0.00	    0.00	    0.00	  982.96	  500.81	  475.67	  100.21	  313.18	  701.66	    2.45	 4501.53	    0.00	    0.00
22	13	    0.08	    0.03	    0.03	    0.02	    0.00	    0.00	    0.46	    0.89	    0.00	    0.00	    0.00	    0.34	  633.67	    0.00	    0.00	    0.94	    0.00	    0.31	    0.01	    1.59	  798.36	 1157.83	 4592.02	 1171.99
22	21	  136.17	    0.01	   34.04	    0.34	    0.04	    0.00	    0.00	    0.00	    0.00	    0.00	  395.59	  238.37	  705.46	  767.41	    0.00	    0.00	    0.00	    0.00	    0.00	    0.00	    0.00	    0.00	 6604.58	  771.28
22	23	    0.01	    0.00	    0.00	    0.03	    0.00	    0.01	    0.31	    0.20	    0.33	  316.90	  997.44	    0.00	    0.00	 1366.02	  411.66	    0.82	   91.81	    0.09	  146.55	    1.37	    0.06	 1243.79	 3303.40	    0.00
23	12	    0.00	    0.00	    0.00	    0.00	    0.00	    0.00	  341.83	    0.00	    0.00	    0.00	    0.00	    0.00	    0.00	  566.87	  691.65	  599.99	    0.12	  100.18	  296.89	 1099.91	 1202.55	 2500.24	 1902.26	 1800.23
23	20	  363.82	    0.06	   65.96	  200.17	    2.18	    0.03	    0.00	    0.00	    0.00	    0.00	  398.24	 1162.23	 3716.46	  399.15	    0.00	    0.00	    0.00	    0.00	    0.00	    0.00	    0.00	    0.00	  701.15	 3256.49
23	22	  436.14	    0.04	  134.04	    1.56	    0.30	    0.35	    0.37	    0.57	    0.00	    0.00	    0.06	  938.50	 2139.12	    0.00	    0.00	    0.95	    0.00	    0.19	    0.00	    1.30	 1495.97	    0.09	    0.00	 2643.28
