i	j	       0	       1	       2	       3	       4	       5	       6	       7	       8	       9	      10	      11	      12	      13	      14	      15	      16	      17	      18	      19	      20	      21	      22	      23
0	1	 2600.75	    0.00	  266.99	  199.98	   16.24	    0.00	    0.01	    0.02	   32.48	   97.45	  199.98	  475.16	  460.53	  100.00	   16.34	    0.02	    0.02	    0.00	    0.04	    0.00	    0.01	    0.07	    0.24	   29.44
0	2	 6199.25	 1165.85	    0.00	    0.00	    0.00	  233.42	  141.39	  244.00	    0.00	    0.00	    0.00	    0.00	    0.00	    0.00	    0.00	   99.24	    0.00	   34.72	    0.00	    0.00	    0.00	    0.00	    0.00	    0.00
1	0	    0.00	 1265.85	    0.00	    0.00	    0.00	  533.42	  641.37	 1043.97	    0.00	    0.00	    0.00	    0.00	    0.00	    0.00	    0.00	  599.22	    0.43	  134.71	    0.03	  299.99	    0.00	    0.10	    0.00	    0.00
1	5	 2500.75	 2734.15	  166.99	    0.00	    0.00	    0.00	    0.00	    0.00	    0.00	    0.00	    0.00	  375.16	  160.53	    0.00	    0.00	    0.00	    0.00	    0.00	    0.00	    0.00	    0.01	    0.01	    0.24	   29.44
2	0	    0.00	    0.00	  366.99	  699.98	  216.24	    0.00	    0.03	    0.05	  532.48	 1397.45	  699.98	  675.16	  960.53	  400.00	  516.34	    0.04	  399.59	    0.00	  300.02	    0.02	  100.01	  399.97	  300.24	  129.44
2	3	 4498.96	  665.67	 1932.87	    0.00	    0.00	    0.00	    0.00	    0.00	    0.00	    0.00	    0.00	 3759.65	 2485.92	    0.08	    0.00	    0.00	    0.00	    0.00	    0.00	    0.00	  202.51	    0.15	    2.65	  469.60
2	11	 1600.29	  400.18	  500.14	 1601.73	  402.29	  500.35	  788.11	 1200.00	 1399.71	  645.14	    0.42	    0.00	    0.00	    0.07	   50.90	  543.89	  181.96	  199.45	   21.81	    0.22	    0.00	    0.00	    0.00	    0.00
3	2	    0.00	    0.00	    0.00	 2501.72	  718.53	  566.93	  746.75	 1156.04	 2032.19	 2342.50	 1000.26	    0.00	    0.00	  499.93	  667.16	  644.68	  681.52	  164.74	  321.82	    0.24	    0.01	    0.06	    0.04	    0.00
3	4	 3196.91	  165.69	 1332.55	 6696.87	    0.00	    0.00	    0.00	    0.00	    0.00	    0.07	  905.19	 3159.35	 1885.72	  200.02	    0.03	    0.00	    0.03	    0.00	    0.01	    0.00	    2.55	    0.06	  199.76	  269.61
3	10	  802.05	  300.02	  400.32	 2401.41	  699.85	  599.72	    0.67	    5.45	    0.34	    0.16	    0.00	    0.29	    0.20	    0.06	    0.06	    0.18	    0.04	    0.03	    0.02	    0.02	    0.02	    0.04	    0.05	    0.02
4	3	    0.00	    0.04	    0.00	    0.00	 1918.38	 1566.65	 1147.41	 1861.50	 2732.53	 3541.62	    0.00	    0.00	    0.00	    0.00	 1165.05	 1444.87	 1181.33	  264.76	  520.94	  300.26	    0.03	  398.80	    0.00	    0.00
4	5	    0.00	    0.00	  529.64	 2136.50	 1263.68	    0.00	    0.02	    0.03	  567.63	 1302.49	  405.02	 1474.52	  564.75	  100.03	  283.00	    0.04	    0.04	    0.00	    0.11	    0.01	    0.01	    0.04	   99.76	   70.54
4	8	 2996.91	  899.83	  702.91	 4060.37	 2917.94	 1400.00	    0.02	    0.09	    0.00	    0.00	    0.17	 1484.84	 1120.97	    0.00	    0.00	    0.05	    0.00	    0.01	    0.00	    0.02	    0.00	    0.00	    0.00	  199.07
5	1	    0.00	    0.00	    0.00	    0.02	   83.76	  933.42	  841.36	 1443.96	  167.52	  502.55	    0.02	    0.00	    0.00	    0.01	   83.66	  999.21	  200.41	  134.71	   99.98	  399.98	    0.00	  100.03	    0.00	    0.00
5	4	    0.00	  834.18	    0.00	    0.00	    0.00	 3166.65	 1040.91	 1802.70	    0.00	    0.00	    0.00	    0.00	    0.00	    0.00	    0.00	 1452.91	    0.07	  201.97	    0.03	  305.27	    0.04	    0.04	    0.00	    0.00
5	7	 2200.75	 1499.97	  396.63	 1736.48	  979.93	 3499.93	    0.00	    0.00	    0.11	    0.06	    5.01	 1649.68	  525.28	    0.02	    0.00	    0.00	    0.00	    0.00	    0.00	    0.00	    0.00	    0.00	    0.00	    0.00
6	7	    0.00	    0.00	    0.00	    0.00	    0.00	    0.00	 4192.53	    0.00	    0.00	    0.00	    0.00	    0.00	    0.00	  399.70	  600.19	  376.21	  135.97	  999.40	  999.11	 2599.82	  500.02	  799.96	  299.98	  199.99
6	17	  432.14	  338.58	    8.58	  434.21	  121.41	  990.00	 7907.47	 4530.96	  824.20	    0.21	    0.12	  218.50	    0.00	    0.00	    0.00	    0.00	    0.00	    0.00	    0.00	    0.00	    0.00	    0.00	    0.00	    0.00
7	5	    0.00	    0.00	    0.00	    0.00	    0.00	    0.00	 2282.26	 4046.63	    0.00	    0.12	    0.00	    0.00	    0.00	    0.00	    0.66	 3352.08	  700.44	  436.68	  299.90	 1005.24	  100.03	  300.02	    0.00	    0.01
7	6	  932.14	  538.58	  108.58	  834.21	  321.41	 1390.00	    0.00	 5530.96	 1424.15	    2.19	    1.20	  918.50	   42.60	    0.00	    0.00	    0.00	    0.08	    0.00	    0.00	    0.00	    0.00	    0.00	    0.00	    0.00
7	8	    0.00	    0.00	    0.00	    0.00	    0.00	    0.00	  910.28	 3753.28	    0.00	    0.00	    0.00	    0.00	    0.00	    0.00	    0.00	 1261.32	    0.00	  262.84	    0.00	  694.86	    0.03	    0.00	    0.00	    0.00
7	15	  468.69	  561.43	  173.19	  682.57	  426.58	 1310.02	    0.00	 3369.14	  908.27	    0.81	    0.13	  483.41	    0.60	    0.00	    0.00	    0.00	    0.00	    0.00	    0.00	    0.00	    0.00	    0.00	    0.00	    0.00
8	4	    0.00	    0.00	    0.00	    0.00	    0.00	    0.00	  306.54	  558.91	 4100.16	 5844.03	    0.00	    0.00	    0.00	    0.00	 1648.02	  492.05	 1381.27	   62.81	  621.02	   95.03	   97.45	  598.74	    0.00	    0.00
8	7	    0.08	    0.04	   85.14	  480.30	  268.07	    0.09	    0.00	    0.00	 3132.31	 1602.81	  796.33	  352.24	  117.92	    0.00	    0.00	    0.00	    0.20	    0.00	    0.00	    0.00	    0.00	    0.00	    0.00	    0.00
8	9	 2496.84	  699.79	  517.78	 2880.07	 1849.87	  999.91	    3.81	 2394.45	 8967.53	    0.00	    0.00	  532.71	  403.17	    0.00	    0.00	    0.24	    0.00	    0.06	    0.00	    0.00	    0.00	    0.00	    0.00	    0.00
9	8	    0.00	    0.00	    0.00	    0.00	    0.00	    0.00	    0.05	    0.00	    0.00	10246.84	 2196.16	    0.12	    0.12	  600.00	 2648.02	  630.92	 2281.47	    0.02	 1021.02	    0.14	  397.42	 1298.74	  500.00	    0.93
9	10	    0.00	    0.00	    0.00	    0.00	    0.00	    0.00	  499.28	  794.55	 1718.10	 8423.97	    0.00	    0.00	    0.00	    0.00	 1286.66	 1555.70	 1918.25	  199.97	  425.34	  421.74	    0.92	  484.35	    0.00	    0.00
9	14	  799.64	   99.86	   99.95	 1099.09	  597.96	  199.85	    0.00	    0.00	 3081.88	14577.61	 1912.32	  651.84	    8.42	    0.00	    0.00	    0.00	    0.76	    0.00	    0.00	    0.00	    0.00	    0.00	    0.00	    0.00
9	15	    0.00	    0.00	   18.25	   83.29	   52.06	    0.00	    0.00	    0.00	  467.77	 8050.89	 2176.74	  197.55	    0.12	    0.00	    0.00	    0.00	    0.00	    0.00	    0.00	    0.00	    0.00	    0.00	    0.00	    0.00
9	16	  399.18	    0.08	   99.98	  499.88	  199.95	    0.21	    0.08	    0.11	  899.78	 3900.69	 1000.06	  599.85	  499.74	    0.06	    0.12	    0.11	    0.00	    0.05	    0.07	    0.14	    0.05	    0.14	    0.05	    0.02
10	3	    0.00	    0.00	    0.00	    0.00	    0.00	    0.00	    0.00	    0.00	    0.00	    1.12	 3405.45	    0.00	    0.00	 1199.93	    2.19	    0.00	    0.26	    0.00	    0.90	    0.00	    0.04	    1.22	  697.20	    0.03
10	9	    1.98	    0.11	    0.40	    2.19	    0.11	    0.08	    0.00	    0.00	    0.00	    0.00	11185.28	 2916.64	 2005.23	 1111.86	    0.00	    0.00	    0.00	    0.00	    0.00	    0.00	    0.00	    0.00	  331.63	   53.38
10	11	    0.00	    0.00	    0.00	    0.00	    0.00	    0.00	    0.00	    0.00	    0.15	 3254.95	 2400.25	    0.00	    0.00	  705.14	  652.72	  155.89	  918.02	    0.02	  279.71	    0.00	    0.00	    0.00	    0.00	    0.00
10	13	  300.31	  100.01	  100.04	  999.30	  199.77	  199.70	    0.00	    0.00	  318.29	 1168.06	 5309.02	 1047.55	   34.27	    0.00	    0.00	    0.00	    0.00	    0.00	    0.00	    0.00	    0.00	    0.00	    0.00	    0.00
11	2	    0.00	    0.00	    0.00	    0.00	    0.00	    0.00	    0.00	    0.00	    0.00	    0.09	    0.15	 4634.80	 3546.44	    0.22	    0.08	    0.00	    0.03	    0.00	    0.01	    0.00	  302.50	  500.06	  402.85	  599.05
11	10	    0.24	    0.09	    0.12	    0.08	    0.02	    0.07	    0.00	    0.00	    0.00	    0.00	    0.00	 5363.90	 3039.29	    0.00	    0.00	    0.00	    0.00	    0.00	    0.00	    0.00	    0.18	    0.00	    0.00	    0.78
11	12	 1400.04	  300.09	  300.02	 1001.66	  202.26	  300.28	   88.11	  600.00	  799.86	 1900.00	 1000.53	 3901.30	    0.00	    5.58	    3.56	    0.41	  499.96	    0.06	    1.53	    0.00	    0.00	    0.00	    0.00	    0.00
12	11	    0.00	    0.00	    0.00	    0.00	    0.00	    0.00	    0.00	    0.00	    0.00	    0.00	    0.00	    0.00	 7885.74	    0.59	    0.03	    0.63	    0.00	    0.59	    0.01	  499.78	  602.68	 1200.06	 1102.85	 1099.83
12	23	  900.04	    0.09	  200.02	  401.66	    2.26	  100.28	    0.00	    0.00	  199.86	    0.00	    0.53	 2601.30	 6714.26	    0.00	    0.00	    0.00	    0.00	    0.00	    0.00	    0.00	    0.00	    0.00	    0.00	    0.00
13	10	    0.00	    0.00	    0.00	    0.00	    0.00	    0.00	    0.05	    0.00	    0.00	    0.00	    0.00	    0.00	    0.00	 4616.87	  768.19	    0.00	    0.00	    0.02	  255.26	  178.23	  398.92	  616.83	 2328.78	  652.61
13	14	    0.40	    0.04	    0.07	    0.46	    0.06	    0.02	    0.00	    0.00	    0.00	    0.00	 1033.55	  348.07	   95.53	 6249.60	    0.00	    0.00	    0.00	    0.00	    0.00	    0.00	    0.00	    0.00	 1184.75	  122.62
13	22	    0.00	    0.00	    0.00	  498.85	   99.71	   99.69	    0.00	    0.00	  191.18	  793.94	 2675.54	    0.00	    0.00	 3233.53	  437.81	    0.00	  226.66	    0.00	  138.34	    0.00	    0.00	    0.00	    0.00	    0.00
14	9	    0.00	    0.00	    0.00	    0.00	    0.00	    0.00	    0.00	    0.00	    0.00	    0.00	    0.00	    0.00	    0.00	 1588.20	 7934.81	    0.29	    0.87	    0.05	 3246.11	 1732.04	 1598.39	 4383.23	 1968.42	  747.58
14	13	    0.00	    0.00	    0.00	    0.00	    0.01	    0.01	  199.69	  399.39	  472.89	 1725.88	    0.06	    0.00	    0.00	    0.00	 2505.87	  699.62	  926.59	   99.85	  693.55	  677.19	    1.08	  676.26	    0.00	    0.00
14	18	  299.99	    0.07	    0.01	  200.07	  100.01	    0.13	    0.02	    0.03	  400.11	 3245.63	  821.45	  300.11	  282.11	 2896.51	 5900.44	    0.05	    0.40	    0.01	    0.00	    0.05	  570.58	 2899.92	  900.04	  263.37
14	21	    0.04	    0.00	    0.01	  399.49	  298.01	    0.07	    0.00	    0.00	 1308.88	 5606.10	  724.36	    0.07	    0.00	  465.02	 5058.89	    0.22	 2372.99	    0.00	 2159.89	    0.00	    0.00	    0.00	    0.00	    0.00
15	7	    0.00	    0.00	    0.00	    0.00	    0.00	    0.00	    0.00	    0.00	    0.00	    0.26	    0.00	    0.00	    0.00	    0.28	    0.48	 6437.19	 1964.36	    0.12	    0.79	    0.28	    0.04	    0.07	    0.03	    0.02
15	9	    0.00	    0.05	    0.00	    0.00	    0.00	    0.07	 2395.43	    0.21	    0.00	    0.00	    0.00	    0.00	    0.00	    0.00	    0.00	 6585.19	    0.55	  899.78	    0.19	 1189.85	    0.00	    0.00	    0.00	    0.00
15	16	    0.84	  199.94	    0.01	    0.09	    0.06	  499.85	 1000.19	 1400.22	    0.21	    0.49	    0.09	    0.08	    0.00	    0.00	    0.00	 5963.59	    0.00	  600.14	    0.00	 1560.53	  339.21	    0.00	    0.00	  123.01
15	17	    0.08	    0.03	    0.00	    0.08	    0.02	    0.14	    0.00	    0.66	    0.56	 3652.55	  777.35	    0.07	    0.01	    0.03	    0.10	 7114.03	 3748.84	    0.00	    0.10	    0.00	    0.00	    0.00	    0.00	    0.00
16	9	    0.00	    0.00	    0.00	    0.00	    0.00	    0.00	    0.17	    0.00	    0.00	    0.00	    0.00	    0.00	    0.00	    0.00	    0.00	    1.01	 8099.05	    0.14	    0.12	    0.13	    0.00	    0.00	    0.00	    0.00
16	15	    0.00	    0.00	    0.00	    0.00	    0.00	    0.00	    0.00	    0.00	    0.00	    1.24	    0.45	    0.00	    0.00	  691.63	 1186.85	    0.00	 8513.64	    0.00	 1286.28	    0.00	    0.05	    0.10	    0.10	    0.03
16	18	    0.03	    0.03	    0.00	    0.02	    0.01	    0.06	    0.10	    0.33	    0.03	    0.16	    0.00	    0.00	    0.00	    0.00	    0.00	 3162.69	 6787.32	    0.05	    0.00	    0.00	    0.00	    0.00	    0.00	    0.00
17	6	    0.00	    0.00	    0.00	    0.00	    0.00	    0.00	    0.00	    0.00	    0.05	 1898.02	  498.92	    0.00	  357.40	  599.70	 1100.19	 1776.21	 1135.89	 1199.40	 1399.11	 3099.82	  700.02	 1299.96	  499.98	  299.99
17	15	   32.23	   38.59	    8.58	   34.30	   21.44	   90.04	 4795.61	  231.95	   24.72	    0.36	    0.11	   19.20	  599.30	    8.67	   13.73	    0.00	    0.11	 2000.04	   14.80	 4350.66	  939.20	 1199.97	  499.93	  423.01
17	19	  299.99	  300.01	    0.00	  299.99	  100.00	  800.10	 2911.85	 3999.67	  599.99	 1054.69	  178.51	    0.01	    0.00	    0.00	    0.00	 4837.82	 2012.98	 1600.55	    0.00	    0.00	    0.00	    0.00	    0.00	    0.00
18	14	    0.00	    0.16	    0.00	    0.00	    0.00	    0.33	  699.63	  999.33	    0.00	    0.00	    0.00	    0.00	    0.00	    0.00	    0.00	 1900.02	 4800.10	  299.87	 6899.55	 3508.79	    0.15	    0.38	    0.16	    0.07
18	16	    0.00	    0.00	    0.01	    0.05	    0.00	    0.00	    0.00	    0.00	    0.05	    0.21	    0.31	    0.06	    0.26	 1391.58	 2686.73	    0.00	    0.00	    0.00	 2986.33	  139.47	  260.79	 1699.97	  600.05	  176.99
18	19	    0.02	    0.00	    0.00	    0.04	    0.02	    0.02	    0.00	    0.00	    0.09	 1445.58	  421.14	    0.04	    0.00	 1204.94	 2413.71	    0.00	  287.62	    0.00	 2914.11	    0.00	    0.00	    0.00	    0.00	    0.00
19	17	    0.00	    0.00	    0.00	    0.00	    0.00	    0.00	    0.00	    0.00	    0.00	    0.30	    0.07	    0.64	 1056.69	  708.34	 1313.81	    0.00	    0.14	    0.00	 1713.81	 7850.48	 1739.21	 2799.92	 1099.91	  723.00
19	18	    0.00	  100.07	    0.00	    0.00	    0.00	  200.17	 1099.52	 1698.97	    0.00	    0.00	    0.00	    0.00	   18.16	    0.01	    0.00	   37.27	    0.00	  599.81	    0.00	 4848.21	   90.36	    0.42	    0.17	   13.69
19	20	    0.00	    0.00	    0.00	    0.01	    0.00	  100.01	  612.02	  600.32	    0.04	    0.05	    0.02	    0.00	    0.00	    0.00	    0.03	 1500.53	  600.30	  200.65	    0.47	 2700.27	    0.00	    0.00	    0.00	    0.00
19	21	    0.00	   99.94	    0.00	    0.02	    0.01	  199.94	  700.32	  800.38	    0.06	    0.21	    0.04	    0.00	    0.00	    0.00	    0.16	 1700.02	    0.23	  400.10	    0.08	 3101.04	    0.17	    0.00	    0.00	    0.00
20	19	    0.00	    0.00	    0.00	    0.00	    0.00	    0.00	    0.00	    0.00	    0.00	    0.10	    0.02	  400.43	 1674.21	    0.08	    0.16	    0.00	    0.07	    0.00	    0.17	    0.00	 3029.66	    0.23	    2.09	 1136.21
20	21	  262.03	    0.05	   65.51	    0.16	    0.00	    0.01	    0.06	    0.07	    0.00	    0.00	    0.00	  458.55	 1455.53	    0.00	    0.00	    0.15	    0.00	    0.03	    0.00	    0.39	 4772.99	    0.00	    0.00	 1601.61
20	23	    0.00	    0.00	    0.00	    0.00	    0.00	    0.02	  411.96	  200.24	    0.09	  494.89	    0.00	    0.00	    0.00	    0.00	  690.55	  900.46	  188.51	  100.61	  251.08	 1499.88	 3197.35	 2370.13	    0.00	    0.00
21	14	    0.00	    0.00	    0.00	    0.00	    0.00	    0.00	    0.08	    0.09	    0.00	    0.00	    0.00	    0.27	  878.15	    0.12	    0.00	    0.17	    0.00	    0.04	    0.00	    0.49	 2969.90	10559.02	 2683.55	 1288.26
21	19	    0.00	    0.00	    0.00	    0.00	    0.00	    0.00	    0.00	    0.00	    0.02	    0.19	    0.46	    0.15	    0.63	    3.33	    0.13	    0.00	    0.00	    0.00	    0.07	    0.00	    0.09	 5200.11	 1797.99	    0.48
21	20	    0.00	    0.00	    0.00	    0.02	   98.02	    0.00	    0.00	    0.00	  300.04	 1694.94	    1.73	    0.01	    0.02	    0.63	 1490.68	    0.08	  188.27	    0.00	  650.78	    0.00	    0.00	 4170.36	    0.63	    0.02
21	22	    0.00	    0.00	    0.00	    0.00	    0.00	    0.02	  200.29	  300.37	  308.88	 1311.17	    0.07	    0.00	    0.00	    0.00	  968.24	  500.15	  484.95	  100.10	  309.11	  700.95	    3.17	 4470.50	    0.00	    0.00
22	13	    0.09	    0.03	    0.03	    0.02	    0.00	    0.00	    0.36	    0.61	    0.00	    0.00	    0.00	    0.52	  661.26	    0.00	    0.14	    0.38	    0.07	    0.17	    0.04	    1.05	  797.84	 1140.57	 4613.53	 1175.22
22	21	  137.93	    0.01	   34.48	    0.36	    0.00	    0.00	    0.00	    0.00	    0.00	    0.00	  377.85	  241.81	  723.29	  739.06	    0.00	    0.00	    0.00	    0.00	    0.00	    0.00	    0.00	    0.00	 6582.17	  787.15
22	23	    0.00	    0.00	    0.00	    0.00	    0.00	    0.00	    0.15	    0.09	    0.06	  305.11	  997.81	    0.00	    0.00	 1394.46	  405.92	    0.32	  111.54	    0.03	  147.40	    0.66	    0.20	 1230.02	 3304.31	    0.00
23	12	    0.00	    0.00	    0.00	    0.00	    0.00	    0.00	  311.89	    0.00	    0.00	    0.00	    0.00	    0.00	    0.00	  595.01	  696.46	  600.22	    0.04	  100.53	  298.48	 1099.78	 1202.68	 2500.06	 1902.85	 1799.83
23	20	  362.02	    0.04	   65.51	  200.13	    1.98	    0.01	    0.00	    0.00	    0.01	    0.00	  398.28	 1158.97	 3729.71	  399.45	    0.00	    0.00	    0.00	    0.00	    0.00	    0.00	    0.00	    0.00	  701.46	 3237.80
23	22	  438.02	    0.04	  134.51	    1.53	    0.29	    0.29	    0.22	    0.33	    0.00	    0.00	    0.05	  942.33	 2184.55	    0.00	    0.00	    0.56	    0.00	    0.11	    0.00	    0.76	 1494.88	    0.09	    0.00	 2662.37
