i	j	o20d16l66
0	1	 4495.79
0	2	 8122.85
1	0	 4523.85
1	5	 5967.19
2	0	 8094.80
2	3	14020.78
2	11	10037.70
3	2	14039.96
3	4	18018.58
3	10	 5210.95
4	3	18041.05
4	5	 8797.26
4	8	15786.18
5	1	 5995.25
5	4	 8801.00
5	7	12493.36
6	7	12105.07
6	17	15796.33
7	5	12525.15
7	6	12041.74
7	8	 6882.44
7	15	 8386.49
8	4	15804.91
8	7	 6834.97
8	9	21749.67
9	8	21820.93
9	10	17725.44
9	14	23130.01
9	15	11046.34
9	16	 8100.62
10	3	 5307.65
10	9	17603.07
10	11	 8365.65
10	13	 9777.82
11	2	 9990.46
11	10	 8404.35
11	12	12304.42
12	11	12395.89
12	23	11119.42
13	10	 9813.45
13	14	 9037.72
13	22	 8400.46
14	9	23196.12
14	13	 9080.87
14	18	19081.80
14	21	18401.50
15	7	 8402.43
15	9	11074.20
15	16	11686.58
15	17	15287.71
16	9	 8100.28
16	15	11676.45
16	18	 9953.05
17	6	15859.65
17	15	15341.65
17	19	18988.54
18	14	19115.77
18	16	 9942.58
18	19	 8685.39
19	17	19005.80
19	18	 8708.89
19	20	 6304.94
19	21	 7002.04
20	19	 6244.76
20	21	 8616.42
20	23	10305.78
21	14	18376.78
21	19	 7002.97
21	20	 8605.09
21	22	 9658.48
22	13	 8392.95
22	21	 9623.36
22	23	 7902.23
23	12	11110.89
23	20	10256.93
23	22	 7859.60
