i	j	       0	       1	       2	       3	       4	       5	       6	       7	       8	       9	      10	      11	      12	      13	      14	      15	      16	      17	      18	      19	      20	      21	      22	      23
0	1	 2600.30	    0.00	  231.69	  199.96	    0.49	    0.00	    0.01	    0.02	    1.49	    3.02	  199.96	  390.24	  427.21	   99.99	    0.53	    0.02	    0.02	    0.00	    0.01	    0.00	    0.01	    0.06	    0.14	   23.25
0	2	 6199.70	 1007.84	    0.00	    0.00	    0.00	  217.71	  104.34	  182.52	    0.00	    0.00	    0.00	    0.00	    0.00	    0.00	    0.00	   61.90	    0.00	   25.92	    0.00	    0.03	    0.00	    0.00	    0.00	    0.00
1	0	    0.00	 1107.84	    0.00	    0.00	    0.00	  517.71	  604.32	  982.48	    0.00	    0.00	    0.00	    0.00	    0.00	    0.00	    0.00	  561.83	    0.72	  125.92	    0.03	  299.99	    0.00	    0.00	    0.00	    0.00
1	5	 2500.30	 2892.16	  131.69	    0.00	    0.00	    0.00	    0.00	    0.00	    0.51	    0.00	    0.00	  290.24	  127.21	    0.00	    0.00	    0.00	    0.00	    0.00	    0.00	    0.00	    0.01	    0.00	    0.14	   23.25
2	0	    0.00	    0.00	  331.69	  699.96	  200.49	    0.00	    0.03	    0.06	  501.49	 1303.02	  699.96	  590.24	  927.21	  399.99	  500.53	    0.09	  399.30	    0.00	  299.98	    0.04	  100.01	  400.06	  300.14	  123.25
2	3	 4499.43	  507.66	 1968.16	    0.00	    0.00	    0.08	    0.00	    0.00	    0.00	    0.00	    0.00	 3852.07	 2499.98	    0.10	    0.00	    0.00	    0.00	    0.00	    0.00	    0.00	  203.24	    0.09	    3.26	  476.41
2	11	 1600.27	  400.18	  500.15	 1601.89	  403.46	  500.41	  704.10	 1200.00	 1399.73	  712.02	    0.43	    0.00	    0.00	    0.12	   60.07	  515.72	  200.55	  199.04	   25.74	    0.11	    0.00	    0.00	    0.00	    0.00
3	2	    0.00	    0.00	    0.00	 2501.85	  703.95	  582.78	  699.79	 1217.54	 2001.22	 2315.05	 1000.34	    0.00	    0.00	  500.02	  660.54	  653.91	  699.85	  173.13	  325.72	    0.09	    0.00	    0.05	    0.04	    0.00
3	4	 3198.87	    7.79	 1368.19	 6698.27	    0.00	    0.00	    0.00	    0.00	    0.00	    0.00	  905.29	 3251.47	 1899.51	  200.05	    0.06	    0.00	    0.00	    0.00	    0.02	    0.00	    3.28	    0.03	  199.78	  276.41
3	10	  800.56	  299.92	  399.97	 2399.89	  699.67	  599.64	    0.36	    7.99	    0.32	    0.18	    0.00	    0.60	    0.47	    0.07	    0.06	    0.14	    0.05	    0.05	    0.02	    0.03	    0.02	    0.05	    0.06	    0.03
4	3	    0.00	    0.05	    0.00	    0.00	 1903.63	 1582.34	 1100.15	 1925.53	 2701.54	 3513.76	    0.00	    0.00	    0.00	    0.00	 1158.52	 1454.05	 1199.61	  273.18	  524.87	  300.12	    0.03	  398.14	    0.00	    0.00
4	5	    0.00	    0.00	  570.75	 2196.73	 1313.04	    0.00	    0.02	    0.04	  199.02	 1396.84	  405.10	 1567.53	  569.56	  100.05	  299.31	    0.04	    0.11	    0.00	    0.16	    0.01	    0.01	    0.03	   99.78	   76.74
4	8	 2998.87	  899.74	  697.44	 4001.54	 2883.33	 1399.70	    0.03	    0.13	    0.00	    0.00	    0.19	 1483.94	 1129.95	    0.00	    0.00	    0.07	    0.00	    0.01	    0.00	    0.03	    0.00	    0.00	    0.00	  199.67
5	1	    0.00	    0.00	    0.00	    0.04	   99.51	  917.71	  804.31	 1382.46	  199.02	  596.98	    0.04	    0.00	    0.00	    0.02	   99.47	  961.81	  200.70	  125.92	  100.02	  399.99	    0.00	   99.94	    0.00	    0.00
5	4	    0.00	  992.00	    0.00	    0.00	    0.00	 3182.04	  948.80	 1770.58	    0.00	    0.00	    0.00	    0.00	    0.00	    0.00	    0.00	 1417.71	    0.08	  199.08	    0.03	  292.66	    0.04	    0.00	    0.00	    0.00
5	7	 2200.30	 1500.16	  402.44	 1796.69	 1013.53	 3500.25	    0.00	    0.00	    0.00	    0.00	    5.06	 1657.77	  496.77	    0.04	    0.00	    0.00	    0.00	    0.00	    0.00	    0.00	    0.00	    0.00	    0.00	    0.00
6	7	    0.00	    0.00	    0.00	    0.00	    0.00	    0.00	 4106.20	    0.00	    0.00	    0.00	    0.00	    0.00	    0.00	  399.76	  599.77	  337.98	  122.53	  998.95	  999.35	 2599.43	  500.03	  799.88	  300.06	  200.00
6	17	  426.80	  332.23	    6.25	  423.20	  114.59	  975.20	 7993.80	 4492.54	  813.05	    0.25	    0.23	  214.47	    0.07	    0.00	    0.00	    0.00	    0.00	    0.00	    0.00	    0.00	    0.00	    0.00	    0.00	    0.00
7	5	    0.00	    0.00	    0.00	    0.00	    0.00	    0.00	 2153.09	 3953.00	  399.49	    0.14	    0.00	    0.00	    0.00	    0.00	    0.17	 3279.48	  700.67	  424.99	  299.89	  992.63	  100.02	  299.92	    0.08	    0.01
7	6	  926.80	  532.23	  106.25	  823.20	  314.59	 1375.20	    0.00	 5492.54	 1412.94	    2.23	    0.77	  914.47	    2.06	    0.00	    0.00	    0.00	    0.09	    0.00	    0.00	    0.00	    0.00	    0.00	    0.00	    0.00
7	8	    0.00	    0.08	    0.00	    0.00	    0.00	    0.12	  953.11	 3846.89	    0.00	    0.00	    0.00	    0.00	    0.00	    0.00	    0.00	 1234.03	    0.27	  274.04	    0.00	  706.96	    0.03	    0.00	    0.00	    0.00
7	15	  473.58	  567.90	  170.86	  678.25	  423.86	 1325.04	    0.00	 3407.57	  835.83	    0.00	    0.13	  460.27	    0.51	    0.00	    0.00	    0.00	    0.00	    0.00	    0.00	    0.00	    0.00	    0.00	    0.00	    0.00
8	4	    0.00	    0.00	    0.00	    0.00	    0.00	    0.00	  351.40	  655.12	 3700.56	 5910.60	    0.00	    0.00	    0.00	    0.00	 1657.77	  536.45	 1399.64	   74.12	  624.98	  107.51	   96.72	  598.13	    0.00	    0.00
8	7	    0.09	    0.05	   74.68	  404.76	  224.92	    0.10	    0.00	    0.00	 3448.27	 1602.08	  795.85	  316.97	  105.80	    0.00	    0.00	    0.00	    0.23	    0.00	    0.00	    0.00	    0.00	    0.00	    0.00	    0.00
8	9	 2498.79	  699.77	  522.76	 2896.78	 1858.41	  999.71	    1.80	 2391.90	 9051.17	    0.00	    0.00	  567.03	  424.21	    0.00	    0.00	    0.70	    0.00	    0.14	    0.00	    0.24	    0.00	    0.00	    0.00	    0.00
9	8	    0.00	    0.00	    0.00	    0.00	    0.00	    0.00	    0.06	    0.00	    0.00	10312.67	 2195.66	    0.06	    0.06	  600.00	 2657.77	  703.05	 2299.59	    0.22	 1024.98	    0.75	  396.69	 1298.13	  500.00	    0.33
9	10	    0.00	    0.00	    0.00	    0.00	    0.00	    0.00	  499.64	  792.01	 1719.49	 8365.03	    0.00	    0.00	    0.00	    0.00	 1290.30	 1584.07	 1899.02	  200.02	  426.57	  432.12	    2.16	  517.78	    0.00	    0.00
9	14	  799.30	   99.85	   99.91	 1098.36	  596.78	  199.74	    0.00	    0.00	 3080.53	14651.28	 1930.20	  655.98	   11.95	    0.00	    0.00	    0.00	    0.91	    0.00	    0.00	    0.00	    0.00	    0.00	    0.00	    0.00
9	15	    0.00	    0.00	   22.92	   98.76	   61.72	    0.00	    0.00	    0.00	  551.33	 7969.97	 2153.84	  223.72	    0.33	    0.00	    0.00	    0.00	    0.00	    0.00	    0.00	    0.00	    0.00	    0.00	    0.00	    0.00
9	16	  399.60	    0.02	   99.95	  499.77	  199.91	    0.05	    0.09	    0.13	  899.83	 3901.05	  999.89	  599.73	  499.77	    0.07	    0.14	    0.13	    0.00	    0.06	    0.08	    0.16	    0.06	    0.16	    0.06	    0.03
10	3	    0.00	    0.00	    0.00	    0.00	    0.00	    0.00	    0.00	    0.00	    0.00	    1.47	 3405.62	    0.00	    0.00	 1200.04	    2.14	    0.00	    0.29	    0.00	    0.89	    0.00	    0.03	    1.91	  696.61	    0.03
10	9	    0.11	    0.04	    0.03	    0.11	    0.00	    0.00	    0.00	    0.00	    0.00	    0.00	11179.59	 2912.45	 1987.90	 1106.32	    0.00	    0.00	    0.00	    0.00	    0.00	    0.00	    0.00	    0.00	  362.09	   58.92
10	11	    0.00	    0.00	    0.00	    0.00	    0.00	    0.00	    0.00	    0.00	    0.12	 3187.98	 2400.36	    0.00	    0.00	  750.34	  657.33	  184.34	  899.27	    0.09	  281.48	    0.00	    0.00	    0.00	    0.00	    0.00
10	13	  300.77	  100.00	  100.11	  999.86	  199.70	  199.66	    0.00	    0.00	  319.69	 1175.76	 5314.43	 1043.32	   56.19	    0.00	    0.00	    0.00	    0.00	    0.00	    0.00	    0.00	    0.00	    0.00	    0.00	    0.00
11	2	    0.00	    0.00	    0.00	    0.00	    0.00	    0.00	    0.00	    0.00	    0.00	    0.00	    0.05	 4642.31	 3527.18	    0.19	    0.06	    0.00	    0.00	    0.00	    0.00	    0.03	  303.24	  500.10	  403.37	  599.65
11	10	    0.33	    0.12	    0.17	    0.09	    0.03	    0.02	    0.00	    0.00	    0.00	    0.00	    0.00	 5355.17	 3043.63	    0.00	    0.00	    0.00	    0.00	    0.00	    0.00	    0.00	    0.18	    0.00	    0.00	    0.60
11	12	 1399.94	  300.06	  299.99	 1001.79	  203.43	  300.38	    4.10	  600.00	  799.85	 1900.00	 1000.73	 3902.52	    0.00	   50.43	   17.34	    0.84	  499.82	    0.06	    7.22	    0.00	    0.00	    0.00	    0.00	    0.00
12	11	    0.00	    0.00	    0.00	    0.00	    0.00	    0.00	    0.00	    0.00	    0.00	    0.00	    0.00	    0.00	 7870.81	    0.16	    0.00	    0.79	    0.00	    0.93	    0.00	  499.92	  603.43	 1200.10	 1103.37	 1100.26
12	23	  899.94	    0.06	  199.99	  401.79	    3.43	  100.38	    0.00	    0.00	  199.85	    0.00	    0.73	 2602.52	 6729.19	    0.00	    0.00	    0.00	    0.00	    0.00	    0.00	    0.00	    0.00	    0.00	    0.00	    0.00
13	10	    0.00	    0.00	    0.00	    0.00	    0.00	    0.00	    0.00	    0.00	    0.00	    0.00	    0.00	    0.00	    0.00	 4656.62	  769.11	    0.13	    0.50	    0.02	  255.78	  167.85	  397.67	  584.08	 2358.64	  658.32
13	14	    0.72	    0.01	    0.09	    0.95	    0.04	    0.01	    0.00	    0.00	    0.00	    0.00	 1041.23	  344.08	  107.93	 6254.47	    0.00	    0.00	    0.00	    0.00	    0.00	    0.00	    0.00	    0.00	 1152.15	  136.40
13	22	    0.07	    0.00	    0.02	  498.94	   99.67	   99.65	    0.00	    0.00	  195.25	  817.40	 2673.27	    0.00	    0.00	 3188.91	  456.17	    0.00	  227.63	    0.00	  141.79	    0.00	    0.00	    0.00	    0.00	    0.00
14	9	    0.00	    0.00	    0.00	    0.00	    0.00	    0.00	    0.00	    0.00	    0.00	    0.00	    0.00	    0.00	    0.00	 1593.75	 7948.20	    0.33	    0.77	    0.06	 3251.41	 1806.69	 1598.91	 4416.07	 1937.96	  741.44
14	13	    0.00	    0.00	    0.00	    0.00	    0.00	    0.00	  199.53	  399.10	  475.56	 1741.64	    0.07	    0.00	    0.00	    0.00	 2525.28	  699.36	  928.13	   99.76	  697.55	  666.54	    1.15	  646.57	    0.00	    0.00
14	18	  300.02	    0.05	    0.01	  200.07	  100.02	    0.06	    0.02	    0.03	  400.14	 3327.04	  845.26	  300.05	  286.49	 2897.16	 5898.44	    0.06	    0.46	    0.01	    0.00	    0.06	  594.11	 2899.90	  899.98	  273.62
14	21	    0.00	    0.00	    0.00	  399.24	  296.80	    0.07	    0.00	    0.00	 1304.83	 5582.60	  726.09	    0.00	    0.00	  463.56	 5028.08	    0.26	 2512.42	    0.00	 2098.38	    0.00	    0.00	    0.00	    0.00	    0.00
15	7	    0.00	    0.00	    0.00	    0.00	    0.00	    0.00	    0.00	    0.00	    0.00	    0.30	    0.00	    0.00	    0.00	    0.21	    0.40	 6375.53	 1978.28	    0.07	    0.55	    0.17	    0.02	    0.04	    0.02	    0.01
15	9	    0.00	    0.06	    0.00	    0.00	    0.00	    0.08	 2397.40	    0.24	    0.00	    0.00	    0.00	    0.00	    0.00	    0.00	    0.00	 6684.59	    0.64	  899.87	    0.22	 1125.94	    0.00	    0.00	    0.00	    0.00
15	16	    0.40	  200.00	    0.04	    0.20	    0.09	  500.03	 1000.69	 1400.24	    0.13	    0.57	    0.10	    0.22	    0.13	    0.00	    0.00	 5956.01	    0.00	  600.27	    0.00	 1579.23	  344.57	    0.00	    0.00	  118.12
15	17	    0.02	    0.01	    0.00	    0.02	    0.01	    0.03	    0.00	    0.19	    0.59	 3571.30	  754.26	    0.13	    0.01	    0.03	    0.14	 7083.87	 3727.90	    0.00	    0.39	    0.00	    0.00	    0.00	    0.00	    0.00
16	9	    0.00	    0.00	    0.00	    0.00	    0.00	    0.00	    0.59	    0.00	    0.00	    0.00	    0.00	    0.00	    0.00	    0.00	    0.00	    1.62	 8098.11	    0.22	    0.00	    0.17	    0.00	    0.00	    0.00	    0.00
16	15	    0.00	    0.00	    0.00	    0.00	    0.00	    0.00	    0.00	    0.00	    0.00	    1.78	    0.17	    0.00	    0.00	  694.53	 1191.35	    0.00	 8506.68	    0.00	 1291.31	    0.00	    0.06	    0.12	    0.05	    0.03
16	18	    0.03	    0.04	    0.00	    0.02	    0.02	    0.08	    0.20	    0.37	    0.04	    0.18	    0.00	    0.00	    0.00	    0.00	    0.00	 3154.52	 6795.20	    0.11	    0.00	    0.00	    0.00	    0.00	    0.00	    0.00
17	6	    0.00	    0.00	    0.00	    0.00	    0.00	    0.00	    0.00	    0.00	    0.11	 1898.01	  499.46	    0.00	  398.02	  599.76	 1099.77	 1737.98	 1122.44	 1198.95	 1399.35	 3099.43	  700.03	 1299.88	  500.06	  300.00
17	15	   26.84	   32.17	    6.25	   23.22	   14.51	   75.10	 4798.09	  193.10	   13.56	    0.42	    0.21	   16.35	  599.29	    5.71	    9.19	    0.00	    0.13	 2000.21	    9.85	 4305.33	  944.53	 1199.92	  499.97	  418.10
17	19	  299.99	  300.07	    0.00	  300.01	  100.09	  800.13	 2995.71	 3999.63	  599.97	  973.39	  154.93	    0.09	    0.06	    0.00	    0.00	 4845.89	 2005.49	 1600.84	    0.00	    0.00	    0.00	    0.00	    0.00	    0.00
18	14	    0.00	    0.19	    0.00	    0.00	    0.00	    0.38	  699.45	  999.00	    0.00	    0.00	    0.00	    0.00	    0.00	    0.00	    0.00	 1899.75	 4940.88	  299.79	 6847.34	 3572.68	    0.17	    0.44	    0.18	    0.08
18	16	    0.03	    0.02	    0.01	    0.04	    0.02	    0.00	    0.00	    0.00	    0.08	    0.34	    0.18	    0.05	    0.09	 1394.46	 2691.20	    0.00	    0.00	    0.00	 2991.23	  120.78	  255.43	 1699.96	  599.99	  181.88
18	19	    0.02	    0.00	    0.00	    0.04	    0.02	    0.03	    0.00	    0.00	    0.11	 1526.88	  445.08	    0.00	    0.00	 1202.71	 2407.23	    0.00	  154.79	    0.00	 2961.43	    0.00	    0.00	    0.00	    0.00	    0.00
19	17	    0.00	    0.00	    0.00	    0.00	    0.00	    0.00	    0.00	    0.00	    0.00	    0.27	    0.11	    1.84	 1097.29	  705.43	 1308.82	    0.00	    0.16	    0.00	 1708.81	 7804.76	 1744.56	 2799.80	 1100.03	  718.10
19	18	    0.00	  100.13	    0.00	    0.00	    0.00	  200.27	 1099.23	 1698.59	    0.00	    0.00	    0.00	    0.00	   13.60	    0.01	    0.00	   45.16	    0.00	  599.67	    0.00	 4893.40	   61.50	    0.49	    0.19	    8.34
19	20	    0.00	    0.00	    0.00	    0.03	    0.08	   99.98	  696.25	  600.49	    0.01	    0.06	    0.02	    0.01	    0.03	    0.02	    0.04	 1500.71	  459.91	  201.05	   52.74	 2701.29	    0.00	    0.08	    0.03	    0.02
19	21	    0.00	   99.94	    0.00	    0.02	    0.03	  199.91	  700.22	  800.55	    0.06	    0.24	    0.05	    0.00	    0.00	    0.00	    0.18	 1700.02	    0.29	  400.11	    0.09	 3100.55	    0.20	    0.00	    0.00	    0.00
20	19	    0.00	    0.00	    0.00	    0.00	    0.00	    0.00	    0.00	    0.00	    0.00	    0.12	    0.03	  401.74	 1710.70	    0.69	    0.19	    0.00	    0.08	    0.00	    0.20	    0.00	 3006.25	    0.68	    2.97	 1126.19
20	21	  259.22	    0.05	   64.81	    0.00	    0.00	    0.03	    0.11	    0.13	    0.00	    0.00	    0.00	  453.64	 1446.70	    0.00	    0.00	    0.29	    0.00	    0.07	    0.00	    0.67	 4794.40	    0.00	    0.00	 1596.08
20	23	    0.00	    0.00	    0.00	    0.00	    0.00	    0.02	  496.14	  200.35	    0.14	  486.46	    0.00	    0.00	    0.00	    0.00	  669.49	  900.51	  208.48	  100.99	  245.87	 1500.61	 3199.35	 2303.80	    0.00	    0.00
21	14	    0.00	    0.00	    0.00	    0.00	    0.00	    0.00	    0.10	    0.14	    0.00	    0.00	    0.00	    0.00	  866.62	    0.00	    0.00	    0.27	    0.00	    0.05	    0.00	    0.61	 2994.00	10562.11	 2685.62	 1278.58
21	19	    0.00	    0.00	    0.00	    0.00	    0.00	    0.00	    0.00	    0.00	    0.00	    0.17	    0.14	    0.03	    0.16	    2.07	    1.62	    0.00	    0.00	    0.00	    0.00	    0.00	    0.00	 5199.69	 1797.28	    0.27
21	20	    0.00	    0.00	    0.00	    0.00	   96.84	    0.00	    0.00	    0.00	  300.11	 1686.52	    2.15	    0.00	    0.00	    0.66	 1469.64	    0.09	  348.65	    0.00	  593.34	    0.00	    0.00	 4104.40	    1.15	    0.00
21	22	    0.00	    0.00	    0.00	    0.00	    0.00	    0.01	  200.23	  300.55	  304.78	 1296.14	    0.00	    0.00	    0.00	    0.00	  957.01	  500.20	  464.06	  100.13	  305.13	  700.61	    0.60	 4533.80	    0.00	    0.00
22	13	    0.01	    0.00	    0.00	    0.02	    0.00	    0.00	    0.47	    0.90	    0.00	    0.00	    0.00	    0.76	  651.73	    0.00	    0.00	    0.78	    0.00	    0.25	    0.01	    1.31	  796.52	 1137.50	 4610.79	 1194.72
22	21	  140.78	    0.01	   35.19	    0.74	    0.01	    0.00	    0.00	    0.00	    0.00	    0.00	  376.15	  246.39	  720.08	  739.17	    0.00	    0.00	    0.00	    0.00	    0.00	    0.00	    0.00	    0.00	 6584.05	  782.77
22	23	    0.00	    0.00	    0.00	    0.02	    0.00	    0.01	    0.02	    0.03	    0.03	  313.54	  997.18	    0.00	    0.00	 1349.74	  413.17	    0.08	   91.69	    0.00	  146.90	    0.19	    0.06	 1296.40	 3305.16	    0.00
23	12	    0.00	    0.00	    0.00	    0.00	    0.00	    0.00	  395.90	    0.00	    0.00	    0.00	    0.00	    0.00	    0.00	  549.73	  682.66	  599.94	    0.18	  100.86	  292.78	 1099.92	 1203.43	 2500.10	 1903.37	 1800.26
23	20	  359.22	    0.05	   64.81	  199.97	    3.09	    0.07	    0.00	    0.00	    0.02	    0.00	  397.86	 1155.37	 3757.37	  400.01	    0.00	    0.00	    0.00	    0.00	    0.00	    0.00	    0.00	    0.00	  701.79	 3222.25
23	22	  440.72	    0.01	  135.18	    1.84	    0.35	    0.35	    0.26	    0.39	    0.00	    0.00	    0.06	  947.15	 2171.82	    0.00	    0.00	    0.65	    0.00	    0.13	    0.00	    0.88	 1495.99	    0.10	    0.00	 2677.49
