i	j	       0	       1	       2	       3	       4	       5	       6	       7	       8	       9	      10	      11	      12	      13	      14	      15	      16	      17	      18	      19	      20	      21	      22	      23
0	1	 2600.36	    0.00	  269.11	  200.02	   15.36	    0.00	    0.01	    0.02	   30.72	   92.19	  200.02	  473.65	  462.28	  100.00	   15.42	    0.02	    0.04	    0.00	    0.01	    0.00	    0.01	    0.08	    0.16	   29.83
0	2	 6199.64	 1171.91	    0.00	    0.00	    0.00	  234.64	  138.11	  238.58	    0.00	    0.00	    0.00	    0.00	    0.00	    0.00	    0.00	  104.05	    0.00	   33.87	    0.00	    0.02	    0.00	    0.00	    0.00	    0.00
1	0	    0.00	 1271.91	    0.00	    0.00	    0.00	  534.64	  638.09	 1038.55	    0.00	    0.00	    0.00	    0.00	    0.00	    0.00	    0.00	  604.03	    0.50	  133.87	    0.03	  299.93	    0.00	    0.02	    0.00	    0.00
1	5	 2500.36	 2728.09	  169.11	    0.04	    0.00	    0.00	    0.00	    0.00	    0.00	    0.00	    0.04	  373.65	  162.28	    0.01	    0.00	    0.00	    0.00	    0.00	    0.00	    0.00	    0.01	    0.03	    0.16	   29.83
2	0	    0.00	    0.00	  369.11	  700.02	  215.36	    0.00	    0.03	    0.05	  530.72	 1392.19	  700.02	  673.65	  962.28	  400.00	  515.42	    0.04	  399.53	    0.00	  299.99	    0.10	  100.01	  400.06	  300.16	  129.83
2	3	 4499.64	  671.78	 1930.86	    0.00	    0.00	    0.00	    0.00	    0.00	    0.00	    0.00	    0.00	 3741.59	 2501.20	    0.09	    0.00	    0.00	    0.00	    0.00	    0.00	    0.00	  203.36	    0.03	    2.18	  469.95
2	11	 1600.00	  400.12	  500.03	 1601.55	  403.16	  500.29	  798.13	 1200.00	 1399.52	  652.28	    0.92	    0.00	    0.00	    0.16	   49.74	  538.98	  183.85	  199.48	   21.32	    0.18	    0.00	    0.00	    0.00	    0.00
3	2	    0.00	    0.00	    0.00	 2501.57	  718.52	  565.65	  760.05	 1161.47	 2030.24	 2344.47	 1000.37	    0.00	    0.00	  499.82	  665.10	  634.97	  683.39	  165.62	  321.30	    0.17	    0.02	    0.08	    0.05	    0.01
3	4	 3198.34	  171.69	 1330.72	 6697.61	    0.00	    0.00	    0.00	    0.00	    0.00	    0.12	  904.90	 3140.78	 1900.72	  200.09	    0.08	    0.00	    0.01	    0.00	    0.02	    0.00	    3.50	    0.10	  199.90	  269.98
3	10	  801.29	  300.14	  400.13	 2400.82	  699.86	  599.77	    0.32	    6.06	    0.40	    0.17	    0.00	    0.81	    0.48	    0.07	    0.06	    0.30	    0.04	    0.02	    0.02	    0.03	    0.02	    0.05	    0.05	    0.03
4	3	    0.00	    0.04	    0.00	    0.00	 1918.38	 1565.42	 1160.37	 1867.53	 2730.64	 3544.26	    0.00	    0.00	    0.00	    0.00	 1164.15	 1435.26	 1183.31	  265.63	  520.91	  300.20	    0.03	  398.89	    0.00	    0.00
4	5	    0.00	    0.00	  524.47	 2129.30	 1260.69	    0.00	    0.02	    0.03	  569.44	 1307.75	  404.38	 1454.15	  590.52	  100.02	  284.05	    0.04	    0.04	    0.00	    0.09	    0.01	    0.01	    0.00	   99.84	   70.15
4	8	 2998.34	  899.88	  706.26	 4068.31	 2920.93	 1400.06	    0.03	    0.10	    0.00	    0.00	    0.52	 1486.64	 1110.20	    0.08	    0.00	    0.06	    0.00	    0.01	    0.00	    0.03	    0.00	    0.00	    0.06	  199.83
5	1	    0.00	    0.00	    0.00	    0.02	   84.64	  934.64	  838.08	 1438.53	  169.28	  507.81	    0.02	    0.00	    0.00	    0.01	   84.58	 1004.01	  200.47	  133.87	  100.01	  399.92	    0.00	   99.97	    0.00	    0.00
5	4	    0.00	  828.24	    0.00	    0.00	    0.00	 3165.48	 1047.40	 1801.15	    0.00	    0.00	    0.00	    0.00	    0.00	    0.00	    0.00	 1458.31	    0.57	  202.09	    0.03	  304.64	    0.00	    0.00	    0.00	    0.00
5	7	 2200.36	 1499.86	  393.58	 1729.32	  976.05	 3499.87	    0.00	    0.00	    0.15	    0.07	    4.40	 1627.79	  552.79	    0.03	    0.00	    0.00	    0.00	    0.00	    0.00	    0.00	    0.00	    0.00	    0.00	    0.00
6	7	    0.00	    0.00	    0.00	    0.00	    0.00	    0.00	 4201.73	    0.00	    0.00	    0.00	    0.00	    0.00	    0.00	  399.74	  600.12	  376.47	  137.94	  999.39	  999.26	 2599.01	  499.88	  799.77	  299.93	  199.97
6	17	  428.84	  334.36	    7.85	  431.36	  119.63	  980.43	 7898.27	 4505.36	  824.03	    0.63	    0.13	  216.18	    0.11	    0.00	    0.01	    0.00	    0.03	    0.00	    0.00	    0.00	    0.00	    0.00	    0.00	    0.00
7	5	    0.00	    0.00	    0.00	    0.00	    0.00	    0.00	 2285.46	 4039.66	    0.00	    0.13	    0.00	    0.00	    0.00	    0.00	    0.54	 3362.29	  700.99	  435.95	  299.95	 1004.55	   99.99	  299.94	    0.00	    0.01
7	6	  928.84	  534.36	  107.85	  831.36	  319.63	 1380.43	    0.00	 5505.36	 1423.98	    1.51	    0.69	  916.11	   78.34	    0.00	    0.01	    0.00	    0.11	    0.00	    0.00	    0.00	    0.00	    0.00	    0.00	    0.00
7	8	    0.00	    0.00	    0.00	    0.00	    0.00	    0.00	  916.27	 3759.77	    0.00	    0.00	    0.00	    0.00	    0.00	    0.00	    0.00	 1249.74	    0.11	  263.80	    0.00	  695.55	    0.04	    0.00	    0.00	    0.00
7	15	  471.60	  565.54	  174.78	  687.85	  429.89	 1319.54	    0.00	 3395.22	  852.29	    0.00	    0.06	  480.54	    0.25	    0.00	    0.00	    0.00	    0.00	    0.00	    0.00	    0.00	    0.00	    0.00	    0.00	    0.00
8	4	    0.00	    0.00	    0.00	    0.00	    0.00	    0.00	  313.02	  566.51	 4100.07	 5851.90	    0.00	    0.00	    0.00	    0.00	 1648.12	  477.05	 1382.77	   63.56	  620.96	   95.60	   96.54	  598.79	    0.00	    0.00
8	7	    0.08	    0.04	   89.05	  489.88	  273.46	    0.09	    0.00	    0.00	 3076.12	 1601.29	  796.35	  368.85	  125.80	    0.00	    0.01	    0.00	    0.23	    0.00	    0.00	    0.00	    0.00	    0.00	    0.00	    0.00
8	9	 2498.26	  699.84	  517.20	 2878.43	 1847.47	  999.97	    3.52	 2393.36	 9023.81	    0.00	    0.00	  517.84	  384.45	    0.00	    0.00	    0.81	    0.00	    0.33	    0.00	    0.32	    0.00	    0.00	    0.00	    0.00
9	8	    0.00	    0.00	    0.00	    0.00	    0.00	    0.00	    0.24	    0.00	    0.00	10253.19	 2195.84	    0.05	    0.05	  599.93	 2648.13	  628.05	 2282.89	    0.08	 1020.96	    0.34	  396.50	 1298.79	  499.94	    0.17
9	10	    0.00	    0.00	    0.00	    0.00	    0.00	    0.00	  499.62	  793.96	 1718.61	 8423.80	    0.00	    0.00	    0.00	    0.00	 1280.74	 1561.38	 1915.99	  199.93	  424.06	  418.34	    1.52	  486.42	    0.00	    0.00
9	14	  798.72	   99.88	   99.84	 1097.67	  596.98	  200.00	    0.00	    0.00	 3081.50	14615.51	 1907.49	  655.78	    4.88	    0.00	    0.00	    0.00	    0.81	    0.00	    0.00	    0.00	    0.00	    0.00	    0.00	    0.00
9	15	    0.00	    0.00	   17.38	   80.85	   50.53	    0.00	    0.00	    0.00	  523.86	 8006.73	 2152.16	  201.81	    0.55	    0.00	    0.00	    0.00	    0.00	    0.00	    0.00	    0.00	    0.00	    0.00	    0.00	    0.00
9	16	  399.54	    0.02	   99.98	  499.91	  199.96	    0.04	    0.08	    0.12	  899.83	 3900.77	  999.79	  599.89	  499.91	    0.06	    0.13	    0.12	    0.00	    0.05	    0.07	    0.14	    0.05	    0.14	    0.05	    0.03
10	3	    0.00	    0.00	    0.00	    0.00	    0.00	    0.00	    0.00	    0.00	    0.00	    0.49	 3405.27	    0.00	    0.00	 1199.90	    1.09	    0.00	    0.13	    0.00	    0.42	    0.00	    0.15	    1.31	  697.83	    0.08
10	9	    0.00	    0.00	    0.00	    0.00	    0.00	    0.00	    0.00	    0.00	    0.00	    0.00	11155.28	 2939.69	 2020.94	 1096.78	    0.00	    0.00	    0.00	    0.00	    0.00	    0.00	    0.00	    0.00	  341.23	   49.02
10	11	    0.00	    0.00	    0.00	    0.00	    0.00	    0.00	    0.00	    0.00	    0.11	 3247.72	 2400.35	    0.00	    0.00	  706.84	  654.03	  161.68	  915.98	    0.02	  280.27	    0.00	    0.00	    0.00	    0.00	    0.00
10	13	  301.41	  100.18	  100.19	 1000.90	  199.88	  199.84	    0.00	    0.03	  318.90	 1175.76	 5339.10	 1044.40	    7.34	    0.00	    0.00	    0.00	    0.05	    0.00	    0.00	    0.00	    0.00	    0.00	    0.00	    0.00
11	2	    0.00	    0.00	    0.00	    0.00	    0.00	    0.00	    0.00	    0.00	    0.00	    0.00	    0.57	 4615.24	 3563.47	    0.43	    0.05	    0.00	    0.00	    0.00	    0.00	    0.08	  303.34	  500.01	  402.29	  599.77
11	10	    0.11	    0.04	    0.06	    0.08	    0.03	    0.07	    0.00	    0.00	    0.00	    0.00	    0.00	 5383.28	 3027.80	    0.00	    0.00	    0.00	    0.00	    0.00	    0.00	    0.00	    0.04	    0.00	    0.00	    0.37
11	12	 1399.89	  300.08	  299.98	 1001.47	  203.14	  300.22	   98.20	  600.00	  799.63	 1900.00	 1000.70	 3901.48	    0.00	    6.84	    3.89	    0.73	  499.83	    0.03	    1.67	    0.04	    0.00	    0.00	    0.00	    0.00
12	11	    0.00	    0.00	    0.00	    0.00	    0.00	    0.00	    0.07	    0.00	    0.00	    0.00	    0.00	    0.00	 7891.27	    0.27	    0.18	    0.07	    0.00	    0.53	    0.08	  499.94	  603.38	 1200.01	 1102.29	 1100.14
12	23	  899.89	    0.08	  199.98	  401.47	    3.14	  100.22	    0.00	    0.00	  199.63	    0.00	    0.70	 2601.48	 6708.73	    0.00	    0.00	    0.00	    0.00	    0.00	    0.00	    0.00	    0.00	    0.00	    0.00	    0.00
13	10	    0.00	    0.00	    0.00	    0.00	    0.00	    0.00	    0.06	    0.00	    0.00	    0.00	    0.00	    0.00	    0.00	 4603.45	  774.32	    0.00	    0.13	    0.08	  256.62	  181.63	  398.57	  614.84	 2339.00	  648.70
13	14	    1.30	    0.17	    0.17	    1.73	    0.06	    0.04	    0.00	    0.00	    0.00	    0.00	 1047.66	  344.22	   97.54	 6253.92	    0.00	    0.00	    0.00	    0.00	    0.00	    0.00	    0.00	    0.00	 1156.39	  129.11
13	22	    0.11	    0.01	    0.03	  499.19	   99.83	   99.81	    0.00	    0.00	  193.69	  807.03	 2691.51	    0.22	    0.00	 3242.64	  441.33	    0.00	  217.46	    0.00	  136.02	    0.00	    0.00	    0.00	    0.00	    0.00
14	9	    0.00	    0.00	    0.00	    0.00	    0.00	    0.00	    0.00	    0.00	    0.00	    0.00	    0.00	    0.00	    0.00	 1603.21	 7928.99	    0.30	    0.79	    0.05	 3244.90	 1729.57	 1598.07	 4385.35	 1958.76	  751.18
14	13	    0.00	    0.00	    0.00	    0.00	    0.00	    0.00	  199.57	  399.15	  474.78	 1731.27	    0.07	    0.00	    0.00	    0.00	 2515.65	  699.69	  917.54	   99.79	  692.63	  680.17	    0.38	  668.18	    0.00	    0.00
14	18	  300.03	    0.06	    0.01	  200.07	  100.03	    0.05	    0.02	    0.03	  400.15	 3291.32	  847.18	  300.06	  286.34	 2896.50	 5700.52	    0.06	    0.42	    0.01	    0.00	    0.05	  560.43	 2899.91	  899.98	  259.61
14	21	    0.00	    0.00	    0.00	  399.34	  297.00	    0.00	    0.00	    0.00	 1306.58	 5592.92	  707.91	    0.00	    0.00	  454.21	 5254.84	    0.23	 2439.87	    0.00	 2035.63	    0.00	    0.00	    0.00	    0.00	    0.00
15	7	    0.00	    0.00	    0.00	    0.00	    0.00	    0.00	    0.00	    0.00	    0.00	    0.27	    0.00	    0.00	    0.00	    0.23	    0.41	 6435.56	 1963.04	    0.36	    0.68	    1.09	    0.15	    0.17	    0.07	    0.05
15	9	    0.00	    0.05	    0.00	    0.00	    0.00	    0.07	 2396.18	    0.72	    0.00	    0.00	    0.00	    0.00	    0.00	    0.00	    0.00	 6586.82	    0.57	  899.42	    0.20	 1188.73	    0.00	    0.00	    0.00	    0.00
15	16	    0.45	  200.09	    0.01	    0.06	    0.03	  500.24	 1000.37	 1402.10	    0.12	    0.51	    0.09	    0.05	    0.00	    0.00	    0.00	 5957.39	    0.00	  600.32	    0.00	 1542.33	  353.47	    0.00	    0.00	  130.41
15	17	    0.02	    0.00	    0.00	    0.02	    0.00	    0.03	    0.00	    0.15	    0.16	 3607.81	  752.53	    0.13	    0.00	    0.03	    0.32	 7120.23	 3736.60	    0.00	    0.15	    0.00	    0.00	    0.00	    0.00	    0.00
16	9	    0.00	    0.00	    0.00	    0.00	    0.00	    0.00	    0.24	    0.00	    0.00	    0.00	    0.00	    0.00	    0.00	    0.00	    0.00	    1.63	 8098.33	    0.25	    0.00	    0.21	    0.00	    0.00	    0.00	    0.00
16	15	    0.00	    0.00	    0.00	    0.00	    0.00	    0.00	    0.00	    0.00	    0.00	    1.49	    0.28	    0.00	    0.00	  689.34	 1182.56	    0.00	 8500.10	    0.00	 1281.40	    0.00	    0.05	    0.11	    0.04	    0.03
16	18	    0.03	    0.13	    0.00	    0.02	    0.01	    0.28	    0.21	    2.21	    0.04	    0.16	    0.00	    0.00	    0.00	    0.00	    0.00	 3155.88	 6801.57	    0.12	    0.00	    0.00	    0.00	    0.00	    0.00	    0.00
17	6	    0.00	    0.00	    0.00	    0.00	    0.00	    0.00	    0.00	    0.00	    0.05	 1899.12	  499.44	    0.07	  321.77	  599.74	 1100.12	 1776.47	 1137.86	 1199.39	 1399.26	 3099.01	  699.88	 1299.77	  499.93	  299.97
17	15	   28.87	   34.61	    7.85	   31.39	   19.62	   80.80	 4796.55	  207.76	   24.12	    0.37	    0.12	   17.84	  599.20	   10.92	   18.17	    0.00	    0.12	 2000.10	   19.63	 4332.15	  953.57	 1200.06	  500.03	  430.43
17	19	  299.99	  299.75	    0.00	  299.99	  100.01	  799.65	 2901.72	 3997.76	  600.01	 1009.16	  153.14	    0.07	    0.08	    0.00	    0.00	 4843.76	 1998.80	 1600.51	    0.00	    0.00	    0.00	    0.00	    0.00	    0.00
18	14	    0.00	    0.01	    0.00	    0.00	    0.00	    0.02	  699.24	  998.68	    0.00	    0.00	    0.00	    0.00	    0.00	    0.00	    0.00	 1900.12	 4857.79	  299.70	 6773.15	 3508.66	    0.16	    0.39	    0.16	    0.07
18	16	    0.04	    0.02	    0.01	    0.05	    0.02	    0.00	    0.00	    0.00	    0.09	    0.37	    0.40	    0.06	    0.09	 1389.28	 2682.43	    0.00	    0.00	    0.00	 2981.33	  157.73	  246.53	 1699.96	  599.99	  169.59
18	19	    0.02	    0.00	    0.00	    0.04	    0.02	    0.03	    0.00	    0.00	    0.10	 1491.11	  446.78	    0.00	    0.00	 1207.23	 2218.09	    0.00	  244.19	    0.00	 3045.52	    0.00	    0.00	    0.00	    0.00	    0.00
19	17	    0.00	    0.00	    0.00	    0.00	    0.00	    0.00	    0.00	    0.00	    0.00	    0.21	    0.04	    1.67	 1020.93	  710.64	 1317.97	    0.00	    0.14	    0.00	 1718.74	 7831.16	 1753.45	 2799.83	 1099.96	  730.40
19	18	    0.00	   99.85	    0.00	    0.00	    0.00	  199.71	 1099.01	 1696.43	    0.00	    0.00	    0.00	    0.00	   13.75	    0.01	    0.00	   44.19	    0.00	  599.57	    0.00	 4866.34	   86.26	    0.44	    0.18	   10.05
19	20	    0.00	    0.00	    0.00	    0.01	    0.02	  100.01	  602.11	  600.48	    0.05	    0.05	    0.02	    0.01	    0.03	    0.02	    0.03	 1499.93	  542.81	  200.66	  126.88	 2700.92	    0.00	    0.08	    0.03	    0.02
19	21	    0.00	   99.91	    0.00	    0.02	    0.01	  199.96	  700.61	  800.85	    0.06	    0.22	    0.05	    0.00	    0.00	    0.00	    0.17	 1699.65	    0.11	  400.28	    0.08	 3101.59	    0.18	    0.00	    0.00	    0.00
20	19	    0.00	    0.00	    0.00	    0.00	    0.00	    0.00	    0.00	    0.00	    0.00	    0.11	    0.03	  401.58	 1634.53	    0.08	    0.17	    0.00	    0.07	    0.00	    0.18	    0.00	 3039.89	    0.24	    2.12	 1140.16
20	21	  263.09	    0.07	   65.77	    0.38	    0.00	    0.03	    0.06	    0.08	    0.00	    0.00	    0.00	  460.40	 1476.46	    0.00	    0.00	    0.16	    0.00	    0.03	    0.00	    0.41	 4761.91	    0.00	    0.00	 1613.27
20	23	    0.00	    0.00	    0.00	    0.00	    0.00	    0.02	  402.05	  200.40	    0.16	  484.13	    0.00	    0.00	    0.00	    0.00	  679.49	  899.85	  216.98	  100.63	  257.26	 1500.51	 3198.20	 2367.54	    0.00	    0.00
21	14	    0.00	    0.00	    0.00	    0.00	    0.00	    0.00	    0.36	    0.50	    0.00	    0.00	    0.00	    0.07	  883.92	    0.00	    0.00	    0.16	    0.00	    0.16	    0.00	    1.13	 2958.72	10553.06	 2702.19	 1281.60
21	19	    0.00	    0.00	    0.00	    0.00	    0.00	    0.00	    0.00	    0.00	    0.00	    0.11	    0.15	    0.03	    0.10	    3.35	  199.92	    0.00	    0.00	    0.00	    0.00	    0.00	    0.00	 5200.10	 1798.04	    0.31
21	20	    0.01	    0.00	    0.00	    0.03	   97.06	    0.00	    0.00	    0.00	  300.11	 1684.19	    1.59	    0.04	    0.00	    0.66	 1479.62	    0.08	  274.24	    0.00	  530.56	    0.00	    0.00	 4167.71	    0.98	    0.00
21	22	    0.00	    0.00	    0.00	    0.00	    0.00	    0.01	  200.31	  300.42	  306.52	 1308.84	    0.00	    0.00	    0.00	    0.00	  975.47	  499.80	  465.73	  100.16	  305.14	  700.86	    3.37	 4479.13	    0.00	    0.00
22	13	    0.01	    0.00	    0.00	    0.02	    0.00	    0.00	    0.49	    0.82	    0.00	    0.00	    0.00	    0.03	  690.21	    0.00	    0.00	    0.31	    0.00	    0.29	    0.01	    1.46	  798.19	 1146.66	 4595.39	 1177.81
22	21	  136.93	    0.03	   34.23	    0.29	    0.05	    0.03	    0.00	    0.00	    0.00	    0.00	  393.79	  239.73	  707.56	  749.80	    0.00	    0.00	    0.00	    0.00	    0.00	    0.00	    0.00	    0.00	 6601.21	  768.65
22	23	    0.01	    0.00	    0.00	    0.03	    0.00	    0.01	    0.14	    0.08	    0.21	  315.87	  997.77	    0.00	    0.00	 1392.84	  416.80	    0.30	   83.19	    0.03	  141.15	    0.51	    0.06	 1232.56	 3303.40	    0.00
23	12	    0.00	    0.00	    0.00	    0.00	    0.00	    0.00	  301.87	    0.00	    0.00	    0.00	    0.00	    0.00	    0.00	  593.43	  696.29	  599.34	    0.17	  100.50	  298.41	 1099.90	 1203.38	 2500.01	 1902.29	 1800.14
23	20	  363.07	    0.06	   65.77	  200.35	    2.92	    0.03	    0.00	    0.00	    0.00	    0.00	  398.42	 1161.93	 3710.96	  399.41	    0.00	    0.00	    0.00	    0.00	    0.00	    0.00	    0.00	    0.00	  701.11	 3253.41
23	22	  436.84	    0.02	  134.21	    1.15	    0.22	    0.22	    0.32	    0.48	    0.00	    0.00	    0.05	  939.55	 2197.77	    0.00	    0.00	    0.81	    0.00	    0.16	    0.00	    1.11	 1494.88	    0.09	    0.00	 2646.45
