i	j	o21d0l4
0	1	 4501.48
0	2	 7775.16
1	0	 4575.96
1	5	 5963.24
2	0	 7700.68
2	3	14108.40
2	11	 9891.54
3	2	14251.33
3	4	18104.77
3	10	 5209.64
4	3	18247.61
4	5	 8787.26
4	8	15776.97
5	1	 6037.72
5	4	 8811.94
5	7	12488.44
6	7	12191.60
6	17	15893.23
7	5	12587.61
7	6	12035.23
7	8	 6933.62
7	15	 8385.15
8	4	15895.13
8	7	 6832.03
8	9	21744.73
9	8	21861.29
9	10	17705.61
9	14	23147.96
9	15	11041.46
9	16	 8100.89
10	3	 5309.72
10	9	17570.96
10	11	 8418.77
10	13	 9774.80
11	2	 9674.13
11	10	 8420.42
11	12	12210.46
12	11	12094.72
12	23	11116.84
13	10	 9838.58
13	14	 9030.42
13	22	 8381.65
14	9	23232.85
14	13	 9053.64
14	18	19184.20
14	21	18471.57
15	7	 8429.54
15	9	11108.05
15	16	11706.85
15	17	15050.06
16	9	 8100.62
16	15	11661.55
16	18	 9970.13
17	6	16049.60
17	15	15206.33
17	19	19062.97
18	14	19325.97
18	16	 9924.57
18	19	 8651.72
19	17	19275.61
19	18	 8747.93
19	20	 6345.91
19	21	 7002.15
20	19	 6155.47
20	21	 8628.38
20	23	10260.38
21	14	18337.91
21	19	 7401.45
21	20	 8420.49
21	22	 9598.20
22	13	 8422.21
22	21	 9655.94
22	23	 7739.21
23	12	10901.09
23	20	10277.84
23	22	 7837.50
