i	j	       0	       1	       2	       3	       4	       5	       6	       7	       8	       9	      10	      11	      12	      13	      14	      15	      16	      17	      18	      19	      20	      21	      22	      23
0	1	 2600.46	    0.00	  267.42	  200.02	   16.13	    0.00	    0.01	    0.02	   32.26	   96.97	  200.02	  471.25	  460.54	  100.01	   16.09	    0.02	    0.04	    0.00	    0.01	    0.00	    0.01	    0.05	    0.24	   29.88
0	2	 6199.54	 1163.11	    0.00	    0.00	    0.00	  228.02	  139.61	  244.31	    0.00	    0.00	    0.00	    0.00	    0.00	    0.00	    0.00	  104.74	    0.00	   34.77	    0.00	    0.02	    0.00	    0.00	    0.00	    0.00
1	0	    0.00	 1263.11	    0.00	    0.00	    0.00	  528.02	  639.59	 1044.28	    0.00	    0.00	    0.00	    0.00	    0.00	    0.00	    0.00	  604.72	    0.31	  134.77	    0.03	  300.01	    0.00	    0.02	    0.00	    0.00
1	5	 2500.46	 2736.89	  167.42	    0.04	    0.00	    0.00	    0.00	    0.00	    0.00	    0.00	    0.04	  371.25	  160.54	    0.01	    0.00	    0.00	    0.00	    0.00	    0.00	    0.00	    0.01	    0.03	    0.24	   29.88
2	0	    0.00	    0.00	  367.42	  700.02	  216.13	    0.00	    0.03	    0.05	  532.26	 1396.97	  700.02	  671.25	  960.54	  400.01	  516.09	    0.04	  399.72	    0.00	  299.99	    0.02	  100.01	  400.03	  300.24	  129.88
2	3	 4499.17	  662.86	 1932.37	    0.00	    0.00	    0.04	    0.00	    0.00	    0.00	    0.00	    0.00	 3737.95	 2515.00	    0.09	    0.00	    0.00	    0.00	    0.00	    0.00	    0.00	  202.36	    0.44	    1.19	  469.94
2	11	 1600.37	  400.24	  500.22	 1601.90	  403.01	  500.43	  700.09	 1200.00	 1399.79	  685.27	    1.07	    0.00	    0.00	    0.16	   60.11	  558.86	  193.28	  199.68	   25.76	    0.28	    0.00	    0.00	    0.00	    0.00
3	2	    0.00	    0.00	    0.00	 2501.92	  719.15	  572.44	  660.51	 1155.74	 2032.05	 2382.23	 1000.59	    0.00	    0.00	  499.86	  676.14	  654.16	  693.00	  164.91	  325.75	    0.28	    0.00	    0.06	    0.05	    0.00
3	4	 3196.75	  162.89	 1332.09	 6695.76	    0.00	    0.00	    0.00	    0.00	    0.00	    0.10	  906.95	 3137.57	 1914.73	  200.01	    0.07	    0.00	    0.01	    0.00	    0.02	    0.00	    2.40	    0.04	  199.72	  269.95
3	10	  802.42	  300.02	  400.28	 2402.31	  699.91	  599.68	    0.66	    2.69	    0.40	    0.16	    0.00	    0.38	    0.27	    0.07	    0.06	    0.11	    0.04	    0.10	    0.02	    0.02	    0.02	    0.04	    0.05	    0.02
4	3	    0.00	    0.04	    0.00	    0.00	 1919.05	 1572.08	 1061.17	 1858.43	 2732.45	 3581.26	    0.00	    0.00	    0.00	    0.00	 1175.46	 1454.27	 1192.58	  265.01	  525.46	  300.30	    0.04	  399.12	    0.00	    0.00
4	5	    0.00	    0.00	  524.39	 2132.72	 1261.98	    0.00	    0.02	    0.03	  567.88	 1302.98	  406.78	 1455.59	  590.49	  100.02	  283.16	    0.04	    0.04	    0.00	    0.04	    0.01	    0.01	    0.00	   99.72	   70.11
4	8	 2996.75	  899.78	  707.70	 4063.05	 2918.97	 1399.84	    0.02	    0.10	    0.00	    0.00	    0.17	 1481.98	 1124.24	    0.00	    0.00	    0.06	    0.00	    0.01	    0.00	    0.02	    0.00	    0.00	    0.00	  199.84
5	1	    0.00	    0.00	    0.00	    0.02	   83.87	  928.02	  839.58	 1444.26	  167.74	  503.03	    0.02	    0.00	    0.00	    0.01	   83.91	 1004.70	  200.28	  134.77	  100.01	  400.00	    0.00	  100.00	    0.00	    0.00
5	4	    0.00	  836.94	    0.00	    0.00	    0.00	 3171.93	  974.20	 1821.46	    0.00	    0.00	    0.00	    0.00	    0.00	    0.00	    0.00	 1488.17	    0.07	  204.98	    0.03	  307.43	    0.08	    0.05	    0.00	    0.00
5	7	 2200.46	 1499.95	  391.81	 1732.74	  978.11	 3500.05	    0.00	    0.00	    0.15	    0.07	    6.80	 1626.84	  551.03	    0.02	    0.00	    0.00	    0.00	    0.00	    0.00	    0.00	    0.00	    0.00	    0.00	    0.00
6	7	    0.00	    0.00	    0.00	    0.00	    0.00	    0.00	 4105.38	    0.00	    0.00	    0.00	    0.00	    0.00	    0.00	  399.93	  600.54	  433.61	  154.03	  999.88	  999.65	 2599.71	  500.13	  799.94	  300.00	  199.99
6	17	  429.30	  335.11	    7.62	  429.88	  118.82	  982.11	 7994.62	 4510.01	  818.09	    0.61	    0.17	  219.32	    0.05	    0.00	    0.00	    0.00	    0.02	    0.00	    0.00	    0.00	    0.00	    0.00	    0.00	    0.00
7	5	    0.00	    0.00	    0.00	    0.00	    0.00	    0.00	 2213.76	 4065.69	    0.00	    0.12	    0.00	    0.00	    0.00	    0.00	    0.75	 3392.84	  700.31	  439.75	  300.00	 1007.42	  100.06	  300.02	    0.03	    0.01
7	6	  929.30	  535.11	  107.62	  829.88	  318.82	 1382.11	    0.00	 5510.01	 1418.04	    5.09	    1.40	  919.32	   78.70	    0.00	    0.00	    0.00	    0.11	    0.00	    0.00	    0.00	    0.00	    0.00	    0.00	    0.00
7	8	    0.00	    0.00	    0.00	    0.00	    0.00	    0.00	  891.71	 3734.24	    0.00	    0.00	    0.00	    0.00	    0.00	    0.00	    0.00	 1294.02	    0.00	  260.25	    0.00	  692.60	    0.11	    0.00	    0.00	    0.00
7	15	  471.25	  564.89	  172.06	  684.85	  428.03	 1318.03	    0.00	 3390.06	  893.44	    0.00	    0.06	  463.01	    0.37	    0.00	    0.00	    0.00	    0.00	    0.00	    0.00	    0.00	    0.00	    0.00	    0.00	    0.00
8	4	    0.00	    0.00	    0.00	    0.00	    0.00	    0.00	  287.02	  537.10	 4100.33	 5884.13	    0.00	    0.00	    0.00	    0.00	 1658.55	  466.19	 1392.54	   60.04	  625.46	   92.91	   97.57	  599.03	    0.00	    0.00
8	7	    0.08	    0.04	   87.88	  481.99	  268.74	    0.09	    0.00	    0.00	 3111.33	 1604.88	  794.66	  355.49	  128.04	    0.00	    0.00	    0.00	    0.22	    0.00	    0.00	    0.00	    0.00	    0.00	    0.00	    0.00
8	9	 2496.67	  699.74	  519.81	 2881.06	 1850.23	  999.75	    4.78	 2397.24	 8988.34	    0.00	    0.00	  526.62	  396.33	    0.00	    0.00	    0.24	    0.00	    0.28	    0.00	    0.00	    0.00	    0.00	    0.00	    0.00
9	8	    0.00	    0.00	    0.00	    0.00	    0.00	    0.00	    0.05	    0.00	    0.00	10289.02	 2194.49	    0.13	    0.13	  600.00	 2658.55	  572.36	 2292.76	    0.06	 1025.46	    0.29	  397.45	 1299.03	  500.00	    0.16
9	10	    0.00	    0.00	    0.00	    0.00	    0.00	    0.00	  499.34	  797.33	 1721.24	 8398.19	    0.00	    0.00	    0.00	    0.00	 1304.81	 1541.42	 1906.81	  200.05	  431.76	  440.36	    0.90	  484.37	    0.00	    0.00
9	14	  798.43	   99.86	   99.81	 1097.21	  597.09	  199.88	    0.00	    0.00	 3078.53	14591.87	 1926.56	  648.46	    3.23	    0.00	    0.00	    0.00	    0.79	    0.00	    0.00	    0.00	    0.00	    0.00	    0.00	    0.00
9	15	    0.00	    0.00	   20.32	   85.32	   53.33	    0.00	    0.00	    0.00	  488.74	 8020.27	 2157.49	  216.25	    0.11	    0.00	    0.00	    0.00	    0.00	    0.00	    0.00	    0.00	    0.00	    0.00	    0.00	    0.00
9	16	  399.43	    0.02	   99.98	  499.91	  199.94	    0.04	    0.08	    0.12	  899.83	 3900.66	 1000.08	  599.89	  499.91	    0.10	    0.12	    0.11	    0.00	    0.05	    0.07	    0.14	    0.05	    0.14	    0.05	    0.02
10	3	    0.00	    0.00	    0.00	    0.00	    0.00	    0.00	    0.00	    0.00	    0.00	    1.24	 3407.54	    0.00	    0.00	 1199.86	    0.82	    0.00	    0.47	    0.00	    0.32	    0.00	    0.03	    0.59	  698.63	    0.04
10	9	    1.20	    0.08	    0.30	    1.38	    0.13	    0.10	    0.00	    0.00	    0.00	    0.00	11178.61	 2938.11	 2007.04	 1139.13	    0.00	    0.00	    0.00	    0.00	    0.00	    0.00	    0.00	    0.00	  302.95	   37.26
10	11	    0.00	    0.00	    0.00	    0.00	    0.00	    0.00	    0.00	    0.00	    0.11	 3214.73	 2400.05	    0.00	    0.00	  764.83	  655.47	  141.71	  906.68	    0.15	  280.68	    0.00	    0.00	    0.00	    0.00	    0.00
10	13	  301.70	  100.12	  100.22	 1001.01	  199.81	  199.65	    0.00	    0.02	  321.53	 1182.38	 5313.79	 1051.69	   10.66	    0.00	    0.00	    0.00	    0.04	    0.00	    0.00	    0.00	    0.00	    0.00	    0.00	    0.00
11	2	    0.00	    0.00	    0.00	    0.00	    0.00	    0.00	    0.00	    0.00	    0.00	    0.00	    0.49	 4609.20	 3575.54	    0.39	    0.05	    0.00	    0.00	    0.00	    0.00	    0.00	  302.36	  500.41	  401.39	  599.81
11	10	    0.47	    0.18	    0.24	    0.08	    0.02	    0.07	    0.00	    0.00	    0.00	    0.00	    0.00	 5389.42	 3017.43	    0.00	    0.00	    0.00	    0.00	    0.00	    0.00	    0.00	    0.04	    0.00	    0.00	    0.33
11	12	 1399.90	  300.07	  299.98	 1001.82	  202.99	  300.36	    0.09	  600.00	  799.89	 1900.00	 1000.63	 3901.38	    0.00	   65.11	   15.53	    1.06	  499.96	    0.06	    6.44	    0.00	    0.00	    0.00	    0.00	    0.00
12	11	    0.00	    0.00	    0.00	    0.00	    0.00	    0.00	    0.00	    0.00	    0.00	    0.00	    0.00	    0.00	 7892.98	    0.52	    0.00	    0.49	    0.00	    0.23	    0.00	  499.72	  602.40	 1200.41	 1101.39	 1100.14
12	23	  899.90	    0.07	  199.98	  401.82	    2.99	  100.36	    0.00	    0.00	  199.89	    0.00	    0.63	 2601.38	 6707.02	    0.00	    0.00	    0.00	    0.00	    0.00	    0.00	    0.00	    0.00	    0.00	    0.00	    0.00
13	10	    0.00	    0.00	    0.00	    0.00	    0.00	    0.00	    0.00	    0.00	    0.00	    0.00	    0.00	    0.00	    0.00	 4703.74	  751.42	    0.18	    0.34	    0.00	  249.23	  159.61	  399.07	  616.17	 2301.53	  636.95
13	14	    1.59	    0.12	    0.20	    1.86	    0.05	    0.04	    0.00	    0.00	    0.00	    0.00	 1028.60	  351.60	  100.57	 6212.95	    0.00	    0.00	    0.00	    0.00	    0.00	    0.00	    0.00	    0.00	 1197.99	  139.88
13	22	    0.11	    0.00	    0.03	  499.17	   99.75	   99.61	    0.00	    0.00	  195.96	  814.83	 2685.25	    0.33	    0.34	 3183.31	  450.01	    0.00	  226.88	    0.00	  140.20	    0.00	    0.00	    0.00	    0.00	    0.00
14	9	    0.00	    0.00	    0.00	    0.00	    0.00	    0.00	    0.00	    0.00	    0.00	    0.00	    0.00	    0.00	    0.00	 1560.97	 7963.49	    0.29	    0.81	    0.05	 3257.09	 1680.96	 1598.41	 4383.54	 1997.10	  762.92
14	13	    0.00	    0.00	    0.00	    0.00	    0.00	    0.00	  199.65	  399.40	  474.43	 1732.45	    0.07	    0.00	    0.00	    0.00	 2501.43	  699.84	  927.18	   99.83	  689.41	  658.36	    0.00	  697.75	    0.00	    0.00
14	18	  300.03	    0.07	    0.01	  200.07	  100.03	    0.10	    0.02	    0.03	  400.15	 3274.31	  840.70	  300.06	  278.95	 2896.82	 5900.51	    0.05	    0.41	    0.01	    0.00	    0.05	  540.94	 2899.92	  899.98	  253.19
14	21	    0.00	    0.00	    0.00	  399.00	  297.12	    0.00	    0.00	    0.00	 1303.95	 5585.11	  714.40	    0.00	    0.00	  455.15	 5034.57	    0.23	 2515.93	    0.00	 2094.59	    0.00	    0.00	    0.00	    0.00	    0.00
15	7	    0.00	    0.00	    0.00	    0.00	    0.00	    0.00	    0.09	    0.00	    0.00	    0.26	    0.00	    0.00	    0.00	    0.05	    0.21	 6453.25	 1946.16	    0.12	    0.35	    0.30	    0.04	    0.07	    0.03	    0.02
15	9	    0.00	    0.05	    0.00	    0.00	    0.00	    0.07	 2394.51	    0.21	    0.00	    0.00	    0.00	    0.00	    0.00	    0.00	    0.00	 6512.29	    0.56	  899.66	    0.19	 1259.69	    0.00	    0.00	    0.00	    0.00
15	16	    0.55	  199.99	    0.01	    0.06	    0.05	  500.02	 1000.55	 1400.70	    0.11	    0.50	    0.09	    0.05	    0.00	    0.00	    0.00	 5959.35	    0.00	  600.36	    0.00	 1527.29	  355.59	    0.00	    0.00	  129.41
15	17	    0.04	    0.02	    0.00	    0.04	    0.01	    0.08	    0.00	    0.34	    0.56	 3621.25	  757.83	    0.10	    0.01	    0.03	    0.15	 7175.11	 3759.33	    0.00	    0.15	    0.00	    0.00	    0.00	    0.00	    0.00
16	9	    0.00	    0.00	    0.00	    0.00	    0.00	    0.00	    0.19	    0.00	    0.00	    0.00	    0.00	    0.00	    0.00	    0.00	    0.00	    1.06	 8098.99	    0.17	    0.00	    0.14	    0.00	    0.00	    0.00	    0.00
16	15	    0.00	    0.00	    0.00	    0.00	    0.00	    0.00	    0.00	    0.00	    0.00	    1.38	    0.26	    0.00	    0.00	  689.70	 1182.89	    0.00	 8505.94	    0.00	 1281.83	    0.00	    0.05	    0.11	    0.04	    0.03
16	18	    0.03	    0.03	    0.00	    0.02	    0.01	    0.06	    0.45	    0.82	    0.04	    0.16	    0.00	    0.00	    0.00	    0.00	    0.00	 3158.40	 6795.07	    0.25	    0.00	    0.00	    0.00	    0.00	    0.00	    0.00
17	6	    0.00	    0.00	    0.00	    0.00	    0.00	    0.00	    0.00	    0.00	    0.05	 1895.53	  498.77	    0.00	  321.35	  599.93	 1100.54	 1833.61	 1153.95	 1199.88	 1399.65	 3099.71	  700.13	 1299.94	  500.00	  299.99
17	15	   29.35	   35.18	    7.62	   29.93	   18.70	   82.13	 4795.15	  211.19	   18.49	    0.36	    0.12	   20.89	  599.53	   10.38	   17.47	    0.00	    0.11	 2000.14	   18.87	 4387.28	  955.58	 1199.97	  499.99	  429.40
17	19	  299.99	  299.95	    0.00	  299.99	  100.12	  800.05	 2999.46	 3999.16	  600.10	 1026.18	  159.12	    0.04	    0.00	    0.00	    0.00	 4841.50	 2005.43	 1599.98	    0.00	    0.00	    0.00	    0.00	    0.00	    0.00
18	14	    0.00	    0.09	    0.00	    0.00	    0.00	    0.18	  699.61	  999.37	    0.00	    0.00	    0.00	    0.00	    0.00	    0.00	    0.00	 1900.31	 4943.53	  299.86	 6841.10	 3438.67	    0.15	    0.38	    0.16	    0.07
18	16	    0.04	    0.02	    0.01	    0.05	    0.02	    0.00	    0.00	    0.00	    0.09	    0.38	    0.10	    0.06	    0.09	 1389.60	 2682.77	    0.00	    0.00	    0.00	 2981.76	  172.71	  244.42	 1699.97	  599.99	  170.59
18	19	    0.02	    0.00	    0.00	    0.04	    0.02	    0.02	    0.00	    0.00	    0.09	 1474.08	  440.60	    0.00	    0.00	 1207.23	 2417.74	    0.00	  151.94	    0.00	 2977.15	    0.00	    0.00	    0.00	    0.00	    0.00
19	17	    0.00	    0.00	    0.00	    0.00	    0.00	    0.00	    0.00	    0.00	    0.00	    0.21	    0.00	    1.51	 1020.82	  710.28	 1317.86	    0.00	    0.14	    0.00	 1718.37	 7886.99	 1755.71	 2799.91	 1099.99	  729.39
19	18	    0.00	  100.01	    0.00	    0.00	    0.00	  200.05	 1099.15	 1698.52	    0.00	    0.00	    0.00	    0.00	   21.14	    0.01	    0.00	   41.86	    0.00	  599.60	    0.00	 4811.34	  103.63	    0.43	    0.17	   17.47
19	20	    0.00	    0.00	    0.00	    0.01	    0.04	  100.01	  700.28	  600.86	    0.05	    0.05	    0.02	    0.01	    0.02	    0.02	    0.03	 1500.59	  457.07	  200.50	   58.88	 2701.44	    0.00	    0.07	    0.03	    0.02
19	21	    0.00	   99.93	    0.00	    0.02	    0.10	  200.02	  700.04	  799.77	    0.14	    0.21	    0.04	    0.00	    0.00	    0.00	    0.16	 1699.04	    0.24	  399.88	    0.08	 3100.23	    0.17	    0.00	    0.00	    0.00
20	19	    0.00	    0.00	    0.00	    0.00	    0.00	    0.00	    0.00	    0.00	    0.00	    0.10	    0.02	  401.40	 1641.81	    0.08	    0.16	    0.00	    0.07	    0.00	    0.17	    0.00	 3059.51	    0.23	    1.48	 1146.59
20	21	  264.19	    0.06	   66.05	    0.27	    0.00	    0.03	    0.06	    0.07	    0.00	    0.00	    0.00	  462.32	 1466.66	    0.00	    0.00	    0.15	    0.00	    0.03	    0.00	    0.40	 4741.21	    0.00	    0.00	 1608.13
20	23	    0.00	    0.00	    0.00	    0.00	    0.00	    0.02	  500.22	  200.79	    0.03	  480.44	    0.00	    0.00	    0.00	    0.00	  664.34	  900.52	  206.99	  100.47	  243.59	 1501.05	 3199.28	 2314.62	    0.00	    0.00
21	14	    0.00	    0.00	    0.00	    0.00	    0.00	    0.00	    0.06	    0.05	    0.00	    0.00	    0.00	    0.00	  875.16	    0.00	    0.00	    0.10	    0.00	    0.03	    0.00	    0.70	 2939.20	10580.83	 2698.93	 1276.16
21	19	    0.00	    0.00	    0.00	    0.00	    0.00	    0.00	    0.00	    0.00	    0.00	    0.10	    0.31	    0.08	    0.18	    2.99	    0.15	    0.00	    0.00	    0.00	    0.00	    0.00	    0.00	 5200.18	 1798.71	    0.30
21	20	    0.00	    0.00	    0.00	    0.00	   97.25	    0.00	    0.00	    0.00	  299.96	 1680.45	    2.73	    0.00	    0.00	    1.44	 1464.47	    0.08	  349.99	    0.00	  584.89	    0.00	    0.00	 4114.78	    0.83	    0.00
21	22	    0.00	    0.00	    0.00	    0.00	    0.00	    0.05	  200.04	  299.80	  304.13	 1304.77	    0.00	    0.00	    0.00	    0.00	  970.12	  499.24	  466.18	   99.88	  309.78	  699.92	    2.19	 4504.21	    0.00	    0.00
22	13	    0.01	    0.00	    0.00	    0.02	    0.00	    0.00	    0.35	    0.58	    0.00	    0.00	    0.00	    0.23	  690.24	    0.00	    0.00	    0.33	    0.00	    0.17	    0.01	    1.25	  799.07	 1118.42	 4599.52	 1176.83
22	21	  135.81	    0.01	   33.95	    0.71	    0.04	    0.00	    0.00	    0.00	    0.00	    0.00	  388.59	  237.75	  708.68	  749.28	    0.00	    0.00	    0.00	    0.00	    0.00	    0.00	    0.00	    0.00	 6598.47	  768.33
22	23	    0.03	    0.00	    0.00	    0.05	    0.01	    0.01	    0.36	    0.15	    0.09	  319.61	  996.71	    0.10	    0.00	 1334.03	  420.13	    0.47	   93.06	    0.04	  149.96	    0.96	    0.06	 1285.88	 3302.01	    0.00
23	12	    0.00	    0.00	    0.00	    0.00	    0.00	    0.00	  399.91	    0.00	    0.00	    0.00	    0.00	    0.00	    0.00	  535.40	  684.47	  599.43	    0.04	  100.17	  293.56	 1099.72	 1202.40	 2500.41	 1901.39	 1800.14
23	20	  364.18	    0.06	   66.05	  200.26	    2.71	    0.03	    0.00	    0.00	    0.01	    0.05	  397.28	 1163.72	 3708.44	  398.63	    0.00	    0.00	    0.00	    0.00	    0.00	    0.00	    0.00	    0.00	  700.63	 3254.70
23	22	  435.74	    0.01	  133.93	    1.61	    0.29	    0.35	    0.67	    0.94	    0.00	    0.00	    0.05	  937.76	 2198.58	    0.00	    0.00	    1.56	    0.00	    0.33	    0.00	    2.28	 1496.94	    0.09	    0.00	 2645.16
