i	j	       0	       1	       2	       3	       4	       5	       6	       7	       8	       9	      10	      11	      12	      13	      14	      15	      16	      17	      18	      19	      20	      21	      22	      23
0	1	 2599.88	    0.00	  267.33	  200.02	   16.94	    0.00	    0.01	    0.02	   33.87	  101.66	  200.02	  472.09	  459.60	  100.00	   16.95	    0.02	    0.04	    0.00	    0.01	    0.00	    0.01	    0.06	    0.12	   29.16
0	2	 6200.12	 1153.49	    0.00	    0.00	    0.00	  226.72	  143.22	  248.88	    0.00	    0.00	    0.00	    0.00	    0.00	    0.00	    0.00	  102.09	    0.00	   35.56	    0.00	    0.02	    0.00	    0.00	    0.00	    0.00
1	0	    0.00	 1253.49	    0.00	    0.00	    0.00	  526.72	  643.20	 1048.85	    0.00	    0.00	    0.00	    0.00	    0.00	    0.00	    0.00	  602.07	    0.38	  135.55	    0.03	  299.98	    0.00	    0.02	    0.00	    0.00
1	5	 2499.88	 2746.51	  167.33	    0.04	    0.00	    0.00	    0.00	    0.00	    0.00	    0.00	    0.04	  372.09	  159.60	    0.01	    0.00	    0.00	    0.00	    0.00	    0.00	    0.00	    0.01	    0.03	    0.12	   29.16
2	0	    0.00	    0.00	  367.33	  700.02	  216.94	    0.00	    0.03	    0.05	  533.87	 1401.66	  700.02	  672.09	  959.60	  400.00	  516.95	    0.04	  399.66	    0.00	  299.99	    0.05	  100.01	  400.04	  300.12	  129.16
2	3	 4500.11	  653.37	 1932.63	    0.00	    0.00	    0.00	    0.00	    0.00	    0.00	    0.00	    0.00	 3760.49	 2490.59	    0.09	    0.00	    0.00	    0.00	    0.00	    0.00	    0.00	  202.15	    0.20	    2.36	  470.56
2	11	 1600.01	  400.13	  500.04	 1602.39	  403.22	  500.46	  774.07	 1200.00	 1399.60	  687.91	    1.02	    0.00	    0.00	    0.16	   51.09	  545.32	  194.03	  199.68	   21.89	    0.18	    0.00	    0.00	    0.00	    0.00
3	2	    0.00	    0.00	    0.00	 2502.41	  720.15	  573.74	  730.88	 1151.17	 2033.47	 2389.57	 1000.43	    0.00	    0.00	  499.80	  667.98	  643.27	  693.61	  164.12	  321.88	    0.17	    0.02	    0.11	    0.08	    0.01
3	4	 3198.43	  153.31	 1332.35	 6696.61	    0.00	    0.00	    0.00	    0.00	    0.00	    0.12	  903.57	 3160.23	 1890.44	  200.09	    0.08	    0.00	    0.01	    0.00	    0.02	    0.00	    2.23	    0.05	  199.94	  270.60
3	10	  801.68	  300.10	  400.28	 2400.98	  699.78	  599.63	    0.11	    6.12	    0.40	    0.17	    0.00	    0.26	    0.15	    0.07	    0.06	    0.12	    0.04	    0.02	    0.02	    0.03	    0.02	    0.05	    0.06	    0.03
4	3	    0.00	    0.05	    0.00	    0.00	 1919.93	 1573.37	 1130.98	 1857.29	 2733.87	 3589.38	    0.00	    0.00	    0.00	    0.00	 1167.00	 1443.39	 1093.42	  264.14	  521.48	  300.20	    0.04	  398.56	    0.00	    0.00
4	5	    0.00	    0.00	  527.47	 2136.10	 1262.73	    0.00	    0.02	    0.03	  566.28	 1298.28	  403.06	 1471.23	  576.62	  100.02	  283.01	    0.04	    0.04	    0.00	    0.04	    0.01	    0.01	    0.00	   99.88	   70.82
4	8	 2998.43	  899.75	  704.89	 4060.51	 2917.34	 1399.65	    0.03	    0.10	    0.00	    0.00	    0.52	 1489.00	 1113.82	    0.08	    0.00	    0.06	    0.00	    0.01	    0.00	    0.03	    0.00	    0.00	    0.06	  199.78
5	1	    0.00	    0.00	    0.00	    0.02	   83.06	  926.72	  843.19	 1448.83	  166.13	  498.34	    0.02	    0.00	    0.00	    0.01	   83.05	 1002.05	  200.35	  135.55	  100.01	  399.98	    0.00	   99.99	    0.00	    0.00
5	4	    0.00	  846.48	    0.00	    0.00	    0.00	 3173.03	 1026.02	 1797.70	    0.00	    0.00	    0.00	    0.00	    0.00	    0.00	    0.00	 1455.17	    0.09	  201.64	    0.03	  304.05	    0.01	    0.00	    0.00	    0.00
5	7	 2199.88	 1500.02	  394.80	 1736.12	  979.67	 3500.26	    0.00	    0.00	    0.16	    0.07	    3.08	 1643.32	  536.22	    0.03	    0.00	    0.00	    0.00	    0.00	    0.00	    0.00	    0.00	    0.00	    0.00	    0.00
6	7	    0.00	    0.00	    0.00	    0.00	    0.00	    0.00	 4178.79	    0.00	    0.00	    0.00	    0.00	    0.00	    0.00	  399.87	  599.82	  381.09	  136.79	  999.91	  999.63	 2599.96	  500.21	  799.97	  299.97	  199.99
6	17	  429.93	  335.94	    8.55	  433.27	  120.88	  984.11	 7921.21	 4515.09	  828.06	    0.62	    0.13	  223.19	    0.39	    0.00	    0.00	    0.00	    0.03	    0.00	    0.00	    0.00	    0.00	    0.00	    0.00	    0.00
7	5	    0.00	    0.00	    0.00	    0.00	    0.00	    0.00	 2269.19	 4046.50	    0.00	    0.13	    0.00	    0.00	    0.00	    0.00	    0.04	 3357.19	  700.39	  437.19	  300.00	 1004.02	  100.00	  299.96	    0.00	    0.01
7	6	  929.93	  535.94	  108.55	  833.27	  320.88	 1384.11	    0.00	 5515.09	 1428.00	    2.51	    0.85	  922.84	   59.39	    0.00	    0.00	    0.00	    0.11	    0.00	    0.00	    0.00	    0.00	    0.00	    0.00	    0.00
7	8	    0.00	    0.00	    0.00	    0.00	    0.00	    0.00	  909.59	 3753.43	    0.00	    0.00	    0.00	    0.00	    0.00	    0.00	    0.00	 1261.41	    0.00	  262.84	    0.00	  696.32	    0.26	    0.09	    0.00	    0.00
7	15	  470.31	  564.12	  175.84	  690.26	  431.53	 1316.24	    0.00	 3384.98	  866.36	    0.00	    0.06	  486.90	    0.53	    0.00	    0.00	    0.00	    0.00	    0.00	    0.00	    0.00	    0.00	    0.00	    0.00	    0.00
8	4	    0.00	    0.00	    0.00	    0.00	    0.00	    0.00	  305.00	  559.72	 4100.15	 5887.54	    0.00	    0.00	    0.00	    0.00	 1649.93	  488.32	 1293.36	   62.52	  621.47	   96.18	   97.81	  598.52	    0.00	    0.00
8	7	    0.36	    0.04	   89.60	  487.42	  272.73	    0.09	    0.00	    0.00	 3094.20	 1602.30	  797.83	  366.42	  123.71	    0.00	    0.00	    0.00	    0.23	    0.00	    0.00	    0.00	    0.00	    0.00	    0.00	    0.00
8	9	 2498.07	  699.70	  515.29	 2873.09	 1844.60	  999.56	    4.67	 2393.81	 9005.65	    0.00	    0.00	  522.64	  390.17	    0.00	    0.00	    0.25	    0.00	    0.36	    0.00	    0.31	    0.15	    0.00	    0.00	    0.00
9	8	    0.00	    0.00	    0.00	    0.00	    0.00	    0.00	    0.05	    0.00	    0.00	10289.84	 2197.32	    0.05	    0.05	  599.93	 2649.93	  627.10	 2193.59	    0.02	 1021.47	    0.15	  397.70	 1298.43	  499.94	    0.22
9	10	    0.00	    0.00	    0.00	    0.00	    0.00	    0.00	  499.89	  793.90	 1712.90	 8358.37	    0.00	    0.00	    0.00	    0.00	 1287.73	 1554.68	 2005.91	  199.98	  425.94	  428.66	    1.46	  494.41	    0.00	    0.00
9	14	  798.99	   99.74	   99.88	 1097.46	  596.92	  199.59	    0.00	    0.00	 3087.14	14610.30	 1883.11	  652.31	    9.16	    0.00	    0.00	    0.00	    0.83	    0.00	    0.00	    0.00	    0.00	    0.00	    0.00	    0.00
9	15	    0.00	    0.00	   15.62	   76.56	   47.72	    0.00	    0.00	    0.00	  505.77	 8040.76	 2171.22	  188.87	    0.39	    0.00	    0.00	    0.00	    0.00	    0.00	    0.00	    0.00	    0.00	    0.00	    0.00	    0.00
9	16	  399.74	    0.02	   99.98	  499.91	  199.96	    0.04	    0.09	    0.12	  899.83	 3900.73	  999.78	  599.81	  499.84	    0.06	    0.13	    0.12	    0.00	    0.05	    0.07	    0.15	    0.05	    0.15	    0.05	    0.03
10	3	    0.00	    0.00	    0.00	    0.00	    0.00	    0.00	    0.00	    0.00	    0.00	    0.48	 3404.00	    0.00	    0.00	 1199.87	    1.12	    0.00	  100.25	    0.00	    0.44	    0.00	    0.07	    1.44	  697.71	    0.08
10	9	    0.66	    0.00	    0.18	    0.84	    0.00	    0.00	    0.00	    0.00	    0.00	    0.00	11151.43	 2918.40	 2019.27	 1124.97	    0.00	    0.00	    0.00	    0.00	    0.00	    0.00	    0.00	    0.00	  326.11	   53.92
10	11	    0.00	    0.00	    0.00	    0.00	    0.00	    0.00	    0.00	    0.00	    0.11	 3212.09	 2400.34	    0.00	    0.00	  720.83	  656.51	  154.97	  905.99	    0.02	  281.34	    0.00	    0.00	    0.00	    0.00	    0.00
10	13	  301.14	  100.14	  100.15	 1000.23	  199.80	  199.70	    0.00	    0.03	  313.19	 1145.97	 5344.22	 1047.50	   20.35	    0.00	    0.00	    0.00	    0.05	    0.00	    0.00	    0.00	    0.00	    0.00	    0.00	    0.00
11	2	    0.00	    0.00	    0.00	    0.00	    0.00	    0.00	    0.00	    0.00	    0.00	    0.00	    0.61	 4632.58	 3550.18	    0.46	    0.05	    0.00	    0.07	    0.00	    0.00	    0.03	  302.14	  500.13	  402.40	  599.71
11	10	    0.11	    0.04	    0.06	    0.08	    0.03	    0.07	    0.00	    0.00	    0.00	    0.00	    0.00	 5365.65	 3039.48	    0.00	    0.00	    0.00	    0.00	    0.00	    0.00	    0.00	    0.04	    0.00	    0.00	    0.75
11	12	 1399.90	  300.09	  299.98	 1002.31	  203.19	  300.39	   74.13	  600.00	  799.70	 1900.00	 1000.75	 3901.77	    0.00	   21.16	    7.54	    0.95	  499.95	    0.03	    3.23	    0.04	    0.00	    0.00	    0.00	    0.00
12	11	    0.00	    0.00	    0.00	    0.00	    0.00	    0.00	    0.07	    0.00	    0.00	    0.00	    0.00	    0.00	 7889.66	    0.62	    0.00	    0.66	    0.00	    0.33	    0.00	  499.89	  602.18	 1200.13	 1102.40	 1100.46
12	23	  899.90	    0.09	  199.98	  402.31	    3.19	  100.39	    0.00	    0.00	  199.70	    0.00	    0.75	 2601.77	 6710.34	    0.00	    0.00	    0.00	    0.00	    0.00	    0.00	    0.00	    0.00	    0.00	    0.00	    0.00
13	10	    0.00	    0.00	    0.00	    0.00	    0.00	    0.00	    0.00	    0.00	    0.00	    0.00	    0.00	    0.00	    0.00	 4645.60	  769.84	    0.18	    0.34	    0.03	  255.82	  171.31	  398.56	  606.98	 2323.77	  653.22
13	14	    1.04	    0.14	    0.13	    1.19	    0.06	    0.06	    0.00	    0.00	    0.00	    0.00	 1061.39	  347.26	   88.25	 6218.70	    0.00	    0.00	    0.00	    0.00	    0.00	    0.00	    0.00	    0.00	 1209.04	  114.18
13	22	    0.11	    0.01	    0.03	  499.06	   99.75	   99.64	    0.00	    0.00	  187.96	  784.16	 2682.90	    0.28	    0.34	 3235.70	  441.78	    0.00	  222.32	    0.00	  138.26	    0.00	    0.00	    0.00	    0.00	    0.00
14	9	    0.00	    0.00	    0.00	    0.00	    0.00	    0.00	    0.00	    0.00	    0.00	    0.00	    0.00	    0.00	    0.00	 1575.02	 7937.80	    0.31	    2.82	    0.06	 3247.29	 1728.08	 1599.06	 4392.99	 1973.88	  746.33
14	13	    0.00	    0.00	    0.00	    0.00	    0.00	    0.00	  199.61	  399.22	  474.77	 1738.19	    0.07	    0.00	    0.00	    0.00	 2511.62	  700.04	  922.61	   99.80	  694.07	  669.87	    0.00	  679.28	    0.00	    0.00
14	18	  300.03	    0.06	    0.01	  200.07	  100.03	    0.08	    0.02	    0.03	  400.15	 3256.33	  827.69	  300.13	  281.94	 2897.40	 5899.79	    0.06	    0.42	    0.01	    0.00	    0.05	  561.39	 2899.91	  899.98	  261.05
14	21	    0.00	    0.00	    0.00	  398.58	  296.95	    0.00	    0.00	    0.00	 1312.23	 5615.78	  716.74	    0.00	    0.00	  446.28	 5050.80	    0.24	 2482.64	    0.00	 2078.09	    0.00	    0.00	    0.00	    0.00	    0.00
15	7	    0.00	    0.00	    0.00	    0.00	    0.00	    0.00	    0.00	    0.00	    0.00	    0.27	    0.00	    0.00	    0.00	    0.10	    0.22	 6437.51	 1963.48	    0.13	    0.37	    0.37	    0.05	    0.08	    0.03	    0.02
15	9	    0.00	    0.05	    0.00	    0.00	    0.00	    0.07	 2395.13	    0.22	    0.00	    0.00	    0.00	    0.00	    0.00	    0.00	    0.00	 6578.92	    0.59	  899.55	    0.20	 1200.37	    0.00	    0.00	    0.00	    0.00
15	16	    0.25	  199.98	    0.01	    0.06	    0.03	  499.99	 1000.36	 1400.23	    0.12	    0.52	    0.09	    0.05	    0.00	    0.00	    0.00	 5959.04	    0.00	  600.15	    0.00	 1552.50	  350.22	    0.00	    0.00	  125.18
15	17	    0.02	    0.00	    0.00	    0.02	    0.00	    0.03	    0.00	    0.16	    0.16	 3641.81	  771.59	    0.13	    0.00	    0.03	    0.15	 7124.53	 3742.54	    0.00	    0.15	    0.00	    0.00	    0.00	    0.00	    0.00
16	9	    0.00	    0.00	    0.00	    0.00	    0.00	    0.00	    0.24	    0.00	    0.00	    0.00	    0.00	    0.00	    0.00	    0.00	    0.00	    2.41	 8096.92	    0.09	    0.00	    0.20	    0.00	    0.00	    0.00	    0.00
16	15	    0.00	    0.00	    0.00	    0.00	    0.00	    0.00	    0.00	    0.00	    0.00	    1.46	    0.27	    0.00	    0.00	  692.64	 1188.05	    0.00	 8506.49	    0.00	 1287.43	    0.00	    0.05	    0.11	    0.05	    0.03
16	18	    0.03	    0.02	    0.00	    0.02	    0.01	    0.04	    0.21	    0.35	    0.04	    0.16	    0.00	    0.00	    0.00	    0.00	    0.00	 3156.74	 6796.59	    0.12	    0.00	    0.00	    0.00	    0.00	    0.00	    0.00
17	6	    0.00	    0.00	    0.00	    0.00	    0.00	    0.00	    0.00	    0.00	    0.05	 1898.11	  499.28	    0.34	  341.00	  599.87	 1099.82	 1781.09	 1136.71	 1199.91	 1399.63	 3099.96	  700.21	 1299.97	  499.97	  299.99
17	15	   29.96	   35.92	    8.55	   33.26	   20.79	   83.85	 4795.49	  215.62	   28.15	    0.38	    0.12	   24.42	  599.08	    7.49	   12.33	    0.00	    0.12	 1999.83	   13.29	 4353.24	  950.21	 1199.97	  499.99	  425.17
17	19	  299.99	  300.03	    0.00	  300.03	  100.09	  800.28	 2925.72	 3999.63	  600.01	 1044.15	  172.33	    0.18	    0.08	    0.00	    0.00	 4843.44	 2005.88	 1600.27	    0.00	    0.00	    0.00	    0.00	    0.00	    0.00
18	14	    0.00	    0.18	    0.00	    0.00	    0.00	    0.43	  699.57	  999.17	    0.00	    0.00	    0.00	    0.00	    0.00	    0.00	    0.00	 1900.48	 4907.66	  299.84	 6819.44	 3497.53	    0.16	    0.39	    0.17	    0.07
18	16	    0.04	    0.02	    0.01	    0.05	    0.02	    0.00	    0.00	    0.00	    0.09	    0.37	    0.40	    0.13	    0.16	 1392.58	 2687.92	    0.00	    0.00	    0.00	 2987.35	  147.56	  249.79	 1699.96	  599.99	  174.83
18	19	    0.02	    0.00	    0.00	    0.04	    0.02	    0.03	    0.00	    0.00	    0.10	 1456.12	  427.30	    0.00	    0.00	 1204.83	 2411.87	    0.00	  189.35	    0.00	 2993.20	    0.00	    0.00	    0.00	    0.00	    0.00
19	17	    0.00	    0.00	    0.00	    0.00	    0.00	    0.00	    0.00	    0.00	    0.00	    0.22	    0.01	    1.63	 1039.77	  707.33	 1311.99	    0.00	    0.14	    0.00	 1712.77	 7853.20	 1750.42	 2799.94	 1099.96	  725.16
19	18	    0.00	  100.13	    0.00	    0.00	    0.00	  200.34	 1099.34	 1698.79	    0.00	    0.00	    0.00	    0.00	   18.21	    0.01	    0.00	   43.68	    0.00	  599.71	    0.00	 4845.03	   88.56	    0.45	    0.18	   13.85
19	20	    0.00	    0.00	    0.00	    0.05	    0.10	  100.01	  626.32	  600.57	    0.05	    0.05	    0.02	    0.01	    0.03	    0.02	    0.03	 1500.58	  495.05	  200.51	   80.53	 2701.33	    0.00	    0.08	    0.03	    0.02
19	21	    0.00	   99.90	    0.00	    0.02	    0.01	  199.96	  700.06	  800.27	    0.06	    0.22	    0.05	    0.00	    0.00	    0.00	    0.17	 1699.18	    0.11	  400.05	    0.08	 3100.44	    0.18	    0.00	    0.00	    0.00
20	19	    0.00	    0.00	    0.00	    0.00	    0.00	    0.00	    0.00	    0.00	    0.00	    0.11	    0.03	  401.43	 1657.82	    0.08	    0.17	    0.00	    0.07	    0.00	    0.18	    0.00	 3039.16	    0.25	    1.49	 1138.73
20	21	  261.64	    0.07	   65.41	    0.42	    0.00	    0.03	    0.06	    0.08	    0.00	    0.00	    0.00	  458.44	 1464.46	    0.00	    0.00	    0.16	    0.00	    0.04	    0.00	    0.42	 4761.77	    0.00	    0.83	 1608.33
20	23	    0.00	    0.00	    0.00	    0.00	    0.00	    0.02	  426.26	  200.49	    0.11	  489.96	    0.00	    0.00	    0.00	    0.00	  680.69	  900.50	  208.69	  100.47	  249.57	 1500.91	 3199.07	 2350.68	    0.00	    0.00
21	14	    0.00	    0.00	    0.00	    0.00	    0.00	    0.00	    0.06	    0.08	    0.00	    0.00	    0.00	    0.57	  884.53	    0.00	    0.00	    0.16	    0.00	    0.03	    0.00	    0.47	 2960.29	10571.79	 2664.65	 1293.13
21	19	    0.00	    0.00	    0.00	    0.00	    0.00	    0.00	    0.00	    0.00	    0.00	    0.11	    0.42	    0.03	    0.11	    2.44	    0.16	    0.00	    0.00	    0.00	    0.00	    0.00	    0.00	 5200.21	 1798.67	    0.31
21	20	    0.01	    0.00	    0.00	    0.03	   97.10	    0.00	    0.00	    0.00	  300.06	 1690.02	    2.19	    0.04	    0.08	    0.90	 1480.83	    0.08	  313.72	    0.00	  569.22	    0.00	    0.00	 4150.85	    1.29	    0.06
21	22	    0.00	    0.00	    0.00	    0.00	    0.00	    0.01	  200.06	  300.27	  312.23	 1325.88	    0.00	    0.00	    0.00	    0.00	  969.98	  499.34	  469.03	  100.05	  308.95	  700.39	    1.66	 4477.15	    0.00	    0.00
22	13	    0.01	    0.00	    0.00	    0.02	    0.00	    0.00	    0.39	    0.75	    0.00	    0.00	    0.00	    0.03	  668.24	    0.00	    0.00	    0.14	    0.00	    0.22	    0.01	    1.45	  798.56	 1127.70	 4632.80	 1167.39
22	21	  138.37	    0.03	   34.59	    1.00	    0.14	    0.03	    0.00	    0.00	    0.00	    0.00	  385.83	  242.20	  720.25	  757.06	    0.00	    0.00	    0.00	    0.00	    0.00	    0.00	    0.00	    0.00	 6563.79	  785.17
22	23	    0.01	    0.00	    0.00	    0.03	    0.00	    0.01	    0.01	    0.03	    0.18	  310.04	  997.12	    0.06	    0.00	 1378.64	  411.77	    0.07	   91.35	    0.00	  147.20	    0.13	    0.06	 1249.54	 3303.40	    0.00
23	12	    0.00	    0.00	    0.00	    0.00	    0.00	    0.00	  325.93	    0.00	    0.00	    0.00	    0.00	    0.00	    0.00	  579.47	  692.46	  599.70	    0.05	  100.30	  296.77	 1099.85	 1202.18	 2500.13	 1902.40	 1800.46
23	20	  361.62	    0.07	   65.41	  200.35	    2.80	    0.03	    0.00	    0.00	    0.00	    0.00	  397.82	 1159.82	 3722.19	  399.17	    0.00	    0.00	    0.00	    0.00	    0.00	    0.00	    0.00	    0.00	  701.00	 3246.98
23	22	  438.29	    0.02	  134.57	    1.99	    0.39	    0.39	    0.34	    0.52	    0.00	    0.00	    0.06	  942.01	 2188.15	    0.00	    0.00	    0.87	    0.00	    0.17	    0.00	    1.19	 1496.95	    0.09	    0.00	 2652.56
