i	j	o7d11l1
0	1	 4500.39
0	2	 8119.94
1	0	 4520.72
1	5	 5971.59
2	0	 8099.61
2	3	14019.18
2	11	10033.00
3	2	14040.19
3	4	18018.17
3	10	 5209.81
4	3	18040.72
4	5	 8795.40
4	8	15788.87
5	1	 5991.92
5	4	 8804.46
5	7	12495.28
6	7	12104.03
6	17	15801.99
7	5	12524.67
7	6	12043.15
7	8	 6882.19
7	15	 8386.61
8	4	15802.35
8	7	 6834.42
8	9	21753.68
9	8	21819.39
9	10	17728.01
9	14	23127.95
9	15	11046.72
9	16	 8100.70
10	3	 5308.27
10	9	17600.27
10	11	 8367.28
10	13	 9778.19
11	2	 9991.66
11	10	 8400.71
11	12	12300.52
12	11	12392.62
12	23	11119.13
13	10	 9815.48
13	14	 9037.62
13	22	 8398.67
14	9	23196.13
14	13	 9080.44
14	18	19082.55
14	21	18402.06
15	7	 8402.89
15	9	11071.96
15	16	11688.54
15	17	15292.86
16	9	 8100.73
16	15	11674.98
16	18	 9954.27
17	6	15862.87
17	15	15347.95
17	19	18991.79
18	14	19116.60
18	16	 9940.74
18	19	 8685.51
19	17	19007.76
19	18	 8706.03
19	20	 6305.61
19	21	 7002.04
20	19	 6242.74
20	21	 8617.16
20	23	10306.76
21	14	18379.01
21	19	 7001.39
21	20	 8605.52
21	22	 9658.31
22	13	 8393.13
22	21	 9622.99
22	23	 7900.22
23	12	11111.23
23	20	10255.53
23	22	 7859.36
