i	j	       0	       1	       2	       3	       4	       5	       6	       7	       8	       9	      10	      11	      12	      13	      14	      15	      16	      17	      18	      19	      20	      21	      22	      23
0	1	 2600.05	    0.00	  270.08	  200.02	   15.62	    0.00	    0.01	    0.01	   31.23	   93.96	  200.02	  476.50	  468.76	  100.00	   15.66	    0.01	    0.04	    0.00	    0.06	    0.00	    0.01	    0.14	    0.46	   29.17
0	2	 6199.95	 1171.65	    0.00	    0.00	    0.00	  244.03	  155.81	  272.65	    0.00	    0.00	    0.00	    0.00	    0.00	    0.00	    0.00	  111.08	    0.00	   12.88	    0.00	    0.01	    0.00	    0.00	    0.00	    0.00
1	0	    0.00	 1271.65	    0.00	    0.00	    0.00	  544.03	  655.80	 1072.63	    0.00	    0.00	    0.00	    0.00	    0.00	    0.00	    0.00	  611.00	    0.28	  112.88	    0.02	  299.97	    0.00	    0.00	    0.00	    0.00
1	5	 2500.05	 2728.35	  170.08	    0.03	    0.00	    0.00	    0.00	    0.00	    0.00	    0.00	    0.03	  376.50	  168.76	    0.01	    0.00	    0.00	    0.00	    0.00	    0.00	    0.00	    0.01	    0.02	    0.46	   29.17
2	0	    0.00	    0.00	  370.08	  700.02	  215.62	    0.00	    0.02	    0.03	  531.23	 1393.96	  700.02	  676.50	  968.76	  400.00	  515.66	    0.09	  399.76	    0.00	  300.04	    0.05	  100.01	  400.14	  300.46	  129.17
2	3	 4499.24	  671.31	 1929.52	    0.00	    0.00	    0.03	    0.00	    0.00	    0.00	    0.00	    0.00	 3714.77	 2552.68	    0.06	    0.00	    0.00	    0.00	    0.00	    0.00	    0.00	  299.73	    0.38	   10.85	  470.60
2	11	 1600.72	  400.34	  500.40	 1602.64	  403.99	  500.50	  700.73	 1199.84	 1399.63	  976.26	    0.21	    0.00	    0.00	    0.05	  108.00	  520.87	  275.36	  117.87	   46.28	    0.21	    0.00	    0.00	    0.05	    0.00
3	2	    0.00	    0.00	    0.00	 2502.66	  719.61	  556.50	  644.94	 1127.22	 2030.86	 2670.22	  999.16	    0.00	    0.00	  499.48	  723.62	  609.89	  775.12	  104.99	  346.31	    0.25	    0.02	    0.10	    0.10	    0.01
3	4	 3197.88	  171.25	 1329.55	 6696.78	    0.00	    0.00	    0.00	    0.00	    0.00	    0.79	  904.58	 3114.52	 1952.50	  199.99	    0.19	    0.00	    0.09	    0.00	    0.07	    0.01	   99.83	    0.12	  199.54	  270.71
3	10	  801.35	  300.09	  399.97	 2400.56	  700.31	  600.00	    0.56	    3.75	    0.04	    0.11	    0.00	    0.25	    0.18	    0.05	    0.04	    0.08	    0.03	    0.01	    0.01	    0.02	    0.01	    0.03	    0.04	    0.02
4	3	    0.00	    0.03	    0.00	    0.00	 1919.92	 1556.47	 1045.51	 1830.98	 2730.90	 3867.36	    0.00	    0.00	    0.00	    0.00	 1220.62	 1409.76	 1274.18	  205.00	  544.99	  300.19	    0.08	  398.57	    0.02	    0.00
4	5	    0.00	    0.00	  520.08	 2114.92	 1252.19	    0.00	    0.01	    0.02	  568.87	 1306.05	  404.46	 1432.75	  636.90	  100.00	  283.90	    0.03	    0.03	    0.00	    0.13	    0.01	    0.01	    0.03	   99.54	   70.82
4	8	 2997.88	  899.66	  709.47	 4081.86	 2927.89	 1399.60	    0.02	    0.07	    0.00	    0.00	    0.12	 1481.77	 1115.60	    0.00	    0.00	    0.04	    0.00	    0.01	    0.00	    0.02	    0.00	    0.00	    0.00	  199.89
5	1	    0.00	    0.00	    0.00	    0.01	   84.38	  944.03	  855.79	 1472.61	  168.77	  506.04	    0.01	    0.00	    0.00	    0.01	   84.34	 1010.99	  200.24	  112.88	   99.96	  399.96	    0.00	   99.88	    0.00	    0.00
5	4	    0.00	  828.44	    0.00	    0.00	    0.00	 3156.07	  986.64	 1846.56	    0.00	    0.00	    0.00	    0.00	    0.00	    0.00	    0.00	 1506.01	    0.05	  169.90	    0.02	  317.58	    0.22	    0.00	    0.00	    0.00
5	7	 2200.05	 1499.92	  390.17	 1714.93	  967.81	 3499.90	    0.00	    0.00	    0.10	    0.10	    4.48	 1609.25	  605.66	    0.00	    0.00	    0.00	    0.00	    0.00	    0.00	    0.00	    0.00	    0.00	    0.00	    0.00
6	7	    0.00	    0.00	    0.00	    0.00	    0.00	    0.00	 4105.80	    0.00	    0.00	    0.00	    0.00	    0.00	    0.00	  399.90	  600.26	  552.90	  182.81	  918.11	  999.60	 2599.82	  500.31	  799.87	  299.98	  200.00
6	17	  424.65	  329.57	    6.41	  425.12	  115.81	  969.05	 7994.20	 4477.35	  818.88	    0.14	    0.09	  215.80	    0.03	    0.00	    0.00	    0.00	    0.00	    0.00	    0.00	    0.00	    0.00	    0.00	    0.00	    0.00
7	5	    0.00	    0.00	    0.00	    0.00	    0.00	    0.00	 2242.42	 4119.15	    0.00	    0.09	    0.00	    0.00	    0.00	    0.00	    0.44	 3416.97	  700.26	  382.78	  299.85	 1017.54	  100.21	  299.83	    0.00	    0.01
7	6	  924.65	  529.57	  106.41	  825.12	  315.81	 1369.05	    0.00	 5477.35	 1418.84	    2.04	    0.75	  915.80	  144.18	    0.00	    0.00	    0.00	    0.06	    0.00	    0.00	    0.00	    0.00	    0.00	    0.00	    0.00
7	8	    0.00	    0.00	    0.00	    0.00	    0.00	    0.00	  863.38	 3680.81	    0.00	    0.00	    0.00	    0.00	    0.00	    0.00	    0.00	 1433.98	    0.00	  235.41	    0.00	  682.50	    0.13	    0.09	    0.00	    0.00
7	15	  475.64	  570.37	  172.21	  684.54	  427.89	 1330.91	    0.00	 3422.69	  829.44	    0.00	    0.04	  469.58	    0.47	    0.00	    0.00	    0.00	    0.00	    0.00	    0.00	    0.00	    0.00	    0.00	    0.00	    0.00
8	4	    0.00	    0.00	    0.00	    0.00	    0.00	    0.00	  258.90	  484.51	 4099.77	 6172.63	    0.00	    0.00	    0.00	    0.00	 1704.34	  403.82	 1474.07	   35.11	  645.03	   82.62	    0.03	  598.47	    0.02	    0.00
8	7	    0.24	    0.03	   88.45	  494.73	  275.89	    0.06	    0.00	    0.00	 3048.18	 1601.85	  796.31	  376.13	  139.00	    0.00	    0.00	    0.00	    0.14	    0.00	    0.00	    0.00	    0.00	    0.00	    0.00	    0.00
8	9	 2497.64	  699.63	  521.02	 2887.13	 1852.00	  999.54	    4.54	 2396.37	 9052.05	    0.00	    0.00	  505.67	  376.64	    0.00	    0.00	    0.16	    0.00	    0.31	    0.00	    0.00	    0.00	    0.00	    0.00	    0.00
9	8	    0.00	    0.00	    0.00	    0.00	    0.00	    0.00	    0.04	    0.00	    0.00	10574.47	 2196.19	    0.04	    0.04	  600.00	 2704.34	  369.96	 2374.21	    0.01	 1045.03	    0.10	  299.90	 1298.38	  500.02	    0.11
9	10	    0.00	    0.00	    0.00	    0.00	    0.00	    0.00	  499.58	  796.43	 1733.88	 8181.37	    0.00	    0.00	    0.00	    0.00	 1372.09	 1472.81	 1825.17	  199.97	  450.24	  488.27	    2.62	  652.72	    0.00	    0.00
9	14	  799.10	   99.95	   99.89	 1098.11	  596.31	  199.97	    0.00	    0.00	 3066.28	14586.85	 1996.66	  660.21	    5.02	    0.00	    0.00	    0.00	    0.55	    0.00	    0.00	    0.00	    0.00	    0.00	    0.00	    0.00
9	15	    0.00	    0.00	   21.37	   90.23	   56.39	    0.00	    0.00	    0.00	  552.01	 7956.30	 2145.84	  214.12	    0.08	    0.00	    0.00	    0.00	    0.00	    0.00	    0.00	    0.00	    0.00	    0.00	    0.00	    0.00
9	16	  399.53	    0.01	   99.97	  499.87	  199.95	    0.03	    0.06	    0.08	  899.88	 3901.00	  999.81	  599.84	  499.87	    0.07	    0.09	    0.08	    0.00	    0.03	    0.05	    0.10	    0.03	    0.10	    0.03	    0.02
10	3	    0.00	    0.00	    0.00	    0.00	    0.00	    0.00	    0.00	    0.00	    0.00	    3.76	 3403.74	    0.00	    0.00	 1199.46	    3.23	    0.20	    1.06	    0.00	    1.41	    0.09	    0.05	    1.30	  688.81	    0.14
10	9	    1.00	    0.29	    0.21	    1.07	    0.65	    0.41	    0.00	    0.00	    0.00	    0.00	11238.51	 2968.54	 2028.36	  950.45	    0.00	    0.00	    0.00	    0.00	    0.00	    0.00	    0.16	    0.35	  304.59	   52.62
10	11	    0.00	    0.00	    0.00	    0.00	    0.00	    0.00	    0.15	    0.16	    0.23	 2923.79	 2400.98	    0.00	    0.00	  700.72	  593.22	   73.25	  824.61	    0.05	  254.22	    0.15	    0.12	    0.27	  700.06	    0.16
10	13	  301.22	  100.12	  100.19	  999.54	  199.68	  199.64	    0.00	    0.03	  333.68	 1253.93	 5256.77	 1040.36	    7.81	    0.00	    0.00	    0.00	    0.00	    0.00	    0.00	    0.00	    0.00	    0.00	    0.00	    0.00
11	2	    0.00	    0.00	    0.00	    0.00	    0.00	    0.00	    0.00	    0.00	    0.00	    0.00	    1.07	 4591.27	 3621.44	    0.63	    0.04	    0.00	    0.00	    0.00	    0.00	    0.00	  399.72	  500.42	  411.25	  599.76
11	10	    0.86	    0.32	    0.43	    0.05	    0.02	    0.05	    0.00	    0.00	    0.00	    0.00	    0.00	 5408.64	 3035.99	    0.00	    0.00	    0.00	    0.00	    0.00	    0.00	    0.00	    0.42	    0.00	    0.00	    0.70
11	12	 1399.86	  300.02	  299.97	 1002.59	  203.98	  300.45	    1.15	  600.00	  799.86	 1900.06	 1000.12	 3900.09	    0.00	    1.40	    1.18	    0.64	  499.97	    0.05	    0.50	    0.10	    0.08	    0.17	    0.11	    0.09
12	11	    0.00	    0.00	    0.00	    0.00	    0.00	    0.00	    0.27	    0.00	    0.00	    0.00	    0.00	    0.00	 7957.43	    1.27	    0.00	  106.52	    0.00	   82.13	    0.00	  499.73	  700.09	 1200.33	  411.25	 1100.39
12	23	  899.86	    0.02	  199.97	  402.59	    3.98	  100.45	    0.00	    0.00	  199.86	    0.06	    0.12	 2600.09	 6642.57	    0.00	    0.00	    0.00	    0.00	    0.00	    0.00	    0.00	    0.00	    0.00	    0.00	    0.00
13	10	    0.00	    0.00	    0.00	    0.00	    0.00	    0.00	    0.00	    0.00	    0.00	    0.00	    0.00	    0.00	    0.00	 4450.58	  624.32	    0.56	    0.47	    0.07	  205.39	  111.95	  397.28	  449.17	 2993.43	  652.21
13	14	    1.08	    0.11	    0.16	    1.21	    0.08	    0.06	    0.00	    0.00	    0.00	    0.00	 1019.77	  340.08	   82.11	 6440.59	    0.00	    0.00	    0.00	    0.00	    0.00	    0.00	    0.00	    0.00	 1038.13	   99.35
13	22	    0.15	    0.01	    0.03	  498.35	   99.60	   99.58	    0.00	    0.00	  210.12	  876.69	 2637.05	    0.29	    0.28	 3208.83	  453.82	    0.00	  233.53	    0.00	  142.58	    0.00	    0.00	    0.00	    0.00	    0.00
14	9	    0.00	    0.00	    0.00	    0.00	    0.00	    0.00	    0.00	    0.00	    0.00	    0.00	    0.00	    0.00	    0.00	 1749.62	 8076.51	    0.21	    0.57	    0.04	 3295.18	 1445.96	 1502.40	 4550.84	 1995.46	  747.51
14	13	    0.00	    0.00	    0.00	    0.01	    0.00	    0.00	  199.55	  399.07	  476.44	 1722.76	    0.05	    0.00	    0.00	    0.00	 2378.14	  700.17	  934.00	   99.77	  647.96	  610.48	    0.67	  867.03	    0.00	    0.00
14	18	  300.18	    0.10	    0.05	  200.26	  100.05	    0.12	    0.01	    0.02	  400.10	 3340.88	  853.35	  300.30	  249.85	 2896.77	 5900.28	    0.04	    0.29	    0.01	    0.00	    0.03	  421.04	 2899.71	  900.05	  199.04
14	21	    0.00	    0.00	    0.00	  399.04	  296.34	    0.00	    0.00	    0.00	 1289.74	 5523.21	  763.03	    0.00	    0.00	  494.20	 5045.07	    0.16	 2618.18	    0.00	 2132.02	    0.00	    0.00	    0.00	    0.00	    0.00
15	7	    0.00	    0.00	    0.00	    0.00	    0.00	    0.00	    0.00	    0.00	    0.00	    0.18	    0.00	    0.00	    0.00	    0.10	    0.17	 6498.05	 1917.37	    0.08	    0.24	    0.22	    0.03	    0.05	    0.02	    0.01
15	9	    0.00	    0.04	    0.00	    0.00	    0.00	    0.05	 2395.01	    0.15	    0.00	    0.00	    0.00	    0.00	    0.00	    0.00	    0.00	 6241.55	    0.39	  899.52	    0.13	 1542.08	    0.00	    0.00	    0.00	    0.00
15	16	    0.40	  199.96	    0.01	    0.04	    0.02	  500.00	 1000.25	 1400.22	    0.08	    0.35	    0.06	    0.04	    0.00	    0.00	    0.00	 5917.24	    0.00	  600.22	    0.00	 1451.08	  402.19	    0.23	    0.00	  162.72
15	17	    0.03	    0.01	    0.00	    0.03	    0.01	    0.05	    0.00	    0.23	    0.14	 3557.54	  746.24	    0.09	    0.02	    0.06	    0.14	 7443.16	 3741.66	    0.00	    0.14	    0.00	    0.00	    0.00	    0.00	    0.00
16	9	    0.00	    0.00	    0.00	    0.00	    0.00	    0.00	    0.12	    0.00	    0.00	    0.00	    0.00	    0.00	    0.00	    0.00	    0.00	    0.93	 8098.97	    0.15	    0.00	    0.43	    0.00	    0.00	    0.00	    0.00
16	15	    0.07	    0.00	    0.03	    0.11	    0.00	    0.00	    0.00	    0.00	    0.00	    1.52	    0.34	    0.12	    0.09	  692.66	 1188.36	    0.00	 8459.34	    0.00	 1287.61	    0.00	    0.04	    0.07	    0.10	    0.06
16	18	    0.02	    0.01	    0.00	    0.01	    0.01	    0.02	    0.19	    0.30	    0.02	    0.11	    0.00	    0.00	    0.00	    0.00	    0.00	 3116.39	 6841.69	    0.10	    0.00	    0.00	    0.00	    0.00	    0.00	    0.00
17	6	    0.00	    0.00	    0.00	    0.00	    0.00	    0.00	    0.00	    0.00	    0.04	 1898.10	  499.33	    0.00	  255.85	  599.90	 1100.26	 1952.90	 1182.75	 1118.11	 1399.60	 3099.82	  700.31	 1299.87	  499.98	  300.00
17	15	   24.72	   29.64	    6.41	   25.19	   15.74	   69.19	 4795.27	  177.91	   18.77	    0.25	    0.08	   16.30	  599.38	    7.50	   11.95	    0.00	    0.08	 1999.81	   12.90	 4593.37	 1002.18	 1200.20	  499.92	  462.67
17	19	  299.95	  299.95	    0.00	  299.95	  100.07	  799.92	 2998.93	 3999.68	  600.21	  959.48	  146.92	    0.03	    0.00	    0.00	    0.00	 4990.26	 1958.92	 1682.08	    0.00	    0.00	    0.00	    0.00	    0.00	    0.00
18	14	    0.00	    0.05	    0.00	    0.00	    0.00	    0.09	  699.52	  999.04	    0.00	    0.00	    0.00	    0.00	    0.00	    0.00	    0.00	 1900.47	 5052.49	  299.80	 6875.16	 3156.18	    0.11	    0.22	    0.13	    0.04
18	16	    0.15	    0.04	    0.05	    0.21	    0.04	    0.00	    0.00	    0.00	    0.06	    0.27	    0.47	    0.24	    0.23	 1392.59	 2688.28	    0.00	    0.00	    0.00	 2987.56	  249.26	  197.81	 1699.75	  600.06	  137.32
18	19	    0.05	    0.00	    0.00	    0.07	    0.01	    0.02	    0.00	    0.00	    0.07	 1540.72	  452.88	    0.05	    0.08	 1204.18	 2412.01	    0.00	   89.49	    0.00	 2937.27	    0.00	    0.00	    0.00	    0.00	    0.00
19	17	    0.00	    0.00	    0.00	    0.00	    0.00	    0.00	    0.00	    0.00	    0.00	    0.15	    0.00	    0.44	  955.17	  707.34	 1312.08	    0.00	    0.10	    0.00	 1712.37	 8093.19	 1802.49	 2800.08	 1099.91	  762.67
19	18	    0.00	   99.98	    0.00	    0.00	    0.00	  199.97	 1099.32	 1698.72	    0.00	    0.00	    0.00	    0.00	   50.46	    0.01	    0.00	   84.04	    0.00	  599.69	    0.00	 4605.40	  176.89	    0.26	    0.14	   38.32
19	20	    0.00	    0.00	    0.00	    0.01	    0.07	  100.01	  699.46	  600.50	    0.14	    0.03	    0.01	    0.01	    0.02	    0.01	    0.02	 1606.67	  348.23	  282.26	   24.97	 2700.92	    0.00	    0.05	    0.02	    0.01
19	21	    0.00	   99.97	    0.00	    0.01	    0.01	  199.96	  700.15	  800.45	    0.13	    0.15	    0.03	    0.00	    0.00	    0.00	    0.11	 1699.55	    0.14	  400.13	    0.05	 3100.49	    0.12	    0.00	    0.00	    0.00
20	19	    0.00	    0.00	    0.00	    0.00	    0.00	    0.00	    0.00	    0.00	    0.00	    0.07	    0.02	  400.35	 1605.50	    0.05	    0.11	    0.00	    0.05	    0.00	    0.12	    0.00	 3179.50	    0.15	    1.88	 1200.79
20	21	  266.14	    0.01	   66.53	    0.39	    0.00	    0.02	    0.04	    0.05	    0.00	    0.00	    0.00	  465.74	 1475.79	    0.00	    0.00	    0.10	    0.00	    0.02	    0.00	    0.27	 4525.62	    0.00	    0.06	 1609.24
20	23	    0.00	    0.00	    0.00	    0.00	    0.00	    0.01	  499.42	  200.45	    0.03	  432.65	    0.00	    0.00	    0.00	    0.00	  612.16	 1006.62	  179.92	  182.24	  222.85	 1500.65	 3294.88	 2116.40	    0.00	    0.00
21	14	    0.00	    0.00	    0.00	    0.00	    0.00	    0.00	    0.04	    0.05	    0.00	    0.00	    0.00	    0.00	  862.72	    0.00	    0.00	    0.10	    0.00	    0.02	    0.00	    0.30	 2724.00	10917.36	 2857.26	 1247.15
21	19	    0.00	    0.00	    0.00	    0.00	    0.00	    0.00	    0.00	    0.00	    0.00	    0.07	    0.23	    0.02	    0.07	    3.12	    0.10	    0.00	    0.00	    0.00	    0.00	    0.00	    0.00	 5200.24	 1798.18	    0.21
21	20	    0.01	    0.00	    0.00	    0.03	   96.40	    0.00	    0.00	    0.00	  299.88	 1632.69	    1.63	    0.04	    0.00	    0.53	 1412.25	    0.06	  431.74	    0.00	  598.00	    0.00	    0.00	 3916.49	    0.93	    0.00
21	22	    0.00	    0.00	    0.00	    0.00	    0.00	    0.01	  200.15	  300.45	  289.99	 1290.60	    0.00	    0.00	    0.00	    0.00	 1032.84	  499.65	  486.58	  100.14	  334.08	  700.46	    1.74	 4365.90	    0.00	    0.00
22	13	    0.01	    0.00	    0.00	    0.00	    0.00	    0.00	    0.45	    0.90	    0.00	    0.00	    0.00	    0.02	  674.58	    0.00	    0.00	    0.39	    0.00	    0.29	    0.00	    1.48	  796.61	  782.15	 5131.55	 1151.56
22	21	  133.87	    0.02	   33.47	    0.58	    0.05	    0.03	    0.00	    0.00	    0.00	    0.00	  338.80	  234.32	  687.00	  709.46	    0.00	    0.00	    0.00	    0.00	    0.00	    0.00	    0.00	    0.00	 6756.32	  738.12
22	23	    0.01	    0.00	    0.00	    0.03	    0.00	    0.01	    0.02	    0.04	    0.13	  367.34	  998.29	    0.07	    0.00	 1399.37	  486.68	    0.07	  120.13	    0.00	  176.66	    0.11	    0.04	 1484.47	 2612.13	    0.00
23	12	    0.00	    0.00	    0.00	    0.00	    0.00	    0.00	  399.12	    0.00	    0.00	    0.00	    0.00	    0.00	    0.00	  599.87	  698.82	  705.88	    0.03	  182.08	  299.50	 1099.64	 1300.01	 2500.16	 1211.14	 1800.30
23	20	  366.12	    0.01	   66.53	  200.36	    3.53	    0.02	    0.00	    0.00	    0.01	    0.00	  398.37	 1166.04	 3681.27	  399.51	    0.00	    0.00	    0.00	    0.00	    0.00	    0.00	    0.00	    0.00	  700.99	 3310.02
23	22	  433.75	    0.01	  133.43	    2.26	    0.45	    0.45	    0.32	    0.49	    0.01	    0.05	    0.04	  934.11	 2161.30	    0.00	    0.03	    0.81	    0.02	    0.16	    0.01	    1.12	 1494.91	    0.72	    0.00	 2589.68
