i	j	       0	       1	       2	       3	       4	       5	       6	       7	       8	       9	      10	      11	      12	      13	      14	      15	      16	      17	      18	      19	      20	      21	      22	      23
0	1	 2601.15	    0.00	  265.90	  199.98	   16.73	    0.00	    0.01	    0.02	   33.45	  100.36	  200.00	  467.69	  461.28	  100.00	   16.68	    0.02	    0.06	    0.00	    0.06	    0.00	    0.03	    0.05	    0.04	   28.77
0	2	 6198.85	 1159.29	    0.00	    0.00	    0.00	  232.15	  139.38	  243.89	    0.00	    0.00	    0.00	    0.00	    0.00	    0.00	    0.00	  110.26	    0.00	   34.59	    0.00	    0.00	    0.00	    0.00	    0.00	    0.00
1	0	    0.00	 1259.29	    0.00	    0.00	    0.00	  532.15	  639.36	 1043.85	    0.00	    0.00	    0.00	    0.00	    0.00	    0.00	    0.00	  610.24	    0.12	  134.58	    0.16	  299.99	    0.00	    0.04	    0.00	    0.00
1	5	 2501.15	 2740.71	  165.90	    0.00	    0.00	    0.00	    0.00	    0.00	    0.00	    0.00	    0.02	  367.69	  161.28	    0.00	    0.00	    0.00	    0.00	    0.00	    0.00	    0.00	    0.03	    0.01	    0.04	   28.77
2	0	    0.00	    0.00	  365.90	  699.98	  216.73	    0.00	    0.03	    0.05	  533.45	 1400.36	  700.00	  667.69	  961.28	  400.00	  516.68	    0.04	  399.94	    0.00	  299.90	    0.02	  100.03	  400.01	  300.04	  128.77
2	3	 4498.12	  658.92	 1933.80	    0.00	    0.00	    0.04	    0.00	    0.00	    0.00	    0.00	    0.08	 3731.16	 2524.61	    0.02	    0.00	    0.00	    0.00	    0.00	    0.00	    0.00	  202.35	    0.18	    3.64	  470.91
2	11	 1600.73	  400.37	  500.31	 1602.30	  401.82	  500.36	  735.48	 1200.00	 1399.38	  677.32	    0.65	    0.00	    0.00	    0.09	   53.68	  552.90	  191.04	  198.95	   23.00	    0.14	    0.00	    0.00	    0.00	    0.00
3	2	    0.00	    0.00	    0.00	 2502.28	  718.55	  568.25	  696.13	 1156.16	 2032.83	 2377.22	 1000.09	    0.00	    0.00	  499.71	  670.16	  642.64	  690.87	  164.36	  322.83	    0.15	    0.00	    0.00	    0.00	    0.00
3	4	 3195.96	  158.72	 1333.52	 6696.14	    0.00	    0.00	    0.00	    0.00	    0.00	    0.00	  906.16	 3130.38	 1924.14	  199.98	    0.07	    0.00	    0.00	    0.00	    0.02	    0.00	    2.41	    0.06	  199.95	  270.89
3	10	  802.16	  300.25	  400.27	 2401.59	  699.79	  599.68	    0.52	    3.90	    0.06	    0.16	    0.00	    0.79	    0.47	    0.06	    0.06	    0.36	    0.04	    0.05	    0.02	    0.08	    0.02	    0.04	    0.05	    0.02
4	3	    0.00	    0.04	    0.00	    0.00	 1918.34	 1567.89	 1096.65	 1860.06	 2732.89	 3576.04	    0.00	    0.00	    0.00	    0.09	 1167.37	 1442.87	 1190.83	  264.41	  521.67	  300.24	    0.03	  398.22	    0.00	    0.00
4	5	    0.00	    0.00	  528.80	 2111.14	 1249.00	    0.00	    0.02	    0.03	  566.55	 1299.52	  405.63	 1467.69	  611.61	   99.99	  282.83	    0.04	    0.16	    0.00	    0.08	    0.01	    0.00	    0.07	   99.95	   71.22
4	8	 2995.96	  899.43	  704.72	 4085.00	 2932.67	 1399.87	    0.03	    0.11	    0.00	    0.00	    0.53	 1462.68	 1112.53	    0.00	    0.00	    0.06	    0.00	    0.01	    0.00	    0.03	    0.00	    0.00	    0.00	  199.67
5	1	    0.00	    0.00	    0.00	    0.02	   83.27	  932.15	  839.35	 1443.84	  166.55	  499.64	    0.02	    0.00	    0.00	    0.01	   83.32	 1010.23	  200.06	  134.58	  100.10	  399.98	    0.00	  100.00	    0.00	    0.00
5	4	    0.00	  840.76	    0.00	    0.00	    0.00	 3167.76	 1002.90	 1815.08	    0.00	    0.00	    0.00	    0.00	    0.00	    0.00	    0.00	 1466.47	    0.40	  203.03	    0.03	  309.02	    0.09	    0.14	    0.00	    0.00
5	7	 2201.15	 1499.95	  394.70	 1711.12	  965.72	 3500.09	    0.00	    0.00	    0.00	    0.00	    5.63	 1635.38	  572.89	    0.00	    0.00	    0.00	    0.00	    0.00	    0.00	    0.00	    0.00	    0.00	    0.00	    0.00
6	7	    0.00	    0.00	    0.00	    0.00	    0.00	    0.00	 4140.05	    0.00	    0.00	    0.00	    0.00	    0.00	    0.00	  399.96	  600.29	  418.60	  146.63	  998.92	  999.74	 2599.70	  500.08	  800.03	  300.00	  200.00
6	17	  427.61	  333.06	    7.19	  427.33	  117.15	  977.36	 7959.95	 4498.03	  819.98	    0.33	    0.13	  216.58	    0.10	    0.00	    0.00	    0.00	    0.02	    0.00	    0.00	    0.00	    0.00	    0.00	    0.00	    0.00
7	5	    0.00	    0.00	    0.00	    0.00	    0.00	    0.00	 2242.23	 4058.89	    0.00	    0.12	    0.00	    0.00	    0.00	    0.01	    0.49	 3376.66	  700.29	  437.61	  300.04	 1008.99	  100.05	  300.06	    0.01	    0.01
7	6	  927.61	  533.06	  107.19	  827.33	  317.15	 1377.36	    0.00	 5498.03	 1419.93	    2.40	    0.92	  916.58	  102.01	    0.00	    0.00	    0.00	    0.11	    0.00	    0.00	    0.00	    0.00	    0.00	    0.00	    0.00
7	8	    0.00	    0.00	    0.00	    0.00	    0.00	    0.00	  897.81	 3741.06	    0.00	    0.00	    0.00	    0.00	    0.00	    0.00	    0.00	 1291.02	    0.00	  261.37	    0.00	  690.89	    0.05	    0.00	    0.00	    0.00
7	15	  473.61	  566.93	  174.55	  691.22	  431.98	 1322.82	    0.00	 3402.03	  834.74	    0.00	    0.20	  485.59	    0.40	    0.00	    0.00	    0.00	    0.00	    0.00	    0.00	    0.00	    0.00	    0.00	    0.00	    0.00
8	4	    0.00	    0.00	    0.00	    0.00	    0.00	    0.00	  293.79	  545.12	 4099.43	 5875.56	    0.00	    0.00	    0.00	    0.10	 1650.13	  476.50	 1390.59	   61.40	  621.71	   91.26	   97.53	  598.09	    0.00	    0.00
8	7	    0.08	    0.04	   87.04	  507.43	  283.41	    0.09	    0.00	    0.00	 3054.67	 1602.26	  795.50	  366.79	  129.52	    0.00	    0.00	    0.00	    0.22	    0.00	    0.00	    0.00	    0.00	    0.00	    0.00	    0.00
8	9	 2495.88	  699.39	  517.68	 2877.57	 1849.26	  999.78	    4.10	 2396.04	 9045.90	    0.00	    0.36	  495.95	  383.06	    0.00	    0.00	    0.24	    0.00	    0.06	    0.00	    0.00	    0.00	    0.00	    0.00	    0.00
9	8	    0.00	    0.00	    0.00	    0.00	    0.00	    0.00	    0.05	    0.00	    0.00	10277.82	 2195.33	    0.05	    0.05	  600.10	 2650.13	  585.65	 2290.81	    0.08	 1021.71	    0.35	  397.48	 1298.09	  500.00	    0.33
9	10	    0.00	    0.00	    0.00	    0.00	    0.00	    0.00	  499.48	  796.14	 1716.21	 8387.86	    0.00	    0.00	    0.00	    0.00	 1296.88	 1546.78	 1909.07	  200.02	  429.38	  435.75	    1.98	  505.61	    0.00	    0.00
9	14	  799.29	   99.88	   99.91	 1098.34	  598.44	  199.89	    0.00	    0.00	 3084.40	14649.42	 1960.75	  464.38	   42.62	    0.00	    0.00	    0.00	    0.79	    0.00	    0.00	    0.00	    0.00	    0.00	    0.00	    0.00
9	15	    0.00	    0.00	   18.29	   81.55	   50.97	    0.00	    0.00	    0.00	  545.42	 7983.38	 2161.22	  196.94	    0.11	    0.00	    0.00	    0.00	    0.00	    0.00	    0.00	    0.00	    0.00	    0.00	    0.00	    0.00
9	16	  398.78	    0.02	   99.97	  499.87	  199.95	    0.04	    0.08	    0.11	  899.86	 3901.53	  999.69	  664.04	  499.55	    0.06	    0.12	    0.11	    0.00	    0.05	    0.07	    0.14	    0.05	    0.14	    0.05	    0.02
10	3	    0.00	    0.00	    0.00	    0.00	    0.00	    0.00	    0.00	    0.00	    0.00	    1.35	 3406.16	    0.00	    0.00	 1199.64	    2.92	    0.13	    0.08	    0.00	    1.19	    0.00	    0.05	    1.71	  696.36	    0.00
10	9	    2.19	    0.45	    0.49	    2.20	    0.10	    0.08	    0.00	    0.00	    0.00	    0.00	11216.63	 2829.46	 2059.28	 1139.79	    0.00	    0.00	    0.00	    0.00	    0.00	    0.00	    0.00	    0.00	  308.45	   49.27
10	11	    0.00	    0.00	    0.00	    0.00	    0.00	    0.00	    0.00	    0.00	    0.11	 3223.13	 2400.37	    0.00	    0.00	  742.88	  659.30	  147.00	  909.03	    0.07	  282.33	    0.08	    0.00	    0.20	    0.18	    0.00
10	13	  300.82	  100.10	  100.13	  999.47	  199.71	  199.67	    0.00	    0.04	  316.16	 1163.54	 5276.83	  935.79	  179.26	    0.00	    0.00	    0.00	    0.00	    0.00	    0.00	    0.00	    0.00	    0.00	    0.00	    0.00
11	2	    0.00	    0.00	    0.00	    0.00	    0.00	    0.00	    0.00	    0.00	    0.00	    0.46	    0.64	 4598.85	 3585.89	    0.41	    0.20	    0.03	    0.11	    0.00	    0.08	    0.00	  302.38	  500.18	  403.68	  599.68
11	10	    0.85	    0.30	    0.34	    0.08	    0.02	    0.07	    0.00	    0.00	    0.00	    0.00	    0.00	 5164.46	 3238.07	    0.00	    0.00	    0.00	    0.00	    0.00	    0.00	    0.00	    0.24	    0.00	    0.13	    0.87
11	12	 1399.88	  300.07	  299.97	 1002.22	  201.80	  300.29	   35.48	  600.00	  799.48	 1900.00	 1000.38	 4136.69	    0.00	   43.23	   12.78	    0.75	  499.96	    0.12	    5.26	    0.03	    0.00	    0.00	    0.00	    0.00
12	11	    0.00	    0.00	    0.00	    0.00	    0.00	    0.00	    0.00	    0.00	    0.00	    0.00	    0.00	    0.00	 8123.96	    0.66	    0.00	    0.88	    0.00	    1.10	    0.00	  499.81	  602.62	 1199.98	 1103.62	 1100.55
12	23	  899.88	    0.07	  199.97	  402.22	    1.80	  100.29	    0.00	    0.00	  199.48	    0.00	    0.38	 2836.69	 6476.04	    0.00	    0.00	    0.00	    0.00	    0.00	    0.00	    0.00	    0.00	    0.00	    0.00	    0.00
13	10	    0.00	    0.00	    0.00	    0.00	    0.00	    0.00	    0.00	    0.00	    0.00	    0.00	    0.00	    0.00	    0.00	 4682.24	  765.28	    0.00	    0.00	    0.00	  254.13	  164.25	  397.82	  596.25	 2304.82	  648.37
13	14	    0.71	    0.10	    0.10	    0.74	    0.03	    0.02	    0.00	    0.00	    0.00	    0.00	 1009.39	  235.71	  123.58	 6217.77	    0.00	    0.00	    0.00	    0.00	    0.00	    0.00	    0.00	    0.00	 1287.00	  159.81
13	22	    0.12	    0.00	    0.04	  498.75	   99.68	   99.65	    0.00	    0.00	  197.86	  826.09	 2667.51	    0.14	    0.00	 3199.99	  446.13	    0.00	  224.76	    0.00	  140.35	    0.00	    0.00	    0.00	    0.00	    0.00
14	9	    0.00	    0.00	    0.00	    0.00	    0.00	    0.00	    0.09	    0.00	    0.00	    0.00	    0.00	    0.00	    0.00	 1560.36	 7947.13	    0.29	    0.00	    0.08	 3250.97	 1691.11	 1599.51	 4403.84	 1991.60	  751.09
14	13	    0.00	    0.00	    0.00	    0.00	    0.00	    0.00	  199.76	  399.52	  481.70	 1762.55	    0.00	    0.00	    0.00	    0.00	 2511.41	  699.34	  924.76	   99.88	  694.47	  663.19	    0.00	  645.63	    0.00	    0.00
14	18	  300.01	    0.03	    0.01	  200.05	  100.02	    0.05	    0.02	    0.03	  400.12	 3312.88	  837.86	    0.12	  298.81	 2897.96	 5899.98	    0.05	    0.41	    0.01	    0.00	    0.05	  687.56	 2899.80	  899.94	  315.08
14	21	    0.00	    0.00	    0.00	  399.03	  298.45	    0.00	    0.00	    0.00	 1302.59	 5573.99	  732.27	    0.00	    0.00	  459.44	 5041.48	    0.23	 2492.99	    0.00	 2103.51	    0.00	    0.00	    0.00	    0.00	    0.00
15	7	    0.00	    0.00	    0.00	    0.00	    0.00	    0.00	    0.00	    0.00	    0.00	    0.27	    0.00	    0.00	    0.00	    0.05	    0.20	 6449.09	 1953.55	    0.06	    0.30	    0.17	    0.02	    0.04	    0.01	    0.01
15	9	    0.00	    0.05	    0.00	    0.00	    0.00	    0.07	 2395.43	    0.21	    0.00	    0.00	    0.00	    0.00	    0.00	    0.00	    0.00	 6531.81	    0.57	  900.00	    0.20	 1245.13	    0.00	    0.00	    0.00	    0.00
15	16	    1.23	  200.02	    0.02	    0.11	    0.05	  500.06	 1000.26	 1400.51	    0.12	    0.51	    0.09	    0.08	    0.00	    0.00	    0.00	 5959.89	    0.00	  600.14	    0.00	 1645.80	  285.23	    0.12	    0.04	   83.60
15	17	    0.02	    0.00	    0.00	    0.02	    0.00	    0.03	    0.00	    0.17	    0.24	 3585.09	  761.83	    0.06	    0.00	    0.03	    0.13	 7159.22	 3800.79	    0.00	    0.13	    0.00	    0.00	    0.00	    0.00	    0.00
16	9	    0.00	    0.00	    0.00	    0.00	    0.00	    0.00	    0.00	    0.00	    0.00	    0.00	    0.00	    0.00	    0.00	    0.00	    0.00	    0.20	 8100.10	    0.00	    0.00	    0.00	    0.00	    0.00	    0.00	    0.00
16	15	    0.00	    0.00	    0.00	    0.00	    0.00	    0.00	    0.00	    0.00	    0.00	    2.12	    0.38	    0.00	    0.00	  686.44	 1176.95	    0.00	 8554.79	    0.00	 1275.39	    0.00	    0.05	    0.11	    0.04	    0.03
16	18	    0.05	    0.03	    0.00	    0.03	    0.02	    0.10	    0.34	    0.62	    0.06	    0.29	    0.00	   64.23	    0.00	    0.00	    0.00	 3159.80	 6745.10	    0.19	    0.00	    0.00	    0.00	    0.00	    0.00	    0.00
17	6	    0.00	    0.00	    0.00	    0.00	    0.00	    0.00	    0.00	    0.00	    0.05	 1897.93	  499.21	    0.00	  298.09	  599.96	 1100.29	 1818.60	 1146.55	 1198.92	 1399.74	 3099.70	  700.08	 1300.03	  500.00	  300.00
17	15	   27.64	   33.15	    7.19	   27.36	   17.10	   77.34	 4795.69	  198.86	   20.19	    0.36	    0.11	   17.61	  599.49	   13.64	   23.38	    0.00	    0.11	 2000.20	   25.24	 4491.10	  885.20	 1200.05	  500.01	  383.58
17	19	  300.00	  299.92	    0.00	  299.99	  100.05	  800.05	 2964.27	 3999.34	  599.98	  987.46	  162.66	    0.06	    0.06	    0.00	    0.00	 4840.62	 2054.29	 1600.88	    0.00	    0.00	    0.00	    0.00	    0.00	    0.00
18	14	    0.00	    0.05	    0.00	    0.00	    0.00	    0.13	  699.68	  999.46	    0.00	    0.00	    0.00	    0.00	    0.00	    0.00	    0.00	 1899.76	 4917.36	  299.90	 6848.94	 3453.08	    0.15	    0.38	    0.16	    0.07
18	16	    0.04	    0.00	    0.01	    0.05	    0.02	    0.00	    0.00	    0.00	    0.09	    0.38	    0.60	    0.12	    0.45	 1386.38	 2676.82	    0.00	    0.00	    0.00	 2975.32	   54.06	  314.77	 1699.85	  599.95	  216.40
18	19	    0.02	    0.00	    0.00	    0.04	    0.02	    0.02	    0.00	    0.00	    0.09	 1512.79	  437.27	    0.00	    0.00	 1211.58	 2423.16	    0.00	  128.15	    0.00	 2975.74	    0.00	    0.00	    0.00	    0.00	    0.00
19	17	    0.00	    0.00	    0.00	    0.00	    0.00	    0.00	    0.00	    0.00	    0.00	    0.33	    0.02	    1.03	  997.54	  713.58	 1323.54	    0.00	    0.14	    0.00	 1724.85	 7990.81	 1685.28	 2800.08	 1100.01	  683.58
19	18	    0.00	   99.99	    0.00	    0.00	    0.00	  200.00	 1099.32	 1698.81	    0.00	    0.00	    0.00	  235.77	    1.63	    0.00	    0.00	   39.91	    0.00	  599.70	    0.00	 4707.10	   27.37	    0.43	    0.17	    1.39
19	20	    0.01	    0.00	    0.00	    0.01	    0.06	  100.05	  664.81	  600.38	    0.01	    0.05	    0.02	    0.01	    0.02	    0.02	    0.03	 1500.74	  482.26	  201.15	   50.99	 2700.83	    0.00	    0.07	    0.03	    0.02
19	21	    0.00	   99.93	    0.00	    0.02	    0.01	  200.03	  700.14	  800.14	    0.06	    0.21	    0.04	    0.00	    0.00	    0.00	    0.16	 1699.97	    0.11	  400.03	    0.08	 3101.26	    0.17	    0.00	    0.00	    0.00
20	19	    0.00	    0.00	    0.00	    0.00	    0.00	    0.00	    0.00	    0.00	    0.00	    0.10	    0.02	  636.68	 1598.98	    0.08	    0.16	    0.00	    0.07	    0.00	    0.17	    0.00	 2912.82	    0.69	    0.98	 1084.62
20	21	  253.16	    0.05	   63.29	    0.27	    0.00	    0.04	    0.11	    0.12	    0.00	    0.00	    0.00	  443.03	 1396.71	    0.00	    0.00	    0.27	    0.00	    0.06	    0.00	    0.62	 4887.64	    0.00	    0.44	 1579.51
20	23	    0.00	    0.00	    0.00	    0.00	    0.00	    0.02	  464.70	  200.26	    0.21	  480.55	    0.00	    0.00	    0.00	    0.00	  672.05	  900.55	  207.91	  101.09	  247.70	 1500.21	 3199.53	 2332.07	    0.00	    0.00
21	14	    0.00	    0.00	    0.00	    0.00	    0.00	    0.02	    0.18	    0.08	    0.00	    0.00	    0.00	    0.03	  832.61	    0.00	    0.00	    0.16	    0.00	    0.08	    0.00	    1.26	 3086.92	10548.90	 2604.38	 1306.30
21	19	    0.00	    0.00	    0.00	    0.00	    0.00	    0.00	    0.00	    0.00	    0.00	    0.23	    0.13	    0.07	    0.15	    1.93	    0.42	    0.00	    0.00	    0.00	    0.00	    0.00	    0.00	 5199.88	 1799.23	    0.37
21	20	    0.00	    0.00	    0.00	    0.02	   98.50	    0.00	    0.00	    0.00	  300.19	 1680.60	    2.90	    0.00	    0.00	    0.62	 1472.17	    0.08	  325.71	    0.00	  596.89	    0.00	    0.00	 4132.69	    0.81	    0.00
21	22	    0.00	    0.00	    0.00	    0.00	    0.00	    0.05	  200.06	  300.18	  302.45	 1293.36	    0.00	    0.00	    0.00	    0.00	  969.05	  500.23	  467.38	  100.02	  306.70	  700.63	    0.90	 4518.53	    0.00	    0.00
22	13	    0.01	    0.00	    0.00	    0.02	    0.00	    0.00	    0.24	    0.44	    0.00	    0.00	    0.06	    0.06	  544.32	    0.00	    0.00	    0.66	    0.00	    0.12	    0.01	    1.06	  797.82	 1150.62	 4691.81	 1208.18
22	21	  146.84	    0.02	   36.71	    0.70	    0.04	    0.00	    0.00	    0.00	    0.00	    0.00	  370.72	  257.07	  736.06	  743.11	    0.00	    0.00	    0.00	    0.00	    0.00	    0.00	    0.00	    0.00	 6503.98	  827.16
22	23	    0.00	    0.00	    0.00	    0.02	    0.00	    0.01	    0.03	    0.06	    0.31	  319.45	  996.84	    0.00	    0.00	 1356.88	  415.18	    0.12	   92.14	    0.00	  147.04	    0.32	    0.06	 1268.00	 3304.21	    0.00
23	12	    0.00	    0.00	    0.00	    0.00	    0.00	    0.00	  364.52	    0.00	    0.00	    0.00	    0.00	    0.00	    0.00	  557.43	  687.22	  600.13	    0.04	  100.98	  294.74	 1099.78	 1202.62	 2499.98	 1903.62	 1800.55
23	20	  353.15	    0.05	   63.29	  200.25	    1.44	    0.01	    0.00	    0.00	    0.00	    0.00	  397.11	 1379.70	 3595.66	  399.44	    0.00	    0.00	    0.00	    0.00	    0.00	    0.00	    0.00	    0.00	  700.59	 3164.11
23	22	  446.73	    0.02	  136.68	    1.99	    0.36	    0.31	    0.22	    0.33	    0.00	    0.00	    0.12	  956.99	 2080.38	    0.00	    0.00	    0.55	    0.00	    0.11	    0.00	    0.75	 1496.97	    0.09	    0.00	 2735.33
