i	j	       0	       1	       2	       3	       4	       5	       6	       7	       8	       9	      10	      11	      12	      13	      14	      15	      16	      17	      18	      19	      20	      21	      22	      23
0	1	 2600.06	    0.00	  277.70	  200.02	   10.82	    0.00	    0.01	    0.02	   21.64	   65.14	  200.02	  503.13	  473.27	  100.00	   10.84	    0.02	    0.04	    0.00	    0.01	    0.00	    0.01	    0.09	    0.22	   30.41
0	2	 6199.94	 1219.28	    0.00	    0.00	    0.00	  316.84	  236.68	  399.31	    0.00	    0.00	    0.00	    0.00	    0.00	    0.00	    0.00	  186.03	    0.00	   56.73	    0.00	    0.04	    0.00	    0.00	    0.00	    0.00
1	0	    0.00	 1319.28	    0.00	    0.00	    0.00	  616.84	  236.68	 1199.28	    0.00	    0.00	    0.00	    0.00	    0.00	    0.00	    0.00	  685.96	    0.56	  156.73	    0.03	  300.00	    0.00	    0.02	    0.00	    0.00
1	5	 2500.06	 2680.72	  177.70	    0.04	    0.00	    0.00	    0.00	    0.00	    0.00	    0.00	    0.04	  403.13	  173.27	    0.01	    0.00	    0.00	    0.00	    0.00	    0.00	    0.00	    0.01	    0.03	    0.22	   30.41
2	0	    0.00	    0.00	  377.70	  700.02	  210.82	    0.00	  500.01	    0.05	  521.64	 1365.14	  700.02	  703.13	  973.27	  400.00	  510.84	    0.08	  399.47	    0.00	  299.99	    0.04	  100.00	  400.07	  300.22	  130.41
2	3	 4499.93	  719.17	 1922.26	    0.00	    0.00	    0.00	    0.00	    0.00	    0.00	    0.00	    0.00	 3724.49	 2481.92	    0.09	    0.00	    0.00	    0.00	    0.00	    0.00	    0.00	  203.25	    0.03	    2.52	  469.37
2	11	 1600.01	  400.11	  500.04	 1602.18	  402.70	  500.51	  775.94	 1200.00	 1399.75	  647.73	    0.46	    0.00	    0.00	    0.15	   55.87	  546.83	  182.69	  199.15	   23.94	    0.18	    0.00	    0.00	    0.00	    0.00
3	2	    0.00	    0.00	    0.00	 2502.20	  713.53	  483.67	 1139.27	 1000.74	 2021.39	 2312.86	 1000.00	    0.00	    0.00	  499.86	  666.65	  560.88	  682.17	  142.42	  323.93	    0.15	    0.00	    0.09	    0.07	    0.00
3	4	 3197.87	  218.92	 1321.93	 6697.08	    0.00	    0.00	    0.00	    0.00	    0.00	    0.12	  904.06	 3123.70	 1881.41	  200.09	    0.07	    0.00	    0.01	    0.00	    0.02	    0.00	    3.31	    0.12	  199.84	  269.40
3	10	  802.06	  300.29	  400.33	 2400.72	  699.68	  599.49	    0.35	    3.91	    0.37	    0.17	    0.00	    0.79	    0.51	    0.07	    0.06	    0.12	    0.04	    0.04	    0.02	    0.02	    0.02	    0.05	    0.05	    0.02
4	3	    0.00	    0.04	    0.00	    0.00	 1913.21	 1483.16	 1539.62	 1704.64	 2721.76	 3510.28	    0.00	    0.00	    0.00	    0.00	 1164.66	 1360.86	 1181.65	  242.45	  523.09	  300.13	    0.03	  398.98	    0.00	    0.00
4	5	    0.00	    0.00	  517.64	 2135.97	 1268.88	    0.00	    0.02	    0.03	  578.51	 1334.81	  403.41	 1435.45	  564.64	  100.02	  288.65	    0.04	    0.04	    0.00	    0.02	    0.01	    0.01	    0.00	   99.78	   69.58
4	8	 2997.87	  899.69	  704.29	 4061.11	 2917.92	 1400.07	    0.03	    0.10	    0.00	    0.00	    0.65	 1488.25	 1116.77	    0.07	    0.00	    0.06	    0.00	    0.01	    0.00	    0.03	    0.00	    0.00	    0.06	  199.82
5	1	    0.00	    0.00	    0.00	    0.02	   89.18	 1016.84	  436.67	 1599.26	  178.36	  534.86	    0.02	    0.00	    0.00	    0.01	   89.16	 1085.95	  200.53	  156.73	  100.01	  400.00	    0.00	   99.96	    0.00	    0.00
5	4	    0.00	  780.81	    0.00	    0.00	    0.00	 3083.23	 1347.47	 1694.00	    0.00	    0.00	    0.00	    0.00	    0.00	    0.00	    0.00	 1408.42	    0.07	  186.25	    0.03	  307.60	    0.03	    0.05	    0.00	    0.00
5	7	 2200.06	 1499.91	  395.34	 1735.99	  979.70	 3499.93	    0.00	    0.00	    0.16	    0.07	    3.43	 1638.58	  537.90	    0.03	    0.00	    0.00	    0.00	    0.00	    0.00	    0.00	    0.00	    0.00	    0.00	    0.00
6	7	    0.00	    0.00	    0.00	    0.00	    0.00	    0.00	 4179.13	    0.00	    0.00	    0.00	    0.00	    0.00	    0.00	  399.87	  600.34	  387.49	  136.79	  999.27	  999.73	 2599.47	  500.11	  799.95	  299.99	  200.00
6	17	  429.55	  335.39	    8.57	  433.06	  120.68	  982.76	 7920.87	 4512.28	  832.63	    0.59	    0.13	  221.80	    0.09	    0.00	    0.00	    0.00	    0.03	    0.00	    0.00	    0.00	    0.00	    0.00	    0.00	    0.00
7	5	    0.00	    0.00	    0.00	    0.00	    0.00	    0.00	 2184.13	 4093.23	    0.00	    0.12	    0.00	    0.00	    0.00	    0.00	    0.51	 3394.33	  700.56	  442.97	  300.02	 1007.59	  100.02	  299.98	    0.00	    0.01
7	6	  929.55	  535.39	  108.57	  833.06	  320.68	 1382.76	    0.00	 5512.28	 1432.58	    3.55	    1.35	  921.73	   59.53	    0.00	    0.00	    0.00	    0.11	    0.00	    0.00	    0.00	    0.00	    0.00	    0.00	    0.00
7	8	    0.00	    0.00	    0.00	    0.00	    0.00	    0.00	  995.00	 3706.33	    0.00	    0.00	    0.00	    0.00	    0.00	    0.00	    0.00	 1233.39	    0.00	  256.35	    0.00	  692.01	    0.11	    0.00	    0.00	    0.00
7	15	  470.59	  564.57	  174.45	  688.76	  430.46	 1317.27	    0.00	 3388.16	  869.28	    0.51	    0.06	  482.09	    0.14	    0.00	    0.00	    0.00	    0.00	    0.00	    0.00	    0.00	    0.00	    0.00	    0.00	    0.00
8	4	    0.00	    0.00	    0.00	    0.00	    0.00	    0.00	  392.19	  510.78	 4100.27	 5844.97	    0.00	    0.00	    0.00	    0.00	 1653.23	  452.54	 1381.61	   56.21	  623.07	   92.57	   96.69	  598.82	    0.00	    0.00
8	7	    0.08	    0.04	   87.68	  485.83	  271.44	    0.09	    0.00	    0.00	 3101.70	 1603.84	  797.98	  365.24	  121.76	    0.00	    0.00	    0.00	    0.23	    0.00	    0.00	    0.00	    0.00	    0.00	    0.00	    0.00
8	9	 2497.79	  699.64	  516.61	 2875.28	 1846.47	  999.98	    2.89	 2395.65	 8998.03	    0.00	    0.00	  523.06	  395.06	    0.00	    0.00	    0.76	    0.00	    0.37	    0.00	    0.29	    0.00	    0.00	    0.00	    0.00
9	8	    0.00	    0.00	    0.00	    0.00	    0.00	    0.00	    0.05	    0.00	    0.00	10248.81	 2197.34	    0.05	    0.05	  599.93	 2653.23	  619.84	 2281.84	    0.22	 1023.07	    0.82	  396.58	 1298.82	  499.94	    0.18
9	10	    0.00	    0.00	    0.00	    0.00	    0.00	    0.00	  499.75	  796.12	 1715.61	 8411.75	    0.00	    0.00	    0.00	    0.00	 1290.62	 1553.88	 1917.67	  200.02	  426.69	  419.82	    1.88	  493.81	    0.00	    0.00
9	14	  799.16	   99.94	   99.90	 1098.36	  597.62	  199.94	    0.00	    0.00	 3084.31	14606.28	 1888.00	  651.45	    4.65	    0.00	    0.00	    0.00	    0.81	    0.00	    0.00	    0.00	    0.00	    0.00	    0.00	    0.00
9	15	    0.00	    0.00	   16.98	   78.23	   48.89	    0.00	    0.00	    0.00	  498.27	 8032.91	 2175.63	  195.44	    0.11	    0.00	    0.00	    0.00	    0.00	    0.00	    0.00	    0.00	    0.00	    0.00	    0.00	    0.00
9	16	  399.84	    0.05	   99.97	  499.85	  199.96	    0.11	    0.08	    0.12	  899.84	 3900.25	  999.80	  599.82	  499.85	    0.06	    0.13	    0.12	    0.00	    0.05	    0.07	    0.14	    0.05	    0.14	    0.05	    0.03
10	3	    0.00	    0.00	    0.00	    0.00	    0.00	    0.00	    0.00	    0.00	    0.00	    2.87	 3404.06	    0.00	    0.00	 1199.92	    2.12	    0.14	    0.57	    0.01	    0.87	    0.04	    0.05	    1.25	  697.44	    0.06
10	9	    1.21	    0.29	    0.24	    1.16	    0.00	    0.00	    0.00	    0.00	    0.00	    0.00	11160.77	 2923.71	 2009.60	 1116.41	    0.00	    0.00	    0.00	    0.00	    0.00	    0.00	    0.00	    0.00	  342.97	   48.83
10	11	    0.00	    0.00	    0.00	    0.00	    0.00	    0.00	    0.10	    0.00	    0.11	 3252.27	 2400.63	    0.00	    0.00	  713.90	  648.61	  154.02	  917.26	    0.05	  277.95	    0.00	    0.00	    0.00	    0.00	    0.00
10	13	  300.96	  100.04	  100.14	  999.64	  199.71	  199.51	    0.00	    0.03	  315.87	 1156.78	 5334.55	 1048.74	   22.18	    0.00	    0.00	    0.00	    0.00	    0.00	    0.00	    0.00	    0.00	    0.00	    0.00	    0.00
11	2	    0.00	    0.00	    0.00	    0.00	    0.00	    0.00	    0.00	    0.00	    0.00	    0.00	    0.48	 4627.62	 3555.18	    0.39	    0.05	    0.00	    0.00	    0.00	    0.00	    0.03	  303.26	  500.00	  402.66	  599.78
11	10	    0.11	    0.04	    0.05	    0.08	    0.03	    0.02	    0.00	    0.00	    0.00	    0.00	    0.00	 5371.65	 3031.27	    0.00	    0.00	    0.00	    0.00	    0.00	    0.00	    0.00	    0.04	    0.00	    0.00	    0.39
11	12	 1399.90	  300.07	  299.98	 1002.10	  202.68	  300.49	   76.10	  600.00	  799.85	 1900.00	 1000.61	 3900.73	    0.00	   13.98	    4.42	    0.91	  499.96	    0.05	    1.89	    0.04	    0.00	    0.00	    0.00	    0.00
12	11	    0.00	    0.00	    0.00	    0.00	    0.00	    0.00	    0.06	    0.00	    0.00	    0.00	    0.00	    0.00	 7886.45	    0.32	    0.00	    0.06	    0.00	    0.86	    0.00	  499.89	  603.29	 1200.00	 1102.66	 1100.17
12	23	  899.90	    0.07	  199.98	  402.10	    2.68	  100.49	    0.00	    0.00	  199.85	    0.00	    0.61	 2600.73	 6713.55	    0.00	    0.00	    0.00	    0.00	    0.00	    0.00	    0.00	    0.00	    0.00	    0.00	    0.00
13	10	    0.00	    0.00	    0.00	    0.00	    0.00	    0.00	    0.00	    0.00	    0.00	    0.00	    0.00	    0.00	    0.00	 4630.17	  760.06	    0.16	    0.12	    0.00	  252.12	  180.20	  398.12	  607.39	 2340.36	  648.48
13	14	    0.86	    0.04	    0.12	    1.19	    0.06	    0.04	    0.00	    0.00	    0.00	    0.00	 1049.23	  348.61	   93.49	 6239.03	    0.00	    0.00	    0.00	    0.00	    0.00	    0.00	    0.00	    0.00	 1176.45	  125.54
13	22	    0.10	    0.00	    0.02	  498.47	   99.66	   99.48	    0.00	    0.00	  193.39	  797.94	 2685.39	    0.16	    0.00	 3230.80	  435.54	    0.00	  222.36	    0.00	  134.92	    0.00	    0.00	    0.00	    0.00	    0.00
14	9	    0.00	    0.00	    0.00	    0.00	    0.00	    0.00	    0.00	    0.00	    0.00	    0.00	    0.00	    0.00	    0.00	 1583.58	 7943.98	    0.30	    0.77	    0.05	 3249.63	 1718.59	 1598.51	 4392.77	 1957.02	  751.37
14	13	    0.00	    0.00	    0.00	    0.00	    0.00	    0.00	  199.67	  399.38	  477.52	 1741.16	    0.07	    0.00	    0.00	    0.00	 2495.60	  699.08	  922.48	   99.83	  687.03	  678.90	    0.17	  679.68	    0.00	    0.00
14	18	  300.03	    0.04	    0.02	  200.12	  100.03	    0.07	    0.02	    0.03	  400.14	 3263.10	  823.04	  300.13	  281.32	 2895.20	 5899.64	    0.06	    0.41	    0.01	    0.00	    0.05	  559.82	 2899.91	  899.98	  260.15
14	21	    0.00	    0.00	    0.00	  399.43	  297.64	    0.02	    0.00	    0.00	 1306.65	 5602.01	  714.12	    0.00	    0.00	  460.25	 5060.79	    0.23	 2480.83	    0.00	 2081.58	    0.00	    0.00	    0.00	    0.00	    0.00
15	7	    0.00	    0.00	    0.00	    0.00	    0.00	    0.00	    0.00	    0.00	    0.00	    0.27	    0.00	    0.00	    0.00	    0.10	    0.18	 6440.23	 1963.64	    0.06	    0.29	    0.13	    0.02	    0.03	    0.01	    0.01
15	9	    0.00	    0.05	    0.00	    0.00	    0.00	    0.07	 2396.78	    0.58	    0.00	    0.00	    0.00	    0.00	    0.00	    0.00	    0.00	 6570.74	    1.66	  899.78	    0.20	 1201.69	    0.00	    0.00	    0.00	    0.00
15	16	    0.15	  199.97	    0.01	    0.06	    0.03	  499.95	 1000.33	 1400.26	    0.12	    0.51	    0.09	    0.05	    0.00	    0.00	    0.00	 5963.54	    0.00	  600.15	    0.00	 1546.66	  351.03	    0.00	    0.00	  127.22
15	17	    0.02	    0.00	    0.00	    0.02	    0.00	    0.03	    0.00	    0.16	    0.16	 3633.97	  775.99	    0.13	    0.00	    0.03	    0.14	 7125.48	 3747.68	    0.00	    0.14	    0.00	    0.00	    0.00	    0.00	    0.00
16	9	    0.00	    0.00	    0.00	    0.00	    0.00	    0.00	    0.21	    0.00	    0.00	    0.00	    0.00	    0.00	    0.00	    0.00	    0.00	    2.04	 8097.90	    0.09	    0.00	    0.21	    0.00	    0.00	    0.00	    0.00
16	15	    0.00	    0.00	    0.00	    0.00	    0.00	    0.00	    0.00	    0.00	    0.00	    0.95	    0.27	    0.00	    0.00	  691.78	 1186.54	    0.00	 8512.86	    0.00	 1285.79	    0.00	    0.05	    0.11	    0.04	    0.03
16	18	    0.03	    0.03	    0.00	    0.02	    0.01	    0.06	    0.20	    0.38	    0.04	    0.16	    0.00	    0.00	    0.00	    0.00	    0.00	 3161.62	 6789.24	    0.11	    0.00	    0.00	    0.00	    0.00	    0.00	    0.00
17	6	    0.00	    0.00	    0.00	    0.00	    0.00	    0.00	    0.00	    0.00	    0.05	 1897.05	  498.78	    0.06	  340.56	  599.87	 1100.34	 1787.49	 1136.71	 1199.27	 1399.73	 3099.47	  700.11	 1299.95	  499.99	  300.00
17	15	   29.58	   35.46	    8.57	   33.09	   20.68	   82.77	 4797.12	  212.84	   32.73	    0.37	    0.12	   22.65	  599.75	    8.35	   13.78	    0.00	    0.12	 1999.99	   14.84	 4348.49	  951.00	 1199.92	  499.97	  427.20
17	19	  299.99	  299.93	    0.00	  299.99	  100.01	  800.01	 2923.76	 3999.59	  600.01	 1037.36	  177.23	    0.06	    0.07	    0.00	    0.00	 4837.99	 2011.02	 1600.75	    0.00	    0.00	    0.00	    0.00	    0.00	    0.00
18	14	    0.00	    0.06	    0.00	    0.00	    0.00	    0.11	  699.62	  999.33	    0.00	    0.00	    0.00	    0.00	    0.00	    0.00	    0.00	 1899.50	 4903.68	  299.87	 6818.24	 3497.08	    0.16	    0.38	    0.16	    0.07
18	16	    0.04	    0.02	    0.02	    0.10	    0.02	    0.00	    0.00	    0.00	    0.08	    0.36	    0.37	    0.13	    0.15	 1391.72	 2686.41	    0.00	    0.00	    0.00	 2985.72	  153.41	  248.97	 1699.96	  599.99	  172.79
18	19	    0.02	    0.00	    0.00	    0.04	    0.02	    0.02	    0.00	    0.00	    0.10	 1462.90	  422.67	    0.00	    0.00	 1203.49	 2413.22	    0.00	  185.98	    0.00	 2996.04	    0.00	    0.00	    0.00	    0.00	    0.00
19	17	    0.00	    0.00	    0.00	    0.00	    0.00	    0.00	    0.00	    0.00	    0.00	    0.21	    0.01	    0.85	 1040.29	  708.19	 1313.97	    0.00	    0.14	    0.00	 1714.43	 7847.95	 1751.11	 2799.87	 1099.96	  727.20
19	18	    0.00	  100.01	    0.00	    0.00	    0.00	  200.01	 1099.40	 1698.92	    0.00	    0.00	    0.00	    0.00	   18.83	    0.01	    0.00	   37.82	    0.00	  599.75	    0.00	 4850.44	   89.30	    0.43	    0.17	   12.71
19	20	    0.00	    0.00	    0.00	    0.01	    0.02	  100.01	  624.34	  600.54	    0.05	    0.05	    0.02	    0.01	    0.02	    0.02	    0.03	 1499.84	  496.82	  200.99	   81.72	 2700.99	    0.00	    0.07	    0.03	    0.02
19	21	    0.00	   99.93	    0.00	    0.02	    0.01	  200.01	  700.01	  800.13	    0.06	    0.21	    0.05	    0.00	    0.00	    0.00	    0.17	 1700.33	    0.11	  400.01	    0.08	 3100.61	    0.18	    0.00	    0.00	    0.00
20	19	    0.00	    0.00	    0.00	    0.00	    0.00	    0.00	    0.00	    0.00	    0.00	    0.11	    0.03	  400.77	 1658.97	    0.08	    0.17	    0.00	    0.07	    0.00	    0.18	    0.00	 3040.59	    0.24	    1.65	 1139.64
20	21	  263.14	    0.06	   65.79	    0.21	    0.00	    0.01	    0.06	    0.08	    0.00	    0.00	    0.00	  460.50	 1462.92	    0.00	    0.00	    0.16	    0.00	    0.03	    0.00	    0.41	 4760.22	    0.00	    0.55	 1604.31
20	23	    0.00	    0.00	    0.00	    0.00	    0.00	    0.02	  424.28	  200.47	    0.03	  489.04	    0.00	    0.00	    0.00	    0.00	  682.06	  899.77	  211.88	  100.96	  252.66	 1500.59	 3199.19	 2346.29	    0.00	    0.00
21	14	    0.00	    0.00	    0.00	    0.00	    0.00	    0.00	    0.06	    0.08	    0.00	    0.00	    0.00	    0.07	  883.19	    0.00	    0.00	    0.16	    0.00	    0.03	    0.00	    0.46	 2958.35	10571.98	 2680.39	 1285.90
21	19	    0.00	    0.00	    0.00	    0.00	    0.00	    0.00	    0.00	    0.00	    0.00	    0.11	    0.15	    0.03	    0.10	    4.65	    0.78	    0.00	    0.00	    0.00	    0.00	    0.00	    0.00	 5200.14	 1798.51	    0.30
21	20	    0.01	    0.00	    0.00	    0.02	   97.69	    0.00	    0.00	    0.00	  299.98	 1689.09	    2.03	    0.00	    0.00	    0.82	 1482.19	    0.08	  315.13	    0.00	  571.12	    0.00	    0.00	 4146.45	    1.19	    0.00
21	22	    0.00	    0.00	    0.00	    0.00	    0.00	    0.03	  200.01	  300.13	  306.73	 1313.03	    0.00	    0.00	    0.00	    0.00	  977.98	  500.48	  465.80	  100.02	  310.54	  700.56	    2.05	 4481.43	    0.00	    0.00
22	13	    0.01	    0.00	    0.00	    0.02	    0.00	    0.00	    0.33	    0.59	    0.00	    0.00	    0.00	    0.03	  671.31	    0.00	    0.00	    1.09	    0.00	    0.17	    0.01	    1.30	  797.95	 1127.71	 4616.81	 1174.02
22	21	  136.87	    0.02	   34.21	    0.36	    0.04	    0.00	    0.00	    0.00	    0.00	    0.00	  388.01	  239.60	  720.37	  745.22	    0.00	    0.00	    0.00	    0.00	    0.00	    0.00	    0.00	    0.00	 6579.55	  781.89
22	23	    0.01	    0.00	    0.00	    0.02	    0.00	    0.01	    0.04	    0.08	    0.12	  310.96	  997.43	    0.00	    0.00	 1385.58	  413.52	    0.31	   88.17	    0.03	  145.45	    0.52	    0.06	 1253.81	 3303.64	    0.00
23	12	    0.00	    0.00	    0.00	    0.00	    0.00	    0.00	  323.96	    0.00	    0.00	    0.00	    0.00	    0.00	    0.00	  586.33	  695.58	  599.16	    0.04	  100.81	  298.11	 1099.85	 1203.29	 2500.00	 1902.66	 1800.17
23	20	  363.13	    0.05	   65.79	  200.18	    2.30	    0.01	    0.00	    0.00	    0.00	    0.00	  397.98	 1161.26	 3721.87	  399.25	    0.00	    0.00	    0.00	    0.00	    0.00	    0.00	    0.00	    0.00	  700.97	 3243.93
23	22	  436.79	    0.02	  134.20	    1.94	    0.38	    0.50	    0.36	    0.55	    0.00	    0.00	    0.05	  939.47	 2191.68	    0.00	    0.00	    0.91	    0.00	    0.18	    0.00	    1.26	 1495.95	    0.09	    0.00	 2655.91
