i	j	       0	       1	       2	       3	       4	       5	       6	       7	       8	       9	      10	      11	      12	      13	      14	      15	      16	      17	      18	      19	      20	      21	      22	      23
0	1	 2600.37	    0.00	  270.20	  200.02	   15.16	    0.00	    0.01	    0.02	   30.33	   90.98	  200.02	  481.44	  462.75	  100.01	   15.21	    0.02	    0.04	    0.00	    0.01	    0.00	    0.01	    0.07	    0.23	   29.31
0	2	 6199.63	 1175.37	    0.00	    0.00	    0.00	  233.63	  140.95	  244.59	    0.00	    0.00	    0.00	    0.00	    0.00	    0.00	    0.00	   91.11	    0.00	   34.65	    0.00	    0.02	    0.00	    0.00	    0.00	    0.00
1	0	    0.00	 1275.37	    0.00	    0.00	    0.00	  533.63	  640.93	 1044.55	    0.00	    0.00	    0.00	    0.00	    0.00	    0.00	    0.00	  591.09	    0.25	  134.65	    0.03	  299.98	    0.00	    0.02	    0.00	    0.00
1	5	 2500.37	 2724.63	  170.20	    0.04	    0.00	    0.00	    0.00	    0.00	    0.00	    0.00	    0.04	  381.44	  162.75	    0.01	    0.00	    0.00	    0.00	    0.00	    0.00	    0.00	    0.01	    0.03	    0.23	   29.31
2	0	    0.00	    0.00	  370.20	  700.02	  215.16	    0.00	    0.03	    0.05	  530.33	 1390.98	  700.02	  681.44	  962.75	  400.01	  515.21	    0.04	  399.78	    0.00	  299.99	    0.05	  100.01	  400.06	  300.23	  129.31
2	3	 4499.23	  675.08	 1929.57	    0.00	    0.00	    0.00	    0.00	    0.00	    0.00	    0.00	    0.00	 3746.92	 2492.10	    0.08	    0.00	    0.00	    0.00	    0.00	    0.00	    0.00	  202.89	    0.14	    2.41	  470.54
2	11	 1600.40	  400.28	  500.23	 1601.53	  402.61	  500.35	  773.52	 1200.00	 1399.77	  349.79	    1.28	    0.00	    0.00	    0.16	   19.85	  528.08	  553.71	  198.80	    8.51	    0.11	    0.00	    0.00	    0.00	    0.00
3	2	    0.00	    0.00	    0.00	 2501.55	  717.78	  566.72	  732.59	 1155.46	 2030.10	 2040.77	 1000.79	    0.00	    0.00	  499.85	  635.01	  637.00	 1053.50	  164.16	  308.50	    0.11	    0.00	    0.06	    0.05	    0.00
3	4	 3198.36	  175.20	 1329.54	 6697.92	    0.00	    0.00	    0.00	    0.00	    0.00	    0.00	  904.85	 3146.57	 1891.81	  200.02	    0.07	    0.00	    0.00	    0.00	    0.02	    0.00	    2.95	    0.04	  199.73	  270.55
3	10	  800.87	  299.92	  400.03	 2400.53	  699.94	  599.83	    0.29	    4.61	    0.97	    0.16	    0.00	    0.36	    0.29	    0.06	    0.06	    0.11	    0.04	    0.02	    0.02	    0.02	    0.02	    0.04	    0.05	    0.02
4	3	    0.00	    0.04	    0.00	    0.00	 1917.72	 1566.55	 1132.89	 1860.07	 2731.07	 3239.95	    0.00	    0.00	    0.00	    0.00	 1133.95	 1437.12	 1552.88	  264.17	  508.05	  300.13	    0.03	  398.59	    0.00	    0.00
4	5	    0.00	    0.00	  525.79	 2130.38	 1261.27	    0.00	    0.02	    0.03	  569.82	 1308.96	  404.68	 1463.97	  576.78	  100.02	  284.37	    0.04	    0.04	    0.00	    0.04	    0.01	    0.01	    0.00	   99.73	   70.68
4	8	 2998.36	  899.89	  703.75	 4067.54	 2921.01	 1399.83	    0.02	    0.10	    0.00	    0.00	    0.17	 1482.59	 1115.02	    0.00	    0.00	    0.06	    0.00	    0.01	    0.00	    0.02	    0.00	    0.00	    0.00	  199.87
5	1	    0.00	    0.00	    0.00	    0.02	   84.84	  933.63	  840.93	 1444.54	  169.67	  509.02	    0.02	    0.00	    0.00	    0.01	   84.79	  991.08	  200.22	  134.65	  100.01	  399.98	    0.00	   99.97	    0.00	    0.00
5	4	    0.00	  824.73	    0.00	    0.00	    0.00	 3166.38	 1031.39	 1805.19	    0.00	    0.00	    0.00	    0.00	    0.00	    0.00	    0.00	 1468.89	    0.07	  202.12	    0.03	  305.09	    0.03	    0.00	    0.00	    0.00
5	7	 2200.37	 1499.91	  395.99	 1730.40	  976.44	 3499.99	    0.00	    0.00	    0.15	    0.07	    4.71	 1645.41	  539.53	    0.03	    0.00	    0.00	    0.00	    0.00	    0.00	    0.00	    0.00	    0.00	    0.00	    0.00
6	7	    0.00	    0.00	    0.00	    0.00	    0.00	    0.00	 4175.61	    0.00	    0.00	    0.00	    0.00	    0.00	    0.00	  399.76	  600.04	  389.02	  142.40	  999.08	  999.36	 2599.89	  500.09	  799.94	  300.00	  199.99
6	17	  431.06	  337.15	    7.82	  428.45	  117.81	  986.93	 7924.39	 4522.81	  823.44	    0.58	    0.12	  219.11	    0.02	    0.00	    0.00	    0.00	    0.03	    0.00	    0.00	    0.00	    0.00	    0.00	    0.00	    0.00
7	5	    0.00	    0.00	    0.00	    0.00	    0.00	    0.00	 2272.30	 4049.69	    0.00	    0.12	    0.00	    0.00	    0.00	    0.00	    0.42	 3359.93	  700.24	  436.77	  300.00	 1005.06	  100.02	  299.94	    0.04	    0.01
7	6	  931.06	  537.15	  107.82	  828.45	  317.81	 1386.93	    0.00	 5522.81	 1423.39	    3.37	    1.44	  919.04	   61.73	    0.00	    0.00	    0.00	    0.11	    0.00	    0.00	    0.00	    0.00	    0.00	    0.00	    0.00
7	8	    0.00	    0.00	    0.00	    0.00	    0.00	    0.00	  903.31	 3750.24	    0.00	    0.00	    0.00	    0.00	    0.00	    0.00	    0.00	 1271.16	    0.00	  262.44	    0.00	  695.19	    0.12	    0.08	    0.00	    0.00
7	15	  469.39	  562.80	  173.39	  686.34	  428.91	 1313.14	    0.00	 3377.26	  893.05	    0.00	    0.06	  482.86	    0.26	    0.00	    0.00	    0.00	    0.00	    0.00	    0.00	    0.00	    0.00	    0.00	    0.00	    0.00
8	4	    0.00	    0.00	    0.00	    0.00	    0.00	    0.00	  301.53	  555.02	 4100.89	 5548.91	    0.00	    0.00	    0.00	    0.00	 1618.25	  468.32	 1752.85	   62.06	  608.05	   95.07	   97.05	  598.55	    0.00	    0.00
8	7	    0.08	    0.04	   85.22	  484.38	  270.29	    0.09	    0.00	    0.00	 3116.30	 1603.16	  796.79	  356.49	  122.46	    0.00	    0.00	    0.00	    0.22	    0.00	    0.00	    0.00	    0.00	    0.00	    0.00	    0.00
8	9	 2498.28	  699.85	  518.53	 2883.15	 1850.73	  999.74	    1.85	 2395.32	 8982.81	    0.00	    0.00	  526.16	  392.61	    0.00	    0.00	    0.24	    0.00	    0.40	    0.00	    0.29	    0.00	    0.00	    0.00	    0.00
9	8	    0.00	    0.00	    0.00	    0.00	    0.00	    0.00	    0.05	    0.00	    0.00	 9952.07	 2196.62	    0.05	    0.05	  600.00	 2618.25	  597.34	 2653.07	    0.02	 1008.05	    0.14	  396.93	 1298.47	  500.00	    0.13
9	10	    0.00	    0.00	    0.00	    0.00	    0.00	    0.00	  499.71	  795.41	 1720.12	 8733.77	    0.00	    0.00	    0.00	    0.00	 1297.60	 1571.53	 1546.55	  200.07	  431.19	  434.23	    1.85	  494.12	    0.00	    0.00
9	14	  799.84	   99.95	   99.98	 1099.22	  597.60	  199.86	    0.00	    0.00	 3079.18	14575.16	 1920.66	  650.80	    4.42	    0.00	    0.00	    0.00	    0.79	    0.00	    0.00	    0.00	    0.00	    0.00	    0.00	    0.00
9	15	    0.00	    0.00	   18.83	   85.37	   53.36	    0.00	    0.00	    0.00	  483.68	 8038.32	 2171.07	  196.92	    0.11	    0.00	    0.00	    0.00	    0.00	    0.00	    0.00	    0.00	    0.00	    0.00	    0.00	    0.00
9	16	  399.52	    0.02	   99.95	  499.77	  199.91	    0.04	    0.08	    0.11	  899.83	 3900.68	 1000.07	  599.97	  499.98	    0.10	    0.12	    0.11	    0.00	    0.05	    0.07	    0.14	    0.05	    0.14	    0.05	    0.02
10	3	    0.00	    0.00	    0.00	    0.00	    0.00	    0.00	    0.00	    0.00	    0.00	    0.98	 3405.64	    0.00	    0.00	 1199.85	    1.18	    0.00	    0.66	    0.00	    0.48	    0.00	    0.05	    1.41	  697.42	    0.03
10	9	    1.08	    0.07	    0.23	    1.21	    0.14	    0.09	    0.00	    0.00	    0.00	    0.00	11188.43	 2921.58	 2011.95	 1102.23	    0.00	    0.00	    0.00	    0.00	    0.00	    0.00	    0.14	    0.00	  329.71	   49.39
10	11	    0.00	    0.00	    0.00	    0.00	    0.00	    0.00	    0.00	    0.00	    0.10	 3550.21	 2399.89	    0.00	    0.00	  717.97	  683.47	  171.80	  546.19	    0.11	  292.89	    0.00	    0.00	    0.00	    0.00	    0.00
10	13	  300.28	  100.04	  100.05	  999.40	  199.83	  199.81	    0.00	    0.03	  320.99	 1182.74	 5306.04	 1049.17	   19.66	    0.00	    0.00	    0.00	    0.00	    0.00	    0.00	    0.00	    0.00	    0.00	    0.00	    0.00
11	2	    0.00	    0.00	    0.00	    0.00	    0.00	    0.00	    0.00	    0.00	    0.00	    0.00	    0.52	 4628.36	 3554.85	    0.40	    0.05	    0.00	    0.00	    0.00	    0.00	    0.03	  302.89	  500.14	  402.59	  599.85
11	10	    0.50	    0.19	    0.25	    0.08	    0.03	    0.07	    0.00	    0.00	    0.00	    0.00	    0.00	 5370.40	 3031.32	    0.00	    0.00	    0.00	    0.00	    0.00	    0.00	    0.00	    0.04	    0.00	    0.00	    0.35
11	12	 1399.90	  300.10	  299.98	 1001.45	  202.59	  300.28	   73.59	  600.00	  799.88	 1900.00	 1000.65	 3901.24	    0.00	   18.07	    3.46	    0.61	  499.90	    0.01	    1.48	    0.04	    0.00	    0.00	    0.00	    0.00
12	11	    0.00	    0.00	    0.00	    0.00	    0.00	    0.00	    0.07	    0.00	    0.00	    0.00	    0.00	    0.00	 7886.17	    0.34	    0.20	    0.73	    0.00	    1.10	    0.09	  499.96	  602.93	 1200.14	 1102.59	 1100.19
12	23	  899.90	    0.10	  199.98	  401.45	    2.59	  100.28	    0.00	    0.00	  199.88	    0.00	    0.65	 2601.24	 6713.83	    0.00	    0.00	    0.00	    0.00	    0.00	    0.00	    0.00	    0.00	    0.00	    0.00	    0.00
13	10	    0.00	    0.00	    0.00	    0.00	    0.00	    0.00	    0.00	    0.00	    0.00	    0.00	    0.00	    0.00	    0.00	 4619.98	  786.99	    0.16	    0.26	    0.02	  262.17	  165.74	  398.29	  607.25	 2327.08	  649.06
13	14	    0.19	    0.03	    0.03	    0.20	    0.05	    0.06	    0.00	    0.00	    0.00	    0.00	 1030.52	  349.20	   98.50	 6247.35	    0.00	    0.00	    0.00	    0.00	    0.00	    0.00	    0.00	    0.00	 1178.12	  130.47
13	22	    0.10	    0.01	    0.02	  499.22	   99.78	   99.76	    0.00	    0.00	  194.82	  812.44	 2675.59	    0.30	    0.31	 3232.67	  431.56	    0.00	  216.96	    0.00	  134.52	    0.00	    0.00	    0.00	    0.00	    0.00
14	9	    0.00	    0.00	    0.00	    0.00	    0.00	    0.00	    0.00	    0.00	    0.00	    0.00	    0.00	    0.00	    0.00	 1597.88	 7915.97	    0.29	    0.82	    0.05	 3239.11	 1728.02	 1598.69	 4392.73	 1970.34	  750.76
14	13	    0.00	    0.00	    0.00	    0.00	    0.00	    0.00	  199.60	  399.21	  473.83	 1729.70	    0.06	    0.00	    0.00	    0.00	 2518.56	  699.38	  917.22	   99.80	  696.67	  664.36	    0.42	  679.21	    0.00	    0.00
14	18	  300.03	    0.09	    0.01	  200.07	  100.03	    0.13	    0.02	    0.03	  400.15	 3257.95	  827.08	  300.06	  282.15	 2897.07	 5900.18	    0.05	    0.40	    0.01	    0.00	    0.05	  561.49	 2899.92	  899.98	  255.50
14	21	    0.00	    0.00	    0.00	  399.36	  297.62	    0.00	    0.00	    0.00	 1305.20	 5587.51	  724.04	    0.00	    0.00	  452.40	 5065.29	    0.23	 2478.03	    0.00	 2094.13	    0.00	    0.00	    0.00	    0.00	    0.00
15	7	    0.00	    0.00	    0.00	    0.00	    0.00	    0.00	    0.00	    0.00	    0.00	    0.26	    0.00	    0.00	    0.00	    0.21	    0.38	 6442.08	 1957.73	    0.12	    0.64	    0.36	    0.05	    0.08	    0.03	    0.02
15	9	    0.00	    0.05	    0.00	    0.00	    0.00	    0.07	 2397.79	    0.21	    0.00	    0.00	    0.00	    0.00	    0.00	    0.00	    0.00	 6567.39	    0.56	  899.60	    0.19	 1206.05	    0.00	    0.00	    0.00	    0.00
15	16	    0.46	  200.01	    0.04	    0.20	    0.08	  500.06	 1000.32	 1400.62	    0.11	    0.49	    0.09	    0.05	    0.00	    0.00	    0.00	 5969.88	    0.00	  600.15	    0.00	 1532.94	  350.75	    0.00	    0.00	  130.96
15	17	    0.02	    0.00	    0.00	    0.02	    0.00	    0.02	    0.00	    0.15	    0.39	 3639.33	  771.42	    0.13	    0.00	    0.03	    0.14	 7120.66	 3758.92	    0.00	    0.14	    0.00	    0.00	    0.00	    0.00	    0.00
16	9	    0.00	    0.00	    0.00	    0.00	    0.00	    0.00	    0.20	    0.00	    0.00	    0.00	    0.00	    0.00	    0.00	    0.00	    0.00	    1.06	 8099.03	    0.09	    0.00	    0.16	    0.00	    0.00	    0.00	    0.00
16	15	    0.00	    0.00	    0.00	    0.00	    0.00	    0.00	    0.00	    0.00	    0.00	    1.40	    0.26	    0.08	    0.07	  690.22	 1184.09	    0.00	 8517.09	    0.00	 1283.22	    0.00	    0.05	    0.10	    0.04	    0.03
16	18	    0.03	    0.05	    0.00	    0.02	    0.01	    0.10	    0.20	    0.74	    0.03	    0.16	    0.00	    0.00	    0.00	    0.00	    0.00	 3168.93	 6783.88	    0.11	    0.00	    0.00	    0.00	    0.00	    0.00	    0.00
17	6	    0.00	    0.00	    0.00	    0.00	    0.00	    0.00	    0.00	    0.00	    0.05	 1897.22	  498.68	    0.07	  338.29	  599.76	 1100.04	 1789.02	 1142.32	 1199.08	 1399.36	 3099.89	  700.09	 1299.94	  500.00	  299.99
17	15	   31.09	   37.27	    7.82	   28.51	   17.82	   87.01	 4798.11	  223.72	   23.76	    0.36	    0.11	   20.32	  599.56	   10.02	   16.44	    0.00	    0.11	 1999.87	   17.75	 4339.35	  950.74	 1199.98	  499.99	  430.96
17	19	  299.99	  299.88	    0.00	  299.95	  100.00	  799.95	 2926.28	 3999.24	  600.01	 1042.54	  172.75	    0.02	    0.00	    0.00	    0.00	 4831.64	 2016.65	 1601.05	    0.00	    0.00	    0.00	    0.00	    0.00	    0.00
18	14	    0.00	    0.11	    0.00	    0.00	    0.00	    0.21	  699.56	  999.16	    0.00	    0.00	    0.00	    0.00	    0.00	    0.00	    0.00	 1899.79	 4895.69	  299.84	 6829.92	 3491.99	    0.15	    0.37	    0.16	    0.07
18	16	    0.04	    0.02	    0.01	    0.05	    0.02	    0.00	    0.00	    0.00	    0.09	    0.39	    0.10	    0.06	    0.09	 1390.11	 2683.96	    0.00	    0.00	    0.00	 2983.15	  167.08	  249.26	 1699.96	  599.99	  169.04
18	19	    0.02	    0.00	    0.00	    0.04	    0.02	    0.02	    0.00	    0.00	    0.09	 1457.72	  426.98	    0.00	    0.00	 1206.97	 2416.22	    0.00	  188.59	    0.00	 2986.93	    0.00	    0.00	    0.00	    0.00	    0.00
19	17	    0.00	    0.00	    0.00	    0.00	    0.00	    0.00	    0.00	    0.00	    0.00	    0.21	    0.01	    1.17	 1037.82	  709.76	 1316.34	    0.00	    0.14	    0.00	 1716.97	 7839.24	 1750.83	 2799.92	 1099.99	  730.95
19	18	    0.00	   99.99	    0.00	    0.00	    0.00	  200.01	 1099.35	 1698.39	    0.00	    0.00	    0.00	    0.00	   17.94	    0.01	    0.00	   30.81	    0.00	  599.71	    0.00	 4859.01	   87.92	    0.42	    0.17	   13.61
19	20	    0.00	    0.00	    0.00	    0.01	    0.00	  100.01	  626.53	  600.30	    0.05	    0.05	    0.02	    0.01	    0.02	    0.02	    0.03	 1500.31	  505.07	  201.18	   70.06	 2700.32	    0.00	    0.07	    0.03	    0.02
19	21	    0.00	   99.89	    0.00	    0.02	    0.01	  199.96	  700.40	  800.54	    0.06	    0.21	    0.04	    0.00	    0.00	    0.00	    0.16	 1700.52	    0.10	  400.15	    0.08	 3101.42	    0.17	    0.00	    0.00	    0.00
20	19	    0.00	    0.00	    0.00	    0.00	    0.00	    0.00	    0.00	    0.00	    0.00	    0.10	    0.03	  401.09	 1655.62	    0.08	    0.16	    0.00	    0.07	    0.00	    0.18	    0.00	 3038.92	    0.23	    3.00	 1144.29
20	21	  261.69	    0.09	   65.42	    0.12	    0.00	    0.03	    0.06	    0.08	    0.00	    0.00	    0.00	  457.96	 1463.72	    0.00	    0.00	    0.15	    0.00	    0.03	    0.00	    0.40	 4762.74	    0.00	    0.00	 1603.37
20	23	    0.00	    0.00	    0.00	    0.00	    0.00	    0.02	  426.48	  200.23	    0.09	  488.08	    0.00	    0.00	    0.00	    0.00	  684.22	  900.24	  206.95	  101.15	  252.90	 1499.93	 3198.34	 2347.46	    0.00	    0.00
21	14	    0.00	    0.00	    0.00	    0.00	    0.00	    0.00	    0.06	    0.08	    0.00	    0.00	    0.00	    0.06	  879.23	    0.00	    0.00	    0.15	    0.00	    0.03	    0.00	    0.44	 2960.46	10571.48	 2692.05	 1275.72
21	19	    0.00	    0.00	    0.00	    0.03	    0.00	    0.00	    0.00	    0.00	    0.00	    0.10	    0.32	    0.07	    0.17	    2.74	    0.15	    0.00	    0.00	    0.00	    0.00	    0.00	    0.00	 5200.18	 1797.19	    0.29
21	20	    0.01	    0.00	    0.00	    0.02	   97.68	    0.00	    0.00	    0.00	  300.04	 1688.14	    1.32	    0.03	    0.00	    0.84	 1484.35	    0.08	  301.95	    0.00	  583.02	    0.00	    0.00	 4147.62	    0.74	    0.00
21	22	    0.00	    0.00	    0.00	    0.00	    0.00	    0.01	  200.40	  300.54	  305.21	 1299.48	    0.00	    0.00	    0.00	    0.00	  980.95	  500.67	  476.18	  100.16	  311.19	  701.37	    2.45	 4480.72	    0.00	    0.00
22	13	    0.01	    0.00	    0.00	    0.02	    0.00	    0.00	    0.40	    0.77	    0.00	    0.00	    0.00	    0.33	  679.15	    0.00	    0.00	    0.79	    0.00	    0.22	    0.01	    1.38	  797.86	 1128.04	 4605.20	 1179.53
22	21	  138.32	    0.02	   34.58	    0.56	    0.05	    0.02	    0.00	    0.00	    0.00	    0.00	  377.55	  242.22	  715.68	  751.18	    0.00	    0.00	    0.00	    0.00	    0.00	    0.00	    0.00	    0.00	 6589.98	  772.64
22	23	    0.01	    0.00	    0.00	    0.02	    0.00	    0.01	    0.23	    0.11	    0.03	  311.92	  998.09	    0.06	    0.00	 1381.49	  412.51	    0.45	   93.15	    0.05	  145.70	    0.77	    0.06	 1253.38	 3304.83	    0.00
23	12	    0.00	    0.00	    0.00	    0.00	    0.00	    0.00	  326.48	    0.00	    0.00	    0.00	    0.00	    0.00	    0.00	  582.27	  696.73	  600.12	    0.10	  101.08	  298.60	 1099.92	 1202.93	 2500.14	 1902.59	 1800.19
23	20	  361.67	    0.09	   65.42	  200.09	    2.32	    0.03	    0.00	    0.00	    0.00	    0.00	  398.69	 1159.00	 3719.31	  399.23	    0.00	    0.00	    0.00	    0.00	    0.00	    0.00	    0.00	    0.00	  702.23	 3247.64
23	22	  438.24	    0.01	  134.56	    1.39	    0.27	    0.27	    0.22	    0.34	    0.00	    0.00	    0.05	  942.30	 2194.52	    0.00	    0.00	    0.57	    0.00	    0.11	    0.00	    0.78	 1495.47	    0.70	    0.00	 2652.17
