i	j	       0	       1	       2	       3	       4	       5	       6	       7	       8	       9	      10	      11	      12	      13	      14	      15	      16	      17	      18	      19	      20	      21	      22	      23
0	1	 2601.12	    0.00	  272.85	  199.98	   21.67	    0.00	    0.01	    0.02	   43.34	  130.06	  199.98	  479.89	  469.77	  100.00	   21.67	    0.02	    0.02	    0.00	    0.06	    0.00	    0.01	    0.10	    0.09	   29.70
0	2	 6198.88	 1236.36	    0.00	    0.00	    0.00	  241.07	  158.92	  277.76	    0.00	    0.00	    0.00	    0.00	    0.00	    0.00	    0.00	  163.39	    0.00	   39.50	    0.00	    0.02	    0.00	    0.00	    0.00	    0.00
1	0	    0.00	 1336.36	    0.00	    0.00	    0.00	  541.03	  658.84	 1077.63	    0.00	    0.00	    0.00	    0.00	    0.00	    0.00	    0.00	  663.31	    1.36	  139.48	    0.03	  299.83	    0.00	    0.02	    0.00	    0.00
1	5	 2501.12	 2663.64	  172.85	    0.00	    0.00	    0.00	    0.00	    0.00	    0.00	    0.00	    0.00	  379.89	  169.77	    0.00	    0.00	    0.00	    0.00	    0.00	    0.00	    0.00	    0.01	    0.01	    0.09	   29.70
2	0	    0.00	    0.00	  372.85	  699.98	  221.67	    0.04	    0.09	    0.15	  543.34	 1430.06	  699.98	  679.89	  969.77	  400.00	  521.67	    0.10	  398.66	    0.02	  300.03	    0.20	  100.00	  400.09	  300.09	  129.70
2	3	 4497.83	  735.96	 1926.78	    0.00	    0.00	    0.10	    0.00	    0.00	    0.00	    0.00	    0.00	 3715.63	 2564.60	    0.09	    0.00	    0.00	    0.00	    0.00	    0.00	    0.00	  201.11	    0.19	    1.79	  469.72
2	11	 1601.05	  400.41	  500.37	 1601.31	  402.17	  500.27	  700.85	 1200.00	 1399.74	  735.79	    0.34	    0.00	    0.00	    0.00	   59.69	  664.03	  207.53	  199.13	   25.58	    0.19	    0.00	    0.00	    0.00	    0.00
3	2	    0.00	    0.00	    0.00	 2501.29	  723.84	  559.34	  642.01	 1122.38	 2043.09	 2465.75	  999.82	    0.00	    0.00	  499.68	  681.29	  700.73	  706.16	  159.65	  325.60	    0.18	    0.00	    0.00	    0.00	    0.00
3	4	 3197.95	  236.17	 1326.98	 6698.37	    0.00	    0.00	    0.00	    0.00	    0.00	    0.30	  905.44	 3114.23	 1963.83	  200.08	    0.06	    0.00	    0.06	    0.00	    0.02	    0.00	    1.25	    0.13	  199.90	  269.70
3	10	  799.88	  299.85	  399.80	 2400.34	  699.81	  599.74	    0.15	    7.28	    0.43	    0.17	    0.00	    1.40	    0.77	    0.07	    0.06	    0.13	    0.04	    0.02	    0.02	    0.03	    0.02	    0.05	    0.05	    0.03
4	3	    0.00	    0.07	    0.00	    0.00	 1923.65	 1558.98	 1042.16	 1829.66	 2743.52	 3664.97	    0.00	    0.00	    0.00	    0.00	 1179.63	 1500.87	 1205.91	  259.67	  524.90	  300.21	    0.08	  399.29	    0.00	    0.00
4	5	    0.00	    0.00	  521.91	 2126.96	 1252.82	    0.00	    0.02	    0.03	  556.66	 1269.82	  405.26	 1442.83	  649.94	  100.09	  278.21	    0.04	    0.04	    0.00	    0.05	    0.01	    0.02	    0.02	   99.90	   70.28
4	8	 2997.95	  899.87	  705.07	 4071.41	 2923.52	 1400.09	    0.03	    0.12	    0.00	    0.00	    0.18	 1471.40	 1113.90	    0.00	    0.00	    0.07	    0.00	    0.01	    0.00	    0.03	    0.00	    0.00	    0.00	  199.41
5	1	    0.00	    0.00	    0.00	    0.02	   78.33	  941.03	  858.84	 1477.62	  156.66	  469.94	    0.02	    0.00	    0.00	    0.01	   78.33	 1063.29	  201.34	  139.48	   99.97	  399.83	    0.00	   99.92	    0.00	    0.00
5	4	    0.00	  763.77	    0.00	    0.00	    0.00	 3159.07	  977.29	 1834.38	    0.00	    0.00	    0.00	    0.00	    0.00	    0.00	    0.00	 1574.06	    0.24	  204.64	    0.03	  314.31	    0.08	    0.00	    0.00	    0.00
5	7	 2201.12	 1499.87	  394.76	 1726.95	  974.49	 3499.90	    0.00	    0.00	    0.00	    0.00	    5.25	 1622.72	  619.71	    0.08	    0.00	    0.00	    0.00	    0.00	    0.00	    0.00	    0.00	    0.00	    0.00	    0.00
6	7	    0.00	    0.00	    0.00	    0.00	    0.00	    0.00	 4110.87	    0.00	    0.00	    0.00	    0.00	    0.00	    0.00	  399.61	  599.39	  742.16	  216.83	  999.07	  998.68	 2599.60	  500.26	  799.94	  300.00	  200.00
6	17	  442.47	  338.33	   11.98	  446.77	  129.25	  993.84	 7989.13	 4396.91	  827.76	    0.42	    0.18	  226.16	    0.03	    0.00	    0.00	    0.00	    0.00	    0.00	    0.00	    0.00	    0.00	    0.00	    0.00	    0.00
7	5	    0.00	    0.00	    0.00	    0.00	    0.00	    0.00	 2236.11	 4111.96	    0.00	    0.12	    0.00	    0.00	    0.00	    0.00	    0.12	 3537.32	  701.54	  444.12	  299.94	 1014.12	  100.06	  299.89	    0.01	    0.01
7	6	  942.47	  538.33	  111.98	  846.77	  329.25	 1393.84	    0.00	 5396.91	 1427.71	    8.62	    2.34	  926.02	  153.06	    0.00	    0.00	    0.00	    0.04	    0.00	    0.00	    0.00	    0.00	    0.00	    0.00	    0.00
7	8	    0.00	    0.00	    0.00	    0.00	    0.00	    0.00	  875.01	 3687.91	    0.00	    0.00	    0.00	    0.00	    0.00	    0.00	    0.00	 1709.91	    0.00	  255.02	    0.00	  685.64	    0.22	    0.08	    0.00	    0.00
7	15	  458.73	  561.59	  171.32	  677.90	  423.66	 1306.16	    0.00	 3503.21	  894.02	    0.00	    0.00	  460.72	    0.20	    0.00	    0.00	    0.00	    0.00	    0.00	    0.00	    0.00	    0.00	    0.00	    0.00	    0.00
8	4	    0.00	    0.00	    0.00	    0.00	    0.00	    0.00	  264.92	  495.44	 4100.17	 5934.49	    0.00	    0.00	    0.00	    0.00	 1657.79	  426.91	 1405.66	   55.04	  624.91	   85.95	   98.77	  599.18	    0.00	    0.00
8	7	    0.08	    0.04	   88.54	  497.73	  278.42	    0.09	    0.00	    0.00	 3121.73	 1608.48	  797.09	  364.03	  133.55	    0.00	    0.00	    0.00	    0.17	    0.00	    0.00	    0.00	    0.00	    0.00	    0.00	    0.00
8	9	 2497.87	  699.83	  516.54	 2873.68	 1845.11	  999.99	   10.18	 2392.60	 8978.09	    0.00	    0.00	  507.49	  380.47	    0.00	    0.00	    0.40	    0.00	    0.04	    0.00	    0.00	    0.00	    0.00	    0.00	    0.00
9	8	    0.00	    0.00	    0.00	    0.00	    0.00	    0.00	    0.05	    0.00	    0.00	10342.97	 2196.91	    0.12	    0.12	  600.00	 2657.79	  117.33	 2305.83	    0.06	 1024.91	    0.28	  398.54	 1299.10	  500.00	    0.59
9	10	    0.00	    0.00	    0.00	    0.00	    0.00	    0.00	  499.65	  792.75	 1714.27	 8331.23	    0.00	    0.00	    0.00	    0.00	 1339.17	 1436.02	 1892.16	  199.92	  444.94	  472.78	    2.05	  573.05	    0.00	    0.00
9	14	  799.49	   99.97	   99.93	 1098.81	  598.01	  200.02	    0.00	    0.00	 3085.54	14537.33	 1902.84	  649.36	    2.24	    0.00	    0.00	    0.00	    0.84	    0.00	    0.00	    0.00	    0.00	    0.00	    0.00	    0.00
9	15	    0.06	    0.00	   16.72	   75.38	   47.11	    0.00	    0.00	    0.00	  478.35	 8087.74	 2191.78	  212.34	    0.76	    0.00	    0.00	    0.00	    0.00	    0.00	    0.00	    0.00	    0.00	    0.00	    0.00	    0.00
9	16	  398.75	    0.04	   99.99	  499.96	  199.98	    0.04	    0.04	    0.06	  899.92	 3900.74	 1000.21	  599.95	  499.96	    0.03	    0.06	    0.49	    0.00	    0.03	    0.07	    0.07	    0.03	    0.07	    0.03	    0.01
10	3	    0.00	    0.00	    0.00	    0.00	    0.00	    0.00	    0.00	    0.00	    0.00	    1.25	 3405.26	    0.00	    0.00	 1199.75	    1.77	    0.00	    0.34	    0.00	    0.73	    0.00	    0.08	    0.69	  698.16	    0.00
10	9	    0.43	    0.13	    0.11	    0.46	    0.00	    0.00	    0.00	    0.00	    0.00	    0.00	11191.74	 2954.28	 2022.61	 1050.38	    0.00	    0.00	    0.00	    0.00	    0.00	    0.00	    0.14	    0.00	  269.79	   41.21
10	11	    0.00	    0.00	    0.00	    0.00	    0.00	    0.00	    0.00	    0.00	    0.16	 3164.31	 2401.04	    0.00	    0.00	  835.39	  689.40	   36.27	  892.46	    0.02	  295.44	    0.00	    0.00	    0.00	    0.00	    0.00
10	13	  300.60	  100.05	  100.09	  999.96	  199.84	  199.76	    0.00	    0.03	  314.54	 1165.84	 5301.96	 1050.43	    3.55	    0.00	    0.00	    0.05	    0.05	    0.00	    0.00	    0.00	    0.00	    0.00	    0.00	    0.00
11	2	    0.00	    0.00	    0.00	    0.00	    0.00	    0.00	    0.00	    0.00	    0.00	    0.10	    0.51	 4595.52	 3634.38	    0.40	    0.08	    0.00	    0.03	    0.00	    0.01	    0.18	  301.11	  500.28	  401.88	  599.43
11	10	    1.14	    0.32	    0.39	    0.09	    0.03	    0.02	    0.00	    0.00	    0.00	    0.00	    0.00	 5403.31	 3025.39	    0.00	    0.00	    0.00	    0.00	    0.00	    0.00	    0.00	    0.14	    0.00	    0.00	    0.31
11	12	 1399.90	  300.08	  299.98	 1001.22	  202.14	  300.25	    1.01	  600.00	  799.90	 1900.00	 1000.88	 3901.18	    0.00	  135.21	   49.02	    0.72	  499.96	    0.04	   21.01	    0.00	    0.00	    0.00	    0.00	    0.00
12	11	    0.00	    0.00	    0.00	    0.00	    0.00	    0.00	    0.17	    0.00	    0.00	    0.00	    0.00	    0.00	 7959.77	    0.23	    0.00	    0.42	    0.00	    0.89	    0.00	  499.99	  601.25	 1200.28	 1101.88	 1099.74
12	23	  899.90	    0.08	  199.98	  401.22	    2.14	  100.25	    0.00	    0.00	  199.90	    0.00	    0.88	 2601.18	 6640.23	    0.00	    0.00	    0.00	    0.00	    0.00	    0.00	    0.00	    0.00	    0.00	    0.00	    0.00
13	10	    0.00	    0.00	    0.00	    0.00	    0.00	    0.00	    0.19	    0.00	    0.00	    0.00	    0.00	    0.00	    0.00	 4685.45	  751.95	    0.17	    0.64	    0.08	  251.22	  127.20	  398.01	  527.60	 2267.89	  640.87
13	14	    0.50	    0.06	    0.07	    0.66	    0.04	    0.02	    0.00	    0.00	    0.00	    0.00	 1060.71	  350.43	   89.42	 6345.23	    0.00	    0.00	    0.00	    0.00	    0.00	    0.00	    0.00	    0.00	 1081.37	   99.32
13	22	    0.14	    0.01	    0.04	  499.32	   99.81	   99.75	    0.00	    0.00	  200.90	  851.49	 2641.32	    0.30	    0.25	 3069.32	  471.26	    0.00	  234.23	    0.00	  148.40	    0.00	    0.00	    0.00	    0.00	    0.00
14	9	    0.00	    0.00	    0.00	    0.00	    0.00	    0.00	    0.00	    0.00	    0.00	    0.00	    0.00	    0.00	    0.00	 1649.65	 7997.02	    0.30	    0.71	    0.05	 3269.73	  844.73	 1600.48	 4472.22	 2030.24	  759.39
14	13	    0.00	    0.00	    0.00	    0.00	    0.00	    0.00	  162.68	  329.61	  486.35	 1785.65	    0.07	    0.00	    0.00	    0.00	 2523.21	  699.69	  934.83	   81.34	  699.61	  523.23	    0.94	  805.24	    0.00	    0.00
14	18	  299.99	    0.03	    0.00	  200.02	  100.01	    0.06	    0.02	    0.03	  400.06	 3203.19	  805.65	  300.00	  300.04	 2897.29	 5899.50	    0.06	    0.42	    0.01	    0.00	    0.06	  400.51	 2511.36	  818.33	  100.34
14	21	    0.00	    0.00	    0.00	  399.45	  298.04	    0.00	    0.00	    0.00	 1299.13	 5548.48	  757.83	    0.00	    0.00	  498.29	 4980.27	    0.23	 2370.48	    0.00	 2130.70	    0.00	    0.00	    0.00	    0.00	    0.00
15	7	    0.00	    0.00	    0.00	    0.00	    0.00	    0.00	    0.26	    0.00	    0.00	    0.26	    0.00	    0.00	    0.00	    0.31	    0.72	 6705.06	 1884.59	    0.07	    1.26	    0.16	    0.02	    0.04	    0.02	    0.01
15	9	    0.00	    0.05	    0.00	    0.00	    0.00	    0.07	 2389.31	    0.21	    0.00	    0.00	    0.00	    0.00	    0.00	    0.00	    0.00	 5950.27	    0.56	  899.48	    0.19	 2127.89	    0.00	    0.00	    0.00	    0.00
15	16	    1.27	  212.77	    0.01	    0.06	    0.03	  525.58	 1005.32	 1611.97	    0.11	    0.49	    0.09	    0.05	    0.00	    0.00	    0.00	 3200.18	    0.00	  603.20	    0.00	 1700.43	  599.50	  388.62	   81.68	  299.67
15	17	    0.05	    0.01	    0.00	    0.05	    0.01	    0.08	    0.00	    0.33	    0.74	 3688.45	  792.11	    0.42	    0.21	    0.03	    0.06	10244.49	 4111.74	    0.00	    0.14	    0.00	    0.00	    0.00	    0.00	    0.00
16	9	    0.00	    0.00	    0.00	    0.00	    0.00	    0.00	    0.26	    0.00	    0.00	    0.00	    0.00	    0.00	    0.00	    0.00	    0.00	    2.87	 8097.56	    0.43	    0.00	    0.51	    0.00	    0.00	    0.00	    0.00
16	15	    0.00	    0.00	    0.00	    0.00	    0.00	    0.00	    0.00	    0.00	    0.00	    1.08	    0.30	    0.00	    0.00	  528.03	  906.78	    0.00	 8796.76	    0.00	  983.19	    0.00	    0.05	    0.10	    0.04	    0.03
16	18	    0.03	   12.81	    0.00	    0.02	    0.01	   25.63	    5.10	  212.03	    0.03	    0.16	    0.00	    0.00	    0.00	    0.00	    0.00	 3197.31	 6505.67	    2.80	    0.00	    0.14	    0.00	    0.00	    0.00	    0.00
17	6	    0.00	    0.00	    0.00	    0.00	    0.00	    0.00	    0.00	    0.00	    0.05	 1891.80	  497.84	    0.13	  246.97	  599.61	 1099.39	 2142.16	 1216.78	 1199.07	 1398.68	 3099.60	  700.26	 1299.94	  500.00	  300.00
17	15	   42.53	   51.25	   11.98	   46.83	   29.27	  119.57	 4794.89	  309.30	   28.47	    0.39	    0.12	   27.41	  599.25	  172.31	  294.00	    0.00	    0.12	 2002.75	  318.40	 5428.48	 1199.47	 1588.55	  581.65	  599.65
17	19	  299.99	  287.09	    0.00	  299.99	  100.00	  774.34	 2994.24	 3787.95	  599.97	 1096.90	  194.36	    0.10	    0.11	    0.00	    0.00	 7602.32	 2294.98	 1598.18	    0.00	    0.00	    0.00	    0.00	    0.00	    0.00
18	14	    0.00	    0.01	    0.00	    0.00	    0.00	    0.02	  658.05	  924.30	    0.00	    0.00	    0.00	    0.00	    0.00	    0.00	    0.00	 1900.16	 4805.60	  279.42	 6900.04	 2456.08	    0.16	    0.39	    0.16	    0.07
18	16	    0.00	    0.00	    0.00	    0.00	    0.00	    0.00	    0.00	    0.00	    0.00	    0.00	    0.00	    0.00	    0.04	 1228.00	 2406.72	 2799.51	    0.00	    0.00	 2683.12	    0.15	    0.52	 1311.42	  518.34	    0.34
18	19	    0.02	    0.00	    0.00	    0.04	    0.02	    0.03	    0.00	    0.00	    0.10	 1403.35	  405.65	    0.00	    0.00	 1369.30	 2692.78	    0.00	    0.50	    0.00	 3216.85	    0.00	    0.00	    0.00	    0.00	    0.00
19	17	    0.00	    0.00	    0.00	    0.00	    0.00	    0.00	    0.00	    0.00	    0.00	    0.22	    0.03	    1.06	  946.09	  871.89	 1593.34	    0.00	    0.14	    0.00	 2016.94	 8928.08	 1999.74	 3188.49	 1181.65	  899.66
19	18	    0.00	   87.17	    0.00	    0.00	    0.00	  174.36	 1052.93	 1412.24	    0.00	    0.00	    0.00	    0.00	    0.00	    0.01	    0.00	 2802.30	    0.00	  576.61	    0.00	 3656.03	    0.18	    0.44	    0.18	    0.08
19	20	    0.00	    0.00	    0.00	    0.01	    0.00	  100.01	  699.51	  600.49	    0.01	    0.05	    0.02	    0.01	    0.03	    0.02	    0.03	 1500.31	  595.30	  201.03	    0.02	 2700.92	    0.00	    0.08	    0.03	    0.02
19	21	    0.00	   99.92	    0.00	    0.02	    0.01	  200.00	  741.81	  875.21	    0.06	    0.22	    0.05	    0.00	    0.00	    0.00	    0.17	 1699.71	    0.11	  420.54	    0.08	 3214.97	    0.18	    0.00	    0.00	    0.00
20	19	    0.00	    0.00	    0.00	    0.00	    0.00	    0.00	    0.00	    0.00	    0.00	    0.12	    0.03	  400.95	 1545.90	    0.09	    0.18	    0.00	    0.08	    0.00	    0.19	    0.00	 3199.79	    0.84	    1.23	 1299.50
20	21	  264.96	    0.06	   66.24	    0.00	    0.00	    0.01	    0.06	    0.08	    0.00	    0.00	    0.00	  463.88	 1496.07	    0.00	    0.00	    0.17	    0.00	    0.04	    0.00	    0.36	 4605.03	    0.00	    0.10	 1547.40
20	23	    0.00	    0.00	    0.00	    0.00	    0.00	    0.02	  499.44	  200.41	    0.03	  473.52	    0.00	    0.00	    0.00	    0.00	  645.61	  900.22	  216.32	  101.00	  233.28	 1500.56	 3195.19	 2305.17	    0.00	    0.00
21	14	    0.00	    0.00	    0.00	    0.00	    0.00	    0.00	    4.66	    5.34	    0.00	    0.00	    0.00	    0.21	  908.38	    0.00	    0.00	    0.12	    0.00	    1.98	    0.00	   11.93	 2801.76	10388.43	 2767.03	 1160.34
21	19	    0.00	    0.00	    0.00	    0.00	    0.00	    0.00	    0.00	    0.00	    0.00	    0.13	    0.06	    0.03	    0.11	    2.53	    0.58	    0.00	    0.00	    0.00	    0.00	    0.00	    0.31	 5588.17	 1880.63	    0.26
21	20	    0.01	    0.00	    0.00	    0.02	   98.10	    0.00	    0.00	    0.00	  300.00	 1673.52	    1.72	    0.04	    0.00	    0.93	 1445.76	    0.08	  221.09	    0.00	  633.46	    0.00	    0.00	 4105.94	    0.27	    0.00
21	22	    0.00	    0.00	    0.00	    0.00	    0.00	    0.01	  237.22	  369.96	  299.19	 1275.05	    0.00	    0.00	    0.00	    0.00	  934.11	  499.92	  449.49	  118.59	  297.32	  803.40	    3.14	 4317.46	    0.00	    0.00
22	13	    0.05	    0.02	    0.02	    0.02	    0.00	    0.01	   37.51	   70.36	    0.00	    0.00	    0.00	    0.30	  686.12	    0.00	    0.00	    0.43	    0.00	   18.74	    0.01	  103.97	  797.07	  922.36	 4449.26	 1140.19
22	21	  135.06	    0.02	   33.76	    0.56	    0.06	    0.00	    0.00	    0.00	    0.00	    0.00	  343.90	  236.39	  712.43	  705.17	    0.00	    0.00	    0.00	    0.00	    0.00	    0.00	    0.00	    0.00	 6747.84	  713.20
22	23	    0.00	    0.00	    0.00	    0.02	    0.00	    0.01	    0.06	    0.13	    0.09	  326.54	  997.47	    0.00	    0.00	 1264.16	  405.37	    0.38	   83.73	    0.03	  145.71	    0.79	    0.06	 1295.45	 3302.90	    0.00
23	12	    0.00	    0.00	    0.00	    0.00	    0.00	    0.00	  399.15	    0.00	    0.00	    0.00	    0.00	    0.00	    0.00	  465.01	  650.98	  599.70	    0.04	  100.85	  278.99	 1099.99	 1201.25	 2500.28	 1901.88	 1799.74
23	20	  364.94	    0.06	   66.24	  199.97	    1.89	    0.02	    0.00	    0.00	    0.02	    0.06	  398.29	 1164.78	 3641.94	  399.14	    0.00	    0.00	    0.00	    0.00	    0.00	    0.00	    0.00	    0.00	  701.02	 3346.88
23	22	  434.96	    0.03	  133.74	    1.28	    0.25	    0.26	    0.35	    0.54	    0.00	    0.00	    0.05	  936.40	 2198.30	    0.00	    0.00	    0.89	    0.00	    0.18	    0.00	    1.36	 1493.99	    0.35	    0.00	 2553.38
