i	j	       0	       1	       2	       3	       4	       5	       6	       7	       8	       9	      10	      11	      12	      13	      14	      15	      16	      17	      18	      19	      20	      21	      22	      23
0	1	 2600.85	    0.00	  265.18	  200.00	   17.83	    0.00	    0.01	    0.02	   35.65	  106.95	  200.00	  466.30	  455.85	   99.99	   17.88	    0.02	    0.02	    0.00	    0.02	    0.00	    0.01	    0.11	    0.20	   29.02
0	2	 6199.15	 1149.43	    0.00	    0.00	    0.00	  230.26	  147.20	  254.55	    0.00	    0.00	    0.00	    0.00	    0.00	    0.00	    0.00	  102.58	    0.00	   36.05	    0.00	    0.02	    0.00	    0.00	    0.00	    0.00
1	0	    0.00	 1249.43	    0.00	    0.00	    0.00	  530.26	  647.18	 1054.52	    0.00	    0.00	    0.00	    0.00	    0.00	    0.00	    0.00	  602.56	    0.12	  136.05	    0.03	  300.01	    0.00	    0.02	    0.00	    0.00
1	5	 2500.85	 2750.57	  165.18	    0.05	    0.00	    0.00	    0.00	    0.00	    0.00	    0.00	    0.05	  366.30	  155.85	    0.02	    0.00	    0.00	    0.00	    0.00	    0.00	    0.00	    0.01	    0.03	    0.20	   29.02
2	0	    0.00	    0.00	  365.18	  700.00	  217.83	    0.00	    0.03	    0.05	  535.65	 1406.95	  700.00	  666.30	  955.85	  399.99	  517.88	    0.04	  399.90	    0.00	  299.99	    0.02	  100.01	  400.10	  300.20	  129.02
2	3	 4498.60	  649.15	 1934.64	    0.00	    0.00	    0.00	    0.00	    0.00	    0.00	    0.00	    0.00	 3764.90	 2499.79	    0.08	    0.00	    0.00	    0.00	    0.00	    0.00	    0.01	  202.79	    0.27	    3.55	  470.78
2	11	 1600.55	  400.28	  500.18	 1602.30	  403.92	  500.63	  770.25	 1200.00	 1399.82	  661.95	    0.75	    0.00	    0.00	    0.26	   52.97	  538.85	  186.70	  199.03	   22.70	    0.17	    0.04	    0.10	    0.10	    0.00
3	2	    0.00	    0.00	    0.00	 2502.30	  721.75	  570.38	  723.07	 1145.50	 2035.47	 2368.81	 1000.55	    0.00	    0.00	  500.11	  670.77	  636.30	  686.57	  162.98	  322.68	    0.17	    0.06	    0.20	    0.18	    0.01
3	4	 3196.49	  148.77	 1334.31	 6695.69	    0.00	    0.00	    0.00	    0.00	    0.00	    0.07	  906.63	 3164.55	 1899.58	  200.03	    0.02	    0.00	    0.03	    0.00	    0.00	    0.00	    2.87	    0.08	  199.80	  270.80
3	10	  802.11	  300.43	  400.33	 2402.00	  699.72	  599.45	    0.44	    3.41	    0.26	    0.16	    0.00	    0.35	    0.21	    0.06	    0.05	    0.11	    0.04	    0.02	    0.02	    0.02	    0.02	    0.04	    0.05	    0.02
4	3	    0.00	    0.04	    0.00	    0.00	 1921.47	 1569.83	 1123.51	 1848.91	 2735.73	 3568.15	    0.00	    0.00	    0.00	    0.00	 1169.31	 1436.14	 1186.01	  263.00	  522.11	  300.18	    0.04	  399.09	    0.00	    0.00
4	5	    0.00	    0.00	  527.17	 2139.23	 1263.82	    0.00	    0.02	    0.03	  564.49	 1293.06	  406.47	 1467.11	  581.93	  100.03	  281.85	    0.04	    0.04	    0.00	    0.06	    0.01	    0.01	    0.04	   99.80	   70.97
4	8	 2996.49	  899.41	  707.14	 4056.46	 2914.71	 1399.96	    0.02	    0.09	    0.00	    0.00	    0.16	 1497.45	 1117.65	    0.00	    0.00	    0.05	    0.00	    0.01	    0.00	    0.02	    0.00	    0.00	    0.00	  199.83
5	1	    0.00	    0.00	    0.00	    0.05	   82.17	  930.26	  847.17	 1454.50	  164.35	  493.05	    0.05	    0.00	    0.00	    0.02	   82.12	 1002.54	  200.10	  136.05	  100.01	  400.00	    0.00	   99.93	    0.00	    0.00
5	4	    0.00	  850.69	    0.00	    0.00	    0.00	 3169.78	 1072.61	 1892.83	    0.00	    0.00	    0.00	    0.00	    0.00	    0.00	    0.00	 1526.94	    0.07	  211.93	    0.03	   80.56	    0.01	    0.01	    0.00	    0.00
5	7	 2200.85	 1499.88	  392.35	 1739.23	  981.65	 3499.96	    0.00	    0.00	    0.14	    0.13	    6.47	 1633.41	  537.78	    0.02	    0.00	    0.00	    0.00	    0.00	    0.00	    0.00	    0.00	    0.00	    0.00	    0.00
6	7	    0.00	    0.00	    0.00	    0.00	    0.00	    0.00	 4174.01	    0.00	    0.00	    0.00	    0.00	    0.00	    0.00	  399.93	  600.12	  390.40	  141.13	  998.93	  999.75	 2599.51	  500.00	  799.79	  299.98	  199.99
6	17	  430.59	  336.36	    8.10	  431.68	  119.84	  985.03	 7925.99	 4518.37	  826.80	    0.45	    0.15	  217.93	    0.01	    0.00	    0.00	    0.00	    0.00	    0.00	    0.00	    0.00	    0.00	    0.00	    0.00	    0.00
7	5	    0.00	    0.00	    0.00	    0.00	    0.00	    0.00	 2319.77	 4147.30	    0.00	    0.12	    0.00	    0.00	    0.00	    0.00	    0.27	 3429.44	  700.13	  447.97	  299.97	  780.55	  100.00	  299.87	    0.00	    0.01
7	6	  930.59	  536.36	  108.10	  831.68	  319.84	 1385.03	    0.00	 5518.37	 1426.75	    2.31	    0.78	  917.93	   63.79	    0.00	    0.00	    0.00	    0.08	    0.00	    0.00	    0.00	    0.00	    0.00	    0.00	    0.00
7	8	    0.00	    0.00	    0.00	    0.00	    0.00	    0.06	  854.24	 3652.27	    0.00	    0.00	    0.00	    0.00	    0.00	    0.00	    0.00	 1206.41	    0.00	  251.07	    0.00	  919.29	    0.04	    0.00	    0.00	    0.00
7	15	  470.33	  563.56	  174.46	  690.22	  431.34	 1314.96	    0.00	 3382.05	  863.03	    0.00	    0.18	  495.53	    0.35	    0.00	    0.00	    0.00	    0.00	    0.00	    0.00	    0.00	    0.00	    0.00	    0.00	    0.00
8	4	    0.00	    0.00	    0.00	    0.00	    0.00	    0.00	  250.94	  456.20	 4100.21	 5861.15	    0.00	    0.00	    0.00	    0.00	 1651.14	  409.29	 1385.96	   51.08	  622.14	  319.66	   97.17	  599.04	    0.00	    0.00
8	7	    0.07	    0.04	   90.21	  482.67	  269.53	    0.09	    0.00	    0.00	 3089.65	 1602.05	  794.49	  380.05	  126.36	    0.00	    0.00	    0.00	    0.19	    0.00	    0.00	    0.00	    0.00	    0.00	    0.00	    0.00
8	9	 2496.42	  699.38	  516.93	 2873.79	 1845.17	  999.93	    3.37	 2396.16	 9010.14	    0.00	    0.00	  517.53	  391.43	    0.00	    0.00	    0.23	    0.00	    0.06	    0.00	    0.00	    0.00	    0.00	    0.00	    0.00
9	8	    0.00	    0.00	    0.00	    0.00	    0.00	    0.00	    0.05	    0.00	    0.00	10263.19	 2194.33	    0.14	    0.14	  600.00	 2651.14	  603.06	 2286.15	    0.06	 1022.14	    0.35	  397.12	 1299.04	  500.00	    0.17
9	10	    0.00	    0.00	    0.00	    0.00	    0.00	    0.00	  499.49	  796.59	 1711.76	 8388.47	    0.00	    0.00	    0.00	    0.00	 1279.29	 1561.87	 1913.46	  200.11	  423.25	  427.29	    2.21	  523.42	    0.00	    0.00
9	14	  799.10	   99.93	   99.89	 1097.81	  596.45	  200.07	    0.00	    0.00	 3087.95	14609.13	 1889.58	  643.47	    7.06	    0.00	    0.00	    0.00	    0.76	    0.00	    0.00	    0.00	    0.00	    0.00	    0.00	    0.00
9	15	    0.00	    0.00	   17.47	   78.28	   48.92	    0.00	    0.00	    0.00	  510.64	 8037.52	 2167.56	  185.52	    0.12	    0.00	    0.00	    0.00	    0.00	    0.00	    0.00	    0.00	    0.00	    0.00	    0.00	    0.00
9	16	  399.09	    0.04	   99.97	  499.86	  199.94	    0.04	    0.08	    0.11	  899.79	 3901.69	 1000.06	  599.83	  499.68	    0.06	    0.12	    0.11	    0.00	    0.05	    0.07	    0.13	    0.05	    0.13	    0.05	    0.02
10	3	    0.00	    0.00	    0.00	    0.00	    0.00	    0.00	    0.00	    0.00	    0.00	    0.88	 3407.18	    0.00	    0.00	 1200.12	    1.54	    0.27	    0.63	    0.00	    0.59	    0.00	    0.12	    0.97	  696.48	    0.06
10	9	    1.78	    0.54	    0.40	    2.15	    0.15	    0.12	    0.00	    0.00	    0.00	    0.00	11151.54	 2911.42	 2015.57	 1081.93	    0.00	    0.00	    0.00	    0.00	    0.00	    0.00	    0.00	    0.00	  383.87	   55.52
10	11	    0.00	    0.00	    0.00	    0.00	    0.00	    0.00	    0.00	    0.00	    0.15	 3238.14	 2400.00	    0.00	    0.00	  717.92	  652.70	  161.90	  913.28	    0.15	  279.71	    0.00	    0.00	    0.00	    0.00	    0.00
10	13	  300.93	  100.07	  100.12	  999.92	  199.60	  199.41	    0.00	    0.00	  311.87	 1149.60	 5341.29	 1056.48	   17.12	    0.00	    0.00	    0.00	    0.04	    0.00	    0.00	    0.00	    0.00	    0.00	    0.00	    0.00
11	2	    0.00	    0.00	    0.00	    0.00	    0.00	    0.00	    0.00	    0.00	    0.00	    0.09	    0.20	 4631.20	 3555.64	    0.23	    0.07	    0.00	    0.03	    0.00	    0.01	    0.01	  302.78	  500.27	  403.67	  599.78
11	10	    0.60	    0.19	    0.19	    0.08	    0.02	    0.08	    0.00	    0.00	    0.00	    0.00	    0.00	 5367.55	 3032.49	    0.00	    0.00	    0.00	    0.00	    0.00	    0.00	    0.00	    0.05	    0.00	    0.00	    0.45
11	12	 1399.95	  300.09	  299.99	 1002.23	  203.90	  300.56	   70.33	  600.00	  799.97	 1900.00	 1000.55	 3901.24	    0.00	   18.11	    5.62	    0.75	  499.96	    0.03	    2.41	    0.03	    0.00	    0.00	    0.00	    0.00
12	11	    0.00	    0.00	    0.00	    0.00	    0.00	    0.00	    0.08	    0.00	    0.00	    0.00	    0.00	    0.00	 7888.12	    0.16	    0.03	    0.00	    0.00	    0.85	    0.01	  499.87	  602.78	 1200.16	 1103.57	 1100.23
12	23	  899.95	    0.09	  199.99	  402.23	    3.90	  100.56	    0.00	    0.00	  199.97	    0.00	    0.55	 2601.24	 6711.88	    0.00	    0.00	    0.00	    0.00	    0.00	    0.00	    0.00	    0.00	    0.00	    0.00	    0.00
13	10	    0.00	    0.00	    0.00	    0.00	    0.00	    0.00	    0.07	    0.00	    0.00	    0.00	    0.00	    0.00	    0.00	 4599.90	  774.89	    0.20	    0.45	    0.03	  257.04	  172.69	  397.85	  577.51	 2380.30	  655.10
13	14	    0.95	    0.08	    0.13	    0.98	    0.04	    0.00	    0.00	    0.00	    0.00	    0.00	 1050.55	  356.78	   90.43	 6282.87	    0.00	    0.00	    0.00	    0.00	    0.00	    0.00	    0.00	    0.00	 1144.49	  108.62
13	22	    0.00	    0.00	    0.00	  498.96	   99.56	   99.42	    0.00	    0.00	  191.84	  797.70	 2690.80	    0.00	    0.00	 3217.23	  444.04	    0.00	  219.04	    0.00	  137.00	    0.00	    0.00	    0.00	    0.00	    0.00
14	9	    0.00	    0.00	    0.00	    0.00	    0.00	    0.00	    0.00	    0.00	    0.00	    0.00	    0.00	    0.00	    0.00	 1618.13	 7930.55	    0.28	    0.93	    0.05	 3245.07	 1715.52	 1599.38	 4422.59	 1916.17	  744.67
14	13	    0.00	    0.00	    0.00	    0.00	    0.00	    0.00	  199.45	  398.95	  479.97	 1748.10	    0.06	    0.00	    0.00	    0.00	 2518.93	  698.75	  919.45	   99.72	  694.02	  671.16	    0.00	  648.80	    0.00	    0.00
14	18	  299.99	    0.09	    0.00	  200.02	  100.01	    0.17	    0.02	    0.03	  400.06	 3258.76	  831.43	  300.15	  281.72	 2895.78	 5900.05	    0.05	    0.39	    0.01	    0.00	    0.05	  558.94	 2899.92	  900.24	  256.81
14	21	    0.06	    0.00	    0.01	  398.78	  296.48	    0.13	    0.00	    0.00	 1307.92	 5602.28	  708.64	    0.10	    0.00	  469.10	 5050.48	    0.22	 2480.14	    0.00	 2089.64	    0.00	    0.00	    0.00	    0.00	    0.00
15	7	    0.00	    0.00	    0.00	    0.00	    0.00	    0.00	    0.00	    0.00	    0.00	    0.25	    0.00	    0.00	    0.00	    0.05	    0.15	 6445.45	 1958.89	    0.11	    0.22	    0.32	    0.04	    0.07	    0.03	    0.02
15	9	    0.00	    0.05	    0.00	    0.00	    0.00	    0.07	 2396.06	    0.53	    0.00	    0.00	    0.00	    0.00	    0.00	    0.00	    0.00	 6563.38	    0.53	  899.92	    0.18	 1212.11	    0.00	    0.00	    0.00	    0.00
15	16	    0.93	  199.99	    0.03	    0.16	    0.07	  500.05	 1000.33	 1400.30	    0.24	    0.48	    0.08	    0.08	    0.20	    0.00	    0.00	 5971.88	    0.00	  600.26	    0.00	 1532.90	  348.42	    0.00	    0.00	  129.01
15	17	    0.04	    0.02	    0.00	    0.04	    0.01	    0.07	    0.00	    0.39	    0.19	 3639.15	  768.26	    0.10	    0.01	    0.03	    0.10	 7119.29	 3763.11	    0.00	    0.10	    0.00	    0.00	    0.00	    0.00	    0.00
16	9	    0.00	    0.00	    0.00	    0.00	    0.00	    0.00	    0.18	    0.00	    0.00	    0.00	    0.00	    0.00	    0.00	    0.00	    0.00	    1.14	 8098.90	    0.18	    0.20	    0.14	    0.00	    0.00	    0.00	    0.00
16	15	    0.00	    0.00	    0.00	    0.00	    0.00	    0.00	    0.00	    0.00	    0.00	    2.02	    0.49	    0.00	    0.00	  688.71	 1182.49	    0.00	 8522.42	    0.00	 1281.33	    0.00	    0.05	    0.10	    0.11	    0.07
16	18	    0.03	    0.03	    0.00	    0.02	    0.01	    0.09	    0.22	    0.42	    0.03	    0.15	    0.00	    0.00	    0.00	    0.00	    0.00	 3170.85	 6778.68	    0.12	    0.00	    0.00	    0.00	    0.00	    0.00	    0.00
17	6	    0.00	    0.00	    0.00	    0.00	    0.00	    0.00	    0.00	    0.00	    0.05	 1898.14	  499.37	    0.00	  336.22	  599.93	 1100.12	 1790.40	 1141.05	 1198.93	 1399.75	 3099.51	  700.00	 1299.79	  499.98	  299.99
17	15	   30.64	   36.51	    8.10	   31.70	   19.81	   85.24	 4796.39	  219.17	   26.76	    0.35	    0.11	   19.13	  599.75	   11.37	   17.76	    0.00	    0.11	 2000.29	   19.17	 4345.34	  948.41	 1199.97	  499.91	  428.96
17	19	  299.99	  299.88	    0.00	  300.02	  100.04	  799.87	 2929.60	 3999.58	  600.18	 1041.34	  168.93	    0.04	    0.00	    0.00	    0.00	 4828.88	 2022.08	 1600.77	    0.00	    0.00	    0.00	    0.00	    0.00	    0.00
18	14	    0.00	    0.08	    0.00	    0.00	    0.00	    0.23	  699.38	  998.87	    0.00	    0.00	    0.00	    0.00	    0.00	    0.00	    0.00	 1899.09	 4900.15	  299.75	 6828.74	 3486.25	    0.15	    0.36	    0.15	    0.07
18	16	    0.00	    0.00	    0.00	    0.00	    0.00	    0.00	    0.00	    0.00	    0.00	    0.00	    0.35	    0.09	    0.11	 1388.65	 2682.37	    0.00	    0.00	    0.00	 2981.47	  167.11	  251.58	 1699.97	  600.07	  171.04
18	19	    0.02	    0.00	    0.00	    0.04	    0.02	    0.02	    0.00	    0.00	    0.09	 1458.91	  431.08	    0.06	    0.09	 1207.14	 2417.68	    0.00	  178.92	    0.00	 2989.79	    0.00	    0.00	    0.00	    0.19	    0.00
19	17	    0.00	    0.00	    0.00	    0.00	    0.00	    0.00	    0.00	    0.00	    0.00	    0.23	    0.00	    1.14	 1035.94	  711.27	 1317.78	    0.00	    0.13	    0.00	 1718.82	 7844.85	 1748.41	 2799.77	 1099.89	  728.95
19	18	    0.00	   99.96	    0.00	    0.00	    0.00	  199.99	 1099.14	 1698.43	    0.00	    0.00	    0.00	    0.00	   18.48	    0.01	    0.00	   28.19	    0.00	  599.61	    0.00	 4853.31	   92.79	    0.41	    0.16	   14.29
19	20	    0.00	    0.00	    0.00	    0.04	    0.02	  100.01	  630.16	  600.58	    0.12	    0.05	    0.02	    0.01	    0.02	    0.02	    0.03	 1500.17	  500.68	  201.03	   71.06	 2701.03	    0.00	    0.07	    0.03	    0.02
19	21	    0.00	   99.91	    0.00	    0.02	    0.04	  199.89	  700.30	  800.57	    0.16	    0.20	    0.04	    0.00	    0.00	    0.00	    0.16	 1700.53	    0.25	  400.14	    0.07	 3100.82	    0.17	    0.00	    0.00	    0.00
20	19	    0.00	    0.00	    0.00	    0.00	    0.00	    0.00	    0.00	    0.00	    0.00	    0.10	    0.02	  401.03	 1654.26	    0.08	    0.16	    0.00	    0.07	    0.00	    0.17	    0.00	 3041.37	    0.23	    1.59	 1143.09
20	21	  262.74	    0.08	   65.69	    0.05	    0.00	    0.03	    0.06	    0.07	    0.00	    0.00	    0.00	  459.80	 1462.33	    0.00	    0.00	    0.15	    0.00	    0.03	    0.00	    0.38	 4761.11	    0.00	    0.00	 1604.51
20	23	    0.00	    0.00	    0.00	    0.00	    0.00	    0.02	  430.11	  200.51	    0.02	  489.81	    0.00	    0.00	    0.00	    0.00	  678.94	  900.09	  215.87	  100.99	  252.98	 1500.65	 3197.52	 2340.19	    0.00	    0.00
21	14	    0.00	    0.00	    0.00	    0.00	    0.00	    0.00	    0.08	    0.11	    0.00	    0.00	    0.00	    0.00	  884.23	    0.13	    0.00	    0.21	    0.00	    0.04	    0.00	    0.48	 2958.17	10570.95	 2671.78	 1292.80
21	19	    0.00	    0.00	    0.00	    0.00	    0.00	    0.00	    0.00	    0.00	    0.00	    0.12	    0.02	    0.03	    0.10	    4.09	    0.14	    0.00	    0.00	    0.00	    0.00	    0.00	    0.00	 5200.02	 1798.31	    0.17
21	20	    0.00	    0.00	    0.00	    0.00	   96.52	    0.00	    0.00	    0.00	  299.90	 1689.86	    2.17	    0.00	    0.00	    0.64	 1479.07	    0.08	  315.26	    0.00	  582.09	    0.00	    0.00	 4140.35	    0.74	    0.00
21	22	    0.00	    0.00	    0.00	    0.00	    0.00	    0.05	  200.27	  300.53	  308.18	 1312.49	    0.00	    0.00	    0.00	    0.00	  971.43	  500.60	  465.14	  100.13	  307.63	  700.71	    3.11	 4488.68	    0.00	    0.00
22	13	    0.01	    0.00	    0.00	    0.02	    0.00	    0.00	    0.62	    1.05	    0.00	    0.00	    0.00	    0.30	  673.30	    0.00	    0.00	    1.45	    0.00	    0.30	    0.01	    1.52	  797.85	 1128.71	 4624.78	 1163.72
22	21	  137.20	    0.01	   34.30	    1.16	    0.00	    0.00	    0.00	    0.00	    0.00	    0.00	  393.51	  240.13	  722.00	  735.76	    0.00	    0.00	    0.00	    0.00	    0.00	    0.00	    0.00	    0.00	 6570.82	  788.46
22	23	    0.00	    0.00	    0.00	    0.00	    0.00	    0.00	    0.05	    0.10	    0.02	  310.19	  997.34	    0.00	    0.00	 1381.47	  415.46	    0.17	   84.18	    0.02	  144.62	    0.59	    0.21	 1260.06	 3304.39	    0.00
23	12	    0.00	    0.00	    0.00	    0.00	    0.00	    0.00	  329.75	    0.00	    0.00	    0.00	    0.00	    0.00	    0.00	  582.05	  694.41	  599.25	    0.04	  100.82	  297.60	 1099.84	 1202.78	 2500.16	 1903.57	 1800.23
23	20	  362.74	    0.07	   65.69	  200.01	    3.46	    0.04	    0.00	    0.00	    0.01	    0.00	  397.84	 1160.82	 3716.57	  399.42	    0.00	    0.00	    0.00	    0.00	    0.00	    0.00	    0.00	    0.00	  700.82	 3247.59
23	22	  437.21	    0.01	  134.30	    2.22	    0.44	    0.53	    0.40	    0.61	    0.00	    0.00	    0.05	  940.43	 2195.31	    0.00	    0.00	    1.02	    0.00	    0.20	    0.00	    1.40	 1494.96	    0.08	    0.00	 2652.18
