i	j	       0	       1	       2	       3	       4	       5	       6	       7	       8	       9	      10	      11	      12	      13	      14	      15	      16	      17	      18	      19	      20	      21	      22	      23
0	1	 2600.75	    0.00	  265.25	  200.02	   20.85	    0.00	    0.01	    0.01	   41.69	  125.11	  200.02	  459.25	  463.77	  100.00	   20.89	    0.01	    0.03	    0.00	    0.01	    0.00	    0.01	    0.09	    0.05	   29.67
0	2	 6199.25	 1208.07	    0.00	    0.00	    0.00	  238.52	  164.04	  287.00	    0.00	    0.00	    0.00	    0.00	    0.00	    0.00	    0.00	  184.29	    0.00	    0.23	    0.00	    0.03	    0.00	    0.00	    0.00	    0.00
1	0	    0.00	 1308.07	    0.00	    0.00	    0.00	  538.52	  664.02	 1086.97	    0.00	    0.00	    0.00	    0.00	    0.00	    0.00	    0.00	  684.23	    1.02	  100.23	    0.02	  299.99	    0.00	    0.00	    0.00	    0.00
1	5	 2500.75	 2691.93	  165.25	    0.03	    0.00	    0.00	    0.00	    0.00	    0.00	    0.00	    0.03	  359.25	  163.77	    0.01	    0.00	    0.00	    0.00	    0.00	    0.00	    0.00	    0.01	    0.02	    0.05	   29.67
2	0	    0.00	    0.00	  365.25	  700.02	  220.85	    0.00	    0.03	    0.04	  541.69	 1425.11	  700.02	  659.25	  963.77	  400.00	  520.89	    0.07	  399.01	    0.00	  299.99	    0.04	  100.01	  400.09	  300.05	  129.67
2	3	 4498.92	  707.86	 1934.56	    0.00	    0.00	    0.03	    0.00	    0.00	    0.00	    0.00	    0.00	 3733.09	 2563.35	    0.08	    0.00	    0.00	    0.00	    0.00	    0.00	    0.00	  200.90	    0.17	    1.38	  470.13
2	11	 1600.33	  400.21	  500.19	 1602.09	  404.15	  500.39	  700.38	 1200.00	 1399.70	  810.29	    0.83	    0.00	    0.00	    0.13	   79.70	  696.94	  228.54	    2.07	   34.16	    0.12	    0.00	    0.00	    0.00	    0.00
3	2	    0.00	    0.00	    0.00	 2502.11	  725.00	  561.90	  636.37	 1113.05	 2041.39	 2535.39	 1000.42	    0.00	    0.00	  499.87	  700.55	  712.72	  727.55	    1.84	  334.15	    0.11	    0.01	    0.06	    0.04	    0.01
3	4	 3196.44	  207.70	 1334.18	 6695.31	    0.00	    0.00	    0.00	    0.00	    0.00	    0.10	  905.57	 3132.78	 1963.09	  200.01	    0.05	    0.00	    0.01	    0.00	    0.02	    0.00	    0.94	    0.05	  199.94	  270.14
3	10	  802.48	  300.20	  400.38	 2402.58	  699.78	  599.64	    0.23	    6.02	    0.32	    0.14	    0.00	    0.31	    0.26	    0.06	    0.05	    0.10	    0.04	    0.01	    0.01	    0.02	    0.01	    0.04	    0.05	    0.02
4	3	    0.00	    0.04	    0.00	    0.00	 1924.77	 1561.51	 1036.60	 1819.06	 2741.71	 3735.22	    0.00	    0.00	    0.00	    0.00	 1198.83	 1512.82	 1227.49	  101.85	  533.44	  300.13	    0.03	  399.02	    0.00	    0.00
4	5	    0.00	    0.00	  525.62	 2112.34	 1245.20	    0.00	    0.01	    0.03	  558.44	 1274.84	  405.41	 1451.36	  646.30	  100.02	  278.98	    0.03	    0.04	    0.00	    0.03	    0.01	    0.01	    0.02	   99.94	   70.32
4	8	 2996.44	  899.66	  708.57	 4082.97	 2930.03	 1399.80	    0.09	    0.09	    0.00	    0.00	    0.15	 1481.42	 1116.79	    0.00	    0.00	    0.05	    0.00	    0.01	    0.00	    0.02	    0.00	    0.00	    0.00	  199.82
5	1	    0.00	    0.00	    0.00	    0.02	   79.15	  938.52	  864.01	 1486.95	  158.31	  474.89	    0.02	    0.00	    0.00	    0.01	   79.11	 1084.22	  200.99	  100.23	  100.01	  399.99	    0.00	   99.94	    0.00	    0.00
5	4	    0.00	  792.00	    0.00	    0.00	    0.00	 3161.31	  992.99	 1863.51	    0.00	    0.00	    0.00	    0.00	    0.00	    0.00	    0.00	 1617.69	    0.06	   82.25	    0.02	  322.26	    0.03	    0.00	    0.00	    0.00
5	7	 2200.75	 1499.93	  390.87	 1712.36	  966.04	 3500.17	    0.00	    0.00	    0.13	    0.06	    5.43	 1610.61	  610.07	    0.02	    0.00	    0.00	    0.00	    0.00	    0.00	    0.00	    0.00	    0.00	    0.00	    0.00
6	7	    0.00	    0.00	    0.00	    0.00	    0.00	    0.00	 4101.06	    0.00	    0.00	    0.00	    0.00	    0.00	    0.00	  399.32	  599.12	 2200.24	    0.00	  802.13	  998.31	 2599.81	  500.05	  799.89	  300.00	  200.01
6	17	  423.63	  328.27	    6.59	  425.83	  116.22	  966.27	 7998.94	 4469.71	  812.26	    0.65	    0.14	  213.42	    0.02	    0.00	    0.00	    0.00	    0.02	    0.00	    0.00	    0.00	    0.00	    0.00	    0.00	    0.00
7	5	    0.00	    0.00	    0.00	    0.00	    0.00	    0.00	 2256.99	 4150.43	    0.00	    0.11	    0.00	    0.00	    0.00	    0.00	    0.13	 3601.88	  701.01	  282.48	  300.00	 1022.24	  100.02	  299.89	    0.00	    0.01
7	6	  923.63	  528.27	  106.59	  825.83	  316.22	 1366.27	    0.00	 5469.71	 1412.21	    4.08	    1.29	  913.36	  147.14	    0.00	    0.00	    0.00	    0.10	    0.00	    0.00	    0.00	    0.00	    0.00	    0.00	    0.00
7	8	    0.00	    0.00	    0.00	    0.00	    0.00	    0.04	  844.07	 3649.51	    0.00	    0.00	    0.00	    0.00	    0.00	    0.00	    0.00	 1789.94	    0.00	  219.65	    0.00	  677.58	    0.03	    0.00	    0.00	    0.00
7	15	  477.20	  571.69	  170.76	  671.50	  419.66	 1333.93	    0.00	 3430.35	  850.11	    0.44	    0.20	  462.09	    0.35	    0.00	    0.00	    0.00	    0.00	    0.00	    0.00	    0.00	    0.00	    0.00	    0.00	    0.00
8	4	    0.00	    0.00	    0.00	    0.00	    0.00	    0.00	  243.71	  455.67	 4100.16	 6009.96	    0.00	    0.00	    0.00	    0.00	 1677.76	  395.21	 1427.45	   19.61	  633.43	   77.90	   99.06	  598.99	    0.00	    0.00
8	7	    0.07	    0.04	   86.48	  484.96	  269.84	    0.08	    0.00	    0.00	 3062.18	 1604.08	  795.92	  364.84	  137.42	    0.04	    0.00	    0.00	    0.20	    0.00	    0.00	    0.00	    0.00	    0.00	    0.00	    0.00
8	9	 2496.37	  699.63	  522.08	 2898.00	 1860.19	  999.76	    0.49	 2393.92	 9037.66	    0.00	    0.00	  516.68	  379.47	    0.00	    0.00	    0.22	    0.00	    0.06	    0.00	    0.00	    0.00	    0.00	    0.00	    0.00
9	8	    0.00	    0.00	    0.00	    0.00	    0.00	    0.00	    0.05	    0.00	    0.00	10414.04	 2195.77	    0.11	    0.11	  600.04	 2677.76	    5.44	 2327.65	    0.02	 1033.43	    0.30	  399.03	 1298.99	  500.00	    0.18
9	10	    0.00	    0.00	    0.00	    0.00	    0.00	    0.00	  499.77	  794.01	 1724.03	 8289.96	    0.00	    0.00	    0.00	    0.00	 1413.84	 1403.29	 1871.43	  199.98	  472.04	  464.78	    1.46	  552.31	    0.00	    0.00
9	14	  798.74	   99.95	   99.84	 1097.32	  596.12	  199.87	    0.00	    0.00	 3075.91	14659.27	 1927.90	  661.58	    2.93	    0.00	    0.00	    0.00	    0.71	    0.00	    0.00	    0.00	    0.00	    0.00	    0.00	    0.00
9	15	    0.00	    0.00	   22.68	  102.85	   64.26	    0.00	    0.00	    0.00	  538.10	 7935.43	 2138.27	  223.50	    0.10	    0.00	    0.00	    0.00	    0.00	    0.00	    0.00	    0.00	    0.00	    0.00	    0.00	    0.00
9	16	  399.16	    0.01	   99.96	  499.79	  199.92	    0.04	    0.07	    0.10	  899.62	 3901.30	 1000.33	  599.81	  499.68	    0.05	    0.11	    0.10	    0.00	    0.04	    0.06	    0.13	    0.04	    0.13	    0.04	    0.02
10	3	    0.00	    0.00	    0.00	    0.00	    0.00	    0.00	    0.00	    0.00	    0.00	    0.42	 3405.98	    0.00	    0.00	 1199.86	    1.82	    0.00	    0.11	    0.00	    0.74	    0.00	    0.04	    0.96	  698.66	    0.04
10	9	    1.52	    0.30	    0.40	    1.96	    0.10	    0.08	    0.00	    0.00	    0.00	    0.00	11162.28	 2968.31	 2023.34	 1057.04	    0.00	    0.00	    0.00	    0.00	    0.00	    0.00	    0.00	    0.00	  307.27	   51.71
10	11	    0.00	    0.00	    0.00	    0.00	    0.00	    0.00	    0.00	    0.00	    0.09	 3089.71	 2400.39	    0.00	    0.00	  907.61	  724.26	    3.53	  871.42	    0.02	  310.38	    0.00	    0.00	    0.00	    0.00	    0.00
10	13	  301.37	  100.06	  100.18	 1000.69	  199.70	  199.62	    0.00	    0.02	  324.25	 1199.97	 5331.34	 1038.52	    5.75	    0.00	    0.00	    0.00	    0.04	    0.00	    0.00	    0.00	    0.00	    0.00	    0.00	    0.00
11	2	    0.00	    0.00	    0.00	    0.00	    0.00	    0.00	    0.00	    0.00	    0.00	    0.00	    0.43	 4592.34	 3627.12	    0.34	    0.05	    0.00	    0.00	    0.00	    0.00	    0.02	  300.89	  500.20	  401.39	  599.79
11	10	    0.41	    0.15	    0.21	    0.07	    0.02	    0.06	    0.00	    0.00	    0.00	    0.00	    0.00	 5406.51	 3028.84	    0.00	    0.00	    0.00	    0.00	    0.00	    0.00	    0.00	    0.03	    0.00	    0.00	    0.29
11	12	 1399.92	  300.06	  299.98	 1002.02	  204.13	  300.33	    0.44	  600.00	  799.79	 1900.00	 1000.79	 3901.15	    0.00	  207.64	  103.91	    0.47	  499.96	    0.05	   44.53	    0.02	    0.00	    0.00	    0.00	    0.00
12	11	    0.00	    0.00	    0.00	    0.00	    0.00	    0.00	    0.06	    0.00	    0.00	    0.00	    0.00	    0.00	 7955.95	    0.25	    0.00	    0.00	    0.00	  197.97	    0.00	  499.93	  600.93	 1200.20	 1101.39	 1100.07
12	23	  899.92	    0.06	  199.98	  402.02	    4.13	  100.33	    0.00	    0.00	  199.79	    0.00	    0.79	 2601.15	 6644.05	    0.00	    0.00	    0.00	    0.00	    0.00	    0.00	    0.00	    0.00	    0.00	    0.00	    0.00
13	10	    0.00	    0.00	    0.00	    0.00	    0.00	    0.00	    0.00	    0.00	    0.00	    0.00	    0.00	    0.00	    0.00	 4764.45	  712.19	    0.14	    0.10	    0.02	  239.06	  135.20	  398.53	  548.61	 2305.88	  651.44
13	14	    1.29	    0.06	    0.16	    1.51	    0.05	    0.01	    0.00	    0.00	    0.00	    0.00	 1025.66	  338.41	  107.35	 6252.98	    0.00	    0.00	    0.00	    0.00	    0.00	    0.00	    0.00	    0.00	 1162.61	  142.52
13	22	    0.09	    0.00	    0.02	  499.21	   99.66	   99.62	    0.00	    0.00	  209.32	  870.81	 2705.74	    0.26	    0.27	 3082.57	  438.38	    0.00	  239.35	    0.00	  135.02	    0.00	    0.00	    0.00	    0.00	    0.00
14	9	    0.00	    0.00	    0.00	    0.00	    0.00	    0.00	    0.00	    0.00	    0.00	    0.00	    0.00	    0.00	    0.00	 1643.06	 8091.70	    0.26	    0.68	    0.05	 3305.37	 1159.29	 1600.54	 4451.42	 1992.78	  748.50
14	13	    0.00	    0.00	    0.00	    0.00	    0.00	    0.00	  199.77	  399.57	  485.07	 1770.83	    0.06	    0.00	    0.00	    0.00	 2450.57	  699.39	  939.41	   99.88	  674.06	  634.25	    0.82	  694.68	    0.00	    0.00
14	18	  300.02	    0.06	    0.01	  200.06	  100.02	    0.12	    0.02	    0.03	  400.13	 3359.28	  859.66	  300.05	  253.53	 2897.43	 5899.91	    0.05	    0.36	    0.01	    0.00	    0.05	  417.17	 2899.92	  899.98	  206.52
14	21	    0.00	    0.00	    0.00	  398.77	  296.14	    0.00	    0.00	    0.00	 1290.72	 5529.15	  693.85	    0.00	    0.00	  412.49	 4957.82	    0.20	 2682.20	    0.00	 2105.06	    0.00	    0.00	    0.00	    0.00	    0.00
15	7	    0.00	    0.00	    0.00	    0.00	    0.00	    0.00	    0.00	    0.00	    0.00	    0.49	    0.13	    0.00	    0.00	    0.62	    1.01	 5391.58	 2100.91	    0.00	    1.69	    0.00	    0.00	    0.00	    0.00	    0.00
15	9	    0.00	    0.05	    0.00	    0.00	    0.00	    0.06	 2399.26	    0.19	    0.00	    0.00	    0.00	    0.00	    0.00	    0.00	    0.00	 5807.42	    0.50	  899.79	    0.17	 1805.74	    0.00	    0.00	    0.00	    0.00
15	16	    0.83	  200.01	    0.03	    0.18	    0.08	  500.03	 1000.24	 1400.22	    0.33	    1.07	    0.24	    0.14	    0.08	    0.00	    0.00	 5858.66	    0.00	  600.20	    0.00	 1410.23	  391.47	    0.00	    0.00	  158.98
15	17	    0.01	    0.00	    0.00	    0.01	    0.00	    0.02	    0.00	    0.13	    0.84	 3537.19	  738.86	    0.11	    0.00	    0.02	    0.12	 9042.35	 3513.15	    0.00	    0.12	    0.00	    0.00	    0.00	    0.00	    0.00
16	9	    0.00	    0.00	    0.00	    0.00	    0.00	    0.00	    0.13	    0.00	    0.00	    0.00	    0.00	    0.00	    0.00	    0.00	    0.00	    0.93	 8098.62	    0.15	    0.00	    0.17	    0.00	    0.00	    0.00	    0.00
16	15	    0.00	    0.00	    0.00	    0.00	    0.00	    0.00	    0.00	    0.00	    0.00	    2.55	    0.65	    0.00	    0.00	  692.29	 1187.47	    0.00	 8414.46	    0.00	 1287.23	    0.00	    0.05	    0.09	    0.04	    0.02
16	18	    0.02	    0.03	    0.00	    0.02	    0.01	    0.07	    0.18	    0.33	    0.03	    0.14	    0.00	    0.00	    0.00	    0.00	    0.00	 3057.83	 6886.92	    0.10	    0.00	    0.00	    0.00	    0.00	    0.00	    0.00
17	6	    0.00	    0.00	    0.00	    0.00	    0.00	    0.00	    0.00	    0.00	    0.05	 1896.57	  498.85	    0.06	  252.88	  599.32	 1099.12	 3600.24	  999.93	 1002.13	 1398.31	 3099.81	  700.05	 1299.89	  500.00	  300.01
17	15	   23.65	   28.37	    6.59	   25.85	   16.16	   66.19	 4799.50	  170.19	   12.97	    0.33	    0.10	   14.67	  599.63	    8.35	   13.66	    0.00	    0.10	 1999.99	   14.76	 4815.97	  991.42	 1199.91	  499.96	  458.95
17	19	  299.99	  299.90	    0.00	  299.99	  100.07	  800.11	 2999.44	 3999.65	  600.08	  941.12	  140.04	    0.01	    0.00	    0.00	    0.00	 4942.10	 1913.27	 1797.88	    0.00	    0.00	    0.00	    0.00	    0.00	    0.00
18	14	    0.00	    0.05	    0.00	    0.00	    0.00	    0.25	  699.73	  999.53	    0.00	    0.00	    0.00	    0.00	    0.00	    0.00	    0.00	 1899.76	 5121.93	  299.91	 6884.50	 2893.18	    0.14	    0.33	    0.14	    0.06
18	16	    0.03	    0.00	    0.01	    0.04	    0.02	    0.00	    0.00	    0.00	    0.07	    0.32	    0.08	    0.05	    0.24	 1392.23	 2687.36	    0.00	    0.00	    0.00	 2987.17	  289.82	  208.53	 1699.97	  599.99	  141.03
18	19	    0.01	    0.00	    0.00	    0.03	    0.01	    0.02	    0.00	    0.00	    0.08	 1559.10	  459.58	    0.00	    0.00	 1205.20	 2412.55	    0.00	   65.35	    0.00	 2928.33	    0.00	    0.00	    0.00	    0.00	    0.00
19	17	    0.00	    0.00	    0.00	    0.00	    0.00	    0.00	    0.00	    0.00	    0.00	    0.18	    0.00	    1.21	  952.49	  707.65	 1312.66	    0.00	    0.12	    0.00	 1712.94	 8315.79	 1791.47	 2799.80	 1099.97	  758.96
19	18	    0.00	   99.96	    0.00	    0.00	    0.00	  200.08	 1099.54	 1699.17	    0.00	    0.00	    0.00	    0.00	   46.71	    0.01	    0.00	  141.88	    0.00	  599.81	    0.00	 4382.95	  191.50	    0.38	    0.15	   34.56
19	20	    0.00	    0.00	    0.00	    0.01	    0.08	  100.01	  699.87	  600.44	    0.04	    0.04	    0.01	    0.01	    0.02	    0.01	    0.03	 1500.12	  278.47	  398.09	   15.49	 2700.51	    0.00	    0.06	    0.03	    0.02
19	21	    0.00	   99.94	    0.00	    0.01	    0.01	  200.04	  700.04	  800.03	    0.12	    0.19	    0.04	    0.00	    0.00	    0.00	    0.14	 1700.10	    0.09	  399.99	    0.07	 3100.75	    0.15	    0.00	    0.00	    0.00
20	19	    0.00	    0.00	    0.00	    0.00	    0.00	    0.00	    0.00	    0.00	    0.00	    0.10	    0.02	  401.14	 1599.08	    0.07	    0.15	    0.00	    0.07	    0.00	    0.16	    0.00	 3183.13	    0.20	    1.25	 1193.29
20	21	  267.73	    0.05	   66.93	    0.03	    0.00	    0.02	    0.05	    0.07	    0.00	    0.00	    0.00	  468.52	 1471.91	    0.00	    0.00	    0.14	    0.00	    0.03	    0.00	    0.36	 4619.93	    0.00	    0.40	 1596.11
20	23	    0.00	    0.00	    0.00	    0.00	    0.00	    0.02	  499.81	  200.37	    0.02	  456.55	    0.00	    0.00	    0.00	    0.00	  607.00	  900.05	  184.01	  298.06	  218.58	 1500.15	 3196.94	 2214.97	    0.00	    0.00
21	14	    0.00	    0.00	    0.00	    0.00	    0.00	    0.00	    0.05	    0.07	    0.00	    0.00	    0.00	    0.06	  843.25	    0.00	    0.00	    0.14	    0.00	    0.03	    0.00	    0.41	 2818.39	10645.70	 2730.01	 1212.44
21	19	    0.00	    0.00	    0.00	    0.00	    0.00	    0.00	    0.00	    0.00	    0.00	    0.09	    0.41	    0.07	    0.15	    2.40	    0.13	    0.00	    0.00	    0.00	    0.00	    0.00	    0.00	 5200.04	 1798.90	    0.26
21	20	    0.00	    0.00	    0.00	    0.00	   96.17	    0.00	    0.00	    0.00	  299.97	 1656.61	    2.13	    0.00	    0.00	    0.81	 1407.12	    0.07	  505.61	    0.00	  603.26	    0.00	    0.00	 4015.10	    1.15	    0.00
21	22	    0.00	    0.00	    0.00	    0.00	    0.00	    0.07	  200.04	  300.03	  290.87	 1272.64	    0.00	    0.00	    0.00	    0.00	  950.71	  500.24	  476.68	   99.99	  301.88	  700.71	    1.70	 4539.16	    0.00	    0.00
22	13	    0.01	    0.00	    0.00	    0.02	    0.00	    0.00	    0.23	    0.40	    0.00	    0.00	    0.00	    0.16	  701.86	    0.00	    0.00	    0.75	    0.00	    0.14	    0.01	    0.95	  797.71	 1053.93	 4568.48	 1193.96
22	21	  132.27	    0.01	   33.07	    1.18	    0.03	    0.00	    0.00	    0.00	    0.00	    0.00	  408.66	  231.60	  671.49	  790.72	    0.00	    0.00	    0.00	    0.00	    0.00	    0.00	    0.00	    0.00	 6629.66	  716.59
22	23	    0.02	    0.00	    0.00	    0.04	    0.01	    0.01	    0.15	    0.14	    0.19	  343.45	  997.13	    0.08	    0.00	 1191.85	  389.08	    0.35	  116.02	    0.02	  136.88	    0.94	    0.05	 1385.32	 3301.86	    0.00
23	12	    0.00	    0.00	    0.00	    0.00	    0.00	    0.00	  399.62	    0.00	    0.00	    0.00	    0.00	    0.00	    0.00	  392.61	  596.09	  599.53	    0.04	  297.91	  255.47	 1099.91	 1200.93	 2500.20	 1901.39	 1800.07
23	20	  367.72	    0.05	   66.93	  200.03	    3.75	    0.03	    0.00	    0.00	    0.01	    0.00	  397.87	 1169.65	 3670.97	  399.25	    0.00	    0.00	    0.00	    0.00	    0.00	    0.00	    0.00	    0.00	  700.47	 3289.39
23	22	  432.21	    0.01	  133.05	    2.03	    0.39	    0.33	    0.34	    0.51	    0.00	    0.00	    0.05	  931.57	 2173.08	    0.00	    0.00	    0.86	    0.00	    0.17	    0.00	    1.18	 1496.07	    0.08	    0.00	 2610.54
