i	j	o5d0l13
0	1	 4495.53
0	2	 8418.61
1	0	 4519.08
1	5	 5968.44
2	0	 8395.05
2	3	14017.21
2	11	10038.01
3	2	14044.94
3	4	18013.95
3	10	 5209.11
4	3	18044.16
4	5	 8796.56
4	8	15785.20
5	1	 5992.00
5	4	 8805.85
5	7	12491.72
6	7	12101.96
6	17	15805.50
7	5	12524.57
7	6	12045.12
7	8	 6881.84
7	15	 8383.84
8	4	15806.11
8	7	 6837.18
8	9	21745.66
9	8	21821.91
9	10	17725.14
9	14	23126.62
9	15	11046.82
9	16	 8100.54
10	3	 5306.64
10	9	17606.10
10	11	 8364.28
10	13	 9779.43
11	2	 9986.72
11	10	 8406.59
11	12	12302.77
12	11	12393.79
12	23	11119.89
13	10	 9815.61
13	14	 9036.83
13	22	 8397.25
14	9	23194.79
14	13	 9078.81
14	18	19082.81
14	21	18403.47
15	7	 8404.52
15	9	11073.89
15	16	11687.73
15	17	15291.05
16	9	 8100.59
16	15	11676.49
16	18	 9951.61
17	6	15862.34
17	15	15350.03
17	19	18992.64
18	14	19115.61
18	16	 9940.42
18	19	 8684.27
19	17	19008.46
19	18	 8705.88
19	20	 6304.53
19	21	 7002.85
20	19	 6243.10
20	21	 8617.69
20	23	10304.52
21	14	18380.82
21	19	 7001.72
21	20	 8606.19
21	22	 9661.36
22	13	 8391.45
22	21	 9626.08
22	23	 7901.16
23	12	11110.91
23	20	10254.59
23	22	 7860.06
