i	j	o20d10l39
0	1	 4487.55
0	2	 8114.68
1	0	 4514.83
1	5	 5965.03
2	0	 8087.40
2	3	14017.73
2	11	10031.47
3	2	14037.91
3	4	18015.14
3	10	 5209.64
4	3	18036.98
4	5	 8798.35
4	8	15784.80
5	1	 5992.31
5	4	 8803.52
5	7	12485.50
6	7	12091.52
6	17	15884.90
7	5	12517.95
7	6	12035.34
7	8	 6876.51
7	15	 8381.92
8	4	15801.47
8	7	 6831.71
8	9	21754.60
9	8	21826.46
9	10	17782.60
9	14	23113.59
9	15	11042.24
9	16	 8100.65
10	3	 5307.99
10	9	17660.24
10	11	 8340.47
10	13	 9774.85
11	2	 9984.00
11	10	 8379.55
11	12	12271.56
12	11	12363.18
12	23	11153.75
13	10	 9811.76
13	14	 9063.36
13	22	 8375.90
14	9	23183.12
14	13	 9106.44
14	18	19006.92
14	21	18363.77
15	7	 8403.00
15	9	11066.71
15	16	11695.92
15	17	15348.59
16	9	 8100.87
16	15	11683.57
16	18	 9955.90
17	6	15941.08
17	15	15406.48
17	19	19065.67
18	14	19042.41
18	16	 9943.77
18	19	 8690.51
19	17	19079.74
19	18	 8713.87
19	20	 6395.98
19	21	 7003.56
20	19	 6335.51
20	21	 8818.22
20	23	10205.29
21	14	18340.89
21	19	 7001.46
21	20	 8807.08
21	22	 9686.71
22	13	 8369.73
22	21	 9650.60
22	23	 7641.11
23	12	11145.37
23	20	10155.96
23	22	 7598.83
