i	j	o19d7l59
0	1	 4545.43
0	2	 8182.97
1	0	 4583.41
1	5	 5967.54
2	0	 8144.98
2	3	14064.20
2	11	10103.55
3	2	14096.27
3	4	18064.07
3	10	 5208.78
4	3	18096.11
4	5	 8793.31
4	8	15787.01
5	1	 6005.52
5	4	 8807.82
5	7	12538.47
6	7	12201.49
6	17	16001.34
7	5	12590.96
7	6	12115.00
7	8	 6970.58
7	15	 8428.17
8	4	15804.54
8	7	 6904.91
8	9	21682.75
9	8	21734.60
9	10	17722.42
9	14	23028.74
9	15	11104.13
9	16	 8100.12
10	3	 5308.81
10	9	17591.85
10	11	 8357.22
10	13	 9745.19
11	2	10033.50
11	10	 8399.50
11	12	12362.34
12	11	12434.57
12	23	11081.08
13	10	 9772.37
13	14	 9030.63
13	22	 8438.82
14	9	23062.74
14	13	 9074.85
14	18	19019.25
14	21	18491.18
15	7	 8459.84
15	9	11151.66
15	16	11829.49
15	17	16553.37
16	9	 8101.02
16	15	11861.84
16	18	 9985.93
17	6	16087.84
17	15	16600.22
17	19	19260.51
18	14	19066.06
18	16	10019.18
18	19	 8906.89
19	17	19293.85
19	18	 8986.95
19	20	 6119.39
19	21	 7004.80
20	19	 6132.55
20	21	 8697.63
20	23	10256.89
21	14	18422.58
21	19	 7005.05
21	20	 8740.61
21	22	 9651.41
22	13	 8421.79
22	21	 9626.03
22	23	 7892.54
23	12	11053.31
23	20	10227.07
23	22	 7850.13
