i	j	       0	       1	       2	       3	       4	       5	       6	       7	       8	       9	      10	      11	      12	      13	      14	      15	      16	      17	      18	      19	      20	      21	      22	      23
0	1	 2600.41	    0.00	  269.24	  200.02	   15.71	    0.00	    0.01	    0.02	   31.43	   94.32	  200.02	  476.53	  461.85	  100.00	   15.72	    0.02	    0.04	    0.00	    0.01	    0.00	    0.01	    0.08	    0.12	   29.19
0	2	 6199.59	 1170.58	    0.00	    0.00	    0.00	  232.69	  139.58	  240.04	    0.00	    0.00	    0.00	    0.00	    0.00	    0.00	    0.00	  104.16	    0.00	   34.30	    0.00	    0.02	    0.00	    0.00	    0.00	    0.00
1	0	    0.00	 1270.58	    0.00	    0.00	    0.00	  532.69	  639.56	 1040.01	    0.00	    0.00	    0.00	    0.00	    0.00	    0.00	    0.00	  604.14	    0.44	  134.29	    0.03	  299.98	    0.00	    0.02	    0.00	    0.00
1	5	 2500.41	 2729.42	  169.24	    0.04	    0.00	    0.00	    0.00	    0.00	    0.00	    0.00	    0.04	  376.53	  161.85	    0.01	    0.00	    0.00	    0.00	    0.00	    0.00	    0.00	    0.01	    0.03	    0.12	   29.19
2	0	    0.00	    0.00	  369.24	  700.02	  215.71	    0.00	    0.03	    0.05	  531.43	 1394.32	  700.02	  676.53	  961.85	  400.00	  515.72	    0.04	  399.59	    0.00	  299.99	    0.05	  100.01	  400.06	  300.12	  129.19
2	3	 4499.18	  670.28	 1930.52	    0.00	    0.00	    0.00	    0.00	    0.00	    0.00	    0.00	    0.00	 3748.30	 2498.55	    0.08	    0.00	    0.00	    0.00	    0.00	    0.00	    0.00	  202.52	    0.12	    1.78	  470.52
2	11	 1600.41	  400.30	  500.24	 1601.55	  403.05	  500.37	  771.27	 1200.00	 1399.78	  663.13	    1.05	    0.00	    0.00	    0.09	   50.63	  534.44	  186.97	  199.75	   21.70	    0.11	    0.00	    0.00	    0.00	    0.00
3	2	    0.00	    0.00	    0.00	 2501.57	  718.76	  567.68	  731.72	 1160.01	 2031.21	 2357.45	 1000.25	    0.00	    0.00	  499.62	  666.29	  630.32	  686.57	  165.46	  321.69	    0.10	    0.00	    0.07	    0.05	    0.00
3	4	 3197.91	  170.21	 1330.40	 6697.35	    0.00	    0.00	    0.00	    0.00	    0.00	    0.11	  902.89	 3147.96	 1898.27	  200.02	    0.07	    0.00	    0.01	    0.00	    0.02	    0.00	    2.58	    0.04	  199.87	  270.53
3	10	  801.27	  300.12	  400.12	 2401.08	  699.98	  599.77	    0.81	    4.42	    0.39	    0.16	    0.00	    0.34	    0.28	    0.06	    0.06	    0.11	    0.04	    0.02	    0.02	    0.02	    0.02	    0.04	    0.05	    0.02
4	3	    0.00	    0.04	    0.00	    0.00	 1918.74	 1567.45	 1132.53	 1864.42	 2731.60	 3556.32	    0.00	    0.00	    0.00	    0.00	 1164.99	 1430.43	 1186.18	  265.48	  521.15	  300.13	    0.03	  399.24	    0.00	    0.00
4	5	    0.00	    0.00	  525.86	 2135.24	 1263.44	    0.00	    0.02	    0.03	  568.72	 1305.62	  402.72	 1460.77	  579.15	  100.02	  284.01	    0.04	    0.04	    0.00	    0.04	    0.01	    0.01	    0.00	   99.87	   70.80
4	8	 2997.91	  899.71	  704.54	 4062.11	 2917.82	 1399.92	    0.02	    0.10	    0.00	    0.00	    0.17	 1487.20	 1119.12	    0.00	    0.00	    0.06	    0.00	    0.01	    0.00	    0.02	    0.00	    0.00	    0.00	  199.74
5	1	    0.00	    0.00	    0.00	    0.02	   84.29	  932.69	  839.55	 1439.99	  168.57	  505.68	    0.02	    0.00	    0.00	    0.01	   84.28	 1004.12	  200.41	  134.29	  100.01	  399.98	    0.00	   99.96	    0.00	    0.00
5	4	    0.00	  829.55	    0.00	    0.00	    0.00	 3167.38	 1028.29	 1805.95	    0.00	    0.00	    0.00	    0.00	    0.00	    0.00	    0.00	 1462.74	    0.09	  202.53	    0.03	  306.48	    0.03	    0.00	    0.00	    0.00
5	7	 2200.41	 1499.87	  395.11	 1735.26	  979.15	 3499.94	    0.00	    0.00	    0.15	    0.07	    2.74	 1637.30	  541.00	    0.02	    0.00	    0.00	    0.00	    0.00	    0.00	    0.00	    0.00	    0.00	    0.00	    0.00
6	7	    0.00	    0.00	    0.00	    0.00	    0.00	    0.00	 4177.15	    0.00	    0.00	    0.00	    0.00	    0.00	    0.00	  399.88	  600.06	  393.75	  132.10	  999.95	  999.65	 2599.75	  500.08	  799.94	  299.97	  199.99
6	17	  432.68	  339.08	    8.31	  399.93	  120.25	  991.47	 7922.85	 4534.86	  837.45	    0.61	    0.14	  215.38	    0.06	    0.00	    0.00	    0.00	    0.03	    0.00	    0.00	    0.00	    0.00	    0.00	    0.00	    0.00
7	5	    0.00	    0.00	    0.00	    0.00	    0.00	    0.00	 2267.82	 4045.91	    0.00	    0.12	    0.00	    0.00	    0.00	    0.00	    0.27	 3366.83	  700.46	  436.82	  300.00	 1006.44	  100.02	  299.94	    0.00	    0.01
7	6	  932.68	  539.08	  108.31	  799.93	  320.25	 1391.47	    0.00	 5534.86	 1437.40	    1.67	    0.47	  915.18	   62.79	    0.00	    0.00	    0.00	    0.11	    0.00	    0.00	    0.00	    0.00	    0.00	    0.00	    0.00
7	8	    0.00	    0.00	    0.00	    0.00	    0.00	    0.00	  909.33	 3754.02	    0.00	    0.00	    0.00	    0.00	    0.00	    0.00	    0.00	 1263.38	    0.00	  263.24	    0.00	  693.66	    0.11	    0.09	    0.00	    0.00
7	15	  467.81	  560.83	  170.90	  705.98	  423.25	 1308.55	    0.00	 3365.21	  907.03	    0.00	    0.06	  475.63	    0.55	    0.00	    0.00	    0.00	    0.00	    0.00	    0.00	    0.00	    0.00	    0.00	    0.00	    0.00
8	4	    0.00	    0.00	    0.00	    0.00	    0.00	    0.00	  304.28	  558.61	 4100.32	 5861.84	    0.00	    0.00	    0.00	    0.00	 1648.93	  467.78	 1386.12	   62.96	  621.15	   93.69	   97.43	  599.20	    0.00	    0.00
8	7	    0.08	    0.04	   84.10	  470.65	  264.35	    0.09	    0.00	    0.00	 3144.28	 1601.46	  797.78	  353.52	  122.35	    0.05	    0.00	    0.00	    0.22	    0.00	    0.00	    0.00	    0.00	    0.00	    0.00	    0.00
8	9	 2497.83	  699.67	  520.44	 2891.46	 1853.48	  999.83	    5.12	 2395.51	 8955.40	    0.00	    0.00	  533.73	  396.82	    0.00	    0.00	    0.25	    0.00	    0.37	    0.00	    0.31	    0.00	    0.00	    0.00	    0.00
9	8	    0.00	    0.00	    0.00	    0.00	    0.00	    0.00	    0.05	    0.00	    0.00	10263.30	 2197.61	    0.05	    0.05	  600.05	 2648.93	  604.59	 2286.34	    0.07	 1021.15	    0.31	  397.32	 1299.11	  500.00	    0.26
9	10	    0.00	    0.00	    0.00	    0.00	    0.00	    0.00	  499.19	  795.61	 1713.90	 8391.09	    0.00	    0.00	    0.00	    0.00	 1289.45	 1565.42	 1913.09	  199.98	  426.20	  429.61	    2.15	  502.30	    0.00	    0.00
9	14	  799.36	   99.98	   99.92	 1098.69	  597.09	  199.96	    0.00	    0.00	 3085.80	14605.03	 1883.56	  655.49	    3.55	    0.00	    0.00	    0.00	    0.80	    0.00	    0.00	    0.00	    0.00	    0.00	    0.00	    0.00
9	15	    0.00	    0.00	   20.83	   94.19	   56.62	    0.00	    0.00	    0.00	  455.87	 8039.90	 2170.18	  208.21	    0.43	    0.00	    0.00	    0.00	    0.00	    0.00	    0.00	    0.00	    0.00	    0.00	    0.00	    0.00
9	16	  399.49	    0.02	   99.96	  499.79	  199.91	    0.04	    0.08	    0.12	  899.83	 3900.68	 1000.08	  599.98	  499.98	    0.10	    0.12	    0.11	    0.00	    0.05	    0.07	    0.14	    0.05	    0.14	    0.05	    0.02
10	3	    0.00	    0.00	    0.00	    0.00	    0.00	    0.00	    0.00	    0.00	    0.00	    1.39	 3403.14	    0.00	    0.00	 1199.61	    1.43	    0.00	    0.44	    0.00	    0.57	    0.00	    0.05	    0.80	  698.20	    0.04
10	9	    1.01	    0.27	    0.27	    1.21	    0.15	    0.10	    0.00	    0.00	    0.00	    0.00	11151.44	 2929.99	 2007.19	 1100.00	    0.00	    0.00	    0.00	    0.00	    0.00	    0.00	    0.15	    0.00	  354.50	   57.89
10	11	    0.00	    0.00	    0.00	    0.00	    0.00	    0.00	    0.00	    0.00	    0.11	 3236.87	 2400.45	    0.00	    0.00	  715.69	  655.17	  165.71	  912.92	    0.02	  280.76	    0.00	    0.00	    0.00	    0.00	    0.00
10	13	  300.77	  100.04	  100.11	  999.95	  199.86	  199.74	    0.00	    0.02	  314.19	 1152.99	 5344.97	 1044.80	   19.23	    0.00	    0.00	    0.00	    0.04	    0.00	    0.00	    0.00	    0.00	    0.00	    0.00	    0.00
11	2	    0.00	    0.00	    0.00	    0.00	    0.00	    0.00	    0.00	    0.00	    0.00	    0.00	    0.82	 4624.83	 3560.40	    0.56	    0.05	    0.00	    0.00	    0.00	    0.00	    0.03	  302.52	  500.11	  401.85	  599.71
11	10	    0.51	    0.19	    0.26	    0.08	    0.03	    0.07	    0.00	    0.00	    0.00	    0.00	    0.00	 5374.46	 3026.13	    0.00	    0.00	    0.00	    0.00	    0.00	    0.00	    0.00	    0.04	    0.00	    0.00	    0.36
11	12	 1399.90	  300.11	  299.98	 1001.47	  203.02	  300.30	   71.34	  600.00	  799.89	 1900.00	 1000.68	 3900.71	    0.00	   15.53	    5.74	    0.68	  499.89	    0.03	    2.46	    0.04	    0.00	    0.00	    0.00	    0.00
12	11	    0.00	    0.00	    0.00	    0.00	    0.00	    0.00	    0.07	    0.00	    0.00	    0.00	    0.00	    0.00	 7886.53	    0.31	    0.00	    0.53	    0.00	    0.26	    0.00	  499.96	  602.56	 1200.11	 1101.85	 1100.07
12	23	  899.90	    0.11	  199.98	  401.47	    3.02	  100.30	    0.00	    0.00	  199.89	    0.00	    0.68	 2600.71	 6713.47	    0.00	    0.00	    0.00	    0.00	    0.00	    0.00	    0.00	    0.00	    0.00	    0.00	    0.00
13	10	    0.00	    0.00	    0.00	    0.00	    0.00	    0.00	    0.00	    0.00	    0.00	    0.00	    0.00	    0.00	    0.00	 4615.25	  767.09	    0.17	    0.27	    0.02	  255.12	  170.37	  398.00	  598.45	 2352.64	  657.54
13	14	    0.67	    0.03	    0.09	    0.87	    0.05	    0.06	    0.00	    0.00	    0.00	    0.00	 1049.90	  344.51	   94.20	 6256.36	    0.00	    0.00	    0.00	    0.00	    0.00	    0.00	    0.00	    0.00	 1172.94	  117.38
13	22	    0.11	    0.01	    0.02	  499.10	   99.81	   99.68	    0.00	    0.00	  193.67	  798.88	 2695.14	    0.32	    0.33	 3228.39	  430.90	    0.00	  218.91	    0.00	  133.53	    0.00	    0.00	    0.00	    0.00	    0.00
14	9	    0.00	    0.00	    0.00	    0.00	    0.00	    0.00	    0.00	    0.00	    0.00	    0.00	    0.00	    0.00	    0.00	 1600.15	 7938.50	    0.29	    0.80	    0.05	 3247.22	 1720.05	 1599.37	 4401.56	 1945.55	  742.40
14	13	    0.00	    0.00	    0.00	    0.00	    0.00	    0.00	  199.61	  399.22	  479.49	 1745.89	    0.06	    0.00	    0.00	    0.00	 2497.99	  699.87	  919.14	   99.81	  688.64	  669.30	    0.20	  681.14	    0.00	    0.00
14	18	  300.03	    0.07	    0.01	  200.10	  100.03	    0.13	    0.02	    0.03	  400.15	 3258.07	  829.11	  300.06	  278.84	 2897.05	 5900.03	    0.06	    0.40	    0.01	    0.00	    0.05	  559.49	 2899.92	  899.98	  259.09
14	21	    0.00	    0.00	    0.00	  399.46	  297.11	    0.00	    0.00	    0.00	 1306.17	 5601.07	  704.29	    0.00	    0.00	  459.16	 5063.47	    0.23	 2484.70	    0.00	 2087.84	    0.00	    0.00	    0.00	    0.00	    0.00
15	7	    0.00	    0.00	    0.00	    0.00	    0.00	    0.00	    0.00	    0.00	    0.00	    0.26	    0.00	    0.00	    0.00	    0.05	    0.21	 6436.46	 1968.25	    0.12	    0.35	    0.35	    0.05	    0.08	    0.03	    0.02
15	9	    0.00	    0.05	    0.00	    0.00	    0.00	    0.07	 2393.98	    0.21	    0.00	    0.00	    0.00	    0.00	    0.00	    0.00	    0.00	 6568.52	    0.56	  899.59	    0.19	 1209.51	    0.00	    0.00	    0.00	    0.00
15	16	    0.50	  200.00	    0.03	    0.18	    0.07	  499.99	 1000.35	 1400.22	    0.11	    0.50	    0.09	    0.05	    0.00	    0.00	    0.00	 5971.40	    0.00	  600.15	    0.00	 1541.09	  346.20	    0.00	    0.00	  126.16
15	17	    0.02	    0.00	    0.00	    0.02	    0.00	    0.02	    0.00	    0.15	    0.56	 3640.90	  770.54	    0.06	    0.00	    0.03	    0.15	 7123.62	 3751.86	    0.00	    0.15	    0.00	    0.00	    0.00	    0.00	    0.00
16	9	    0.00	    0.00	    0.00	    0.00	    0.00	    0.00	    0.22	    0.00	    0.00	    0.00	    0.00	    0.00	    0.00	    0.00	    0.00	    1.07	 8098.86	    0.08	    0.00	    0.19	    0.00	    0.00	    0.00	    0.00
16	15	    0.00	    0.00	    0.00	    0.00	    0.00	    0.00	    0.00	    0.00	    0.00	    1.40	    0.26	    0.09	    0.07	  689.58	 1182.89	    0.00	 8520.55	    0.00	 1281.83	    0.00	    0.05	    0.11	    0.04	    0.03
16	18	    0.03	    0.02	    0.00	    0.02	    0.01	    0.04	    0.21	    0.34	    0.04	    0.16	    0.00	    0.00	    0.00	    0.00	    0.00	 3170.44	 6780.59	    0.11	    0.00	    0.00	    0.00	    0.00	    0.00	    0.00
17	6	    0.00	    0.00	    0.00	    0.00	    0.00	    0.00	    0.00	    0.00	    0.05	 1898.94	  499.67	    0.20	  337.27	  599.88	 1100.06	 1793.75	 1132.02	 1199.95	 1399.65	 3099.75	  700.08	 1299.94	  499.97	  299.99
17	15	   32.71	   39.23	    8.31	    0.03	   20.21	   91.54	 4794.33	  235.37	   37.78	    0.37	    0.12	   16.19	  598.95	   10.50	   17.47	    0.00	    0.11	 1999.86	   18.87	 4350.95	  946.19	 1199.97	  499.99	  426.15
17	19	  299.99	  299.86	    0.00	  299.95	  100.04	  799.96	 2928.52	 3999.64	  600.18	 1042.41	  170.88	    0.20	    0.00	    0.00	    0.00	 4829.87	 2019.89	 1600.19	    0.00	    0.00	    0.00	    0.00	    0.00	    0.00
18	14	    0.00	    0.06	    0.00	    0.00	    0.00	    0.11	  699.57	  999.17	    0.00	    0.00	    0.00	    0.00	    0.00	    0.00	    0.00	 1900.29	 4904.25	  299.84	 6823.70	 3488.95	    0.15	    0.38	    0.16	    0.07
18	16	    0.04	    0.00	    0.01	    0.05	    0.02	    0.00	    0.00	    0.00	    0.09	    0.38	    0.10	    0.06	    0.09	 1389.48	 2682.77	    0.00	    0.00	    0.00	 2981.76	  158.96	  253.81	 1699.96	  599.99	  173.84
18	19	    0.02	    0.00	    0.00	    0.07	    0.02	    0.02	    0.00	    0.00	    0.09	 1457.85	  429.02	    0.00	    0.00	 1207.58	 2417.26	    0.00	  176.74	    0.00	 2994.55	    0.00	    0.00	    0.00	    0.00	    0.00
19	17	    0.00	    0.00	    0.00	    0.03	    0.00	    0.00	    0.00	    0.00	    0.00	    0.21	    0.00	    1.14	 1036.15	  710.35	 1317.38	    0.00	    0.14	    0.00	 1718.36	 7850.70	 1746.27	 2799.92	 1099.96	  726.15
19	18	    0.00	   99.98	    0.00	    0.00	    0.00	  199.97	 1099.34	 1698.80	    0.00	    0.00	    0.00	    0.00	   21.26	    0.01	    0.00	   29.79	    0.00	  599.71	    0.00	 4847.86	   94.47	    0.42	    0.17	   14.82
19	20	    0.00	    0.00	    0.00	    0.01	    0.05	  100.01	  629.11	  600.55	    0.13	    0.05	    0.02	    0.01	    0.02	    0.02	    0.03	 1500.71	  496.46	  200.43	   76.28	 2701.36	    0.00	    0.07	    0.03	    0.02
19	21	    0.00	   99.88	    0.00	    0.02	    0.01	  200.00	  700.07	  800.28	    0.14	    0.21	    0.04	    0.00	    0.00	    0.00	    0.16	 1699.37	    0.11	  400.05	    0.08	 3100.08	    0.17	    0.00	    0.00	    0.00
20	19	    0.00	    0.00	    0.00	    0.00	    0.00	    0.00	    0.00	    0.00	    0.00	    0.11	    0.03	  400.88	 1657.26	    0.08	    0.17	    0.00	    0.07	    0.00	    0.18	    0.00	 3040.92	    0.24	    2.15	 1140.69
20	21	  263.58	    0.09	   65.90	    0.00	    0.00	    0.03	    0.06	    0.08	    0.00	    0.00	    0.00	  461.27	 1463.13	    0.00	    0.00	    0.16	    0.00	    0.03	    0.00	    0.40	 4759.45	    0.00	    0.00	 1601.93
20	23	    0.00	    0.00	    0.00	    0.00	    0.00	    0.02	  429.05	  200.48	    0.03	  487.92	    0.00	    0.00	    0.00	    0.00	  683.18	  900.63	  213.50	  100.39	  252.56	 1500.96	 3199.63	 2337.37	    0.00	    0.00
21	14	    0.00	    0.00	    0.00	    0.00	    0.00	    0.00	    0.06	    0.08	    0.00	    0.00	    0.00	    0.06	  881.09	    0.00	    0.00	    0.16	    0.00	    0.03	    0.00	    0.45	 2958.91	10582.24	 2672.44	 1284.04
21	19	    0.00	    0.00	    0.00	    0.04	    0.00	    0.00	    0.00	    0.00	    0.00	    0.10	    0.13	    0.08	    0.18	    2.71	    0.15	    0.00	    0.00	    0.00	    0.00	    0.00	    0.00	 5200.17	 1798.01	    0.30
21	20	    0.01	    0.00	    0.00	    0.02	   97.23	    0.00	    0.00	    0.00	  299.88	 1687.98	    2.34	    0.04	    0.00	    1.21	 1483.31	    0.08	  317.11	    0.00	  576.46	    0.00	    0.00	 4137.53	    1.44	    0.00
21	22	    0.00	    0.00	    0.00	    0.00	    0.00	    0.06	  200.07	  300.28	  306.43	 1313.20	    0.00	    0.00	    0.00	    0.00	  980.18	  499.52	  467.69	  100.06	  311.45	  700.04	    0.72	 4480.06	    0.00	    0.00
22	13	    0.01	    0.00	    0.00	    0.02	    0.00	    0.00	    0.39	    0.76	    0.00	    0.00	    0.00	    0.03	  675.30	    0.00	    0.00	    0.30	    0.00	    0.22	    0.01	    1.07	  797.79	 1117.31	 4625.58	 1174.92
22	21	  136.43	    0.03	   34.10	    0.58	    0.11	    0.02	    0.00	    0.00	    0.00	    0.00	  398.14	  238.91	  718.14	  744.76	    0.00	    0.00	    0.00	    0.00	    0.00	    0.00	    0.00	    0.00	 6571.89	  782.41
22	23	    0.01	    0.00	    0.00	    0.02	    0.00	    0.01	    0.01	    0.03	    0.10	  312.08	  997.05	    0.06	    0.00	 1383.64	  411.08	    0.07	   86.60	    0.00	  144.97	    0.13	    0.06	 1263.41	 3302.53	    0.00
23	12	    0.00	    0.00	    0.00	    0.00	    0.00	    0.00	  328.73	    0.00	    0.00	    0.00	    0.00	    0.00	    0.00	  584.78	  694.26	  599.85	    0.11	  100.23	  297.54	 1099.92	 1202.56	 2500.11	 1901.85	 1800.07
23	20	  363.56	    0.09	   65.90	  199.97	    2.72	    0.03	    0.00	    0.00	    0.01	    0.00	  397.67	 1162.09	 3720.36	  398.86	    0.00	    0.00	    0.00	    0.00	    0.00	    0.00	    0.00	    0.00	  700.68	 3242.60
23	22	  436.35	    0.02	  134.08	    1.52	    0.30	    0.30	    0.33	    0.51	    0.00	    0.00	    0.05	  938.68	 2193.10	    0.00	    0.00	    0.84	    0.00	    0.17	    0.00	    1.16	 1497.13	    0.67	    0.00	 2657.33
