i	j	o14d1l22
0	1	 4399.62
0	2	 8026.18
1	0	 4426.76
1	5	 5966.00
2	0	 7999.03
2	3	14022.18
2	11	10039.39
3	2	14044.34
3	4	18020.96
3	10	 5207.28
4	3	18040.78
4	5	 8794.89
4	8	15787.19
5	1	 5993.15
5	4	 8804.24
5	7	12493.37
6	7	12110.59
6	17	15888.38
7	5	12529.86
7	6	12049.33
7	8	 6885.96
7	15	 8385.72
8	4	15797.66
8	7	 6841.63
8	9	21741.45
9	8	21807.59
9	10	17727.69
9	14	23122.77
9	15	11050.04
9	16	 8099.83
10	3	 5309.63
10	9	17603.16
10	11	 8364.22
10	13	 9774.52
11	2	 9990.08
11	10	 8403.98
11	12	12303.39
12	11	12393.84
12	23	11120.20
13	10	 9812.57
13	14	 9036.10
13	22	 8395.86
14	9	23187.91
14	13	 9078.90
14	18	19172.43
14	21	18403.66
15	7	 8405.28
15	9	11075.16
15	16	11692.48
15	17	15287.35
16	9	 8100.25
16	15	11682.28
16	18	 9953.67
17	6	15949.64
17	15	15342.23
17	19	19078.00
18	14	19204.99
18	16	 9943.89
18	19	 8691.16
19	17	19094.14
19	18	 8713.95
19	20	 6305.96
19	21	 7001.36
20	19	 6245.73
20	21	 8614.24
20	23	10307.98
21	14	18379.03
21	19	 7000.51
21	20	 8605.15
21	22	 9658.45
22	13	 8391.11
22	21	 9623.89
22	23	 7901.49
23	12	11110.65
23	20	10256.85
23	22	 7862.18
