i	j	       0	       1	       2	       3	       4	       5	       6	       7	       8	       9	      10	      11	      12	      13	      14	      15	      16	      17	      18	      19	      20	      21	      22	      23
0	1	 2600.20	    0.00	  267.55	  200.02	   15.72	    0.00	    0.01	    0.02	   31.43	   94.34	  200.02	  482.93	  459.43	  100.00	   15.73	    0.02	    0.04	    0.00	    0.01	    0.00	    0.01	    0.12	    0.20	   28.94
0	2	 6199.80	 1171.51	    0.00	    0.00	    0.00	  237.97	  136.53	  238.89	    0.00	    0.00	    0.00	    0.00	    0.00	    0.00	    0.00	  102.35	    0.00	   34.13	    0.00	    0.02	    0.00	    0.00	    0.00	    0.00
1	0	    0.00	 1271.51	    0.00	    0.00	    0.00	  537.97	  636.51	 1038.86	    0.00	    0.00	    0.00	    0.00	    0.00	    0.00	    0.00	  602.33	    0.84	  134.13	    0.03	  300.01	    0.00	    0.02	    0.00	    0.00
1	5	 2500.20	 2728.49	  167.55	    0.04	    0.00	    0.00	    0.00	    0.00	    0.00	    0.00	    0.04	  382.93	  159.43	    0.01	    0.00	    0.00	    0.00	    0.00	    0.00	    0.00	    0.01	    0.03	    0.20	   28.94
2	0	    0.00	    0.00	  367.55	  700.02	  215.72	    0.00	    0.03	    0.05	  531.43	 1394.34	  700.02	  682.93	  959.43	  400.00	  515.73	    0.04	  399.20	    0.00	  299.99	    0.02	  100.01	  400.10	  300.20	  128.94
2	3	 4499.78	  671.40	 1932.41	    0.00	    0.00	    0.00	    0.00	    0.00	    0.00	    0.00	    0.00	 3770.20	 2472.11	    0.09	    0.00	    0.00	    0.00	    0.00	    0.00	    0.00	  203.24	    0.15	    2.05	  470.98
2	11	 1600.02	  400.11	  500.04	 1601.60	  403.19	  500.36	  737.64	 1200.00	 1399.56	  682.54	    0.83	    0.00	    0.00	    0.15	   49.24	  547.97	  192.38	  199.43	   21.10	    0.13	    0.00	    0.00	    0.00	    0.00
3	2	    0.00	    0.00	    0.00	 2501.62	  718.91	  562.39	  701.14	 1161.15	 2031.00	 2376.88	 1000.37	    0.00	    0.00	  499.85	  664.92	  645.66	  691.58	  165.30	  321.09	    0.13	    0.00	    0.06	    0.04	    0.00
3	4	 3198.49	  171.24	 1332.22	 6696.95	    0.00	    0.00	    0.00	    0.00	    0.00	    0.12	  904.17	 3169.46	 1871.67	  200.09	    0.07	    0.00	    0.01	    0.00	    0.02	    0.00	    3.28	    0.04	  199.85	  271.02
3	10	  801.29	  300.21	  400.19	 2401.43	  699.87	  599.61	    0.31	    4.50	    0.36	    0.16	    0.00	    0.74	    0.44	    0.07	    0.06	    0.12	    0.04	    0.04	    0.02	    0.02	    0.02	    0.05	    0.05	    0.02
4	3	    0.00	    0.04	    0.00	    0.00	 1918.77	 1562.00	 1101.45	 1865.65	 2731.36	 3575.79	    0.00	    0.00	    0.00	    0.00	 1163.20	 1445.78	 1191.32	  265.34	  520.35	  300.15	    0.03	  399.32	    0.00	    0.00
4	5	    0.00	    0.00	  528.87	 2140.00	 1266.08	    0.00	    0.02	    0.03	  568.72	 1305.60	  403.75	 1479.33	  547.41	  100.02	  284.23	    0.04	    0.04	    0.00	    0.09	    0.01	    0.01	    0.00	   99.80	   71.05
4	8	 2998.49	  899.69	  703.35	 4056.96	 2915.14	 1399.72	    0.03	    0.10	    0.00	    0.00	    0.42	 1490.14	 1124.26	    0.07	    0.00	    0.06	    0.00	    0.01	    0.00	    0.03	    0.01	    0.00	    0.06	  199.97
5	1	    0.00	    0.00	    0.00	    0.02	   84.28	  937.97	  836.50	 1438.85	  168.57	  505.66	    0.02	    0.00	    0.00	    0.01	   84.27	 1002.31	  200.80	  134.13	  100.01	  400.00	    0.00	   99.93	    0.00	    0.00
5	4	    0.00	  828.50	    0.00	    0.00	    0.00	 3161.72	 1005.78	 1818.61	    0.00	    0.00	    0.00	    0.00	    0.00	    0.00	    0.00	 1477.83	    0.50	  203.88	    0.03	  308.26	    0.00	    0.00	    0.00	    0.00
5	7	 2200.20	 1499.99	  396.43	 1740.02	  981.80	 3500.31	    0.00	    0.00	    0.15	    0.07	    3.77	 1662.25	  506.84	    0.03	    0.00	    0.00	    0.00	    0.00	    0.00	    0.00	    0.00	    0.00	    0.00	    0.00
6	7	    0.00	    0.00	    0.00	    0.00	    0.00	    0.00	 4141.55	    0.00	    0.00	    0.00	    0.00	    0.00	    0.00	  399.92	  599.67	  416.39	  146.99	  999.46	  999.34	 2599.53	  499.97	  799.90	  299.97	  199.99
6	17	  433.11	  339.72	    8.56	  433.75	  121.13	  993.04	 7958.45	 4537.99	  825.66	    0.58	    0.13	  221.96	    0.07	    0.00	    0.00	    0.00	    0.03	    0.00	    0.00	    0.00	    0.00	    0.00	    0.00	    0.00
7	5	    0.00	    0.00	    0.00	    0.00	    0.00	    0.00	 2242.26	 4057.42	    0.00	    0.12	    0.00	    0.00	    0.00	    0.00	    0.04	 3380.11	  701.25	  438.00	  299.95	 1008.25	   99.99	  299.90	    0.00	    0.01
7	6	  933.11	  539.72	  108.56	  833.75	  321.13	 1393.04	    0.00	 5537.99	 1425.61	    2.44	    0.61	  921.89	   23.21	    0.00	    0.00	    0.00	    0.11	    0.00	    0.00	    0.00	    0.00	    0.00	    0.00	    0.01
7	8	    0.00	    0.00	    0.00	    0.00	    0.00	    0.00	  899.28	 3742.51	    0.00	    0.00	    0.00	    0.00	    0.00	    0.00	    0.00	 1286.64	    0.00	  261.59	    0.00	  691.61	    0.03	    0.08	    0.00	    0.00
7	15	  467.17	  560.31	  172.46	  682.72	  426.68	 1307.36	    0.00	 3362.07	  920.88	    0.00	    0.06	  489.09	    0.44	    0.00	    0.00	    0.00	    0.00	    0.00	    0.00	    0.00	    0.00	    0.00	    0.00	    0.00
8	4	    0.00	    0.00	    0.00	    0.00	    0.00	    0.00	  295.72	  547.18	 4100.07	 5881.28	    0.00	    0.00	    0.00	    0.00	 1647.35	  468.04	 1390.85	   61.47	  620.40	   91.93	   96.76	  599.28	    0.00	    0.00
8	7	    0.08	    0.04	   84.59	  476.45	  266.02	    0.09	    0.00	    0.00	 3146.33	 1602.23	  796.91	  348.73	  116.81	    0.00	    0.00	    0.00	    0.23	    0.00	    0.00	    0.00	    0.00	    0.00	    0.00	    0.01
8	9	 2498.42	  699.65	  518.76	 2880.51	 1849.13	  999.63	    3.64	 2395.44	 8953.59	    0.00	    0.00	  541.46	  407.50	    0.00	    0.00	    0.74	    0.00	    0.29	    0.00	    0.28	    0.00	    0.00	    0.00	    0.00
9	8	    0.00	    0.00	    0.00	    0.00	    0.00	    0.00	    0.05	    0.00	    0.00	10283.51	 2196.49	    0.05	    0.05	  599.94	 2647.35	  582.08	 2291.08	    0.16	 1020.40	    0.57	  396.72	 1299.20	  499.94	    0.04
9	10	    0.00	    0.00	    0.00	    0.00	    0.00	    0.00	  499.69	  795.53	 1718.26	 8389.76	    0.00	    0.00	    0.00	    0.00	 1295.38	 1551.85	 1907.66	  199.98	  428.93	  435.94	    1.41	  505.71	    0.00	    0.00
9	14	  799.49	   99.90	   99.94	 1097.97	  596.91	  199.66	    0.00	    0.00	 3081.86	14557.39	 1923.94	  656.43	    9.85	    0.00	    0.00	    0.00	    0.80	    0.00	    0.00	    0.00	    0.00	    0.00	    0.00	    0.00
9	15	    0.00	    0.00	   18.99	   83.62	   52.26	    0.00	    0.00	    0.00	  453.64	 8068.63	 2181.29	  188.23	    0.71	    0.00	    0.00	    0.00	    0.00	    0.00	    0.00	    0.00	    0.00	    0.00	    0.00	    0.00
9	16	  399.69	    0.02	   99.98	  499.91	  199.96	    0.04	    0.08	    0.12	  899.83	 3900.71	  999.81	  599.89	  499.91	    0.06	    0.13	    0.12	    0.00	    0.05	    0.07	    0.14	    0.05	    0.14	    0.05	    0.03
10	3	    0.00	    0.00	    0.00	    0.00	    0.00	    0.00	    0.00	    0.00	    0.00	    1.37	 3404.54	    0.00	    0.00	 1199.91	    1.85	    0.00	    0.32	    0.00	    0.77	    0.00	    0.03	    0.68	  697.89	    0.06
10	9	    0.77	    0.22	    0.15	    0.99	    0.00	    0.00	    0.00	    0.00	    0.00	    0.00	11201.52	 2903.15	 2003.02	 1112.56	    0.00	    0.00	    0.00	    0.00	    0.00	    0.00	    0.00	    0.00	  331.08	   51.81
10	11	    0.00	    0.00	    0.00	    0.00	    0.00	    0.00	    0.00	    0.00	    0.11	 3217.46	 2400.53	    0.00	    0.00	  743.34	  661.55	  152.12	  907.45	    0.02	  283.04	    0.00	    0.00	    0.00	    0.00	    0.00
10	13	  300.62	  100.04	  100.09	 1000.52	  199.89	  199.68	    0.00	    0.03	  318.51	 1171.09	 5293.42	 1043.42	   53.00	    0.00	    0.00	    0.00	    0.05	    0.00	    0.00	    0.00	    0.00	    0.00	    0.00	    0.00
11	2	    0.00	    0.00	    0.00	    0.00	    0.00	    0.00	    0.00	    0.00	    0.00	    0.00	    0.48	 4653.13	 3531.54	    0.39	    0.05	    0.00	    0.00	    0.00	    0.00	    0.00	  303.24	  500.19	  402.21	  599.93
11	10	    0.11	    0.04	    0.06	    0.08	    0.03	    0.07	    0.00	    0.00	    0.00	    0.00	    0.00	 5345.83	 3055.57	    0.00	    0.00	    0.00	    0.00	    0.00	    0.00	    0.00	    0.22	    0.00	    0.00	    0.32
11	12	 1399.91	  300.07	  299.98	 1001.52	  203.17	  300.29	   37.64	  600.00	  799.67	 1900.00	 1000.87	 3901.04	    0.00	   43.35	   10.74	    0.86	  499.83	    0.03	    4.14	    0.00	    0.00	    0.00	    0.00	    0.00
12	11	    0.00	    0.00	    0.00	    0.00	    0.00	    0.00	    0.00	    0.00	    0.00	    0.00	    0.00	    0.00	 7887.11	    0.25	    0.00	    0.77	    0.00	    0.58	    0.00	  499.87	  603.46	 1200.19	 1102.21	 1100.25
12	23	  899.91	    0.07	  199.98	  401.52	    3.17	  100.29	    0.00	    0.00	  199.67	    0.00	    0.87	 2601.04	 6712.89	    0.00	    0.00	    0.00	    0.00	    0.00	    0.00	    0.00	    0.00	    0.00	    0.00	    0.00
13	10	    0.00	    0.00	    0.00	    0.00	    0.00	    0.00	    0.00	    0.00	    0.00	    0.00	    0.00	    0.00	    0.00	 4655.74	  767.96	    0.16	    0.11	    0.00	  254.86	  164.04	  398.39	  594.92	 2328.92	  651.52
13	14	    0.53	    0.03	    0.07	    0.68	    0.02	    0.01	    0.00	    0.00	    0.00	    0.00	 1005.09	  343.56	   99.40	 6242.60	    0.00	    0.00	    0.00	    0.00	    0.00	    0.00	    0.00	    0.00	 1202.37	  141.74
13	22	    0.10	    0.01	    0.02	  499.86	   99.87	   99.67	    0.00	    0.00	  189.90	  802.32	 2688.39	    0.19	    0.00	 3201.65	  453.75	    0.00	  223.36	    0.00	  141.83	    0.00	    0.00	    0.00	    0.00	    0.00
14	9	    0.00	    0.00	    0.00	    0.00	    0.00	    0.00	    0.00	    0.00	    0.00	    0.00	    0.00	    0.00	    0.00	 1587.44	 7942.86	    0.30	    0.79	    0.05	 3249.20	 1690.96	 1598.18	 4405.05	 1968.92	  748.26
14	13	    0.00	    0.00	    0.00	    0.00	    0.00	    0.00	  199.72	  399.44	  471.39	 1731.23	    0.07	    0.00	    0.00	    0.00	 2521.72	  699.56	  923.43	   99.86	  696.68	  663.25	    0.97	  670.54	    0.00	    0.00
14	18	  300.03	    0.06	    0.01	  200.07	  100.03	    0.05	    0.02	    0.03	  400.14	 3228.53	  817.41	  300.06	  279.95	 2895.55	 5899.79	    0.06	    0.41	    0.01	    0.00	    0.05	  529.75	 2899.91	  899.98	  335.72
14	21	    0.00	    0.00	    0.00	  398.58	  296.90	    0.00	    0.00	    0.00	 1310.33	 5597.63	  711.56	    0.00	    0.00	  459.62	 5035.63	    0.23	 2514.57	    0.00	 2083.77	    0.00	    0.00	    0.00	    0.00	    0.00
15	7	    0.00	    0.00	    0.00	    0.00	    0.00	    0.00	    0.00	    0.00	    0.00	    0.27	    0.00	    0.00	    0.00	    0.05	    0.37	 6450.36	 1954.15	    0.13	    0.61	    0.34	    0.05	    0.08	    0.03	    0.02
15	9	    0.00	    0.05	    0.00	    0.00	    0.00	    0.07	 2395.94	    0.21	    0.00	    0.00	    0.00	    0.00	    0.00	    0.00	    0.00	 6531.50	    0.57	  899.76	    0.19	 1245.20	    0.00	    0.00	    0.00	    0.00
15	16	    0.29	  199.98	    0.01	    0.06	    0.03	  500.02	 1000.36	 1400.21	    0.12	    0.50	    0.09	    0.05	    0.00	    0.00	    0.00	 5919.43	    0.00	  600.15	    0.00	 1551.05	  380.04	    0.00	    0.00	  143.47
15	17	    0.02	    0.00	    0.00	    0.02	    0.00	    0.03	    0.00	    0.15	    0.44	 3669.66	  781.64	    0.13	    0.00	    0.03	    0.14	 7198.71	 3707.54	    0.00	    0.14	    0.00	    0.00	    0.00	    0.00	   99.99
16	9	    0.00	    0.00	    0.00	    0.00	    0.00	    0.00	    0.24	    0.00	    0.00	    0.00	    0.00	    0.00	    0.00	    0.00	    0.00	    1.51	 8098.18	    0.09	    0.00	    0.21	    0.00	    0.00	    0.00	    0.00
16	15	    0.00	    0.00	    0.00	    0.00	    0.00	    0.00	    0.00	    0.00	    0.00	    1.43	    0.10	    0.00	    0.00	  681.34	 1170.18	    0.00	 8462.14	    0.00	 1268.14	    0.00	    0.05	    0.11	    0.04	  100.01
16	18	    0.03	    0.02	    0.00	    0.02	    0.01	    0.06	    0.20	    0.33	    0.04	    0.16	    0.00	    0.00	    0.00	    0.00	    0.00	 3118.04	 6839.68	    0.11	    0.00	    0.00	    0.00	    0.00	    0.00	    0.00
17	6	    0.00	    0.00	    0.00	    0.00	    0.00	    0.00	    0.00	    0.00	    0.05	 1898.14	  499.51	    0.07	  376.86	  599.92	 1099.67	 1816.39	 1146.91	 1199.46	 1399.34	 3099.53	  699.97	 1299.90	  499.97	  299.98
17	15	   33.14	   39.73	    8.56	   33.74	   21.09	   92.75	 4796.29	  238.50	   26.04	    0.37	    0.27	   22.86	  598.85	   18.74	   30.34	    0.00	    0.12	 2000.04	   32.81	 4396.59	  980.03	 1199.98	  499.99	  443.46
17	19	  299.99	  300.00	    0.00	  300.02	  100.05	  800.31	 2962.16	 3999.65	  600.01	 1071.94	  182.20	    0.13	    0.00	    0.00	    0.00	 4882.32	 1960.68	 1600.50	    0.00	    0.00	    0.00	    0.00	    0.00	    0.00
18	14	    0.00	    0.12	    0.00	    0.00	    0.00	    0.38	  699.68	  999.39	    0.00	    0.00	    0.00	    0.00	    0.00	    0.00	    0.00	 1899.98	 4938.39	  299.90	 6829.65	 3453.81	    0.16	    0.38	    0.16	    0.07
18	16	    0.04	    0.02	    0.01	    0.05	    0.02	    0.00	    0.00	    0.00	    0.09	    0.37	    0.21	    0.06	    0.09	 1381.28	 2670.05	    0.00	    0.00	    0.00	 2968.07	  149.02	  219.97	 1699.96	  599.99	  256.52
18	19	    0.02	    0.00	    0.00	    0.04	    0.02	    0.02	    0.00	    0.00	    0.09	 1428.32	  417.20	    0.00	    0.00	 1214.29	 2429.74	    0.00	  201.70	    0.00	 3002.28	    0.00	    0.00	    0.00	    0.00	    0.00
19	17	    0.00	    0.00	    0.00	    0.00	    0.00	    0.00	    0.00	    0.00	    0.00	    0.21	    0.22	    0.96	 1075.64	  718.64	 1329.86	    0.00	    0.14	    0.00	 1732.00	 7896.12	 1780.01	 2799.87	 1099.96	  643.45
19	18	    0.00	  100.07	    0.00	    0.00	    0.00	  200.30	 1099.46	 1699.04	    0.00	    0.00	    0.00	    0.00	   20.15	    0.01	    0.00	   81.89	    0.00	  599.78	    0.00	 4802.77	   90.38	    0.43	    0.17	   20.88
19	20	    0.00	    0.00	    0.00	    0.04	    0.06	  100.01	  662.71	  600.51	    0.05	    0.05	    0.02	    0.01	    0.02	    0.02	    0.03	 1500.70	  462.21	  200.74	   70.38	 2701.21	    0.00	    0.07	    0.03	    0.02
19	21	    0.00	   99.92	    0.00	    0.02	    0.01	  200.03	  699.99	  800.10	    0.06	    0.21	    0.05	    0.00	    0.00	    0.00	    0.16	 1699.74	    0.11	  399.99	    0.08	 3099.90	    0.18	    0.00	    0.00	    0.00
20	19	    0.00	    0.00	    0.00	    0.00	    0.00	    0.00	    0.00	    0.00	    0.00	    0.11	    0.03	  400.82	 1695.64	    0.08	    0.17	    0.00	    0.07	    0.00	    0.18	    0.00	 3070.56	    0.24	    3.24	 1064.08
20	21	  262.13	    0.06	   65.53	    0.22	    0.00	    0.03	    0.06	    0.08	    0.00	    0.00	    0.00	  458.73	 1459.36	    0.00	    0.00	    0.16	    0.00	    0.03	    0.00	    0.41	 4730.51	    0.00	    0.54	 1645.45
20	23	    0.00	    0.00	    0.00	    0.00	    0.00	    0.02	  462.65	  200.44	    0.15	  477.43	    0.00	    0.00	    0.00	    0.00	  673.15	  900.62	  210.71	  100.70	  248.91	 1500.80	 3198.92	 2331.02	    0.00	    0.00
21	14	    0.00	    0.00	    0.00	    0.00	    0.00	    0.00	    0.06	    0.08	    0.00	    0.00	    0.00	    0.07	  870.70	    0.00	    0.00	    0.16	    0.00	    0.03	    0.00	    0.45	 2928.74	10575.12	 2666.37	 1342.17
21	19	    0.00	    0.00	    0.00	    0.00	    0.00	    0.00	    0.00	    0.00	    0.00	    0.10	    0.86	    0.03	    0.17	    4.30	    0.15	    0.00	    0.00	    0.00	    0.00	    0.00	    0.00	 5200.14	 1796.92	    0.27
21	20	    0.01	    0.00	    0.00	    0.02	   97.05	    0.00	    0.00	    0.00	  300.10	 1677.49	    1.69	    0.03	    0.00	    1.11	 1473.28	    0.08	  348.58	    0.00	  578.71	    0.00	    0.00	 4131.19	    1.15	    0.00
21	22	    0.00	    0.00	    0.00	    0.00	    0.00	    0.08	  199.99	  300.09	  310.28	 1320.24	    0.00	    0.00	    0.00	    0.00	  962.36	  499.89	  466.10	   99.99	  305.13	  699.85	    1.95	 4493.55	    0.00	    0.00
22	13	    0.01	    0.00	    0.00	    0.02	    0.00	    0.00	    0.28	    0.53	    0.00	    0.00	    0.00	    0.33	  646.40	    0.00	    0.00	    0.60	    0.00	    0.14	    0.01	    0.79	  797.42	 1124.38	 4631.29	 1193.26
22	21	  137.88	    0.02	   34.47	    1.21	    0.15	    0.02	    0.00	    0.00	    0.00	    0.00	  390.95	  241.40	  711.51	  745.79	    0.00	    0.00	    0.00	    0.00	    0.00	    0.00	    0.00	    0.00	 6563.89	  796.99
22	23	    0.01	    0.00	    0.00	    0.02	    0.00	    0.01	    0.01	    0.02	    0.18	  322.57	  997.49	    0.00	    0.00	 1355.86	  416.11	    0.05	   89.46	    0.00	  146.95	    0.10	    0.06	 1269.26	 3304.81	    0.00
23	12	    0.00	    0.00	    0.00	    0.00	    0.00	    0.00	  362.36	    0.00	    0.00	    0.00	    0.00	    0.00	    0.00	  556.91	  689.26	  599.91	    0.17	  100.56	  295.86	 1099.87	 1203.46	 2500.19	 1902.21	 1800.25
23	20	  362.12	    0.05	   65.53	  200.15	    2.90	    0.03	    0.00	    0.00	    0.00	    0.00	  398.32	 1159.51	 3754.97	  398.96	    0.00	    0.00	    0.00	    0.00	    0.00	    0.00	    0.00	    0.00	  702.60	 3209.50
23	22	  437.80	    0.01	  134.45	    1.39	    0.27	    0.29	    0.30	    0.45	    0.00	    0.00	    0.05	  941.54	 2157.92	    0.00	    0.00	    0.76	    0.00	    0.15	    0.00	    1.04	 1495.52	    0.09	    0.00	 2690.25
