i	j	       0	       1	       2	       3	       4	       5	       6	       7	       8	       9	      10	      11	      12	      13	      14	      15	      16	      17	      18	      19	      20	      21	      22	      23
0	1	 2600.47	    0.00	  257.65	  200.02	   20.44	    0.00	    0.01	    0.01	   40.89	  123.09	  200.02	  452.65	  450.24	  100.00	   20.52	    0.01	    0.03	    0.00	    0.02	    0.00	    0.01	    0.10	    0.06	   28.10
0	2	 6199.53	 1121.93	    0.00	    0.00	    0.00	  147.15	   58.49	  101.85	    0.00	    0.00	    0.00	    0.00	    0.00	    0.00	    0.00	  475.00	    0.00	   14.55	    0.00	    0.02	    0.00	    0.00	    0.00	    0.00
1	0	    0.00	 1221.93	    0.00	    0.00	    0.00	  447.15	  558.47	  901.82	    0.00	    0.00	    0.00	    0.00	    0.00	    0.00	    0.00	  974.98	    0.17	  114.55	    0.02	  300.01	    0.00	    0.02	    0.00	    0.00
1	5	 2500.47	 2778.07	  157.65	    0.04	    0.00	    0.00	    0.00	    0.00	    0.00	    0.00	    0.04	  352.65	  150.24	    0.01	    0.00	    0.00	    0.00	    0.00	    0.00	    0.00	    0.01	    0.03	    0.06	   28.10
2	0	    0.00	    0.00	  357.65	  700.02	  220.44	    0.00	    0.03	    0.04	  540.89	 1423.09	  700.02	  652.65	  950.24	  400.00	  520.52	    0.03	  399.87	    0.00	  300.00	    0.01	  100.01	  400.08	  300.06	  128.10
2	3	 4499.11	  621.69	 1942.12	    0.00	    0.00	    0.00	    0.00	    0.00	    0.00	    0.00	    0.00	 3774.36	 2504.63	    0.08	    0.00	    0.00	    0.00	    0.00	    0.00	    0.00	  202.40	    0.12	    3.06	  471.78
2	11	 1600.41	  400.25	  500.23	 1602.13	  403.49	  500.46	  776.98	 1200.00	 1399.73	  711.01	    0.27	    0.00	    0.00	    0.06	   60.54	  461.73	  200.52	  199.57	   25.95	    0.06	    0.00	    0.00	    0.00	    0.00
3	2	    0.00	    0.00	    0.00	 2502.15	  723.94	  653.31	  818.52	 1298.19	 2040.62	 2434.10	  999.65	    0.00	    0.00	  499.70	  681.02	  186.77	  700.39	  185.02	  325.94	    0.06	    0.01	    0.06	    0.04	    0.01
3	4	 3198.07	  121.76	 1342.14	 6697.19	    0.00	    0.00	    0.00	    0.00	    0.00	    0.18	  904.33	 3174.03	 1904.40	  200.01	    0.06	    0.00	    0.02	    0.00	    0.03	    0.00	    2.45	    0.11	  199.94	  271.79
3	10	  801.04	  299.97	  399.98	 2400.65	  699.79	  599.70	    0.19	    7.23	    0.37	    0.15	    0.00	    0.33	    0.23	    0.06	    0.05	    0.10	    0.04	    0.01	    0.01	    0.02	    0.01	    0.04	    0.05	    0.02
4	3	    0.00	    0.04	    0.00	    0.00	 1923.73	 1653.01	 1218.71	 2005.43	 2740.99	 3631.42	    0.00	    0.00	    0.00	    0.00	 1179.06	  986.87	 1199.60	  285.03	  525.11	  300.05	    0.03	  398.80	    0.00	    0.00
4	5	    0.00	    0.00	  536.07	 2138.12	 1260.53	    0.00	    0.01	    0.03	  559.24	 1276.86	  404.18	 1484.08	  585.84	  100.01	  278.77	    0.03	    0.04	    0.00	    0.04	    0.01	    0.02	    0.00	   99.94	   71.89
4	8	 2998.07	  899.85	  706.07	 4059.08	 2915.74	 1399.88	    0.02	    0.09	    0.00	    0.00	    0.15	 1489.95	 1118.56	    0.00	    0.00	    0.05	    0.00	    0.01	    0.00	    0.02	    0.01	    0.00	    0.00	  199.90
5	1	    0.00	    0.00	    0.00	    0.02	   79.56	  847.15	  758.46	 1301.81	  159.11	  476.91	    0.02	    0.00	    0.00	    0.01	   79.48	 1374.96	  200.13	  114.55	  100.00	  400.00	    0.00	   99.94	    0.00	    0.00
5	4	    0.00	  878.14	    0.00	    0.00	    0.00	 3252.89	 1107.26	 1932.19	    0.00	    0.00	    0.00	    0.00	    0.00	    0.00	    0.00	 1107.10	    0.27	  219.85	    0.02	  308.42	    0.06	    0.00	    0.00	    0.00
5	7	 2200.47	 1499.93	  393.72	 1738.14	  980.97	 3499.96	    0.00	    0.00	    0.13	    0.06	    4.20	 1636.74	  536.08	    0.02	    0.00	    0.00	    0.00	    0.00	    0.00	    0.00	    0.00	    0.00	    0.00	    0.00
6	7	    0.00	    0.00	    0.00	    0.00	    0.00	    0.00	 4181.53	    0.00	    0.00	    0.00	    0.00	    0.00	    0.00	  399.83	  600.30	  383.43	  139.91	  999.52	  999.46	 2599.66	  500.14	  799.92	  299.98	  199.99
6	17	  429.28	  335.08	    9.12	  435.46	  122.30	  982.02	 7918.47	 4510.23	  831.47	    0.19	    0.11	  223.33	    0.02	    0.00	    0.00	    0.00	    0.02	    0.00	    0.00	    0.00	    0.00	    0.00	    0.00	    0.00
7	5	    0.00	    0.00	    0.00	    0.00	    0.00	    0.00	 2265.71	 4033.96	    0.00	    0.11	    0.00	    0.00	    0.00	    0.00	    0.71	 3382.03	  700.36	  434.39	  299.99	 1008.41	  100.04	  299.92	    0.00	    0.01
7	6	  929.28	  535.08	  109.12	  835.46	  322.30	 1382.02	    0.00	 5510.23	 1431.42	    3.63	    1.01	  923.33	   57.52	    0.00	    0.00	    0.00	    0.10	    0.00	    0.00	    0.00	    0.00	    0.00	    0.00	    0.00
7	8	    0.00	    0.00	    0.00	    0.00	    0.00	    0.00	  915.82	 3765.97	    0.00	    0.00	    0.00	    0.00	    0.00	    0.00	    0.00	 1242.01	    0.00	  265.23	    0.00	  691.51	    0.14	    0.07	    0.00	    0.00
7	15	  471.26	  564.88	  172.60	  685.43	  428.35	 1318.02	    0.00	 3389.84	  878.26	    0.00	    0.05	  477.01	    0.08	    0.00	    0.00	    0.00	    0.00	    0.00	    0.00	    0.00	    0.00	    0.00	    0.00	    0.00
8	4	    0.00	    0.00	    0.00	    0.00	    0.00	    0.00	  311.49	  573.35	 4100.23	 5908.10	    0.00	    0.00	    0.00	    0.00	 1657.77	  379.85	 1399.35	   65.19	  625.09	   91.67	   97.54	  598.69	    0.00	    0.00
8	7	    0.07	    0.04	   88.00	  482.76	  269.67	    0.08	    0.00	    0.00	 3109.55	 1603.44	  796.86	  363.60	  121.52	    0.00	    0.00	    0.00	    0.20	    0.00	    0.00	    0.00	    0.00	    0.00	    0.00	    0.00
8	9	 2498.00	  699.82	  518.07	 2876.32	 1846.06	  999.80	    4.40	 2392.70	 8990.22	    0.00	    0.00	  526.39	  397.09	    0.00	    0.00	    0.22	    0.00	    0.06	    0.00	    0.00	    0.00	    0.00	    0.00	    0.00
9	8	    0.00	    0.00	    0.00	    0.00	    0.00	    0.00	    0.05	    0.00	    0.00	10311.55	 2196.70	    0.05	    0.05	  600.00	 2657.77	  538.01	 2299.55	    0.02	 1025.09	    0.13	  397.40	 1298.62	  500.00	    0.10
9	10	    0.00	    0.00	    0.00	    0.00	    0.00	    0.00	  499.81	  792.79	 1721.12	 8378.10	    0.00	    0.00	    0.00	    0.00	 1257.05	 1638.04	 1899.93	  199.98	  414.54	  422.50	    1.48	  498.70	    0.00	    0.00
9	14	  798.85	   99.91	   99.86	 1097.53	  596.74	  199.90	    0.00	    0.00	 3078.76	14571.61	 1919.15	  655.65	    9.04	    0.00	    0.00	    0.00	    0.71	    0.00	    0.00	    0.00	    0.00	    0.00	    0.00	    0.00
9	15	    0.00	    0.00	   18.31	   79.23	   49.52	    0.00	    0.00	    0.00	  490.49	 8036.35	 2173.59	  199.14	    0.21	    0.00	    0.00	    0.00	    0.00	    0.00	    0.00	    0.00	    0.00	    0.00	    0.00	    0.00
9	16	  399.40	    0.01	   99.96	  499.80	  199.92	    0.04	    0.07	    0.10	  899.85	 3902.39	 1000.58	  599.83	  499.86	    0.09	    0.11	    0.10	    0.00	    0.04	    0.06	    0.13	    0.04	    0.13	    0.04	    0.02
10	3	    0.00	    0.00	    0.00	    0.00	    0.00	    0.00	    0.00	    0.00	    0.00	    3.00	 3403.99	    0.00	    0.00	 1199.70	    2.07	    0.00	    0.84	    0.00	    0.88	    0.03	    0.05	    1.29	  696.97	    0.04
10	9	    0.25	    0.06	    0.06	    0.25	    0.12	    0.08	    0.00	    0.00	    0.00	    0.00	11190.02	 2928.27	 2012.08	 1117.13	    0.00	    0.00	    0.00	    0.00	    0.00	    0.00	    0.12	    0.00	  306.59	   52.98
10	11	    0.00	    0.00	    0.00	    0.00	    0.00	    0.00	    0.00	    0.00	    0.10	 3189.06	 2401.48	    0.00	    0.00	  710.87	  645.50	  238.41	  899.42	    0.02	  276.62	    0.05	    0.03	    0.07	    0.15	    0.05
10	13	  301.27	  100.09	  100.17	 1000.48	  199.70	  199.68	    0.00	    0.02	  321.40	 1186.19	 5304.51	 1044.61	   20.50	    0.00	    0.00	    0.00	    0.03	    0.00	    0.00	    0.00	    0.00	    0.00	    0.00	    0.00
11	2	    0.00	    0.00	    0.00	    0.00	    0.00	    0.00	    0.00	    0.00	    0.00	    0.00	    0.64	 4627.01	 3554.87	    0.44	    0.05	    0.00	    0.00	    0.00	    0.00	    0.00	  302.39	  500.14	  403.08	  599.87
11	10	    0.48	    0.18	    0.24	    0.07	    0.02	    0.06	    0.00	    0.00	    0.00	    0.00	    0.00	 5372.55	 3032.35	    0.00	    0.00	    0.00	    0.00	    0.00	    0.00	    0.00	    0.23	    0.00	    0.00	    0.49
11	12	 1399.93	  300.07	  299.98	 1002.06	  203.47	  300.40	   76.98	  600.00	  799.83	 1900.07	 1001.12	 3900.44	    0.00	   10.97	    6.02	    0.33	  499.94	    0.01	    2.58	    0.00	    0.00	    0.00	    0.08	    0.00
12	11	    0.00	    0.00	    0.00	    0.00	    0.00	    0.00	    0.00	    0.00	    0.00	    0.00	    0.00	    0.00	 7887.22	    0.47	    0.02	    0.20	    0.00	    0.43	    0.01	  499.89	  602.59	 1200.07	 1103.01	 1100.31
12	23	  899.93	    0.07	  199.98	  402.06	    3.47	  100.40	    0.00	    0.00	  199.83	    0.07	    1.12	 2600.44	 6712.78	    0.00	    0.00	    0.00	    0.00	    0.00	    0.00	    0.00	    0.00	    0.00	    0.00	    0.00
13	10	    0.00	    0.00	    0.00	    0.00	    0.00	    0.00	    0.00	    0.00	    0.00	    0.00	    0.00	    0.00	    0.00	 4627.64	  790.46	    0.27	    0.33	    0.02	  262.95	  177.55	  398.48	  602.63	 2303.66	  652.55
13	14	    1.17	    0.09	    0.15	    1.06	    0.04	    0.05	    0.00	    0.00	    0.00	    0.00	 1000.59	  344.41	  101.02	 6240.32	    0.00	    0.00	    0.00	    0.00	    0.00	    0.00	    0.00	    0.00	 1212.67	  134.12
13	22	    0.11	    0.01	    0.02	  499.43	   99.66	   99.64	    0.00	    0.00	  194.44	  802.64	 2703.97	    0.23	    0.34	 3232.05	  419.08	    0.00	  215.22	    0.00	  130.23	    0.00	    0.00	    0.00	    0.00	    0.00
14	9	    0.00	    0.00	    0.00	    0.00	    0.00	    0.00	    0.00	    0.00	    0.00	    0.00	    0.00	    0.00	    0.00	 1582.96	 7914.93	    0.26	    0.75	    0.05	 3239.51	 1720.53	 1598.80	 4397.44	 1993.46	  747.14
14	13	    0.00	    0.00	    0.00	    0.00	    0.00	    0.00	  199.90	  399.80	  473.04	 1716.46	    0.06	    0.00	    0.00	    0.00	 2509.54	  699.99	  915.51	   99.95	  693.18	  677.12	    0.83	  693.61	    0.00	    0.00
14	18	  300.03	    0.05	    0.01	  200.06	  100.02	    0.06	    0.02	    0.03	  400.27	 3257.92	  824.33	  300.05	  279.00	 2897.53	 5900.32	    0.05	    0.37	    0.01	    0.00	    0.05	  560.50	 2899.92	  899.98	  264.03
14	21	    0.00	    0.00	    0.00	  398.53	  296.76	    0.00	    0.00	    0.00	 1305.44	 5597.23	  695.35	    0.00	    0.00	  459.83	 5075.20	    0.21	 2489.85	    0.00	 2084.67	    0.00	    0.00	    0.00	    0.00	    0.00
15	7	    0.00	    0.00	    0.00	    0.00	    0.00	    0.00	    0.00	    0.00	    0.00	    0.24	    0.00	    0.00	    0.00	    0.15	    0.41	 6440.61	 1960.35	    0.10	    0.52	    0.26	    0.04	    0.06	    0.03	    0.02
15	9	    0.00	    0.05	    0.00	    0.00	    0.00	    0.06	 2395.37	    0.19	    0.00	    0.00	    0.00	    0.00	    0.00	    0.00	    0.00	 6574.80	    0.51	  899.80	    0.17	 1201.86	    0.00	    0.00	    0.00	    0.00
15	16	    0.58	  200.01	    0.03	    0.17	    0.07	  500.04	 1000.26	 1400.59	    0.10	    0.45	    0.08	    0.18	    0.11	    0.00	    0.00	 5965.43	    0.00	  600.19	    0.00	 1552.60	  346.56	    0.00	    0.00	  120.57
15	17	    0.03	    0.02	    0.00	    0.03	    0.01	    0.06	    0.00	    0.29	    0.18	 3639.05	  774.42	    0.08	    0.03	    0.02	    0.13	 7119.16	 3753.90	    0.00	    0.13	    0.00	    0.00	    0.00	    0.00	    0.00
16	9	    0.00	    0.00	    0.00	    0.00	    0.00	    0.00	    0.16	    0.00	    0.00	    0.00	    0.00	    0.00	    0.00	    0.00	    0.00	    0.87	 8098.94	    0.14	    0.00	    0.37	    0.00	    0.00	    0.00	    0.00
16	15	    0.00	    0.00	    0.00	    0.00	    0.00	    0.00	    0.00	    0.00	    0.00	    3.06	    0.75	    0.07	    0.06	  690.55	 1184.62	    0.00	 8514.66	    0.00	 1283.64	    0.00	    0.05	    0.10	    0.04	    0.02
16	18	    0.02	    0.04	    0.00	    0.02	    0.01	    0.08	    0.18	    0.70	    0.03	    0.14	    0.00	    0.00	    0.00	    0.00	    0.00	 3164.66	 6786.40	    0.10	    0.00	    0.00	    0.00	    0.00	    0.00	    0.00
17	6	    0.00	    0.00	    0.00	    0.00	    0.00	    0.00	    0.00	    0.00	    0.05	 1896.56	  499.10	    0.00	  342.50	  599.83	 1100.30	 1783.43	 1139.83	 1199.52	 1399.46	 3099.66	  700.14	 1299.92	  499.98	  299.99
17	15	   29.35	   35.19	    9.12	   35.53	   22.21	   82.15	 4795.63	  211.24	   31.53	    0.33	    0.10	   24.05	  599.79	    9.62	   15.91	    0.00	    0.10	 2000.09	   17.19	 4354.72	  946.55	 1199.97	  499.99	  420.56
17	19	  299.96	  299.91	    0.00	  299.96	  100.10	  799.94	 2922.84	 3999.29	  600.07	 1042.53	  175.38	    0.03	    0.02	    0.00	    0.00	 4835.73	 2014.11	 1600.39	    0.00	    0.00	    0.00	    0.00	    0.00	    0.00
18	14	    0.00	    0.06	    0.00	    0.00	    0.00	    0.11	  699.46	  999.21	    0.00	    0.00	    0.00	    0.00	    0.00	    0.00	    0.00	 1900.35	 4905.77	  299.81	 6817.36	 3496.39	    0.14	    0.34	    0.14	    0.06
18	16	    0.04	    0.02	    0.01	    0.05	    0.02	    0.00	    0.00	    0.00	    0.08	    0.35	    0.09	    0.05	    0.09	 1390.47	 2684.51	    0.00	    0.00	    0.00	 2983.57	  147.64	  253.44	 1699.97	  600.00	  179.43
18	19	    0.01	    0.00	    0.00	    0.03	    0.01	    0.02	    0.00	    0.00	    0.22	 1457.71	  424.24	    0.00	    0.00	 1207.08	 2415.81	    0.00	  181.00	    0.00	 2999.06	    0.00	    0.00	    0.00	    0.00	    0.00
19	17	    0.00	    0.00	    0.00	    0.00	    0.00	    0.00	    0.00	    0.00	    0.00	    0.19	    0.06	    0.67	 1042.26	  709.43	 1316.08	    0.00	    0.12	    0.00	 1716.52	 7854.38	 1746.69	 2799.89	 1099.96	  720.56
19	18	    0.00	   99.99	    0.00	    0.00	    0.00	  200.00	 1099.27	 1698.49	    0.00	    0.00	    0.00	    0.00	   21.09	    0.01	    0.00	   35.64	    0.00	  599.70	    0.00	 4843.99	   93.08	    0.38	    0.15	   15.46
19	20	    0.00	    0.00	    0.00	    0.01	    0.12	  100.00	  623.27	  600.40	    0.17	    0.04	    0.01	    0.01	    0.02	    0.01	    0.03	 1500.39	  494.85	  200.57	   82.63	 2700.95	    0.00	    0.07	    0.03	    0.02
19	21	    0.00	   99.92	    0.00	    0.01	    0.01	  199.96	  700.30	  800.39	    0.12	    0.19	    0.04	    0.00	    0.00	    0.00	    0.15	 1699.70	    0.21	  400.12	    0.07	 3100.69	    0.16	    0.00	    0.00	    0.00
20	19	    0.00	    0.00	    0.00	    0.00	    0.00	    0.00	    0.00	    0.00	    0.00	    0.09	    0.02	  400.49	 1663.07	    0.07	    0.15	    0.00	    0.06	    0.00	    0.16	    0.00	 3039.93	    0.21	    2.32	 1135.55
20	21	  262.03	    0.06	   65.51	    0.13	    0.00	    0.03	    0.05	    0.07	    0.00	    0.00	    0.00	  458.55	 1460.59	    0.00	    0.00	    0.14	    0.00	    0.03	    0.00	    0.36	 4762.29	    0.00	    0.00	 1606.77
20	23	    0.00	    0.00	    0.00	    0.00	    0.00	    0.02	  423.22	  200.34	    0.04	  486.68	    0.00	    0.00	    0.00	    0.00	  686.95	  900.32	  211.36	  100.54	  252.67	 1500.59	 3197.78	 2345.95	    0.00	    0.00
21	14	    0.00	    0.00	    0.00	    0.00	    0.00	    0.00	    0.45	    0.61	    0.00	    0.00	    0.00	    0.00	  868.93	    0.00	    0.00	    0.15	    0.00	    0.20	    0.00	    1.30	 2959.99	10590.63	 2680.63	 1276.99
21	19	    0.03	    0.00	    0.00	    0.03	    0.01	    0.00	    0.00	    0.00	    0.00	    0.09	    0.48	    0.16	    0.28	    2.31	    0.30	    0.00	    0.00	    0.00	    0.00	    0.00	    0.00	 5200.13	 1797.82	    0.49
21	20	    0.01	    0.00	    0.00	    0.02	   96.80	    0.01	    0.00	    0.00	  299.86	 1686.68	    1.77	    0.03	    0.06	    0.41	 1487.06	    0.07	  316.58	    0.00	  570.20	    0.00	    0.00	 4146.10	    0.40	    0.05
21	22	    0.00	    0.00	    0.00	    0.00	    0.00	    0.01	  199.90	  299.85	  305.70	 1310.65	    0.00	    0.00	    0.00	    0.00	  987.98	  499.82	  473.48	   99.95	  314.53	  699.74	    2.45	 4463.14	    0.00	    0.00
22	13	    0.01	    0.00	    0.00	    0.02	    0.00	    0.00	    0.10	    0.18	    0.00	    0.00	    0.00	    0.03	  680.86	    0.00	    0.00	    0.28	    0.00	    0.07	    0.01	    0.44	  797.65	 1109.02	 4616.33	 1186.67
22	21	  138.01	    0.02	   34.49	    1.37	    0.05	    0.03	    0.00	    0.00	    0.00	    0.00	  406.85	  241.64	  708.68	  742.89	    0.00	    0.00	    0.00	    0.00	    0.00	    0.00	    0.00	    0.00	 6578.86	  770.76
22	23	    0.00	    0.00	    0.00	    0.02	    0.00	    0.01	    0.01	    0.01	    0.14	  313.29	  997.17	    0.00	    0.00	 1389.16	  407.06	    0.07	   88.70	    0.00	  144.76	    0.09	    0.05	 1256.02	 3304.82	    0.00
23	12	    0.00	    0.00	    0.00	    0.00	    0.00	    0.00	  323.02	    0.00	    0.00	    0.00	    0.00	    0.00	    0.00	  589.51	  694.01	  599.86	    0.06	  100.42	  297.43	 1099.89	 1202.59	 2500.07	 1902.93	 1800.31
23	20	  362.02	    0.06	   65.51	  200.10	    3.08	    0.03	    0.00	    0.00	    0.01	    0.04	  398.24	 1159.00	 3723.58	  399.65	    0.00	    0.00	    0.00	    0.00	    0.00	    0.00	    0.00	    0.00	  701.89	 3242.25
23	22	  437.91	    0.01	  134.48	    1.98	    0.39	    0.39	    0.21	    0.35	    0.00	    0.00	    0.05	  941.43	 2189.20	    0.00	    0.00	    0.53	    0.00	    0.12	    0.00	    0.79	 1495.24	    1.90	    0.00	 2657.43
