i	j	       1	       2	       3	       4	       5	       6	       7	       8	       9	      10	      11	      12	      13	      14	      15	      16	      17	      18	      19	      20	      21	      22	      23	      24
1	2	 2704.02	    0.00	  341.13	  199.98	   36.00	    0.00	    0.01	    0.02	   72.01	  216.02	  200.00	  795.42	  775.50	   99.99	   36.00	    0.02	    0.05	    0.00	    0.07	    0.00	    0.00	    0.05	    0.53	   39.58
1	3	 6095.98	 1350.01	    0.00	    0.00	    0.00	  266.78	  150.00	  262.36	    0.00	    0.00	    0.00	    0.00	    0.00	    0.00	    0.00	   97.09	    0.00	   36.56	    0.00	    0.05	    0.00	    0.00	    0.00	    0.00
2	1	    0.00	 1450.01	    0.00	    0.00	    0.00	  566.78	  649.95	 1062.28	    0.00	    0.00	    0.00	    0.00	    0.00	    0.00	    0.00	  596.93	    0.55	  136.55	    0.03	  300.02	    0.00	    0.02	    0.00	    0.00
2	6	 2604.02	 2549.99	  241.13	    0.00	    0.00	    0.00	    0.00	    0.00	    0.00	    0.00	    0.02	  695.42	  475.50	    0.00	    0.00	    0.00	    0.00	    0.00	    0.00	    0.00	    0.00	    0.01	    0.53	   39.58
3	1	    0.00	    0.00	  441.13	  699.98	  236.00	    0.00	    0.06	    0.09	  572.01	 1516.02	  700.00	  995.42	 1275.50	  399.99	  536.00	    0.18	  399.49	    0.01	  300.04	    0.03	  100.00	  400.04	  300.53	  139.58
3	4	 4500.00	  849.65	 1859.02	    0.00	    0.00	    0.00	    0.00	    0.00	    0.00	    0.00	    0.09	 4750.76	 3957.94	    0.11	    0.00	    0.00	    0.00	    0.00	    0.00	    0.00	  200.39	    0.03	    4.16	  531.02
3	12	 1495.98	  400.36	  499.85	 1402.38	  400.51	  500.49	  700.51	 1200.01	 1400.10	  854.92	    0.91	    0.00	    0.00	    0.37	  128.57	  516.03	  241.13	  198.23	   55.10	    0.10	    0.00	    0.00	    0.00	    0.00
4	3	    0.00	    0.00	    0.00	 2302.36	  736.52	  533.71	  650.57	 1137.75	 2072.11	 2670.93	 1000.85	    0.00	    0.00	  500.27	  764.51	  619.11	  740.62	  161.68	  355.14	    0.09	    0.00	    0.00	    0.00	    0.00
4	5	 3198.67	  349.32	 1258.80	 6896.93	    0.00	    0.00	    0.00	    0.00	    0.00	    0.00	 1069.66	 4150.10	 3357.49	  200.30	    0.00	    0.00	    0.00	    0.00	    0.00	    0.00	    0.40	    0.01	  200.03	  331.00
4	11	  801.33	  300.38	  400.22	 2400.71	  699.88	  599.72	    0.54	  519.17	  265.90	    0.15	    0.00	    0.66	    0.45	    0.06	    0.05	    0.05	    0.04	    0.01	    0.02	    0.02	    0.02	    0.04	    0.05	    0.02
5	4	    0.00	    0.05	    0.00	    0.00	 1936.40	 1533.43	 1051.10	 2356.92	 3038.01	 3871.09	    0.00	    0.00	    0.00	    0.00	 1264.52	 1419.17	 1240.66	  261.69	  555.16	  300.11	    0.03	  399.90	    0.00	    0.00
5	6	    0.00	    0.00	  440.64	 2043.83	 1192.30	    0.00	    0.02	    0.03	  527.99	 1183.84	  559.00	 1441.79	  977.53	  100.18	  263.86	    0.03	    0.20	    0.00	    0.13	    0.01	    0.00	    0.01	   99.46	   60.52
5	9	 2998.67	  899.48	  718.16	 4353.10	 2971.30	 1399.88	    0.00	    0.00	    0.00	    0.00	   10.66	 2508.31	 2179.96	    0.13	    0.00	    0.00	    0.00	    0.00	    0.00	    0.00	    0.00	    0.00	    0.57	  270.48
6	2	    0.00	    0.00	    0.00	    0.02	   64.00	  966.78	  849.94	 1462.26	  127.99	  383.98	    0.02	    0.00	    0.00	    0.01	   64.00	  996.92	  200.51	  136.55	   99.96	  400.02	    0.00	   99.97	    0.00	    0.00
6	5	    0.00	  650.21	    0.00	    0.00	    0.00	 3133.31	  912.35	 2148.61	    0.00	    0.00	    0.00	    0.00	    0.00	    0.00	    0.00	 1385.24	    0.08	  190.83	    0.03	  292.58	    0.01	    0.00	    0.00	    0.00
6	8	 2304.02	 1499.78	  381.77	 1643.81	  928.31	 3499.91	    0.00	    0.00	    0.00	    0.00	  159.00	 1937.20	 1253.03	    0.17	    0.00	    0.00	    0.00	    0.00	    0.00	    0.00	    0.00	    0.00	    0.00	    0.10
7	8	    0.00	    0.00	    0.00	    0.00	    0.00	    0.00	 4101.84	    0.00	    0.00	    0.00	    0.00	    0.00	    0.00	  399.64	  600.01	  370.03	  130.87	  998.19	  999.66	 2599.61	  500.00	  799.96	  299.98	  199.88
7	18	  547.03	  351.60	   14.51	  456.83	  135.54	 1020.65	 7998.16	 4610.24	  849.09	    0.22	    0.31	  639.26	  135.05	    0.00	    0.00	    0.00	    0.15	    0.00	    0.00	    0.00	    0.00	    0.00	    0.00	    0.01
8	6	    0.00	    0.00	    0.00	    0.00	    0.00	    0.00	 2162.28	 4410.85	    0.00	    0.14	    0.00	    0.00	    0.00	    0.00	    0.13	 3282.12	  700.39	  427.37	  299.86	  992.58	  100.01	  299.95	    0.00	    0.00
8	7	 1047.03	  551.60	  114.50	  856.79	  335.54	 1420.65	    0.00	 5610.24	 1449.03	    2.62	    1.35	 1338.97	  534.85	    0.00	    0.00	    0.00	    0.23	    0.00	    0.00	    0.00	    0.00	    0.00	    0.01	    0.02
8	9	    0.00	    0.01	    0.00	    0.00	    0.00	    0.11	  939.95	 3388.72	    0.00	    0.00	    0.00	    0.00	    0.00	    0.00	    0.00	 1299.84	    0.00	  270.93	    0.00	  707.18	    0.01	    0.03	    0.00	    0.00
8	16	  457.07	  548.20	  173.41	  691.94	  432.43	 1279.24	    0.00	 3290.20	  918.63	    0.29	    0.36	  534.91	  458.51	    0.00	    0.00	    0.00	    0.00	    0.00	    0.00	    0.00	    0.00	    0.00	    0.00	    0.00
9	5	    0.00	    0.00	    0.00	    0.00	    0.00	    0.00	  338.77	  708.33	 4366.00	 6054.93	    0.00	    0.00	    0.00	    0.00	 1728.38	  533.96	 1440.78	   70.86	  655.26	  107.54	   99.62	  599.90	    0.00	    0.00
9	8	    0.07	    0.04	  106.14	  604.92	  339.66	    0.08	    0.00	    0.00	 3167.66	 1602.75	  642.72	  536.67	  340.33	    0.13	    0.00	    0.00	    0.35	    0.00	    0.00	    0.00	    0.00	    0.00	    0.02	    0.03
9	10	 2498.62	  699.45	  512.03	 3048.18	 1831.64	  999.90	    1.37	 1880.39	 8666.34	    0.00	    0.67	 1371.86	 1239.86	    0.00	    0.00	    0.61	    0.00	    0.16	    0.00	    0.00	    0.00	    0.00	    0.09	   70.60
10	9	    0.02	    0.00	    0.00	    0.00	    0.00	    0.00	    0.19	    0.00	    0.00	10457.68	 2032.72	    0.22	    0.22	  600.00	 2728.38	  634.74	 2341.13	    0.09	 1055.26	    0.37	  399.60	 1299.86	  499.54	    0.16
10	11	    0.00	    0.00	    0.00	    0.00	    0.00	    0.00	  499.41	  280.85	 1661.50	 9093.07	    0.00	    0.00	    0.00	    0.00	 1634.53	 1583.22	 1858.69	  199.93	  535.14	  517.37	  328.97	  904.73	    0.00	    0.00
10	15	  801.17	  100.15	  100.51	 1298.91	  599.48	  200.18	    0.00	    0.00	 2872.45	13398.31	 2958.71	  942.26	  887.58	    0.00	    0.00	    0.00	    0.77	    0.00	    0.00	    0.00	    0.00	    0.00	    0.00	    0.10
10	16	    0.25	    0.00	   12.10	   52.28	   32.58	    0.00	    0.00	    0.00	  432.48	 8349.30	 2302.63	  125.94	  107.91	    0.23	    0.00	    0.00	    0.00	    0.00	    0.00	    0.00	    0.00	    0.00	    0.00	    0.00
10	17	  399.66	    0.10	   99.99	  499.95	  199.98	    0.04	    0.08	    0.12	  899.91	 3901.65	 1000.34	  599.94	  499.95	    0.22	    0.12	    0.23	    0.00	    0.05	    0.14	    0.14	    0.05	    0.14	    0.05	    0.02
11	4	    0.00	    0.00	    0.00	    0.00	    0.00	    0.00	    0.00	    0.00	    0.00	    0.00	 3570.42	    0.00	    0.00	 1200.53	    0.05	    0.00	    0.00	    0.00	    0.00	    0.00	    0.00	    0.13	  695.92	    0.00
11	10	    2.48	    0.74	    0.58	    2.96	    0.40	    0.24	    0.00	    0.00	    0.00	    0.00	12193.74	 2296.50	 2155.81	 1665.53	    0.00	    0.00	    0.00	    0.00	    0.00	    0.00	    0.00	    0.00	 1384.44	  511.45
11	12	    0.00	    0.00	    0.00	    0.00	    0.00	    0.00	    0.00	    0.00	    0.12	 3045.24	 2401.11	    0.00	    0.00	  703.19	  577.97	  183.41	  858.83	    0.02	  246.92	    0.00	    0.01	    0.09	    0.00	    0.00
11	14	  300.06	   99.98	  100.01	  997.92	  199.56	  199.55	    0.00	    0.02	  527.27	 2047.98	 4134.73	  757.95	  317.15	    0.00	    0.00	    0.00	    0.00	    0.00	    0.00	    0.00	    0.00	    0.00	    0.00	    0.00
12	3	    0.00	    0.00	    0.00	    0.00	    0.00	    0.00	    0.00	    0.00	    0.00	    0.00	    0.15	 5946.17	 5333.44	    0.19	    0.06	    0.00	    0.00	    0.00	    0.00	    0.00	  300.38	  500.06	  404.69	  670.60
12	11	    1.21	    0.33	    0.37	    0.17	    0.08	    0.07	    0.00	    0.00	    0.00	    0.00	    0.00	 4453.79	 3472.52	    0.00	    0.00	    0.00	    0.00	    0.00	    0.00	    0.00	    0.00	    0.00	    0.00	  366.75
12	13	 1294.76	  300.03	  299.48	  802.21	  200.43	  300.42	    0.51	  600.01	  800.23	 1900.15	 1001.87	 3500.03	    0.00	    3.54	    6.68	    0.44	  499.96	    0.04	    2.10	    0.06	    0.00	    0.06	    0.00	    0.00
13	12	    0.00	    0.00	    0.00	    0.00	    0.00	    0.00	    0.00	    0.00	    0.00	    0.00	    0.00	    0.00	10105.96	    0.17	    0.19	    1.00	    0.00	    1.79	    0.08	  499.95	  600.37	 1200.03	 1104.69	 1537.34
13	24	  794.76	    0.03	  199.48	  202.21	    0.43	  100.42	    0.00	    0.01	  200.23	    0.15	    1.87	 2200.03	 4494.04	    0.00	    0.00	    0.00	    0.01	    0.00	    0.00	    0.00	    0.00	    0.00	    0.00	    0.00
14	11	    0.00	    0.00	    0.00	    0.00	    0.00	    0.00	    0.05	    0.00	    0.00	    0.00	    0.00	    0.00	    0.00	 5169.19	  343.44	    0.14	    0.10	    0.08	  111.77	   82.61	   71.02	  195.45	 3380.31	  744.68
14	15	    0.05	    0.00	    0.01	    0.11	    0.00	    0.00	    0.00	    0.00	    0.00	    0.00	  636.39	   58.28	  111.92	 6831.82	    0.00	    0.00	    0.00	    0.00	    0.00	    0.00	    0.00	    0.00	 2289.34	  807.33
14	23	    0.07	    0.00	    0.02	  497.85	   99.57	   99.56	    0.00	    0.00	  289.19	 1353.40	 1898.40	    0.16	    0.00	 2098.99	  560.62	    0.00	  231.47	    0.00	  142.14	    0.00	    0.00	    0.00	    0.00	    0.00
15	10	    0.00	    0.00	    0.00	    0.00	    0.00	    0.00	    0.00	    0.00	    0.00	    0.00	    0.00	    0.00	    0.00	 1034.92	 8363.03	    0.66	    0.00	    0.12	 3390.31	 2030.38	 1928.63	 4804.73	  915.06	  218.23
15	14	    0.01	    0.00	    0.00	    0.02	    0.00	    0.00	  199.75	  399.39	  361.91	 1405.41	    0.06	    0.03	    0.02	    0.00	 2204.06	  699.76	  931.56	   99.94	  553.90	  581.74	  469.62	 1391.66	    0.00	    0.00
15	19	  300.00	    0.14	    0.01	  200.03	  100.00	    0.22	    0.00	    0.00	  400.05	 2946.51	  695.39	  300.08	  300.18	 2898.74	 5899.97	    0.00	    0.39	    0.00	    0.00	    0.00	  997.67	 2899.79	  900.44	  400.23
15	22	    1.21	    0.02	    0.51	  598.97	  299.47	    0.03	    0.00	    0.00	 1210.49	 5046.38	 1499.65	    0.43	    0.30	 1598.16	 4932.93	    0.27	 2100.02	    0.00	 1567.93	    0.00	    0.00	    0.00	    0.44	    0.25
16	8	    0.00	    0.00	    0.00	    0.00	    0.00	    0.00	    0.39	    0.00	    0.00	    0.31	    0.00	    0.00	    0.00	    0.06	    0.13	 6411.93	 1969.41	    0.11	    0.20	    0.15	    0.03	    0.03	    0.02	    0.00
16	10	    0.00	    0.06	    0.00	    0.00	    0.00	    0.08	 2398.31	    0.58	    0.00	    0.00	    0.00	    0.00	    0.00	    0.00	    0.00	 6616.48	    0.65	  899.79	    0.23	  987.50	    0.00	    0.00	    0.00	    0.00
16	17	    0.37	  199.92	    0.01	    0.07	    0.03	  500.00	 1000.03	 1400.06	    0.13	    0.58	    0.10	    0.06	    0.00	    0.00	    0.00	 5998.19	    0.00	  600.01	    0.00	 1698.26	    1.93	    0.00	    0.00	    0.00
16	18	    0.08	    0.02	    0.01	    0.21	    0.02	    0.05	    0.00	    0.42	    0.46	 3951.11	  903.59	    0.76	    0.69	    0.10	    0.07	 7073.40	 3983.92	    0.00	    0.07	    0.00	    0.00	    0.00	    0.00	    0.00
17	10	    0.00	    0.00	    0.00	    0.00	    0.00	    0.00	    0.00	    0.00	    0.00	    0.00	    0.00	    0.00	    0.00	    0.00	    0.00	    0.44	 8099.94	    0.00	    0.00	    0.00	    0.00	    0.00	    0.00	    0.00
17	16	    0.00	    0.00	    0.00	    0.00	    0.00	    0.00	    0.00	    0.00	    0.00	    2.05	    0.58	    0.00	    0.00	  664.37	 1139.23	    0.00	 8753.75	    0.00	 1234.52	    0.00	    0.06	    0.12	    0.15	    0.08
17	19	    0.03	    0.02	    0.00	    0.02	    0.01	    0.04	    0.11	    0.17	    0.04	    0.18	    0.00	    0.00	    0.00	    0.00	    0.00	 3197.99	 6546.32	    0.06	    0.00	    0.00	    0.00	    0.00	    0.00	    0.00
18	7	    0.00	    0.00	    0.01	    0.04	    0.00	    0.00	    0.00	    0.00	    0.06	 1897.60	  498.96	    0.29	    0.21	  599.64	 1100.01	 1770.03	 1130.78	 1198.19	 1399.66	 3099.61	  700.00	 1299.96	  499.97	  299.88
18	16	   43.14	   51.79	   14.51	   56.07	   35.04	  120.90	 4798.73	  310.86	   49.48	    0.36	    0.12	   39.97	   34.26	   35.56	   60.97	    0.00	    0.23	 1999.92	   65.98	 4285.90	  601.89	 1199.91	  499.87	  299.92
18	20	  403.97	  299.82	    0.00	  300.93	  100.52	  799.81	 2999.43	 3999.79	  600.01	 1353.69	  304.89	  399.75	    1.32	    0.00	    0.00	 4803.36	 2253.18	 1601.89	    0.00	    0.00	    0.00	    0.00	    0.00	    0.00
19	15	    0.00	    0.01	    0.00	    0.00	    0.00	    0.07	  699.72	  999.34	    0.00	    0.00	    0.00	    0.00	    0.00	    0.00	    0.00	 1900.22	 4531.20	  299.97	 6312.15	 3711.83	    0.24	    0.00	    0.00	    0.00
19	17	    0.00	    0.00	    0.00	    0.00	    0.00	    0.00	    0.00	    0.00	    0.00	    0.00	    0.14	    0.00	    0.05	 1364.16	 2639.11	    0.00	    0.00	    0.00	 2934.38	    1.60	  598.08	 1699.98	  600.10	  300.05
19	20	    0.04	    0.01	    0.01	    0.05	    0.02	    0.03	    0.00	    0.00	    0.09	 1146.70	  295.26	    0.08	    0.13	 1234.59	 2460.86	    0.00	  315.50	    0.00	 3553.48	    0.00	    0.00	    0.00	    0.34	    0.17
20	18	    0.00	    0.00	    0.00	    0.00	    0.00	    0.00	    0.00	    0.00	    0.00	    0.32	    0.06	    0.00	    0.05	  735.11	 1360.90	    0.00	    0.13	    0.00	 1765.57	 7785.51	 1401.90	 2799.86	 1099.84	  599.79
20	19	    0.01	   99.86	    0.00	    0.00	    0.00	  199.83	 1099.61	 1699.17	    0.00	    0.00	    0.00	    0.00	    0.00	    0.00	    0.00	    2.23	    0.00	  599.91	    0.00	 4913.44	    0.66	    0.19	    0.00	    0.00
20	21	   99.96	    0.01	    0.00	    0.95	    0.48	  100.02	  699.52	  600.01	    0.07	    0.23	    0.08	    0.07	    0.11	    0.08	    0.15	 1500.90	  868.52	  201.84	  588.16	 2700.03	    0.00	    0.34	    0.13	    0.09
20	22	    4.04	   99.96	    0.01	    0.03	    0.06	  199.98	  700.30	  800.62	    0.05	    0.20	    0.09	    0.05	    0.08	    0.05	    0.15	 1700.24	    0.10	  400.14	    0.06	 3101.03	    0.00	    0.00	    0.08	    0.04
21	20	    0.00	    0.00	    0.00	    0.00	    0.00	    0.00	    0.00	    0.00	    0.03	    0.25	    0.06	    0.00	    0.00	    0.09	    0.18	    0.00	    0.00	    0.00	    0.13	    0.00	 2602.55	    0.71	    0.09	    0.04
21	22	    0.02	    0.01	    0.00	    0.02	    0.01	    0.02	    0.05	    0.07	    0.00	    0.00	    0.00	    0.00	    0.00	    0.00	    0.00	    0.52	    0.00	    0.09	    0.00	    0.39	 6696.13	    0.00	    0.00	    0.00
21	24	    0.00	    0.00	    0.00	    0.00	    0.00	    0.01	  499.49	  200.00	    0.02	  290.70	    0.00	    0.00	    0.00	    0.00	  537.07	  900.55	  273.54	  101.76	  288.38	 1499.85	 1701.32	 2048.85	    0.00	    0.00
22	15	    0.00	    0.00	    0.00	    0.00	    0.00	    0.01	    0.03	    0.04	    0.00	    0.00	    0.00	    0.00	    0.99	    0.00	    0.00	    0.46	    0.00	    0.08	    0.00	    0.28	 4195.67	11696.18	  526.59	  211.28
22	20	    0.00	    0.00	    0.00	    0.00	    0.00	    0.00	    0.00	    0.00	    0.00	    0.11	    0.03	    0.29	  598.80	    0.55	    0.17	    0.00	    0.07	    0.00	    0.18	    0.00	    0.00	 5199.69	 1799.62	  999.71
22	21	    0.06	    0.00	    0.00	  199.06	   99.53	    0.01	    0.03	    0.05	  299.98	 1490.72	  399.98	  299.93	  599.89	  400.02	 1337.10	    0.17	    5.01	    0.01	  100.35	    0.21	    0.00	 3849.22	  699.96	  499.95
22	23	    0.01	    0.00	    0.00	    0.02	    0.00	    0.01	  200.29	  300.58	  210.57	  955.75	    0.05	    0.03	    0.03	    0.00	  995.82	  500.39	  395.03	  100.14	  267.47	  700.92	  700.46	 3654.91	    0.00	    0.00
23	14	    0.04	    0.01	    0.01	    0.02	    0.00	    0.00	    0.29	    0.59	    0.00	    0.00	    0.00	    0.46	  394.74	    0.00	    0.00	    0.38	    0.00	    0.15	    0.00	    0.87	    1.41	    3.79	 6769.66	 1952.01
23	22	  394.80	    0.01	   99.49	    0.06	    0.00	    0.00	    0.00	    0.00	    0.00	    0.00	    0.32	  999.76	 2499.33	    2.36	    0.00	    0.00	    0.00	    0.00	    0.00	    0.00	    0.00	    0.00	 5125.65	 2810.64
23	24	    0.00	    0.00	    0.00	    0.00	    0.00	    0.00	    0.01	    0.01	    0.01	  509.15	  598.13	    0.00	    0.00	  996.63	  556.45	    0.03	   26.50	    0.00	  109.60	    0.08	    0.06	 1551.12	 2604.69	    0.00
24	13	    0.00	    0.00	    0.00	    0.00	    0.00	    0.00	  399.49	    0.00	    0.00	    0.00	    0.00	    0.00	    0.00	  596.63	  693.52	  600.56	    0.05	  101.75	  297.98	 1099.90	 1200.37	 2499.97	 1904.69	 2237.34
24	21	    0.00	    0.00	    0.00	    0.00	    0.00	    0.00	    0.00	    0.00	    0.00	    0.00	    0.00	    0.00	    0.00	    0.00	    0.00	    0.00	    0.00	    0.00	    0.00	    0.00	    0.00	    0.00	    0.00	    0.00
24	23	  694.76	    0.03	  199.48	    2.21	    0.43	    0.43	    0.01	    0.01	    0.25	    0.00	    0.00	 1700.03	 3694.04	    0.00	    0.00	    0.02	    0.00	    0.00	    0.00	    0.03	    1.00	    0.00	    0.00	 5462.66
