i	j	o0d10l1
0	1	 4990.75
0	2	 8113.90
1	0	 5014.74
1	5	 5997.66
2	0	 8089.91
2	3	13981.15
2	11	10027.43
3	2	14004.83
3	4	18478.35
3	10	 5209.91
4	3	18504.38
4	5	 8796.57
4	8	15782.31
5	1	 6021.65
5	4	 8806.78
5	7	12487.78
6	7	12100.79
6	17	15800.53
7	5	12521.99
7	6	12037.78
7	8	 6881.52
7	15	 8386.32
8	4	15798.12
8	7	 6836.25
8	9	21744.44
9	8	21814.98
9	10	17731.70
9	14	23127.40
9	15	11049.77
9	16	 8100.60
10	3	 5307.56
10	9	17610.10
10	11	 8370.68
10	13	 9778.47
11	2	 9979.77
11	10	 8410.08
11	12	12300.59
12	11	12392.33
12	23	11122.33
13	10	 9815.12
13	14	 9037.03
13	22	 8399.86
14	9	23197.16
14	13	 9081.42
14	18	19083.63
14	21	18403.26
15	7	 8402.79
15	9	11072.33
15	16	11687.26
15	17	15290.98
16	9	 8100.41
16	15	11674.62
16	18	 9953.22
17	6	15863.53
17	15	15342.66
17	19	18993.48
18	14	19117.77
18	16	 9940.39
18	19	 8685.71
19	17	19008.16
19	18	 8707.02
19	20	 6307.46
19	21	 7003.64
20	19	 6244.65
20	21	 8618.56
20	23	10307.42
21	14	18383.27
21	19	 7002.44
21	20	 8604.28
21	22	 9660.01
22	13	 8392.12
22	21	 9624.54
22	23	 7902.42
23	12	11114.06
23	20	10258.89
23	22	 7859.22
