i	j	       0	       1	       2	       3	       4	       5	       6	       7	       8	       9	      10	      11	      12	      13	      14	      15	      16	      17	      18	      19	      20	      21	      22	      23
0	1	 2600.54	    0.00	  267.88	  200.02	   15.76	    0.00	    0.01	    0.02	   31.51	   94.58	  200.02	  480.04	  461.02	  100.00	   15.70	    0.02	    0.04	    0.00	    0.01	    0.00	    0.01	    0.10	    0.07	   28.37
0	2	 6199.46	 1170.05	    0.00	    0.00	    0.00	  227.68	  141.20	  243.65	    0.00	    0.00	    0.00	    0.00	    0.00	    0.00	    0.00	  101.80	    0.00	   34.81	    0.00	    0.02	    0.00	    0.00	    0.00	    0.00
1	0	    0.00	 1270.05	    0.00	    0.00	    0.00	  527.68	  641.18	 1043.62	    0.00	    0.00	    0.00	    0.00	    0.00	    0.00	    0.00	  601.78	    0.44	  134.81	    0.03	  300.01	    0.00	    0.02	    0.00	    0.00
1	5	 2500.54	 2729.95	  167.88	    0.04	    0.00	    0.00	    0.00	    0.00	    0.00	    0.00	    0.04	  380.04	  161.02	    0.01	    0.00	    0.00	    0.00	    0.00	    0.00	    0.00	    0.01	    0.03	    0.07	   28.37
2	0	    0.00	    0.00	  367.88	  700.02	  215.76	    0.00	    0.03	    0.05	  531.51	 1394.58	  700.02	  680.04	  961.02	  400.00	  515.70	    0.04	  399.60	    0.00	  299.99	    0.02	  100.01	  400.08	  300.07	  128.37
2	3	 4499.05	  669.77	 1931.88	    0.00	    0.00	    0.00	    0.00	    0.00	    0.00	    0.00	    0.00	 3748.51	 2493.33	    0.09	    0.00	    0.00	    0.00	    0.00	    0.00	    0.00	  202.33	    0.03	    2.90	  471.48
2	11	 1600.41	  400.28	  500.24	 1601.86	  403.30	  500.54	  771.12	 1200.00	 1399.75	  657.85	    1.13	    0.00	    0.00	    0.17	   52.90	  540.64	  185.55	  199.65	   22.67	    0.14	    0.00	    0.00	    0.00	    0.00
3	2	    0.00	    0.00	    0.00	 2501.88	  719.06	  572.86	  729.95	 1156.40	 2031.27	 2352.43	 1000.31	    0.00	    0.00	  499.69	  668.55	  638.87	  685.14	  164.84	  322.66	    0.14	    0.00	    0.07	    0.05	    0.00
3	4	 3197.92	  169.64	 1331.81	 6697.68	    0.00	    0.00	    0.00	    0.00	    0.00	    0.12	  905.85	 3148.15	 1893.02	  200.02	    0.08	    0.00	    0.01	    0.00	    0.02	    0.00	    2.38	    0.05	  199.93	  271.50
3	10	  801.13	  300.18	  400.06	 2400.44	  699.85	  599.61	    0.37	    5.82	    0.42	    0.17	    0.00	    0.36	    0.30	    0.07	    0.06	    0.12	    0.04	    0.04	    0.02	    0.03	    0.02	    0.05	    0.06	    0.03
4	3	    0.00	    0.05	    0.00	    0.00	 1918.91	 1572.47	 1130.32	 1862.22	 2731.68	 3551.35	    0.00	    0.00	    0.00	    0.00	 1166.72	 1438.99	 1184.66	  264.89	  521.88	  300.16	    0.03	  399.16	    0.00	    0.00
4	5	    0.00	    0.00	  528.61	 2130.97	 1261.24	    0.00	    0.02	    0.03	  568.64	 1305.36	  405.67	 1458.70	  580.69	  100.02	  283.74	    0.04	    0.04	    0.00	    0.02	    0.01	    0.01	    0.00	   99.93	   71.62
4	8	 2997.92	  899.54	  703.21	 4066.71	 2919.85	 1399.57	    0.03	    0.10	    0.00	    0.00	    0.18	 1489.45	 1112.33	    0.00	    0.00	    0.06	    0.00	    0.01	    0.00	    0.03	    0.01	    0.00	    0.00	  199.88
5	1	    0.00	    0.00	    0.00	    0.02	   84.24	  927.68	  841.17	 1443.60	  168.49	  505.42	    0.02	    0.00	    0.00	    0.01	   84.30	 1001.76	  200.40	  134.81	  100.01	  400.01	    0.00	   99.95	    0.00	    0.00
5	4	    0.00	  829.94	    0.00	    0.00	    0.00	 3172.05	 1026.88	 1806.69	    0.00	    0.00	    0.00	    0.00	    0.00	    0.00	    0.00	 1460.30	    0.10	  202.51	    0.03	  306.61	    0.00	    0.06	    0.00	    0.00
5	7	 2200.54	 1500.01	  396.49	 1730.99	  977.00	 3500.28	    0.00	    0.00	    0.16	    0.07	    5.69	 1638.74	  541.71	    0.03	    0.00	    0.00	    0.00	    0.00	    0.00	    0.00	    0.00	    0.00	    0.00	    0.00
6	7	    0.00	    0.00	    0.00	    0.00	    0.00	    0.00	 4174.55	    0.00	    0.00	    0.00	    0.00	    0.00	    0.00	  399.87	  600.33	  380.75	  148.23	  999.88	  999.64	 2599.83	  500.06	  799.90	  299.97	  199.99
6	17	  430.09	  335.91	    8.60	  434.37	  121.62	  984.07	 7925.45	 4514.05	  829.22	    0.65	    0.14	  217.78	    0.06	    0.00	    0.00	    0.00	    0.03	    0.00	    0.00	    0.00	    0.00	    0.00	    0.00	    0.00
7	5	    0.00	    0.00	    0.00	    0.00	    0.00	    0.00	 2268.03	 4050.25	    0.00	    0.13	    0.00	    0.00	    0.00	    0.00	    0.56	 3362.02	  700.46	  437.31	  300.02	 1006.61	   99.99	  299.98	    0.00	    0.01
7	6	  930.09	  535.91	  108.60	  834.37	  321.62	 1384.07	    0.00	 5514.05	 1429.17	    1.84	    0.69	  917.71	   61.93	    0.00	    0.00	    0.00	    0.11	    0.00	    0.00	    0.00	    0.00	    0.00	    0.00	    0.00
7	8	    0.00	    0.00	    0.00	    0.00	    0.00	    0.00	  906.52	 3749.67	    0.00	    0.00	    0.00	    0.00	    0.00	    0.00	    0.00	 1268.55	    0.00	  262.70	    0.00	  693.55	    0.12	    0.00	    0.00	    0.00
7	15	  470.53	  564.14	  175.83	  693.14	  433.22	 1316.30	    0.00	 3386.02	  866.46	    0.00	    0.06	  481.62	    0.38	    0.00	    0.00	    0.00	    0.00	    0.00	    0.00	    0.00	    0.00	    0.00	    0.00	    0.00
8	4	    0.00	    0.00	    0.00	    0.00	    0.00	    0.00	  303.49	  555.67	 4100.33	 5856.60	    0.00	    0.00	    0.00	    0.00	 1650.38	  478.80	 1384.59	   62.39	  621.85	   93.59	   97.67	  599.05	    0.00	    0.00
8	7	    0.08	    0.04	   87.94	  496.52	  277.84	    0.09	    0.00	    0.00	 3095.47	 1601.62	  795.07	  360.59	  120.61	    0.00	    0.00	    0.00	    0.24	    0.00	    0.00	    0.00	    0.00	    0.00	    0.00	    0.00
8	9	 2497.84	  699.50	  515.27	 2870.19	 1842.00	  999.48	    3.12	 2394.11	 9004.21	    0.00	    0.00	  528.99	  391.86	    0.00	    0.00	    0.26	    0.00	    0.40	    0.00	    0.33	    0.00	    0.00	    0.00	    0.00
9	8	    0.00	    0.00	    0.00	    0.00	    0.00	    0.00	    0.06	    0.00	    0.00	10258.22	 2194.89	    0.13	    0.13	  600.00	 2650.38	  610.45	 2284.82	    0.08	 1021.85	    0.34	  397.54	 1299.05	  500.00	    0.12
9	10	    0.00	    0.00	    0.00	    0.00	    0.00	    0.00	  499.63	  794.21	 1719.90	 8420.44	    0.00	    0.00	    0.00	    0.00	 1288.85	 1559.45	 1914.60	  199.97	  425.66	  428.51	    1.29	  475.22	    0.00	    0.00
9	14	  799.39	   99.81	   99.93	 1098.76	  596.86	  199.62	    0.00	    0.00	 3079.63	14585.44	 1910.92	  655.15	    3.05	    0.00	    0.00	    0.00	    0.83	    0.00	    0.00	    0.00	    0.00	    0.00	    0.00	    0.00
9	15	    0.00	    0.00	   15.58	   72.54	   45.34	    0.00	    0.00	    0.00	  504.85	 8035.14	 2172.11	  200.16	    0.11	    0.00	    0.00	    0.00	    0.00	    0.00	    0.00	    0.00	    0.00	    0.00	    0.00	    0.00
9	16	  399.36	    0.02	   99.98	  499.90	  199.94	    0.04	    0.09	    0.12	  899.83	 3900.76	 1000.09	  599.89	  499.90	    0.06	    0.13	    0.12	    0.00	    0.05	    0.07	    0.15	    0.05	    0.15	    0.05	    0.03
10	3	    0.00	    0.00	    0.00	    0.00	    0.00	    0.00	    0.00	    0.00	    0.00	    1.36	 3406.16	    0.00	    0.00	 1199.69	    1.97	    0.00	    0.54	    0.00	    0.81	    0.00	    0.04	    0.98	  697.14	    0.04
10	9	    0.91	    0.28	    0.22	    1.02	    0.13	    0.11	    0.00	    0.00	    0.00	    0.00	11178.01	 2926.35	 2011.34	 1143.00	    0.00	    0.00	    0.00	    0.00	    0.00	    0.00	    0.00	    0.00	  301.51	   41.92
10	11	    0.00	    0.00	    0.00	    0.00	    0.00	    0.00	    0.00	    0.00	    0.11	 3242.15	 2400.40	    0.00	    0.00	  716.94	  652.16	  159.76	  914.41	    0.02	  279.47	    0.00	    0.00	    0.00	    0.00	    0.00
10	13	  300.75	  100.10	  100.11	  999.51	  199.75	  199.58	    0.00	    0.03	  320.21	 1177.10	 5315.43	 1045.16	   21.04	    0.00	    0.00	    0.00	    0.05	    0.00	    0.00	    0.00	    0.00	    0.00	    0.00	    0.00
11	2	    0.00	    0.00	    0.00	    0.00	    0.00	    0.00	    0.00	    0.00	    0.00	    0.00	    0.84	 4628.55	 3554.35	    0.57	    0.06	    0.00	    0.00	    0.00	    0.00	    0.00	  302.33	  500.04	  402.92	  599.85
11	10	    0.53	    0.20	    0.26	    0.08	    0.03	    0.07	    0.00	    0.00	    0.00	    0.00	    0.00	 5371.14	 3032.08	    0.00	    0.00	    0.00	    0.00	    0.00	    0.00	    0.00	    0.04	    0.00	    0.00	    0.37
11	12	 1399.89	  300.08	  299.98	 1001.77	  203.27	  300.47	   71.12	  600.00	  799.86	 1900.00	 1000.69	 3900.31	    0.00	   16.87	    5.00	    0.72	  499.95	    0.03	    2.14	    0.00	    0.00	    0.00	    0.00	    0.00
12	11	    0.00	    0.00	    0.00	    0.00	    0.00	    0.00	    0.00	    0.00	    0.00	    0.00	    0.00	    0.00	 7886.43	    0.33	    0.00	    0.33	    0.00	    0.36	    0.00	  499.86	  602.37	 1200.04	 1102.92	 1100.22
12	23	  899.89	    0.08	  199.98	  401.77	    3.27	  100.47	    0.00	    0.00	  199.86	    0.00	    0.69	 2600.31	 6713.57	    0.00	    0.00	    0.00	    0.00	    0.00	    0.00	    0.00	    0.00	    0.00	    0.00	    0.00
13	10	    0.00	    0.00	    0.00	    0.00	    0.00	    0.00	    0.00	    0.00	    0.00	    0.00	    0.00	    0.00	    0.00	 4659.56	  765.22	    0.19	    0.36	    0.00	  254.61	  171.46	  398.69	  625.71	 2298.59	  641.57
13	14	    0.64	    0.09	    0.08	    0.60	    0.06	    0.04	    0.00	    0.00	    0.00	    0.00	 1034.07	  344.84	   89.89	 6222.15	    0.00	    0.00	    0.00	    0.00	    0.00	    0.00	    0.00	    0.00	 1220.63	  123.48
13	22	    0.12	    0.01	    0.03	  498.93	   99.69	   99.54	    0.00	    0.00	  193.48	  806.72	 2681.43	    0.35	    0.36	 3218.30	  442.14	    0.00	  219.96	    0.00	  138.09	    0.00	    0.00	    0.00	    0.00	    0.00
14	9	    0.00	    0.00	    0.00	    0.00	    0.00	    0.00	    0.00	    0.00	    0.00	    0.00	    0.00	    0.00	    0.00	 1557.07	 7939.36	    0.34	    0.82	    0.06	 3247.38	 1722.90	 1598.88	 4374.42	 1998.54	  758.22
14	13	    0.00	    0.00	    0.00	    0.00	    0.00	    0.00	  199.72	  399.44	  473.27	 1729.62	    0.07	    0.00	    0.00	    0.00	 2507.36	  699.20	  920.27	   99.86	  692.69	  670.59	    1.47	  686.02	    0.00	    0.00
14	18	  300.03	    0.09	    0.01	  200.07	  100.03	    0.11	    0.02	    0.03	  400.15	 3262.59	  826.74	  300.06	  283.46	 2896.95	 5900.30	    0.06	    0.42	    0.01	    0.00	    0.05	  556.69	 2899.91	  899.98	  259.03
14	21	    0.00	    0.00	    0.00	  399.30	  296.89	    0.00	    0.00	    0.00	 1306.21	 5593.23	  718.18	    0.00	    0.00	  468.12	 5052.98	    0.24	 2493.80	    0.00	 2074.14	    0.00	    0.00	    0.00	    0.00	    0.00
15	7	    0.00	    0.00	    0.00	    0.00	    0.00	    0.00	    0.00	    0.00	    0.00	    0.28	    0.00	    0.00	    0.00	    0.11	    0.23	 6449.82	 1952.11	    0.13	    0.38	    0.34	    0.05	    0.08	    0.03	    0.02
15	9	    0.00	    0.06	    0.00	    0.00	    0.00	    0.07	 2396.42	    0.22	    0.00	    0.00	    0.00	    0.00	    0.00	    0.00	    0.00	 6568.27	    0.59	  899.57	    0.20	 1205.57	    0.00	    0.00	    0.00	    0.00
15	16	    0.63	  200.01	    0.01	    0.06	    0.05	  500.08	 1000.52	 1401.30	    0.12	    0.52	    0.09	    0.06	    0.00	    0.00	    0.00	 5965.18	    0.00	  600.26	    0.00	 1540.23	  351.70	    0.00	    0.00	  128.23
15	17	    0.02	    0.00	    0.00	    0.02	    0.00	    0.03	    0.00	    0.16	    0.16	 3636.22	  772.48	    0.13	    0.00	    0.03	    0.16	 7116.74	 3762.16	    0.00	    0.16	    0.00	    0.00	    0.00	    0.00	    0.00
16	9	    0.00	    0.00	    0.00	    0.00	    0.00	    0.00	    0.24	    0.00	    0.00	    0.00	    0.00	    0.00	    0.00	    0.00	    0.00	    1.15	 8098.84	    0.09	    0.00	    0.20	    0.00	    0.00	    0.00	    0.00
16	15	    0.00	    0.00	    0.00	    0.00	    0.00	    0.00	    0.00	    0.00	    0.00	    1.50	    0.28	    0.00	    0.00	  690.33	 1185.11	    0.00	 8514.74	    0.00	 1284.25	    0.00	    0.06	    0.11	    0.05	    0.03
16	18	    0.03	    0.05	    0.00	    0.02	    0.01	    0.12	    0.37	    1.43	    0.04	    0.17	    0.00	    0.00	    0.00	    0.00	    0.00	 3164.14	 6786.41	    0.23	    0.00	    0.00	    0.00	    0.00	    0.00	    0.00
17	6	    0.00	    0.00	    0.00	    0.00	    0.00	    0.00	    0.00	    0.00	    0.06	 1898.81	  499.45	    0.07	  338.12	  599.87	 1100.33	 1780.75	 1148.14	 1199.88	 1399.64	 3099.83	  700.06	 1299.90	  499.97	  299.99
17	15	   30.12	   35.93	    8.60	   34.40	   21.50	   83.87	 4796.94	  215.66	   28.98	    0.38	    0.12	   18.40	  599.51	    9.81	   15.27	    0.00	    0.12	 1999.96	   16.48	 4346.13	  951.70	 1199.97	  499.99	  428.22
17	19	  299.99	  299.98	    0.00	  299.99	  100.13	  800.22	 2928.51	 3998.55	  600.35	 1037.90	  173.06	    0.02	    0.00	    0.00	    0.00	 4835.99	 2014.07	 1600.16	    0.00	    0.00	    0.00	    0.00	    0.00	    0.00
18	14	    0.00	    0.19	    0.00	    0.00	    0.00	    0.46	  699.46	  999.38	    0.00	    0.00	    0.00	    0.00	    0.00	    0.00	    0.00	 1899.67	 4914.48	  299.80	 6814.21	 3492.57	    0.16	    0.39	    0.17	    0.07
18	16	    0.04	    0.02	    0.01	    0.05	    0.02	    0.00	    0.00	    0.00	    0.09	    0.38	    0.10	    0.06	    0.10	 1390.27	 2684.98	    0.00	    0.00	    0.00	 2984.18	  159.82	  248.30	 1699.96	  599.99	  171.77
18	19	    0.02	    0.00	    0.00	    0.04	    0.02	    0.03	    0.00	    0.00	    0.10	 1462.37	  426.64	    0.00	    0.00	 1206.70	 2415.32	    0.00	  172.36	    0.00	 3001.60	    0.00	    0.00	    0.00	    0.00	    0.00
19	17	    0.00	    0.00	    0.00	    0.00	    0.00	    0.00	    0.00	    0.00	    0.00	    0.22	    0.00	    0.58	 1037.57	  709.65	 1315.44	    0.00	    0.14	    0.00	 1715.97	 7845.96	 1751.76	 2799.87	 1099.96	  728.22
19	18	    0.00	  100.08	    0.00	    0.00	    0.00	  200.25	 1099.07	 1697.93	    0.00	    0.00	    0.00	    0.00	   16.64	    0.01	    0.00	   35.47	    0.00	  599.56	    0.00	 4852.34	   91.77	    0.45	    0.18	   12.82
19	20	    0.00	    0.00	    0.00	    0.01	    0.13	  100.01	  629.17	  600.42	    0.30	    0.05	    0.02	    0.01	    0.03	    0.02	    0.03	 1500.24	  486.25	  200.48	   85.74	 2701.00	    0.00	    0.08	    0.03	    0.02
19	21	    0.00	   99.91	    0.00	    0.02	    0.01	  199.98	  700.27	  800.20	    0.15	    0.22	    0.05	    0.00	    0.00	    0.00	    0.17	 1700.28	    0.11	  400.11	    0.08	 3100.71	    0.18	    0.00	    0.00	    0.00
20	19	    0.00	    0.00	    0.00	    0.00	    0.00	    0.00	    0.00	    0.00	    0.00	    0.11	    0.03	  400.36	 1653.62	    0.08	    0.17	    0.00	    0.08	    0.00	    0.19	    0.00	 3043.71	    0.25	    3.93	 1140.41
20	21	  262.36	    0.07	   65.59	    0.00	    0.00	    0.03	    0.06	    0.08	    0.00	    0.00	    0.00	  459.13	 1465.67	    0.00	    0.00	    0.17	    0.00	    0.04	    0.00	    0.42	 4757.28	    0.00	    0.00	 1606.56
20	23	    0.00	    0.00	    0.00	    0.00	    0.00	    0.02	  429.11	  200.34	    0.03	  487.27	    0.00	    0.00	    0.00	    0.00	  678.22	  900.16	  213.79	  100.45	  251.95	 1500.57	 3199.01	 2345.51	    0.00	    0.00
21	14	    0.00	    0.00	    0.00	    0.00	    0.00	    0.00	    0.28	    0.08	    0.00	    0.00	    0.00	    0.06	  890.52	    0.00	    0.00	    0.16	    0.00	    0.12	    0.00	    0.97	 2956.87	10559.96	 2677.72	 1293.69
21	19	    0.00	    0.00	    0.00	    0.00	    0.00	    0.00	    0.00	    0.00	    0.00	    0.11	    0.34	    0.21	    0.61	    2.89	    0.16	    0.00	    0.00	    0.00	    0.00	    0.00	    0.00	 5200.14	 1796.24	    0.64
21	20	    0.01	    0.00	    0.00	    0.03	   96.95	    0.00	    0.00	    0.00	  299.73	 1687.33	    2.09	    0.04	    0.00	    1.37	 1478.36	    0.08	  327.61	    0.00	  566.40	    0.00	    0.00	 4145.69	    1.22	    0.00
21	22	    0.00	    0.00	    0.00	    0.00	    0.00	    0.01	  200.05	  300.19	  306.63	 1306.01	    0.00	    0.00	    0.00	    0.00	  974.63	  500.43	  466.30	  100.03	  307.82	  700.16	    0.59	 4494.21	    0.00	    0.00
22	13	    0.01	    0.00	    0.00	    0.02	    0.00	    0.00	    0.28	    0.54	    0.00	    0.00	    0.00	    0.03	  669.21	    0.00	    0.00	    0.99	    0.00	    0.14	    0.01	    0.88	  797.23	 1139.69	 4619.23	 1165.05
22	21	  137.65	    0.03	   34.41	    0.71	    0.05	    0.00	    0.00	    0.00	    0.00	    0.00	  384.20	  241.18	  725.46	  736.13	    0.00	    0.00	    0.00	    0.00	    0.00	    0.00	    0.00	    0.00	 6575.19	  787.78
22	23	    0.01	    0.00	    0.00	    0.03	    0.00	    0.01	    0.01	    0.02	    0.11	  312.73	  997.28	    0.07	    0.00	 1382.16	  416.78	    0.05	   86.26	    0.00	  145.90	    0.11	    0.06	 1254.62	 3305.59	    0.00
23	12	    0.00	    0.00	    0.00	    0.00	    0.00	    0.00	  328.88	    0.00	    0.00	    0.00	    0.00	    0.00	    0.00	  583.46	  695.00	  599.60	    0.05	  100.33	  297.86	 1099.86	 1202.37	 2500.04	 1902.92	 1800.22
23	20	  362.35	    0.06	   65.59	  199.96	    2.91	    0.03	    0.00	    0.00	    0.00	    0.00	  397.92	 1159.44	 3719.26	  398.70	    0.00	    0.00	    0.00	    0.00	    0.00	    0.00	    0.00	    0.00	  702.67	 3246.94
23	22	  437.56	    0.02	  134.39	    1.83	    0.36	    0.46	    0.24	    0.36	    0.00	    0.00	    0.06	  940.93	 2194.31	    0.00	    0.00	    0.60	    0.00	    0.12	    0.00	    0.82	 1496.70	    0.09	    0.00	 2652.84
