i	j	       0	       1	       2	       3	       4	       5	       6	       7	       8	       9	      10	      11	      12	      13	      14	      15	      16	      17	      18	      19	      20	      21	      22	      23
0	1	 2600.19	    0.00	  374.58	  199.98	   92.25	    0.00	    0.01	    0.02	  184.50	  553.51	  199.98	  777.45	  571.18	  100.00	   92.20	    0.02	    0.08	    0.00	    0.06	    0.00	    0.01	    0.09	    0.22	   42.26
0	2	 6199.81	 1695.61	    0.00	    0.00	    0.00	  102.07	   33.15	   58.01	    0.00	    0.00	    0.00	    0.00	    0.00	    0.00	    0.00	   19.48	    0.00	    8.12	    0.00	    0.00	    0.00	    0.00	    0.00	    0.00
1	0	    0.00	 1795.61	    0.00	    0.00	    0.00	  402.07	  532.97	  857.72	    0.00	 1300.00	    0.00	    0.00	    0.00	    0.00	    0.00	  519.30	    0.51	  108.09	    0.03	  299.89	    0.00	    0.00	    0.00	    0.00
1	5	 2500.19	 2204.39	  274.58	    0.00	    0.00	    0.00	    0.00	    0.00	    0.00	    0.00	    0.00	  677.45	  271.18	    0.00	    0.00	    0.00	    0.00	    0.00	    0.00	    0.00	    0.01	    0.01	    0.22	   42.26
2	0	    0.00	    0.00	  474.58	  699.98	  292.25	    0.00	    0.19	    0.31	  684.50	  553.51	  699.98	  977.45	 1071.18	  400.00	  592.20	    0.20	  399.57	    0.04	  300.03	    0.11	  100.01	  400.09	  300.22	  142.26
2	3	 4499.08	 1195.26	 1825.07	    0.00	    0.00	    0.04	    0.00	    0.00	    0.00	    0.00	    0.00	 3444.65	 2388.77	    0.00	    0.00	    0.00	    0.00	    0.00	    0.00	    0.00	  203.18	    0.21	    1.60	  457.62
2	11	 1600.73	  400.36	  500.35	 1601.26	  403.72	  500.30	  775.61	 1200.00	 1399.80	  664.49	    0.59	    0.00	    0.00	    0.22	   48.41	  533.99	  187.42	  199.18	   20.75	    0.05	    0.00	    0.00	    0.00	    0.00
3	2	    0.00	    0.00	    0.00	 2501.24	  795.97	  698.27	  842.65	 1342.29	 2184.30	 1517.96	 1000.43	    0.00	    0.00	  500.08	  740.52	  714.71	  686.96	  191.10	  320.76	    0.14	    0.00	    0.00	    0.04	    0.00
3	4	 3198.14	  695.26	 1225.12	 6697.47	    0.00	    0.00	    0.00	    0.00	    0.00	    0.13	  905.22	 2843.76	 1788.06	  200.05	    0.01	    0.00	    0.03	    0.00	    0.00	    0.00	    3.26	    0.04	  199.63	  257.62
3	10	  800.94	  300.04	  399.95	 2401.29	  699.94	  599.76	    0.60	    6.13	    0.30	    0.17	    0.00	    0.89	    0.71	    0.07	    0.06	    0.12	    0.04	    0.01	    0.02	    0.03	    0.02	    0.05	    0.06	    0.03
4	3	    0.00	    0.05	    0.00	    0.00	 1995.91	 1697.99	 1243.25	 2048.42	 2884.60	 2717.09	    0.00	    0.00	    0.00	    0.09	 1239.68	 1514.83	 1186.51	  291.11	  520.41	  300.16	    0.03	  398.68	    0.00	    0.00
4	5	    0.00	    0.00	  428.35	 2114.55	 1175.36	    0.00	    0.02	    0.03	  415.66	 2146.32	  405.04	 1178.22	  474.06	  100.05	  206.76	    0.04	    0.04	    0.00	    0.02	    0.01	    0.00	    0.02	   99.63	   57.73
4	8	 2998.14	  899.58	  696.78	 4082.92	 2928.73	 1399.70	    0.03	    0.11	    0.00	    0.00	    0.18	 1465.54	 1114.01	    0.00	    0.00	    0.06	    0.00	    0.01	    0.00	    0.03	    0.00	    0.00	    0.00	  199.89
5	1	    0.00	    0.00	    0.00	    0.02	    7.75	  802.07	  732.96	 1257.71	   15.50	 1346.49	    0.02	    0.00	    0.00	    0.01	    7.80	  919.28	  200.43	  108.09	   99.97	  399.89	    0.00	   99.92	    0.00	    0.00
5	4	    0.00	  304.37	    0.00	    0.00	    0.00	 3297.69	 1133.60	 1981.01	    0.00	    0.00	    0.00	    0.00	    0.00	    0.00	    0.00	 1551.69	    0.43	  226.17	    0.03	  310.89	    0.00	    0.00	    0.00	    0.00
5	7	 2200.19	 1500.02	  402.93	 1714.53	  967.61	 3500.24	    0.00	    0.00	    0.16	    0.07	    5.02	 1655.67	  545.23	    0.05	    0.00	    0.00	    0.00	    0.00	    0.00	    0.00	    0.00	    0.00	    0.00	    0.00
6	7	    0.00	    0.00	    0.00	    0.00	    0.00	    0.00	 4177.57	    0.00	    0.00	    0.00	    0.00	    0.00	    0.00	  399.92	  600.87	  390.45	  136.19	  999.17	  999.72	 2599.54	  499.99	  799.86	  300.13	  200.00
6	17	  430.16	  336.43	    9.54	  436.69	  123.06	  985.23	 7922.43	 4518.08	  819.20	    0.52	    0.17	  219.18	    0.02	    0.00	    0.00	    0.00	    0.00	    0.00	    0.00	    0.00	    0.00	    0.00	    0.00	    0.00
7	5	    0.00	    0.00	    0.00	    0.00	    0.00	    0.00	 2266.54	 4038.68	    0.00	    0.24	    0.00	    0.00	    0.00	    0.00	    1.04	 3370.93	  700.82	  434.25	  299.98	 1010.76	   99.99	  299.89	    0.14	    0.01
7	6	  930.16	  536.43	  109.54	  836.69	  323.06	 1385.23	    0.00	 5518.08	 1419.15	    4.57	    1.66	  919.03	   58.67	    0.00	    0.00	    0.00	    0.09	    0.00	    0.00	    0.00	    0.00	    0.00	    0.00	    0.00
7	8	    0.00	    0.00	    0.00	    0.00	    0.00	    0.00	  911.03	 3761.25	    0.00	    0.00	    0.00	    0.00	    0.00	    0.00	    0.00	 1256.20	    0.00	  264.97	    0.00	  688.94	    0.03	    0.00	    0.00	    0.00
7	15	  470.11	  563.63	  175.58	  688.23	  430.11	 1315.10	    0.00	 3381.98	  877.91	    0.42	    0.20	  481.80	    0.37	    0.00	    0.00	    0.00	    0.00	    0.00	    0.00	    0.00	    0.00	    0.00	    0.00	    0.00
8	4	    0.00	    0.00	    0.00	    0.00	    0.00	    0.00	  309.70	  567.56	 4100.26	 5863.27	    0.00	    0.00	    0.00	    0.09	 1646.43	  463.25	 1386.09	   64.95	  620.39	   89.31	   96.78	  598.66	    0.00	    0.00
8	7	    0.08	    0.04	   82.19	  510.39	  285.56	    0.09	    0.00	    0.00	 3096.89	 1604.77	  796.84	  345.16	  113.81	    0.00	    0.00	    0.00	    0.21	    0.00	    0.00	    0.00	    0.00	    0.00	    0.00	    0.00
8	9	 2498.06	  699.54	  514.58	 2872.53	 1843.16	  999.60	    1.42	 2393.80	 9002.85	    0.00	    0.00	  520.43	  400.25	    0.00	    0.00	    0.25	    0.00	    0.11	    0.00	    0.00	    0.00	    0.00	    0.00	    0.00
9	8	    0.00	    0.00	    0.00	    0.00	    0.00	    0.00	    0.05	    0.00	    0.00	10268.04	 2196.66	    0.05	    0.05	  600.09	 2646.43	  607.24	 2286.29	    0.08	 1020.39	    0.34	  396.75	 1298.66	  500.00	    0.11
9	10	    0.00	    0.00	    0.00	    0.00	    0.00	    0.00	  499.40	  793.90	 1713.91	 8387.27	    0.00	    0.00	    0.00	    0.00	 1304.56	 1566.57	 1913.01	  200.07	  431.32	  428.87	    1.69	  486.42	    0.00	    0.00
9	14	  799.54	   99.88	   99.95	 1098.70	  596.41	  199.71	    0.00	    0.00	 3086.04	14601.96	 1890.92	  650.47	    4.51	    0.00	    0.00	    0.00	    0.83	    0.00	    0.00	    0.00	    0.00	    0.00	    0.00	    0.00
9	15	    0.11	    0.00	   14.90	   75.18	   46.90	    0.00	    0.00	    0.00	  503.17	 8042.46	 2166.60	  197.81	    0.12	    0.00	    0.00	    0.00	    0.00	    0.00	    0.00	    0.00	    0.00	    0.00	    0.00	    0.00
9	16	  399.52	    0.02	   99.97	  499.85	  199.94	    0.04	    0.09	    0.12	  899.74	 3900.27	  999.92	  599.88	  499.90	    0.11	    0.13	    0.12	    0.00	    0.03	    0.07	    0.15	    0.05	    0.15	    0.05	    0.03
10	3	    0.00	    0.00	    0.00	    0.00	    0.00	    0.00	    0.00	    0.00	    0.00	    1.18	 3405.65	    0.00	    0.00	 1200.11	    0.91	    0.00	    0.53	    0.00	    0.37	    0.00	    0.07	    1.21	  698.12	    0.03
10	9	    1.11	    0.30	    0.23	    1.21	    0.09	    0.08	    0.00	    0.00	    0.00	    0.00	11154.09	 2927.78	 2004.33	 1145.70	    0.00	    0.00	    0.00	    0.00	    0.00	    0.00	    0.11	    0.00	  327.54	   46.22
10	11	    0.00	    0.00	    0.00	    0.00	    0.00	    0.00	    0.00	    0.00	    0.16	 3235.55	 2400.23	    0.00	    0.00	  712.48	  656.45	  166.82	  912.57	    0.10	  281.02	    0.00	    0.00	    0.00	    0.00	    0.00
10	13	  300.56	  100.01	  100.08	 1000.17	  199.87	  199.76	    0.00	    0.03	  314.04	 1150.72	 5340.03	 1049.27	   23.93	    0.00	    0.00	    0.00	    0.05	    0.00	    0.00	    0.00	    0.00	    0.00	    0.00	    0.00
11	2	    0.00	    0.00	    0.00	    0.00	    0.00	    0.00	    0.00	    0.00	    0.00	    0.04	    0.15	 4622.10	 3559.94	    0.14	    0.08	    0.00	    0.03	    0.00	    0.02	    0.03	  303.18	  500.30	  401.79	  599.88
11	10	    0.73	    0.27	    0.37	    0.08	    0.03	    0.07	    0.00	    0.00	    0.00	    0.00	    0.00	 5376.16	 3027.55	    0.00	    0.00	    0.00	    0.00	    0.00	    0.00	    0.00	    0.04	    0.00	    0.00	    0.36
11	12	 1400.00	  300.09	  299.99	 1001.18	  203.69	  300.23	   75.61	  600.00	  799.96	 1900.00	 1000.67	 3901.74	    0.00	   12.67	    4.98	    0.85	  499.95	    0.02	    1.84	    0.03	    0.00	    0.00	    0.00	    0.00
12	11	    0.00	    0.00	    0.00	    0.00	    0.00	    0.00	    0.00	    0.00	    0.00	    0.00	    0.00	    0.00	 7887.49	    0.11	    0.21	    0.03	    0.00	    0.73	    0.09	  500.01	  603.22	 1200.30	 1101.79	 1100.24
12	23	  900.00	    0.09	  199.99	  401.18	    3.69	  100.23	    0.00	    0.00	  199.96	    0.00	    0.67	 2601.74	 6712.51	    0.00	    0.00	    0.00	    0.00	    0.00	    0.00	    0.00	    0.00	    0.00	    0.00	    0.00
13	10	    0.00	    0.00	    0.00	    0.00	    0.00	    0.00	    0.00	    0.00	    0.00	    0.00	    0.00	    0.00	    0.00	 4658.21	  752.74	    0.13	    0.09	    0.03	  250.05	  171.10	  398.44	  614.74	 2325.61	  645.86
13	14	    0.50	    0.02	    0.07	    0.63	    0.05	    0.03	    0.00	    0.00	    0.00	    0.00	 1038.78	  349.30	   89.99	 6216.86	    0.00	    0.00	    0.00	    0.00	    0.00	    0.00	    0.00	    0.00	 1221.14	  117.24
13	22	    0.08	    0.00	    0.02	  499.55	   99.82	   99.73	    0.00	    0.00	  193.25	  790.38	 2701.33	    0.20	    0.00	 3224.92	  434.44	    0.00	  221.00	    0.00	  134.07	    0.00	    0.00	    0.00	    0.00	    0.00
14	9	    0.00	    0.00	    0.00	    0.00	    0.00	    0.00	    0.00	    0.00	    0.00	    0.00	    0.00	    0.00	    0.00	 1554.51	 7951.12	    0.31	    0.88	    0.06	 3251.59	 1728.15	 1598.37	 4385.22	 1972.51	  753.91
14	13	    0.00	    0.00	    0.00	    0.00	    0.00	    0.00	  199.61	  399.22	  479.21	 1739.66	    0.07	    0.00	    0.00	    0.00	 2487.18	  699.08	  921.04	   99.81	  684.11	  669.66	    0.13	  700.76	    0.00	    0.00
14	18	  300.03	    0.05	    0.01	  200.07	  100.03	    0.05	    0.02	    0.03	  400.16	 3252.72	  831.52	  300.06	  279.38	 2897.47	 5900.79	    0.06	    0.43	    0.01	    0.00	    0.05	  562.24	 2899.91	  899.98	  261.30
14	21	    0.00	    0.00	    0.00	  399.26	  296.43	    0.00	    0.00	    0.00	 1306.67	 5609.57	  698.10	    0.00	    0.00	  464.88	 5060.91	    0.23	 2484.07	    0.00	 2082.33	    0.00	    0.00	    0.00	    0.00	    0.00
15	7	    0.00	    0.00	    0.00	    0.00	    0.00	    0.00	    0.00	    0.00	    0.00	    0.39	    0.00	    0.00	    0.00	    0.04	    0.17	 6436.68	 1964.51	    0.05	    0.26	    0.17	    0.02	    0.03	    0.01	    0.01
15	9	    0.00	    0.05	    0.00	    0.00	    0.00	    0.07	 2397.89	    0.22	    0.00	    0.00	    0.00	    0.00	    0.00	    0.00	    0.00	 6572.31	    0.58	  899.91	    0.20	 1201.02	    0.00	    0.00	    0.00	    0.00
15	16	    0.47	  199.99	    0.02	    0.11	    0.05	  500.01	 1000.24	 1400.19	    0.20	    0.51	    0.09	    0.05	    0.00	    0.00	    0.00	 5964.53	    0.00	  600.13	    0.00	 1543.61	  351.19	    0.00	    0.00	  126.34
15	17	    0.02	    0.00	    0.00	    0.23	    0.06	    0.03	    0.00	    0.16	    0.94	 3643.39	  766.94	    0.07	    0.00	    0.03	    0.06	 7126.48	 3748.07	    0.00	    0.09	    0.00	    0.00	    0.00	    0.00	    0.00
16	9	    0.00	    0.00	    0.00	    0.00	    0.00	    0.00	    0.23	    0.00	    0.00	    0.00	    0.00	    0.00	    0.00	    0.00	    0.00	    1.06	 8098.68	    0.10	    0.00	    0.19	    0.00	    0.00	    0.00	    0.00
16	15	    0.00	    0.00	    0.00	    0.00	    0.00	    0.00	    0.00	    0.00	    0.00	    1.04	    0.11	    0.00	    0.00	  691.43	 1185.52	    0.00	 8513.03	    0.00	 1284.71	    0.00	    0.05	    0.11	    0.05	    0.03
16	18	    0.03	    0.03	    0.00	    0.02	    0.01	    0.05	    0.10	    0.31	    0.04	    0.16	    0.00	    0.00	    0.00	    0.00	    0.00	 3163.59	 6788.29	    0.05	    0.00	    0.00	    0.00	    0.00	    0.00	    0.00
17	6	    0.00	    0.00	    0.00	    0.00	    0.00	    0.00	    0.00	    0.00	    0.05	 1895.96	  498.51	    0.16	  341.35	  599.92	 1100.87	 1790.45	 1136.11	 1199.17	 1399.72	 3099.54	  699.99	 1299.86	  500.13	  300.00
17	15	   30.26	   36.41	    9.54	   36.94	   23.09	   85.01	 4798.14	  218.59	   20.07	    0.38	    0.12	   20.50	  599.52	    8.63	   14.71	    0.00	    0.12	 2000.09	   15.84	 4344.80	  951.16	 1199.92	  499.97	  426.32
17	19	  299.92	  300.02	    0.00	  299.99	  100.04	  800.25	 2924.29	 3999.66	  600.02	 1047.80	  168.49	    0.02	    0.00	    0.00	    0.00	 4836.03	 2011.99	 1600.74	    0.00	    0.00	    0.00	    0.00	    0.00	    0.00
18	14	    0.00	    0.16	    0.00	    0.00	    0.00	    0.31	  699.45	  999.03	    0.00	    0.00	    0.00	    0.00	    0.00	    0.00	    0.00	 1899.51	 4905.58	  299.80	 6818.02	 3497.14	    0.16	    0.40	    0.17	    0.07
18	16	    0.04	    0.02	    0.01	    0.05	    0.02	    0.00	    0.00	    0.00	    0.10	    0.41	    0.11	    0.06	    0.10	 1391.32	 2685.39	    0.00	    0.00	    0.00	 2984.64	  156.43	  248.81	 1699.96	  599.99	  173.66
18	19	    0.02	    0.00	    0.00	    0.04	    0.02	    0.03	    0.00	    0.00	    0.10	 1452.47	  431.42	    0.00	    0.00	 1206.17	 2415.39	    0.00	  183.14	    0.00	 2997.34	    0.00	    0.00	    0.00	    0.00	    0.00
19	17	    0.00	    0.00	    0.00	    0.00	    0.00	    0.00	    0.00	    0.00	    0.00	    0.22	    0.01	    1.43	 1040.84	  708.52	 1315.51	    0.00	    0.15	    0.00	 1715.47	 7844.33	 1751.15	 2799.78	 1100.10	  726.32
19	18	    0.00	  100.11	    0.00	    0.00	    0.00	  200.23	 1099.34	 1698.69	    0.00	    0.00	    0.00	    0.00	   20.72	    0.01	    0.00	   35.87	    0.00	  599.73	    0.00	 4853.52	   86.74	    0.45	    0.18	   12.43
19	20	    0.00	    0.00	    0.00	    0.01	    0.04	  100.02	  624.65	  600.49	    0.06	    0.05	    0.02	    0.01	    0.03	    0.02	    0.03	 1499.78	  494.94	  200.89	   81.97	 2700.78	    0.00	    0.08	    0.03	    0.02
19	21	    0.00	   99.91	    0.00	    0.02	    0.01	  200.02	  700.31	  800.47	    0.06	    0.22	    0.05	    0.00	    0.00	    0.00	    0.17	 1700.39	    0.11	  400.12	    0.08	 3101.36	    0.19	    0.00	    0.00	    0.00
20	19	    0.07	    0.00	    0.00	    0.00	    0.00	    0.00	    0.00	    0.00	    0.00	    0.11	    0.03	  401.36	 1661.42	    0.51	    0.16	    0.00	    0.07	    0.00	    0.18	    0.00	 3038.07	    0.22	    2.70	 1138.50
20	21	  261.36	    0.07	   65.34	    0.09	    0.05	    0.03	    0.06	    0.08	    0.00	    0.00	    0.00	  457.61	 1460.39	    0.00	    0.00	    0.16	    0.00	    0.03	    0.00	    0.41	 4762.52	    0.00	    0.09	 1608.94
20	23	    0.00	    0.00	    0.00	    0.00	    0.00	    0.03	  424.59	  200.41	    0.05	  483.80	    0.00	    0.00	    0.00	    0.00	  678.94	  899.70	  210.26	  100.86	  251.68	 1500.37	 3199.40	 2355.68	    0.00	    0.00
21	14	    0.00	    0.00	    0.00	    0.00	    0.00	    0.00	    0.17	    0.22	    0.00	    0.00	    0.00	    0.30	  884.88	    0.00	    0.00	    0.16	    0.00	    0.08	    0.00	    0.72	 2960.57	10585.49	 2651.18	 1297.91
21	19	    0.00	    0.00	    0.00	    0.00	    0.00	    0.00	    0.00	    0.00	    0.00	    0.11	    0.14	    0.07	    0.17	    1.87	    0.16	    0.00	    0.00	    0.00	    0.00	    0.00	    0.00	 5200.08	 1797.61	    0.28
21	20	    0.01	    0.00	    0.00	    0.02	   96.54	    0.00	    0.00	    0.00	  299.97	 1683.85	    2.33	    0.03	    0.06	    1.43	 1479.07	    0.08	  315.39	    0.00	  569.90	    0.00	    0.00	 4155.83	    1.25	    0.05
21	22	    0.00	    0.00	    0.00	    0.00	    0.00	    0.05	  200.19	  300.33	  306.76	 1325.82	    0.00	    0.00	    0.00	    0.00	  981.85	  500.54	  468.79	  100.08	  312.51	  701.05	    2.14	 4458.60	    0.00	    0.00
22	13	    0.01	    0.00	    0.00	    0.02	    0.00	    0.00	    0.39	    0.75	    0.00	    0.00	    0.00	    0.23	  666.07	    0.00	    0.00	    1.06	    0.00	    0.22	    0.01	    1.44	  798.32	 1113.98	 4646.75	 1163.10
22	21	  138.65	    0.02	   34.66	    0.65	    0.05	    0.00	    0.00	    0.00	    0.00	    0.00	  404.32	  242.79	  724.71	  738.42	    0.00	    0.00	    0.00	    0.00	    0.00	    0.00	    0.00	    0.00	 6549.95	  789.30
22	23	    0.00	    0.00	    0.00	    0.02	    0.00	    0.00	    0.15	    0.12	    0.01	  316.20	  997.06	    0.00	    0.00	 1386.50	  416.29	    0.31	   89.79	    0.05	  146.57	    0.85	    0.06	 1245.18	 3303.30	    0.00
23	12	    0.00	    0.00	    0.00	    0.00	    0.00	    0.00	  324.39	    0.00	    0.00	    0.00	    0.00	    0.00	    0.00	  587.44	  695.23	  599.18	    0.05	  100.71	  298.25	 1099.98	 1203.22	 2500.30	 1901.79	 1800.24
23	20	  361.42	    0.06	   65.34	  200.06	    3.47	    0.04	    0.00	    0.00	    0.01	    0.00	  397.68	 1158.93	 3721.73	  399.06	    0.00	    0.00	    0.00	    0.00	    0.00	    0.00	    0.00	    0.00	  701.51	 3247.36
23	22	  438.58	    0.02	  134.64	    1.14	    0.23	    0.22	    0.35	    0.53	    0.00	    0.00	    0.06	  942.82	 2190.78	    0.00	    0.00	    0.83	    0.00	    0.19	    0.00	    1.24	 1496.24	    0.56	    0.00	 2652.40
