i	j	       0	       1	       2	       3	       4	       5	       6	       7	       8	       9	      10	      11	      12	      13	      14	      15	      16	      17	      18	      19	      20	      21	      22	      23
0	1	 2600.88	    0.00	  264.76	  200.06	   12.04	    0.00	    0.01	    0.02	   24.08	   72.26	  199.98	  518.99	  467.64	   99.99	   12.01	    0.02	    0.02	    0.00	    0.03	    0.00	    0.01	    0.06	    0.06	   24.67
0	2	 6199.12	 1206.73	    0.00	    0.00	    0.00	  224.00	  133.90	  232.08	    0.00	    0.00	    0.00	    0.00	    0.00	    0.00	    0.00	   90.64	    0.00	   32.85	    0.00	    0.02	    0.00	    0.00	    0.00	    0.00
1	0	    0.00	 1306.73	    0.00	    0.00	    0.00	  524.00	  633.88	 1032.04	    0.00	    0.00	    0.00	    0.00	    0.00	    0.00	    0.00	  590.56	    0.85	  132.85	    0.13	  299.97	    0.00	    0.00	    0.00	    0.00
1	5	 2500.88	 2693.27	  164.76	    0.08	    0.00	    0.00	    0.00	    0.00	    0.00	    0.00	    0.00	  418.99	  167.64	    0.00	    0.00	    0.00	    0.00	    0.00	    0.00	    0.00	    0.01	    0.00	    0.06	   24.67
2	0	    0.00	    0.00	  364.76	  700.06	  212.04	    0.00	    0.03	    0.05	  524.08	 1372.26	  699.98	  718.99	  967.64	  399.99	  512.01	    0.10	  399.16	    0.00	  299.90	    0.05	  100.01	  400.06	  300.06	  124.67
2	3	 4498.77	  706.49	 1935.06	    0.00	    0.00	    0.11	    0.00	    0.00	    0.00	    0.00	    0.00	 3712.02	 2482.20	    0.09	    0.00	    0.00	    0.00	    0.00	    0.00	    0.00	  203.43	    0.29	    2.82	  475.01
2	11	 1600.35	  400.24	  500.19	 1601.01	  403.56	  500.33	  770.77	 1200.00	 1399.29	  657.28	    1.24	    0.00	    0.00	    0.26	   52.05	  543.24	  185.39	  199.46	   22.31	    0.12	    0.00	    0.00	    0.00	    0.00
3	2	    0.00	    0.00	    0.00	 2501.07	  715.60	  576.44	  736.90	 1167.98	 2023.37	 2329.44	 1000.76	    0.00	    0.00	  499.96	  663.98	  652.70	  684.52	  166.61	  322.20	    0.11	    0.00	    0.07	    0.05	    0.00
3	4	 3197.37	  206.40	 1334.88	 6696.99	    0.00	    0.00	    0.00	    0.00	    0.00	    0.08	  907.09	 3110.92	 1881.67	  200.07	    0.07	    0.00	    0.03	    0.00	    0.02	    0.00	    3.47	    0.05	  199.99	  275.04
3	10	  801.41	  300.13	  400.18	 2401.95	  699.89	  599.68	    0.15	    4.53	    0.98	    0.18	    0.00	    1.10	    0.53	    0.07	    0.06	    0.13	    0.04	    0.02	    0.02	    0.03	    0.02	    0.05	    0.06	    0.03
4	3	    0.00	    0.05	    0.00	    0.00	 1915.49	 1576.01	 1137.05	 1872.51	 2724.35	 3529.56	    0.00	    0.00	    0.00	    0.00	 1161.31	 1452.84	 1184.28	  266.63	  521.17	  300.14	    0.03	  398.61	    0.00	    0.00
4	5	    0.00	    0.00	  573.88	 1711.93	 1403.50	    0.00	    0.02	    0.04	  575.92	 1327.61	  405.64	 1601.41	  632.14	  100.01	  287.61	    0.04	    0.04	    0.00	    0.04	    0.01	    0.01	    0.03	   99.93	   75.31
4	8	 2997.37	  899.62	  660.99	 4485.05	 2781.01	 1399.83	    0.03	    0.12	    0.00	    0.00	    1.45	 1309.51	 1049.53	    0.07	    0.00	    0.07	    0.00	    0.01	    0.00	    0.03	    0.02	    0.00	    0.06	  199.73
5	1	    0.00	    0.00	    0.00	    0.02	   87.96	  924.00	  833.87	 1432.02	  175.92	  527.74	    0.02	    0.00	    0.00	    0.01	   87.99	  990.54	  200.84	  132.85	  100.10	  399.97	    0.00	   99.94	    0.00	    0.00
5	4	    0.00	  793.26	    0.00	    0.00	    0.00	 3175.84	 1033.61	 1818.99	    0.00	    0.00	    0.00	    0.00	    0.00	    0.00	    0.00	 1472.02	    0.08	  204.66	    0.03	  305.25	    0.08	    0.05	    0.00	    0.00
5	7	 2200.88	 1500.01	  438.64	 1311.99	 1115.54	 3500.16	    0.00	    0.00	    0.00	    0.00	    5.63	 1820.40	  599.78	    0.00	    0.00	    0.00	    0.00	    0.00	    0.00	    0.00	    0.00	    0.00	    0.00	    0.00
6	7	    0.00	    0.00	    0.00	    0.00	    0.00	    0.00	 4172.96	    0.00	    0.00	    0.19	    0.10	    0.00	    0.00	  399.91	  599.90	  395.97	  136.39	  999.41	  999.32	 2599.67	  500.04	  799.87	  299.97	  199.99
6	17	  432.40	  338.86	    8.87	  411.43	  121.65	  990.85	 7927.04	 4532.36	  819.77	    0.28	    0.13	  219.27	    0.02	    0.00	    0.00	    0.00	    0.00	    0.00	    0.00	    0.00	    0.00	    0.00	    0.00	    0.00
7	5	    0.00	    0.00	    0.00	    0.00	    0.00	    0.00	 2267.46	 4050.98	    0.00	    0.13	    0.00	    0.00	    0.00	    0.00	    0.38	 3362.52	  700.87	  437.50	  300.08	 1005.21	  100.06	  299.96	    0.01	    0.01
7	6	  932.40	  538.86	  108.87	  811.43	  321.65	 1390.85	    0.00	 5532.36	 1419.64	    4.77	    1.08	  919.27	   63.92	    0.00	    0.00	    0.00	    0.09	    0.00	    0.00	    0.00	    0.00	    0.00	    0.00	    0.00
7	8	    0.00	    0.00	    0.00	    0.00	    0.00	    0.00	  905.50	 3748.95	    0.00	    0.00	    0.00	    0.00	    0.00	    0.00	    0.00	 1269.74	    0.00	  262.06	    0.00	  694.89	    0.04	    0.00	    0.00	    0.00
7	15	  468.56	  561.20	  177.61	  564.48	  443.22	 1309.41	    0.00	 3367.71	  987.73	    0.60	    0.18	  501.62	    0.30	    0.00	    0.00	    0.00	    0.00	    0.00	    0.00	    0.00	    0.00	    0.00	    0.00	    0.00
8	4	    0.00	    0.00	    0.00	    0.00	    0.00	    0.00	  303.49	  553.67	 4100.27	 5857.09	    0.00	    0.00	    0.00	    0.01	 1648.85	  480.93	 1384.22	   61.99	  621.17	   94.93	   96.50	  598.54	    0.00	    0.00
8	7	    0.08	    0.04	   47.84	  763.92	  149.32	    0.10	    0.00	    0.00	 3207.37	 1605.03	  795.53	  200.49	   64.44	    0.00	    0.00	    0.00	    0.21	    0.00	    0.00	    0.00	    0.00	    0.00	    0.00	    0.00
8	9	 2497.28	  699.57	  513.15	 3021.14	 1831.69	  999.73	    2.10	 2395.40	 8892.36	    0.00	    0.00	  509.07	  385.15	    0.00	    0.00	    0.26	    0.00	    0.15	    0.00	    0.30	    0.00	    0.00	    0.00	    0.00
9	8	    0.00	    0.00	    0.00	    0.00	    0.00	    0.00	    0.06	    0.00	    0.00	10262.11	 2194.09	    0.06	    0.06	  599.94	 2648.85	  611.37	 2284.44	    0.07	 1021.17	    0.32	  396.45	 1298.54	  499.94	    0.27
9	10	    0.00	    0.00	    0.00	    0.00	    0.00	    0.00	  499.85	  795.50	 1717.31	 8412.77	    0.00	    0.00	    0.00	    0.00	 1289.65	 1556.50	 1914.54	  200.06	  426.60	  425.14	    2.37	  488.93	    0.00	    0.00
9	14	  799.63	   99.88	   99.95	 1098.51	  596.54	  199.76	    0.00	    0.00	 3082.35	14595.37	 1902.82	  649.53	    3.41	    0.00	    0.00	    0.00	    0.86	    0.00	    0.00	    0.00	    0.00	    0.00	    0.00	    0.00
9	15	    0.00	    0.00	   13.53	  224.15	   35.17	    0.00	    0.00	    0.00	  392.79	 8029.19	 2174.45	  177.03	    0.06	    0.00	    0.00	    0.00	    0.00	    0.00	    0.00	    0.00	    0.00	    0.00	    0.00	    0.00
9	16	  399.06	    0.04	   99.99	  499.95	  199.98	    0.04	    0.09	    0.12	  899.92	 3900.56	 1000.08	  599.94	  499.83	    0.06	    0.13	    0.12	    0.00	    0.05	    0.08	    0.15	    0.05	    0.15	    0.05	    0.03
10	3	    0.00	    0.00	    0.00	    0.00	    0.00	    0.00	    0.00	    0.00	    0.00	    0.13	 3407.85	    0.00	    0.00	 1200.01	    2.80	    0.00	    0.31	    0.00	    1.06	    0.00	    0.04	    1.26	  697.28	    0.06
10	9	    1.40	    0.30	    0.32	    1.47	    0.00	    0.00	    0.00	    0.00	    0.00	    0.00	11171.44	 2917.49	 2018.20	 1121.49	    0.00	    0.00	    0.00	    0.00	    0.00	    0.00	    0.00	    0.00	  312.84	   60.55
10	11	    0.00	    0.00	    0.00	    0.00	    0.00	    0.00	    0.00	    0.00	    0.17	 3242.82	 2400.07	    0.00	    0.00	  716.60	  654.33	  156.81	  914.60	    0.10	  280.40	    0.00	    0.00	    0.00	    0.00	    0.00
10	13	  300.37	   99.97	  100.05	 1000.56	  199.92	  199.70	    0.00	    0.03	  318.13	 1169.99	 5320.65	 1049.46	   21.26	    0.00	    0.00	    0.00	    0.05	    0.00	    0.00	    0.00	    0.00	    0.00	    0.00	    0.00
11	2	    0.00	    0.00	    0.00	    0.00	    0.00	    0.00	    0.00	    0.00	    0.00	    0.10	    0.46	 4631.01	 3549.84	    0.38	    0.08	    0.00	    0.03	    0.00	    0.01	    0.04	  303.44	  500.28	  402.83	  599.68
11	10	    0.37	    0.14	    0.19	    0.09	    0.03	    0.02	    0.00	    0.00	    0.00	    0.00	    0.00	 5365.85	 3038.94	    0.00	    0.00	    0.00	    0.00	    0.00	    0.00	    0.00	    0.22	    0.00	    0.00	    0.54
11	12	 1399.98	  300.10	  300.00	 1000.93	  203.53	  300.31	   70.77	  600.00	  799.46	 1900.00	 1000.84	 3903.14	    0.00	   17.34	    6.59	    0.48	  499.95	    0.03	    2.82	    0.03	    0.00	    0.00	    0.00	    0.00
12	11	    0.00	    0.00	    0.00	    0.00	    0.00	    0.00	    0.00	    0.00	    0.00	    0.00	    0.00	    0.00	 7888.78	    0.87	    0.30	    0.43	    0.00	    0.47	    0.13	  499.95	  603.65	 1200.28	 1102.83	 1100.23
12	23	  899.98	    0.10	  200.00	  400.93	    3.53	  100.31	    0.00	    0.00	  199.46	    0.00	    0.84	 2603.14	 6711.22	    0.00	    0.00	    0.00	    0.00	    0.00	    0.00	    0.00	    0.00	    0.00	    0.00	    0.00
13	10	    0.00	    0.00	    0.00	    0.00	    0.00	    0.00	    0.00	    0.00	    0.00	    0.00	    0.00	    0.00	    0.00	 4638.03	  767.42	    0.17	    0.38	    0.02	  254.85	  174.84	  397.44	  612.29	 2310.07	  660.04
13	14	    0.36	    0.01	    0.05	    0.36	    0.04	    0.02	    0.00	    0.00	    0.00	    0.00	 1037.46	  350.47	   99.97	 6234.21	    0.00	    0.00	    0.00	    0.00	    0.00	    0.00	    0.00	    0.00	 1189.41	  125.75
13	22	    0.14	    0.00	    0.04	  500.23	   99.89	   99.68	    0.00	    0.00	  192.57	  800.66	 2683.26	    0.00	    0.00	 3227.76	  438.04	    0.00	  220.05	    0.00	  136.83	    0.00	    0.00	    0.00	    0.00	    0.00
14	9	    0.00	    0.00	    0.00	    0.00	    0.00	    0.00	    0.00	    0.00	    0.00	    0.00	    0.00	    0.00	    0.00	 1578.51	 7938.63	    0.32	    0.97	    0.06	 3247.46	 1717.16	 1598.87	 4387.62	 1987.15	  739.74
14	13	    0.00	    0.00	    0.00	    0.00	    0.00	    0.00	  199.65	  399.35	  474.44	 1730.67	    0.07	    0.00	    0.00	    0.00	 2505.47	  699.76	  920.38	   99.83	  691.66	  673.53	    0.51	  684.87	    0.00	    0.00
14	18	  299.99	    0.04	    0.00	  200.02	  100.01	    0.07	    0.02	    0.03	  400.06	 3265.40	  824.15	  300.00	  283.35	 2897.46	 5899.30	    0.06	    0.44	    0.01	    0.00	    0.05	  556.16	 2899.91	  899.98	  259.14
14	21	    0.00	    0.00	    0.00	  398.84	  296.57	    0.00	    0.00	    0.00	 1307.84	 5599.30	  716.06	    0.00	    0.00	  458.25	 5056.61	    0.25	 2485.94	    0.00	 2083.33	    0.00	    0.00	    0.00	    0.00	    0.00
15	7	    0.00	    0.00	    0.00	    0.00	    0.00	    0.00	    0.00	    0.00	    0.00	    0.28	    0.00	    0.00	    0.00	    0.09	    0.48	 6436.29	 1964.35	    0.15	    0.76	    0.43	    0.06	    0.10	    0.05	    0.03
15	9	    0.00	    0.06	    0.00	    0.00	    0.00	    0.08	 2397.65	    0.23	    0.00	    0.00	    0.00	    0.00	    0.00	    0.00	    0.00	 6566.22	    0.60	  899.87	    0.21	 1207.95	    0.00	    0.00	    0.00	    0.00
15	16	    0.97	  200.01	    0.01	    0.07	    0.03	  500.06	 1000.37	 1400.71	    0.12	    0.54	    0.09	    0.06	    0.12	    0.00	    0.00	 5959.68	    0.00	  600.17	    0.00	 1540.98	  354.75	    0.00	    0.00	  129.69
15	17	    0.02	    0.01	    0.00	    0.07	    0.02	    0.03	    0.00	    0.15	    0.53	 3630.28	  774.83	    0.05	    0.01	    0.03	    0.15	 7137.81	 3745.12	    0.00	    0.41	    0.00	    0.00	    0.00	    0.00	    0.00
16	9	    0.00	    0.00	    0.00	    0.00	    0.00	    0.00	    0.24	    0.00	    0.00	    0.00	    0.00	    0.00	    0.00	    0.00	    0.00	    1.20	 8098.26	    0.10	    0.18	    0.19	    0.00	    0.00	    0.00	    0.00
16	15	    0.00	    0.00	    0.00	    0.00	    0.00	    0.00	    0.00	    0.00	    0.00	    0.93	    0.17	    0.00	    0.00	  691.66	 1187.02	    0.00	 8509.95	    0.00	 1286.74	    0.00	    0.06	    0.11	    0.05	    0.03
16	18	    0.03	    0.05	    0.00	    0.02	    0.01	    0.11	    0.21	    0.83	    0.04	    0.17	    0.00	    0.00	    0.00	    0.00	    0.00	 3158.60	 6791.79	    0.12	    0.00	    0.00	    0.00	    0.00	    0.00	    0.00
17	6	    0.00	    0.00	    0.00	    0.00	    0.00	    0.00	    0.00	    0.00	    0.13	 1895.70	  499.15	    0.00	  336.10	  599.91	 1099.90	 1795.97	 1136.30	 1199.41	 1399.32	 3099.67	  700.04	 1299.87	  499.97	  299.99
17	15	   32.43	   38.88	    8.87	   11.51	   21.66	   90.76	 4798.02	  233.38	   20.14	    0.39	    0.12	   21.45	  599.77	    8.46	   13.61	    0.00	    0.12	 2000.19	   14.64	 4349.36	  954.75	 1199.98	  500.00	  429.69
17	19	  299.99	  299.99	    0.00	  299.99	  100.00	  800.12	 2929.02	 3999.14	  600.03	 1034.70	  175.99	    0.05	    0.00	    0.00	    0.00	 4841.84	 2008.84	 1600.40	    0.00	    0.00	    0.00	    0.00	    0.00	    0.00
18	14	    0.00	    0.13	    0.00	    0.00	    0.00	    0.27	  699.57	  999.28	    0.00	    0.00	    0.00	    0.00	    0.00	    0.00	    0.00	 1900.18	 4906.87	  299.85	 6822.45	 3490.16	    0.17	    0.42	    0.17	    0.08
18	16	    0.00	    0.00	    0.00	    0.00	    0.00	    0.00	    0.00	    0.00	    0.00	    0.00	    0.00	    0.00	    0.05	 1391.60	 2686.89	    0.00	    0.00	    0.00	 2986.84	  159.06	  245.26	 1699.96	  599.99	  170.31
18	19	    0.02	    0.00	    0.00	    0.04	    0.02	    0.03	    0.00	    0.00	    0.10	 1465.57	  424.15	    0.00	    0.00	 1205.87	 2412.41	    0.00	  185.36	    0.00	 2990.71	    0.00	    0.00	    0.00	    0.00	    0.00
19	17	    0.00	    0.00	    0.00	    0.00	    0.00	    0.00	    0.00	    0.00	    0.00	    0.23	    0.30	    2.18	 1035.85	  708.34	 1313.35	    0.00	    0.15	    0.00	 1713.55	 7849.02	 1754.79	 2799.85	 1099.96	  729.68
19	18	    0.00	  100.05	    0.00	    0.00	    0.00	  200.12	 1099.33	 1698.41	    0.00	    0.00	    0.00	    0.00	   16.70	    0.01	    0.00	   41.52	    0.00	  599.72	    0.00	 4849.16	   89.27	    0.47	    0.19	   11.25
19	20	    0.00	    0.01	    0.00	    0.01	    0.01	  100.03	  629.50	  600.38	    0.07	    0.05	    0.02	    0.01	    0.03	    0.02	    0.04	 1500.51	  493.84	  200.58	   77.27	 2700.86	    0.00	    0.08	    0.03	    0.02
19	21	    0.00	   99.93	    0.00	    0.02	    0.01	  200.00	  700.19	  800.34	    0.06	    0.23	    0.05	    0.00	    0.00	    0.00	    0.18	 1699.80	    0.29	  400.10	    0.08	 3100.96	    0.19	    0.00	    0.00	    0.00
20	19	    0.00	    0.00	    0.00	    0.00	    0.00	    0.00	    0.00	    0.00	    0.00	    0.11	    0.03	  402.12	 1652.41	    0.09	    0.18	    0.00	    0.08	    0.00	    0.19	    0.00	 3044.04	    0.82	    1.64	 1140.68
20	21	  263.56	    0.07	   65.89	    0.11	    0.00	    0.03	    0.06	    0.08	    0.00	    0.00	    0.00	  461.23	 1466.72	    0.00	    0.00	    0.17	    0.00	    0.04	    0.00	    0.43	 4756.94	    0.00	    0.09	 1600.55
20	23	    0.00	    0.00	    0.00	    0.00	    0.00	    0.02	  429.44	  200.30	    0.31	  487.78	    0.00	    0.00	    0.00	    0.00	  682.80	  900.43	  210.80	  100.55	  251.20	 1500.43	 3199.01	 2341.62	    0.00	    0.00
21	14	    0.00	    0.01	    0.00	    0.00	    0.00	    0.02	    0.10	    0.10	    0.00	    0.00	    0.00	    0.00	  879.97	    0.00	    0.00	    0.20	    0.00	    0.05	    0.00	    0.59	 2955.37	10571.98	 2697.55	 1273.05
21	19	    0.00	    0.00	    0.00	    0.00	    0.00	    0.00	    0.00	    0.00	    0.00	    0.13	    0.20	    0.03	    0.16	    2.41	    0.98	    0.00	    0.00	    0.00	    0.00	    0.00	    0.20	 5199.58	 1798.54	    0.27
21	20	    0.00	    0.00	    0.00	    0.00	   96.62	    0.00	    0.00	    0.00	  300.24	 1687.83	    1.89	    0.00	    0.00	    0.58	 1482.94	    0.08	  317.03	    0.00	  574.12	    0.00	    0.00	 4142.36	    1.02	    0.00
21	22	    0.00	    0.00	    0.00	    0.00	    0.00	    0.01	  200.14	  300.32	  307.66	 1311.56	    0.00	    0.00	    0.00	    0.00	  972.86	  499.93	  469.19	  100.09	  309.29	  700.80	    1.57	 4486.08	    0.00	    0.00
22	13	    0.12	    0.04	    0.04	    0.02	    0.00	    0.00	    0.35	    0.62	    0.00	    0.00	    0.00	    1.01	  678.70	    0.00	    0.00	    0.41	    0.00	    0.20	    0.01	    1.31	  796.93	 1127.42	 4599.48	 1185.80
22	21	  136.44	    0.01	   34.11	    1.03	    0.04	    0.00	    0.00	    0.00	    0.00	    0.00	  385.98	  238.80	  713.41	  744.75	    0.00	    0.00	    0.00	    0.00	    0.00	    0.00	    0.00	    0.00	 6597.01	  772.77
22	23	    0.00	    0.00	    0.00	    0.05	    0.01	    0.01	    0.02	    0.04	    0.23	  312.22	  997.33	    0.00	    0.00	 1383.01	  410.90	    0.09	   89.24	    0.00	  146.11	    0.27	    0.06	 1259.25	 3303.51	    0.00
23	12	    0.00	    0.00	    0.00	    0.00	    0.00	    0.00	  329.23	    0.00	    0.00	    0.00	    0.00	    0.00	    0.00	  583.52	  693.71	  599.95	    0.05	  100.44	  297.30	 1099.92	 1203.65	 2500.28	 1902.83	 1800.23
23	20	  363.56	    0.05	   65.89	  200.10	    3.38	    0.02	    0.00	    0.00	    0.00	    0.00	  398.12	 1163.34	 3719.11	  399.48	    0.00	    0.00	    0.00	    0.00	    0.00	    0.00	    0.00	    0.00	  700.69	 3241.21
23	22	  436.42	    0.05	  134.11	    0.88	    0.17	    0.33	    0.23	    0.34	    0.00	    0.00	    0.06	  939.81	 2192.12	    0.00	    0.00	    0.57	    0.00	    0.11	    0.00	    0.78	 1495.42	    0.59	    0.00	 2658.57
