i	j	o12d3l37
0	1	 4588.60
0	2	 8172.33
1	0	 4572.80
1	5	 5989.12
2	0	 8188.13
2	3	13713.03
2	11	10042.08
3	2	14067.01
3	4	18305.12
3	10	 5211.87
4	3	18066.52
4	5	 8804.89
4	8	15993.11
5	1	 5973.32
5	4	 8794.35
5	7	12594.48
6	7	12184.19
6	17	15751.45
7	5	12568.14
7	6	12173.75
7	8	 6947.66
7	15	 8423.92
8	4	15765.04
8	7	 6903.37
8	9	21887.29
9	8	21714.93
9	10	17789.61
9	14	23365.48
9	15	11085.96
9	16	 8100.49
10	3	 5904.46
10	9	17389.87
10	11	 8311.50
10	13	 9816.42
11	2	 9703.90
11	10	 8575.77
11	12	12253.00
12	11	12279.09
12	23	11236.30
13	10	 9945.00
13	14	 8981.81
13	22	 8396.97
14	9	23452.00
14	13	 9059.44
14	18	18878.61
14	21	18443.75
15	7	 8431.44
15	9	11127.33
15	16	11694.08
15	17	15387.23
16	9	 8099.99
16	15	11670.52
16	18	 9961.80
17	6	15761.89
17	15	15459.66
17	19	19007.29
18	14	18946.27
18	16	 9937.74
18	19	 8675.83
19	17	18990.16
19	18	 8719.43
19	20	 6315.70
19	21	 7000.26
20	19	 6240.35
20	21	 8619.23
20	23	10295.08
21	14	18440.24
21	19	 7002.08
21	20	 8585.62
21	22	 9623.31
22	13	 8447.91
22	21	 9588.01
22	23	 7963.37
23	12	11162.39
23	20	10253.34
23	22	 7979.01
