i	j	       1	       2	       3	       4	       5	       6	       7	       8	       9	      10	      11	      12	      13	      14	      15	      16	      17	      18	      19	      20	      21	      22	      23	      24
1	2	 2600.18	    0.00	  237.76	  199.98	    0.23	    0.00	    0.01	    0.02	    0.46	    1.65	  199.98	  418.16	  431.90	   99.99	    0.24	    0.02	    0.03	    0.00	    0.06	    0.00	    0.01	    0.12	    0.38	   23.89
1	3	 6199.82	 1004.97	    0.00	    0.00	    0.00	  355.05	  333.15	  581.80	    0.00	    0.00	    0.00	    0.00	    0.00	    0.00	    0.00	  206.94	    0.00	   12.06	    0.00	    0.05	    0.00	    0.00	    0.00	    0.00
2	1	    0.00	 1104.97	    0.00	    0.00	    0.00	  655.05	  833.13	 1381.76	    0.00	    0.00	    0.00	    0.00	    0.00	    0.00	    0.00	  706.91	    0.19	  112.06	    0.11	  299.95	    0.03	    0.10	    0.00	    0.00
2	6	 2500.18	 2895.03	  137.76	    0.00	    0.00	    0.00	    0.00	    0.00	    0.00	    0.00	    0.00	  318.16	  131.90	    0.00	    0.00	    0.00	    0.00	    0.00	    0.00	    0.00	    0.01	    0.00	    0.38	   23.89
3	1	    0.00	    0.00	  337.76	  699.98	  200.23	    0.00	    0.03	    0.05	  500.46	 1301.65	  699.98	  618.16	  931.90	  399.99	  500.24	    0.04	  399.85	    0.00	  299.95	    0.11	   99.98	  400.02	  300.38	  123.89
3	4	 4499.88	  504.89	 1962.23	    0.00	    0.00	    0.00	    0.00	    0.00	    0.00	    0.00	    0.00	 3948.91	 2544.37	    0.17	    0.00	    0.00	    0.00	    0.00	    0.00	    0.00	  299.79	    0.44	    7.91	  470.20
3	12	 1599.94	  400.08	  500.01	 1603.17	  402.49	  500.46	  701.95	 1200.00	 1200.33	 3899.80	 2400.02	    0.00	    0.00	  693.64	  699.52	  365.39	 1099.88	   46.36	  299.79	    0.37	    0.04	    0.09	    0.14	    0.05
4	3	    0.00	    0.00	    0.00	 2503.15	  702.72	  445.41	  468.84	  818.25	 1800.79	 5501.46	 3400.00	    0.00	    0.00	 1193.41	 1299.76	  358.49	 1599.73	   34.30	  599.75	    0.34	    0.04	    0.17	    0.20	    0.06
4	5	 3198.29	    4.70	 1361.98	 6696.99	    0.00	    0.00	    0.00	    0.00	    0.00	    0.12	  900.31	 3348.85	 1944.33	  199.96	    0.14	    0.00	    0.01	    0.00	    0.04	    0.00	   99.88	    0.04	  199.20	  270.24
4	11	  801.59	  300.25	  400.25	 2399.86	  699.43	  599.17	    0.00	    0.26	    0.00	    0.00	    0.00	    0.06	    0.04	    0.00	    0.00	    0.00	    0.00	    0.00	    0.00	    0.00	    0.00	    0.00	    0.00	    0.00
5	4	    0.00	    0.05	    0.00	    0.00	 1902.15	 1444.58	  868.84	 1518.51	 2500.79	 6431.42	    0.41	    0.00	    0.00	    0.14	 1665.74	 1157.64	 2015.52	  134.30	  740.45	  300.34	    0.11	  355.07	    0.10	    0.06
5	6	    0.00	    0.00	  559.45	 2161.02	 1293.56	    0.00	    0.02	    0.03	  599.67	 1398.23	  400.51	 1549.73	  555.47	  100.05	    6.20	    0.04	    0.08	    0.00	    0.22	    0.01	    0.00	    0.01	   99.21	   76.10
5	9	 2998.29	  899.66	  702.53	 4035.97	 2904.30	 1399.94	    0.03	    0.12	    0.00	    0.00	    0.18	 1599.12	 1188.86	    0.00	    0.00	    0.00	    0.00	    0.00	    0.00	    0.00	    0.01	    0.00	    0.00	  194.14
6	2	    0.00	    0.00	    0.00	    0.02	   99.77	 1055.05	 1033.12	 1781.75	  199.54	  598.35	    0.02	    0.00	    0.00	    0.01	   99.76	 1106.90	  200.15	  112.06	  100.05	  399.94	    0.03	   99.98	    0.00	    0.00
6	5	    0.00	  995.01	    0.00	    0.00	    0.00	 3044.52	  954.68	 1802.36	    0.00	    0.00	    0.00	    0.00	    0.00	    0.00	    0.00	 1491.71	    0.77	  122.79	    0.18	  357.27	    0.08	    0.15	    0.00	    0.00
6	8	 2200.18	 1500.02	  397.20	 1761.00	  993.79	 3500.43	    0.00	    0.00	    0.15	    0.07	    0.49	 1667.89	  487.37	    0.04	    0.00	    0.00	    0.00	    0.00	    0.00	    0.00	    0.00	    0.00	    0.00	    0.00
7	8	    0.00	    0.00	    0.00	    0.00	    0.00	    0.00	 4102.56	    0.00	    0.00	    0.00	    0.00	    0.00	    0.00	  399.86	  893.37	  642.55	  186.25	  846.28	  999.71	 2599.74	  500.26	  800.19	  300.51	  200.07
7	18	  433.19	  339.71	    8.51	  434.11	  121.56	  993.12	 7997.44	 4537.66	  828.99	    0.25	    0.15	  224.08	    0.04	    0.00	    0.00	    0.00	    0.13	    0.00	    0.00	    0.00	    0.00	    0.00	    0.00	    0.00
8	6	    0.00	    0.00	    0.00	    0.00	    0.00	    0.00	 2387.78	 4384.07	    0.02	    0.18	    0.00	    0.00	    0.00	    0.00	  293.56	 3498.57	  700.83	  334.84	  300.01	 1057.20	  100.09	  300.12	    0.41	    0.01
8	7	  933.19	  539.71	  108.51	  834.11	  321.56	 1393.12	    0.00	 5537.66	 1428.74	    1.21	    0.42	  923.72	    1.38	    0.00	    0.00	    0.00	    0.20	    0.00	    0.00	    0.00	    0.00	    0.00	    0.00	    0.00
8	9	    0.00	    0.00	    0.00	    0.00	    0.00	    0.00	  715.27	 3415.69	    0.00	    0.00	    0.00	    0.00	    0.00	    0.00	    0.00	 1562.60	    0.10	  211.56	    0.00	  642.83	    0.22	    0.18	    0.13	    0.08
8	16	  467.07	  560.35	  172.87	  685.89	  428.67	 1307.41	    0.00	 3362.57	  910.21	    0.00	    0.06	  495.28	    0.23	    0.00	    0.00	    0.00	    0.00	    0.00	    0.00	    0.00	    0.00	    0.00	    0.00	    0.00
9	5	    0.00	    0.00	    0.00	    0.00	    0.00	    0.00	  114.20	  216.31	 3900.46	 8829.53	    0.79	    0.00	    0.00	    0.23	 1871.81	  165.97	 2214.82	   11.52	  840.44	   43.09	    0.16	  554.88	    0.11	    0.07
9	8	    0.08	    0.04	   84.18	  459.01	  256.44	    0.09	    0.00	    0.00	 3138.81	 1600.32	  799.91	  351.11	  114.24	    0.01	    0.02	    0.00	    0.31	    0.00	    0.03	    0.00	    0.00	    0.02	    0.00	    0.00
9	10	 2498.21	  699.61	  518.36	 2876.96	 1847.86	  999.85	    1.18	 2399.51	 9160.73	    0.00	    0.00	  648.08	  474.69	    0.00	    0.00	    0.85	    0.00	    0.12	    0.00	    0.00	    0.00	    0.00	    0.00	    0.00
10	9	    0.00	    0.00	    0.00	    0.00	    0.00	    0.00	    0.08	    0.00	    0.00	13229.85	 2200.52	    0.06	    0.06	  600.24	 2871.83	    4.22	 3115.03	    0.08	 1240.47	    0.25	  299.93	 1254.72	  499.98	    5.85
10	11	    0.00	    0.00	    0.00	    0.00	    0.00	    0.00	  499.92	  799.74	 1913.76	 6105.53	    0.00	    0.00	    0.00	    0.07	 1193.34	 1400.63	 1084.18	  199.97	  349.96	  546.44	  119.29	  795.28	    0.06	    0.03
10	15	  798.71	   99.77	   99.84	 1097.33	  597.83	  199.88	    0.00	    0.00	 3086.04	13931.14	 2298.86	  718.98	    0.84	    0.00	    0.00	    0.00	    0.71	    0.00	    0.00	    0.00	    0.00	    0.00	    0.00	    0.00
10	16	    0.00	    0.00	   18.63	   80.16	   50.04	    0.00	    0.00	    0.00	  460.96	 8033.59	 2177.88	  178.80	    0.43	    0.05	    0.00	    0.00	    0.00	    0.00	    0.00	    0.00	    0.00	    0.00	    0.00	    0.00
10	17	  399.86	    0.02	   99.99	  499.95	  199.98	    0.06	    0.07	    0.10	  899.97	 3899.90	  999.81	  599.89	  499.91	    0.10	    0.10	    0.19	    0.00	    0.04	    0.12	    0.12	    0.04	    0.12	    0.04	    0.02
11	4	    0.00	    0.00	    0.00	    0.00	    0.00	    0.00	    0.00	    0.00	    0.00	  270.16	 5799.90	    0.00	    0.00	 1893.06	  134.16	    0.85	   84.23	    0.00	   59.34	    0.00	    0.03	   44.71	  691.39	    0.03
11	10	    0.35	    0.11	    0.10	    0.47	    0.00	    0.00	    0.00	    0.00	    0.00	    0.00	11577.08	 2849.66	 1926.55	 1297.73	    0.00	    0.00	    0.00	    0.00	    0.00	    0.00	    0.05	    0.00	  576.54	   89.75
11	12	    0.00	    0.00	    0.00	    0.00	    0.00	    0.00	    0.00	    0.00	    0.00	    0.00	    0.00	    0.00	    0.00	    0.00	    0.00	    0.00	    0.00	    0.00	    0.00	    0.00	    0.00	    0.00	    0.00	    0.00
11	14	  301.24	  100.14	  100.15	  999.39	  199.43	  199.17	    0.00	    0.00	  513.76	 1835.37	 4923.03	  980.97	    4.74	    0.00	    0.00	    0.00	    0.06	    0.00	    0.00	    0.00	    0.00	    0.00	    0.00	    0.00
12	3	    0.00	    0.00	    0.00	    0.00	    0.00	    0.00	    0.00	    0.00	    0.00	    0.00	    0.00	 4767.07	 3576.27	    0.39	    0.00	    0.00	    0.00	    0.00	    0.00	    0.09	  399.77	  500.38	  408.23	  594.08
12	11	    0.00	    0.00	    0.00	    0.00	    0.00	    0.00	    0.00	    0.00	    0.00	    0.00	    0.00	 5230.57	 2931.25	    0.00	    0.00	    0.00	    0.00	    0.00	    0.00	    0.00	    0.03	    0.00	    0.00	    0.25
12	13	 1399.94	  300.08	  300.01	 1003.17	  202.49	  300.46	    2.16	  600.00	  600.33	 1899.80	 1000.02	 3902.36	    0.00	    0.28	    0.16	    0.58	  499.95	    0.04	    0.07	    0.20	    0.03	    0.06	    0.03	    0.03
13	12	    0.00	    0.00	    0.00	    0.00	    0.00	    0.00	    0.21	    0.00	    0.00	    0.00	    0.00	    0.00	 7807.52	    7.03	    0.65	  335.19	    0.06	  153.68	    0.28	  499.92	  699.79	 1200.35	 1108.13	 1094.31
13	24	  899.94	    0.08	  200.01	  403.17	    2.49	  100.46	    0.00	    0.00	    0.33	    0.00	    0.12	 2602.36	 6792.48	    0.00	    0.00	    0.00	    0.00	    0.00	    0.00	    0.00	    0.00	    0.00	    0.00	    0.00
14	11	    0.00	    0.00	    0.00	    0.00	    0.00	    0.00	    0.08	    0.00	    0.00	    0.00	    0.00	    0.00	    0.00	 4790.72	  340.82	    0.21	    0.11	    0.03	  109.38	   53.56	  280.76	  349.43	 2567.87	  689.50
14	15	    1.28	    0.15	    0.16	    1.54	    0.03	    0.00	    0.00	    0.00	    0.00	    0.00	  890.70	  281.07	  114.14	 6223.32	    0.00	    0.00	    0.00	    0.00	    0.00	    0.00	    0.00	    0.00	 1189.28	  140.11
14	23	    0.00	    0.00	    0.00	  497.91	   99.41	   99.18	    0.00	    0.00	  318.57	 1169.56	 2432.59	    0.00	    0.00	 3085.96	  577.12	    0.00	  288.23	    0.00	  183.79	    0.00	    0.00	    0.00	    0.00	    0.00
15	10	    0.00	    0.00	    0.00	    0.00	    0.00	    0.00	    0.39	    0.08	    0.00	    0.00	    0.00	    0.00	    0.00	 1402.73	 8065.27	    0.51	    0.00	    0.16	 3390.31	 1275.18	 1619.21	 4650.12	 1723.53	  716.14
15	14	    0.00	    0.00	    0.00	    0.06	    0.01	    0.01	  199.83	  399.51	  404.81	 1434.20	    0.26	    0.00	    0.00	    0.00	 2217.94	  699.36	  988.28	   99.91	  593.17	  552.80	   29.04	  867.78	    0.00	    0.00
15	19	  299.99	    0.05	    0.00	  200.02	  100.01	    0.12	    0.01	    0.02	  400.41	 3266.47	  821.79	  300.05	  270.27	 2899.14	 6193.12	    0.03	    0.47	    0.01	    0.00	    0.13	  431.85	 2899.96	  900.00	  220.64
15	22	    0.00	    0.00	    0.00	  398.80	  297.85	    0.02	    0.00	    0.00	 1380.82	 5230.47	  967.51	    0.00	    0.00	  621.57	 4923.67	    0.34	 2698.70	    0.00	 2113.76	    0.00	    0.00	    0.00	    0.00	    0.00
16	8	    0.00	    0.00	    0.00	    0.00	    0.00	    0.00	    0.49	    0.00	    0.00	    1.00	    0.09	    0.00	    0.00	    0.09	    0.16	 6618.63	 1914.57	    0.12	    0.28	    0.28	    0.05	    0.09	    0.03	    0.02
16	10	    0.00	    0.06	    0.00	    0.00	    0.00	    0.08	 2398.50	    0.25	    0.00	    0.00	    0.00	    0.00	    0.00	    0.00	    0.00	 5803.68	    0.61	  899.81	    0.23	 1771.64	    0.00	    0.00	    0.00	    0.00
16	17	    0.17	  199.98	    0.01	    0.07	    0.03	  499.93	  999.97	 1400.43	    0.14	    0.60	    0.10	    0.06	    0.00	    0.00	    0.00	 5841.37	    0.00	  599.98	    0.00	 1418.92	  400.55	    0.00	    0.00	  155.07
16	18	    0.00	    0.00	    0.00	    0.00	    0.00	    0.00	    0.00	    0.00	    0.44	 3632.60	  777.85	    0.04	    0.00	    0.06	    0.15	 7836.32	 3694.99	    0.00	    0.28	    0.00	    0.00	    0.00	    0.00	    0.00
17	10	    0.00	    0.00	    0.00	    0.00	    0.00	    0.00	    0.00	    0.00	    0.00	    0.00	    0.00	    0.00	    0.00	    0.00	    0.00	    0.00	 8099.31	    0.00	    0.00	    0.00	    0.00	    0.00	    0.00	    0.00
17	16	    0.00	    0.00	    0.00	    0.00	    0.00	    0.00	    0.00	    0.00	    0.06	    0.30	    0.00	    0.00	    0.00	  698.73	 1197.95	    0.00	 8409.97	    0.00	 1298.24	    0.00	    0.06	    0.13	    0.05	    0.03
17	19	    0.03	    0.02	    0.00	    0.02	    0.01	    0.04	    0.15	    0.68	    0.04	    0.19	    0.00	    0.00	    0.00	    0.00	    0.00	 3041.56	 6890.71	    0.09	    0.00	    0.00	    0.00	    0.00	    0.00	    0.00
18	7	    0.00	    0.00	    0.00	    0.00	    0.00	    0.00	    0.00	    0.00	    0.25	 1899.05	  499.73	    0.36	  398.66	  599.86	 1393.37	 2042.55	 1186.18	 1046.28	 1399.71	 3099.74	  700.26	 1300.19	  500.51	  300.07
18	16	   33.11	   39.69	    8.51	   34.03	   21.32	   92.60	 4798.96	  238.11	   29.35	    0.30	    0.10	   26.02	  599.35	    1.37	    2.36	    0.00	    0.19	 1999.91	    2.55	 4790.84	 1000.54	 1199.96	  499.98	  455.06
18	20	  300.09	  300.02	    0.00	  300.09	  100.24	  800.51	 2998.48	 3999.55	  599.83	 1033.73	  178.40	    0.10	    0.00	    0.00	    0.00	 5293.77	 1908.89	 1753.81	    0.13	    0.00	    0.00	    0.00	    0.00	    0.00
19	15	    0.00	    0.14	    0.00	    0.00	    0.00	    0.27	  700.07	  999.45	    0.00	    0.00	    0.00	    0.00	    0.00	    0.00	    0.00	 1899.82	 5186.75	  300.00	 6897.25	 2927.72	    0.16	    0.34	    0.20	    0.09
19	17	    0.00	    0.02	    0.00	    0.00	    0.00	    0.05	    0.11	    0.15	    0.00	    0.00	    0.08	    0.05	    0.09	 1398.63	 2697.85	    0.00	    0.00	    0.07	 2998.12	  280.96	  199.47	 1700.01	  600.01	  144.94
19	20	    0.02	    0.00	    0.00	    0.04	    0.02	    0.03	    0.00	    0.00	    0.45	 1466.66	  421.70	    0.00	    0.00	 1200.50	 2695.27	    0.00	    4.44	    0.00	 2904.63	    0.00	    0.00	    0.00	    0.00	    0.00
20	18	    0.00	    0.00	    0.00	    0.00	    0.00	    0.00	    0.00	    0.00	    0.00	    0.22	    0.23	    2.36	 1097.97	  701.17	 1595.58	    0.00	    0.15	    0.00	 1702.11	 8290.59	 1800.80	 2800.15	 1100.49	  755.13
20	19	    0.00	  100.09	    0.00	    0.00	    0.00	  200.19	 1100.02	 1698.90	    0.00	    0.00	    0.00	    0.00	   29.82	    0.00	    0.00	  158.22	    0.00	  599.97	    0.00	 4408.54	  167.78	    0.40	    0.22	   24.39
20	21	    0.00	    0.00	    0.00	    0.01	    0.20	  100.02	  698.49	  600.54	    0.22	    0.05	    0.02	    0.01	    0.03	    0.02	    0.03	 1835.54	  213.07	  353.87	    2.67	 2701.03	    0.00	    0.08	    0.03	    0.02
20	22	    0.10	   99.93	    0.00	    0.12	    0.06	  200.33	  699.97	  800.11	    0.06	    0.22	    0.05	    0.00	    0.00	    0.00	    0.17	 1700.01	    0.11	  399.96	    0.07	 3099.84	    0.22	    0.00	    0.00	    0.00
21	20	    0.00	    0.00	    0.00	    0.00	    0.00	    0.00	    0.00	    0.00	    0.00	    0.11	    0.00	  402.09	 1727.30	    0.10	    0.23	    0.00	    0.00	    0.00	    0.08	    0.00	 3168.80	    0.33	    1.67	 1178.92
21	22	  250.37	    0.06	   62.62	    0.22	    0.02	    0.02	    0.20	    0.18	    0.00	    0.00	    0.00	  438.32	 1382.36	    0.03	    0.00	    0.49	    0.00	    0.09	    0.00	    0.49	 4766.91	    0.00	    0.16	 1476.56
21	24	    0.00	    0.00	    0.00	    0.00	    0.00	    0.01	  498.30	  200.39	   90.83	  363.80	    0.00	    0.00	    0.00	    0.00	  564.06	 1235.25	  158.65	  253.79	  205.13	 1500.61	 3064.29	 2036.28	    0.00	    0.00
22	15	    0.00	    0.00	    0.00	    0.00	    0.00	    0.00	    0.17	    0.16	    0.00	    0.00	    0.00	    0.00	  855.29	    0.11	    0.00	    0.42	    0.00	    0.07	    0.00	    0.39	 2879.94	11017.51	 2434.05	 1196.59
22	20	    0.00	    0.00	    0.00	    0.00	    0.00	    0.00	    0.00	    0.00	    0.00	    0.00	    0.19	    0.18	    0.52	    0.58	    0.28	    0.00	    0.00	    0.00	    0.00	    0.00	    0.00	 5200.29	 1799.07	    0.62
22	21	    0.00	    0.00	    0.00	    0.00	   97.93	    0.00	    0.01	    0.03	  390.61	 1563.86	  121.00	    0.00	    0.00	   24.05	 1364.26	    0.20	  545.58	    0.00	  602.54	    0.07	    0.00	 3836.54	   18.43	    0.00
22	23	    0.00	    0.00	    0.00	    0.00	    0.00	    0.37	  199.99	  300.10	  290.27	 1066.83	    0.00	    0.00	    0.00	    0.00	  959.30	  500.22	  453.24	   99.97	  311.29	  699.87	   87.20	 4345.67	    0.00	    0.00
23	14	    0.04	    0.01	    0.01	    0.00	    0.00	    0.00	    0.24	    0.49	    0.00	    0.00	    0.00	    0.10	  709.40	    0.00	    0.00	    0.86	    0.00	    0.12	    0.00	    0.76	  651.72	  681.65	 4857.16	 1229.61
23	22	  149.53	    0.01	   37.38	    0.87	    0.00	    0.00	    0.00	    0.00	    0.00	    0.00	  253.62	  261.86	  773.45	  603.14	    0.00	    0.00	    0.00	    0.00	    0.00	    0.00	    0.00	    0.00	 6351.38	  820.64
23	24	    0.00	    0.00	    0.00	    0.00	    0.00	    0.00	    0.04	    0.06	  108.84	  436.40	  879.03	    0.00	    0.00	 1382.82	  536.42	    0.11	  141.47	    0.00	  195.08	    0.16	    0.06	 1566.36	 3291.46	    0.00
24	13	    0.00	    0.00	    0.00	    0.00	    0.00	    0.00	  398.05	    0.00	    0.00	    0.20	    0.10	    0.00	    0.00	  606.75	  700.48	  934.61	    0.12	  253.64	  300.21	 1099.72	 1299.76	 2500.29	 1908.09	 1794.28
24	21	  350.36	    0.05	   62.62	  200.21	    1.90	    0.01	    0.00	    0.00	    0.00	    0.00	  278.99	 1140.40	 3709.64	  376.06	    0.00	    0.00	    0.00	    0.00	    0.00	    0.00	    0.00	    0.00	  683.37	 3155.46
24	23	  449.57	    0.03	  137.40	    2.96	    0.59	    0.45	    0.30	    0.45	    0.00	    0.00	    0.06	  961.96	 2282.85	    0.00	    0.00	    0.75	    0.00	    0.15	    0.00	    1.05	 1264.58	    2.35	    0.00	 2750.26
