i	j	       0	       1	       2	       3	       4	       5	       6	       7	       8	       9	      10	      11	      12	      13	      14	      15	      16	      17	      18	      19	      20	      21	      22	      23
0	1	 2600.07	    0.00	  274.89	  200.02	   13.70	    0.00	    0.01	    0.02	   27.40	   82.24	  200.02	  481.95	  469.69	  100.00	   13.71	    0.02	    0.03	    0.00	    0.03	    0.00	    0.01	    0.05	    0.17	   30.57
0	2	 6199.93	 1209.06	    0.00	    0.00	    0.00	  294.24	  128.83	  225.56	    0.00	    0.00	    0.00	    0.00	    0.00	    0.00	    0.00	   86.99	    0.00	   31.84	    0.00	    0.02	    0.00	    0.00	    0.00	    0.00
1	0	    0.00	 1309.06	    0.00	    0.00	    0.00	  594.24	  628.75	 1025.44	    0.00	    0.00	    0.00	    0.00	    0.00	    0.00	    0.00	  586.92	    0.44	  131.83	    0.03	  299.98	    0.00	    0.02	    0.00	    0.00
1	5	 2500.07	 2690.94	  174.89	    0.03	    0.00	    0.00	    0.00	    0.00	    0.00	    0.00	    0.03	  381.95	  169.69	    0.01	    0.00	    0.00	    0.00	    0.00	    0.00	    0.00	    0.01	    0.03	    0.17	   30.57
2	0	    0.00	    0.00	  374.89	  700.02	  213.70	    0.00	    0.08	    0.13	  527.40	 1382.24	  700.02	  681.95	  969.69	  400.00	  513.71	    0.09	  399.59	    0.01	  300.00	    0.05	  100.00	  400.04	  300.17	  130.57
2	3	 4499.59	  708.83	 1924.91	    0.00	    0.00	    0.00	    0.00	    0.00	    0.00	    0.00	    0.00	 3779.27	 2531.27	    0.09	    0.00	    0.00	    0.00	    0.00	    0.00	    0.00	  203.15	    0.56	    1.41	  469.11
2	11	 1600.34	  400.22	  500.20	 1603.33	  403.39	  500.56	  710.09	 1200.03	 1399.65	  501.33	    0.43	    0.00	    0.00	    0.14	   37.29	  515.16	  141.40	  198.88	   15.98	    0.13	    0.03	    0.07	    0.07	    0.00
3	2	    0.00	    0.00	    0.00	 2503.34	  717.09	  506.31	  681.34	 1174.61	 2027.05	 2183.57	  999.99	    0.00	    0.00	  499.85	  650.95	  628.26	  640.99	  167.05	  315.98	    0.15	    0.05	    0.14	    0.12	    0.00
3	4	 3199.19	  208.92	 1324.97	 6698.15	    0.00	    0.00	    0.00	    0.00	    0.00	    0.10	  904.95	 3178.90	 1931.01	  200.01	    0.06	    0.00	    0.01	    0.00	    0.04	    0.00	    3.20	    0.06	  199.83	  269.12
3	10	  800.40	  299.96	  399.94	 2398.50	  699.62	  599.54	    0.07	  799.50	    1.28	    0.16	    0.00	    0.37	    0.26	    0.07	    0.06	    0.12	    0.04	    0.02	    0.02	    0.02	    0.02	    0.04	    0.05	    0.02
4	3	    0.00	    0.04	    0.00	    0.00	 1916.71	 1505.86	 1081.41	 2674.11	 2728.33	 3382.54	    0.00	    0.00	    0.00	    0.00	 1148.41	 1428.38	 1140.62	  267.07	  514.91	  300.18	    0.03	  398.35	    0.00	    0.00
4	5	    0.00	    0.00	  519.47	 2129.13	 1261.68	    0.00	    0.02	    0.03	  572.77	 1317.71	  404.78	 1445.15	  578.45	  100.02	  285.67	    0.04	    0.14	    0.00	    0.04	    0.01	    0.02	    0.02	   99.83	   69.42
4	8	 2999.19	  899.89	  705.50	 4069.02	 2921.61	 1399.94	    0.00	    0.00	    0.00	    0.00	    0.17	 1533.74	 1152.56	    0.00	    0.00	    0.00	    0.00	    0.00	    0.00	    0.00	    0.01	    0.00	    0.00	  199.70
5	1	    0.00	    0.00	    0.00	    0.02	   86.30	  994.24	  828.75	 1425.42	  172.60	  517.76	    0.02	    0.00	    0.00	    0.01	   86.29	  986.90	  200.41	  131.83	  100.00	  399.97	    0.00	   99.99	    0.00	    0.00
5	4	    0.00	  791.02	    0.00	    0.00	    0.00	 3105.80	  841.73	 2355.28	    0.00	    0.00	    0.00	    0.00	    0.00	    0.00	    0.00	 1283.43	    0.07	  174.78	    0.03	  263.71	    0.00	    0.00	    0.00	    0.00
5	7	 2200.07	 1499.93	  394.36	 1729.15	  975.38	 3499.96	    0.00	    0.00	    0.17	    0.08	    4.80	 1627.10	  548.13	    0.02	    0.00	    0.00	    0.00	    0.00	    0.00	    0.00	    0.00	    0.00	    0.00	    0.00
6	7	    0.00	    0.00	    0.00	    0.00	    0.00	    0.00	 4113.87	    0.00	    0.00	    0.00	    0.00	    0.00	    0.00	  399.80	  600.16	  440.65	  150.26	  998.93	  998.90	 2599.77	  500.01	  799.91	  299.99	  200.00
6	17	  425.96	  331.07	    7.15	  428.37	  117.87	  972.69	 7986.13	 4486.13	  821.75	    0.56	    0.14	  213.97	    0.02	    0.00	    0.00	    0.00	    0.03	    0.00	    0.00	    0.00	    0.00	    0.00	    0.00	    0.00
7	5	    0.00	    0.00	    0.00	    0.00	    0.00	    0.00	 2070.46	 4580.67	    0.00	    0.12	    0.00	    0.00	    0.00	    0.00	    0.62	 3170.29	  700.34	  406.60	  299.99	  963.68	   99.98	  299.94	    0.00	    0.01
7	6	  925.96	  531.07	  107.15	  828.37	  317.87	 1372.69	    0.00	 5486.13	 1421.70	    5.47	    2.38	  913.97	   69.66	    0.00	    0.00	    0.00	    0.11	    0.00	    0.00	    0.00	    0.00	    0.00	    0.00	    0.00
7	8	    0.00	    0.00	    0.00	    0.00	    0.00	    0.00	 1043.41	 3218.81	    0.00	    0.00	    0.00	    0.00	    0.00	    0.00	    0.00	 1523.33	    0.00	  292.39	    0.00	  736.24	    0.05	    0.00	    0.00	    0.00
7	15	  474.19	  568.89	  171.21	  672.86	  420.54	 1327.36	    0.00	 3414.39	  855.86	    0.47	    0.22	  461.40	    0.13	    0.00	    0.00	    0.00	    0.00	    0.00	    0.00	    0.00	    0.00	    0.00	    0.00	    0.00
8	4	    0.00	    0.00	    0.00	    0.00	    0.00	    0.00	  439.69	  818.86	 4101.10	 5700.15	    0.00	    0.00	    0.00	    0.00	 1634.02	  644.99	 1340.68	   92.29	  614.88	  136.48	   96.86	  598.31	    0.00	    0.00
8	7	    0.08	    0.04	   84.00	  472.08	  263.03	    0.09	    0.00	    0.00	 3077.38	 1605.72	  797.80	  348.28	  121.66	    0.04	    0.00	    0.00	    0.23	    0.00	    0.00	    0.00	    0.00	    0.00	    0.00	    0.00
8	9	 2499.11	  699.85	  521.51	 2896.93	 1858.58	  999.85	    3.77	 1599.98	 9021.52	    0.00	    0.00	  585.58	  431.02	    0.00	    0.00	    0.25	    0.00	    0.14	    0.00	    0.00	    0.00	    0.00	    0.00	    0.00
9	8	    0.00	    0.00	    0.00	    0.00	    0.00	    0.00	    0.05	    0.03	    0.00	10105.87	 2197.63	    0.12	    0.12	  600.05	 2634.02	  521.92	 2240.90	    0.04	 1014.88	    0.23	  396.80	 1298.31	  500.00	    0.30
9	10	    0.00	    0.00	    0.00	    0.00	    0.00	    0.00	  499.87	    0.47	 1744.66	 8688.11	    0.00	    0.00	    0.00	    0.00	 1316.86	 1585.00	 1958.83	  199.98	  436.04	  444.46	    1.71	  541.70	    0.00	    0.00
9	14	  799.49	   99.95	   99.94	 1098.48	  597.05	  199.97	    0.00	    0.00	 3054.37	14531.45	 1980.60	  672.95	    4.16	    0.00	    0.00	    0.00	    0.80	    0.00	    0.00	    0.00	    0.00	    0.00	    0.00	    0.00
9	15	    0.04	    0.00	   21.66	   98.88	   61.71	    0.00	    0.00	    0.00	  522.77	 7973.95	 2152.91	  224.25	    0.93	    0.00	    0.00	    0.00	    0.00	    0.00	    0.00	    0.00	    0.00	    0.00	    0.00	    0.00
9	16	  399.79	    0.02	   99.97	  499.84	  199.92	    0.04	    0.08	    0.12	  899.72	 3900.61	 1000.06	  599.81	  499.84	    0.06	    0.13	    0.11	    0.00	    0.05	    0.07	    0.14	    0.05	    0.14	    0.05	    0.03
10	3	    0.00	    0.00	    0.00	    0.00	    0.00	    0.00	    0.00	    0.00	    0.00	    1.29	 3404.94	    0.00	    0.00	 1199.85	    2.66	    0.00	    0.42	    0.00	    1.13	    0.00	    0.09	    1.34	  698.59	    0.03
10	9	    0.21	    0.06	    0.06	    0.27	    0.11	    0.09	    0.00	    0.00	    0.00	    0.00	11231.20	 2911.54	 1974.04	 1116.64	    0.00	    0.00	    0.00	    0.00	    0.00	    0.00	    0.00	    0.00	  370.30	   54.17
10	11	    0.00	    0.00	    0.00	    0.00	    0.00	    0.00	    0.00	    0.00	    0.11	 3398.67	 2400.60	    0.00	    0.00	  703.89	  664.33	  185.27	  958.56	    0.02	  284.46	    0.00	    0.00	    0.00	    0.00	    0.00
10	13	  300.62	  100.06	  100.09	  998.31	  199.54	  199.48	    0.00	    0.00	  345.84	 1288.31	 5263.26	 1027.35	   16.06	    0.00	    0.00	    0.00	    0.00	    0.00	    0.00	    0.00	    0.00	    0.00	    0.00	    0.00
11	2	    0.00	    0.00	    0.00	    0.00	    0.00	    0.00	    0.00	    0.00	    0.00	    0.00	    0.46	 4661.22	 3600.95	    0.37	    0.05	    0.00	    0.00	    0.00	    0.00	    0.00	  303.14	  500.53	  401.54	  599.68
11	10	    0.43	    0.16	    0.22	    0.08	    0.03	    0.02	    0.00	    0.03	    0.00	    0.00	    0.00	 5338.53	 2989.84	    0.00	    0.00	    0.00	    0.00	    0.00	    0.00	    0.00	    0.20	    0.00	    0.00	    0.30
11	12	 1399.91	  300.06	  299.98	 1003.25	  203.37	  300.54	   10.15	  600.00	  799.75	 1900.00	 1000.57	 3900.26	    0.00	    3.79	    1.57	    0.53	  499.96	    0.04	    0.44	    0.00	    0.00	    0.00	    0.00	    0.00
12	11	    0.00	    0.00	    0.00	    0.00	    0.00	    0.00	    0.06	    0.00	    0.00	    0.00	    0.00	    0.00	 7890.79	    0.14	    0.00	    0.10	    0.00	    1.15	    0.00	  499.87	  603.30	 1200.46	 1101.46	 1099.98
12	23	  899.91	    0.06	  199.98	  403.25	    3.37	  100.54	    0.00	    0.00	  199.75	    0.00	    0.57	 2600.26	 6709.21	    0.00	    0.00	    0.00	    0.00	    0.00	    0.00	    0.00	    0.00	    0.00	    0.00	    0.00
13	10	    0.00	    0.00	    0.00	    0.00	    0.00	    0.00	    0.05	    0.00	    0.00	    0.00	    0.00	    0.00	    0.00	 4620.31	  750.08	    0.15	    0.11	    0.02	  249.53	  155.51	  398.16	  559.60	 2368.84	  653.88
13	14	    0.53	    0.06	    0.07	    0.51	    0.05	    0.03	    0.00	    0.00	    0.00	    0.00	  978.15	  327.10	  109.65	 6260.93	    0.00	    0.00	    0.00	    0.00	    0.00	    0.00	    0.00	    0.00	 1176.65	  142.85
13	22	    0.10	    0.00	    0.02	  497.82	   99.49	   99.45	    0.00	    0.00	  200.19	  849.20	 2685.18	    0.28	    0.09	 3218.76	  438.65	    0.00	  219.15	    0.00	  137.52	    0.00	    0.00	    0.00	    0.00	    0.00
14	9	    0.00	    0.00	    0.00	    0.00	    0.00	    0.00	    0.00	    0.03	    0.00	    0.00	    0.00	    0.00	    0.00	 1583.46	 7951.00	    0.29	    0.71	    0.05	 3250.80	 1685.51	 1598.56	 4440.15	 1929.75	  746.16
14	13	    0.00	    0.00	    0.00	    0.00	    0.00	    0.00	  199.66	  399.31	  454.35	 1660.89	    0.07	    0.00	    0.00	    0.00	 2488.73	  700.02	  919.26	   99.83	  687.04	  654.53	    1.61	  726.85	    0.00	    0.00
14	18	  300.02	    0.08	    0.01	  200.06	  100.02	    0.11	    0.02	    0.03	  400.14	 3319.80	  844.38	  300.05	  284.19	 2897.25	 5899.58	    0.06	    0.41	    0.01	    0.00	    0.05	  538.72	 2899.91	  899.98	  254.14
14	21	    0.00	    0.00	    0.00	  398.93	  297.07	    0.02	    0.00	    0.00	 1299.88	 5550.77	  714.31	    0.00	    0.00	  480.22	 5060.69	    0.23	 2526.34	    0.00	 2106.00	    0.00	    0.00	    0.00	    0.00	    0.00
15	7	    0.00	    0.00	    0.00	    0.00	    0.00	    0.00	    0.00	    0.00	    0.00	    0.27	    0.00	    0.00	    0.00	    0.13	    0.46	 6452.97	 1949.96	    0.06	    1.08	    0.15	    0.02	    0.03	    0.01	    0.01
15	9	    0.00	    0.05	    0.00	    0.00	    0.00	    0.07	 2396.05	    0.61	    0.00	    0.00	    0.00	    0.00	    0.00	    0.00	    0.00	 6505.95	    0.57	  899.80	    0.19	 1259.20	    0.00	    0.00	    0.00	    0.00
15	16	    0.20	  200.04	    0.02	    0.13	    0.08	  500.06	 1000.21	 1400.99	    0.24	    1.04	    0.23	    0.14	    0.07	    0.00	    0.00	 5954.93	    0.00	  600.09	    0.00	 1518.39	  365.05	    0.00	    0.00	  133.25
15	17	    0.02	    0.00	    0.00	    0.21	    0.05	    0.03	    0.00	    0.17	    0.88	 3575.31	  753.39	    0.22	    0.00	    0.03	    0.20	 7186.15	 3760.88	    0.00	    0.21	    0.00	    0.00	    0.00	    0.00	    0.00
16	9	    0.00	    0.00	    0.00	    0.00	    0.00	    0.00	    0.20	    0.00	    0.00	    0.00	    0.00	    0.00	    0.00	    0.00	    0.00	    0.53	 8099.26	    0.08	    0.00	    0.14	    0.00	    0.00	    0.00	    0.00
16	15	    0.00	    0.00	    0.00	    0.00	    0.00	    0.00	    0.00	    0.00	    0.00	    1.83	    0.37	    0.00	    0.00	  691.59	 1187.25	    0.00	 8511.29	    0.00	 1287.05	    0.00	    0.05	    0.11	    0.04	    0.03
16	18	    0.03	    0.07	    0.00	    0.02	    0.01	    0.15	    0.10	    1.10	    0.04	    0.16	    0.00	    0.00	    0.00	    0.00	    0.00	 3154.51	 6789.45	    0.05	    0.00	    0.00	    0.00	    0.00	    0.00	    0.00
17	6	    0.00	    0.00	    0.00	    0.00	    0.00	    0.00	    0.00	    0.00	    0.05	 1895.09	  497.76	    0.00	  330.35	  599.80	 1100.16	 1840.65	 1150.18	 1198.93	 1398.90	 3099.77	  700.01	 1299.91	  499.99	  300.00
17	15	   25.99	   31.20	    7.15	   28.60	   17.87	   72.80	 4796.26	  187.38	   22.49	    0.37	    0.12	   14.71	  599.02	    8.57	   13.41	    0.00	    0.11	 1999.95	   14.44	 4377.73	  965.02	 1199.93	  499.97	  433.23
17	19	  299.99	  299.87	    0.00	  299.99	  100.05	  799.91	 2989.87	 3998.93	  600.08	  980.62	  155.65	    0.02	    0.00	    0.00	    0.00	 4845.50	 2010.75	 1601.13	    0.00	    0.00	    0.00	    0.00	    0.00	    0.00
18	14	    0.00	    0.07	    0.00	    0.00	    0.00	    0.13	  699.34	  998.91	    0.00	    0.00	    0.00	    0.00	    0.00	    0.00	    0.00	 1900.37	 4945.91	  299.75	 6843.84	 3438.99	    0.16	    0.38	    0.16	    0.07
18	16	    0.03	    0.02	    0.01	    0.04	    0.02	    0.04	    0.00	    0.00	    0.08	    0.33	    0.09	    0.05	    0.09	 1391.53	 2687.12	    0.00	    0.00	    0.00	 2986.98	  181.61	  234.95	 1699.96	  599.99	  166.76
18	19	    0.02	    0.00	    0.00	    0.04	    0.02	    0.02	    0.00	    0.00	    0.09	 1519.63	  444.29	    0.00	    0.00	 1205.73	 2412.45	    0.00	  143.94	    0.00	 2969.18	    0.00	    0.00	    0.00	    0.00	    0.00
19	17	    0.00	    0.00	    0.00	    0.00	    0.00	    0.00	    0.00	    0.00	    0.00	    0.21	    0.00	    0.53	 1029.35	  708.35	 1313.37	    0.00	    0.14	    0.00	 1713.13	 7877.50	 1765.03	 2799.84	 1099.96	  733.23
19	18	    0.00	   99.94	    0.00	    0.00	    0.00	  199.94	 1099.23	 1697.78	    0.00	    0.00	    0.00	    0.00	   15.90	    0.01	    0.00	   45.80	    0.00	  599.68	    0.00	 4820.55	   96.39	    0.43	    0.17	   12.68
19	20	    0.00	    0.00	    0.00	    0.01	    0.06	  100.01	  690.13	  600.27	    0.04	    0.05	    0.02	    0.01	    0.02	    0.02	    0.03	 1499.99	  454.35	  201.23	   56.15	 2700.65	    0.00	    0.07	    0.03	    0.02
19	21	    0.00	   99.94	    0.00	    0.02	    0.01	  199.99	  700.52	  800.88	    0.13	    0.21	    0.04	    0.00	    0.00	    0.00	    0.16	 1699.71	    0.28	  400.22	    0.08	 3101.30	    0.18	    0.00	    0.00	    0.00
20	19	    0.00	    0.00	    0.00	    0.00	    0.00	    0.00	    0.00	    0.00	    0.00	    0.11	    0.09	  400.49	 1645.17	    0.17	    0.17	    0.00	    0.07	    0.00	    0.18	    0.00	 3061.59	    0.24	    2.98	 1145.75
20	21	  260.97	    0.01	   65.24	    0.55	    0.02	    0.01	    0.10	    0.12	    0.00	    0.00	    0.12	  456.70	 1455.77	    0.13	    0.00	    0.26	    0.00	    0.06	    0.00	    0.61	 4740.77	    0.00	    0.22	 1587.23
20	23	    0.00	    0.00	    0.00	    0.00	    0.00	    0.02	  490.03	  200.17	    0.14	  472.24	    0.00	    0.00	    0.00	    0.00	  671.19	  899.84	  204.14	  101.17	  246.94	 1500.10	 3197.63	 2296.48	    0.00	    0.00
21	14	    0.00	    0.00	    0.00	    0.00	    0.00	    0.00	    0.33	    0.46	    0.00	    0.00	    0.00	    0.00	  870.37	    0.00	    0.00	    0.23	    0.00	    0.15	    0.00	    1.09	 2938.72	10666.53	 2652.92	 1257.38
21	19	    0.00	    0.00	    0.00	    0.00	    0.00	    0.00	    0.00	    0.00	    0.00	    0.12	    0.03	    0.03	    0.11	    2.48	    0.94	    0.00	    0.00	    0.00	    0.00	    0.00	    0.00	 5200.10	 1797.18	    0.18
21	20	    0.00	    0.00	    0.00	    0.00	   97.11	    0.01	    0.01	    0.02	  300.09	 1672.30	    2.79	    0.00	    0.00	    0.82	 1471.32	    0.11	  349.87	    0.01	  590.97	    0.07	    0.00	 4096.65	    0.66	    0.00
21	22	    0.00	    0.00	    0.00	    0.00	    0.00	    0.01	  200.28	  300.52	  299.92	 1278.56	    0.00	    0.00	    0.00	    0.00	  988.59	  499.86	  476.75	  100.12	  315.11	  700.76	    2.22	 4436.72	    0.00	    0.00
22	13	    0.01	    0.00	    0.00	    0.02	    0.00	    0.00	    0.40	    0.69	    0.00	    0.00	    0.00	    0.03	  693.68	    0.00	    0.00	    0.13	    0.00	    0.19	    0.01	    0.98	  796.56	 1032.75	 4645.48	 1196.73
22	21	  139.03	    0.05	   34.76	    0.51	    0.01	    0.00	    0.00	    0.00	    0.00	    0.00	  388.35	  243.33	  714.71	  722.95	    0.00	    0.00	    0.00	    0.00	    0.00	    0.00	    0.00	    0.00	 6550.53	  770.33
22	23	    0.06	    0.00	    0.01	    0.09	    0.03	    0.01	    0.03	    0.05	    0.11	  327.76	  996.88	    0.20	    0.00	 1395.81	  427.25	    0.10	   95.90	    0.00	  152.62	    0.27	    0.17	 1304.06	 3303.98	    0.00
23	12	    0.00	    0.00	    0.00	    0.00	    0.00	    0.00	  389.91	    0.00	    0.00	    0.00	    0.00	    0.00	    0.00	  596.35	  698.43	  599.57	    0.04	  101.11	  299.56	 1099.87	 1203.30	 2500.46	 1901.46	 1799.98
23	20	  360.97	    0.01	   65.24	  200.54	    2.85	    0.01	    0.00	    0.00	    0.00	    0.00	  397.40	 1157.18	 3700.91	  399.46	    0.00	    0.00	    0.00	    0.00	    0.00	    0.00	    0.00	    0.00	  702.52	 3232.97
23	22	  439.01	    0.05	  134.75	    2.79	    0.55	    0.55	    0.14	    0.22	    0.00	    0.00	    0.05	  943.28	 2208.30	    0.00	    0.00	    0.37	    0.00	    0.07	    0.00	    0.50	 1494.51	    0.09	    0.00	 2667.06
