i	j	o12d16l35
0	1	 4495.70
0	2	 8119.82
1	0	 4520.73
1	5	 5967.92
2	0	 8094.79
2	3	14018.16
2	11	10033.72
3	2	14039.45
3	4	18015.28
3	10	 5209.22
4	3	18039.32
4	5	 8796.76
4	8	15784.90
5	1	 5992.96
5	4	 8803.98
5	7	12492.78
6	7	12105.61
6	17	15793.63
7	5	12525.03
7	6	12041.36
7	8	 6883.02
7	15	 8387.33
8	4	15801.72
8	7	 6835.85
8	9	21752.45
9	8	21822.09
9	10	17726.52
9	14	23128.07
9	15	11046.33
9	16	 8100.33
10	3	 5306.47
10	9	17605.33
10	11	 8368.10
10	13	 9779.31
11	2	 9987.40
11	10	 8405.71
11	12	12303.49
12	11	12394.78
12	23	11119.77
13	10	 9817.75
13	14	 9038.87
13	22	 8397.87
14	9	23193.15
14	13	 9081.01
14	18	19086.33
14	21	18403.21
15	7	 8402.50
15	9	11071.85
15	16	11686.32
15	17	15287.88
16	9	 8100.58
16	15	11676.42
16	18	 9950.05
17	6	15857.89
17	15	15338.47
17	19	18991.41
18	14	19117.11
18	16	 9940.40
18	19	 8686.56
19	17	19006.25
19	18	 8707.69
19	20	 6304.96
19	21	 7002.20
20	19	 6242.13
20	21	 8618.04
20	23	10304.23
21	14	18379.64
21	19	 7001.00
21	20	 8604.16
21	22	 9662.16
22	13	 8394.17
22	21	 9623.52
22	23	 7903.59
23	12	11111.06
23	20	10255.27
23	22	 7861.25
