i	j	       0	       1	       2	       3	       4	       5	       6	       7	       8	       9	      10	      11	      12	      13	      14	      15	      16	      17	      18	      19	      20	      21	      22	      23
0	1	 2599.93	    0.00	  307.90	  199.98	   20.89	    0.00	    0.01	    0.01	   41.79	  125.37	  199.98	  595.99	  500.54	  100.00	   20.76	    0.01	    0.04	    0.00	    0.01	    0.00	    0.00	    0.04	   21.89	   31.54
0	2	 6200.07	 1233.86	    0.00	    0.00	    0.00	  234.39	  197.40	  238.19	    0.00	    0.00	    0.00	    0.00	    0.00	    0.00	    0.00	   80.05	    0.00	   33.89	    0.00	    0.06	    0.00	    0.00	    0.00	    0.00
1	0	    0.00	 1333.86	    0.00	    0.00	    0.00	  534.39	  697.38	 1038.16	    0.00	    0.00	    0.00	    0.00	    0.00	    0.00	    0.00	  580.03	    0.61	  133.89	    0.03	  300.05	    0.00	    0.00	    0.00	    0.00
1	5	 2499.93	 2666.14	  207.90	    0.00	    0.00	    0.00	    0.00	    0.00	    0.00	    0.00	    0.00	  495.99	  200.54	    0.01	    0.00	    0.00	    0.00	    0.00	    0.00	    0.00	    0.00	    0.02	   21.89	   31.54
2	0	    0.00	    0.00	  407.90	  699.98	  220.89	    0.00	    0.03	    0.04	  541.79	 1425.37	  699.98	  795.99	 1000.54	  400.00	  520.76	    0.03	  399.43	    0.00	  299.99	    0.01	  100.00	  400.04	  321.89	  131.54
2	3	 4498.78	  733.41	 1891.69	    0.00	    0.00	    0.00	    0.00	    0.00	    0.00	    0.00	    0.00	 3152.37	 2037.88	    0.12	    0.00	    0.00	    0.00	    0.00	    0.00	    0.00	  201.60	    0.21	  655.06	  461.67
2	11	 1601.29	  400.46	  500.41	 1602.85	  500.37	  500.47	 1077.33	 1200.02	 1399.46	  734.10	    0.11	    0.00	    0.00	    0.00	   58.97	  493.77	  206.91	  199.59	   25.27	    0.06	    0.00	    0.00	    0.00	    0.00
3	2	    0.00	    0.00	    0.00	 2502.83	  821.26	  566.07	  979.96	 1161.88	 2041.25	 2459.47	  964.37	    0.00	    0.00	  482.04	  679.67	  613.75	  706.35	  165.70	  325.26	    0.01	    0.00	    0.01	    0.00	    0.00
3	4	 2636.04	  160.40	 1183.94	 6020.75	    0.00	    0.00	    0.00	    0.00	    0.00	    0.00	 4799.76	 2552.32	 1437.84	  200.00	    0.00	    0.00	    0.00	    0.00	    0.00	    0.00	    1.61	    0.04	  155.51	  261.64
3	10	 1362.74	  373.05	  507.76	 3076.42	  700.07	  599.83	    0.05	    2.02	    0.43	    0.15	    0.00	    0.05	    0.04	    0.06	    0.05	    0.05	    0.04	    0.01	    0.01	    0.02	    0.01	    0.04	    0.05	    0.02
4	3	    0.00	    0.04	    0.00	    0.00	 2021.33	 1565.90	 1380.01	 1863.90	 2741.69	 3659.52	    0.00	    0.00	    0.00	    0.03	 1179.49	 1413.81	 1206.35	  265.71	  525.19	  300.04	    0.03	  399.56	    0.00	    0.00
4	5	    0.00	    0.00	  520.92	 2271.77	 1337.06	    0.00	    0.01	    0.03	  558.21	 1274.51	  400.64	 1443.48	  517.51	  100.02	  278.80	    0.03	    0.10	    0.00	    0.03	    0.01	    0.00	    0.03	   55.51	   68.45
4	8	 2436.04	  826.43	  563.02	 3248.98	 2741.61	 1399.23	    0.00	    0.11	    0.00	    0.00	 3899.12	  908.84	  720.33	    0.00	    0.00	    0.00	    0.00	    0.00	    0.00	    0.00	    0.02	    0.00	    0.00	  193.20
5	1	    0.00	    0.00	    0.00	    0.02	   79.11	  934.39	  897.37	 1438.15	  158.21	  474.63	    0.02	    0.00	    0.00	    0.01	   79.24	  980.01	  200.57	  133.89	  100.01	  400.05	    0.00	   99.98	    0.00	    0.00
5	4	    0.00	  766.07	    0.00	    0.00	    0.00	 3165.13	 1187.76	 1773.27	    0.00	    0.00	    0.00	    0.00	    0.00	    0.00	    0.00	 1380.19	    0.07	  199.35	    0.03	  300.36	    0.05	    0.00	    0.00	    0.00
5	7	 2199.93	 1500.07	  428.82	 1871.76	 1057.96	 3500.48	    0.00	    0.00	    0.00	    0.00	    0.62	 1739.47	  518.05	    0.02	    0.00	    0.00	    0.00	    0.00	    0.00	    0.00	    0.00	    0.00	    0.00	    0.00
6	7	    0.00	    0.00	    0.00	    0.00	    0.00	    0.00	 4478.65	    0.00	    0.00	    0.12	    0.06	    0.00	    0.00	  399.73	  599.94	  178.47	   70.07	  999.48	  999.12	 2599.62	  500.06	  799.91	  322.58	  199.99
6	17	  445.25	  354.50	   16.52	  463.41	  140.54	 1027.47	 7621.35	 4626.26	  877.62	    0.24	    0.10	  228.65	    0.04	    0.00	    0.00	    0.00	    0.10	    0.00	    0.00	    0.00	    0.00	    0.00	    0.00	    0.00
7	5	    0.00	    0.00	    0.00	    0.00	    0.00	    0.00	 2485.11	 4011.39	    0.00	    0.12	    0.00	    0.00	    0.00	    0.00	    0.44	 3260.17	  700.53	  433.24	  300.01	 1000.40	  100.04	  299.93	   22.60	    0.01
7	6	  945.25	  554.50	  116.50	  863.32	  340.50	 1427.47	    0.00	 5626.26	 1477.44	    1.04	    0.34	  928.51	    1.27	    0.00	    0.00	    0.00	    0.17	    0.00	    0.00	    0.00	    0.00	    0.00	    0.00	    0.00
7	8	    0.00	    0.00	    0.00	    0.00	    0.00	    0.00	  993.53	 3788.52	    0.00	    0.00	    0.00	    0.00	    0.00	    0.02	    0.00	 1102.05	    0.00	  266.39	    0.00	  699.58	    0.12	    0.09	    0.02	    0.01
7	15	  454.76	  545.61	  179.33	  712.97	  446.66	 1273.09	    0.00	 3273.83	 1103.08	    0.95	    0.38	  470.86	    0.03	    0.00	    0.00	    0.00	    0.00	    0.00	    0.00	    0.00	    0.00	    0.00	    0.00	    0.00
8	4	    0.00	    0.00	    0.00	    0.00	    0.00	    0.00	  392.27	  590.77	 4099.90	 5934.03	    0.00	    0.00	    0.00	    0.05	 1658.30	  533.65	 1406.38	   66.36	  625.20	   99.69	   98.39	  599.55	    0.00	    0.00
8	7	    0.07	    0.04	   67.01	  404.54	  229.20	    0.08	    0.00	    0.00	 3380.52	 1601.52	  799.94	  259.90	   83.25	    0.01	    0.02	    0.00	    0.26	    0.00	    0.02	    0.00	    0.00	    0.00	    0.00	    0.00
8	9	 1935.97	  626.39	  396.01	 2144.44	 1712.41	  999.15	    1.33	 2397.87	 8719.58	    0.00	 3899.12	   48.99	   37.13	    0.00	    0.00	    0.27	    0.00	    0.05	    0.00	    0.00	    0.00	    0.00	    0.00	    0.00
9	8	    0.00	    0.00	    0.00	    0.00	    0.00	    0.00	    0.07	    0.00	    0.00	10335.56	 2199.94	    0.05	    0.05	  600.04	 2658.31	  831.87	 2306.64	    0.02	 1025.22	    0.10	  398.25	 1299.46	  499.98	    6.79
9	10	    0.00	    0.00	    0.00	    0.00	    0.00	    0.00	  499.95	  797.98	 1721.15	 8350.20	    0.00	    0.00	    0.00	    0.00	 1329.25	 1606.35	 1892.90	  200.00	  440.61	  409.20	    2.94	  486.41	    0.18	    0.00
9	14	  703.06	   91.45	   87.88	  925.49	  499.84	  199.43	    0.00	    0.00	 3078.84	14370.43	 2215.24	  733.96	    1.74	    0.00	    0.00	    0.00	    0.66	    0.00	    0.00	    0.00	    0.00	    0.00	    0.00	    0.00
9	15	    0.18	    0.00	    4.20	   23.82	   13.01	    0.00	    0.00	    0.00	  219.79	 8243.52	 2261.01	  199.56	    0.45	    0.00	    0.00	    0.00	    0.00	    0.00	    0.00	    0.00	    0.00	    0.00	    0.00	    0.00
9	16	  399.83	    0.04	   99.98	  499.89	  199.96	    0.03	    0.07	    0.09	  899.80	 3900.30	  999.97	  599.87	  499.89	    0.05	    0.10	    0.10	    0.00	    0.04	    0.11	    0.11	    0.04	    0.11	    0.04	    0.02
10	3	    0.00	    0.00	    0.00	    0.00	    0.00	    0.00	    0.00	    0.00	    0.00	    0.10	 7264.13	    0.00	    0.00	 1181.95	    0.23	    0.00	    0.03	    0.00	    0.08	    0.00	    0.01	    0.32	    0.50	    0.00
10	9	  467.10	   65.05	   96.04	  504.76	    0.40	    0.25	    0.00	    0.00	    0.00	    0.00	 7676.16	 3484.45	 2365.00	 1365.12	    0.00	    0.00	    0.00	    0.00	    0.00	    0.00	    0.07	    0.00	  629.33	  112.17
10	11	    0.00	    0.00	    0.00	    0.00	    0.00	    0.00	    0.00	    0.00	    0.10	 3165.90	 2436.04	    0.00	    0.00	  846.83	  687.26	  206.48	  892.90	    0.02	  294.14	    0.00	    0.00	    0.00	    0.00	    0.00
10	13	  396.97	  108.40	  112.13	 1171.70	  199.68	  199.59	    0.00	    0.02	  321.48	 1184.35	 4923.67	  965.52	    1.62	    0.00	    0.00	    0.00	    0.00	    0.00	    0.00	    0.00	    0.00	    0.00	    0.00	    0.00
11	2	    0.00	    0.00	    0.00	    0.00	    0.00	    0.00	    0.00	    0.00	    0.00	    0.00	   35.72	 4148.36	 3138.42	   18.09	    0.05	    0.00	    0.00	    0.00	    0.00	    0.00	  301.59	  500.24	 1076.95	  593.21
11	10	    1.33	    0.40	    0.41	    0.04	    0.01	    0.01	    0.00	    0.02	    0.00	    0.00	    0.00	 5849.92	 3366.58	    0.00	    0.00	    0.00	    0.00	    0.00	    0.00	    0.00	    0.00	    0.00	    0.00	    0.08
11	12	 1399.96	  300.06	  299.99	 1002.81	  300.35	  300.45	  377.59	  600.00	  799.57	 1900.00	 1000.43	 3901.72	    0.00	  129.75	   46.18	    1.06	  499.82	    0.03	   19.41	    0.03	    0.00	    0.00	    0.00	    0.00
12	11	    0.00	    0.00	    0.00	    0.00	    0.00	    0.00	    0.25	    0.00	    0.00	    0.00	    0.00	    0.00	 7804.99	    1.01	    0.00	    0.81	    0.00	    0.42	    0.00	  499.97	  601.59	 1200.24	 1776.95	 1093.29
12	23	  899.96	    0.06	  199.99	  402.81	  100.35	  100.45	    0.00	    0.00	  199.57	    0.00	    0.43	 2601.72	 6795.01	    0.00	    0.00	    0.00	    0.00	    0.00	    0.00	    0.00	    0.00	    0.00	    0.00	    0.00
13	10	    0.00	    0.00	    0.00	    0.00	    0.00	    0.00	    0.00	    0.00	    0.00	    0.00	    0.00	    0.00	    0.00	 4993.84	  758.19	    0.08	    0.00	    0.01	  253.59	  190.78	  397.13	  613.88	 1929.60	  712.07
13	14	   96.93	    8.42	   12.12	  114.43	    0.08	    0.05	    0.00	    0.00	    0.00	    0.00	  751.65	  266.04	  119.62	 6010.39	    0.00	    0.00	    0.00	    0.00	    0.00	    0.00	    0.00	    0.00	 1241.02	  146.41
13	22	    0.10	    0.00	    0.03	  557.30	   99.61	   99.54	    0.00	    0.00	  198.15	  820.26	 2572.13	    0.20	    0.00	 3095.77	  417.09	    0.00	  218.75	    0.00	  127.70	    0.00	    0.00	    0.00	    0.00	    0.00
14	9	    0.00	    0.00	    0.00	    0.00	    0.00	    0.00	    0.23	    0.00	    0.00	    0.00	    0.88	    0.00	    0.00	 1334.96	 7987.66	    0.46	    0.00	    0.09	 3265.76	 2012.35	 1601.15	 4385.98	 1670.87	  694.64
14	13	    0.00	    0.00	    0.00	    0.00	    0.00	    0.00	  199.71	  399.40	  476.67	 1735.92	    0.11	    0.00	    0.00	    0.00	 2475.28	  699.41	  918.75	   99.87	  681.28	  689.48	    0.12	  565.27	    0.00	    0.00
14	18	  299.99	    0.04	    0.00	  200.02	  100.01	    0.05	    0.01	    0.02	  400.05	 3054.85	  738.38	  300.00	  299.86	 2897.84	 5899.38	    0.04	    0.37	    0.01	    0.00	    0.03	  759.31	 2899.94	  899.99	  346.92
14	21	    0.00	    0.00	    0.00	  339.90	  199.91	    0.01	    0.00	    0.00	 1302.12	 5579.67	  827.53	    0.00	    0.00	  477.74	 5037.68	    0.22	 2355.72	    0.00	 2027.59	    0.00	    0.00	    0.00	    0.00	    0.00
15	7	    0.00	    0.00	    0.00	    0.00	    0.00	    0.00	    0.00	    0.00	    0.00	    0.46	    0.10	    0.00	    0.00	    0.26	    0.49	 6383.75	 2030.37	    0.14	    0.86	    0.36	    0.11	    0.11	    0.04	    0.03
15	9	    0.00	    0.05	    0.00	    0.00	    0.00	    0.07	 2398.19	    0.20	    0.00	    0.00	    0.00	    0.00	    0.00	    0.00	    0.00	 6836.78	    0.54	  899.80	    0.19	  897.06	    0.00	    0.00	    0.00	    0.00
15	16	    0.20	  199.98	    0.02	    0.13	    0.05	  500.03	 1000.54	 1400.29	    0.23	    1.01	    0.08	    0.13	    0.04	    0.00	    0.00	 5994.21	    0.00	  600.23	    0.00	 1689.34	  236.03	    0.00	    0.00	   53.01
15	17	    0.00	    0.00	    0.02	    0.19	    0.08	    0.00	    0.00	    0.00	    0.51	 3844.45	  861.50	    0.31	    0.12	    0.03	    0.15	 6885.26	 3694.30	    0.00	    0.39	    0.00	    0.00	    0.00	    0.00	    0.00
16	9	    0.00	    0.00	    0.00	    0.00	    0.00	    0.00	    0.34	    0.00	    0.00	    0.00	    0.00	    0.00	    0.00	    0.00	    0.00	    0.81	 8099.66	    0.13	    0.00	    0.00	    0.00	    0.00	    0.00	    0.00
16	15	    0.00	    0.00	    0.00	    0.00	    0.00	    0.00	    0.00	    0.00	    0.00	    1.15	    0.19	    0.00	    0.00	  677.70	 1161.99	    0.00	 8524.86	    0.00	 1259.58	    0.00	    0.05	    0.10	    0.04	    0.03
16	18	    0.03	    0.02	    0.00	    0.02	    0.01	    0.06	    0.27	    0.38	    0.03	    0.15	    0.00	    0.00	    0.00	    0.00	    0.00	 3193.50	 6775.48	    0.15	    0.00	    0.07	    0.00	    0.00	    0.00	    0.00
17	6	    0.00	    0.00	    0.02	    0.08	    0.04	    0.00	    0.00	    0.00	    0.17	 1899.33	  499.82	    0.14	  398.77	  599.73	 1099.94	 1578.47	 1070.01	 1199.48	 1399.12	 3099.62	  700.06	 1299.91	  522.58	  299.99
17	15	   45.26	   54.42	   16.52	   63.52	   40.46	  127.00	 4798.73	  326.67	   77.87	    0.29	    0.09	   30.03	  599.67	   22.58	   38.64	    0.00	    0.35	 2000.17	   41.86	 4186.77	  836.09	 1200.01	  500.00	  353.01
17	19	  299.99	  300.08	    0.00	  299.99	  100.12	  800.46	 2622.63	 3999.59	  600.08	 1245.41	  261.75	    0.10	    0.03	    0.00	    0.00	 4806.79	 2024.74	 1600.34	    0.00	    0.00	    0.00	    0.00	    0.00	    0.00
18	14	    0.00	    0.17	    0.00	    0.00	    0.00	    0.57	  699.81	  999.38	    0.00	    0.00	    0.00	    0.00	    0.00	    0.15	    0.00	 1899.85	 4774.18	  299.90	 6774.62	 3801.41	    0.14	    0.26	    0.13	    0.06
18	16	    0.00	    0.00	    0.00	    0.00	    0.00	    0.00	    0.00	    0.00	    0.00	    0.00	    0.14	    0.00	    0.07	 1377.66	 2661.90	    0.00	    0.00	    0.00	 2959.46	   10.62	  363.98	 1699.99	  600.00	  246.99
18	19	    0.01	    0.00	    0.00	    0.03	    0.01	    0.02	    0.00	    0.00	    0.09	 1255.00	  338.25	    0.00	    0.00	 1220.20	 2437.49	    0.00	  301.67	    0.00	 3065.92	    0.00	    0.00	    0.00	    0.00	    0.00
19	17	    0.00	    0.00	    0.00	    0.00	    0.00	    0.00	    0.00	    0.00	    0.00	    0.34	    0.08	    1.31	 1098.33	  722.29	 1338.43	    0.00	    0.69	    0.00	 1740.60	 7686.39	 1636.15	 2799.92	 1122.58	  653.00
19	18	    0.00	  100.11	    0.00	    0.00	    0.00	  200.48	 1099.52	 1698.98	    0.00	    0.00	    0.00	    0.00	    0.21	    0.16	    0.00	    6.31	    0.00	  599.74	    0.00	 5011.92	    4.82	    0.30	    0.14	    0.13
19	20	    0.00	    0.01	    0.00	    0.01	    0.05	  100.01	  323.16	  600.55	    0.11	    0.29	    0.01	    0.01	    0.02	    0.01	    0.03	 1500.81	  625.67	  200.63	  125.34	 2701.33	    0.00	    0.07	    0.03	    0.02
19	21	    0.00	   99.96	    0.00	    0.01	    0.08	  199.99	  699.94	  800.06	    0.05	    0.19	    0.09	    0.00	    0.00	    0.00	    0.15	 1699.67	    0.10	  399.97	    0.07	 3100.36	    0.16	    0.00	    0.00	    0.00
20	19	    0.00	    0.00	    0.00	    0.00	    0.00	    0.00	    0.00	    0.00	    0.00	    0.07	    0.02	  401.19	 1698.45	    0.13	    0.09	    0.00	    0.05	    0.00	    0.09	    0.00	 2841.12	    0.15	    2.68	 1053.03
20	21	  247.00	    0.02	   61.75	    0.52	    0.00	    0.02	    0.16	    0.05	    0.00	    0.00	    0.00	  432.25	 1390.20	    0.00	    0.00	    0.32	    0.00	    0.07	    0.00	    0.29	 4963.52	    0.00	    0.06	 1548.46
20	23	    0.00	    0.00	    0.00	    0.00	    0.00	    0.01	  123.02	  200.52	    0.17	  513.79	    0.00	    0.00	    0.00	    0.00	  713.91	  900.60	  235.76	  100.57	  265.89	 1501.11	 3195.35	 2478.07	    0.00	    0.00
21	14	    0.00	    0.01	    0.00	    0.00	    0.00	    0.01	    0.14	    0.04	    0.00	    0.00	    0.00	    0.00	  878.50	    0.00	    0.00	    0.28	    0.00	    0.06	    0.00	    0.45	 3160.43	10450.93	 2329.71	 1295.09
21	19	    0.00	    0.00	    0.00	    0.00	    0.00	    0.00	    0.00	    0.00	    0.00	    0.34	    0.17	    0.03	    0.07	    2.14	    1.04	    0.00	    0.00	    0.00	    0.00	    0.00	    0.00	 5200.14	 1820.06	    0.12
21	20	    0.00	    0.00	    0.00	    0.03	    0.05	    0.00	    0.01	    0.02	  300.06	 1713.57	    6.23	    0.00	    0.00	    1.95	 1513.97	    0.11	  210.14	    0.01	  540.64	    0.07	    0.00	 4278.15	    2.11	    0.00
21	22	    0.00	    0.00	    0.00	    0.00	    0.00	    0.01	  199.94	  300.06	  302.11	 1265.95	    0.05	    0.00	    0.00	    0.00	  922.82	  499.82	  445.68	   99.97	  287.01	  700.13	    3.25	 4470.78	    0.00	    0.00
22	13	    0.06	    0.02	    0.02	    0.03	    0.00	    0.00	    0.29	    0.58	    0.00	    0.00	    0.00	    0.71	  718.00	    0.00	    0.00	    0.67	    0.00	    0.14	    0.01	    1.30	  797.01	 1248.61	 4270.62	 1258.48
22	21	  153.00	    0.02	   38.25	   59.59	    0.05	    0.00	    0.00	    0.00	    0.00	    0.00	  278.83	  267.78	  788.37	  726.35	    0.00	    0.00	    0.00	    0.00	    0.00	    0.00	    0.00	    0.00	 6251.82	  846.76
22	23	    0.00	    0.00	    0.00	    0.06	    0.01	    0.01	    0.01	    0.02	    0.28	  286.26	  993.39	    0.00	    0.00	 1269.42	  339.94	    0.05	   64.44	    0.00	  114.71	    0.08	    0.05	 1122.23	 3977.56	    0.00
23	12	    0.00	    0.00	    0.00	    0.00	    0.00	    0.00	   22.67	    0.00	    0.00	    0.00	    0.00	    0.00	    0.00	  471.26	  653.82	  599.75	    0.18	  100.39	  280.59	 1099.94	 1201.59	 2500.24	 2576.95	 1793.29
23	20	  346.99	    0.01	   61.75	  200.49	   99.90	    0.01	    0.00	    0.00	    0.00	    0.00	  393.77	 1133.43	 3688.63	  398.16	    0.00	    0.00	    0.00	    0.00	    0.00	    0.00	    0.00	    0.00	  700.61	 3101.47
23	22	  452.96	    0.04	  138.24	    2.37	    0.46	    0.46	    0.36	    0.54	    0.01	    0.05	    0.04	  968.29	 2306.38	    0.00	    0.03	    0.90	    0.02	    0.18	    0.01	    1.25	 1493.81	    0.06	    0.00	 2805.24
