i	j	       0	       1	       2	       3	       4	       5	       6	       7	       8	       9	      10	      11	      12	      13	      14	      15	      16	      17	      18	      19	      20	      21	      22	      23
0	1	 2600.04	    0.00	  267.07	  199.98	   14.83	    0.00	    0.01	    0.02	   29.67	   89.28	  200.00	  489.15	  465.37	  100.00	   14.89	    0.02	    0.02	    0.00	    0.03	    0.00	    0.00	    0.07	    0.14	   26.95
0	2	 6199.96	 1179.61	    0.00	    0.00	    0.00	  237.93	  137.94	  238.72	    0.00	    0.00	    0.00	    0.00	    0.00	    0.00	    0.00	   92.48	    0.00	   34.05	    0.00	    0.02	    0.00	    0.00	    0.00	    0.00
1	0	    0.00	 1279.61	    0.00	    0.00	    0.00	  537.93	  637.92	 1038.69	    0.00	    0.00	    0.00	    0.00	    0.00	    0.00	    0.00	  592.42	    0.12	  134.04	    0.03	  299.98	    0.00	    0.00	    0.00	    0.00
1	5	 2500.04	 2720.39	  167.07	    0.00	    0.00	    0.00	    0.00	    0.00	    0.00	    0.00	    0.02	  389.15	  165.37	    0.01	    0.00	    0.00	    0.00	    0.00	    0.00	    0.00	    0.00	    0.00	    0.14	   26.95
2	0	    0.00	    0.00	  367.07	  699.98	  214.83	    0.00	    0.03	    0.05	  529.67	 1389.28	  700.00	  689.15	  965.37	  400.00	  514.89	    0.08	  399.90	    0.00	  300.01	    0.04	  100.00	  400.07	  300.14	  126.95
2	3	 4499.75	  679.43	 1932.81	    0.00	    0.00	    0.08	    0.00	    0.00	    0.00	    0.00	    0.09	 3724.61	 2500.81	    0.11	    0.00	    0.00	    0.00	    0.00	    0.00	    0.00	  202.50	    0.02	    1.92	  472.64
2	11	 1600.20	  400.18	  500.12	 1601.91	  402.81	  500.35	  775.75	 1200.00	 1399.50	  668.77	    1.18	    0.00	    0.00	    0.15	   42.88	  536.73	  188.63	  199.41	   18.38	    0.08	    0.00	    0.00	    0.00	    0.00
3	2	    0.00	    0.00	    0.00	 2501.89	  717.64	  562.49	  737.84	 1161.33	 2029.16	 2357.61	  999.67	    0.00	    0.00	  499.34	  657.58	  644.33	  688.42	  165.37	  318.33	    0.07	    0.00	    0.11	    0.09	    0.00
3	4	 3198.19	  179.42	 1332.70	 6697.32	    0.00	    0.00	    0.00	    0.00	    0.00	    0.08	  905.89	 3124.23	 1900.49	  200.17	    0.18	    0.00	    0.03	    0.00	    0.06	    0.00	    2.69	    0.14	  199.97	  272.73
3	10	  801.56	  300.05	  400.11	 2400.78	  699.77	  599.71	    0.55	    5.89	    0.34	    0.16	    0.00	    0.38	    0.31	    0.07	    0.06	    0.27	    0.04	    0.02	    0.02	    0.02	    0.02	    0.04	    0.05	    0.02
4	3	    0.00	    0.04	    0.00	    0.00	 1917.42	 1562.12	 1138.39	 1867.22	 2729.51	 3556.65	    0.00	    0.00	    0.00	    0.00	 1156.87	 1444.38	 1188.10	  265.39	  518.04	  300.09	    0.03	  398.52	    0.00	    0.00
4	5	    0.00	    0.00	  553.24	 1927.78	 1332.21	    0.00	    0.02	    0.03	  570.56	 1310.76	  405.25	 1532.31	  606.39	  100.04	  285.02	    0.04	    0.10	    0.00	    0.04	    0.01	    0.01	    0.03	   99.86	   73.04
4	8	 2998.19	  899.82	  679.46	 4269.54	 2850.37	 1399.88	    0.03	    0.11	    0.00	    0.00	    0.64	 1391.92	 1094.11	    0.13	    0.00	    0.07	    0.00	    0.01	    0.00	    0.03	    0.00	    0.00	    0.11	  199.69
5	1	    0.00	    0.00	    0.00	    0.02	   85.17	  937.93	  837.91	 1438.67	  170.33	  510.72	    0.02	    0.00	    0.00	    0.01	   85.11	  992.40	  200.10	  134.04	   99.99	  399.98	    0.00	   99.93	    0.00	    0.00
5	4	    0.00	  820.45	    0.00	    0.00	    0.00	 3162.00	 1031.89	 1809.43	    0.00	    0.00	    0.00	    0.00	    0.00	    0.00	    0.00	 1469.40	    0.27	  202.80	    0.03	  306.56	    0.00	    0.04	    0.00	    0.00
5	7	 2200.04	 1499.95	  420.30	 1527.76	 1047.04	 3500.07	    0.00	    0.00	    0.23	    0.17	    5.25	 1721.46	  571.76	    0.04	    0.00	    0.00	    0.00	    0.00	    0.00	    0.00	    0.00	    0.00	    0.00	    0.00
6	7	    0.00	    0.00	    0.00	    0.00	    0.00	    0.00	 4183.98	    0.00	    0.00	    0.14	    0.00	    0.00	    0.00	  399.88	  599.92	  385.27	  134.35	  999.38	  999.70	 2599.38	  500.06	  799.98	  299.99	  200.00
6	17	  431.05	  337.15	    8.33	  432.29	  120.19	  986.92	 7916.02	 4522.47	  825.26	    0.22	    0.14	  215.32	    0.08	    0.00	    0.00	    0.00	    0.03	    0.00	    0.00	    0.00	    0.00	    0.00	    0.00	    0.00
7	5	    0.00	    0.00	    0.00	    0.00	    0.00	    0.00	 2269.79	 4048.07	    0.00	    0.12	    0.00	    0.00	    0.00	    0.00	    0.09	 3361.76	  700.27	  436.84	  299.98	 1006.53	   99.99	  299.94	    0.00	    0.01
7	6	  931.05	  537.15	  108.33	  832.18	  320.19	 1386.92	    0.00	 5522.47	 1425.15	    2.02	    0.64	  915.32	   59.33	    0.00	    0.00	    0.00	    0.11	    0.00	    0.00	    0.00	    0.00	    0.00	    0.00	    0.00
7	8	    0.00	    0.00	    0.00	    0.00	    0.00	    0.00	  914.19	 3751.54	    0.00	    0.00	    0.00	    0.00	    0.00	    0.00	    0.00	 1261.72	    0.00	  262.61	    0.00	  693.00	    0.10	    0.07	    0.00	    0.00
7	15	  469.08	  562.84	  173.62	  688.84	  430.49	 1313.23	    0.00	 3377.92	  910.26	    0.00	    0.15	  462.29	    0.15	    0.00	    0.00	    0.00	    0.00	    0.00	    0.00	    0.00	    0.00	    0.00	    0.00	    0.00
8	4	    0.00	    0.00	    0.00	    0.00	    0.00	    0.00	  306.54	  557.94	 4100.07	 5867.34	    0.00	    0.00	    0.00	    0.00	 1641.71	  475.09	 1387.90	   62.60	  618.00	   93.58	   97.34	  598.36	    0.00	    0.00
8	7	    0.08	    0.04	   61.65	  693.25	  203.64	    0.09	    0.00	    0.00	 3135.18	 1601.57	  795.54	  256.14	   87.72	    0.02	    0.00	    0.00	    0.23	    0.00	    0.00	    0.00	    0.00	    0.00	    0.00	    0.00
8	9	 2498.12	  699.78	  517.81	 2876.29	 1846.74	  999.79	    7.85	 2393.71	 8964.75	    0.00	    0.00	  535.83	  406.44	    0.00	    0.00	    0.71	    0.00	    0.14	    0.00	    0.26	    0.00	    0.00	    0.00	    0.00
9	8	    0.00	    0.00	    0.00	    0.00	    0.00	    0.00	    0.17	    0.00	    0.00	10268.91	 2194.89	    0.05	    0.05	  599.90	 2641.71	  614.01	 2288.12	    0.12	 1018.00	    0.81	  397.25	 1298.29	  499.89	    0.31
9	10	    0.00	    0.00	    0.00	    0.00	    0.00	    0.00	  499.69	  794.13	 1720.21	 8408.06	    0.00	    0.00	    0.00	    0.00	 1279.92	 1563.24	 1911.68	  200.05	  424.16	  430.05	    1.05	  493.95	    0.00	    0.00
9	14	  798.35	   99.85	   99.80	 1097.47	  597.49	  199.87	    0.00	    0.00	 3079.77	14575.19	 1912.35	  656.59	    9.48	    0.00	    0.00	    0.00	    0.80	    0.00	    0.00	    0.00	    0.00	    0.00	    0.00	    0.00
9	15	    0.00	    0.00	   18.06	   79.06	   49.37	    0.00	    0.00	    0.00	  464.92	 8047.70	 2166.77	  221.56	    0.05	    0.00	    0.00	    0.00	    0.00	    0.00	    0.00	    0.00	    0.00	    0.00	    0.00	    0.00
9	16	  399.87	    0.02	   99.97	  499.86	  199.94	    0.04	    0.08	    0.12	  899.84	 3900.14	  999.88	  599.88	  499.90	    0.06	    0.13	    0.11	    0.00	    0.05	    0.07	    0.14	    0.05	    0.14	    0.05	    0.03
10	3	    0.00	    0.00	    0.00	    0.00	    0.00	    0.00	    0.00	    0.00	    0.00	    1.19	 3405.47	    0.00	    0.00	 1199.46	    0.94	    0.21	    0.40	    0.00	    0.36	    0.00	    0.18	    1.76	  698.18	    0.11
10	9	    0.10	    0.04	    0.02	    0.10	    0.07	    0.05	    0.00	    0.00	    0.00	    0.00	11173.90	 2942.25	 2003.04	 1100.15	    0.00	    0.00	    0.00	    0.00	    0.00	    0.00	    0.00	    0.00	  335.43	   52.07
10	11	    0.00	    0.00	    0.00	    0.00	    0.00	    0.00	    0.24	    0.00	    0.11	 3231.68	 2400.89	    0.00	    0.00	  715.12	  659.75	  163.29	  911.43	    0.14	  282.73	    0.00	    0.00	    0.15	    0.15	    0.00
10	13	  301.74	  100.12	  100.23	 1000.76	  199.73	  199.67	    0.00	    0.02	  320.45	 1175.35	 5319.74	 1043.38	   17.40	    0.00	    0.00	    0.00	    0.00	    0.00	    0.00	    0.00	    0.00	    0.00	    0.00	    0.00
11	2	    0.00	    0.00	    0.00	    0.00	    0.00	    0.00	    0.00	    0.00	    0.00	    0.45	    1.60	 4613.76	 3566.18	    0.92	    0.19	    0.00	    0.10	    0.00	    0.06	    0.03	  302.50	  499.98	  401.98	  599.59
11	10	    0.28	    0.10	    0.14	    0.08	    0.03	    0.02	    0.00	    0.00	    0.00	    0.00	    0.00	 5385.24	 3020.13	    0.00	    0.00	    0.00	    0.00	    0.00	    0.00	    0.00	    0.16	    0.00	    0.00	    0.24
11	12	 1399.92	  300.08	  299.98	 1001.83	  202.78	  300.33	   75.99	  600.00	  799.60	 1900.00	 1000.47	 3900.99	    0.00	   15.43	    2.63	    0.64	  499.96	    0.04	    1.13	    0.00	    0.00	    0.00	    0.00	    0.00
12	11	    0.00	    0.00	    0.00	    0.00	    0.00	    0.00	    0.00	    0.00	    0.00	    0.00	    0.00	    0.00	 7886.31	    1.08	    0.20	    0.62	    0.00	    0.48	    0.08	  499.95	  602.66	 1199.83	 1101.83	 1099.83
12	23	  899.92	    0.08	  199.98	  401.83	    2.78	  100.33	    0.00	    0.00	  199.60	    0.00	    0.47	 2600.99	 6713.69	    0.00	    0.00	    0.00	    0.00	    0.00	    0.00	    0.00	    0.00	    0.00	    0.00	    0.00
13	10	    0.00	    0.00	    0.00	    0.00	    0.00	    0.00	    0.00	    0.00	    0.00	    0.00	    0.00	    0.00	    0.00	 4614.67	  780.71	    0.00	    0.11	    0.08	  258.91	  169.92	  398.96	  607.91	 2333.70	  651.92
13	14	    1.68	    0.12	    0.21	    2.18	    0.05	    0.03	    0.00	    0.00	    0.00	    0.00	 1026.25	  343.46	   98.12	 6260.76	    0.00	    0.00	    0.00	    0.00	    0.00	    0.00	    0.00	    0.00	 1169.84	  131.72
13	22	    0.07	    0.00	    0.02	  498.61	   99.68	   99.65	    0.00	    0.00	  194.78	  803.93	 2693.55	    0.00	    0.00	 3224.58	  431.40	    0.00	  218.85	    0.00	  133.97	    0.00	    0.00	    0.00	    0.00	    0.00
14	9	    0.00	    0.00	    0.00	    0.00	    0.00	    0.00	    0.00	    0.00	    0.00	    0.00	    0.00	    0.00	    0.00	 1599.81	 7921.76	    0.29	    0.75	    0.05	 3242.03	 1726.89	 1598.35	 4392.38	 1964.52	  748.27
14	13	    0.00	    0.00	    0.00	    0.00	    0.00	    0.00	  199.61	  399.30	  474.33	 1728.58	    0.07	    0.00	    0.00	    0.00	 2512.11	  699.59	  918.96	   99.80	  692.87	  668.64	    0.20	  684.36	    0.00	    0.00
14	18	  300.02	    0.04	    0.01	  200.06	  100.02	    0.05	    0.02	    0.03	  400.14	 3250.58	  832.41	  300.05	  280.24	 2897.37	 5899.71	    0.06	    0.41	    0.01	    0.00	    0.05	  557.06	 2899.91	  899.98	  264.83
14	21	    0.00	    0.00	    0.00	  399.58	  297.51	    0.00	    0.00	    0.00	 1305.31	 5596.03	  706.13	    0.00	    0.00	  463.59	 5066.42	    0.23	 2490.03	    0.00	 2078.86	    0.00	    0.00	    0.00	    0.00	    0.00
15	7	    0.00	    0.00	    0.00	    0.00	    0.00	    0.00	    0.00	    0.00	    0.00	    0.26	    0.00	    0.00	    0.00	    0.05	    0.17	 6438.22	 1965.80	    0.06	    0.28	    0.15	    0.02	    0.03	    0.01	    0.01
15	9	    0.00	    0.05	    0.00	    0.00	    0.00	    0.07	 2391.89	    0.54	    0.00	    0.00	    0.00	    0.00	    0.00	    0.00	    0.00	 6575.80	    0.56	  899.94	    0.19	 1203.71	    0.00	    0.00	    0.00	    0.00
15	16	    0.12	  200.03	    0.02	    0.11	    0.05	  500.08	 1000.41	 1400.80	    0.11	    0.50	    0.09	    0.12	    0.05	    0.00	    0.00	 5956.02	    0.00	  600.20	    0.00	 1556.79	  349.11	    0.00	    0.00	  122.57
15	17	    0.02	    0.00	    0.00	    0.09	    0.00	    0.03	    0.00	    0.14	    0.28	 3648.12	  767.17	    0.05	    0.00	    0.03	    0.13	 7129.96	 3739.30	    0.00	    0.13	    0.00	    0.00	    0.00	    0.00	    0.00
16	9	    0.00	    0.00	    0.00	    0.00	    0.00	    0.00	    0.20	    0.00	    0.00	    0.00	    0.00	    0.00	    0.00	    0.00	    0.00	    0.56	 8099.29	    0.09	    0.00	    0.15	    0.00	    0.00	    0.00	    0.00
16	15	    0.00	    0.00	    0.00	    0.00	    0.00	    0.00	    0.00	    0.00	    0.00	    0.82	    0.16	    0.04	    0.04	  692.25	 1188.20	    0.00	 8505.54	    0.00	 1287.59	    0.00	    0.05	    0.11	    0.04	    0.03
16	18	    0.03	    0.06	    0.00	    0.02	    0.01	    0.12	    0.29	    0.92	    0.04	    0.16	    0.00	    0.00	    0.00	    0.00	    0.00	 3155.58	 6795.17	    0.16	    0.00	    0.00	    0.00	    0.00	    0.00	    0.00
17	6	    0.00	    0.00	    0.00	    0.11	    0.00	    0.00	    0.00	    0.00	    0.10	 1898.34	  499.50	    0.00	  340.75	  599.88	 1099.92	 1785.27	 1134.27	 1199.38	 1399.70	 3099.38	  700.06	 1299.98	  499.99	  300.00
17	15	   31.07	   37.25	    8.33	   32.30	   20.19	   86.94	 4792.30	  223.56	   25.21	    0.37	    0.18	   16.27	  599.82	    7.83	   12.10	    0.00	    0.11	 2000.20	   13.02	 4360.65	  949.08	 1199.93	  499.97	  422.56
17	19	  300.00	  299.91	    0.00	  300.01	  100.01	  800.01	 2923.72	 3999.06	  600.22	 1049.84	  167.75	    0.06	    0.06	    0.00	    0.00	 4844.70	 2005.08	 1600.42	    0.00	    0.00	    0.00	    0.00	    0.00	    0.00
18	14	    0.00	    0.07	    0.00	    0.00	    0.00	    0.15	  699.56	  999.28	    0.00	    0.00	    0.00	    0.00	    0.00	    0.00	    0.00	 1900.07	 4909.34	  299.84	 6813.76	 3494.88	    0.16	    0.39	    0.16	    0.07
18	16	    0.03	    0.02	    0.01	    0.04	    0.02	    0.00	    0.00	    0.00	    0.08	    0.33	    0.19	    0.05	    0.09	 1392.19	 2688.08	    0.00	    0.00	    0.00	 2987.52	  143.21	  250.89	 1699.96	  599.99	  177.43
18	19	    0.02	    0.00	    0.00	    0.04	    0.02	    0.02	    0.00	    0.00	    0.09	 1450.40	  432.22	    0.00	    0.00	 1205.18	 2411.64	    0.00	  186.23	    0.00	 2998.73	    0.00	    0.00	    0.00	    0.00	    0.00
19	17	    0.00	    0.00	    0.00	    0.04	    0.00	    0.00	    0.00	    0.00	    0.00	    0.21	    0.12	    0.97	 1040.55	  707.68	 1311.89	    0.00	    0.14	    0.00	 1712.58	 7860.03	 1749.14	 2799.91	 1099.96	  722.56
19	18	    0.00	   99.99	    0.00	    0.00	    0.00	  200.01	 1099.26	 1698.33	    0.00	    0.00	    0.00	    0.00	   19.85	    0.01	    0.00	   44.44	    0.00	  599.67	    0.00	 4838.04	   93.99	    0.44	    0.17	   12.67
19	20	    0.01	    0.00	    0.00	    0.03	    0.01	  100.03	  624.05	  600.19	    0.26	    0.05	    0.02	    0.01	    0.02	    0.02	    0.03	 1500.07	  490.99	  200.51	   86.24	 2700.13	    0.00	    0.07	    0.03	    0.02
19	21	    0.00	   99.92	    0.00	    0.02	    0.01	  200.00	  700.42	  800.54	    0.06	    0.21	    0.04	    0.00	    0.00	    0.00	    0.16	 1700.19	    0.25	  400.25	    0.08	 3101.80	    0.18	    0.00	    0.00	    0.00
20	19	    0.00	    0.00	    0.00	    0.00	    0.00	    0.00	    0.00	    0.00	    0.00	    0.11	    0.03	  400.86	 1660.22	    0.08	    0.17	    0.00	    0.07	    0.00	    0.18	    0.00	 3043.15	    0.64	    1.66	 1134.90
20	21	  263.21	    0.06	   65.80	    0.08	    0.00	    0.01	    0.06	    0.08	    0.00	    0.00	    0.00	  460.61	 1464.33	    0.00	    0.00	    0.16	    0.00	    0.03	    0.00	    0.40	 4757.52	    0.00	    0.59	 1605.92
20	23	    0.00	    0.00	    0.00	    0.00	    0.00	    0.02	  423.99	  200.11	    0.15	  488.34	    0.00	    0.00	    0.00	    0.00	  685.51	  899.99	  213.14	  100.47	  255.06	 1499.73	 3199.33	 2342.02	    0.00	    0.00
21	14	    0.00	    0.00	    0.00	    0.00	    0.00	    0.00	    0.06	    0.06	    0.00	    0.00	    0.00	    0.00	  872.64	    0.00	    0.00	    0.11	    0.00	    0.03	    0.00	    0.71	 2955.44	10576.26	 2694.50	 1281.31
21	19	    0.00	    0.00	    0.00	    0.04	    0.00	    0.00	    0.00	    0.00	    0.00	    0.12	    0.19	    0.05	    0.14	    2.45	    0.29	    0.00	    0.00	    0.00	    0.00	    0.00	    0.16	 5199.78	 1798.50	    0.35
21	20	    0.00	    0.00	    0.00	    0.00	   97.55	    0.00	    0.00	    0.00	  299.87	 1688.40	    1.76	    0.00	    0.00	    0.73	 1485.64	    0.08	  322.22	    0.00	  568.99	    0.00	    0.00	 4142.59	    1.28	    0.00
21	22	    0.00	    0.00	    0.00	    0.00	    0.00	    0.01	  200.42	  300.56	  305.49	 1307.73	    0.00	    0.00	    0.00	    0.00	  980.66	  500.39	  468.06	  100.25	  309.94	  701.50	    2.09	 4481.36	    0.00	    0.00
22	13	    0.01	    0.00	    0.00	    0.02	    0.00	    0.00	    0.39	    0.67	    0.00	    0.00	    0.00	    0.09	  680.71	    0.00	    0.00	    0.41	    0.00	    0.27	    0.01	    1.28	  798.77	 1123.55	 4603.55	 1183.64
22	21	  136.79	    0.01	   34.20	    0.37	    0.03	    0.00	    0.00	    0.00	    0.00	    0.00	  395.77	  239.44	  708.46	  739.59	    0.00	    0.00	    0.00	    0.00	    0.00	    0.00	    0.00	    0.00	 6593.68	  775.74
22	23	    0.00	    0.00	    0.00	    0.02	    0.00	    0.01	    0.16	    0.10	    0.27	  311.66	  997.83	    0.00	    0.00	 1384.98	  412.06	    0.34	   86.91	    0.04	  143.90	    0.69	    0.06	 1257.90	 3302.77	    0.00
23	12	    0.00	    0.00	    0.00	    0.00	    0.00	    0.00	  324.01	    0.00	    0.00	    0.00	    0.00	    0.00	    0.00	  585.65	  697.57	  599.98	    0.04	  100.45	  298.96	 1099.95	 1202.66	 2499.83	 1901.83	 1799.83
23	20	  363.19	    0.06	   65.80	  200.05	    2.43	    0.00	    0.00	    0.00	    0.01	    0.00	  398.25	 1161.47	 3724.52	  399.33	    0.00	    0.00	    0.00	    0.00	    0.00	    0.00	    0.00	    0.00	  700.95	 3240.79
23	22	  436.73	    0.02	  134.18	    1.80	    0.35	    0.36	    0.14	    0.21	    0.00	    0.00	    0.05	  939.53	 2189.17	    0.00	    0.00	    0.35	    0.00	    0.07	    0.00	    0.47	 1496.73	    0.09	    0.00	 2659.38
