i	j	o13d11l32
0	1	 4480.71
0	2	 8060.18
1	0	 4460.88
1	5	 5989.83
2	0	 8080.01
2	3	13986.85
2	11	10370.09
3	2	14397.46
3	4	17979.98
3	10	 5214.61
4	3	17703.78
4	5	 8805.26
4	8	15778.93
5	1	 5970.00
5	4	 8794.94
5	7	12486.05
6	7	12055.59
6	17	15813.29
7	5	12455.90
7	6	12042.57
7	8	 6887.88
7	15	 8386.25
8	4	15513.05
8	7	 6842.65
8	9	21731.00
9	8	21519.89
9	10	17967.81
9	14	23171.25
9	15	11050.43
9	16	 8099.92
10	3	 6001.42
10	9	17531.48
10	11	 8114.32
10	13	 9743.60
11	2	 9979.31
11	10	 8426.97
11	12	12385.41
12	11	12407.27
12	23	11108.36
13	10	 9881.43
13	14	 9061.53
13	22	 8352.53
14	9	23254.01
14	13	 9143.41
14	18	19091.71
14	21	18366.97
15	7	 8388.31
15	9	11092.24
15	16	11695.71
15	17	15252.75
16	9	 8100.57
16	15	11671.69
16	18	 9958.11
17	6	15826.31
17	15	15320.63
17	19	19000.98
18	14	19159.23
18	16	 9934.75
18	19	 8674.67
19	17	18981.88
19	18	 8718.83
19	20	 6305.95
19	21	 7002.35
20	19	 6230.67
20	21	 8652.27
20	23	10318.91
21	14	18364.09
21	19	 7002.68
21	20	 8617.74
21	22	 9701.53
22	13	 8408.48
22	21	 9664.47
22	23	 7808.02
23	12	11030.23
23	20	10278.16
23	22	 7826.90
