i	j	o9d17l28
0	1	 4519.98
0	2	 8136.09
1	0	 4536.75
1	5	 5965.90
2	0	 8119.32
2	3	13967.97
2	11	 9987.49
3	2	14003.57
3	4	17965.38
3	10	 5209.48
4	3	18000.66
4	5	 8798.37
4	8	15707.92
5	1	 5982.67
5	4	 8803.24
5	7	12518.00
6	7	12154.79
6	17	15987.68
7	5	12539.64
7	6	12179.08
7	8	 6928.81
7	15	 8339.34
8	4	15738.33
8	7	 6900.29
8	9	22277.82
9	8	22379.71
9	10	17745.77
9	14	23060.80
9	15	11008.85
9	16	 8126.90
10	3	 5309.81
10	9	17628.43
10	11	 8411.48
10	13	 9754.49
11	2	 9935.11
11	10	 8443.60
11	12	12299.82
12	11	12379.56
12	23	11132.87
13	10	 9805.36
13	14	 9044.12
13	22	 8387.33
14	9	23162.02
14	13	 9090.44
14	18	18985.27
14	21	18387.58
15	7	 8413.80
15	9	11052.30
15	16	11647.82
15	17	14793.88
16	9	 8101.45
16	15	11643.39
16	18	 9957.85
17	6	15963.39
17	15	14916.22
17	19	19112.51
18	14	19046.47
18	16	 9927.98
18	19	 8646.03
19	17	19110.55
19	18	 8677.36
19	20	 6332.30
19	21	 7003.07
20	19	 6262.75
20	21	 8608.25
20	23	10318.79
21	14	18373.92
21	19	 7001.99
21	20	 8589.36
21	22	 9667.60
22	13	 8391.88
22	21	 9633.96
22	23	 7891.40
23	12	11112.62
23	20	10268.13
23	22	 7862.31
