i	j	o6d12n1l65
0	1	 4512.26
0	2	 8170.48
1	0	 4571.41
1	5	 5970.16
2	0	 8111.33
2	3	14113.59
2	11	10285.35
3	2	14253.81
3	4	18110.70
3	10	 5209.70
4	3	18252.36
4	5	 8791.08
4	8	15775.09
5	1	 6029.32
5	4	 8810.84
5	7	12503.10
6	7	12179.74
6	17	15555.14
7	5	12582.00
7	6	12066.13
7	8	 6924.25
7	15	 8392.88
8	4	15897.00
8	7	 6855.81
8	9	21719.05
9	8	21872.51
9	10	17706.05
9	14	23107.12
9	15	11063.21
9	16	 8100.11
10	3	 5308.25
10	9	17581.22
10	11	 8421.16
10	13	 9759.99
11	2	10085.98
11	10	 8411.14
11	12	12612.67
12	11	12503.28
12	23	11113.10
13	10	 9843.73
13	14	 9036.70
13	22	 8332.20
14	9	23248.21
14	13	 9056.88
14	18	19115.63
14	21	18318.62
15	7	 8426.62
15	9	11099.95
15	16	11716.10
15	17	15158.38
16	9	 8100.57
16	15	11706.71
16	18	 9943.35
17	6	15668.76
17	15	15238.26
17	19	18783.22
18	14	19142.82
18	16	 9934.41
18	19	 8717.64
19	17	18876.71
19	18	 8735.90
19	20	 6152.28
19	21	 7002.27
20	19	 6162.48
20	21	 8613.33
20	23	10236.25
21	14	18352.71
21	19	 7003.82
21	20	 8592.72
21	22	 9622.51
22	13	 8395.76
22	21	 9637.54
22	23	 7762.45
23	12	10903.71
23	20	10267.05
23	22	 7841.04
