i	j	n1_l13
1	2	 6502.36
1	3	 8200.13
2	1	 2100.04
2	6	 4402.32
3	1	12602.45
3	4	15454.04
3	12	 9409.15
4	3	19146.03
4	5	19374.01
4	11	 5110.23
5	4	23045.70
5	6	 8192.92
5	9	15679.47
6	2	    0.00
6	5	10897.65
6	8	12773.73
7	8	11521.08
7	18	16104.20
8	6	11076.14
8	7	12215.66
8	9	 7480.46
8	16	 8434.22
9	5	16646.43
9	8	 6775.85
9	10	21703.04
10	9	22065.39
10	11	18125.38
10	15	23037.60
10	16	11042.17
10	17	 8101.03
11	4	 5230.53
11	10	17666.67
11	12	 8799.50
11	14	 9723.87
12	3	10119.48
12	11	 8400.73
12	13	12113.01
13	12	12524.57
13	24	11048.59
14	11	 9884.23
14	15	 9093.01
14	23	 8418.37
15	10	23327.58
15	14	 9256.90
15	19	19599.99
15	22	18414.24
16	8	 8135.83
16	10	11273.37
16	17	11803.72
16	18	14702.06
17	10	 8300.91
17	16	11606.20
17	19	 9891.87
18	7	15409.61
18	16	14832.39
18	20	19402.94
19	15	19921.62
19	17	 9894.23
19	20	 8664.68
20	18	18738.68
20	19	 8988.67
20	21	 6526.46
20	22	 7103.60
21	20	 6207.97
21	22	 8699.64
21	24	10536.47
22	15	18446.48
22	20	 6981.82
22	21	 8619.01
22	23	 9837.56
23	14	 8414.84
23	22	 9667.40
23	24	 8119.59
24	13	11360.14
24	21	10298.61
24	23	 7945.89
