i	j	o4d19l23
0	1	 4495.58
0	2	 8118.76
1	0	 4519.61
1	5	 5967.15
2	0	 8094.73
2	3	14020.35
2	11	10037.25
3	2	14045.04
3	4	18018.58
3	10	 5208.61
4	3	18044.22
4	5	 8796.82
4	8	15787.17
5	1	 5991.18
5	4	 8804.65
5	7	12492.08
6	7	12104.02
6	17	15805.82
7	5	12523.94
7	6	12041.53
7	8	 6881.71
7	15	 8384.84
8	4	15804.98
8	7	 6833.71
8	9	21749.67
9	8	21819.48
9	10	17728.47
9	14	23131.38
9	15	11046.43
9	16	 8100.65
10	3	 5307.66
10	9	17606.81
10	11	 8364.26
10	13	 9778.76
11	2	 9988.53
11	10	 8404.46
11	12	12302.11
12	11	12393.59
12	23	11119.50
13	10	 9815.94
13	14	 9034.98
13	22	 8396.64
14	9	23197.56
14	13	 9077.15
14	18	19088.26
14	21	18406.12
15	7	 8402.20
15	9	11071.71
15	16	11683.74
15	17	15296.45
16	9	 8100.67
16	15	11676.02
16	18	 9951.12
17	6	15868.32
17	15	15346.81
17	19	18991.06
18	14	19120.14
18	16	 9943.41
18	19	 8685.19
19	17	19003.92
19	18	 8709.37
19	20	 6302.64
19	21	 7003.47
20	19	 6240.72
20	21	 8618.52
20	23	10306.56
21	14	18382.59
21	19	 7002.43
21	20	 8606.64
21	22	 9659.47
22	13	 8391.65
22	21	 9623.02
22	23	 7901.44
23	12	11110.98
23	20	10256.52
23	22	 7860.00
