i	j	       0	       1	       2	       3	       4	       5	       6	       7	       8	       9	      10	      11	      12	      13	      14	      15	      16	      17	      18	      19	      20	      21	      22	      23
0	1	 2599.94	    0.00	  266.32	  199.95	   16.47	    0.00	    0.01	    0.01	   32.94	   98.83	  199.95	  473.97	  460.70	   99.97	   16.53	    0.01	    0.01	    0.00	    0.01	    0.00	    0.01	    0.11	    0.17	   29.37
0	2	 6200.06	 1162.78	    0.00	    0.00	    0.00	  238.39	  142.26	  247.24	    0.00	    0.00	    0.00	    0.00	    0.00	    0.00	    0.00	   93.87	    0.00	   35.22	    0.00	    0.00	    0.00	    0.00	    0.00	    0.00
1	0	    0.00	 1262.78	    0.00	    0.00	    0.00	  538.39	  642.24	 1047.21	    0.00	    0.00	    0.00	    0.00	    0.00	    0.00	    0.00	  593.86	    0.63	  135.22	    0.02	  299.95	    0.02	    0.00	    0.00	    0.00
1	5	 2499.94	 2737.22	  166.32	    0.03	    0.00	    0.00	    0.00	    0.00	    0.00	    0.00	    0.03	  373.97	  160.70	    0.01	    0.00	    0.00	    0.00	    0.00	    0.00	    0.00	    0.01	    0.02	    0.17	   29.37
2	0	    0.00	    0.00	  366.32	  699.95	  216.47	    0.00	    0.02	    0.04	  532.94	 1398.83	  699.95	  673.97	  960.70	  399.97	  516.53	    0.03	  399.38	    0.00	  299.99	    0.05	   99.99	  400.11	  300.17	  129.37
2	3	 4499.46	  662.42	 1933.35	    0.00	    0.00	    0.03	    0.00	    0.00	    0.00	    0.00	    0.00	 3749.28	 2497.12	    0.07	    0.00	    0.00	    0.00	    0.00	    0.00	    0.00	  202.87	    0.32	    2.12	  470.44
2	11	 1600.61	  400.36	  500.33	 1601.20	  403.30	  500.28	  773.67	 1200.00	 1399.50	  660.33	    1.05	    0.00	    0.00	    0.37	   57.57	  528.66	  186.25	  199.48	   24.67	    0.10	    0.04	    0.09	    0.09	    0.00
3	2	    0.00	    0.00	    0.00	 2501.15	  719.77	  561.93	  731.43	 1152.80	 2032.45	 2359.16	 1000.86	    0.00	    0.00	  500.23	  674.06	  634.81	  685.63	  164.27	  324.66	    0.15	    0.05	    0.17	    0.15	    0.01
3	4	 3198.98	  162.43	 1333.46	 6698.39	    0.00	    0.00	    0.00	    0.00	    0.00	    0.06	  903.15	 3148.99	 1896.91	  200.04	    0.07	    0.00	    0.02	    0.00	    0.05	    0.00	    2.96	    0.08	  199.82	  270.46
3	10	  800.48	  300.02	  399.89	 2400.46	  700.00	  599.85	    1.05	    4.12	    0.68	    0.13	    0.00	    0.29	    0.20	    0.05	    0.04	    0.09	    0.03	    0.08	    0.01	    0.02	    0.01	    0.03	    0.04	    0.02
4	3	    0.00	    0.03	    0.00	    0.00	 1919.77	 1561.75	 1132.48	 1856.92	 2733.12	 3559.18	    0.00	    0.00	    0.00	    0.00	 1171.59	 1434.90	 1185.36	  264.35	  523.58	  300.03	    0.06	  398.71	    0.00	    0.00
4	5	    0.04	    0.00	  528.32	 2135.58	 1262.78	    0.00	    0.01	    0.03	  567.17	 1301.19	  403.02	 1462.47	  580.76	  100.05	  283.02	    0.03	    0.03	    0.00	    0.05	    0.01	    0.01	    0.04	   99.82	   70.62
4	8	 2998.94	  899.70	  705.15	 4062.81	 2917.45	 1399.75	    0.02	    0.07	    0.00	    0.00	    0.13	 1486.52	 1116.15	    0.00	    0.00	    0.04	    0.00	    0.01	    0.00	    0.02	    0.00	    0.00	    0.00	  199.83
5	1	    0.00	    0.00	    0.00	    0.08	   83.53	  938.39	  842.24	 1447.20	  167.06	  501.17	    0.08	    0.00	    0.00	    0.04	   83.47	  993.84	  200.62	  135.22	  100.01	  399.95	    0.02	   99.91	    0.00	    0.00
5	4	    0.00	  837.30	    0.00	    0.00	    0.00	 3161.51	 1030.87	 1803.00	    0.00	    0.00	    0.00	    0.00	    0.00	    0.00	    0.00	 1461.56	    0.05	  202.00	    0.02	  307.52	    0.00	    0.00	    0.00	    0.00
5	7	 2199.98	 1499.92	  394.63	 1735.53	  979.25	 3500.11	    0.00	    0.00	    0.11	    0.11	    2.97	 1636.44	  541.46	    0.02	    0.00	    0.00	    0.00	    0.00	    0.00	    0.00	    0.00	    0.00	    0.00	    0.00
6	7	    0.00	    0.00	    0.00	    0.00	    0.00	    0.00	 4178.74	    0.00	    0.00	    0.00	    0.00	    0.00	    0.00	  399.81	  600.22	  385.81	  139.95	  999.51	  999.59	 2599.64	  500.01	  799.79	  299.98	  200.00
6	17	  430.56	  336.67	    7.86	  430.79	  119.31	  985.80	 7921.26	 4519.91	  828.72	    0.56	    0.11	  216.99	    0.03	    0.00	    0.00	    0.00	    0.02	    0.00	    0.00	    0.00	    0.00	    0.00	    0.00	    0.00
7	5	    0.00	    0.00	    0.00	    0.00	    0.00	    0.00	 2273.10	 4050.17	    0.00	    0.09	    0.00	    0.00	    0.00	    0.00	    0.46	 3355.38	  700.64	  437.22	  299.98	 1007.46	  100.01	  299.85	    0.00	    0.01
7	6	  930.56	  536.67	  107.86	  830.79	  319.31	 1385.80	    0.00	 5519.91	 1428.68	    2.42	    0.58	  916.99	   62.37	    0.00	    0.00	    0.00	    0.08	    0.00	    0.00	    0.00	    0.00	    0.00	    0.00	    0.00
7	8	    0.00	    0.00	    0.00	    0.00	    0.00	    0.00	  905.64	 3749.77	    0.00	    0.00	    0.00	    0.00	    0.00	    0.00	    0.00	 1272.34	    0.00	  262.38	    0.00	  692.41	    0.04	    0.00	    0.00	    0.00
7	15	  469.65	  563.28	  171.06	  677.17	  423.32	 1314.38	    0.00	 3380.15	  914.49	    0.00	    0.04	  471.68	    0.18	    0.00	    0.00	    0.00	    0.00	    0.00	    0.00	    0.00	    0.00	    0.00	    0.00	    0.00
8	4	    0.00	    0.00	    0.00	    0.00	    0.00	    0.00	  301.64	  554.02	 4100.29	 5860.31	    0.00	    0.00	    0.00	    0.00	 1654.54	  473.41	 1385.32	   62.35	  623.56	   92.54	   97.11	  598.67	    0.00	    0.00
8	7	    0.23	    0.03	   84.29	  472.43	  263.37	    0.07	    0.00	    0.00	 3143.05	 1602.20	  797.66	  352.23	  121.09	    0.05	    0.00	    0.00	    0.17	    0.00	    0.00	    0.00	    0.00	    0.00	    0.00	    0.00
8	9	 2498.71	  699.67	  520.86	 2890.38	 1854.08	  999.69	    4.06	 2395.83	 8956.66	    0.00	    0.00	  534.59	  395.32	    0.00	    0.00	    0.18	    0.00	    0.05	    0.00	    0.00	    0.00	    0.00	    0.00	    0.00
9	8	    0.00	    0.00	    0.00	    0.00	    0.00	    0.00	    0.04	    0.00	    0.00	10262.51	 2197.53	    0.30	    0.25	  600.05	 2654.54	  601.21	 2285.49	    0.01	 1023.56	    0.11	  397.07	 1298.67	  500.00	    0.17
9	10	    0.00	    0.00	    0.00	    0.00	    0.00	    0.00	  498.89	  795.90	 1717.24	 8411.09	    0.00	    0.00	    0.00	    0.00	 1279.12	 1571.53	 1913.44	  199.91	  421.97	  428.40	    1.86	  489.37	    0.00	    0.00
9	14	  799.94	   99.92	  100.01	 1099.42	  596.85	  199.81	    0.00	    0.00	 3082.71	14593.18	 1896.46	  657.18	    3.99	    0.00	    0.00	    0.00	    0.61	    0.00	    0.00	    0.00	    0.00	    0.00	    0.00	    0.00
9	15	    0.00	    0.00	   21.06	   91.94	   57.46	    0.00	    0.00	    0.00	  456.94	 8032.43	 2175.64	  210.43	    0.09	    0.00	    0.00	    0.00	    0.00	    0.00	    0.00	    0.00	    0.00	    0.00	    0.00	    0.00
9	16	  399.65	    0.04	   99.99	  499.92	  199.93	    0.03	    0.06	    0.09	  899.77	 3900.78	 1000.24	  599.87	  499.89	    0.07	    0.09	    0.09	    0.00	    0.04	    0.05	    0.11	    0.04	    0.11	    0.04	    0.02
10	3	    0.00	    0.00	    0.00	    0.00	    0.00	    0.00	    0.00	    0.00	    0.00	    0.16	 3404.00	    0.00	    0.00	 1200.26	    2.58	    0.00	    0.32	    0.00	    1.15	    0.14	    0.09	    1.25	  697.90	    0.05
10	9	    0.88	    0.25	    0.20	    0.90	    0.15	    0.10	    0.00	    0.00	    0.00	    0.00	11169.86	 2933.19	 2008.91	 1112.76	    0.00	    0.00	    0.00	    0.00	    0.00	    0.00	    0.15	    0.41	  330.02	   50.85
10	11	    0.00	    0.00	    0.00	    0.00	    0.00	    0.00	    0.00	    0.00	    0.12	 3239.67	 2400.01	    0.00	    0.00	  714.37	  647.97	  171.79	  913.72	    0.01	  277.25	    0.00	    0.00	    0.00	    0.00	    0.00
10	13	  300.31	  100.04	  100.05	  999.62	  199.87	  199.81	    0.00	    0.02	  317.80	 1171.39	 5326.12	 1043.30	   19.00	    0.00	    0.00	    0.00	    0.03	    0.00	    0.00	    0.00	    0.00	    0.00	    0.00	    0.00
11	2	    0.00	    0.00	    0.00	    0.00	    0.00	    0.00	    0.00	    0.00	    0.00	    0.00	    0.14	 4623.24	 3557.81	    0.18	    0.04	    0.00	    0.00	    0.00	    0.00	    0.00	  302.84	  500.35	  402.22	  599.79
11	10	    0.71	    0.27	    0.36	    0.06	    0.02	    0.06	    0.00	    0.00	    0.00	    0.00	    0.00	 5376.20	 3027.70	    0.00	    0.00	    0.00	    0.00	    0.00	    0.00	    0.00	    0.34	    0.00	    0.00	    0.83
11	12	 1399.89	  300.10	  299.98	 1001.14	  203.28	  300.23	   73.73	  600.00	  799.62	 1900.00	 1000.92	 3900.55	    0.00	   15.36	    5.50	    0.76	  499.97	    0.05	    1.93	    0.00	    0.00	    0.00	    0.00	    0.00
12	11	    0.00	    0.00	    0.00	    0.00	    0.00	    0.00	    0.06	    0.00	    0.00	    0.00	    0.00	    0.00	 7885.52	    0.80	    0.00	    0.31	    0.00	    0.55	    0.00	  499.90	  603.15	 1200.27	 1102.14	 1100.62
12	23	  899.89	    0.10	  199.98	  401.14	    3.28	  100.23	    0.00	    0.00	  199.62	    0.00	    0.92	 2600.55	 6714.48	    0.00	    0.00	    0.00	    0.00	    0.00	    0.00	    0.00	    0.00	    0.00	    0.00	    0.00
13	10	    0.00	    0.00	    0.00	    0.00	    0.00	    0.00	    0.06	    0.00	    0.00	    0.00	    0.00	    0.00	    0.00	 4627.34	  771.39	    0.17	    0.60	    0.02	  256.42	  171.72	  398.02	  612.25	 2327.88	  650.05
13	14	    0.17	    0.03	    0.02	    0.18	    0.05	    0.03	    0.00	    0.00	    0.00	    0.00	 1032.15	  343.00	   85.42	 6253.84	    0.00	    0.00	    0.00	    0.00	    0.00	    0.00	    0.00	    0.00	 1210.39	  111.45
13	22	    0.15	    0.01	    0.02	  499.46	   99.82	   99.78	    0.00	    0.00	  192.84	  799.28	 2694.02	    0.32	    0.41	 3218.82	  434.72	    0.00	  222.47	    0.00	  134.99	    0.00	    0.00	    0.00	    0.00	    0.00
14	9	    0.00	    0.00	    0.00	    0.00	    0.00	    0.00	    0.00	    0.00	    0.00	    0.00	    0.00	    0.00	    0.00	 1587.36	 7933.75	    0.23	    0.65	    0.04	 3245.43	 1723.07	 1598.83	 4387.74	 1970.02	  749.34
14	13	    0.00	    0.00	    0.00	    0.00	    0.00	    0.00	  199.53	  399.06	  475.03	 1727.89	    0.05	    0.00	    0.00	    0.00	 2506.10	  699.42	  923.04	   99.76	  691.40	  670.29	    0.84	  686.56	    0.00	    0.00
14	18	  300.11	    0.05	    0.03	  200.16	  100.02	    0.04	    0.01	    0.02	  400.31	 3264.61	  822.88	  300.18	  281.50	 2897.82	 5900.28	    0.04	    0.31	    0.01	    0.00	    0.04	  559.14	 2899.86	  899.96	  257.60
14	21	    0.00	    0.00	    0.00	  399.43	  296.87	    0.00	    0.00	    0.00	 1307.36	 5600.68	  705.68	    0.00	    0.00	  468.66	 5059.87	    0.18	 2468.59	    0.00	 2097.45	    0.00	    0.00	    0.00	    0.00	    0.00
15	7	    0.00	    0.00	    0.00	    0.00	    0.00	    0.00	    0.00	    0.00	    0.00	    0.20	    0.00	    0.00	    0.00	    0.12	    0.23	 6441.91	 1960.60	    0.09	    0.39	    0.23	    0.03	    0.06	    0.02	    0.01
15	9	    0.00	    0.04	    0.00	    0.00	    0.00	    0.05	 2394.79	    0.16	    0.00	    0.00	    0.00	    0.00	    0.00	    0.00	    0.00	 6571.48	    0.43	  899.72	    0.15	 1205.12	    0.00	    0.00	    0.00	    0.00
15	16	    0.32	  199.96	    0.01	    0.05	    0.06	  500.02	 1000.26	 1400.21	    0.09	    0.38	    0.07	    0.04	    0.00	    0.00	    0.00	 5960.95	    0.00	  600.21	    0.00	 1543.20	  352.63	    0.07	    0.03	  129.58
15	17	    0.03	    0.02	    0.00	    0.03	    0.01	    0.06	    0.00	    0.28	    0.15	 3634.31	  776.31	    0.07	    0.01	    0.02	    0.21	 7125.67	 3749.60	    0.00	    0.22	    0.00	    0.00	    0.00	    0.00	    0.00
16	9	    0.00	    0.00	    0.00	    0.00	    0.00	    0.00	    0.14	    0.00	    0.00	    0.00	    0.00	    0.00	    0.00	    0.00	    0.00	    0.94	 8098.45	    0.15	    0.00	    0.42	    0.00	    0.00	    0.00	    0.00
16	15	    0.06	    0.00	    0.02	    0.10	    0.00	    0.00	    0.00	    0.00	    0.09	    2.19	    0.60	    0.09	    0.07	  691.47	 1186.61	    0.00	 8510.55	    0.00	 1285.82	    0.00	    0.04	    0.08	    0.03	    0.02
16	18	    0.02	    0.01	    0.00	    0.01	    0.01	    0.05	    0.19	    0.30	    0.03	    0.12	    0.00	    0.00	    0.00	    0.00	    0.00	 3160.10	 6791.00	    0.10	    0.00	    0.00	    0.00	    0.00	    0.00	    0.00
17	6	    0.00	    0.00	    0.00	    0.00	    0.00	    0.00	    0.00	    0.00	    0.04	 1898.14	  499.53	    0.00	  337.67	  599.81	 1100.22	 1785.81	 1139.89	 1199.51	 1399.59	 3099.64	  700.01	 1299.79	  499.98	  300.00
17	15	   30.64	   36.74	    7.86	   30.87	   19.29	   85.75	 4795.06	  220.50	   28.72	    0.28	    0.09	   17.92	  599.66	    8.68	   13.83	    0.00	    0.09	 2000.02	   14.94	 4348.55	  952.62	 1200.05	  500.01	  429.57
17	19	  299.95	  299.95	    0.00	  299.95	  100.02	  800.10	 2926.20	 3999.68	  600.11	 1036.61	  176.82	    0.03	    0.00	    0.00	    0.00	 4839.86	 2009.75	 1600.47	    0.00	    0.00	    0.00	    0.00	    0.00	    0.00
18	14	    0.00	    0.10	    0.00	    0.00	    0.00	    0.20	  699.50	  999.02	    0.00	    0.00	    0.00	    0.00	    0.00	    0.00	    0.00	 1899.74	 4891.98	  299.79	 6834.28	 3493.06	    0.12	    0.29	    0.12	    0.05
18	16	    0.12	    0.02	    0.03	    0.15	    0.02	    0.00	    0.00	    0.00	    0.26	    1.14	    0.29	    0.18	    0.18	 1391.39	 2686.52	    0.00	    0.00	    0.00	 2985.77	  157.11	  247.37	 1699.90	  599.97	  170.42
18	19	    0.01	    0.00	    0.00	    0.03	    0.01	    0.02	    0.00	    0.00	    0.07	 1463.59	  422.58	    0.00	    0.00	 1206.43	 2413.76	    0.00	  199.33	    0.00	 2979.95	    0.00	    0.00	    0.00	    0.00	    0.00
19	17	    0.00	    0.00	    0.00	    0.00	    0.00	    0.00	    0.00	    0.00	    0.00	    0.16	    0.02	    0.89	 1037.29	  708.47	 1313.84	    0.00	    0.11	    0.00	 1714.30	 7848.19	 1752.64	 2799.84	 1100.00	  729.57
19	18	    0.00	  100.06	    0.00	    0.00	    0.00	  200.13	 1099.30	 1698.70	    0.00	    0.00	    0.00	    0.00	   18.69	    0.01	    0.00	   39.60	    0.00	  599.68	    0.00	 4850.14	   88.36	    0.33	    0.13	   12.88
19	20	    0.00	    0.00	    0.00	    0.01	    0.02	  100.01	  626.71	  600.54	    0.05	    0.04	    0.01	    0.01	    0.02	    0.01	    0.03	 1500.44	  508.63	  200.72	   65.72	 2700.97	    0.00	    0.06	    0.02	    0.02
19	21	    0.00	   99.89	    0.00	    0.01	    0.01	  199.98	  700.20	  800.44	    0.13	    0.16	    0.03	    0.00	    0.00	    0.00	    0.13	 1699.81	    0.40	  400.07	    0.06	 3100.71	    0.13	    0.00	    0.00	    0.00
20	19	    0.00	    0.00	    0.00	    0.00	    0.00	    0.00	    0.00	    0.00	    0.00	    0.08	    0.02	  400.79	 1655.84	    0.06	    0.12	    0.00	    0.05	    0.00	    0.13	    0.00	 3041.13	    0.16	    1.79	 1142.21
20	21	  262.79	    0.09	   65.70	    0.03	    0.00	    0.02	    0.04	    0.06	    0.00	    0.00	    0.00	  459.88	 1466.21	    0.00	    0.00	    0.12	    0.00	    0.03	    0.00	    0.30	 4761.36	    0.00	    0.00	 1600.24
20	23	    0.00	    0.00	    0.00	    0.00	    0.00	    0.01	  426.67	  200.49	    0.31	  489.99	    0.00	    0.00	    0.00	    0.00	  686.28	  900.38	  192.22	  100.70	  254.17	 1500.67	 3197.51	 2356.92	    0.00	    0.00
21	14	    0.00	    0.00	    0.00	    0.00	    0.00	    0.00	    0.04	    0.06	    0.00	    0.00	    0.00	    0.00	  892.09	    0.00	    0.00	    0.12	    0.00	    0.02	    0.00	    0.34	 2958.68	10573.87	 2659.47	 1295.42
21	19	    0.04	    0.00	    0.00	    0.04	    0.00	    0.00	    0.00	    0.00	    0.00	    0.08	    0.65	    0.07	    0.15	    2.00	    0.11	    0.00	    0.00	    0.00	    0.00	    0.00	    0.00	 5200.06	 1798.35	    0.26
21	20	    0.01	    0.00	    0.00	    0.02	   96.92	    0.00	    0.00	    0.00	  300.26	 1690.03	    1.74	    0.04	    0.07	    0.68	 1486.38	    0.06	  283.65	    0.00	  588.58	    0.00	    0.00	 4157.02	    0.62	    0.00
21	22	    0.00	    0.00	    0.00	    0.00	    0.00	    0.01	  200.20	  300.44	  307.24	 1310.74	    0.00	    0.00	    0.00	    0.00	  973.51	  499.93	  485.34	  100.07	  308.93	  700.67	    2.81	 4469.05	    0.00	    0.00
22	13	    0.01	    0.00	    0.00	    0.02	    0.00	    0.00	    0.53	    0.93	    0.00	    0.00	    0.00	    0.02	  666.83	    0.00	    0.00	    0.76	    0.00	    0.26	    0.01	    1.44	  797.18	 1125.69	 4638.27	 1161.51
22	21	  137.26	    0.02	   34.30	    0.58	    0.05	    0.00	    0.00	    0.00	    0.00	    0.00	  396.67	  240.23	  726.10	  734.02	    0.00	    0.00	    0.00	    0.00	    0.00	    0.00	    0.00	    0.00	 6558.44	  795.44
22	23	    0.01	    0.00	    0.00	    0.02	    0.00	    0.01	    0.04	    0.09	    0.07	  310.01	  997.39	    0.06	    0.00	 1384.80	  408.22	    0.13	  107.81	    0.00	  143.91	    0.57	    0.18	 1243.86	 3303.29	    0.00
23	12	    0.00	    0.00	    0.00	    0.00	    0.00	    0.00	  326.33	    0.00	    0.00	    0.00	    0.00	    0.00	    0.00	  585.44	  694.50	  599.55	    0.03	  100.50	  298.07	 1099.90	 1203.15	 2500.27	 1902.14	 1800.62
23	20	  362.77	    0.09	   65.70	  200.00	    3.05	    0.03	    0.00	    0.00	    0.01	    0.00	  398.27	 1160.63	 3721.96	  399.36	    0.00	    0.00	    0.00	    0.00	    0.00	    0.00	    0.00	    0.00	  701.16	 3242.43
23	22	  437.13	    0.01	  134.28	    1.16	    0.23	    0.23	    0.38	    0.58	    0.00	    0.00	    0.04	  939.99	 2192.52	    0.00	    0.00	    0.96	    0.00	    0.19	    0.00	    1.33	 1494.55	    0.51	    0.00	 2656.95
