i	j	       0	       1	       2	       3	       4	       5	       6	       7	       8	       9	      10	      11	      12	      13	      14	      15	      16	      17	      18	      19	      20	      21	      22	      23
0	1	 2700.42	    0.00	  250.70	  200.02	   15.07	    0.00	    0.01	    0.01	   30.14	   90.49	  200.02	  427.75	  444.51	  100.00	   15.14	    0.01	    0.03	    0.00	    0.02	    0.00	    0.01	    0.13	    0.07	   26.61
0	2	 6099.58	 1180.21	    0.00	    0.00	    0.00	  232.33	  137.31	  237.69	    0.00	    0.00	    0.00	    0.00	    0.00	    0.00	    0.00	  102.20	    0.00	   33.96	    0.00	    0.02	    0.00	    0.00	    0.00	    0.00
1	0	    0.00	 1280.21	    0.00	    0.00	    0.00	  532.33	  637.29	 1037.66	    0.00	    0.00	    0.00	    0.00	    0.00	    0.00	    0.00	  602.18	    0.51	  133.96	    0.02	  299.98	    0.00	    0.01	    0.00	    0.00
1	5	 2600.42	 2719.79	  150.70	    0.03	    0.00	    0.00	    0.00	    0.00	    0.00	    0.00	    0.03	  327.75	  144.51	    0.01	    0.00	    0.00	    0.00	    0.00	    0.00	    0.00	    0.01	    0.02	    0.07	   26.61
2	0	    0.00	    0.00	  350.70	  700.02	  215.07	    0.00	    0.02	    0.04	  530.14	 1390.49	  700.02	  627.75	  944.51	  400.00	  515.14	    0.03	  399.52	    0.00	  300.00	    0.04	  100.00	  400.12	  300.07	  126.61
2	3	 4499.21	  680.03	 1949.10	    0.00	    0.00	    0.00	    0.00	    0.00	    0.00	    0.00	    0.00	 3783.50	 2443.58	    0.07	    0.00	    0.00	    0.00	    0.00	    0.00	    0.00	  203.04	    0.26	    2.47	  473.26
2	11	 1500.37	  400.18	  500.20	 1602.19	  404.22	  500.47	  785.24	 1200.00	 1399.80	  649.32	    0.40	    0.00	    0.00	    0.08	   56.90	  539.35	  183.14	  199.64	   24.39	    0.06	    0.00	    0.00	    0.00	    0.00
3	2	    0.00	    0.00	    0.00	 2502.21	  719.29	  568.14	  747.95	 1162.35	 2029.95	 2339.73	  999.84	    0.00	    0.00	  499.76	  671.97	  637.18	  682.63	  165.69	  324.37	    0.08	    0.01	    0.08	    0.06	    0.01
3	4	 3198.13	  179.97	 1348.95	 6697.67	    0.00	    0.00	    0.00	    0.00	    0.00	    0.17	  903.84	 3183.18	 1843.36	  200.02	    0.06	    0.00	    0.02	    0.00	    0.03	    0.01	    3.08	    0.05	  199.92	  273.27
3	10	  801.08	  300.09	  400.14	 2400.12	  699.79	  599.64	    0.06	    7.32	    0.31	    0.14	    0.00	    0.32	    0.22	    0.06	    0.05	    0.10	    0.03	    0.01	    0.01	    0.02	    0.01	    0.04	    0.04	    0.02
4	3	    0.00	    0.04	    0.00	    0.00	 1919.08	 1567.77	 1148.01	 1869.67	 2730.26	 3538.22	    0.00	    0.00	    0.00	    0.00	 1169.50	 1437.28	 1182.13	  265.70	  523.33	  300.05	    0.02	  398.33	    0.00	    0.00
4	5	    0.00	    0.00	  542.34	 2119.22	 1255.10	    0.00	    0.01	    0.03	  569.98	 1309.46	  403.70	 1501.23	  538.35	  100.03	  284.74	    0.03	    0.04	    0.00	    0.04	    0.01	    0.01	    0.02	   99.92	   73.38
4	8	 2998.13	  899.79	  706.61	 4078.45	 2925.81	 1399.98	    0.02	    0.08	    0.00	    0.00	    0.14	 1481.96	 1105.00	    0.00	    0.00	    0.05	    0.00	    0.01	    0.00	    0.02	    0.00	    0.00	    0.00	  199.89
5	1	    0.00	    0.00	    0.00	    0.01	   84.93	  932.33	  837.28	 1437.65	  169.86	  509.51	    0.01	    0.00	    0.00	    0.01	   84.86	 1002.17	  200.48	  133.96	  100.00	  399.98	    0.00	   99.91	    0.00	    0.00
5	4	    0.01	  819.85	    0.00	    0.00	    0.00	 3167.76	 1045.13	 1814.72	    0.00	    0.00	    0.00	    0.00	    0.00	    0.00	    0.00	 1445.55	    0.20	  203.58	    0.02	  306.17	    0.02	    0.00	    0.00	    0.00
5	7	 2300.41	 1499.94	  393.04	 1719.24	  970.18	 3499.92	    0.00	    0.00	    0.12	    0.05	    3.72	 1628.97	  482.86	    0.03	    0.00	    0.00	    0.00	    0.00	    0.00	    0.00	    0.00	    0.00	    0.00	    0.00
6	7	    0.00	    0.00	    0.00	    0.00	    0.00	    0.00	 4188.67	    0.00	    0.00	    0.00	    0.00	    0.00	    0.00	  399.94	  599.95	  386.91	  134.87	  999.42	  999.73	 2599.09	  500.21	  799.87	  299.98	  199.99
6	17	  527.45	  332.87	    8.63	  433.87	  121.19	  976.78	 7911.33	 4496.89	  823.70	    0.31	    0.12	  222.99	    0.04	    0.00	    0.00	    0.00	    0.02	    0.00	    0.00	    0.00	    0.00	    0.00	    0.00	    0.00
7	5	    0.00	    0.00	    0.00	    0.00	    0.00	    0.00	 2282.40	 4052.34	    0.00	    0.10	    0.00	    0.00	    0.00	    0.00	    0.12	 3347.68	  700.65	  437.53	  299.99	 1006.13	  100.01	  299.86	    0.00	    0.01
7	6	 1027.45	  532.87	  108.63	  833.87	  321.19	 1376.78	    0.00	 5496.89	 1423.65	    4.14	    1.30	  922.81	    1.54	    0.00	    0.00	    0.00	    0.09	    0.00	    0.00	    0.00	    0.00	    0.00	    0.00	    0.00
7	8	    0.00	    0.00	    0.00	    0.00	    0.00	    0.00	  906.27	 3747.60	    0.00	    0.00	    0.00	    0.00	    0.00	    0.00	    0.00	 1276.00	    0.00	  261.99	    0.00	  693.21	    0.24	    0.07	    0.00	    0.00
7	15	  473.03	  567.11	  174.59	  690.51	  431.57	 1323.21	    0.00	 3403.17	  854.06	    0.00	    0.05	  468.61	    0.43	    0.00	    0.00	    0.00	    0.00	    0.00	    0.00	    0.00	    0.00	    0.00	    0.00	    0.00
8	4	    0.00	    0.00	    0.00	    0.00	    0.00	    0.00	  302.92	  555.06	 4100.24	 5847.51	    0.00	    0.00	    0.00	    0.00	 1654.18	  491.81	 1381.94	   62.14	  623.31	   93.90	   96.93	  598.29	    0.00	    0.00
8	7	    0.07	    0.03	   90.17	  505.15	  282.58	    0.08	    0.00	    0.00	 3077.59	 1603.97	  797.63	  362.45	  119.11	    0.00	    0.00	    0.00	    0.19	    0.00	    0.00	    0.00	    0.00	    0.00	    0.00	    0.00
8	9	 2498.07	  699.75	  516.44	 2873.30	 1843.24	  999.91	    3.42	 2392.62	 9022.17	    0.00	    0.00	  519.55	  385.94	    0.00	    0.00	    0.21	    0.00	    0.05	    0.00	    0.00	    0.00	    0.00	    0.00	    0.00
9	8	    0.00	    0.00	    0.00	    0.00	    0.00	    0.00	    0.04	    0.00	    0.00	10251.48	 2197.49	    0.04	    0.04	  600.00	 2654.18	  615.97	 2282.13	    0.20	 1023.31	    0.67	  396.70	 1298.23	  500.00	    0.11
9	10	    0.00	    0.00	    0.00	    0.00	    0.00	    0.00	  499.80	  792.70	 1717.99	 8418.72	    0.00	    0.00	    0.00	    0.00	 1278.21	 1560.26	 1917.37	  199.94	  422.34	  423.49	    1.44	  492.35	    0.00	    0.00
9	14	  799.88	  100.02	   99.99	 1099.21	  596.10	  200.01	    0.00	    0.00	 3081.82	14617.05	 1885.55	  655.18	    1.63	    0.00	    0.00	    0.00	    0.67	    0.00	    0.00	    0.00	    0.00	    0.00	    0.00	    0.00
9	15	    0.00	    0.00	   16.79	   75.65	   47.28	    0.00	    0.00	    0.00	  522.51	 8012.22	 2165.61	  207.65	    0.25	    0.00	    0.00	    0.00	    0.00	    0.00	    0.00	    0.00	    0.00	    0.00	    0.00	    0.00
9	16	  399.49	    0.01	   99.98	  499.92	  199.95	    0.04	    0.07	    0.10	  899.86	 3900.54	 1000.04	  599.90	  499.92	    0.05	    0.11	    0.10	    0.00	    0.04	    0.06	    0.12	    0.04	    0.12	    0.04	    0.02
10	3	    0.00	    0.00	    0.00	    0.00	    0.00	    0.00	    0.00	    0.00	    0.00	    1.82	 3403.69	    0.00	    0.00	 1199.77	    2.58	    0.00	    0.56	    0.00	    1.09	    0.07	    0.04	    1.59	  697.55	    0.04
10	9	    1.30	    0.23	    0.32	    1.48	    0.09	    0.08	    0.00	    0.00	    0.00	    0.00	11148.68	 2943.23	 2015.90	 1108.88	    0.00	    0.00	    0.00	    0.00	    0.00	    0.00	    0.00	    0.00	  340.71	   45.97
10	11	    0.00	    0.00	    0.00	    0.00	    0.00	    0.00	    0.00	    0.00	    0.09	 3250.82	 2400.80	    0.00	    0.00	  713.99	  646.24	  160.36	  916.85	    0.04	  276.72	    0.10	    0.08	    0.19	    0.14	    0.05
10	13	  300.21	  100.02	  100.04	  998.71	  199.72	  199.62	    0.00	    0.02	  318.21	 1166.22	 5346.83	 1044.65	    6.24	    0.00	    0.00	    0.00	    0.00	    0.00	    0.00	    0.00	    0.00	    0.00	    0.00	    0.00
11	2	    0.00	    0.00	    0.00	    0.00	    0.00	    0.00	    0.00	    0.00	    0.00	    0.08	    0.57	 4611.25	 3488.09	    0.40	    0.07	    0.00	    0.02	    0.00	    0.01	    0.00	  303.03	  500.29	  402.49	  599.86
11	10	    0.43	    0.16	    0.22	    0.07	    0.02	    0.06	    0.00	    0.00	    0.00	    0.00	    0.00	 5387.56	 3021.92	    0.00	    0.00	    0.00	    0.00	    0.00	    0.00	    0.00	    0.20	    0.00	    0.00	    0.30
11	12	 1299.94	  300.02	  299.98	 1002.12	  204.20	  300.41	   85.30	  600.00	  799.89	 1900.07	 1000.62	 3901.20	    0.00	   13.79	    3.10	    0.49	  499.96	    0.04	    1.11	    0.06	    0.06	    0.12	    0.08	    0.00
12	11	    0.00	    0.00	    0.00	    0.00	    0.00	    0.00	    0.06	    0.00	    0.00	    0.00	    0.00	    0.00	 7810.01	    0.12	    0.02	    0.78	    0.00	    0.35	    0.01	  499.90	  603.21	 1200.23	 1102.42	 1100.12
12	23	  799.94	    0.02	  199.98	  402.12	    4.20	  100.41	    0.00	    0.00	  199.89	    0.07	    0.62	 2601.20	 6789.99	    0.00	    0.00	    0.00	    0.00	    0.00	    0.00	    0.00	    0.00	    0.00	    0.00	    0.00
13	10	    0.00	    0.00	    0.00	    0.00	    0.00	    0.00	    0.14	    0.00	    0.00	    0.00	    0.00	    0.00	    0.00	 4622.57	  770.56	    0.00	    0.00	    0.08	  255.46	  176.66	  398.47	  609.39	 2338.36	  645.73
13	14	    0.15	    0.01	    0.02	    0.17	    0.04	    0.03	    0.00	    0.00	    0.00	    0.00	 1041.29	  344.87	   86.86	 6252.84	    0.00	    0.00	    0.00	    0.00	    0.00	    0.00	    0.00	    0.00	 1195.98	  113.04
13	22	    0.08	    0.01	    0.02	  498.56	   99.68	   99.60	    0.00	    0.00	  193.90	  799.26	 2705.59	    0.24	    0.31	 3224.59	  433.05	    0.00	  220.99	    0.00	  135.49	    0.00	    0.00	    0.00	    0.00	    0.00
14	9	    0.00	    0.00	    0.00	    0.00	    0.00	    0.00	    0.00	    0.00	    0.00	    0.00	    0.00	    0.00	    0.00	 1591.18	 7932.50	    0.25	    1.94	    0.04	 3245.54	 1721.48	 1598.18	 4390.70	 1959.33	  754.16
14	13	    0.00	    0.00	    0.00	    0.00	    0.01	    0.01	  199.88	  399.57	  475.69	 1733.05	    0.00	    0.00	    0.00	    0.00	 2503.61	  699.31	  920.99	   99.93	  690.94	  675.56	    0.20	  682.77	    0.00	    0.00
14	18	  300.03	    0.04	    0.01	  200.06	  100.02	    0.04	    0.01	    0.02	  400.13	 3283.38	  832.66	  300.05	  281.35	 2897.50	 5899.75	    0.05	    0.34	    0.01	    0.00	    0.04	  564.50	 2899.85	  899.96	  261.41
14	21	    0.00	    0.00	    0.00	  399.31	  296.11	    0.00	    0.00	    0.00	 1306.00	 5600.62	  694.18	    0.00	    0.00	  464.17	 5064.14	    0.19	 2500.51	    0.00	 2099.15	    0.00	    0.00	    0.00	    0.00	    0.00
15	7	    0.00	    0.00	    0.00	    0.00	    0.00	    0.00	    0.00	    0.00	    0.00	    0.22	    0.00	    0.00	    0.00	    0.03	    0.17	 6436.78	 1965.68	    0.10	    0.26	    0.25	    0.04	    0.06	    0.02	    0.02
15	9	    0.00	    0.04	    0.00	    0.00	    0.00	    0.06	 2396.35	    0.18	    0.00	    0.00	    0.00	    0.00	    0.00	    0.00	    0.00	 6573.69	    0.48	  899.82	    0.16	 1202.45	    0.00	    0.00	    0.00	    0.00
15	16	    0.50	  200.02	    0.01	    0.05	    0.04	  500.06	 1000.35	 1400.61	    0.10	    0.42	    0.07	    0.04	    0.00	    0.00	    0.00	 5964.09	    0.00	  600.39	    0.00	 1546.94	  347.50	    0.08	    0.03	  124.57
15	17	    0.04	    0.02	    0.00	    0.03	    0.01	    0.06	    0.00	    0.30	    0.17	 3613.04	  765.88	    0.31	    0.01	    0.02	    0.12	 7125.45	 3747.69	    0.00	    0.12	    0.00	    0.00	    0.00	    0.00	    0.00
16	9	    0.00	    0.00	    0.00	    0.00	    0.00	    0.00	    0.15	    0.00	    0.00	    0.00	    0.00	    0.00	    0.00	    0.00	    0.00	    2.18	 8097.76	    0.26	    0.00	    0.35	    0.00	    0.00	    0.00	    0.00
16	15	    0.00	    0.00	    0.00	    0.00	    0.00	    0.00	    0.00	    0.00	    0.00	    1.16	    0.20	    0.00	    0.00	  690.85	 1185.30	    0.00	 8513.75	    0.00	 1284.35	    0.00	    0.04	    0.09	    0.04	    0.02
16	18	    0.02	    0.05	    0.00	    0.01	    0.01	    0.10	    0.27	    0.70	    0.03	    0.13	    0.00	    0.00	    0.00	    0.00	    0.00	 3162.00	 6788.49	    0.17	    0.00	    0.00	    0.00	    0.00	    0.00	    0.00
17	6	    0.00	    0.00	    0.00	    0.00	    0.00	    0.00	    0.00	    0.00	    0.04	 1896.17	  498.82	    0.18	  398.50	  599.94	 1099.95	 1786.91	 1134.80	 1199.42	 1399.73	 3099.09	  700.21	 1299.87	  499.98	  299.99
17	15	   27.50	   32.97	    8.63	   33.92	   21.20	   76.97	 4796.70	  197.92	   23.70	    0.31	    0.10	   24.10	  599.33	    9.21	   14.99	    0.00	    0.10	 2000.31	   16.19	 4349.63	  947.49	 1200.05	  500.02	  424.57
17	19	  399.98	  299.91	    0.00	  299.99	  100.00	  799.87	 2914.64	 3999.28	  600.13	 1017.05	  167.14	    0.03	    0.00	    0.00	    0.00	 4838.54	 2012.93	 1600.28	    0.00	    0.00	    0.00	    0.00	    0.00	    0.00
18	14	    0.00	    0.01	    0.00	    0.00	    0.00	    0.01	  699.67	  999.53	    0.00	    0.00	    0.00	    0.00	    0.00	    0.00	    0.00	 1899.67	 4923.11	  299.89	 6835.63	 3495.51	    0.13	    0.32	    0.13	    0.06
18	16	    0.03	    0.02	    0.01	    0.04	    0.02	    0.00	    0.00	    0.00	    0.08	    0.33	    0.09	    0.05	    0.08	 1390.80	 2685.20	    0.00	    0.00	    0.00	 2984.29	  153.30	  252.50	 1699.89	  599.97	  175.43
18	19	    0.01	    0.00	    0.00	    0.03	    0.01	    0.02	    0.00	    0.00	    0.08	 1483.18	  432.58	    0.00	    0.00	 1206.71	 2414.56	    0.00	  165.73	    0.00	 2980.08	    0.00	    0.00	    0.00	    0.00	    0.00
19	17	    0.00	    0.00	    0.00	    0.00	    0.00	    0.00	    0.00	    0.00	    0.00	    0.18	    0.06	    1.01	 1097.78	  709.12	 1314.82	    0.00	    0.12	    0.00	 1715.80	 7848.73	 1747.70	 2799.92	 1099.99	  724.56
19	18	    0.00	   99.94	    0.00	    0.00	    0.00	  199.89	 1099.39	 1698.80	    0.00	    0.00	    0.00	    0.00	   18.73	    0.01	    0.00	   37.62	    0.00	  599.71	    0.00	 4848.77	   88.14	    0.36	    0.14	   14.07
19	20	  100.00	    0.00	    0.00	    0.01	    0.00	  100.01	  615.11	  600.50	    0.09	    0.04	    0.01	    0.01	    0.02	    0.01	    0.03	 1501.07	  478.51	  200.51	   64.36	 2700.92	    0.00	    0.06	    0.02	    0.02
19	21	    0.00	   99.97	    0.00	    0.01	    0.01	  199.98	  700.14	  799.98	    0.11	    0.18	    0.04	    0.00	    0.00	    0.00	    0.14	 1699.84	    0.09	  400.06	    0.07	 3101.59	    0.15	    0.00	    0.00	    0.00
20	19	    0.00	    0.00	    0.00	    0.00	    0.00	    0.00	    0.00	    0.00	    0.00	    0.09	    0.02	  400.85	 1716.26	    0.07	    0.14	    0.00	    0.06	    0.00	    0.15	    0.00	 3035.99	    0.20	    2.60	 1138.23
20	21	  263.83	    0.01	   65.96	    0.03	    0.00	    0.02	    0.05	    0.06	    0.00	    0.00	    0.00	  461.70	 1476.09	    0.00	    0.00	    0.13	    0.00	    0.03	    0.00	    0.34	 4765.23	    0.00	    0.00	 1615.28
20	23	    0.00	    0.00	    0.00	    0.00	    0.00	    0.01	  415.06	  200.43	    0.02	  491.71	    0.00	    0.00	    0.00	    0.00	  688.35	  901.01	  211.58	  100.48	  253.94	 1500.58	 3198.78	 2336.17	    0.00	    0.00
21	14	    0.00	    0.00	    0.00	    0.00	    0.00	    0.00	    0.23	    0.07	    0.00	    0.00	    0.00	    0.00	  892.86	    0.00	    0.00	    0.13	    0.00	    0.10	    0.00	    1.57	 2962.75	10573.00	 2663.17	 1302.47
21	19	    0.00	    0.00	    0.00	    0.00	    0.00	    0.00	    0.00	    0.00	    0.00	    0.08	    0.37	    0.13	    0.27	    2.37	    0.29	    0.00	    0.00	    0.00	    0.00	    0.00	    0.00	 5200.14	 1797.56	    0.42
21	20	    0.00	    0.00	    0.00	    0.02	   96.20	    0.00	    0.00	    0.00	  299.92	 1691.76	    2.45	    0.03	    0.06	    0.80	 1488.46	    0.07	  333.14	    0.00	  589.73	    0.00	    0.00	 4136.31	    1.03	    0.05
21	22	    0.00	    0.00	    0.00	    0.00	    0.00	    0.01	  199.96	  299.98	  306.20	 1308.96	    0.00	    0.00	    0.00	    0.00	  975.53	  499.97	  467.46	   99.99	  309.48	  700.36	    2.63	 4490.55	    0.00	    0.00
22	13	    0.01	    0.00	    0.00	    0.02	    0.00	    0.00	    0.26	    0.41	    0.00	    0.00	    0.06	    0.47	  680.93	    0.00	    0.00	    0.69	    0.00	    0.15	    0.01	    1.10	  798.26	 1126.61	 4634.34	 1158.77
22	21	  136.17	    0.02	   34.04	    0.66	    0.09	    0.00	    0.00	    0.00	    0.00	    0.00	  408.60	  238.46	  717.09	  739.00	    0.00	    0.00	    0.00	    0.00	    0.00	    0.00	    0.00	    0.00	 6561.75	  787.67
22	23	    0.01	    0.00	    0.00	    0.02	    0.00	    0.01	    0.04	    0.08	    0.10	  308.22	  997.04	    0.05	    0.00	 1385.58	  408.58	    0.14	   88.45	    0.00	  144.96	    0.44	    0.10	 1264.01	 3303.90	    0.00
23	12	    0.00	    0.00	    0.00	    0.00	    0.00	    0.00	  314.76	    0.00	    0.00	    0.00	    0.00	    0.00	    0.00	  586.33	  696.93	  600.29	    0.04	  100.31	  298.90	 1099.84	 1203.15	 2500.11	 1902.35	 1800.12
23	20	  263.83	    0.01	   65.96	  200.01	    3.79	    0.03	    0.00	    0.00	    0.01	    0.00	  397.56	 1162.52	 3792.28	  399.25	    0.00	    0.00	    0.00	    0.00	    0.00	    0.00	    0.00	    0.00	  701.55	 3253.44
23	22	  436.11	    0.01	  134.03	    2.13	    0.41	    0.41	    0.34	    0.51	    0.00	    0.00	    0.10	  938.73	 2197.71	    0.00	    0.00	    0.85	    0.00	    0.17	    0.00	    1.18	 1495.73	    0.07	    0.00	 2646.44
