i	j	       0	       1	       2	       3	       4	       5	       6	       7	       8	       9	      10	      11	      12	      13	      14	      15	      16	      17	      18	      19	      20	      21	      22	      23
0	1	 2600.39	    0.00	  270.30	  200.02	   15.87	    0.00	    0.01	    0.02	   31.74	   95.53	  200.02	  472.86	  461.98	  100.00	   15.94	    0.02	    0.03	    0.00	    0.04	    0.00	    0.01	    0.09	    0.18	   29.78
0	2	 6199.61	 1168.17	    0.00	    0.00	    0.00	  235.27	  136.99	  239.06	    0.00	    0.00	    0.00	    0.00	    0.00	    0.00	    0.00	  106.82	    0.00	   34.16	    0.00	    0.02	    0.00	    0.00	    0.00	    0.00
1	0	    0.00	 1268.17	    0.00	    0.00	    0.00	  535.27	  636.97	 1039.03	    0.00	    0.00	    0.00	    0.00	    0.00	    0.00	    0.00	  606.68	    0.16	  134.15	    0.03	  299.98	    0.00	    0.02	    0.00	    0.00
1	5	 2500.39	 2731.83	  170.30	    0.04	    0.00	    0.00	    0.00	    0.00	    0.00	    0.00	    0.04	  372.86	  161.98	    0.01	    0.00	    0.00	    0.00	    0.00	    0.00	    0.00	    0.01	    0.03	    0.18	   29.78
2	0	    0.00	    0.00	  370.30	  700.02	  215.87	    0.00	    0.03	    0.05	  531.74	 1395.53	  700.02	  672.86	  961.98	  400.00	  515.94	    0.16	  399.87	    0.00	  300.01	    0.04	  100.00	  400.08	  300.18	  129.78
2	3	 4499.60	  668.03	 1929.66	    0.00	    0.00	    0.00	    0.00	    0.00	    0.00	    0.00	    0.00	 3778.60	 2470.87	    0.08	    0.00	    0.00	    0.00	    0.00	    0.00	    0.00	  203.18	    0.02	    2.34	  470.09
2	11	 1600.01	  400.14	  500.03	 1602.73	  403.25	  500.58	  736.37	 1200.00	 1399.76	  677.47	    0.98	    0.00	    0.00	    0.15	   49.10	  557.46	  191.08	  199.56	   21.04	    0.17	    0.00	    0.00	    0.00	    0.00
3	2	    0.00	    0.00	    0.00	 2502.75	  719.12	  565.31	  699.42	 1160.98	 2031.49	 2372.99	 1000.48	    0.00	    0.00	  499.83	  664.99	  650.79	  690.95	  165.41	  321.05	    0.16	    0.00	    0.18	    0.05	    0.00
3	4	 3198.09	  167.91	 1329.50	 6696.94	    0.00	    0.00	    0.00	    0.00	    0.00	    0.11	  903.46	 3177.81	 1870.43	  200.09	    0.07	    0.00	    0.01	    0.00	    0.02	    0.00	    3.27	    0.04	  199.83	  270.13
3	10	  801.51	  300.16	  400.16	 2400.32	  699.67	  599.48	    0.75	    6.39	    0.37	    0.16	    0.00	    0.79	    0.44	    0.06	    0.06	    0.11	    0.04	    0.10	    0.02	    0.02	    0.02	    0.04	    0.05	    0.02
4	3	    0.00	    0.04	    0.00	    0.00	 1918.80	 1564.79	 1100.16	 1867.37	 2731.86	 3571.27	    0.00	    0.00	    0.00	    0.00	 1162.37	 1450.90	 1190.23	  265.51	  519.95	  300.19	    0.03	  399.02	    0.00	    0.00
4	5	    0.00	    0.00	  527.97	 2154.86	 1274.72	    0.00	    0.02	    0.03	  568.41	 1304.42	  403.04	 1466.27	  544.37	  100.02	  283.71	    0.04	    0.04	    0.00	    0.04	    0.01	    0.01	    0.00	   99.77	   70.21
4	8	 2998.09	  899.85	  701.53	 4042.08	 2906.49	 1400.06	    0.02	    0.10	    0.00	    0.00	    0.42	 1511.54	 1126.06	    0.07	    0.00	    0.06	    0.00	    0.01	    0.00	    0.02	    0.00	    0.00	    0.06	  199.92
5	1	    0.00	    0.00	    0.00	    0.02	   84.13	  935.27	  836.96	 1439.02	  168.26	  504.47	    0.02	    0.00	    0.00	    0.01	   84.06	 1006.66	  200.13	  134.15	   99.99	  399.98	    0.00	   99.95	    0.00	    0.00
5	4	    0.00	  831.99	    0.00	    0.00	    0.00	 3164.85	 1001.88	 1815.49	    0.00	    0.00	    0.00	    0.00	    0.00	    0.00	    0.00	 1478.92	    0.09	  203.26	    0.03	  308.56	    0.05	    0.00	    0.00	    0.00
5	7	 2200.39	 1499.84	  398.28	 1754.88	  990.59	 3499.88	    0.00	    0.00	    0.15	    0.06	    3.06	 1639.12	  506.35	    0.03	    0.00	    0.00	    0.00	    0.00	    0.00	    0.00	    0.00	    0.00	    0.00	    0.00
6	7	    0.00	    0.00	    0.00	    0.00	    0.00	    0.00	 4141.37	    0.00	    0.00	    0.00	    0.00	    0.00	    0.00	  399.92	  599.83	  416.30	  146.38	  999.51	  999.12	 2599.61	  500.02	  799.93	  300.02	  199.99
6	17	  431.01	  337.05	    9.94	  439.75	  124.87	  986.73	 7958.63	 4522.87	  837.30	    0.58	    0.12	  224.90	    0.04	    0.00	    0.00	    0.00	    0.02	    0.00	    0.00	    0.00	    0.00	    0.00	    0.00	    0.00
7	5	    0.00	    0.00	    0.00	    0.00	    0.00	    0.00	 2238.82	 4054.47	    0.00	    0.12	    0.00	    0.00	    0.00	    0.00	    0.35	 3385.55	  700.18	  437.41	  299.98	 1008.52	  100.03	  299.92	    0.05	    0.01
7	6	  931.01	  537.05	  109.94	  839.75	  324.87	 1386.73	    0.00	 5522.87	 1437.25	    3.11	    0.78	  924.83	   22.86	    0.00	    0.00	    0.00	    0.11	    0.00	    0.00	    0.00	    0.00	    0.00	    0.00	    0.00
7	8	    0.00	    0.00	    0.00	    0.00	    0.00	    0.00	  902.55	 3745.46	    0.00	    0.00	    0.00	    0.00	    0.00	    0.00	    0.00	 1283.15	    0.00	  262.22	    0.00	  691.44	    0.03	    0.08	    0.00	    0.00
7	15	  469.45	  562.83	  175.43	  693.85	  433.64	 1313.24	    0.00	 3377.20	  884.35	    0.00	    0.06	  477.21	    0.27	    0.00	    0.00	    0.00	    0.00	    0.00	    0.00	    0.00	    0.00	    0.00	    0.00	    0.00
8	4	    0.00	    0.00	    0.00	    0.00	    0.00	    0.00	  298.32	  552.01	 4100.27	 5875.58	    0.00	    0.00	    0.00	    0.00	 1646.01	  472.07	 1390.17	   62.26	  619.94	   91.66	   96.72	  598.98	    0.00	    0.00
8	7	    0.08	    0.04	   87.09	  478.73	  267.93	    0.09	    0.00	    0.00	 3121.45	 1602.91	  797.78	  362.92	  116.77	    0.00	    0.00	    0.00	    0.22	    0.00	    0.00	    0.00	    0.00	    0.00	    0.00	    0.00
8	9	 2498.02	  699.81	  514.43	 2863.35	 1838.56	  999.97	    4.30	 2393.55	 8978.28	    0.00	    0.00	  548.67	  409.33	    0.00	    0.00	    0.75	    0.00	    0.14	    0.00	    0.29	    0.00	    0.00	    0.00	    0.00
9	8	    0.00	    0.00	    0.00	    0.00	    0.00	    0.00	    0.05	    0.00	    0.00	10278.49	 2197.36	    0.05	    0.05	  599.93	 2646.01	  589.62	 2290.39	    0.17	 1019.94	    0.49	  396.68	 1298.90	  499.94	    0.08
9	10	    0.00	    0.00	    0.00	    0.00	    0.00	    0.00	  499.25	  793.64	 1715.97	 8380.33	    0.00	    0.00	    0.00	    0.00	 1321.65	 1542.83	 1909.34	  199.92	  437.21	  432.59	    1.11	  492.57	    0.00	    0.00
9	14	  798.50	   99.85	   99.82	 1096.99	  597.06	  200.00	    0.05	    0.00	 3083.70	14574.81	 1906.88	  659.97	   10.12	    0.00	    0.00	    0.00	    0.78	    0.00	    0.00	    0.00	    0.00	    0.00	    0.00	    0.00
9	15	    0.00	    0.00	   14.64	   66.45	   41.53	    0.00	    0.00	    0.00	  478.77	 8065.67	 2182.71	  197.38	    0.11	    0.00	    0.00	    0.00	    0.00	    0.00	    0.00	    0.00	    0.00	    0.00	    0.00	    0.00
9	16	  399.52	    0.02	   99.98	  499.91	  199.96	    0.04	    0.08	    0.11	  899.84	 3900.70	  999.80	  599.89	  499.79	    0.06	    0.12	    0.11	    0.00	    0.05	    0.07	    0.14	    0.05	    0.14	    0.05	    0.02
10	3	    0.00	    0.00	    0.00	    0.00	    0.00	    0.00	    0.00	    0.00	    0.00	    1.99	 3403.94	    0.00	    0.00	 1199.90	    2.75	    0.00	    0.77	    0.00	    1.14	    0.00	    0.08	    1.22	  697.59	    0.06
10	9	    0.00	    0.00	    0.00	    0.00	    0.00	    0.00	    0.00	    0.00	    0.00	    0.00	11186.76	 2908.62	 2000.74	 1120.76	    0.00	    0.00	    0.00	    0.00	    0.00	    0.00	    0.00	    0.00	  337.52	   50.47
10	11	    0.00	    0.00	    0.00	    0.00	    0.00	    0.00	    0.00	    0.00	    0.10	 3222.53	 2400.19	    0.00	    0.00	  746.35	  659.87	  143.11	  908.88	    0.05	  282.78	    0.00	    0.00	    0.00	    0.00	    0.00
10	13	  301.62	  100.20	  100.21	 1000.40	  199.70	  199.55	    0.00	    0.03	  316.24	 1155.96	 5309.11	 1039.99	   54.11	    0.00	    0.00	    0.00	    0.04	    0.00	    0.00	    0.00	    0.00	    0.00	    0.00	    0.00
11	2	    0.00	    0.00	    0.00	    0.00	    0.00	    0.00	    0.00	    0.00	    0.00	    0.00	    0.53	 4651.46	 3532.85	    0.40	    0.05	    0.00	    0.00	    0.00	    0.00	    0.03	  303.18	  499.92	  402.47	  599.87
11	10	    0.11	    0.04	    0.05	    0.08	    0.02	    0.07	    0.00	    0.00	    0.00	    0.00	    0.00	 5347.82	 3054.41	    0.00	    0.00	    0.00	    0.00	    0.00	    0.00	    0.00	    0.04	    0.00	    0.00	    0.35
11	12	 1399.90	  300.10	  299.98	 1002.65	  203.23	  300.51	   36.44	  600.00	  799.86	 1900.00	 1000.65	 3900.73	    0.00	   46.39	    8.92	    1.01	  499.96	    0.03	    3.82	    0.04	    0.00	    0.00	    0.00	    0.00
12	11	    0.00	    0.00	    0.00	    0.00	    0.00	    0.00	    0.06	    0.00	    0.00	    0.00	    0.00	    0.00	 7887.26	    0.29	    0.00	    0.44	    0.00	    0.41	    0.00	  499.90	  603.21	 1199.92	 1102.47	 1100.22
12	23	  899.90	    0.10	  199.98	  402.65	    3.23	  100.51	    0.01	    0.00	  199.86	    0.00	    0.65	 2600.73	 6712.74	    0.00	    0.00	    0.00	    0.00	    0.00	    0.00	    0.00	    0.00	    0.00	    0.00	    0.00
13	10	    0.00	    0.00	    0.00	    0.00	    0.00	    0.00	    0.00	    0.00	    0.00	    0.00	    0.00	    0.00	    0.00	 4666.95	  740.91	    0.16	    0.31	    0.02	  246.70	  167.39	  398.92	  608.61	 2335.06	  650.16
13	14	    1.52	    0.20	    0.19	    1.72	    0.05	    0.04	    0.00	    0.00	    0.00	    0.00	 1028.05	  339.77	   96.29	 6241.14	    0.00	    0.00	    0.00	    0.00	    0.00	    0.00	    0.00	    0.00	 1194.89	  131.72
13	22	    0.10	    0.01	    0.02	  498.70	   99.65	   99.52	   10.09	    0.00	  194.90	  806.35	 2681.12	    0.24	    0.00	 3191.92	  449.47	    0.00	  228.02	    0.00	  140.27	    0.00	    0.00	    0.00	    0.00	    0.00
14	9	    0.00	    0.00	    0.00	    0.00	    0.00	    0.00	    0.00	    0.00	    0.00	    0.00	    0.00	    0.00	    0.00	 1579.23	 7967.78	    0.29	    0.75	    0.05	 3257.03	 1685.13	 1597.85	 4391.60	 1962.47	  749.64
14	13	    0.00	    0.00	    0.00	    0.00	    0.00	    0.00	  209.72	  399.26	  478.67	 1750.39	    0.06	    0.00	    0.00	    0.00	 2490.38	  699.46	  928.29	   99.81	  686.96	  666.15	    0.25	  670.25	    0.00	    0.00
14	18	  300.03	    0.05	    0.01	  200.06	  100.03	    0.05	    0.02	    0.03	  400.14	 3230.82	  816.17	  300.05	  284.23	 2897.38	 5899.84	    0.05	    0.40	    0.01	    0.00	    0.05	  583.05	 2899.92	  899.98	  277.64
14	21	    0.00	    0.00	    0.00	  398.64	  297.09	    0.00	   84.35	    0.00	 1304.89	 5593.60	  718.70	    0.00	    0.00	  464.52	 5042.00	    0.22	 2426.54	    0.00	 2076.93	    0.00	    0.00	    0.00	    0.00	    0.00
15	7	    0.00	    0.00	    0.00	    0.00	    0.00	    0.00	    0.00	    0.00	    0.00	    0.26	    0.00	    0.00	    0.00	    0.05	    0.52	 6452.40	 1953.69	    0.12	    0.86	    0.36	    0.05	    0.08	    0.03	    0.02
15	9	    0.00	    0.05	    0.00	    0.00	    0.00	    0.07	 2394.91	    0.20	    0.00	    0.00	    0.00	    0.00	    0.00	    0.00	    0.00	 6529.70	    1.84	  899.67	    0.19	 1247.60	    0.00	    0.00	    0.00	    0.00
15	16	    0.47	  199.98	    0.01	    0.06	    0.03	  500.02	 1100.28	 1400.21	    0.11	    0.49	    0.09	    0.05	    0.00	    0.00	    0.00	 5912.24	    0.00	  600.35	    0.00	 1542.05	  326.83	    0.00	    0.00	  110.54
15	17	    0.02	    0.00	    0.00	    0.02	    0.00	    0.02	    0.00	    0.15	    0.15	 3666.67	  783.06	    0.12	    0.00	    0.03	    0.46	 7205.66	 3799.31	    0.00	    0.53	    0.00	    0.00	    0.00	    0.00	    0.00
16	9	    0.00	    0.00	    0.00	    0.00	    0.00	    0.00	    0.23	    0.00	    0.00	    0.00	    0.00	    0.00	    0.00	    0.00	    0.00	    1.83	 8097.92	    0.28	    0.00	    0.20	    0.00	    0.00	    0.00	    0.00
16	15	    0.00	    0.00	    0.00	    0.00	    0.00	    0.00	    0.00	    0.00	    0.00	    1.39	    0.09	    0.00	    0.00	  682.89	 1172.36	    0.00	 8554.72	    0.00	 1270.63	    0.00	    0.05	    0.10	    0.04	    0.03
16	18	    0.03	    0.02	    0.00	    0.02	    0.01	    0.06	  100.13	    0.32	    0.03	    0.15	    0.00	    0.00	    0.00	    0.00	    0.00	 3110.52	 6747.36	    0.11	    0.00	    0.00	    0.00	    0.00	    0.00	    0.00
17	6	    0.00	    0.00	    0.00	    0.00	    0.00	    0.00	    0.00	    0.00	    0.05	 1897.47	  499.34	    0.06	  377.18	  599.92	 1099.83	 1816.30	 1146.30	 1199.51	 1399.12	 3099.61	  700.02	 1299.93	  500.02	  299.99
17	15	   31.04	   37.21	    9.94	   39.77	   24.86	   86.87	 4895.19	  223.36	   37.14	    0.36	    0.28	   25.59	  599.63	   17.18	   28.62	    0.00	    0.11	 2000.13	   30.95	 4390.02	  926.83	 1199.98	  499.99	  410.53
17	19	  299.99	  299.85	    0.00	  300.00	  100.02	  799.88	 2863.44	 3999.65	  600.25	 1069.63	  183.80	    0.10	    0.00	    0.00	    0.00	 4889.36	 2053.06	 1600.35	    0.00	    0.00	    0.00	    0.00	    0.00	    0.00
18	14	    0.00	    0.01	    0.00	    0.00	    0.00	    0.02	  793.99	  999.21	    0.00	    0.00	    0.00	    0.00	    0.00	    0.00	    0.00	 1899.87	 4855.20	  299.85	 6820.91	 3450.89	    0.15	    0.37	    0.15	    0.07
18	16	    0.04	    0.02	    0.01	    0.05	    0.02	    0.00	    0.00	    0.00	    0.08	    0.35	    0.21	    0.05	    0.21	 1382.84	 2672.24	    0.00	    0.00	    0.00	 2970.57	  158.00	  273.17	 1699.97	  599.99	  189.46
18	19	    0.02	    0.00	    0.00	    0.04	    0.02	    0.02	    5.54	    0.00	    0.09	 1430.62	  415.96	    0.00	    0.00	 1214.56	 2427.60	    0.00	  192.56	    0.00	 3008.52	    0.00	    0.00	    0.00	    0.00	    0.00
19	17	    0.00	    0.00	    0.00	    0.00	    0.00	    0.00	    0.00	    0.00	    0.00	    0.20	    0.23	    0.74	 1076.77	  717.08	 1327.99	    0.00	    0.13	    0.00	 1729.53	 7889.62	 1726.85	 2799.90	 1100.01	  710.52
19	18	    0.00	   99.96	    0.00	    0.00	    0.00	  199.94	 1099.37	 1698.86	    0.00	    0.00	    0.00	    0.00	   15.98	    0.01	    0.00	   89.30	    0.00	  599.73	    0.00	 4808.84	   90.27	    0.42	    0.17	   11.89
19	20	    0.00	    0.00	    0.00	    0.05	    0.03	  100.01	  569.37	  600.25	    0.29	    0.05	    0.02	    0.01	    0.02	    0.02	    0.03	 1499.78	  545.45	  200.48	   79.09	 2700.58	    0.00	    0.07	    0.03	    0.02
19	21	    0.00	   99.89	    0.00	    0.02	    0.01	  199.96	  700.24	  800.54	    0.06	    0.21	    0.04	    0.00	    0.00	    0.00	    0.16	 1700.28	    0.10	  400.14	    0.08	 3100.95	    0.17	    0.00	    0.00	    0.00
20	19	    0.00	    0.00	    0.00	    0.00	    0.00	    0.00	    0.00	    0.00	    0.00	    0.10	    0.02	  400.47	 1692.18	    0.69	    0.16	    0.00	    0.07	    0.00	    0.17	    0.00	 3017.29	    0.23	    2.04	 1121.90
20	21	  259.96	    0.06	   64.99	    0.40	    0.00	    0.03	    0.06	    0.07	    0.00	    0.00	    0.00	  454.92	 1455.52	    0.00	    0.00	    0.15	    0.00	    0.03	    0.00	    0.39	 4781.56	    0.00	    0.00	 1605.18
20	23	    0.00	    0.00	    0.00	    0.00	    0.00	    0.02	  426.83	  200.17	    0.03	  491.38	    0.00	    0.00	    0.00	    0.00	  683.73	  899.71	  214.04	  100.45	  251.51	 1500.19	 3201.14	 2336.82	    0.00	    0.00
21	14	    0.00	    0.00	    0.00	    0.00	    0.00	    0.00	    0.06	    0.08	    0.00	    0.00	    0.00	    0.31	  877.81	    0.00	    0.00	    0.15	    0.00	    0.03	    0.00	    0.44	 2980.99	10561.40	 2667.40	 1295.49
21	19	    0.00	    0.00	    0.00	    0.03	    0.00	    0.00	    0.00	    0.00	    0.00	    0.10	    0.51	    0.17	    0.59	    1.86	    0.42	    0.00	    0.00	    0.00	    0.00	    0.00	    0.00	 5200.16	 1798.16	    0.53
21	20	    0.01	    0.00	    0.00	    0.07	   97.22	    0.00	   57.52	    0.00	  299.73	 1691.44	    2.64	    0.03	    0.07	    1.10	 1483.86	    0.08	  268.66	    0.00	  572.59	    0.00	    0.00	 4136.98	    0.78	    0.06
21	22	    0.00	    0.00	    0.00	    0.00	    0.00	    0.01	  227.08	  300.54	  305.21	 1302.27	    0.00	    0.00	    0.00	    0.00	  957.88	  500.43	  457.98	  100.15	  304.41	  700.91	    0.74	 4501.46	    0.00	    0.00
22	13	    0.01	    0.00	    0.00	    0.02	    0.00	    0.00	    0.37	    0.71	    0.00	    0.00	    0.00	    0.03	  642.18	    0.00	    0.00	    0.70	    0.00	    0.21	    0.01	    1.24	  798.67	 1138.36	 4629.96	 1181.88
22	21	  140.05	    0.05	   35.01	    1.06	    0.12	    0.02	    0.00	    0.00	    0.00	    0.00	  384.40	  245.59	  722.95	  738.44	    0.00	    0.00	    0.00	    0.00	    0.00	    0.00	    0.00	    0.00	 6566.35	  790.90
22	23	    0.01	    0.00	    0.00	    0.02	    0.00	    0.01	   36.93	    0.03	    0.12	  308.62	  996.77	    0.00	    0.00	 1353.48	  407.35	    0.07	   86.00	    0.00	  144.67	    0.12	    0.06	 1263.19	 3303.70	    0.00
23	12	    0.00	    0.00	    0.00	    0.00	    0.00	    0.00	  363.64	    0.00	    0.00	    0.00	    0.00	    0.00	    0.00	  553.90	  691.08	  599.44	    0.04	  100.39	  296.18	 1099.86	 1203.21	 2499.92	 1902.47	 1800.22
23	20	  359.94	    0.06	   64.99	  200.27	    2.76	    0.03	    0.00	    0.00	    0.00	    0.00	  397.37	 1155.35	 3747.61	  399.58	    0.00	    0.00	    0.00	    0.00	    0.00	    0.00	    0.00	    0.00	  701.23	 3227.00
23	22	  439.97	    0.04	  134.99	    2.40	    0.47	    0.51	    0.13	    0.20	    0.00	    0.00	    0.05	  945.38	 2165.13	    0.00	    0.00	    0.34	    0.00	    0.07	    0.00	    0.46	 1497.99	    0.09	    0.00	 2672.78
