i	j	o17d20l61
0	1	 4497.32
0	2	 8119.29
1	0	 4520.41
1	5	 5969.89
2	0	 8096.20
2	3	14017.87
2	11	10030.04
3	2	14036.08
3	4	18015.39
3	10	 5209.09
4	3	18035.02
4	5	 8797.51
4	8	15784.31
5	1	 5992.99
5	4	 8799.28
5	7	12494.84
6	7	12092.94
6	17	15837.57
7	5	12519.71
7	6	12045.93
7	8	 6878.04
7	15	 8388.24
8	4	15802.17
8	7	 6838.67
8	9	21743.72
9	8	21822.20
9	10	17728.62
9	14	23120.98
9	15	11051.27
9	16	 8100.42
10	3	 5307.67
10	9	17611.12
10	11	 8364.74
10	13	 9775.27
11	2	 9988.74
11	10	 8402.93
11	12	12295.66
12	11	12392.55
12	23	11120.92
13	10	 9818.15
13	14	 9038.47
13	22	 8385.16
14	9	23200.82
14	13	 9080.58
14	18	19067.42
14	21	18365.52
15	7	 8405.48
15	9	11067.58
15	16	11685.00
15	17	15324.51
16	9	 8100.25
16	15	11680.74
16	18	 9950.80
17	6	15884.57
17	15	15362.30
17	19	19033.64
18	14	19073.95
18	16	 9946.38
18	19	 8697.17
19	17	19018.44
19	18	 8699.28
19	20	 6263.50
19	21	 7101.08
20	19	 6249.12
20	21	 8610.33
20	23	10303.65
21	14	18380.94
21	19	 7002.37
21	20	 8645.76
21	22	 9665.83
22	13	 8385.93
22	21	 9617.98
22	23	 7910.01
23	12	11117.81
23	20	10253.83
23	22	 7862.93
