i	j	       0	       1	       2	       3	       4	       5	       6	       7	       8	       9	      10	      11	      12	      13	      14	      15	      16	      17	      18	      19	      20	      21	      22	      23
0	1	 2600.53	    0.00	  284.57	  200.02	   17.87	    0.00	    0.01	    0.02	   35.74	  107.24	  200.02	  513.79	  481.54	  100.00	   17.85	    0.02	    0.03	    0.00	    0.01	    0.00	    0.01	    0.07	    0.10	   31.75
0	2	 6199.47	 1248.67	    0.00	    0.00	    0.00	  240.74	  143.60	  250.77	    0.00	    0.00	    0.00	    0.00	    0.00	    0.00	    0.00	  100.55	    0.00	   35.71	    0.00	    0.02	    0.00	    0.00	    0.00	    0.00
1	0	    0.00	 1348.67	    0.00	    0.00	    0.00	  540.74	  643.58	 1050.74	    0.00	    0.00	    0.00	    0.00	    0.00	    0.00	    0.00	  600.53	    0.30	  135.71	    0.09	  299.93	    0.00	    0.02	    0.00	    0.00
1	5	 2500.53	 2651.33	  184.57	    0.04	    0.00	    0.00	    0.00	    0.00	    0.00	    0.00	    0.04	  413.79	  181.54	    0.01	    0.00	    0.00	    0.00	    0.00	    0.00	    0.00	    0.01	    0.03	    0.10	   31.75
2	0	    0.00	    0.00	  384.57	  700.02	  217.87	    0.00	    0.03	    0.05	  535.74	 1407.24	  700.02	  713.79	  981.54	  400.00	  517.85	    0.04	  399.73	    0.00	  299.92	    0.10	  100.00	  400.06	  300.10	  131.75
2	3	 4499.46	  648.67	 1915.40	    0.00	    0.00	    0.00	    0.00	    0.00	    0.00	    0.00	    0.00	 3731.63	 2547.99	    0.08	    0.00	    0.00	    0.00	    0.00	    0.00	    0.00	  202.42	    0.02	    3.54	  468.01
2	11	 1600.00	  500.00	  500.03	 1602.10	  402.55	  500.49	  767.13	 1200.00	 1399.55	  666.38	    0.89	    0.00	    0.00	    0.16	   45.08	  543.74	  187.82	  199.21	   19.32	    0.17	    0.00	    0.00	    0.00	    0.00
3	2	    0.00	    0.00	    0.00	 2502.12	  720.42	  559.75	  723.56	 1149.28	 2035.29	 2373.63	 1000.37	    0.00	    0.00	  499.83	  662.87	  643.22	  687.55	  163.50	  319.24	    0.17	    0.02	    0.07	    0.05	    0.01
3	4	 3198.80	  148.67	 1315.34	 6698.83	    0.00	    0.00	    0.00	    0.00	    0.00	    0.11	  904.48	 3130.86	 1947.54	  200.09	    0.07	    0.00	    0.01	    0.00	    0.02	    0.00	    2.48	    0.04	  199.96	  268.05
3	10	  800.66	  300.04	  400.05	 2399.05	  699.71	  599.57	    0.59	    5.89	    0.98	    0.16	    0.00	    0.77	    0.46	    0.06	    0.06	    0.61	    0.04	    0.06	    0.02	    0.02	    0.02	    0.04	    0.05	    0.02
4	3	    0.00	    0.04	    0.00	    0.00	 1920.13	 1559.33	 1124.15	 1855.16	 2736.27	 3571.73	    0.00	    0.00	    0.00	    0.00	 1161.15	 1443.83	 1186.87	  263.56	  518.50	  300.19	    0.03	  398.47	    0.00	    0.00
4	5	    0.00	    0.00	  514.53	 2143.17	 1266.17	    0.00	    0.02	    0.03	  564.41	 1292.70	  403.99	 1440.33	  619.87	  100.02	  281.67	    0.04	    0.04	    0.00	    0.24	    0.01	    0.01	    0.00	   99.90	   68.24
4	8	 2998.80	  900.01	  700.81	 4055.66	 2913.70	 1400.06	    0.02	    0.10	    0.00	    0.00	    0.49	 1490.53	 1127.67	    0.07	    0.00	    0.06	    0.00	    0.01	    0.00	    0.02	    0.00	    0.00	    0.06	  199.81
5	1	    0.00	    0.00	    0.00	    0.02	   82.13	  940.74	  843.57	 1450.72	  164.26	  492.76	    0.02	    0.00	    0.00	    0.01	   82.15	 1000.51	  200.27	  135.71	  100.08	  399.92	    0.00	   99.97	    0.00	    0.00
5	4	    0.00	  851.38	    0.00	    0.00	    0.00	 3159.39	 1022.17	 1800.60	    0.00	    0.00	    0.00	    0.00	    0.00	    0.00	    0.00	 1464.01	    0.53	  201.60	    0.03	  305.55	    0.03	    0.05	    0.00	    0.00
5	7	 2200.53	 1399.96	  399.10	 1743.19	  984.04	 3499.88	    0.00	    0.00	    0.14	    0.06	    4.01	 1654.12	  601.41	    0.03	    0.00	    0.00	    0.00	    0.00	    0.00	    0.00	    0.00	    0.00	    0.00	    0.00
6	7	    0.00	    0.00	    0.00	    0.00	    0.00	    0.00	 4171.14	    0.00	    0.00	    0.00	    0.00	    0.00	    0.00	  399.76	  600.10	  394.08	  143.72	  999.00	  999.23	 2599.07	  499.91	  799.83	  299.94	  199.97
6	17	  431.17	  237.31	    9.59	  437.08	  123.20	  987.08	 7928.86	 4523.17	  829.50	    0.60	    0.12	  220.91	    0.11	    0.00	    0.00	    0.00	    0.02	    0.00	    0.00	    0.00	    0.00	    0.00	    0.00	    0.00
7	5	    0.00	    0.00	    0.00	    0.00	    0.00	    0.00	 2265.72	 4051.29	    0.00	    0.12	    0.00	    0.00	    0.00	    0.00	    0.48	 3364.49	  700.76	  437.30	  299.86	 1005.46	  100.01	  299.99	    0.00	    0.01
7	6	  931.17	  437.31	  109.59	  837.08	  323.20	 1387.08	    0.00	 5523.17	 1429.45	    8.33	    2.51	  920.85	  123.52	    0.00	    0.00	    0.00	    0.11	    0.00	    0.00	    0.00	    0.00	    0.00	    0.00	    0.00
7	8	    0.00	    0.00	    0.00	    0.00	    0.00	    0.00	  905.42	 3748.19	    0.00	    0.00	    0.00	    0.00	    0.00	    0.00	    0.00	 1274.90	    0.11	  262.05	    0.00	  694.64	    0.04	    0.00	    0.00	    0.00
7	15	  469.43	  562.69	  172.21	  684.86	  428.02	 1312.89	    0.00	 3377.35	  895.08	    0.00	    0.06	  482.62	    0.25	    0.00	    0.00	    0.00	    0.00	    0.00	    0.00	    0.00	    0.00	    0.00	    0.00	    0.00
8	4	    0.00	    0.00	    0.00	    0.00	    0.00	    0.00	  302.02	  554.70	 4100.68	 5864.32	    0.00	    0.00	    0.00	    0.00	 1642.74	  479.91	 1386.37	   61.98	  618.70	   94.68	   97.53	  598.38	    0.00	    0.00
8	7	    0.08	    0.04	   82.70	  478.74	  267.18	    0.09	    0.00	    0.00	 3124.38	 1608.13	  798.56	  349.35	  122.36	    0.00	    0.00	    0.00	    0.22	    0.00	    0.00	    0.00	    0.00	    0.00	    0.00	    0.00
8	9	 2498.73	  699.97	  518.11	 2876.92	 1846.52	  999.97	    3.65	 2393.59	 8974.94	    0.00	    0.00	  541.23	  405.36	    0.00	    0.00	    0.77	    0.00	    0.15	    0.00	    0.30	    0.00	    0.00	    0.00	    0.00
9	8	    0.00	    0.00	    0.00	    0.00	    0.00	    0.00	    0.22	    0.00	    0.00	10272.44	 2198.07	    0.05	    0.05	  599.93	 2642.74	  605.73	 2286.48	    0.07	 1018.70	    0.31	  397.49	 1298.38	  499.94	    0.19
9	10	    0.00	    0.00	    0.00	    0.00	    0.00	    0.00	  499.35	  794.14	 1719.24	 8407.05	    0.00	    0.00	    0.00	    0.00	 1290.90	 1556.42	 1912.62	  199.93	  427.43	  433.86	    2.23	  489.69	    0.00	    0.00
9	14	  799.36	  100.00	   99.92	 1098.89	  597.74	  200.00	    0.00	    0.00	 3080.26	14576.68	 1911.37	  658.17	   13.81	    0.00	    0.00	    0.00	    0.77	    0.00	    0.00	    0.00	    0.00	    0.00	    0.00	    0.00
9	15	    0.00	    0.00	   18.20	   78.11	   48.82	    0.00	    0.00	    0.00	  475.59	 8043.10	 2179.66	  196.38	    0.26	    0.00	    0.00	    0.00	    0.00	    0.00	    0.00	    0.00	    0.00	    0.00	    0.00	    0.00
9	16	  399.37	    0.02	   99.98	  499.91	  199.96	    0.04	    0.08	    0.11	  899.84	 3900.73	  999.80	  599.89	  499.91	    0.06	    0.12	    0.11	    0.00	    0.05	    0.07	    0.14	    0.05	    0.14	    0.05	    0.02
10	3	    0.00	    0.00	    0.00	    0.00	    0.00	    0.00	    0.00	    0.00	    0.00	    2.17	 3404.86	    0.00	    0.00	 1199.90	    1.86	    0.00	    0.73	    0.00	    0.77	    0.00	    0.07	    1.66	  696.52	    0.07
10	9	    0.00	    0.00	    0.00	    0.00	    0.00	    0.00	    0.00	    0.00	    0.00	    0.00	11188.90	 2913.27	 2008.68	 1104.18	    0.00	    0.00	    0.00	    0.00	    0.00	    0.00	    0.00	    0.00	  341.76	   49.35
10	11	    0.00	    0.00	    0.00	    0.00	    0.00	    0.00	    0.00	    0.00	    0.10	 3233.62	 2400.31	    0.00	    0.00	  716.32	  662.15	  157.02	  912.00	    0.02	  283.59	    0.00	    0.00	    0.00	    0.00	    0.00
10	13	  300.77	  100.08	  100.11	  999.12	  199.73	  199.64	    0.00	    0.03	  320.12	 1171.42	 5305.93	 1042.00	   39.64	    0.00	    0.00	    0.00	    0.04	    0.00	    0.00	    0.00	    0.00	    0.00	    0.00	    0.00
11	2	    0.00	    0.00	    0.00	    0.00	    0.00	    0.00	    0.00	    0.00	    0.00	    0.00	    0.54	 4645.42	 3629.53	    0.41	    0.05	    0.00	    0.00	    0.00	    0.00	    0.08	  302.41	  500.01	  403.59	  599.75
11	10	    0.11	    0.04	    0.05	    0.08	    0.02	    0.07	    0.00	    0.00	    0.00	    0.00	    0.00	 5354.50	 3047.87	    0.00	    0.00	    0.00	    0.00	    0.00	    0.00	    0.00	    0.04	    0.00	    0.00	    0.35
11	12	 1399.90	  399.96	  299.98	 1002.02	  202.53	  300.42	   67.19	  600.00	  799.65	 1900.00	 1000.67	 3900.08	    0.00	   16.58	    7.34	    0.82	  499.82	    0.05	    2.97	    0.04	    0.00	    0.00	    0.00	    0.00
12	11	    0.00	    0.00	    0.00	    0.00	    0.00	    0.00	    0.06	    0.00	    0.00	    0.00	    0.00	    0.00	 7977.40	    0.52	    0.16	    0.06	    0.00	    0.83	    0.07	  499.95	  602.44	 1200.01	 1103.59	 1100.11
12	23	  899.90	   99.96	  199.98	  402.02	    2.53	  100.42	    0.00	    0.00	  199.65	    0.00	    0.67	 2600.08	 6622.60	    0.00	    0.00	    0.00	    0.00	    0.00	    0.00	    0.00	    0.00	    0.00	    0.00	    0.00
13	10	    0.00	    0.00	    0.00	    0.00	    0.00	    0.00	    0.06	    0.00	    0.00	    0.00	    0.00	    0.00	    0.00	 4620.33	  773.05	    0.00	    0.12	    0.02	  256.91	  166.11	  397.79	  611.93	 2338.23	  649.05
13	14	    0.67	    0.07	    0.09	    0.87	    0.06	    0.04	    0.00	    0.00	    0.00	    0.00	 1035.35	  341.82	   88.66	 6273.77	    0.00	    0.00	    0.00	    0.00	    0.00	    0.00	    0.00	    0.00	 1179.10	  116.05
13	22	    0.11	    0.01	    0.02	  498.28	   99.68	   99.61	    0.00	    0.00	  200.96	  823.05	 2670.65	    0.21	    0.00	 3205.90	  433.69	    0.00	  222.25	    0.00	  134.00	    0.00	    0.00	    0.00	    0.00	    0.00
14	9	    0.00	    0.00	    0.00	    0.00	    0.00	    0.00	    0.00	    0.00	    0.00	    0.00	    0.00	    0.00	    0.00	 1595.81	 7933.77	    0.28	    0.75	    0.21	 3246.01	 1716.41	 1599.77	 4388.21	 1958.22	  750.86
14	13	    0.00	    0.00	    0.00	    0.00	    0.00	    0.00	  199.41	  398.83	  480.84	 1751.63	    0.06	    0.00	    0.00	    0.00	 2506.74	  699.03	  922.32	   99.71	  690.90	  664.25	    0.81	  664.73	    0.00	    0.00
14	18	  300.03	    0.06	    0.01	  200.06	  100.03	    0.05	    0.02	    0.03	  400.14	 3248.15	  817.86	  300.05	  279.22	 2898.14	 5900.24	    0.05	    0.40	    0.01	    0.00	    0.05	  541.27	 2899.92	  899.98	  253.76
14	21	    0.00	    0.03	    0.00	  399.69	  297.76	    0.00	    0.00	    0.00	 1299.28	 5576.90	  728.80	    0.00	    0.00	  479.82	 5059.25	    0.22	 2473.31	    0.00	 2088.83	    0.00	    0.00	    0.00	    0.00	    0.00
15	7	    0.00	    0.00	    0.00	    0.00	    0.00	    0.00	    0.00	    0.00	    0.00	    0.26	    0.00	    0.00	    0.00	    0.21	    0.38	 6445.30	 1957.03	    0.34	    0.63	    1.04	    0.14	    0.16	    0.07	    0.04
15	9	    0.00	    0.05	    0.00	    0.00	    0.00	    0.07	 2395.78	    0.66	    0.00	    0.00	    0.00	    0.00	    0.00	    0.00	    0.00	 6559.61	    0.54	  899.45	    0.19	 1217.41	    0.00	    0.00	    0.00	    0.00
15	16	    0.62	  200.04	    0.01	    0.06	    0.03	  500.12	 1000.35	 1401.08	    0.11	    0.49	    0.09	    0.05	    0.00	    0.00	    0.00	 5966.21	    0.00	  600.31	    0.00	 1532.80	  358.26	    0.00	    0.00	  130.83
15	17	    0.02	    0.00	    0.00	    0.02	    0.00	    0.02	    0.00	    0.14	    0.15	 3644.13	  780.01	    0.12	    0.00	    0.03	    0.14	 7128.87	 3755.67	    0.00	    0.14	    0.00	    0.00	    0.00	    0.00	    0.00
16	9	    0.00	    0.00	    0.00	    0.00	    0.00	    0.00	    0.23	    0.00	    0.00	    0.00	    0.00	    0.00	    0.00	    0.00	    0.00	    1.59	 8098.58	    0.25	    0.00	    0.20	    0.00	    0.00	    0.00	    0.00
16	15	    0.00	    0.00	    0.00	    0.00	    0.00	    0.00	    0.00	    0.00	    0.00	    1.42	    0.26	    0.00	    0.00	  690.51	 1183.81	    0.00	 8513.14	    0.00	 1282.92	    0.00	    0.05	    0.10	    0.04	    0.03
16	18	    0.03	    0.08	    0.00	    0.02	    0.01	    0.16	    0.20	    1.19	    0.03	    0.15	    0.00	    0.00	    0.00	    0.00	    0.00	 3164.73	 6788.28	    0.11	    0.00	    0.00	    0.00	    0.00	    0.00	    0.00
17	6	    0.00	    0.00	    0.00	    0.00	    0.00	    0.00	    0.00	    0.00	    0.05	 1892.27	  497.61	    0.06	  276.59	  599.76	 1100.10	 1794.08	 1143.64	 1199.00	 1399.23	 3099.07	  699.91	 1299.83	  499.94	  299.97
17	15	   31.20	   37.41	    9.59	   37.11	   23.19	   87.32	 4796.13	  224.54	   29.59	    0.35	    0.11	   21.17	  599.49	    9.73	   16.71	    0.00	    0.11	 2000.10	   18.05	 4351.25	  958.35	 1200.06	  500.02	  430.85
17	19	  299.99	  199.90	    0.00	  299.99	  100.01	  799.78	 2932.73	 3998.78	  600.01	 1052.30	  182.42	    0.06	    0.07	    0.00	    0.00	 4834.80	 2012.08	 1600.90	    0.00	    0.00	    0.00	    0.00	    0.00	    0.00
18	14	    0.00	    0.02	    0.00	    0.00	    0.00	    0.02	  699.37	  998.78	    0.00	    0.00	    0.00	    0.00	    0.00	    0.00	    0.00	 1899.44	 4896.01	  299.90	 6825.73	 3480.27	    0.15	    0.37	    0.15	    0.07
18	16	    0.04	    0.02	    0.01	    0.05	    0.02	    0.00	    0.00	    0.00	    0.08	    0.35	    0.38	    0.05	    0.09	 1390.45	 2683.69	    0.00	    0.00	    0.00	 2982.85	  167.26	  241.74	 1699.97	  599.99	  169.17
18	19	    0.02	    0.00	    0.00	    0.04	    0.02	    0.02	    0.00	    0.00	    0.09	 1447.95	  417.48	    0.00	    0.00	 1207.70	 2416.55	    0.00	  192.67	    0.00	 2991.42	    0.00	    0.00	    0.00	    0.00	    0.00
19	17	    0.00	    0.00	    0.00	    0.00	    0.00	    0.00	    0.00	    0.00	    0.00	    0.20	    0.01	    0.26	  976.04	  709.47	 1316.67	    0.00	    0.13	    0.00	 1717.13	 7850.32	 1758.26	 2799.89	 1099.96	  730.82
19	18	    0.00	   99.91	    0.00	    0.00	    0.00	  199.83	 1099.15	 1697.56	    0.00	    0.00	    0.00	    0.00	   20.87	    0.01	    0.00	   34.66	    0.00	  599.78	    0.00	 4847.48	  100.62	    0.42	    0.17	   15.47
19	20	    0.00	    0.00	    0.00	    0.01	    0.02	  100.01	  633.11	  600.34	    0.05	    0.05	    0.02	    0.01	    0.02	    0.02	    0.03	 1499.74	  504.58	  200.90	   74.38	 2700.84	    0.00	    0.07	    0.03	    0.02
19	21	    0.00	    0.00	    0.00	    0.02	    0.01	  199.96	  700.47	  800.88	    0.06	    0.21	    0.04	    0.00	    0.00	    0.00	    0.16	 1700.40	    0.10	  400.22	    0.08	 3101.36	    0.17	    0.00	    0.00	    0.00
20	19	    0.00	    0.00	    0.00	    0.00	    0.00	    0.00	    0.00	    0.00	    0.00	    0.10	    0.02	  400.18	 1596.76	    0.08	    0.16	    0.00	    0.07	    0.00	    0.17	    0.00	 3059.05	    0.23	    0.75	 1146.02
20	21	  262.34	   65.58	   65.58	    0.20	    0.00	    0.03	    0.06	    0.07	    0.00	    0.00	    0.00	  459.09	 1458.68	    0.00	    0.00	    0.15	    0.00	    0.03	    0.00	    0.39	 4743.53	    0.00	    0.00	 1599.09
20	23	    0.00	    0.00	    0.00	    0.00	    0.00	    0.02	  433.05	  200.26	    0.14	  489.09	    0.00	    0.00	    0.00	    0.00	  685.20	  899.67	  214.71	  100.87	  252.98	 1500.45	 3197.42	 2331.89	    0.00	    0.00
21	14	    0.00	    0.00	    0.00	    0.00	    0.00	    0.00	    0.06	    0.08	    0.00	    0.00	    0.00	    0.06	  876.75	    0.00	    0.00	    0.15	    0.00	    0.03	    0.00	    0.44	 2941.70	10552.49	 2678.95	 1288.51
21	19	    0.00	    0.00	    0.00	    0.00	    0.00	    0.00	    0.00	    0.00	    0.00	    0.10	    0.15	    0.03	    0.10	    1.71	    0.14	    0.00	    0.00	    0.00	    0.00	    0.00	    0.00	 5200.14	 1799.40	    0.29
21	20	    0.01	    0.00	    0.00	    0.02	   97.82	    0.00	    0.00	    0.00	  300.10	 1689.15	    1.74	    0.04	    0.00	    0.63	 1485.33	    0.08	  310.20	    0.00	  578.78	    0.00	    0.00	 4132.05	    0.27	    0.00
21	22	    0.00	    0.00	    0.00	    0.00	    0.00	    0.01	  200.47	  300.88	  299.24	 1287.86	    0.00	    0.00	    0.00	    0.00	  973.94	  500.54	  463.22	  100.22	  310.13	  701.32	    2.00	 4515.31	    0.00	    0.00
22	13	    0.01	    0.00	    0.00	    0.02	    0.00	    0.00	    0.65	    1.15	    0.00	    0.00	    0.00	    0.03	  649.01	    0.00	    0.00	    0.97	    0.00	    0.32	    0.01	    1.86	  796.98	 1147.20	 4617.33	 1165.10
22	21	  137.67	   34.39	   34.42	    0.11	    0.05	    0.02	    0.00	    0.00	    0.00	    0.00	  373.04	  241.03	  718.17	  722.53	    0.00	    0.00	    0.00	    0.00	    0.00	    0.00	    0.00	    0.00	 6578.62	  789.71
22	23	    0.01	    0.00	    0.00	    0.02	    0.00	    0.01	    0.01	    0.03	    0.20	  310.91	  997.66	    0.00	    0.00	 1383.37	  407.63	    0.07	   85.46	    0.00	  144.11	    0.12	    0.06	 1268.20	 3304.04	    0.00
23	12	    0.00	    0.00	    0.00	    0.00	    0.00	    0.00	  332.87	    0.00	    0.00	    0.00	    0.00	    0.00	    0.00	  583.94	  692.82	  599.24	    0.18	  100.78	  297.10	 1099.91	 1202.44	 2500.01	 1903.59	 1800.11
23	20	  362.32	   65.58	   65.58	  200.17	    2.16	    0.03	    0.00	    0.00	    0.00	    0.00	  398.27	 1159.23	 3655.42	  399.43	    0.00	    0.00	    0.00	    0.00	    0.00	    0.00	    0.00	    0.00	  700.45	 3245.09
23	22	  437.59	   34.38	  134.40	    1.88	    0.37	    0.42	    0.19	    0.29	    0.00	    0.00	    0.05	  940.86	 2167.18	    0.00	    0.00	    0.49	    0.00	    0.10	    0.00	    0.67	 1495.03	    0.09	    0.00	 2654.81
