i	j	       1	       2	       3	       4	       5	       6	       7	       8	       9	      10	      11	      12	      13	      14	      15	      16	      17	      18	      19	      20	      21	      22	      23	      24
1	2	 2994.26	    0.00	  250.91	  199.98	    8.39	    0.00	    0.01	    0.01	   16.78	   50.40	  200.00	  435.56	  492.65	  100.00	    0.44	    0.01	    0.03	    0.00	    0.01	    0.00	    0.01	    0.04	    0.19	   28.92
1	3	 5805.74	 1071.03	    0.00	    0.00	    0.00	  203.29	  112.18	  174.16	    0.00	    0.00	    0.00	    0.00	    0.00	    0.00	    0.00	   93.32	    0.00	   24.72	    0.00	    0.00	    0.00	    0.00	    0.00	    0.00
2	1	    0.00	 1171.03	    0.00	    0.00	    0.00	  503.29	  612.14	  974.08	    0.00	    0.00	    0.00	    0.00	    0.00	    0.00	    0.00	  593.28	    0.20	  124.71	    0.03	  299.97	    0.00	    0.02	    0.00	    0.00
2	6	 2894.26	 2828.97	  150.91	    0.00	    0.00	    0.00	    0.00	    0.00	    0.00	    0.00	    0.02	  335.56	  192.65	    0.01	    0.00	    0.00	    0.00	    0.00	    0.00	    0.00	    0.01	    0.01	    0.19	   28.92
3	1	    0.00	    0.00	  350.91	  699.98	  208.39	    0.00	    0.05	    0.09	  516.78	 1350.40	  700.00	  635.56	  992.65	  400.00	  500.44	    0.06	  399.84	    0.01	  299.99	    0.03	  100.01	  400.02	  300.19	  128.92
3	4	 4198.54	  470.63	 1848.89	    0.00	    0.00	    0.06	    0.00	    0.00	    0.00	    0.00	    0.00	 4269.35	 3429.26	    0.02	    0.00	    0.00	    0.00	    0.00	    0.00	    0.00	  276.20	    0.34	    1.16	  470.35
3	12	 1507.20	  500.40	  600.20	 2598.39	  500.40	  500.06	  908.34	 1200.00	 1200.13	 1210.46	  118.25	    0.00	    0.00	   19.33	  217.16	  637.35	  341.41	  199.45	   93.07	    0.08	    0.01	    0.00	    0.00	    0.00
4	3	    0.00	    0.00	    0.00	 3498.37	  808.79	  596.83	  896.20	 1225.93	 1816.91	 2860.40	 1117.75	    0.00	    0.00	  519.02	  817.37	  744.08	  841.22	  174.74	  392.97	    0.11	    0.01	    0.01	    0.00	    0.00
4	5	 3196.17	   70.29	 1348.46	 6697.48	    0.00	    0.04	    0.00	    0.00	    0.00	    0.18	 1284.77	 3669.17	 2829.13	  199.99	    0.04	    0.00	    0.02	    0.00	    0.01	    0.00	   76.21	    0.03	  199.78	  270.33
4	11	  502.37	  200.37	  300.44	 1404.15	  500.04	  400.03	    0.99	    3.66	    0.51	    0.00	    0.00	    0.19	    0.13	    0.00	    0.00	    0.12	    0.00	    0.02	    0.00	    0.00	    0.00	    0.00	    0.00	    0.02
5	4	    0.00	    0.04	    0.00	    0.00	 1808.84	 1396.83	 1297.19	 1929.59	 2517.42	 4037.85	    0.00	    0.00	    0.00	    0.03	 1308.48	 1544.21	 1333.19	  274.76	  588.95	  300.11	    0.02	  291.96	    0.00	    0.00
5	6	    0.00	    0.00	  503.80	 1965.02	 1178.93	    0.00	    0.01	    0.03	  583.33	 1349.61	  727.18	 1416.46	  910.75	  100.00	    5.13	    0.03	    0.10	    0.00	    0.02	    0.01	    0.00	    0.01	   99.78	   71.07
5	9	 2996.17	  800.61	  744.65	 4232.46	 3112.23	 1203.28	    0.03	    0.13	    0.00	    0.00	   57.59	 2052.71	 1718.38	    0.00	    0.00	    0.08	    0.00	    0.00	    0.00	    0.00	    0.00	    0.00	    0.00	  199.26
6	2	    0.00	    0.00	    0.00	    0.02	   91.61	  903.29	  812.13	 1374.07	  183.22	  549.60	    0.02	    0.00	    0.00	    0.01	   99.56	  993.27	  200.16	  124.71	  100.01	  399.97	    0.00	   99.99	    0.00	    0.00
6	5	    0.00	  830.35	    0.00	    0.00	    0.00	 2800.08	 1140.74	 1847.60	    0.00	    0.00	    0.00	    0.00	    0.00	    0.00	    0.00	 1547.37	    0.07	  208.51	    0.03	  305.76	    0.00	    0.00	    0.00	    0.00
6	8	 2594.26	 1598.62	  354.71	 1565.00	  887.32	 3896.63	    0.00	    0.00	    0.11	    0.14	  327.18	 1552.01	  903.39	    0.00	    0.00	    0.00	    0.04	    0.00	    0.00	    0.00	    0.00	    0.00	    0.00	    0.00
7	8	    0.00	    0.00	    0.00	    0.00	    0.00	    0.00	 4314.83	    0.00	    0.04	    0.07	    0.04	    0.00	    0.00	  399.81	  894.13	  486.66	  158.70	  999.31	  999.50	 2599.51	  500.49	  799.86	  299.98	  199.98
7	18	  840.08	  453.87	   18.47	  473.92	  149.49	 1425.47	 7785.17	 4630.83	  925.34	    1.17	    1.13	  260.91	   30.63	    0.00	    0.00	    0.00	    0.11	    0.00	    0.00	    0.00	    0.00	    0.00	    0.00	    0.00
8	6	    0.00	    0.00	    0.00	    0.00	    0.00	    0.00	 2352.86	 4021.65	    0.00	    0.13	    0.00	    0.00	    0.00	    0.00	  294.43	 3440.61	  700.17	  433.21	  300.02	 1005.72	   99.99	  299.97	    0.03	    0.01
8	7	 1340.06	  653.87	  118.45	  873.81	  349.44	 1825.47	    0.00	 5630.83	 1525.11	   14.44	    7.90	  960.67	  430.08	    0.00	    0.00	    0.00	    0.14	    0.00	    0.00	    0.00	    0.00	    0.00	    0.00	    0.00
8	9	    0.00	    0.01	    0.00	    0.00	    0.00	    0.01	  961.96	 3778.28	    0.00	    0.00	    0.00	    0.00	    0.00	    0.00	    0.00	 1514.31	    0.00	  266.23	    0.00	  694.22	    0.58	    0.00	    0.00	    0.00
8	16	  454.95	  544.78	  181.24	  724.40	  452.75	 1271.25	    0.00	 3269.25	 1243.81	    1.11	    0.43	  620.54	  214.68	    0.00	    0.00	    0.00	    0.00	    0.00	    0.00	    0.00	    0.00	    0.00	    0.00	    0.00
9	5	    0.00	    0.00	    0.00	    0.00	    0.00	    0.00	  356.50	  582.15	 3900.75	 6387.27	    0.00	    0.00	    0.00	    0.04	 1513.57	  496.94	 1533.20	   66.25	  688.94	   94.36	   23.81	  491.93	    0.00	    0.00
9	8	    0.75	    0.04	  144.98	  733.21	  414.87	    0.10	    0.00	    0.00	 3568.78	 1614.85	  481.05	  629.20	  341.37	    0.00	    0.00	    0.00	    0.19	    0.00	    0.00	    0.00	    0.00	    0.00	    0.00	    0.00
9	10	 2495.44	  600.57	  499.67	 2799.27	 1897.36	  803.19	    5.56	 2396.26	 8730.47	    0.00	    0.22	  823.58	  777.09	    0.00	    0.00	    0.25	    0.00	    0.04	    0.00	    0.14	    0.00	    0.00	    0.00	    0.00
10	9	    0.01	    0.00	    0.00	    0.02	    0.00	    0.00	    0.05	    0.00	    0.00	10802.13	 1823.67	    0.07	    0.07	  600.04	 2513.57	  382.80	 2433.38	    0.07	 1088.94	    0.28	  323.23	 1191.93	  500.00	    0.74
10	11	    0.00	    0.00	    0.00	    0.00	    0.00	    0.00	  499.01	  796.34	 1399.59	 6712.74	    0.00	    0.00	    0.00	    0.05	 1885.82	 1462.97	 1766.62	  200.00	  609.33	  598.06	    1.52	  257.32	    0.04	    0.00
10	15	  784.32	    1.27	  100.02	 1090.82	  690.87	    3.21	    0.00	    0.05	 3575.60	14346.35	 4913.14	  984.41	  982.37	    0.00	    0.00	    0.00	    0.67	    0.00	    0.00	    0.00	    0.00	    0.00	    0.00	    0.00
10	16	    0.21	    0.03	    0.40	    2.35	    1.42	    0.06	    0.00	    0.00	   34.57	 9326.66	 2553.56	   19.35	    2.48	    0.00	    0.00	    0.00	    0.00	    0.00	    0.00	    0.00	    0.00	    0.00	    0.00	    0.00
10	17	  414.36	    0.10	   99.98	  510.23	  205.12	    0.11	    0.06	    0.09	  920.70	 4012.12	 1025.64	  615.37	  515.39	    0.04	    0.09	    0.17	    0.00	    0.04	    0.11	    0.11	    0.04	    0.11	    0.04	    0.02
11	4	    0.00	    0.00	    0.00	    0.00	    0.00	    0.00	    0.00	    0.00	    0.00	   22.73	 3902.52	    0.00	    0.00	 1218.96	    8.93	    0.00	    8.05	    0.00	    4.03	    0.00	    0.00	  107.74	  698.62	    0.00
11	10	    3.46	    0.78	    0.73	    4.15	    0.04	    0.12	    0.00	    0.00	    0.00	    0.00	14215.79	 2795.62	 2623.23	    8.32	    0.00	    0.00	    0.00	    0.00	    0.00	    0.00	    0.00	    0.00	    4.67	    0.37
11	12	    0.00	    0.00	    0.00	    0.00	    0.00	    0.00	    0.00	    0.00	    0.11	 2690.00	 4181.68	    0.00	    0.00	  681.97	  483.28	   63.09	  758.57	    0.02	  207.11	    0.00	    0.00	    0.04	    0.00	    0.00
11	14	    0.00	    0.00	    0.00	    0.00	    0.00	    0.00	    0.00	    0.00	    0.00	    0.00	    0.00	    0.00	    0.00	    0.00	    0.00	    0.00	    0.00	    0.00	    0.00	    0.00	    0.00	    0.00	    0.00	    0.00
12	3	    0.00	    0.00	    0.00	    0.00	    0.00	    0.00	    0.00	    0.00	    0.00	    0.46	    0.50	 5104.91	 4521.91	    0.33	    0.23	    0.00	    0.03	    0.00	    0.09	    0.00	  376.21	  500.36	  401.35	  599.27
12	11	    1.10	    0.41	    0.29	    0.00	    0.00	    0.09	    0.00	    0.00	    0.00	    0.00	    0.00	 4195.44	 3623.09	    0.00	    0.00	    0.00	    0.00	    0.00	    0.00	    0.00	    0.20	    0.00	    0.04	    0.42
12	13	 1306.10	  400.00	  399.91	 1998.39	  300.40	  299.96	  208.34	  600.00	  600.23	 1900.00	 2899.43	 4599.65	    0.00	    1.16	    0.37	    0.46	  499.96	    0.02	    0.16	    0.03	    0.00	    0.00	    0.00	    0.00
13	12	    0.00	    0.00	    0.00	    0.00	    0.00	    0.00	    0.00	    0.00	    0.00	    0.00	    0.00	    0.00	 9445.00	    0.19	    0.16	    0.02	    0.00	    0.55	    0.07	  499.96	  676.40	 1200.32	 1101.39	 1099.69
13	24	  806.10	  100.00	  299.91	 1398.39	  100.40	   99.96	    0.00	    0.00	    0.23	    0.00	 1899.43	 3299.65	 5155.00	    0.00	    0.00	    0.00	    0.00	    0.00	    0.00	    0.00	    0.00	    0.00	    0.00	    0.00
14	11	    0.00	    0.00	    0.00	    0.00	    0.00	    0.00	    0.00	    0.00	    0.00	    0.00	    0.00	    0.00	    0.00	 3509.20	    6.39	    0.00	    0.00	    0.00	    1.81	    1.94	  398.28	  950.45	 2003.21	  599.94
14	15	    0.00	    0.00	    0.00	    0.00	    0.00	    0.00	    0.00	    0.00	    0.00	    0.00	    0.00	    0.00	    0.00	 6890.54	    0.00	    0.00	    0.00	    0.00	    0.00	    0.00	    0.00	    0.00	   52.06	    0.50
14	23	    0.00	    0.00	    0.00	    0.00	    0.00	    0.00	    0.00	    0.00	  211.54	  773.94	    0.00	    0.00	    0.00	 3700.27	  524.85	    0.00	  244.75	    0.00	  155.83	    0.00	    0.00	    0.00	    0.00	    0.00
15	10	    0.00	    0.00	    0.00	    0.00	    0.00	    0.00	    0.11	    0.00	    0.00	    0.00	    0.00	    0.00	    0.00	 2691.82	 8399.48	    0.48	    0.00	    0.09	 3498.17	 1275.39	 1524.79	 4049.36	 2295.41	  800.39
15	14	    0.00	    0.01	    0.00	    1.50	   99.90	   99.83	  199.01	  398.03	  811.52	 2873.87	 1599.79	    0.00	    0.00	    0.00	 1831.20	  698.32	  944.72	   99.50	  457.63	  499.01	    0.26	   14.47	    0.00	    0.00
15	19	  284.25	    0.06	    0.00	  189.65	   94.83	    0.06	    0.01	    0.02	  379.34	 1846.82	  412.76	  284.50	  284.11	 2897.87	 6194.23	    0.04	    0.29	    0.01	    0.00	    0.11	  482.55	 2899.96	  900.00	  162.17
15	22	    0.11	    0.00	    0.03	  399.68	  296.14	    0.00	    0.00	    0.00	 1484.75	 5625.66	 1500.59	    0.00	    0.00	    0.85	 4975.08	    0.23	 2158.25	    0.00	 1727.87	    0.00	    0.00	    0.00	    0.00	    0.00
16	8	    0.00	    0.00	    0.00	    0.00	    0.00	    0.00	    0.00	    0.00	    0.00	    0.61	    0.06	    0.00	    0.00	    0.19	    0.30	 6668.26	 1941.39	    0.13	    0.52	    0.43	    0.08	    0.12	    0.05	    0.03
16	10	    0.00	    0.05	    0.00	    0.00	    0.00	    0.07	 2393.47	    0.22	    0.00	    0.00	    0.00	    0.00	    0.00	    0.00	    0.00	 6244.94	    0.57	  899.93	    0.20	 1822.80	    0.00	    0.00	    0.00	    0.00
16	17	    1.05	  199.98	    0.02	    0.12	    0.05	  500.07	 1000.06	 1400.55	    0.23	    0.98	    0.25	    0.13	    0.06	    0.00	    0.00	 5851.77	    0.00	  600.08	    0.00	 1472.29	  368.07	    0.00	    0.00	  184.04
16	18	    0.10	    0.01	    0.03	    0.23	    0.10	    0.07	    0.00	    0.22	    0.63	 4939.98	 1157.42	    0.38	    0.19	    0.03	    0.06	 7335.02	 3599.07	    0.00	    0.06	    0.00	    0.00	    0.00	    0.00	    0.00
17	10	    0.00	    0.00	    0.00	    0.00	    0.00	    0.00	    0.00	    0.00	    0.00	    0.00	    0.00	    0.00	    0.00	    0.00	    0.00	    0.27	 8100.11	    0.04	    0.00	    0.12	    0.00	    0.00	    0.00	    0.00
17	16	    0.00	    0.00	    0.00	    0.00	    0.00	    0.00	    0.00	    0.00	    0.23	   13.53	    3.64	    0.00	    0.00	  662.43	 1135.72	    0.00	 8340.86	    0.00	 1230.74	    0.00	    0.05	    0.11	    0.04	    0.03
17	19	   15.41	    0.09	    0.00	   10.35	    5.17	    0.18	    0.12	    0.64	   20.70	   99.57	   22.24	   15.50	   15.50	    0.00	    0.00	 3051.68	 6959.04	    0.07	    0.00	    0.00	    0.00	    0.00	    0.00	    0.00
18	7	    0.02	    0.00	    0.03	    0.10	    0.05	    0.00	    0.00	    0.00	    0.26	 1886.80	  493.27	    0.24	    0.55	  599.81	 1394.13	 1886.66	 1158.67	 1199.31	 1399.50	 3099.51	  700.49	 1299.86	  499.98	  299.98
18	16	   45.99	   55.24	   18.40	   73.61	   45.99	  128.89	 4793.53	  331.74	  122.24	    0.27	    0.09	   60.61	  383.08	   37.78	   64.65	    0.00	    0.17	 2000.14	   70.03	 4895.52	  968.10	 1200.01	  500.00	  484.04
18	20	  694.17	  398.64	    0.08	  300.46	  103.56	 1196.65	 2791.65	 3999.31	  603.53	 2354.28	  565.25	    0.52	    0.21	    0.00	    0.00	 4948.36	 1840.74	 1600.55	    0.00	    0.00	    0.00	    0.00	    0.00	    0.00
19	15	    0.00	   98.79	    0.00	    0.00	    0.00	  296.68	  699.07	  997.96	    0.00	    0.00	    0.00	    0.00	    0.00	    0.00	    0.00	 1898.99	 4602.59	  299.58	 6483.67	 2874.30	    0.13	    0.31	    0.00	    0.00
19	17	    0.00	    0.00	    0.00	    0.00	    0.00	    0.00	    0.00	    0.00	    0.00	    0.00	    0.00	    0.00	    0.04	 1362.39	 2635.63	    0.00	    0.00	    0.00	 2930.64	  227.72	  231.95	 1700.00	  600.01	  115.97
19	20	    0.00	    0.00	    0.00	    0.00	    0.00	    0.00	    0.00	    0.00	    0.03	  146.39	   35.00	    0.00	    0.00	 1235.48	 2758.60	    0.00	  656.73	    0.00	 3385.69	    0.00	    0.00	    0.00	    0.00	    0.00
20	18	    0.00	    0.00	    0.01	    0.03	    0.00	    0.00	    0.00	    0.00	    0.07	    0.21	    0.06	    0.08	  453.03	  737.57	 1658.71	    0.00	    0.41	    0.00	 1769.47	 8395.03	 1768.59	 2799.87	 1099.98	  784.02
20	19	    0.33	  198.65	    0.00	    0.00	    0.00	  496.44	 1098.94	 1697.31	    0.00	    0.00	    0.00	    0.00	    0.44	    0.00	    0.00	  147.28	    0.00	  599.50	    0.00	 4301.91	  149.53	    0.34	    0.01	   53.80
20	21	    0.07	    0.01	    0.00	    0.14	    3.41	  100.70	  491.79	  600.20	    3.51	    0.51	    0.12	    0.01	    0.02	    0.01	    0.07	 1499.93	  797.14	  200.58	  416.16	 2700.12	    0.00	    0.16	    0.02	    0.02
20	22	  393.77	   99.99	    0.08	    0.33	    0.15	  299.50	  700.92	  801.80	    0.06	    0.24	    0.15	    0.08	    0.11	    0.00	    0.17	 1701.16	    0.11	  400.47	    0.06	 3102.95	    0.13	    0.00	    0.00	    0.00
21	20	    0.01	    0.00	    0.01	    0.04	    0.00	    0.00	    0.00	    0.00	    0.08	    0.28	    0.08	  399.66	 1053.39	    0.19	    0.11	    0.00	    0.18	    0.00	    0.00	    0.00	 3118.10	    0.15	    1.59	 1237.73
21	22	    6.04	    0.01	   99.76	    0.00	    0.00	    0.01	    0.07	    0.04	    0.00	    0.00	    0.00	  699.06	 1299.74	    0.00	    0.00	    0.18	    0.00	    0.04	    0.00	    0.27	 4611.55	    0.00	    0.12	 2458.39
21	24	    0.00	    0.00	    0.00	    0.00	    0.00	    0.70	  291.73	  200.16	  133.59	  533.63	    0.00	    0.00	    0.00	    0.00	  733.29	  899.83	  250.94	  100.54	  297.97	 1499.84	 3270.35	 2520.46	    0.00	    0.00
22	15	    0.04	    0.00	    0.01	    0.00	    0.00	    0.00	    0.06	    0.04	    0.00	    0.00	    0.00	    0.09	    1.74	    0.00	    0.00	    0.07	    0.00	    0.03	    0.00	    0.20	 2807.46	 9563.50	 4143.34	 1362.06
22	20	    0.00	    0.00	    0.00	    0.00	    0.00	    0.00	    0.00	    0.00	    0.00	    0.00	    0.00	    0.00	    0.00	    1.91	    0.24	    0.00	    0.00	    0.00	    0.00	    0.00	    0.14	 5200.21	 1798.42	    0.11
22	21	    0.00	    0.00	    0.00	    0.00	   96.30	    0.00	    0.00	    0.00	  430.14	 1733.40	  399.90	    0.00	    0.00	    0.18	 1533.33	    0.08	   53.98	    0.00	  281.81	    0.00	    0.00	 4320.45	    0.28	    0.00
22	23	    0.02	    0.00	    0.01	    0.04	    0.01	   99.52	  200.93	  301.81	  354.67	 1292.50	    0.84	    0.06	    0.07	    0.00	  841.69	  501.42	  404.38	  100.49	  246.12	  703.01	    4.07	 5315.84	    0.00	    0.00
23	14	  300.00	   99.99	  100.00	  498.50	    0.10	    0.17	    0.99	    1.97	    0.02	    0.07	    0.21	  700.00	  600.00	    0.00	    0.04	    1.68	    0.02	    0.50	    0.01	    2.94	  798.02	 2135.98	 3155.27	 1000.43
23	22	    0.15	    0.00	    0.14	    0.03	    0.02	    0.01	    0.00	    0.00	    0.00	    0.00	    0.00	    1.01	    1.96	 1201.25	    0.00	    0.00	    0.00	    0.00	    0.00	    0.00	    0.00	    0.00	 8041.92	    3.78
23	24	    0.00	    0.00	    0.00	    0.01	    0.00	    0.00	    0.11	    0.09	   66.21	  266.42	    0.02	    0.02	    0.03	 1399.01	  366.53	    0.17	   49.12	    0.08	  101.95	    0.68	    0.04	 1080.13	 3302.81	    0.00
24	13	    0.00	    0.00	    0.00	    0.00	    0.00	    0.00	  191.66	    0.00	    0.00	    0.00	    0.00	    0.00	    0.00	  599.02	  699.79	  599.56	    0.04	  100.53	  299.91	 1099.92	 1276.40	 2500.32	 1901.39	 1799.69
24	21	  105.97	    0.01	   99.77	  199.89	    0.30	    0.01	    0.00	    0.00	    0.02	    0.00	    0.06	 1398.70	 2953.11	  399.99	    0.00	    0.00	    0.00	    0.00	    0.00	    0.00	    0.00	    0.00	  701.42	 4196.10
24	23	  600.13	   99.99	  200.14	  998.51	  100.11	    0.66	    0.17	    0.25	    0.01	    0.05	 1299.39	 1400.96	 1401.91	    0.00	    0.03	    0.44	    0.02	    0.09	    0.01	    0.60	 1493.99	    0.27	    0.00	 1704.21
