i	j	       0	       1	       2	       3	       4	       5	       6	       7	       8	       9	      10	      11	      12	      13	      14	      15	      16	      17	      18	      19	      20	      21	      22	      23
0	1	 2600.46	    0.00	  267.04	  200.02	   15.76	    0.00	    0.01	    0.02	   31.52	   94.59	  200.02	  465.40	  459.95	  100.00	   15.73	    0.02	    0.04	    0.00	    0.01	    0.00	    0.01	    0.05	    0.10	   29.41
0	2	 6199.54	 1158.63	    0.00	    0.00	    0.00	  234.37	  139.35	  242.40	    0.00	    0.00	    0.00	    0.00	    0.00	    0.00	    0.00	   96.50	    0.00	   34.51	    0.00	    0.02	    0.00	    0.00	    0.00	    0.00
1	0	    0.00	 1258.63	    0.00	    0.00	    0.00	  534.37	  639.33	 1042.36	    0.00	    0.00	    0.00	    0.00	    0.00	    0.00	    0.00	  596.48	    0.54	  134.50	    0.23	  300.01	    0.00	    0.00	    0.00	    0.00
1	5	 2500.46	 2741.37	  167.04	    0.04	    0.00	    0.00	    0.00	    0.00	    0.00	    0.00	    0.04	  365.40	  159.95	    0.01	    0.00	    0.00	    0.00	    0.00	    0.00	    0.00	    0.01	    0.03	    0.10	   29.41
2	0	    0.00	    0.00	  367.04	  700.02	  215.76	    0.00	    0.03	    0.05	  531.52	 1394.59	  700.02	  665.40	  959.95	  400.00	  515.73	    0.04	  399.50	    0.00	  299.78	    0.02	  100.01	  400.05	  300.10	  129.41
2	3	 4499.46	  658.49	 1932.90	    0.00	    0.00	    0.00	    0.00	    0.00	    0.00	    0.00	    0.00	 3762.65	 2484.60	    0.09	    0.00	    0.00	    0.00	    0.00	    0.00	    0.00	  201.96	    0.03	    2.52	  470.37
2	11	 1600.08	  400.14	  500.06	 1602.18	  403.42	  500.56	  763.65	 1200.00	 1399.49	  670.96	    0.50	    0.00	    0.00	    0.17	   46.07	  532.05	  189.12	  199.22	   19.75	    0.19	    0.00	    0.00	    0.00	    0.00
3	2	    0.00	    0.00	    0.00	 2502.20	  719.18	  566.18	  724.33	 1157.65	 2031.01	 2365.55	  999.93	    0.00	    0.00	  499.82	  661.75	  635.59	  688.63	  164.72	  319.53	    0.18	    0.00	    0.07	    0.05	    0.00
3	4	 3197.74	  158.51	 1332.63	 6697.09	    0.00	    0.00	    0.00	    0.00	    0.00	    0.12	  905.00	 3161.80	 1884.10	  200.10	    0.08	    0.00	    0.01	    0.00	    0.02	    0.00	    2.02	    0.10	  199.96	  270.41
3	10	  801.72	  300.03	  400.27	 2400.71	  699.71	  599.54	    0.41	    4.12	    0.42	    0.17	    0.00	    0.84	    0.50	    0.07	    0.06	    0.12	    0.04	    0.02	    0.02	    0.03	    0.02	    0.05	    0.06	    0.03
4	3	    0.00	    0.05	    0.00	    0.00	 1918.89	 1565.72	 1124.73	 1861.77	 2731.43	 3564.46	    0.00	    0.00	    0.00	    0.00	 1160.65	 1435.71	 1188.01	  264.73	  519.07	  300.21	    0.03	  399.07	    0.00	    0.00
4	5	    0.00	    0.00	  527.71	 2139.84	 1266.19	    0.00	    0.02	    0.03	  568.64	 1305.35	  404.46	 1467.92	  561.52	  100.02	  283.47	    0.04	    0.04	    0.00	    0.19	    0.01	    0.01	    0.00	   99.90	   70.58
4	8	 2997.74	  899.97	  704.92	 4057.25	 2914.92	 1400.06	    0.03	    0.10	    0.00	    0.00	    0.54	 1493.88	 1122.58	    0.08	    0.00	    0.06	    0.00	    0.01	    0.00	    0.03	    0.00	    0.00	    0.07	  199.83
5	1	    0.00	    0.00	    0.00	    0.02	   84.24	  934.37	  839.32	 1442.35	  168.48	  505.41	    0.02	    0.00	    0.00	    0.01	   84.27	  996.46	  200.50	  134.50	  100.22	  400.01	    0.00	   99.98	    0.00	    0.00
5	4	    0.00	  841.51	    0.00	    0.00	    0.00	 3165.79	 1020.58	 1803.62	    0.00	    0.00	    0.00	    0.00	    0.00	    0.00	    0.00	 1463.19	    0.10	  202.31	    0.03	  306.49	    0.11	    0.08	    0.00	    0.00
5	7	 2200.46	 1499.86	  394.75	 1739.86	  981.95	 3499.84	    0.00	    0.00	    0.16	    0.07	    4.48	 1633.32	  521.47	    0.03	    0.00	    0.00	    0.00	    0.00	    0.00	    0.00	    0.00	    0.00	    0.00	    0.00
6	7	    0.00	    0.00	    0.00	    0.00	    0.00	    0.00	 4366.16	    0.00	    0.00	    0.00	    0.00	    0.00	    0.00	  399.67	  600.28	  337.24	  126.80	  999.11	  999.33	 2599.03	  500.14	  800.04	  299.97	  199.99
6	17	  439.74	  347.23	   10.70	  441.55	  126.06	 1010.44	 7733.84	 4583.18	  837.38	    0.65	    0.13	  223.32	    0.12	    0.00	    0.00	    0.00	    0.03	    0.00	    0.00	    0.00	    0.00	    0.00	    0.00	    0.00
7	5	    0.00	    0.00	    0.00	    0.00	    0.00	    0.00	 2259.88	 4045.93	    0.00	    0.13	    0.00	    0.00	    0.00	    0.00	    0.80	 3359.61	  700.55	  436.81	  300.05	 1006.48	  100.09	  300.03	    0.00	    0.01
7	6	  939.74	  547.23	  110.70	  841.55	  326.06	 1410.44	    0.00	 5583.18	 1437.32	    4.79	    1.28	  923.25	   42.88	    0.00	    0.00	    0.00	    0.11	    0.00	    0.00	    0.00	    0.00	    0.00	    0.00	    0.00
7	8	    0.00	    0.00	    0.00	    0.00	    0.00	    0.00	  906.41	 3753.57	    0.00	    0.00	    0.00	    0.00	    0.00	    0.00	    0.00	 1246.69	    0.00	  262.44	    0.00	  692.94	    0.10	    0.09	    0.00	    0.00
7	15	  460.80	  552.67	  168.91	  668.90	  418.04	 1289.50	  199.87	 3317.32	  883.91	    0.00	    0.07	  464.50	    0.28	    0.00	    0.00	    0.00	    0.00	    0.00	    0.00	    0.00	    0.00	    0.00	    0.00	    0.00
8	4	    0.00	    0.00	    0.00	    0.00	    0.00	    0.00	  304.20	  558.29	 4100.07	 5869.69	    0.00	    0.00	    0.00	    0.00	 1644.04	  472.62	 1387.94	   62.44	  619.21	   93.76	   97.90	  598.89	    0.00	    0.00
8	7	    0.08	    0.04	   84.86	  470.59	  262.15	    0.09	    0.00	    0.00	 3121.07	 1604.58	  796.86	  354.43	  121.68	    0.00	    0.00	    0.00	    0.24	    0.00	    0.00	    0.00	    0.00	    0.00	    0.00	    0.00
8	9	 2497.66	  699.93	  520.07	 2886.67	 1852.76	  999.97	    2.29	 2395.38	 8978.86	    0.00	    0.00	  539.51	  400.95	    0.00	    0.00	    0.84	    0.00	    0.35	    0.00	    0.33	    0.00	    0.00	    0.00	    0.00
9	8	    0.00	    0.00	    0.00	    0.00	    0.00	    0.00	    0.06	    0.00	    0.00	10274.26	 2196.32	    0.06	    0.06	  599.92	 2644.04	  626.71	 2288.17	    0.34	 1019.21	    1.12	  397.80	 1298.80	  499.93	    0.17
9	10	    0.00	    0.00	    0.00	    0.00	    0.00	    0.00	  499.57	  795.91	 1717.51	 8401.85	    0.00	    0.00	    0.00	    0.00	 1288.82	 1568.54	 1910.79	  199.93	  426.40	  427.78	    1.82	  491.85	    0.00	    0.00
9	14	  799.09	   99.97	   99.89	 1098.31	  596.80	  200.00	    0.04	    0.00	 3082.61	14599.68	 1908.61	  657.98	    3.95	    0.00	    0.00	    0.00	    0.84	    0.00	    0.00	    0.00	    0.00	    0.00	    0.00	    0.00
9	15	    0.00	    0.00	   20.40	   89.61	   56.01	    0.00	    0.00	    0.00	  478.90	 8023.41	 2170.85	  211.61	    0.11	    0.00	    0.00	    0.00	    0.00	    0.00	    0.00	    0.00	    0.00	    0.00	    0.00	    0.00
9	16	  399.43	    0.02	   99.98	  499.90	  199.96	    0.04	    0.09	    0.12	  899.83	 3900.80	  999.78	  599.89	  499.90	    0.06	    0.13	    0.12	    0.00	    0.05	    0.07	    0.15	    0.05	    0.15	    0.05	    0.03
10	3	    0.00	    0.00	    0.00	    0.00	    0.00	    0.00	    0.00	    0.00	    0.00	    1.38	 3404.94	    0.00	    0.00	 1199.90	    1.24	    0.00	    0.67	    0.00	    0.50	    0.00	    0.06	    1.12	  697.55	    0.07
10	9	    0.87	    0.00	    0.21	    1.16	    0.00	    0.00	    0.00	    0.00	    0.00	    0.00	11175.55	 2930.03	 2003.07	 1131.84	    0.00	    0.00	    0.00	    0.00	    0.00	    0.00	    0.00	    0.00	  316.75	   49.68
10	11	    0.00	    0.00	    0.00	    0.00	    0.00	    0.00	    0.00	    0.00	    0.11	 3229.04	 2400.96	    0.00	    0.00	  716.90	  658.97	  168.84	  910.71	    0.02	  282.39	    0.00	    0.00	    0.00	    0.00	    0.00
10	13	  300.97	  100.07	  100.12	  999.64	  199.74	  199.61	    0.09	    0.03	  317.82	 1171.60	 5318.55	 1042.03	   33.00	    0.00	    0.00	    0.00	    0.05	    0.00	    0.00	    0.00	    0.00	    0.00	    0.00	    0.00
11	2	    0.00	    0.00	    0.00	    0.00	    0.00	    0.00	    0.00	    0.00	    0.00	    0.00	    0.59	 4628.04	 3544.55	    0.45	    0.06	    0.00	    0.00	    0.00	    0.00	    0.00	  301.96	  500.01	  402.57	  599.78
11	10	    0.11	    0.04	    0.06	    0.08	    0.03	    0.07	    0.00	    0.00	    0.00	    0.00	    0.00	 5371.22	 3035.57	    0.00	    0.00	    0.00	    0.00	    0.00	    0.00	    0.00	    0.04	    0.00	    0.00	    0.39
11	12	 1399.96	  300.10	  300.00	 1002.10	  203.40	  300.48	   63.71	  600.00	  799.60	 1900.00	 1000.87	 3900.74	    0.00	   16.92	    4.98	    0.96	  499.83	    0.10	    2.14	    0.04	    0.00	    0.00	    0.00	    0.00
12	11	    0.00	    0.00	    0.00	    0.00	    0.00	    0.00	    0.07	    0.00	    0.00	    0.00	    0.00	    0.00	 7880.12	    0.29	    0.00	    0.07	    0.00	    0.86	    0.00	  499.86	  602.00	 1200.01	 1102.57	 1100.17
12	23	  899.96	    0.10	  200.00	  402.10	    3.40	  100.48	    0.00	    0.00	  199.60	    0.00	    0.87	 2600.74	 6719.88	    0.00	    0.00	    0.00	    0.00	    0.00	    0.00	    0.00	    0.00	    0.00	    0.00	    0.00
13	10	    0.00	    0.00	    0.00	    0.00	    0.00	    0.00	    0.12	    0.00	    0.00	    0.00	    0.00	    0.00	    0.00	 4648.57	  771.33	    0.19	    0.60	    0.08	  256.47	  172.19	  398.18	  609.22	 2314.24	  649.34
13	14	    0.94	    0.08	    0.12	    1.23	    0.06	    0.07	    0.00	    0.00	    0.00	    0.00	 1052.99	  342.01	  100.26	 6228.06	    0.00	    0.00	    0.00	    0.00	    0.00	    0.00	    0.00	    0.00	 1181.15	  131.23
13	22	    0.12	    0.01	    0.03	  498.43	   99.68	   99.55	    0.00	    0.00	  195.20	  811.79	 2665.64	    0.23	    0.00	 3223.37	  443.46	    0.00	  222.63	    0.00	  139.74	    0.00	    0.00	    0.00	    0.00	    0.00
14	9	    0.00	    0.00	    0.00	    0.00	    0.00	    0.00	    0.00	    0.00	    0.00	    0.00	    0.00	    0.00	    0.00	 1568.14	 7932.98	    0.31	    0.82	    0.06	 3245.48	 1742.40	 1599.68	 4390.80	 1983.24	  750.51
14	13	    0.00	    0.00	    0.00	    0.00	    0.00	    0.00	  199.65	  398.97	  477.38	 1740.20	    0.07	    0.00	    0.00	    0.00	 2514.79	  699.20	  923.18	   99.74	  696.20	  670.65	    0.00	  660.89	    0.00	    0.00
14	18	  300.03	    0.06	    0.01	  200.07	  100.03	    0.08	    0.02	    0.03	  400.15	 3271.33	  827.91	  300.06	  283.03	 2896.39	 5900.55	    0.06	    0.43	    0.01	    0.00	    0.05	  570.15	 2899.91	  899.98	  261.63
14	21	    0.00	    0.00	    0.00	  399.47	  296.83	    0.00	    0.00	    0.00	 1305.08	 5588.15	  733.62	    0.00	    0.00	  463.53	 5051.68	    0.24	 2468.40	    0.00	 2097.84	    0.00	    0.00	    0.00	    0.00	    0.00
15	7	    0.00	    0.00	    0.00	    0.00	    0.00	    0.00	    0.00	    0.00	    0.00	    0.28	    0.00	    0.00	    0.00	    0.30	    0.53	 6469.06	 1973.64	    0.13	    0.72	    0.39	    0.05	    0.09	    0.03	    0.02
15	9	    0.00	    0.06	    0.00	    0.00	    0.00	    0.07	 2397.21	    0.65	    0.00	    0.00	    0.00	    0.00	    0.00	    0.00	    0.00	 6592.40	    0.59	  899.82	    0.20	 1186.11	    0.00	    0.00	    0.00	    0.00
15	16	    0.56	  200.06	    0.01	    0.06	    0.03	  500.16	 1189.59	 1401.31	    0.12	    0.53	    0.09	    0.06	    0.00	    0.00	    0.00	 5834.16	    0.00	  600.16	    0.00	 1497.81	  341.17	    0.00	    0.00	  124.90
15	17	    0.02	    0.00	    0.00	    0.02	    0.00	    0.03	   10.64	    0.16	    0.16	 3624.54	  771.23	    0.13	    0.00	    0.03	    0.16	 7204.38	 3795.98	    0.00	    0.16	    0.00	    0.00	    0.00	    0.00	    0.00
16	9	    0.00	    0.00	    0.00	    0.00	    0.00	    0.00	    0.25	    0.00	    0.00	    0.00	    0.00	    0.00	    0.00	    0.00	    0.00	    1.82	 8098.39	    0.09	    0.00	    0.21	    0.00	    0.00	    0.00	    0.00
16	15	    0.00	    0.00	    0.00	    0.00	    0.00	    0.00	    0.00	    0.00	    0.00	    1.54	    0.29	    0.00	    0.00	  679.77	 1165.40	    0.00	 8570.08	    0.00	 1262.92	    0.00	    0.06	    0.11	    0.05	    0.03
16	18	    0.03	    0.10	    0.00	    0.02	    0.01	    0.20	  189.43	    1.43	    0.04	    0.17	    0.00	    0.00	    0.00	    0.00	    0.00	 3032.46	 6731.52	    0.12	    0.00	    0.00	    0.00	    0.00	    0.00	    0.00
17	6	    0.00	    0.00	    0.00	    0.00	    0.00	    0.00	    0.00	    0.00	    0.06	 1895.86	  498.85	    0.07	  357.24	  599.67	 1100.28	 1737.24	 1126.71	 1199.11	 1399.33	 3099.03	  700.14	 1300.04	  499.97	  299.99
17	15	   39.77	   47.45	   10.70	   41.58	   25.99	  110.76	 4797.57	  284.79	   37.47	    0.38	    0.12	   24.08	  599.61	   20.56	   35.28	    0.00	    0.12	 2000.12	   38.16	 4284.31	  941.17	 1199.97	  499.99	  424.90
17	19	  299.99	  299.78	    0.00	  299.99	  100.08	  799.71	 2746.91	 3998.54	  600.01	 1029.16	  172.40	    0.07	    0.08	    0.00	    0.00	 4967.14	 2069.32	 1600.77	    0.00	    0.00	    0.00	    0.00	    0.00	    0.00
18	14	    0.00	    0.01	    0.00	    0.00	    0.00	    0.02	  699.57	  998.91	    0.00	    0.00	    0.00	    0.00	    0.00	    0.00	    0.00	 1899.64	 4891.99	  299.78	 6839.52	 3512.63	    0.16	    0.40	    0.17	    0.07
18	16	    0.04	    0.02	    0.01	    0.05	    0.02	    0.00	    0.00	    0.00	    0.09	    0.38	    0.42	    0.06	    0.10	 1379.71	 2665.27	    0.00	    0.00	    0.00	 2962.85	  202.25	  258.83	 1699.96	  599.99	  175.10
18	19	    0.02	    0.00	    0.00	    0.04	    0.02	    0.03	    0.00	    0.00	    0.10	 1471.11	  427.49	    0.00	    0.00	 1216.69	 2435.28	    0.00	  139.96	    0.00	 2997.63	    0.00	    0.00	    0.00	    0.00	    0.00
19	17	    0.00	    0.00	    0.00	    0.00	    0.00	    0.00	    0.00	    0.00	    0.00	    0.22	    0.01	    0.77	 1056.81	  720.20	 1335.40	    0.00	    0.15	    0.00	 1737.33	 7783.35	 1741.31	 2800.02	 1099.96	  724.89
19	18	    0.00	   99.87	    0.00	    0.00	    0.00	  199.76	  910.12	 1697.45	    0.00	    0.00	    0.00	    0.00	   17.06	    0.01	    0.00	  167.12	    0.00	  599.64	    0.00	 4914.82	   88.85	    0.45	    0.18	   13.54
19	20	    0.00	    0.00	    0.00	    0.01	    0.09	  100.01	  636.59	  600.35	    0.05	    0.05	    0.02	    0.01	    0.03	    0.02	    0.03	 1499.63	  509.10	  200.89	   60.41	 2700.79	    0.00	    0.08	    0.03	    0.02
19	21	    0.00	   99.91	    0.00	    0.02	    0.01	  199.95	  700.20	  800.74	    0.06	    0.22	    0.05	    0.00	    0.00	    0.00	    0.17	 1700.40	    0.11	  400.23	    0.08	 3101.04	    0.18	    0.00	    0.00	    0.00
20	19	    0.00	    0.00	    0.00	    0.00	    0.00	    0.00	    0.00	    0.00	    0.00	    0.11	    0.03	  400.68	 1673.71	    0.08	    0.17	    0.00	    0.08	    0.00	    0.19	    0.00	 3030.34	    0.23	    1.18	 1138.13
20	21	  260.99	    0.07	   65.25	    0.26	    0.00	    0.03	    0.06	    0.08	    0.00	    0.00	    0.00	  456.74	 1458.65	    0.00	    0.00	    0.17	    0.00	    0.04	    0.00	    0.42	 4771.91	    0.00	    0.00	 1602.40
20	23	    0.00	    0.00	    0.00	    0.00	    0.00	    0.02	  436.53	  200.27	    0.13	  488.14	    0.00	    0.00	    0.00	    0.00	  683.49	  899.54	  210.60	  100.86	  249.13	 1500.37	 3197.75	 2342.53	    0.00	    0.00
21	14	    0.00	    0.00	    0.00	    0.00	    0.00	    0.00	    0.06	    0.08	    0.00	    0.00	    0.00	    0.07	  878.82	    0.00	    0.00	    0.16	    0.00	    0.03	    0.00	    0.47	 2969.66	10551.20	 2701.90	 1280.84
21	19	    0.00	    0.00	    0.00	    0.00	    0.00	    0.00	    0.00	    0.00	    0.00	    0.11	    0.16	    0.03	    0.11	    3.45	    0.16	    0.00	    0.00	    0.00	    0.00	    0.00	    0.00	 5200.31	 1798.99	    0.32
21	20	    0.01	    0.00	    0.00	    0.03	   96.89	    0.00	    0.00	    0.00	  300.07	 1688.20	    1.39	    0.04	    0.00	    0.50	 1483.63	    0.08	  301.58	    0.00	  588.91	    0.00	    0.00	 4142.68	    0.09	    0.00
21	22	    0.00	    0.00	    0.00	    0.00	    0.00	    0.01	  200.20	  300.73	  305.07	 1300.07	    0.00	    0.00	    0.00	    0.00	  968.06	  500.55	  466.94	  100.24	  309.01	  700.99	    2.43	 4505.81	    0.00	    0.00
22	13	    0.09	    0.03	    0.03	    0.02	    0.00	    0.00	    0.37	    1.01	    0.00	    0.00	    0.00	    0.20	  667.26	    0.00	    0.00	    0.99	    0.00	    0.33	    0.01	    1.54	  798.18	 1148.33	 4595.39	 1180.57
22	21	  139.02	    0.02	   34.75	    0.28	    0.05	    0.03	    0.00	    0.00	    0.00	    0.00	  367.89	  243.40	  720.28	  740.43	    0.00	    0.00	    0.00	    0.00	    0.00	    0.00	    0.00	    0.00	 6600.99	  778.76
22	23	    0.01	    0.00	    0.00	    0.03	    0.00	    0.01	    0.02	    0.03	    0.27	  311.86	  997.80	    0.00	    0.00	 1382.94	  411.52	    0.07	   89.57	    0.00	  148.73	    0.14	    0.06	 1257.57	 3303.62	    0.00
23	12	    0.00	    0.00	    0.00	    0.00	    0.00	    0.00	  336.35	    0.00	    0.00	    0.00	    0.00	    0.00	    0.00	  583.38	  695.02	  599.11	    0.17	  100.76	  297.86	 1099.81	 1202.00	 2500.01	 1902.57	 1800.17
23	20	  360.98	    0.06	   65.25	  200.22	    3.03	    0.03	    0.00	    0.00	    0.00	    0.00	  398.62	 1157.37	 3732.33	  399.56	    0.00	    0.00	    0.00	    0.00	    0.00	    0.00	    0.00	    0.00	  701.05	 3240.51
23	22	  439.00	    0.04	  134.75	    1.90	    0.37	    0.48	    0.19	    0.30	    0.00	    0.00	    0.06	  943.37	 2187.54	    0.00	    0.00	    0.51	    0.00	    0.10	    0.00	    0.69	 1495.81	    0.09	    0.00	 2659.32
