i	j	o21d9l66
0	1	 4554.73
0	2	 8319.73
1	0	 4720.47
1	5	 5908.76
2	0	 8153.99
2	3	14100.51
2	11	10222.71
3	2	14146.13
3	4	18098.91
3	10	 5210.13
4	3	18146.39
4	5	 8771.18
4	8	15779.86
5	1	 6074.50
5	4	 8832.61
5	7	12525.40
6	7	12521.58
6	17	15794.95
7	5	12752.57
7	6	12074.77
7	8	 7211.70
7	15	 8412.54
8	4	15765.92
8	7	 6861.51
8	9	21727.53
9	8	21463.40
9	10	17672.73
9	14	23127.15
9	15	11072.02
9	16	 8100.84
10	3	 5308.26
10	9	17468.13
10	11	 8334.67
10	13	 9775.98
11	2	10011.35
11	10	 8457.95
11	12	12587.21
12	11	12599.14
12	23	11039.54
13	10	 9646.23
13	14	 8970.09
13	22	 8199.29
14	9	22683.38
14	13	 9052.90
14	18	19701.16
14	21	18330.12
15	7	 8543.09
15	9	11355.72
15	16	11401.64
15	17	15958.36
16	9	 8101.38
16	15	11600.78
16	18	 9876.89
17	6	16241.76
17	15	16173.46
17	19	19251.93
18	14	20260.42
18	16	10076.57
18	19	 8692.31
19	17	19813.84
19	18	 9451.26
19	20	 6421.55
19	21	 7499.92
20	19	 6235.02
20	21	 8772.61
20	23	10334.16
21	14	17309.90
21	19	 8907.30
21	20	 8532.70
21	22	 9522.78
22	13	 7986.72
22	21	 9670.04
22	23	 8394.87
23	12	10951.46
23	20	10387.55
23	22	 8329.55
