i	j	o16d0l4
0	1	 4519.29
0	2	 7763.91
1	0	 4564.43
1	5	 5960.13
2	0	 7718.78
2	3	14045.83
2	11	10043.67
3	2	14036.57
3	4	18044.13
3	10	 5209.68
4	3	18035.69
4	5	 8791.12
4	8	15787.91
5	1	 6005.27
5	4	 8807.04
5	7	12510.08
6	7	12197.55
6	17	15957.61
7	5	12571.13
7	6	12069.18
7	8	 6966.17
7	15	 8391.83
8	4	15763.56
8	7	 6850.91
8	9	21738.28
9	8	21698.66
9	10	17703.70
9	14	23087.00
9	15	11060.57
9	16	 8100.68
10	3	 5308.86
10	9	17623.13
10	11	 8346.21
10	13	 9782.92
11	2	10007.79
11	10	 8395.07
11	12	12291.10
12	11	12404.08
12	23	11110.24
13	10	 9852.67
13	14	 9022.94
13	22	 8404.80
14	9	23346.61
14	13	 9089.32
14	18	19089.00
14	21	18427.11
15	7	 8439.77
15	9	11141.36
15	16	11650.65
15	17	15448.11
16	9	 7701.23
16	15	11821.05
16	18	10063.55
17	6	16085.99
17	15	15406.43
17	19	19058.33
18	14	19336.02
18	16	 9834.50
18	19	 8742.63
19	17	19045.03
19	18	 8760.60
19	20	 6287.30
19	21	 7001.08
20	19	 6190.73
20	21	 8653.98
20	23	10307.90
21	14	18406.08
21	19	 7002.31
21	20	 8624.13
21	22	 9665.01
22	13	 8408.18
22	21	 9615.36
22	23	 7911.60
23	12	11123.23
23	20	10241.19
23	22	 7865.33
