i	j	       0	       1	       2	       3	       4	       5	       6	       7	       8	       9	      10	      11	      12	      13	      14	      15	      16	      17	      18	      19	      20	      21	      22	      23
0	1	 2600.83	    0.00	  292.05	  200.02	   20.45	    0.00	    0.01	    0.02	   40.90	  122.99	  200.02	  560.03	  482.50	  100.00	   20.40	    0.02	    0.02	    0.00	    0.02	    0.00	    0.01	    0.08	    0.14	   30.03
0	2	 6199.17	 1215.73	    0.00	    0.00	    0.00	  237.34	  144.63	  234.61	    0.00	    0.00	    0.00	    0.00	    0.00	    0.00	    0.00	   86.41	    0.00	   33.09	    0.00	    0.02	    0.00	    0.00	    0.00	    0.00
1	0	    0.00	 1315.73	    0.00	    0.00	    0.00	  537.34	  644.61	 1034.58	    0.00	    0.00	    0.00	    0.00	    0.00	    0.00	    0.00	  586.39	    0.41	  133.08	    0.02	  300.01	    0.00	    0.02	    0.00	    0.00
1	5	 2500.83	 2684.27	  192.05	    0.04	    0.00	    0.00	    0.00	    0.00	    0.00	    0.00	    0.04	  460.03	  182.50	    0.01	    0.00	    0.00	    0.00	    0.00	    0.00	    0.00	    0.01	    0.03	    0.14	   30.03
2	0	    0.00	    0.00	  392.05	  700.02	  220.45	    0.00	    0.03	    0.05	  540.90	 1422.99	  700.02	  760.03	  982.50	  400.00	  520.40	    0.03	  399.61	    0.00	  300.00	    0.02	  100.01	  400.07	  300.14	  130.03
2	3	 4498.95	  715.56	 1907.84	    0.00	    0.00	    0.00	    0.00	    0.00	    0.00	    0.00	    0.00	 3752.51	 2510.58	    0.08	    0.00	    0.00	    0.00	    0.00	    0.00	    0.00	  203.06	    0.19	    2.65	  469.71
2	11	 1600.22	  400.17	  500.10	 1601.17	  401.66	  500.21	  856.23	 1200.00	 1399.60	  629.90	    0.80	    0.00	    0.00	    0.12	   51.00	  527.62	  177.66	  199.15	   21.86	    0.17	    0.00	    0.00	    0.00	    0.00
3	2	    0.00	    0.00	    0.00	 2501.19	  722.11	  562.87	  811.62	 1165.44	 2040.50	 2352.88	 1000.37	    0.00	    0.00	  499.85	  671.36	  641.24	  677.27	  166.06	  321.86	    0.17	    0.01	    0.05	    0.04	    0.01
3	4	 3198.21	  215.46	 1307.78	 6698.21	    0.00	    0.00	    0.00	    0.00	    0.00	    0.10	  905.90	 3151.83	 1909.95	  200.01	    0.06	    0.00	    0.01	    0.00	    0.03	    0.00	    3.08	    0.04	  199.85	  269.71
3	10	  800.73	  300.14	  400.07	 2400.59	  699.87	  599.82	    0.39	    4.68	    0.31	    0.15	    0.00	    0.68	    0.64	    0.06	    0.05	    0.10	    0.04	    0.03	    0.02	    0.02	    0.02	    0.04	    0.05	    0.02
4	3	    0.00	    0.04	    0.00	    0.00	 1921.97	 1562.69	 1212.01	 1870.12	 2740.81	 3551.22	    0.00	    0.00	    0.00	    0.00	 1169.67	 1441.35	 1176.74	  266.10	  521.12	  300.19	    0.03	  398.67	    0.00	    0.00
4	5	    0.00	    0.00	  526.69	 2256.12	 1328.75	    0.00	    0.02	    0.03	  559.23	 1277.02	  405.74	 1400.82	  522.28	  100.02	  278.78	    0.03	    0.04	    0.00	    0.04	    0.01	    0.01	    0.00	   99.85	   69.95
4	8	 2998.21	  899.81	  681.09	 3942.09	 2849.27	 1400.12	    0.02	    0.09	    0.00	    0.00	    0.16	 1551.01	 1187.66	    0.00	    0.00	    0.05	    0.00	    0.01	    0.00	    0.02	    0.00	    0.00	    0.00	  199.76
5	1	    0.00	    0.00	    0.00	    0.02	   79.55	  937.34	  844.61	 1434.56	  159.10	  477.01	    0.02	    0.00	    0.00	    0.01	   79.60	  986.37	  200.39	  133.08	  100.00	  400.01	    0.00	   99.96	    0.00	    0.00
5	4	    0.00	  784.39	    0.00	    0.00	    0.00	 3162.81	 1085.42	 1799.18	    0.00	    0.00	    0.00	    0.00	    0.00	    0.00	    0.00	 1439.39	    0.07	  201.99	    0.02	  303.03	    0.06	    0.00	    0.00	    0.00
5	7	 2200.83	 1499.88	  418.74	 1856.14	 1049.20	 3499.84	    0.00	    0.00	    0.13	    0.12	    5.76	 1660.85	  504.78	    0.02	    0.00	    0.00	    0.00	    0.00	    0.00	    0.00	    0.00	    0.00	    0.00	    0.00
6	7	    0.00	    0.00	    0.00	    0.00	    0.00	    0.00	 4264.82	    0.00	    0.00	    0.00	    0.00	    0.00	    0.00	  399.93	  600.66	  306.53	  110.09	  999.16	  999.77	 2599.94	  500.08	  799.91	  299.99	  200.01
6	17	  399.95	  299.82	    0.03	  400.06	  100.05	  899.80	 7835.18	 6497.19	  798.95	    0.33	    0.11	    2.39	    0.17	    0.00	    0.00	    0.00	    0.00	    0.00	    0.00	    0.00	    0.00	    0.00	    0.00	    0.00
7	5	    0.00	    0.00	    0.00	    0.00	    0.00	    0.00	 2330.01	 4033.71	    0.00	    0.12	    0.00	    0.00	    0.00	    0.00	    0.82	 3325.73	  700.42	  435.07	  299.99	 1003.02	  100.05	  299.93	    0.00	    0.01
7	6	  899.95	  499.82	  100.03	  800.06	  300.05	 1299.80	    0.00	 7497.19	 1398.70	    1.45	    0.44	  702.32	    1.04	    0.00	    0.00	    0.00	    0.08	    0.00	    0.00	    0.00	    0.00	    0.00	    0.00	    0.00
7	8	    0.00	    0.00	    0.00	    0.00	    0.00	    0.00	  934.98	 3766.21	    0.00	    0.00	    0.00	    0.00	    0.00	    0.00	    0.00	 1191.53	    0.00	  264.14	    0.00	  697.03	    0.04	    0.00	    0.00	    0.00
7	15	  500.95	  600.10	  199.72	  798.72	  499.28	 1400.13	    0.00	 1402.90	 1369.78	    0.60	    0.19	  674.40	    1.40	    0.00	    0.00	    0.00	    0.00	    0.00	    0.00	    0.00	    0.00	    0.00	    0.00	    0.00
8	4	    0.00	    0.00	    0.00	    0.00	    0.00	    0.00	  326.62	  571.06	 4100.04	 5828.14	    0.00	    0.00	    0.00	    0.00	 1648.39	  502.04	 1376.70	   64.12	  621.10	   97.20	   96.89	  598.63	    0.00	    0.00
8	7	    0.07	    0.04	   81.00	  442.64	  250.14	    0.08	    0.00	    0.00	 3568.36	 1601.16	  794.86	  315.88	   97.66	    0.00	    0.00	    0.00	    0.19	    0.00	    0.00	    0.00	    0.00	    0.00	    0.00	    0.00
8	9	 2498.14	  699.77	  500.09	 2799.46	 1799.14	 1000.04	    8.43	 2395.23	 8531.60	    0.00	    0.00	  635.18	  490.05	    0.00	    0.00	    0.24	    0.00	    0.13	    0.00	    0.24	    0.00	    0.00	    0.00	    0.00
9	8	    0.00	    0.00	    0.00	    0.00	    0.00	    0.00	    0.05	    0.00	    0.00	10229.30	 2194.70	    0.05	    0.05	  600.00	 2648.39	  710.70	 2276.89	    0.10	 1021.10	    0.38	  396.85	 1298.63	  500.00	    0.24
9	10	    0.00	    0.00	    0.00	    0.00	    0.00	    0.00	  499.61	  795.32	 1697.39	 8366.22	    0.00	    0.00	    0.00	    0.00	 1304.59	 1572.10	 1922.58	  199.98	  431.22	  422.01	    2.19	  482.59	    0.00	    0.00
9	14	  799.86	   99.97	   99.99	 1099.33	  598.49	  199.96	    0.00	    0.00	 3102.73	14201.57	 1929.39	  689.78	   88.46	    0.00	    0.00	    0.00	    0.75	    0.00	    0.00	    0.00	    0.00	    0.00	    0.00	    0.00
9	15	    0.00	    0.00	    0.30	    1.44	    0.75	    0.00	    0.00	    0.00	   31.51	 8501.95	 2317.17	   25.77	    0.28	    0.00	    0.00	    0.00	    0.00	    0.00	    0.00	    0.00	    0.00	    0.00	    0.00	    0.00
9	16	  399.01	    0.06	   99.95	  499.74	  199.90	    0.14	    0.08	    0.11	  899.97	 3900.96	 1000.10	  599.69	  499.54	    0.09	    0.12	    0.11	    0.00	    0.05	    0.06	    0.13	    0.05	    0.13	    0.05	    0.02
10	3	    0.00	    0.00	    0.00	    0.00	    0.00	    0.00	    0.00	    0.00	    0.00	    1.92	 3406.27	    0.00	    0.00	 1199.85	    1.81	    0.00	    0.58	    0.00	    0.79	    0.00	    0.03	    1.27	  697.29	    0.04
10	9	    0.73	    0.21	    0.15	    1.06	    0.00	    0.00	    0.00	    0.00	    0.00	    0.00	11341.37	 2680.11	 1998.28	 1157.66	    0.00	    0.00	    0.00	    0.00	    0.00	    0.00	    0.00	    0.00	  330.49	   55.35
10	11	    0.00	    0.00	    0.00	    0.00	    0.00	    0.00	    0.00	    0.00	    0.17	 3270.10	 2400.22	    0.00	    0.00	  704.98	  652.22	  172.34	  922.30	    0.02	  279.50	    0.00	    0.00	    0.00	    0.00	    0.00
10	13	  300.24	  100.02	  100.04	  999.61	  199.89	  199.84	    0.00	    0.00	  297.54	 1094.34	 5152.13	 1009.99	  261.37	    0.00	    0.00	    0.00	    0.04	    0.00	    0.00	    0.00	    0.00	    0.00	    0.00	    0.00
11	2	    0.00	    0.00	    0.00	    0.00	    0.00	    0.00	    0.00	    0.00	    0.00	    0.00	    0.45	 4712.53	 3593.08	    0.36	    0.05	    0.00	    0.00	    0.00	    0.00	    0.00	  303.05	  500.20	  402.75	  599.73
11	10	    0.24	    0.09	    0.12	    0.08	    0.02	    0.02	    0.00	    0.00	    0.00	    0.00	    0.00	 5089.42	 3259.01	    0.00	    0.00	    0.00	    0.00	    0.00	    0.00	    0.00	    0.20	    0.00	    0.00	    0.30
11	12	 1399.98	  300.08	  299.98	 1001.10	  201.63	  300.19	  156.23	  600.00	  799.77	 1900.00	 1000.57	 4098.04	    0.00	    4.99	    3.17	    0.55	  499.96	    0.04	    1.36	    0.06	    0.00	    0.00	    0.00	    0.00
12	11	    0.00	    0.00	    0.00	    0.00	    0.00	    0.00	    0.00	    0.00	    0.00	    0.00	    0.00	    0.00	 8152.09	    0.25	    0.00	    0.60	    0.00	    0.88	    0.00	  499.89	  603.25	 1200.20	 1102.75	 1100.03
12	23	  899.98	    0.08	  199.98	  401.10	    1.63	  100.19	    0.00	    0.00	  199.77	    0.00	    0.57	 2798.04	 6447.91	    0.00	    0.00	    0.00	    0.00	    0.00	    0.00	    0.00	    0.00	    0.00	    0.00	    0.00
13	10	    0.00	    0.00	    0.00	    0.00	    0.00	    0.00	    0.00	    0.00	    0.00	    0.00	    0.00	    0.00	    0.00	 4662.42	  749.38	    0.13	    0.30	    0.00	  249.05	  177.97	  397.62	  618.64	 2327.73	  655.06
13	14	    0.16	    0.02	    0.02	    0.18	    0.05	    0.03	    0.00	    0.00	    0.00	    0.00	  929.00	  309.81	  131.63	 6189.58	    0.00	    0.00	    0.00	    0.00	    0.00	    0.00	    0.00	    0.00	 1290.65	  155.14
13	22	    0.09	    0.01	    0.02	  499.45	   99.85	   99.81	    0.00	    0.00	  184.85	  776.77	 2623.20	    0.21	    0.26	 3248.00	  440.96	    0.00	  214.45	    0.00	  135.52	    0.00	    0.00	    0.00	    0.00	    0.00
14	9	    0.00	    0.00	    0.00	    0.00	    0.00	    0.00	    0.00	    0.00	    0.00	    0.00	    0.00	    0.00	    0.00	 1542.44	 7953.09	    0.27	    0.74	    0.05	 3252.20	 1843.42	 1599.08	 4381.36	 1969.56	  744.92
14	13	    0.00	    0.00	    0.00	    0.00	    0.00	    0.00	  199.42	  399.25	  487.31	 1782.42	    0.06	    0.00	    0.00	    0.00	 2490.34	  699.75	  914.71	   99.71	  684.56	  676.38	    0.68	  641.46	    0.00	    0.00
14	18	  300.03	    0.04	    0.01	  200.06	  100.03	    0.10	    0.02	    0.03	  400.14	 2795.42	  681.92	  300.05	  297.58	 2897.08	 5900.09	    0.05	    0.38	    0.01	    0.00	    0.05	  739.90	 2899.92	  899.98	  334.53
14	21	    0.00	    0.00	    0.00	  399.45	  298.50	    0.00	    0.00	    0.00	 1315.29	 5623.73	  776.41	    0.00	    0.00	  450.05	 5056.48	    0.21	 2351.63	    0.00	 2000.55	    0.00	    0.00	    0.00	    0.00	    0.00
15	7	    0.00	    0.00	    0.00	    0.00	    0.00	    0.00	    0.18	    0.00	    0.00	    0.88	    0.00	    0.00	    0.00	    0.05	    0.15	 6410.72	 1990.22	    0.05	    0.22	    0.11	    0.01	    0.02	    0.01	    0.01
15	9	    0.00	    0.05	    0.00	    0.00	    0.00	    0.07	 2391.10	    0.20	    0.00	    0.00	    0.00	    0.00	    0.00	    0.00	    0.00	 6681.49	    0.53	  899.88	    0.18	 1078.69	    0.00	    0.00	    0.00	    0.00
15	16	    0.98	  200.11	    0.04	    0.23	    0.09	  500.19	 1000.32	 1402.43	    0.11	    0.47	    0.08	    0.25	    0.17	    0.00	    0.00	 5969.07	    0.00	  600.14	    0.00	 1627.27	  230.38	    0.00	    0.00	   63.05
15	17	    0.04	    0.01	    0.00	    0.04	    0.01	    0.04	    0.00	    0.39	    1.41	 4103.01	  917.76	    0.16	    0.00	    0.02	    0.12	 7038.72	 3659.94	    0.00	    0.12	    0.00	    0.00	    0.00	    0.00	    0.00
16	9	    0.00	    0.00	    0.00	    0.00	    0.00	    0.00	    0.20	    0.00	    0.00	    0.00	    0.00	    0.00	    0.00	    0.00	    0.00	    0.91	 8098.96	    0.08	    0.00	    0.18	    0.00	    0.00	    0.00	    0.00
16	15	    0.00	    0.00	    0.00	    0.00	    0.00	    0.00	    0.00	    0.00	    0.12	    1.64	    0.37	    0.00	    0.00	  667.09	 1145.08	    0.00	 8450.58	    0.00	 1240.80	    0.00	    0.05	    0.10	    0.04	    0.02
16	18	    0.02	    0.17	    0.00	    0.02	    0.01	    0.33	    0.20	    2.54	    0.03	    0.15	    0.00	    0.00	    0.00	    0.00	    0.00	 3168.27	 6850.46	    0.11	    0.00	    0.00	    0.00	    0.00	    0.00	    0.00
17	6	    0.00	    0.00	    0.00	    0.00	    0.00	    0.00	    0.00	    0.00	    0.25	 1898.88	  499.68	    0.06	  399.13	  599.93	 1100.66	 1706.53	 1110.01	 1199.16	 1399.77	 3099.94	  700.08	 1299.91	  499.99	  300.01
17	15	    0.07	    0.07	    0.03	    0.10	    0.07	    0.16	 4791.60	 2200.13	    0.10	    0.17	    0.10	    0.24	  598.49	   32.98	   55.20	    0.00	    0.11	 2000.06	   59.73	 4306.07	  830.35	 1199.93	  499.97	  363.03
17	19	  299.93	  299.76	    0.00	  299.99	  100.00	  799.67	 2843.58	 3997.46	  600.01	 1504.51	  318.10	    0.08	    0.08	    0.00	    0.00	 4832.18	 1949.95	 1600.78	    0.00	    0.00	    0.00	    0.00	    0.00	    0.00
18	14	    0.00	    0.05	    0.00	    0.00	    0.00	    0.11	  699.38	  999.20	    0.00	    0.00	    0.00	    0.00	    0.00	    0.00	    0.00	 1900.15	 4766.71	  299.74	 6737.31	 3619.43	    0.14	    0.35	    0.15	    0.06
18	16	    0.04	    0.00	    0.01	    0.05	    0.02	    0.00	    0.00	    0.00	    0.08	    0.36	    0.19	    0.05	    0.29	 1367.00	 2644.96	    0.00	    0.00	    0.00	 2940.74	   72.77	  369.62	 1699.97	  599.99	  236.95
18	19	    0.02	    0.00	    0.00	    0.03	    0.02	    0.02	    0.00	    0.00	    0.09	  995.21	  281.73	    0.00	    0.00	 1230.10	 2455.13	    0.00	  384.14	    0.00	 3121.95	    0.00	    0.00	    0.00	    0.00	    0.00
19	17	    0.00	    0.00	    0.00	    0.00	    0.00	    0.00	    0.00	    0.00	    0.00	    0.22	    0.01	  197.83	 1097.52	  732.89	 1355.74	    0.00	    0.13	    0.00	 1759.37	 7806.01	 1630.43	 2799.83	 1099.96	  663.04
19	18	    0.00	   99.85	    0.00	    0.00	    0.00	  199.70	 1099.17	 1696.63	    0.00	    0.00	    0.00	    0.00	    2.71	    0.01	    0.00	   31.83	    0.00	  599.62	    0.00	 4892.15	   29.86	    0.40	    0.16	    2.49
19	20	    0.00	    0.00	    0.00	    0.01	    0.00	  100.01	  544.07	  600.42	    0.04	    0.05	    0.02	    0.01	    0.02	    0.02	    0.03	 1500.69	  633.93	  201.00	  162.68	 2700.93	    0.00	    0.07	    0.03	    0.02
19	21	    0.00	   99.91	    0.00	    0.02	    0.01	  199.98	  700.34	  800.41	    0.05	    0.20	    0.04	    0.00	    0.00	    0.00	    0.15	 1699.67	    0.10	  400.16	    0.07	 3100.91	    0.16	    0.00	    0.00	    0.00
20	19	    0.06	    0.00	    0.00	    0.00	    0.00	    0.00	    0.00	    0.00	    0.00	    0.10	    0.02	  597.74	 1700.10	    0.08	    0.16	    0.00	    0.07	    0.00	    0.17	    0.00	 2860.45	    0.23	    3.04	 1065.28
20	21	  249.81	    0.08	   62.45	    0.16	    0.00	    0.03	    0.06	    0.07	    0.00	    0.00	    0.00	  437.58	 1336.46	    0.00	    0.00	    0.15	    0.00	    0.03	    0.00	    0.39	 4941.55	    0.00	    0.00	 1574.56
20	23	    0.00	    0.00	    0.00	    0.00	    0.00	    0.02	  344.01	  200.35	    0.10	  492.80	    0.00	    0.00	    0.00	    0.00	  690.06	  900.61	  226.64	  100.96	  261.75	 1500.54	 3198.00	 2401.21	    0.00	    0.00
21	14	    0.00	    0.00	    0.00	    0.00	    0.00	    0.00	    0.05	    0.07	    0.00	    0.00	    0.00	    0.47	  777.49	    0.00	    0.00	    0.14	    0.00	    0.03	    0.00	    0.42	 3139.51	10522.39	 2578.74	 1324.25
21	19	    0.00	    0.00	    0.00	    0.00	    0.00	    0.00	    0.00	    0.00	    0.00	    0.64	    0.21	    0.03	    0.07	    2.74	    0.63	    0.00	    0.00	    0.00	    0.00	    0.00	    0.00	 5200.08	 1797.11	    0.26
21	20	    0.01	    0.00	    0.00	    0.02	   98.55	    0.00	    0.00	    0.00	  300.06	 1692.86	    1.55	    0.03	    0.06	    0.79	 1490.18	    0.07	  192.77	    0.00	  499.24	    0.00	    0.00	 4201.37	    0.68	    0.00
21	22	    0.00	    0.00	    0.00	    0.00	    0.00	    0.01	  200.35	  300.41	  315.28	 1330.43	    0.00	    0.00	    0.00	    0.00	  965.82	  499.81	  458.95	  100.17	  301.38	  700.87	    2.20	 4476.17	    0.00	    0.00
22	13	    0.01	    0.00	    0.00	    0.02	    0.00	    0.00	    0.58	    0.75	    0.00	    0.00	    0.00	    0.03	  470.53	    0.00	    0.00	    0.38	    0.00	    0.29	    0.01	    1.59	  796.95	 1177.17	 4718.39	 1210.20
22	21	  150.20	    0.02	   37.55	    0.39	    0.04	    0.00	    0.00	    0.00	    0.00	    0.00	  325.32	  262.94	  741.16	  753.47	    0.00	    0.00	    0.00	    0.00	    0.00	    0.00	    0.00	    0.00	 6476.53	  849.95
22	23	    0.01	    0.00	    0.00	    0.02	    0.00	    0.01	    0.02	    0.05	    0.13	  307.20	  997.93	    0.05	    0.00	 1394.53	  406.78	    0.09	   73.40	    0.00	  136.89	    0.19	    0.05	 1199.08	 3305.08	    0.00
23	12	    0.00	    0.00	    0.00	    0.00	    0.00	    0.00	  243.77	    0.00	    0.00	    0.00	    0.00	    0.00	    0.00	  595.26	  696.83	  600.05	    0.04	  100.84	  298.64	 1099.83	 1203.25	 2500.20	 1902.75	 1800.03
23	20	  349.86	    0.07	   62.45	  200.14	    1.44	    0.03	    0.00	    0.00	    0.00	    0.00	  398.45	 1335.29	 3636.48	  399.28	    0.00	    0.00	    0.00	    0.00	    0.00	    0.00	    0.00	    0.00	  702.33	 3139.82
23	22	  450.13	    0.01	  137.53	    0.98	    0.19	    0.19	    0.26	    0.39	    0.00	    0.00	    0.05	  962.80	 2011.43	    0.00	    0.00	    0.66	    0.00	    0.13	    0.00	    0.90	 1494.81	    0.09	    0.00	 2760.15
