i	j	       1	       2	       3	       4	       5	       6	       7	       8	       9	      10	      11	      12	      13	      14	      15	      16	      17	      18	      19	      20	      21	      22	      23	      24
1	2	 2601.24	    0.00	  334.11	  199.98	   23.47	    0.00	    0.01	    0.02	   46.93	  140.79	  199.98	  733.93	  527.20	   99.97	   23.53	    0.02	    0.04	    0.00	    0.03	    0.00	    0.01	    0.04	    0.02	   33.90
1	3	 6198.76	 1228.07	    0.00	    0.00	    0.00	  262.89	  171.73	  300.89	    0.00	    0.00	    0.00	    0.00	    0.00	    0.00	    0.00	  162.03	    0.00	   42.64	    0.00	    0.00	    0.00	    0.00	    0.00	    0.00
2	1	    0.00	 1328.07	    0.00	    0.00	    0.00	  562.89	  671.71	 1100.86	    0.00	    0.00	    0.00	    0.00	    0.00	    0.00	    0.00	  662.01	    0.06	  142.64	    0.03	  299.96	    0.00	    0.00	    0.00	    0.00
2	6	 2501.24	 2671.93	  234.11	    0.00	    0.00	    0.00	    0.00	    0.00	    0.00	    0.00	    0.00	  633.93	  227.20	    0.00	    0.00	    0.00	    0.00	    0.00	    0.00	    0.00	    0.01	    0.02	    0.02	   33.90
3	1	    0.00	    0.00	  434.11	  699.98	  223.47	    0.00	    0.03	    0.05	  546.93	 1440.79	  699.98	  933.93	 1027.20	  399.97	  523.53	    0.04	  399.98	    0.00	  300.00	    0.04	  100.01	  400.04	  300.02	  133.90
3	4	 4798.10	  727.61	 1965.38	    0.00	    0.00	    0.03	    0.00	    0.00	    0.00	    0.00	    0.00	 4890.66	 3262.66	    0.00	    0.00	    0.00	    0.00	    0.00	    0.00	    0.03	  300.01	    0.00	    0.50	  515.91
3	12	 1300.66	  400.45	  400.51	 1600.17	  500.01	  500.22	  701.09	 1200.00	 1399.88	 1216.94	    1.91	    0.00	    0.00	    0.31	  151.77	  640.69	  342.53	  198.73	   60.03	    0.15	    0.00	    0.00	    0.00	    0.00
4	3	    0.00	    0.00	    0.00	 2500.15	  823.48	  537.37	  629.38	 1099.16	 2046.81	 2957.23	 1001.53	    0.00	    0.00	  500.06	  775.02	  678.63	  842.33	  156.09	  359.92	    0.16	    0.00	    0.10	    0.00	    0.00
4	5	 3125.97	  217.33	 1251.64	 6602.81	    0.00	    0.00	    0.00	    0.00	    0.00	    0.07	  902.00	 4147.65	 2542.79	  199.97	    0.08	    0.00	    0.03	    0.00	    0.03	    0.01	  100.00	    0.05	  199.98	  285.93
4	11	 1172.13	  310.33	  513.74	 2497.04	  699.92	  599.76	    0.04	    2.00	    0.06	    0.16	    0.00	  143.01	  119.87	    0.06	    0.06	    0.12	    0.04	    0.02	    0.02	    0.05	    0.03	    0.04	    0.05	   29.98
5	4	    0.00	    0.05	    0.00	    0.00	 2023.40	 1537.09	 1029.42	 1801.16	 2746.87	 4155.44	    0.00	    0.00	    0.00	    0.10	 1271.04	 1478.57	 1341.62	  256.09	  558.25	  300.12	    0.03	  397.89	    0.00	    0.00
5	6	    0.00	    0.00	  499.58	 2272.07	 1334.54	    0.00	    0.02	    0.03	  553.20	 1259.15	  401.83	 1445.13	  496.05	  100.03	  275.49	    0.04	    0.04	    0.00	    0.09	    0.01	    0.00	    0.01	   99.98	   66.10
5	9	 2925.97	  888.87	  652.06	 3830.74	 2742.07	 1399.20	    0.03	    0.11	    0.00	    0.00	    0.17	 2502.52	 1846.73	    0.00	    0.00	    0.06	    0.00	    0.01	    0.00	    0.03	    0.01	    0.00	    0.00	  219.83
6	2	    0.00	    0.00	    0.00	    0.02	   76.53	  962.89	  871.71	 1500.84	  153.07	  459.21	    0.02	    0.00	    0.00	    0.03	   76.47	 1062.00	  200.02	  142.64	  100.00	  399.96	    0.00	   99.98	    0.00	    0.00
6	5	    0.00	  771.58	    0.00	    0.00	    0.00	 3136.30	  979.57	 1833.49	    0.00	    0.00	    0.00	    0.00	    0.00	    0.00	    0.00	 1556.41	    0.08	  204.38	    0.03	  318.22	    0.00	    0.00	    0.00	    0.00
6	8	 2201.24	 1500.35	  433.69	 1872.05	 1058.00	 3500.81	    0.00	    0.00	    0.13	    0.07	    1.81	 1879.06	  523.26	    0.00	    0.00	    0.00	    0.00	    0.00	    0.00	    0.00	    0.00	    0.00	    0.00	    0.01
7	8	    0.00	    0.00	    0.00	    0.00	    0.00	    0.00	 4103.68	    0.00	    0.00	    0.00	    0.00	    0.00	    0.00	  399.74	  600.61	  662.99	  203.31	  998.46	  999.37	 2599.09	  500.99	  799.69	  299.91	  199.94
7	18	  454.75	  364.95	   21.00	  482.99	  151.92	 1051.53	 7996.32	 4686.55	  923.94	    0.20	    0.12	  258.96	    0.03	    0.00	    0.00	    0.00	    0.13	    0.00	    0.00	    0.00	    0.00	    0.00	    0.00	    0.01
8	6	    0.00	    0.00	    0.00	    0.00	    0.00	    0.00	 2251.27	 4134.30	    0.00	    0.13	    0.00	    0.00	    0.00	    0.00	    0.99	 3518.37	  700.05	  447.02	  299.94	 1018.17	   99.99	  299.95	    0.00	    0.01
8	7	  954.75	  564.95	  121.00	  882.99	  351.92	 1451.53	    0.00	 5686.55	 1523.88	    3.15	    1.00	  958.55	    2.17	    0.00	    0.00	    0.00	    0.21	    0.00	    0.00	    0.00	    0.00	    0.00	    0.00	    0.02
8	9	    0.00	    0.00	    0.00	    0.00	    0.00	    0.00	  852.64	 3665.33	    0.00	    0.00	    0.00	    0.00	    0.00	    0.00	    0.00	 1550.31	    0.00	  251.72	    0.00	  681.82	    1.16	    0.00	    0.00	    0.00
8	16	  446.57	  535.44	  177.25	  708.10	  442.53	 1249.37	    0.00	 3213.82	 1183.19	    0.58	    0.23	  593.77	    0.15	    0.00	    0.00	    0.00	    0.00	    0.00	    0.00	    0.00	    0.00	    0.00	    0.00	    0.00
9	5	    0.00	    0.00	    0.00	    0.00	    0.00	    0.00	  249.89	  467.81	 4100.07	 6414.52	    0.00	    0.00	    0.00	    0.16	 1746.45	  422.26	 1541.55	   51.71	  658.28	   81.93	    0.05	  597.84	    0.00	    0.00
9	8	    0.08	    0.04	   64.57	  419.05	  236.44	    0.09	    0.00	    0.00	 3506.94	 1603.51	  799.42	  273.25	   79.06	    0.03	    0.00	    0.00	    0.32	    0.00	    0.00	    0.00	    0.00	    0.00	    0.00	    0.02
9	10	 2425.89	  688.83	  487.50	 2711.70	 1705.63	  999.12	    2.84	 2397.63	 8592.99	    0.00	    0.00	 1629.54	 1167.86	    0.00	    0.00	    0.34	    0.00	    0.06	    0.00	    0.19	    0.00	    0.00	    0.00	   19.85
10	9	    0.00	    0.00	    0.00	    0.00	    0.00	    0.00	    0.06	    0.00	    0.00	10818.03	 2199.26	    0.27	    0.19	  600.19	 2746.45	  272.22	 2441.88	    0.04	 1058.28	    0.27	  298.87	 1297.84	  500.00	    0.04
10	11	    0.00	    0.00	    0.00	    0.00	    0.00	    0.00	  500.16	  798.02	 1655.46	 7690.98	    0.00	    0.00	    0.00	    0.00	 1604.86	 1459.87	 1757.74	  200.08	  532.30	  488.64	  187.22	  516.06	    0.00	    0.00
10	15	  789.29	   98.62	   98.67	 1070.61	  500.06	  199.24	    0.00	    0.00	 3144.34	14197.92	 2580.51	  916.53	  238.03	    0.00	    0.00	    0.00	    0.75	    0.00	    0.00	    0.00	    0.00	    0.00	    0.00	    0.04
10	16	    0.00	    0.00	    1.76	    8.93	    5.58	    0.00	    0.00	    0.00	   93.27	 8593.25	 2360.35	   43.99	    0.24	    0.00	    0.00	    0.00	    0.00	    0.00	    0.00	    0.00	    0.00	    0.00	    0.00	    0.00
10	17	  399.60	    0.02	   99.99	  499.95	  199.98	    0.04	    0.08	    0.11	  899.91	 3899.82	  999.75	  599.94	  499.95	    0.06	    0.12	    0.22	    0.00	    0.05	    0.07	    0.13	    0.05	    0.13	    0.05	    0.02
11	4	    0.00	    0.00	    0.00	    0.00	    0.00	    0.00	    0.00	    0.00	    0.00	    2.02	 3403.53	    0.00	    0.00	 1199.99	    4.11	    0.18	    0.78	    0.02	    1.72	    0.07	    0.00	    2.31	  699.53	    0.00
11	10	   63.00	    9.75	   12.93	   67.79	    0.00	    0.08	    0.00	    0.00	    0.00	    0.00	12039.86	 1931.19	 1470.56	 1188.40	    0.00	    0.00	    0.00	    0.00	    0.00	    0.00	    0.00	    0.00	  514.95	   95.07
11	12	    0.00	    0.00	    0.00	    0.00	    0.00	    0.00	    0.20	    0.00	    0.11	 2774.11	 2898.15	    0.00	    0.00	 1127.44	  817.07	   59.81	  757.61	    0.08	  329.92	    0.06	    0.00	    0.28	    0.13	    0.00
11	14	  610.77	  101.01	  201.35	 1029.34	  199.94	  199.90	    0.00	    0.02	  255.40	  915.01	 3958.46	 1483.28	 1419.71	    0.00	    0.00	    0.00	    0.00	    0.00	    0.00	    0.00	    0.00	    0.00	    0.00	    0.14
12	3	    0.00	    0.00	    0.00	    0.00	    0.00	    0.00	    0.00	    0.00	    0.00	    0.50	    0.35	 6024.59	 4389.87	    0.22	    0.27	    0.06	    0.18	    0.00	    0.11	    0.06	  400.01	  499.94	  400.51	  649.81
12	11	    1.65	    0.43	    0.53	    0.09	    0.03	    0.22	    0.00	    0.00	    0.00	    0.00	    0.00	 4671.47	 3770.39	    0.00	    0.00	    0.00	    0.00	    0.00	    0.00	    0.00	    0.42	    0.00	    0.00	  665.23
12	13	 1099.01	  300.02	  199.98	 1000.07	  299.99	  300.00	    1.35	  600.00	  799.99	 1990.55	 1499.70	 3203.94	    0.00	  427.99	  268.56	    0.51	  499.96	    0.04	   89.84	    0.02	    0.00	    0.15	    0.00	    0.00
13	12	    0.00	    0.00	    0.00	    0.00	    0.00	    0.00	    0.06	    0.00	    0.00	    0.00	    0.00	    0.00	 9460.25	    0.45	    0.00	    0.07	    0.00	    1.23	    0.00	  499.88	  700.44	 1199.80	 1100.39	 1815.04
13	24	  599.01	    0.02	   99.98	  400.07	   99.99	  100.00	    0.00	    0.00	  199.99	   90.55	  499.70	 1903.94	 5139.75	    0.00	    0.00	    0.00	    0.01	    0.00	    0.00	    0.00	    0.00	    0.00	    0.00	    0.00
14	11	    0.00	    0.00	    0.00	    0.00	    0.00	    0.00	    0.00	    0.00	    0.00	    0.00	    0.00	    0.00	    0.00	 5115.78	  616.26	    0.00	    0.61	    0.00	  199.32	  111.44	  212.32	  586.50	 2514.56	    0.00
14	15	   10.80	    1.01	    1.35	   13.33	    0.00	    0.00	    0.00	    0.00	    0.00	    0.00	  626.10	   83.52	   20.87	 6337.71	    0.00	    0.00	    0.00	    0.00	    0.00	    0.00	    0.00	    0.00	 1273.17	    0.00
14	23	  299.99	    0.00	  100.00	  516.15	   99.97	   99.93	    0.05	    0.07	  193.58	  786.72	 1732.43	  699.79	  798.86	 2646.51	  440.17	    0.11	  221.88	    0.02	  122.10	    0.00	    0.00	    0.00	    0.00	    0.00
15	10	    0.00	    0.00	    0.00	    0.00	    0.00	    0.00	    0.47	    0.00	    0.00	    0.00	    0.00	    0.00	    0.00	 1511.84	 8351.43	    0.29	    0.00	    0.23	 3390.44	 1273.07	 1685.84	 4414.03	 1785.10	  685.19
15	14	    0.01	    0.00	    0.00	    0.13	    0.03	    0.03	  199.11	  398.19	  538.18	 1971.72	    0.06	    0.03	    0.02	    0.00	 2356.22	  698.10	  922.38	   99.55	  621.36	  608.92	  212.49	  621.28	    0.00	  140.08
15	19	  300.02	    0.04	    0.01	  200.04	  100.01	    0.04	    0.02	    0.03	  400.05	 2703.41	  638.73	  300.00	    2.40	 2898.17	 5900.75	    0.05	    0.40	    0.01	    0.00	    0.05	    1.40	 2899.93	  899.99	    0.44
15	22	    0.06	    0.00	    0.02	  383.77	  200.03	    0.00	    0.00	    0.00	 1306.12	 5522.79	 1167.81	    0.11	    0.00	  627.69	 4791.60	    0.25	 2137.18	    0.00	 1652.54	    0.00	    0.00	    0.00	    0.00	    0.00
16	8	    0.00	    0.00	    0.00	    0.00	    0.00	    0.00	    0.22	    0.00	    0.00	    0.29	    0.00	    0.00	    0.00	    0.23	    0.38	 6605.69	 1896.64	    0.28	    0.57	    0.89	    0.16	    0.26	    0.10	    0.06
16	10	    0.00	    0.06	    0.00	    0.00	    0.00	    0.08	 2397.00	    0.50	    0.00	    0.00	    0.00	    0.00	    0.00	    0.00	    0.00	 6131.49	    0.61	  899.89	    0.21	 1715.79	    0.31	    0.00	    0.00	    0.00
16	17	    0.43	  200.05	    0.01	    0.07	    0.03	  500.13	 1000.32	 1401.04	    0.12	    0.54	    0.10	    0.06	    0.00	    0.00	    0.00	 5994.07	    0.00	  600.17	    0.00	 1442.48	  508.82	    0.00	    0.00	  254.41
16	18	    0.06	    0.04	    0.00	    0.06	    0.02	    0.12	    0.00	    0.44	    0.52	 4193.54	  960.60	    0.05	    0.03	    0.03	    0.07	 7368.76	 3774.15	    0.00	    0.07	    0.00	    0.00	    0.00	    0.00	    0.00
17	10	    0.00	    0.00	    0.00	    0.00	    0.00	    0.00	    0.00	    0.00	    0.00	    0.00	    0.00	    0.00	    0.00	    0.00	    0.00	    0.20	 8099.76	    0.00	    0.00	    0.00	    0.00	    0.00	    0.00	    0.00
17	16	    0.00	    0.00	    0.00	    0.00	    0.00	    0.00	    0.00	    0.00	    0.00	    0.20	    0.00	    0.00	    0.00	  699.45	 1199.37	    0.00	 8471.18	    0.00	 1299.69	    0.00	    0.06	    0.11	    0.05	    0.03
17	19	    0.03	    0.06	    0.00	    0.02	    0.01	    0.17	    0.40	    1.15	    0.04	    0.17	    0.00	    0.00	    0.00	    0.00	    0.00	 3194.09	 6829.06	    0.22	    0.00	    0.14	    0.00	    0.00	    0.00	    0.00
18	7	    0.00	    0.00	    0.00	    0.00	    0.00	    0.00	    0.00	    0.00	    0.06	 1897.05	  499.12	    0.41	  397.86	  599.74	 1100.61	 2062.99	 1203.23	 1198.46	 1399.37	 3099.09	  700.99	 1299.69	  499.91	  299.93
18	16	   53.93	   64.69	   21.00	   83.10	   51.94	  150.95	 4797.54	  388.15	  124.18	    0.35	    0.11	   62.34	  599.63	    0.81	    1.07	    0.00	    0.22	 2000.34	    1.16	 4759.16	 1109.22	 1200.14	  500.05	  554.43
18	20	  300.89	  300.29	    0.00	  299.95	  100.00	  800.70	 2998.77	 3998.84	  600.22	 1596.67	  361.49	    0.02	    0.03	    0.00	    0.00	 4805.76	 1970.97	 1601.20	    0.00	    0.00	    0.00	    0.00	    0.00	    0.00
19	15	    0.00	    0.40	    0.00	    0.00	    0.00	    0.82	  699.49	  998.07	    0.00	    0.00	    0.00	    0.00	    0.00	    0.00	    0.00	 1898.56	 4559.20	  299.74	 6464.34	 2981.61	    0.15	    0.40	    0.16	    0.00
19	17	    0.00	    0.00	    0.00	    0.00	    0.00	    0.00	    0.00	    0.00	    0.00	    0.00	    0.16	    0.00	    0.05	 1399.40	 2699.25	    0.00	    0.00	    0.00	 2999.62	  257.52	   91.19	 1699.98	  600.00	   45.60
19	20	    0.04	    0.01	    0.01	    0.06	    0.02	    0.03	    0.00	    0.00	    0.08	  903.58	  238.57	    0.08	    0.13	 1198.77	 2401.49	    0.00	  570.26	    0.00	 3336.04	    0.00	    0.00	    0.00	    0.00	    0.00
20	18	    0.00	    0.00	    0.00	    0.00	    0.00	    0.00	    0.00	    0.00	    0.00	    0.32	    0.00	    3.77	 1097.46	  700.51	 1301.61	    0.00	    0.14	    0.00	 1700.47	 8258.25	 1910.21	 2799.84	 1099.96	  854.36
20	19	    0.00	  100.31	    0.00	    0.00	    0.00	  200.63	 1099.07	 1696.89	    0.00	    0.00	    0.00	    0.08	  297.78	    0.00	    0.00	    4.42	    0.00	  599.51	    0.00	 4438.95	  489.95	    0.45	    0.17	  145.15
20	21	    0.00	    0.01	    0.00	    0.01	    0.00	  100.02	  698.77	  600.09	    0.29	    0.05	    0.02	    0.01	    0.02	    0.02	    0.03	 1499.66	  841.05	  201.23	  435.83	 2700.07	    0.00	    0.07	    0.03	    0.00
20	22	    0.99	   99.98	    0.01	    0.04	    0.01	  200.07	  700.93	  801.85	    0.05	    0.21	    0.10	    0.06	    0.08	    0.00	    0.16	 1701.68	    0.10	  400.46	    0.08	 3102.72	    0.12	    0.00	    0.00	    0.07
21	20	    0.06	    0.00	    0.00	    0.03	    0.00	    0.00	    0.00	    0.00	    0.00	    0.10	    0.02	  403.82	 1995.19	    0.07	    0.15	    0.00	    0.07	    0.00	    0.16	    0.00	 3600.28	    0.20	    0.07	 1399.58
21	22	  398.96	    0.03	   99.98	    0.05	    0.00	    0.02	    0.07	    0.10	    0.00	    0.00	    0.00	  700.14	 1744.58	    0.00	    0.00	    0.19	    0.00	    0.04	    0.00	    0.23	 5599.29	    0.00	    0.00	 3285.38
21	24	    0.00	    0.00	    0.00	    0.00	    0.00	    0.01	  498.70	  199.99	    0.02	  547.89	    0.00	    0.00	    0.00	    0.00	  653.13	  899.56	  278.06	  101.19	  269.93	 1499.84	 1800.44	 3201.26	    0.00	    0.00
22	15	    0.00	    0.01	    0.00	    0.00	    0.00	    0.02	    0.10	    0.15	    0.00	    0.00	    0.00	    0.10	  443.53	    0.00	    0.00	    0.13	    0.00	    0.05	    0.00	    0.42	 2699.58	10534.84	 2411.76	 1225.67
22	20	    0.00	    0.00	    0.00	    0.00	    0.00	    0.00	    0.00	    0.00	    0.03	    0.23	    0.03	    0.00	    0.00	    1.68	    0.16	    0.00	    0.00	    0.00	    0.18	    0.00	    0.00	 5200.16	 1800.08	    0.00
22	21	    0.00	    0.00	    0.00	    0.00	    0.01	    0.00	    0.00	    0.00	  299.72	 1747.94	  399.83	    0.00	    0.00	  400.00	 1453.25	    0.09	   37.08	    0.00	  234.26	    0.00	    0.00	 5001.39	  699.95	    0.00
22	23	    0.01	    0.00	    0.00	    0.02	    0.03	    0.07	  200.90	  301.80	  306.42	 1174.83	    0.05	    0.21	    1.14	    0.00	  738.35	  501.91	  400.21	  100.45	  218.19	  702.53	 1099.83	 3663.61	    0.00	  959.78
23	14	    0.00	    0.00	    0.00	    0.00	    0.00	    0.00	    0.94	    1.86	    0.00	    0.00	    0.00	    0.00	    0.00	    0.00	    0.21	    2.01	    0.11	    0.47	    0.06	    2.52	  399.83	 1165.22	 4887.73	  259.78
23	22	    0.00	    0.00	    0.00	   16.17	    0.00	    0.00	    0.00	    0.00	    0.00	    0.00	  332.01	    0.00	    0.00	  973.99	    0.00	    0.00	    0.00	    0.00	    0.00	    0.00	    0.00	    0.00	 7011.78	    0.00
23	24	    0.00	    0.00	    0.00	    0.00	    0.00	    0.00	    0.00	    0.01	    0.00	  161.55	  100.47	    0.00	    0.00	  572.52	  178.31	    0.01	   21.97	    0.00	   40.23	    0.02	    0.00	  398.39	 2600.49	    0.00
24	13	    0.00	    0.00	    0.00	    0.00	    0.00	    0.00	  398.71	    0.00	    0.00	    0.00	    0.00	    0.00	    0.00	  172.47	  431.44	  599.57	    0.05	  101.19	  210.16	 1099.86	 1300.44	 2499.65	 1900.39	 2515.04
24	21	  499.01	    0.02	   99.98	  200.07	   99.99	    0.01	    0.00	    0.00	    0.01	    0.00	    0.17	 1403.94	 4339.75	    0.06	    0.00	    0.00	    0.00	    0.00	    0.00	    0.00	    0.00	    0.00	    0.10	 5184.96
24	23	    0.00	    0.00	    0.00	    0.00	    0.00	    0.00	    0.00	    0.00	    0.00	    0.00	    0.00	    0.00	    0.00	    0.00	    0.00	    0.00	    0.00	    0.00	    0.00	    0.00	    0.00	    0.00	    0.00	    0.00
