i	j	o15d10l47
0	1	 4506.70
0	2	 7691.12
1	0	 4485.22
1	5	 5994.80
2	0	 7712.61
2	3	14009.65
2	11	10075.30
3	2	14101.29
3	4	18003.04
3	10	 5208.72
4	3	18095.38
4	5	 8807.57
4	8	15777.10
5	1	 5973.31
5	4	 8792.02
5	7	12514.16
6	7	11974.56
6	17	15978.08
7	5	12477.12
7	6	12084.74
7	8	 6770.17
7	15	 8409.78
8	4	15884.99
8	7	 6879.92
8	9	21761.92
9	8	22079.56
9	10	17782.05
9	14	23107.05
9	15	11079.61
9	16	 8099.89
10	3	 5308.03
10	9	17560.45
10	11	 8406.53
10	13	 9731.31
11	2	10005.14
11	10	 8419.56
11	12	12385.62
12	11	12428.49
12	23	11090.70
13	10	 9695.99
13	14	 9062.76
13	22	 8436.93
14	9	22711.43
14	13	 9057.67
14	18	19082.38
14	21	18452.64
15	7	 8373.17
15	9	10975.80
15	16	12000.68
15	17	15637.79
16	9	 9038.56
16	15	11565.72
16	18	 9710.23
17	6	15867.91
17	15	15932.33
17	19	19462.31
18	14	18603.80
18	16	10213.94
18	19	 8789.73
19	17	19546.67
19	18	 8814.85
19	20	 6136.21
19	21	 7003.32
20	19	 6144.59
20	21	 8702.00
20	23	10253.00
21	14	18430.51
21	19	 7004.43
21	20	 8718.34
21	22	 9645.63
22	13	 8406.70
22	21	 9640.95
22	23	 7878.36
23	12	11033.57
23	20	10245.04
23	22	 7843.45
