i	j	o11d7l11
0	1	 4495.32
0	2	 8118.13
1	0	 4518.02
1	5	 5967.01
2	0	 8095.43
2	3	14020.93
2	11	10039.15
3	2	14046.42
3	4	18021.47
3	10	 5210.19
4	3	18046.81
4	5	 8796.18
4	8	15788.96
5	1	 5989.71
5	4	 8805.77
5	7	12491.76
6	7	12104.59
6	17	15796.69
7	5	12524.05
7	6	12043.69
7	8	 6883.16
7	15	 8388.25
8	4	15804.73
8	7	 6839.99
8	9	21745.94
9	8	21818.54
9	10	17726.25
9	14	23124.89
9	15	11047.12
9	16	 8100.35
10	3	 5310.34
10	9	17604.19
10	11	 8365.97
10	13	 9777.05
11	2	 9990.96
11	10	 8404.43
11	12	12304.94
12	11	12395.21
12	23	11120.79
13	10	 9816.67
13	14	 9033.89
13	22	 8397.90
14	9	23195.30
14	13	 9077.46
14	18	19081.14
14	21	18401.29
15	7	 8402.80
15	9	11070.98
15	16	11687.99
15	17	15290.94
16	9	 8100.73
16	15	11674.45
16	18	 9953.69
17	6	15857.59
17	15	15342.89
17	19	18993.04
18	14	19116.54
18	16	 9940.54
18	19	 8685.27
19	17	19005.89
19	18	 8707.51
19	20	 6305.88
19	21	 7002.92
20	19	 6241.65
20	21	 8620.81
20	23	10307.23
21	14	18379.86
21	19	 7002.24
21	20	 8606.62
21	22	 9661.04
22	13	 8393.97
22	21	 9624.75
22	23	 7900.44
23	12	11111.06
23	20	10257.19
23	22	 7860.21
