i	j	       0	       1	       2	       3	       4	       5	       6	       7	       8	       9	      10	      11	      12	      13	      14	      15	      16	      17	      18	      19	      20	      21	      22	      23
0	1	 2600.03	    0.00	  278.66	  200.02	   20.70	    0.00	    0.01	    0.02	   41.40	  124.19	  200.02	  503.06	  472.47	  100.00	   20.77	    0.02	    0.02	    0.00	    0.02	    0.00	    0.97	    0.11	    0.06	   30.18
0	2	 6199.97	 1217.67	    0.00	    0.00	    0.00	  235.30	  149.52	  259.04	    0.00	    0.00	    0.00	    0.00	    0.00	    0.00	    0.00	  117.26	    0.00	   36.92	    0.00	    0.02	    0.00	    0.00	    0.00	    0.00
1	0	    0.00	 1317.67	    0.00	    0.00	    0.00	  535.30	  649.50	 1059.01	    0.00	    0.00	    0.00	    0.00	    0.00	    0.00	    0.00	  617.24	    0.53	  136.91	    0.02	  300.01	    0.00	    0.02	    0.00	    0.00
1	5	 2500.03	 2682.33	  178.66	    0.03	    0.00	    0.00	    0.00	    0.00	    0.00	    0.00	    0.03	  403.06	  172.47	    0.01	    0.00	    0.00	    0.00	    0.00	    0.00	    0.00	    0.97	    0.03	    0.06	   30.18
2	0	    0.00	    0.00	  378.66	  700.02	  220.70	    0.00	    0.03	    0.05	  541.40	 1424.19	  700.02	  703.06	  972.47	  400.00	  520.77	    0.03	  399.49	    0.00	  299.99	    0.02	  100.97	  400.10	  300.06	  130.18
2	3	 4499.96	  717.56	 1921.30	    0.00	    0.00	    0.03	    0.00	    0.00	    0.00	    0.00	    0.00	 3723.25	 2480.76	    0.08	    0.00	    0.00	    0.00	    0.00	    0.00	    0.00	  203.48	    0.05	    1.57	  469.37
2	11	 1600.01	  400.10	  500.03	 1601.59	  402.80	  500.33	  777.19	 1200.00	 1399.33	  642.90	    0.98	    0.00	    0.00	    0.34	   46.92	  561.30	  181.23	  199.49	   20.11	    0.11	    0.00	    0.00	    0.00	    0.00
3	2	    0.00	    0.00	    0.00	 2501.61	  723.50	  565.06	  727.70	 1141.00	 2040.72	 2367.10	 1000.38	    0.00	    0.00	  499.99	  667.64	  644.07	  680.71	  162.58	  320.10	    0.11	    0.01	    0.10	    0.07	    0.01
3	4	 3199.17	  217.53	 1321.23	 6698.29	    0.00	    0.00	    0.00	    0.00	    0.00	    0.07	  905.29	 3122.51	 1880.34	  200.08	    0.05	    0.00	    0.03	    0.00	    0.01	    0.00	    3.65	    0.10	  199.99	  269.46
3	10	  800.78	  300.07	  400.07	 2400.10	  699.87	  599.75	    0.18	    5.65	    0.34	    0.15	    0.00	    0.74	    0.42	    0.06	    0.05	    0.55	    0.04	    0.06	    0.02	    0.02	    0.02	    0.04	    0.05	    0.02
4	3	    0.00	    0.04	    0.00	    0.00	 1923.37	 1564.78	 1127.87	 1846.65	 2741.07	 3567.12	    0.00	    0.00	    0.00	    0.00	 1165.89	 1444.62	 1180.71	  262.64	  519.38	  300.13	    0.03	  398.93	    0.00	    0.00
4	5	    0.00	    0.00	  516.23	 2139.03	 1260.44	    0.00	    0.02	    0.03	  558.74	 1275.82	  404.84	 1429.19	  564.34	  100.02	  278.73	    0.03	    0.04	    0.00	    0.15	    0.01	   99.03	    0.00	   99.94	   69.80
4	8	 2999.17	  899.80	  705.00	 4059.26	 2916.19	 1399.77	    0.02	    0.09	    0.00	    0.00	    0.45	 1493.32	 1116.01	    0.06	    0.00	    0.05	    0.00	    0.01	    0.00	    0.02	    0.00	    0.00	    0.05	  199.65
5	1	    0.00	    0.00	    0.00	    0.02	   79.30	  935.30	  849.50	 1459.00	  158.60	  475.81	    0.02	    0.00	    0.00	    0.01	   79.23	 1017.23	  200.51	  136.91	  100.01	  400.00	    0.00	   99.93	    0.00	    0.00
5	4	    0.00	  782.31	    0.00	    0.00	    0.00	 3164.55	 1039.98	 1817.18	    0.00	    0.00	    0.00	    0.00	    0.00	    0.00	    0.00	 1486.80	    0.27	  203.32	    0.02	  310.37	    0.09	    0.00	    0.00	    0.00
5	7	 2200.03	 1500.02	  394.89	 1739.05	  981.14	 3500.15	    0.00	    0.00	    0.14	    0.13	    4.86	 1632.25	  536.81	    0.03	    0.00	    0.00	    0.00	    0.00	    0.00	    0.00	    0.00	    0.00	    0.00	    0.00
6	7	    0.00	    0.00	    0.00	    0.00	    0.00	    0.00	 4181.58	    0.00	    0.00	    0.00	    0.00	    0.00	    0.00	  399.88	  600.30	  458.36	  159.30	  999.27	  999.55	 2599.08	  400.09	  799.75	  299.94	  199.97
6	17	  430.28	  336.35	    8.78	  432.96	  120.63	  984.97	 7918.42	 4516.89	  825.11	    0.54	    0.12	  220.02	    0.10	    0.00	    0.00	    0.00	    0.02	    0.00	    0.00	    0.00	    0.00	    0.00	    0.00	    0.00
7	5	    0.00	    0.00	    0.00	    0.00	    0.00	    0.00	 2289.47	 4076.15	    0.00	    0.12	    0.00	    0.00	    0.00	    0.00	    0.50	 3404.00	  700.74	  440.23	  299.88	 1010.36	    0.09	  299.90	    0.00	    0.01
7	6	  930.28	  536.35	  108.78	  832.96	  320.63	 1384.97	    0.00	 5516.89	 1425.06	    2.17	    0.89	  919.96	   58.31	    0.00	    0.00	    0.00	    0.10	    0.00	    0.00	    0.00	    0.00	    0.00	    0.00	    0.00
7	8	    0.00	    0.00	    0.00	    0.00	    0.00	    0.00	  892.12	 3723.79	    0.00	    0.00	    0.00	    0.00	    0.00	    0.00	    0.00	 1313.24	    0.10	  259.36	    0.00	  689.62	    0.12	    0.00	    0.00	    0.00
7	15	  470.06	  563.71	  174.29	  691.35	  432.08	 1315.26	    0.00	 3383.18	  879.99	    0.00	    0.05	  475.81	    0.23	    0.00	    0.00	    0.00	    0.00	    0.00	    0.00	    0.00	    0.00	    0.00	    0.00	    0.00
8	4	    0.00	    0.00	    0.00	    0.00	    0.00	    0.00	  287.93	  529.59	 4099.80	 5842.87	    0.00	    0.00	    0.00	    0.00	 1644.57	  457.91	 1380.45	   59.33	  619.49	   89.80	  195.33	  598.83	    0.00	    0.00
8	7	    0.31	    0.04	   88.18	  485.26	  271.56	    0.08	    0.00	    0.00	 3104.92	 1601.91	  796.09	  363.52	  121.73	    0.00	    0.00	    0.00	    0.21	    0.00	    0.00	    0.00	    0.00	    0.00	    0.00	    0.00
8	9	 2498.86	  699.76	  516.82	 2874.00	 1844.63	  999.69	    4.26	 2394.29	 8995.28	    0.00	    0.00	  529.85	  394.32	    0.00	    0.00	    0.70	    0.00	    0.13	    0.00	    0.27	    0.00	    0.00	    0.00	    0.00
9	8	    0.00	    0.00	    0.00	    0.00	    0.00	    0.00	    0.05	    0.00	    0.00	10244.78	 2195.64	    0.05	    0.05	  599.94	 2644.57	  545.31	 2280.56	    0.10	 1019.49	    0.42	  495.21	 1298.83	  499.95	    0.35
9	10	    0.00	    0.00	    0.00	    0.00	    0.00	    0.00	  499.97	  794.38	 1716.65	 8419.45	    0.00	    0.00	    0.00	    0.00	 1283.48	 1538.41	 1918.39	  199.99	  424.37	  441.18	    1.85	  490.57	    0.00	    0.00
9	14	  799.22	   99.80	   99.91	 1098.35	  597.33	  199.72	    0.00	    0.00	 3083.72	14591.64	 1906.32	  650.30	    5.75	    0.00	    0.00	    0.00	    0.74	    0.00	    0.00	    0.00	    0.00	    0.00	    0.00	    0.00
9	15	    0.04	    0.00	   16.93	   75.74	   47.34	    0.00	    0.00	    0.00	  495.06	 8043.51	 2164.97	  202.41	    0.23	    0.00	    0.00	    0.00	    0.00	    0.00	    0.00	    0.00	    0.00	    0.00	    0.00	    0.00
9	16	  399.60	    0.02	   99.98	  499.92	  199.97	    0.04	    0.08	    0.11	  899.85	 3900.62	  999.82	  599.90	  499.92	    0.05	    0.12	    0.11	    0.00	    0.05	    0.06	    0.13	    0.05	    0.13	    0.05	    0.02
10	3	    0.00	    0.00	    0.00	    0.00	    0.00	    0.00	    0.00	    0.00	    0.00	    0.20	 3405.67	    0.00	    0.00	 1200.05	    1.85	    0.00	    0.07	    0.00	    0.75	    0.00	    0.17	    1.25	  698.54	    0.12
10	9	    0.00	    0.00	    0.00	    0.00	    0.00	    0.00	    0.00	    0.00	    0.00	    0.00	11166.74	 2922.80	 2011.62	 1089.27	    0.00	    0.00	    0.00	    0.00	    0.00	    0.00	    0.00	    0.00	  356.89	   59.98
10	11	    0.00	    0.00	    0.00	    0.00	    0.00	    0.00	    0.20	    0.00	    0.10	 3257.17	 2400.26	    0.00	    0.00	  711.57	  657.49	  138.96	  918.63	    0.07	  281.76	    0.00	    0.00	    0.00	    0.00	    0.00
10	13	  300.89	  100.11	  100.12	 1000.17	  199.90	  199.81	    0.00	    0.03	  316.89	 1162.23	 5327.33	 1049.55	   21.88	    0.00	    0.00	    0.00	    0.05	    0.00	    0.00	    0.00	    0.00	    0.00	    0.00	    0.00
11	2	    0.00	    0.00	    0.00	    0.00	    0.00	    0.00	    0.00	    0.00	    0.00	    0.00	    0.62	 4626.31	 3553.24	    0.44	    0.05	    0.00	    0.00	    0.00	    0.00	    0.00	  304.43	  500.05	  401.56	  599.54
11	10	    0.10	    0.04	    0.05	    0.07	    0.02	    0.06	    0.00	    0.00	    0.00	    0.00	    0.00	 5371.62	 3033.08	    0.00	    0.00	    0.00	    0.00	    0.00	    0.00	    0.00	    0.03	    0.00	    0.00	    0.78
11	12	 1399.91	  300.07	  299.98	 1001.51	  202.77	  300.27	   77.45	  600.00	  799.42	 1900.07	 1000.62	 3902.08	    0.00	   11.60	    4.36	    1.04	  499.85	    0.02	    1.87	    0.04	    0.00	    0.00	    0.00	    0.00
12	11	    0.00	    0.00	    0.00	    0.00	    0.00	    0.00	    0.06	    0.00	    0.00	    0.00	    0.00	    0.00	 7886.32	    0.13	    0.00	    0.78	    0.00	    0.46	    0.00	  499.93	  604.47	 1200.05	 1101.56	 1100.32
12	23	  899.91	    0.07	  199.98	  401.51	    2.77	  100.27	    0.00	    0.00	  199.42	    0.07	    0.62	 2602.08	 6713.68	    0.00	    0.00	    0.00	    0.00	    0.00	    0.00	    0.00	    0.00	    0.00	    0.00	    0.00
13	10	    0.00	    0.00	    0.00	    0.00	    0.00	    0.00	    0.05	    0.00	    0.00	    0.00	    0.00	    0.00	    0.00	 4600.83	  775.82	    0.00	    0.32	    0.02	  258.13	  158.79	  398.27	  610.64	 2355.38	  659.30
13	14	    0.80	    0.11	    0.10	    1.05	    0.05	    0.06	    0.00	    0.00	    0.00	    0.00	 1055.90	  349.43	  106.60	 6264.56	    0.00	    0.00	    0.00	    0.00	    0.00	    0.00	    0.00	    0.00	 1121.86	  135.59
13	22	    0.10	    0.01	    0.02	  499.14	   99.85	   99.76	    0.00	    0.00	  193.76	  800.98	 2671.49	    0.15	    0.00	 3234.61	  440.92	    0.00	  222.42	    0.00	  136.22	    0.00	    0.00	    0.00	    0.00	    0.00
14	9	    0.00	    0.00	    0.00	    0.00	    0.00	    0.00	    0.00	    0.00	    0.00	    0.00	    0.00	    0.00	    0.00	 1610.72	 7928.16	    0.27	    0.71	    0.05	 3243.74	 1650.63	 1697.10	 4389.54	 1943.10	  740.40
14	13	    0.00	    0.00	    0.00	    0.00	    0.00	    0.00	  199.75	  399.51	  476.87	 1738.75	    0.06	    0.00	    0.00	    0.00	 2516.73	  699.33	  922.69	   99.88	  694.34	  657.48	    0.26	  673.26	    0.00	    0.00
14	18	  300.03	    0.07	    0.01	  200.06	  100.02	    0.11	    0.02	    0.03	  400.13	 3254.00	  833.96	  300.05	  270.04	 2898.25	 5900.28	    0.05	    0.38	    0.01	    0.00	    0.05	  498.83	 2899.92	  899.98	  244.52
14	21	    0.00	    0.00	    0.00	  399.34	  297.35	    0.00	    0.00	    0.00	 1306.71	 5598.89	  728.19	    0.00	    0.00	  455.60	 5054.83	    0.21	 2485.91	    0.00	 2082.79	    0.00	    0.00	    0.00	    0.00	    0.00
15	7	    0.00	    0.00	    0.00	    0.00	    0.00	    0.00	    0.00	    0.00	    0.00	    0.25	    0.00	    0.00	    0.00	    0.09	    0.20	 6458.88	 1941.43	    0.31	    0.33	    0.90	    0.12	    0.15	    0.06	    0.04
15	9	    0.00	    0.05	    0.00	    0.00	    0.00	    0.07	 2395.64	    0.20	    0.00	    0.00	    0.00	    0.00	    0.00	    0.00	    0.00	 6481.33	    0.53	  899.72	    0.18	 1290.67	    0.00	    0.00	    0.00	    0.00
15	16	    0.39	  200.05	    0.01	    0.06	    0.02	  500.12	 1000.30	 1401.27	    0.11	    0.47	    0.08	    0.05	    0.00	    0.00	    0.00	 5959.05	    0.00	  600.29	    0.00	 1520.79	  371.01	    0.00	    0.00	  134.56
15	17	    0.02	    0.00	    0.00	    0.02	    0.00	    0.02	    0.00	    0.14	    0.15	 3644.42	  765.29	    0.16	    0.00	    0.02	    0.13	 7200.74	 3765.06	    0.00	    0.13	    0.00	    0.00	    0.00	    0.00	    0.00
16	9	    0.00	    0.00	    0.00	    0.00	    0.00	    0.00	    0.20	    0.00	    0.00	    0.00	    0.00	    0.00	    0.00	    0.00	    0.00	    1.52	 8098.46	    0.24	    0.00	    0.16	    0.00	    0.00	    0.00	    0.00
16	15	    0.00	    0.00	    0.00	    0.00	    0.00	    0.00	    0.00	    0.00	    0.00	    1.28	    0.25	    0.00	    0.00	  692.59	 1187.40	    0.00	 8506.91	    0.00	 1286.68	    0.00	    0.05	    0.10	    0.04	    0.02
16	18	    0.02	    0.08	    0.00	    0.02	    0.01	    0.16	    0.19	    1.38	    0.03	    0.15	    0.00	    0.00	    0.00	    0.00	    0.00	 3157.63	 6794.63	    0.10	    0.00	    0.00	    0.00	    0.00	    0.00	    0.00
17	6	    0.00	    0.00	    0.00	    0.00	    0.00	    0.00	    0.00	    0.00	    0.05	 1898.37	  499.22	    0.06	  341.79	  599.88	 1100.30	 1858.36	 1159.22	 1199.27	 1399.55	 3099.08	  600.09	 1299.75	  499.94	  299.97
17	15	   30.31	   36.39	    8.78	   32.99	   20.62	   84.95	 4795.94	  218.43	   25.20	    0.34	    0.11	   21.99	  599.54	    7.53	   12.94	    0.00	    0.11	 2000.33	   13.96	 4412.37	  971.08	 1200.05	  500.02	  434.58
17	19	  299.99	  299.96	    0.00	  299.99	  100.01	  800.04	 2922.48	 3998.59	  600.01	 1046.44	  166.09	    0.08	    0.06	    0.00	    0.00	 4842.39	 2005.88	 1600.40	    0.00	    0.00	    0.00	    0.00	    0.00	    0.00
18	14	    0.00	    0.17	    0.00	    0.00	    0.00	    0.34	  699.71	  999.46	    0.00	    0.00	    0.00	    0.00	    0.00	    0.00	    0.00	 1899.73	 4908.95	  299.91	 6820.88	 3407.75	    0.15	    0.36	    0.15	    0.06
18	16	    0.03	    0.02	    0.01	    0.04	    0.02	    0.00	    0.00	    0.00	    0.08	    0.34	    0.34	    0.05	    0.08	 1392.54	 2687.28	    0.00	    0.00	    0.00	 2986.62	  179.24	  228.99	 1699.97	  599.99	  165.44
18	19	    0.02	    0.00	    0.00	    0.03	    0.02	    0.02	    0.00	    0.00	    0.09	 1453.80	  433.62	    0.00	    0.00	 1205.72	 2413.00	    0.00	  186.07	    0.00	 2992.51	    0.00	    0.00	    0.00	    0.00	    0.00
19	17	    0.00	    0.00	    0.00	    0.00	    0.00	    0.00	    0.00	    0.00	    0.00	    0.19	    0.01	    1.96	 1041.29	  707.38	 1313.10	    0.00	    0.13	    0.00	 1713.38	 7911.44	 1671.17	 2799.80	 1099.96	  734.55
19	18	    0.00	  100.04	    0.00	    0.00	    0.00	  200.09	 1099.51	 1698.05	    0.00	    0.00	    0.00	    0.00	   30.04	    0.01	    0.00	   42.05	    0.00	  599.80	    0.00	 4786.94	  130.31	    0.40	    0.16	   20.98
19	20	    0.00	    0.00	    0.00	    0.01	    0.02	  100.01	  622.94	  600.56	    0.04	    0.05	    0.02	    0.01	    0.02	    0.02	    0.03	 1500.62	  491.78	  200.62	   79.22	 2700.74	    0.00	    0.07	    0.03	    0.02
19	21	    0.00	   99.92	    0.00	    0.02	    0.01	  199.96	  700.03	  799.99	    0.05	    0.20	    0.04	    0.00	    0.00	    0.00	    0.15	 1699.72	    0.10	  399.99	    0.07	 3100.87	    0.16	    0.00	    0.00	    0.00
20	19	    0.00	    0.00	    0.00	    0.00	    0.00	    0.00	    0.00	    0.00	    0.00	    0.10	    0.02	  401.86	 1671.20	    0.07	    0.15	    0.00	    0.07	    0.00	    0.16	    0.00	 3001.64	    0.22	    0.79	 1155.28
20	21	  262.95	    0.06	   65.74	    0.22	    0.00	    0.03	    0.05	    0.07	    0.00	    0.00	    0.00	  460.16	 1452.17	    0.00	    0.00	    0.14	    0.00	    0.03	    0.00	    0.37	 4797.52	    0.00	    0.00	 1586.53
20	23	    0.00	    0.00	    0.00	    0.00	    0.00	    0.02	  422.88	  200.48	    0.35	  486.11	    0.00	    0.00	    0.00	    0.00	  684.03	  900.55	  210.62	  100.59	  252.57	 1500.37	 3200.85	 2346.10	    0.00	    0.00
21	14	    0.00	    0.00	    0.00	    0.00	    0.00	    0.00	    0.05	    0.07	    0.00	    0.00	    0.00	    0.33	  857.69	    0.00	    0.00	    0.14	    0.00	    0.03	    0.00	    0.41	 2996.05	10562.37	 2721.08	 1249.26
21	19	    0.00	    0.00	    0.00	    0.00	    0.00	    0.00	    0.00	    0.00	    0.00	    0.09	    0.34	    0.03	    0.10	    1.61	    0.14	    0.00	    0.00	    0.00	    0.00	    0.00	    0.00	 5200.05	 1799.36	    0.27
21	20	    0.01	    0.00	    0.00	    0.02	   97.47	    0.00	    0.00	    0.00	  300.31	 1686.16	    2.60	    0.00	    0.00	    1.19	 1484.15	    0.07	  318.90	    0.00	  573.52	    0.00	    0.00	 4146.25	    1.17	    0.00
21	22	    0.00	    0.00	    0.00	    0.00	    0.00	    0.01	  200.03	  299.98	  306.46	 1312.84	    0.00	    0.00	    0.00	    0.00	  970.69	  499.86	  467.11	   99.99	  309.35	  700.83	    1.63	 4491.33	    0.00	    0.00
22	13	    0.01	    0.00	    0.00	    0.02	    0.00	    0.00	    0.30	    0.47	    0.00	    0.00	    0.00	    0.03	  684.72	    0.00	    0.00	    0.67	    0.00	    0.14	    0.01	    1.31	  798.01	 1137.38	 4577.24	 1194.89
22	21	  137.06	    0.02	   34.26	    0.45	    0.11	    0.02	    0.00	    0.00	    0.00	    0.00	  374.70	  240.20	  705.61	  747.21	    0.00	    0.00	    0.00	    0.00	    0.00	    0.00	    0.00	    0.00	 6621.62	  763.00
22	23	    0.01	    0.00	    0.00	    0.02	    0.00	    0.01	    0.13	    0.13	    0.22	  313.82	  996.84	    0.00	    0.00	 1387.40	  411.60	    0.21	   89.53	    0.05	  145.56	    0.93	    0.05	 1254.04	 3301.15	    0.00
23	12	    0.00	    0.00	    0.00	    0.00	    0.00	    0.00	  322.61	    0.00	    0.00	    0.00	    0.00	    0.00	    0.00	  588.53	  695.64	  599.74	    0.15	  100.43	  298.13	 1099.89	 1204.47	 2500.05	 1901.56	 1800.32
23	20	  362.93	    0.05	   65.74	  200.19	    2.51	    0.03	    0.00	    0.00	    0.00	    0.00	  397.41	 1162.00	 3723.35	  398.87	    0.00	    0.00	    0.00	    0.00	    0.00	    0.00	    0.00	    0.00	  699.59	 3241.79
23	22	  436.99	    0.01	  134.25	    1.35	    0.26	    0.26	    0.40	    0.61	    0.00	    0.00	    0.05	  940.07	 2190.33	    0.00	    0.00	    1.02	    0.00	    0.20	    0.00	    1.41	 1496.43	    0.08	    0.00	 2657.89
