i	j	o17d22l62
0	1	 4496.81
0	2	 8124.54
1	0	 4525.74
1	5	 5965.53
2	0	 8095.61
2	3	14022.29
2	11	10044.24
3	2	14048.37
3	4	18019.56
3	10	 5209.67
4	3	18049.82
4	5	 8794.71
4	8	15787.94
5	1	 5994.46
5	4	 8804.26
5	7	12491.06
6	7	12113.06
6	17	15760.09
7	5	12529.54
7	6	12039.54
7	8	 6891.25
7	15	 8385.74
8	4	15808.66
8	7	 6834.15
8	9	21754.88
9	8	21818.50
9	10	17719.10
9	14	23139.45
9	15	11045.07
9	16	 8100.54
10	3	 5305.49
10	9	17596.88
10	11	 8371.75
10	13	 9781.42
11	2	 9989.22
11	10	 8413.33
11	12	12316.30
12	11	12402.85
12	23	11110.77
13	10	 9813.45
13	14	 9030.15
13	22	 8408.87
14	9	23193.00
14	13	 9073.56
14	18	19092.42
14	21	18437.92
15	7	 8407.81
15	9	11077.64
15	16	11689.92
15	17	15252.27
16	9	 8100.27
16	15	11668.80
16	18	 9956.76
17	6	15833.60
17	15	15328.02
17	19	18945.69
18	14	19156.11
18	16	 9935.36
18	19	 8673.28
19	17	18994.96
19	18	 8715.57
19	20	 6346.90
19	21	 6902.53
20	19	 6237.25
20	21	 8637.66
20	23	10321.85
21	14	18371.19
21	19	 7003.74
21	20	 8579.44
21	22	 9647.87
22	13	 8397.48
22	21	 9624.12
22	23	 7972.03
23	12	11097.32
23	20	10270.43
23	22	 7936.89
