i	j	       0	       1	       2	       3	       4	       5	       6	       7	       8	       9	      10	      11	      12	      13	      14	      15	      16	      17	      18	      19	      20	      21	      22	      23
0	1	 2600.04	    0.00	  267.81	  200.02	   16.82	    0.00	    0.01	    0.02	   33.65	  100.95	  200.02	  467.32	  462.00	  100.00	   16.78	    0.02	    0.03	    0.00	    0.01	    0.00	    0.01	    0.12	    0.13	   28.96
0	2	 6199.96	 1158.97	    0.00	    0.00	    0.00	  233.46	  140.97	  245.41	    0.00	    0.00	    0.00	    0.00	    0.00	    0.00	    0.00	  104.37	    0.00	   34.93	    0.00	    0.02	    0.00	    0.00	    0.00	    0.00
1	0	    0.00	 1258.97	    0.00	    0.00	    0.00	  533.46	  640.95	 1045.38	    0.00	    0.00	    0.00	    0.00	    0.00	    0.00	    0.00	  604.35	    0.43	  134.92	    0.03	  300.01	    0.00	    0.00	    0.00	    0.00
1	5	 2500.04	 2741.03	  167.81	    0.04	    0.00	    0.00	    0.00	    0.00	    0.00	    0.00	    0.04	  367.32	  162.00	    0.01	    0.00	    0.00	    0.00	    0.00	    0.00	    0.00	    0.01	    0.03	    0.13	   28.96
2	0	    0.00	    0.00	  367.81	  700.02	  216.82	    0.00	    0.03	    0.05	  533.65	 1400.95	  700.02	  667.32	  962.00	  400.00	  516.78	    0.04	  399.60	    0.00	  299.99	    0.02	  100.01	  400.12	  300.13	  128.96
2	3	 4499.97	  658.84	 1932.16	    0.00	    0.00	    0.00	    0.00	    0.00	    0.00	    0.00	    0.00	 3758.96	 2493.66	    0.08	    0.00	    0.00	    0.00	    0.00	    0.00	    0.00	  202.59	    0.02	    2.36	  470.69
2	11	 1599.99	  400.13	  500.03	 1601.37	  404.13	  500.30	  773.97	 1200.00	 1399.54	  660.84	    0.73	    0.00	    0.00	    0.25	   54.53	  532.76	  186.39	  198.72	   23.37	    0.27	    0.04	    0.09	    0.09	    0.00
3	2	    0.00	    0.00	    0.00	 2501.39	  720.95	  566.84	  733.03	 1154.63	 2033.19	 2361.70	 1000.58	    0.00	    0.00	  500.13	  671.24	  628.43	  685.96	  163.80	  323.35	    0.27	    0.06	    0.17	    0.15	    0.01
3	4	 3199.10	  158.88	 1332.03	 6697.99	    0.00	    0.00	    0.00	    0.00	    0.00	    0.07	  904.44	 3158.11	 1893.18	  200.10	    0.09	    0.00	    0.03	    0.00	    0.02	    0.00	    2.71	    0.14	  199.93	  270.81
3	10	  800.87	  300.00	  400.13	 2400.62	  699.85	  599.78	    0.76	    5.84	    0.41	    0.16	    0.00	    0.84	    0.48	    0.06	    0.05	    0.20	    0.04	    0.08	    0.02	    0.02	    0.02	    0.04	    0.05	    0.02
4	3	    0.00	    0.04	    0.00	    0.00	 1920.80	 1566.62	 1133.80	 1860.47	 2733.60	 3560.49	    0.00	    0.00	    0.00	    0.00	 1169.54	 1428.63	 1185.51	  263.88	  522.62	  300.18	    0.03	  398.62	    0.00	    0.00
4	5	    0.00	    0.00	  528.66	 2128.08	 1258.24	    0.00	    0.02	    0.03	  566.49	 1299.00	  403.98	 1476.77	  580.70	  100.02	  282.72	    0.04	    0.04	    0.00	    0.08	    0.01	    0.01	    0.03	   99.87	   71.00
4	8	 2999.10	  900.05	  703.37	 4069.90	 2920.96	 1400.11	    0.02	    0.09	    0.00	    0.00	    0.45	 1481.35	 1112.49	    0.08	    0.00	    0.05	    0.00	    0.01	    0.00	    0.02	    0.00	    0.00	    0.07	  199.81
5	1	    0.00	    0.00	    0.00	    0.02	   83.18	  933.46	  840.94	 1445.37	  166.35	  499.05	    0.02	    0.00	    0.00	    0.01	   83.22	 1004.34	  200.40	  134.92	  100.01	  400.00	    0.00	   99.90	    0.00	    0.00
5	4	    0.00	  841.21	    0.00	    0.00	    0.00	 3166.73	 1026.93	 1799.88	    0.00	    0.00	    0.00	    0.00	    0.00	    0.00	    0.00	 1462.80	    0.32	  200.80	    0.03	  307.24	    0.11	    0.05	    0.00	    0.00
5	7	 2200.04	 1499.82	  396.47	 1728.10	  975.06	 3499.81	    0.00	    0.00	    0.14	    0.06	    4.00	 1644.09	  542.69	    0.03	    0.00	    0.00	    0.00	    0.00	    0.00	    0.00	    0.00	    0.00	    0.00	    0.00
6	7	    0.00	    0.00	    0.00	    0.00	    0.00	    0.00	 4176.25	    0.00	    0.00	    0.00	    0.00	    0.00	    0.00	  399.67	  599.98	  391.57	  139.51	  998.54	  999.10	 2599.43	  500.12	  799.76	  299.93	  199.99
6	17	  431.26	  337.34	    8.00	  430.24	  118.93	  987.39	 7923.75	 4524.68	  821.74	    1.06	    0.18	  213.70	    0.12	    0.00	    0.00	    0.00	    0.02	    0.00	    0.00	    0.00	    0.00	    0.00	    0.00	    0.00
7	5	    0.00	    0.00	    0.00	    0.00	    0.00	    0.00	 2267.86	 4045.21	    0.00	    0.12	    0.00	    0.00	    0.00	    0.00	    0.50	 3367.10	  700.68	  435.72	  299.96	 1007.23	  100.09	  299.90	    0.00	    0.04
7	6	  931.26	  537.34	  108.00	  830.24	  318.93	 1387.39	    0.00	 5524.68	 1421.69	    4.43	    1.05	  913.64	   60.66	    0.00	    0.00	    0.00	    0.10	    0.00	    0.00	    0.00	    0.00	    0.00	    0.00	    0.00
7	8	    0.00	    0.00	    0.00	    0.00	    0.00	    0.00	  909.23	 3754.73	    0.00	    0.00	    0.00	    0.00	    0.00	    0.00	    0.00	 1261.53	    0.12	  263.19	    0.00	  693.15	    0.18	    0.09	    0.00	    0.00
7	15	  469.14	  562.52	  173.81	  688.80	  430.48	 1312.51	    0.00	 3375.39	  893.22	    0.00	    0.06	  480.01	    0.26	    0.00	    0.00	    0.00	    0.00	    0.00	    0.00	    0.00	    0.00	    0.00	    0.00	    0.00
8	4	    0.00	    0.00	    0.00	    0.00	    0.00	    0.00	  306.91	  560.72	 4100.09	 5859.42	    0.00	    0.00	    0.00	    0.00	 1652.18	  465.92	 1385.21	   63.09	  622.64	   92.98	   97.22	  598.45	    0.00	    0.00
8	7	    0.36	    0.04	   85.35	  490.94	  274.35	    0.09	    0.00	    0.00	 3114.78	 1604.23	  797.10	  349.57	  118.23	    0.00	    0.00	    0.00	    0.21	    0.00	    0.00	    0.00	    0.00	    0.00	    0.00	    0.00
8	9	 2498.73	  700.01	  518.03	 2878.97	 1846.61	 1000.02	    2.40	 2394.10	 8985.13	    0.00	    0.00	  531.83	  394.31	    0.00	    0.00	    0.86	    0.00	    0.13	    0.00	    0.33	    0.00	    0.00	    0.00	    0.00
9	8	    0.00	    0.00	    0.00	    0.00	    0.00	    0.00	    0.05	    0.00	    0.00	10263.65	 2196.65	    0.05	    0.05	  599.92	 2652.18	  605.20	 2285.30	    0.02	 1022.64	    0.14	  397.04	 1298.35	  499.93	    0.19
9	10	    0.00	    0.00	    0.00	    0.00	    0.00	    0.00	  499.17	  794.19	 1722.53	 8431.75	    0.00	    0.00	    0.00	    0.00	 1258.04	 1567.55	 1913.59	  199.91	  415.81	  425.50	    2.09	  496.63	    0.00	    0.00
9	14	  799.61	  100.04	   99.95	 1098.50	  596.01	  200.05	    0.00	    0.00	 3077.35	14571.04	 1929.75	  655.79	    2.52	    0.00	    0.00	    0.05	    0.76	    0.00	    0.00	    0.00	    0.00	    0.00	    0.00	    0.00
9	15	    0.00	    0.00	   18.20	   81.01	   50.63	    0.00	    0.00	    0.00	  485.41	 8032.80	 2174.01	  204.77	    0.11	    0.00	    0.00	    0.00	    0.00	    0.00	    0.00	    0.00	    0.00	    0.00	    0.00	    0.00
9	16	  399.57	    0.02	   99.98	  499.91	  199.96	    0.04	    0.08	    0.11	  899.84	 3900.77	  999.79	  599.89	  499.91	    0.10	    0.12	    0.11	    0.00	    0.02	    0.07	    0.13	    0.05	    0.13	    0.05	    0.02
10	3	    0.00	    0.00	    0.00	    0.00	    0.00	    0.00	    0.00	    0.00	    0.00	    1.43	 3405.02	    0.00	    0.00	 1200.20	    1.84	    0.00	    0.52	    0.00	    0.77	    0.11	    0.16	    1.73	  697.77	    0.15
10	9	    0.46	    0.00	    0.11	    0.46	    0.00	    0.00	    0.00	    0.00	    0.00	    0.00	11200.19	 2928.67	 2008.28	 1071.04	    0.00	    0.00	    0.00	    0.00	    0.00	    0.00	    0.00	    0.00	  346.34	   50.58
10	11	    0.00	    0.00	    0.00	    0.00	    0.00	    0.00	    0.00	    0.00	    0.10	 3239.32	 2400.01	    0.00	    0.00	  712.76	  650.89	  167.94	  913.60	    0.02	  278.93	    0.00	    0.00	    0.00	    0.00	    0.00
10	13	  300.52	  100.04	  100.08	 1000.24	  199.88	  199.85	    0.00	    0.03	  322.85	 1191.14	 5294.78	 1044.18	   25.05	    0.00	    0.00	    0.00	    0.00	    0.00	    0.00	    0.00	    0.00	    0.00	    0.00	    0.00
11	2	    0.00	    0.00	    0.00	    0.00	    0.00	    0.00	    0.00	    0.00	    0.00	    0.09	    0.17	 4626.28	 3555.66	    0.21	    0.07	    0.00	    0.03	    0.00	    0.01	    0.00	  302.58	  500.06	  402.44	  599.64
11	10	    0.11	    0.04	    0.05	    0.08	    0.02	    0.07	    0.00	    0.00	    0.00	    0.00	    0.00	 5372.01	 3032.84	    0.00	    0.00	    0.00	    0.00	    0.00	    0.00	    0.00	    0.04	    0.00	    0.00	    0.46
11	12	 1399.89	  300.09	  299.98	 1001.30	  204.10	  300.23	   74.04	  600.00	  799.64	 1900.07	 1000.57	 3901.71	    0.00	   12.96	    5.38	    0.70	  499.96	    0.09	    2.30	    0.00	    0.00	    0.00	    0.00	    0.00
12	11	    0.00	    0.00	    0.00	    0.00	    0.00	    0.00	    0.06	    0.00	    0.00	    0.00	    0.00	    0.00	 7888.50	    0.16	    0.03	    0.00	    0.00	    1.35	    0.01	  499.73	  602.58	 1199.97	 1102.34	 1100.10
12	23	  899.89	    0.09	  199.98	  401.30	    4.10	  100.23	    0.00	    0.00	  199.64	    0.07	    0.57	 2601.71	 6711.50	    0.00	    0.00	    0.00	    0.00	    0.00	    0.00	    0.00	    0.00	    0.00	    0.00	    0.00
13	10	    0.00	    0.00	    0.00	    0.00	    0.00	    0.00	    0.07	    0.00	    0.00	    0.00	    0.00	    0.00	    0.00	 4583.94	  794.64	    0.18	    0.48	    0.03	  263.87	  174.59	  398.02	  605.05	 2344.06	  650.25
13	14	    0.41	    0.03	    0.05	    0.51	    0.06	    0.05	    0.00	    0.00	    0.00	    0.00	  996.72	  344.27	   87.98	 6296.06	    0.00	    0.00	    0.00	    0.00	    0.00	    0.00	    0.00	    0.00	 1198.89	  110.56
13	22	    0.12	    0.01	    0.03	  499.75	   99.82	   99.80	    0.00	    0.00	  193.88	  802.84	 2698.12	    0.18	    0.00	 3220.00	  431.19	    0.00	  218.49	    0.00	  132.96	    0.00	    0.00	    0.00	    0.00	    0.00
14	9	    0.00	    0.00	    0.00	    0.00	    0.00	    0.00	    0.00	    0.00	    0.00	    0.00	    0.00	    0.00	    0.00	 1628.98	 7910.33	    0.28	    0.76	    0.05	 3238.34	 1719.48	 1599.18	 4395.12	 1953.64	  749.64
14	13	    0.00	    0.00	    0.00	    0.00	    0.00	    0.00	  199.62	  399.24	  471.03	 1711.69	    0.06	    0.00	    0.00	    0.00	 2525.83	  699.27	  918.97	   99.81	  696.83	  673.11	    1.53	  680.52	    0.00	    0.00
14	18	  300.03	    0.08	    0.01	  200.06	  100.03	    0.13	    0.02	    0.03	  400.14	 3262.31	  824.91	  300.06	  282.46	 2896.74	 5900.27	    0.10	    0.39	    0.01	    0.00	    0.05	  559.84	 2899.69	  899.98	  256.88
14	21	    0.00	    0.00	    0.00	  398.95	  296.04	    0.00	    0.00	    0.00	 1306.18	 5597.04	  701.49	    0.00	    0.00	  470.34	 5063.57	    0.22	 2482.19	    0.00	 2087.96	    0.00	    0.00	    0.00	    0.00	    0.00
15	7	    0.00	    0.00	    0.00	    0.00	    0.00	    0.00	    0.84	    0.00	    0.00	    0.25	    0.00	    0.00	    0.00	    0.30	    0.52	 6437.05	 1961.18	    0.37	    0.86	    0.95	    0.15	    0.24	    0.07	    0.05
15	9	    0.00	    0.05	    0.00	    0.00	    0.00	    0.07	 2396.25	    0.20	    0.00	    0.00	    0.00	    0.00	    0.00	    0.00	    0.00	 6570.21	    0.54	  899.53	    0.18	 1205.81	    0.00	    0.00	    0.00	    0.00
15	16	    0.41	  199.98	    0.01	    0.06	    0.03	  499.99	 1000.78	 1400.23	    0.11	    0.48	    0.08	    0.05	    0.00	    0.00	    0.00	 5966.32	    0.00	  600.34	    0.00	 1543.17	  347.42	    0.22	    0.00	  128.42
15	17	    0.02	    0.00	    0.00	    0.02	    0.00	    0.02	    0.00	    0.14	    0.15	 3633.87	  774.37	    0.12	    0.00	    0.03	    0.15	 7126.41	 3754.60	    0.00	    0.15	    0.00	    0.00	    0.00	    0.00	    0.00
16	9	    0.00	    0.00	    0.00	    0.00	    0.00	    0.00	    0.65	    0.00	    0.00	    0.00	    0.00	    0.00	    0.00	    0.00	    0.00	    1.56	 8098.36	    0.24	    0.00	    0.16	    0.00	    0.00	    0.00	    0.00
16	15	    0.00	    0.00	    0.00	    0.00	    0.00	    0.00	    0.00	    0.00	    0.00	    1.45	    0.28	    0.00	    0.00	  690.44	 1185.13	    0.00	 8516.20	    0.00	 1284.42	    0.00	    0.05	    0.10	    0.04	    0.03
16	18	    0.03	    0.02	    0.00	    0.02	    0.01	    0.03	    0.21	    0.34	    0.03	    0.15	    0.00	    0.00	    0.00	    0.00	    0.00	 3164.87	 6785.44	    0.12	    0.00	    0.00	    0.00	    0.00	    0.00	    0.00
17	6	    0.00	    0.00	    0.00	    0.00	    0.00	    0.00	    0.00	    0.00	    0.05	 1896.63	  499.13	    0.06	  339.46	  599.67	 1099.98	 1791.57	 1139.43	 1198.54	 1399.10	 3099.43	  700.12	 1299.76	  499.93	  299.99
17	15	   31.29	   37.51	    8.00	   30.27	   18.92	   87.57	 4797.87	  225.18	   21.63	    0.35	    0.11	   15.39	  599.64	    9.89	   15.53	    0.00	    0.11	 2000.23	   16.78	 4349.93	  947.52	 1200.36	  500.03	  428.44
17	19	  299.99	  299.83	    0.00	  299.99	  100.02	  799.84	 2925.88	 3999.63	  600.21	 1038.15	  175.39	    0.09	    0.08	    0.00	    0.00	 4834.84	 2015.21	 1601.22	    0.00	    0.00	    0.00	    0.00	    0.00	    0.00
18	14	    0.00	    0.01	    0.00	    0.00	    0.00	    0.03	  699.58	  999.19	    0.00	    0.00	    0.00	    0.00	    0.00	    0.00	    0.00	 1899.67	 4901.56	  299.85	 6823.12	 3492.22	    0.15	    0.36	    0.15	    0.07
18	16	    0.04	    0.02	    0.01	    0.05	    0.02	    0.00	    0.00	    0.00	    0.08	    0.36	    0.41	    0.06	    0.09	 1390.34	 2685.01	    0.00	    0.00	    0.00	 2984.35	  156.85	  252.58	 1699.74	  599.99	  171.58
18	19	    0.02	    0.00	    0.00	    0.04	    0.02	    0.02	    0.00	    0.00	    0.09	 1462.11	  424.50	    0.00	    0.00	 1206.41	 2415.26	    0.00	  184.28	    0.00	 2992.53	    0.00	    0.00	    0.00	    0.00	    0.00
19	17	    0.00	    0.00	    0.00	    0.00	    0.00	    0.00	    0.00	    0.00	    0.00	    0.20	    0.08	    1.72	 1039.06	  709.54	 1315.36	    0.00	    0.13	    0.00	 1715.73	 7849.36	 1747.64	 2800.12	 1099.96	  728.44
19	18	    0.00	   99.93	    0.00	    0.00	    0.00	  199.89	 1099.35	 1698.82	    0.00	    0.00	    0.00	    0.00	   17.63	    0.01	    0.00	   34.70	    0.00	  599.72	    0.00	 4849.02	   92.89	    0.41	    0.16	   14.77
19	20	    0.00	    0.00	    0.00	    0.01	    0.02	  100.01	  626.51	  600.67	    0.16	    0.05	    0.02	    0.01	    0.02	    0.02	    0.03	 1500.38	  498.94	  201.53	   76.89	 2700.77	    0.00	    0.07	    0.03	    0.02
19	21	    0.00	   99.90	    0.00	    0.02	    0.01	  199.96	  700.02	  800.14	    0.15	    0.20	    0.04	    0.00	    0.00	    0.00	    0.16	 1699.77	    0.49	  399.98	    0.07	 3100.86	    0.17	    0.00	    0.00	    0.00
20	19	    0.00	    0.00	    0.00	    0.00	    0.00	    0.00	    0.00	    0.00	    0.00	    0.10	    0.02	  401.61	 1656.53	    0.08	    0.16	    0.00	    0.07	    0.00	    0.17	    0.00	 3040.70	    0.21	    1.61	 1142.93
20	21	  261.59	    0.08	   65.40	    0.04	    0.00	    0.03	    0.06	    0.07	    0.00	    0.00	    0.00	  457.78	 1466.04	    0.00	    0.00	    0.15	    0.00	    0.03	    0.00	    0.38	 4762.15	    0.00	    0.56	 1603.33
20	23	    0.00	    0.00	    0.00	    0.00	    0.00	    0.02	  426.45	  200.60	    0.24	  490.63	    0.00	    0.00	    0.00	    0.00	  683.57	  900.30	  211.39	  101.49	  253.22	 1500.38	 3197.15	 2342.60	    0.00	    0.00
21	14	    0.00	    0.00	    0.00	    0.00	    0.00	    0.00	    0.06	    0.08	    0.00	    0.00	    0.00	    0.00	  891.96	    0.00	    0.00	    0.15	    0.00	    0.03	    0.00	    0.42	 2960.40	10574.97	 2654.58	 1295.89
21	19	    0.00	    0.00	    0.00	    0.00	    0.00	    0.00	    0.00	    0.00	    0.00	    0.10	    0.22	    0.03	    0.10	    3.07	    0.14	    0.00	    0.00	    0.00	    0.00	    0.00	    0.00	 5200.39	 1798.54	    0.30
21	20	    0.01	    0.00	    0.00	    0.03	   96.10	    0.00	    0.00	    0.00	  300.08	 1690.68	    2.99	    0.00	    0.00	    0.98	 1483.70	    0.08	  312.52	    0.00	  576.50	    0.00	    0.00	 4142.74	    0.50	    0.00
21	22	    0.00	    0.00	    0.00	    0.00	    0.00	    0.01	  200.02	  300.14	  306.25	 1306.46	    0.00	    0.00	    0.00	    0.00	  979.88	  499.91	  470.17	   99.99	  311.53	  700.82	    1.91	 4481.90	    0.00	    0.00
22	13	    0.01	    0.00	    0.00	    0.02	    0.00	    0.00	    0.45	    0.73	    0.00	    0.00	    0.00	    0.27	  662.93	    0.00	    0.00	    0.92	    0.00	    0.22	    0.01	    1.47	  796.49	 1124.54	 4642.95	 1160.81
22	21	  138.42	    0.02	   34.60	    1.03	    0.05	    0.03	    0.00	    0.00	    0.00	    0.00	  401.67	  242.25	  726.01	  733.72	    0.00	    0.00	    0.00	    0.00	    0.00	    0.00	    0.00	    0.00	 6553.06	  792.85
22	23	    0.01	    0.00	    0.00	    0.03	    0.00	    0.01	    0.08	    0.16	    0.13	  309.30	  996.50	    0.00	    0.00	 1386.28	  411.08	    0.27	   88.66	    0.02	  144.48	    1.10	    0.20	 1257.45	 3303.99	    0.00
23	12	    0.00	    0.00	    0.00	    0.00	    0.00	    0.00	  326.03	    0.00	    0.00	    0.00	    0.00	    0.00	    0.00	  587.20	  694.65	  599.30	    0.04	  101.26	  297.71	 1099.73	 1202.58	 2499.97	 1902.34	 1800.10
23	20	  361.57	    0.08	   65.40	  200.00	    3.87	    0.03	    0.00	    0.00	    0.01	    0.00	  397.02	 1159.38	 3722.55	  399.08	    0.00	    0.00	    0.00	    0.00	    0.00	    0.00	    0.00	    0.00	  701.65	 3246.24
23	22	  438.33	    0.01	  134.58	    1.32	    0.23	    0.23	    0.51	    0.76	    0.00	    0.00	    0.05	  942.33	 2188.95	    0.00	    0.00	    1.27	    0.00	    0.25	    0.00	    1.76	 1494.77	    0.08	    0.00	 2653.66
