i	j	n1_l16
1	2	 4784.71
1	3	 7204.30
2	1	 3396.12
2	6	 6467.28
3	1	 8592.89
3	4	13371.68
3	12	 8322.59
4	3	12933.26
4	5	18136.68
4	11	 6273.05
5	4	17576.27
5	6	 9023.84
5	9	16199.20
6	2	 5078.69
6	5	 8311.22
6	8	12598.95
7	8	    0.00
7	18	19222.22
8	6	10497.74
8	7	11223.04
8	9	 2403.21
8	16	 8009.92
9	5	16351.40
9	8	 7022.83
9	10	21619.14
10	9	26490.96
10	11	17971.27
10	15	23834.41
10	16	10988.73
10	17	 8100.58
11	4	 6495.04
11	10	17683.47
11	12	 9164.44
11	14	10148.13
12	3	10149.60
12	11	 8480.11
12	13	12975.88
13	12	14218.56
13	24	11297.38
14	11	10866.65
14	15	 8898.49
14	23	 8408.27
15	10	26498.27
15	14	 9366.81
15	19	19494.73
15	22	18219.57
16	8	12512.13
16	10	12592.35
16	17	12285.32
16	18	14196.08
17	10	 8892.72
17	16	11162.36
17	19	10296.56
18	7	 7999.18
18	16	21424.88
18	20	19123.64
19	15	21700.00
19	17	 9965.75
19	20	 8022.70
20	18	15029.40
20	19	 9897.16
20	21	 7599.24
20	22	 7428.36
21	20	 5809.77
21	22	 8917.38
21	24	10910.68
22	15	19046.47
22	20	 6898.06
22	21	 8031.85
22	23	10003.07
23	14	 8658.47
23	22	 9414.14
23	24	 8410.82
24	13	12440.05
24	21	10006.73
24	23	 8072.09
