i	j	o20d10l70
0	1	 4487.25
0	2	 8112.69
1	0	 4512.85
1	5	 5964.77
2	0	 8087.09
2	3	14020.04
2	11	10030.74
3	2	14039.21
3	4	18015.59
3	10	 5212.28
4	3	18037.00
4	5	 8797.24
4	8	15786.25
5	1	 5990.36
5	4	 8804.23
5	7	12485.06
6	7	12091.34
6	17	15885.93
7	5	12517.63
7	6	12032.29
7	8	 6877.51
7	15	 8382.86
8	4	15800.67
8	7	 6830.02
8	9	21751.17
9	8	21818.11
9	10	17782.02
9	14	23119.23
9	15	11041.37
9	16	 8100.51
10	3	 5310.03
10	9	17658.14
10	11	 8341.33
10	13	 9773.77
11	2	 9985.98
11	10	 8378.52
11	12	12272.84
12	11	12365.28
12	23	11152.45
13	10	 9810.45
13	14	 9064.90
13	22	 8377.40
14	9	23180.36
14	13	 9107.63
14	18	19011.65
14	21	18365.11
15	7	 8403.88
15	9	11071.04
15	16	11692.88
15	17	15350.30
16	9	 8100.52
16	15	11682.28
16	18	 9954.69
17	6	15944.98
17	15	15411.59
17	19	19063.04
18	14	19041.94
18	16	 9944.09
18	19	 8693.24
19	17	19083.38
19	18	 8712.92
19	20	 6394.29
19	21	 7002.50
20	19	 6335.96
20	21	 8818.15
20	23	10206.07
21	14	18338.70
21	19	 7000.85
21	20	 8810.07
21	22	 9686.46
22	13	 8371.35
22	21	 9650.32
22	23	 7641.54
23	12	11144.89
23	20	10155.82
23	22	 7599.35
