i	j	       0	       1	       2	       3	       4	       5	       6	       7	       8	       9	      10	      11	      12	      13	      14	      15	      16	      17	      18	      19	      20	      21	      22	      23
0	1	 2600.36	    0.00	  252.01	  200.02	   22.76	    0.00	    0.01	    0.02	   45.51	  136.57	  200.02	  441.99	  446.17	  100.00	   22.77	    0.02	    0.03	    0.00	    0.01	    0.00	    0.01	    0.07	    0.11	   26.57
0	2	 6199.64	 1087.32	    0.00	    0.00	    0.00	  249.07	  156.57	  272.45	    0.00	    0.00	    0.00	    0.00	    0.00	    0.00	    0.00	  112.26	    0.00	   38.80	    0.00	    0.02	    0.00	    0.00	    0.00	    0.00
1	0	    0.00	 1187.32	    0.00	    0.00	    0.00	  549.07	  656.55	 1072.42	    0.00	    0.00	    0.00	    0.00	    0.00	    0.00	    0.00	  612.24	    0.49	  138.80	    0.03	  299.93	    0.00	    0.02	    0.00	    0.00
1	5	 2500.36	 2812.68	  152.01	    0.04	    0.00	    0.00	    0.00	    0.00	    0.00	    0.00	    0.04	  341.99	  146.17	    0.01	    0.00	    0.00	    0.00	    0.00	    0.00	    0.00	    0.01	    0.03	    0.11	   26.57
2	0	    0.00	    0.00	  352.01	  700.02	  222.76	    0.00	    0.03	    0.05	  545.51	 1436.57	  700.02	  641.99	  946.17	  400.00	  522.77	    0.04	  399.54	    0.00	  299.99	    0.10	  100.00	  400.06	  300.11	  126.57
2	3	 4499.63	  587.23	 1947.95	    0.00	    0.00	    0.04	    0.00	    0.00	    0.00	    0.00	    0.00	 3787.39	 2504.63	    0.08	    0.00	    0.00	    0.00	    0.00	    0.00	    0.00	  202.26	    0.02	    1.77	  473.25
2	11	 1600.00	  400.10	  500.03	 1602.26	  402.82	  500.43	  770.38	 1200.00	 1399.53	  661.24	    0.90	    0.00	    0.00	    0.16	   43.23	  545.91	  186.39	  199.45	   18.53	    0.17	    0.00	    0.00	    0.00	    0.00
3	2	    0.00	    0.01	    0.00	 2502.28	  725.57	  551.40	  713.84	 1127.60	 2045.04	 2397.81	 1000.38	    0.00	    0.00	  499.83	  665.94	  633.68	  685.93	  160.66	  318.51	    0.17	    0.02	    0.07	    0.05	    0.01
3	4	 3197.63	  287.21	 1347.61	 6697.03	    0.00	    0.00	    0.00	    0.00	    0.00	    0.11	  905.77	 3186.62	 1904.18	  200.09	    0.07	    0.00	    0.01	    0.00	    0.02	    0.00	    2.49	    0.10	  199.95	  273.28
3	10	  802.00	  300.04	  400.34	 2400.69	  699.71	  599.63	    0.04	    5.35	    0.98	    0.16	    0.00	    0.77	    0.46	    0.06	    0.06	    0.28	    0.04	    0.02	    0.02	    0.02	    0.02	    0.04	    0.05	    0.02
4	3	    0.00	  200.03	    0.00	    0.00	 1925.28	 1550.99	 1113.88	 1832.94	 2746.03	 3597.61	    0.00	    0.00	    0.00	    0.00	 1164.50	 1433.97	 1185.86	  260.68	  517.90	  300.19	    0.03	  398.57	    0.00	    0.00
4	5	    0.00	    0.00	  543.19	 2127.29	 1252.05	    0.00	    0.02	    0.03	  554.63	 1263.37	  405.28	 1505.17	  595.08	  100.02	  277.19	    0.04	    0.04	    0.00	    0.09	    0.01	    0.01	    0.00	   99.89	   73.42
4	8	 2997.63	  899.99	  704.42	 4069.74	 2922.67	 1399.87	    0.02	    0.10	    0.00	    0.00	    0.49	 1481.45	 1109.10	    0.07	    0.00	    0.06	    0.00	    0.01	    0.00	    0.02	    0.00	    0.00	    0.06	  199.87
5	1	    0.00	    0.00	    0.00	    0.02	   77.24	  949.07	  856.54	 1472.40	  154.49	  463.43	    0.02	    0.00	    0.00	    0.01	   77.23	 1012.23	  200.46	  138.80	  100.01	  399.92	    0.00	   99.97	    0.00	    0.00
5	4	    0.00	  912.81	    0.00	    0.00	    0.00	 3150.86	 1011.56	 1778.98	    0.00	    0.00	    0.00	    0.00	    0.00	    0.00	    0.00	 1446.71	    0.53	  198.73	    0.03	  305.48	    0.00	    0.00	    0.00	    0.00
5	7	 2200.36	 1499.86	  395.21	 1727.31	  974.81	 3500.07	    0.00	    0.00	    0.14	    0.06	    5.30	 1647.16	  541.25	    0.03	    0.00	    0.00	    0.00	    0.00	    0.00	    0.00	    0.00	    0.00	    0.00	    0.00
6	7	    0.00	    0.00	    0.00	    0.00	    0.00	    0.00	 4175.84	    0.00	    0.00	    0.00	    0.00	    0.00	    0.00	  399.76	  599.66	  387.68	  142.89	  999.20	  999.31	 2599.06	  499.96	  799.78	  299.94	  199.97
6	17	  430.17	  336.00	    8.55	  434.16	  121.37	  984.42	 7924.16	 4515.61	  825.53	    0.60	    0.12	  219.04	    0.11	    0.00	    0.00	    0.00	    0.02	    0.00	    0.00	    0.00	    0.00	    0.00	    0.00	    0.00
7	5	    0.00	    0.00	    0.00	    0.00	    0.00	    0.00	 2268.09	 4051.35	    0.00	    0.12	    0.00	    0.00	    0.00	    0.00	    0.04	 3358.90	  700.94	  437.52	  299.95	 1005.39	   99.99	  299.94	    0.00	    0.01
7	6	  930.17	  536.00	  108.55	  834.16	  321.37	 1384.42	    0.00	 5515.61	 1425.47	    2.36	    0.64	  918.98	   63.82	    0.00	    0.00	    0.00	    0.11	    0.00	    0.00	    0.00	    0.00	    0.00	    0.00	    0.00
7	8	    0.00	    0.00	    0.00	    0.00	    0.00	    0.00	  907.76	 3748.12	    0.00	    0.00	    0.00	    0.00	    0.00	    0.00	    0.00	 1269.57	    0.11	  262.02	    0.00	  694.71	    0.12	    0.00	    0.00	    0.00
7	15	  470.27	  563.91	  173.42	  685.94	  428.69	 1315.74	    0.00	 3384.91	  873.22	    0.00	    0.06	  490.77	    0.25	    0.00	    0.00	    0.00	    0.00	    0.00	    0.00	    0.00	    0.00	    0.00	    0.00	    0.00
8	4	    0.00	    0.00	    0.00	    0.00	    0.00	    0.00	  302.36	  554.09	 4100.66	 5860.87	    0.00	    0.00	    0.00	    0.00	 1641.62	  487.35	 1385.36	   61.96	  617.95	   94.74	   97.54	  598.47	    0.00	    0.00
8	7	    0.08	    0.04	   86.75	  492.78	  275.26	    0.09	    0.00	    0.00	 3098.55	 1602.16	  795.40	  362.59	  122.82	    0.00	    0.00	    0.00	    0.22	    0.00	    0.00	    0.00	    0.00	    0.00	    0.00	    0.00
8	9	 2497.55	  699.95	  517.66	 2876.96	 1847.41	  999.78	    5.64	 2394.13	 9000.79	    0.00	    0.00	  518.92	  386.33	    0.00	    0.00	    0.77	    0.00	    0.15	    0.00	    0.30	    0.00	    0.00	    0.00	    0.00
9	8	    0.00	    0.00	    0.00	    0.00	    0.00	    0.00	    0.22	    0.00	    0.00	10263.03	 2194.91	    0.05	    0.05	  599.93	 2641.62	  618.49	 2285.47	    0.07	 1017.95	    0.31	  397.43	 1298.47	  499.94	    0.13
9	10	    0.00	    0.00	    0.00	    0.00	    0.00	    0.00	  499.90	  794.68	 1715.54	 8398.28	    0.00	    0.00	    0.00	    0.00	 1293.40	 1554.03	 1913.46	  199.98	  428.43	  432.56	    2.12	  496.61	    0.00	    0.00
9	14	  799.62	   99.99	   99.96	 1098.89	  597.47	  199.81	    0.00	    0.00	 3083.97	14600.43	 1896.81	  647.00	    3.13	    0.00	    0.00	    0.00	    0.78	    0.00	    0.00	    0.00	    0.00	    0.00	    0.00	    0.00
9	15	    0.00	    0.00	   18.05	   79.96	   49.97	    0.00	    0.00	    0.00	  501.43	 8037.53	 2171.82	  188.64	    0.24	    0.00	    0.00	    0.00	    0.00	    0.00	    0.00	    0.00	    0.00	    0.00	    0.00	    0.00
9	16	  399.54	    0.02	   99.98	  499.91	  199.96	    0.04	    0.08	    0.11	  899.84	 3900.73	  999.80	  599.89	  499.91	    0.06	    0.12	    0.11	    0.00	    0.05	    0.07	    0.14	    0.05	    0.14	    0.05	    0.02
10	3	    0.00	    0.00	    0.00	    0.00	    0.00	    0.00	    0.00	    0.00	    0.00	    0.47	 3406.15	    0.00	    0.00	 1199.90	    1.57	    0.00	    0.13	    0.00	    0.65	    0.00	    0.23	    1.62	  698.28	    0.07
10	9	    1.61	    0.00	    0.32	    1.80	    0.00	    0.00	    0.00	    0.00	    0.00	    0.00	11163.34	 2916.68	 2017.01	 1140.00	    0.00	    0.00	    0.00	    0.00	    0.00	    0.00	    0.00	    0.00	  314.80	   50.70
10	11	    0.00	    0.00	    0.00	    0.00	    0.00	    0.00	    0.00	    0.00	    0.10	 3238.76	 2400.31	    0.00	    0.00	  715.91	  662.07	  154.31	  913.45	    0.02	  283.72	    0.00	    0.00	    0.00	    0.00	    0.00
10	13	  300.50	  100.07	  100.07	  998.97	  199.73	  199.69	    0.00	    0.03	  316.43	 1159.20	 5330.20	 1053.16	   19.11	    0.00	    0.00	    0.00	    0.04	    0.00	    0.00	    0.00	    0.00	    0.00	    0.00	    0.00
11	2	    0.00	    0.00	    0.00	    0.00	    0.00	    0.00	    0.00	    0.00	    0.00	    0.00	    0.54	 4629.38	 3550.80	    0.41	    0.05	    0.00	    0.00	    0.00	    0.00	    0.08	  302.25	  500.01	  401.83	  599.81
11	10	    0.11	    0.02	    0.05	    0.08	    0.02	    0.07	    0.00	    0.00	    0.00	    0.00	    0.00	 5369.07	 3035.66	    0.00	    0.00	    0.00	    0.00	    0.00	    0.00	    0.00	    0.04	    0.00	    0.00	    0.36
11	12	 1399.90	  300.08	  299.98	 1002.18	  202.79	  300.37	   70.44	  600.00	  799.63	 1900.00	 1000.67	 3901.55	    0.00	   15.92	    5.24	    0.94	  499.84	    0.03	    2.25	    0.04	    0.00	    0.00	    0.00	    0.00
12	11	    0.00	    0.00	    0.00	    0.00	    0.00	    0.00	    0.06	    0.00	    0.00	    0.00	    0.00	    0.00	 7886.47	    0.26	    0.00	    0.72	    0.00	    0.55	    0.00	  499.95	  602.28	 1200.01	 1101.83	 1100.16
12	23	  899.90	    0.08	  199.98	  402.18	    2.79	  100.37	    0.00	    0.00	  199.63	    0.00	    0.67	 2601.55	 6713.53	    0.00	    0.00	    0.00	    0.00	    0.00	    0.00	    0.00	    0.00	    0.00	    0.00	    0.00
13	10	    0.00	    0.00	    0.00	    0.00	    0.00	    0.00	    0.06	    0.00	    0.00	    0.00	    0.00	    0.00	    0.00	 4655.75	  770.18	    0.00	    0.12	    0.02	  255.92	  167.41	  398.07	  604.97	 2313.03	  650.39
13	14	    0.40	    0.06	    0.05	    0.50	    0.06	    0.04	    0.00	    0.00	    0.00	    0.00	 1048.45	  352.99	  100.53	 6212.08	    0.00	    0.00	    0.00	    0.00	    0.00	    0.00	    0.00	    0.00	 1192.89	  129.26
13	22	    0.11	    0.01	    0.02	  498.49	   99.68	   99.66	    0.00	    0.00	  195.67	  809.18	 2681.82	    0.21	    0.00	 3232.16	  431.10	    0.00	  215.58	    0.00	  132.94	    0.00	    0.00	    0.00	    0.00	    0.00
14	9	    0.00	    0.00	    0.00	    0.00	    0.00	    0.00	    0.00	    0.00	    0.00	    0.00	    0.00	    0.00	    0.00	 1559.98	 7935.14	    0.29	    0.75	    0.05	 3246.26	 1725.27	 1599.59	 4395.22	 1985.19	  749.46
14	13	    0.00	    0.00	    0.00	    0.00	    0.00	    0.00	  199.71	  399.41	  479.25	 1749.98	    0.06	    0.00	    0.00	    0.00	 2501.29	  699.68	  915.65	   99.85	  688.86	  666.28	    1.20	  678.55	    0.00	    0.00
14	18	  300.03	    0.06	    0.01	  200.06	  100.03	    0.05	    0.02	    0.03	  400.14	 3259.68	  827.57	  300.05	  277.21	 2897.78	 5899.80	    0.05	    0.40	    0.01	    0.00	    0.05	  559.71	 2899.92	  899.98	  261.12
14	21	    0.00	    0.00	    0.00	  399.32	  297.50	    0.00	    0.00	    0.00	 1304.59	 5590.77	  717.63	    0.00	    0.00	  454.32	 5063.77	    0.22	 2489.65	    0.00	 2087.03	    0.00	    0.00	    0.00	    0.00	    0.00
15	7	    0.00	    0.00	    0.00	    0.00	    0.00	    0.00	    0.00	    0.00	    0.00	    0.26	    0.00	    0.00	    0.00	    0.21	    0.38	 6440.79	 1958.05	    0.34	    0.63	    1.04	    0.14	    0.16	    0.07	    0.04
15	9	    0.00	    0.05	    0.00	    0.00	    0.00	    0.07	 2394.33	    0.66	    0.00	    0.00	    0.00	    0.00	    0.00	    0.00	    0.00	 6569.98	    0.55	  899.65	    0.19	 1207.24	    0.00	    0.00	    0.00	    0.00
15	16	    0.45	  200.05	    0.01	    0.06	    0.03	  500.16	 1000.35	 1401.39	    0.11	    0.49	    0.09	    0.05	    0.00	    0.00	    0.00	 5960.83	    0.00	  600.31	    0.00	 1560.73	  340.53	    0.00	    0.00	  123.14
15	17	    0.02	    0.00	    0.00	    0.02	    0.00	    0.02	    0.00	    0.14	    0.15	 3638.56	  772.18	    0.12	    0.00	    0.03	    0.14	 7128.40	 3751.51	    0.00	    0.14	    0.00	    0.00	    0.00	    0.00	    0.00
16	9	    0.00	    0.00	    0.00	    0.00	    0.00	    0.00	    0.23	    0.00	    0.00	    0.00	    0.00	    0.00	    0.00	    0.00	    0.00	    1.60	 8098.41	    0.25	    0.00	    0.20	    0.00	    0.00	    0.00	    0.00
16	15	    0.00	    0.00	    0.00	    0.00	    0.00	    0.00	    0.00	    0.00	    0.00	    1.42	    0.26	    0.00	    0.00	  692.01	 1186.93	    0.00	 8510.00	    0.00	 1286.30	    0.00	    0.05	    0.10	    0.04	    0.03
16	18	    0.03	    0.09	    0.00	    0.02	    0.01	    0.20	    0.20	    1.51	    0.03	    0.15	    0.00	    0.00	    0.00	    0.00	    0.00	 3159.34	 6791.59	    0.11	    0.00	    0.00	    0.00	    0.00	    0.00	    0.00
17	6	    0.00	    0.00	    0.00	    0.00	    0.00	    0.00	    0.00	    0.00	    0.05	 1898.24	  499.48	    0.06	  336.29	  599.76	 1099.66	 1787.68	 1142.81	 1199.20	 1399.31	 3099.06	  699.96	 1299.78	  499.94	  299.97
17	15	   30.20	   36.20	    8.55	   34.18	   21.36	   84.51	 4794.68	  217.29	   25.61	    0.36	    0.11	   20.76	  599.51	    8.23	   13.59	    0.00	    0.11	 2000.30	   14.67	 4369.01	  940.62	 1200.06	  500.02	  423.16
17	19	  299.99	  299.80	    0.00	  299.99	  100.01	  799.93	 2929.48	 3998.47	  600.01	 1040.77	  172.74	    0.06	    0.07	    0.00	    0.00	 4840.72	 2008.75	 1600.49	    0.00	    0.00	    0.00	    0.00	    0.00	    0.00
18	14	    0.00	    0.01	    0.00	    0.00	    0.00	    0.21	  699.66	  999.36	    0.00	    0.00	    0.00	    0.00	    0.00	    0.00	    0.00	 1900.09	 4905.68	  299.89	 6822.14	 3491.16	    0.15	    0.37	    0.15	    0.07
18	16	    0.04	    0.02	    0.01	    0.05	    0.02	    0.00	    0.00	    0.00	    0.08	    0.35	    0.38	    0.05	    0.09	 1391.95	 2686.81	    0.00	    0.00	    0.00	 2986.23	  139.33	  259.47	 1699.97	  599.99	  176.86
18	19	    0.02	    0.00	    0.00	    0.04	    0.02	    0.02	    0.00	    0.00	    0.09	 1459.48	  427.19	    0.00	    0.00	 1205.84	 2412.99	    0.00	  186.31	    0.00	 2991.63	    0.00	    0.00	    0.00	    0.00	    0.00
19	17	    0.00	    0.00	    0.00	    0.00	    0.00	    0.00	    0.00	    0.00	    0.00	    0.20	    0.04	    1.73	 1035.76	  707.97	 1313.10	    0.00	    0.13	    0.00	 1713.84	 7868.08	 1740.59	 2799.84	 1099.96	  723.12
19	18	    0.00	   99.89	    0.00	    0.00	    0.00	  199.99	 1099.45	 1697.83	    0.00	    0.00	    0.00	    0.00	   22.88	    0.01	    0.00	   40.70	    0.00	  599.76	    0.00	 4830.44	   99.91	    0.42	    0.17	   15.81
19	20	    0.00	    0.00	    0.00	    0.01	    0.02	  100.01	  629.76	  600.34	    0.05	    0.05	    0.02	    0.01	    0.02	    0.02	    0.03	 1500.13	  494.89	  200.65	   77.89	 2700.57	    0.00	    0.07	    0.03	    0.02
19	21	    0.00	   99.91	    0.00	    0.02	    0.01	  199.96	  700.27	  800.30	    0.06	    0.21	    0.04	    0.00	    0.00	    0.00	    0.16	 1699.89	    0.10	  400.08	    0.08	 3100.91	    0.17	    0.00	    0.00	    0.00
20	19	    0.00	    0.00	    0.00	    0.00	    0.00	    0.00	    0.00	    0.00	    0.00	    0.10	    0.02	  401.64	 1658.49	    0.08	    0.16	    0.00	    0.07	    0.00	    0.17	    0.00	 3040.67	    0.23	    1.53	 1138.66
20	21	  263.29	    0.06	   65.82	    0.37	    0.00	    0.03	    0.06	    0.07	    0.00	    0.00	    0.00	  460.76	 1459.94	    0.00	    0.00	    0.15	    0.00	    0.03	    0.00	    0.39	 4762.42	    0.00	    0.90	 1605.03
20	23	    0.00	    0.00	    0.00	    0.00	    0.00	    0.02	  429.70	  200.27	    0.16	  484.34	    0.00	    0.00	    0.00	    0.00	  680.16	  900.05	  217.12	  100.61	  254.00	 1500.18	 3196.91	 2343.71	    0.00	    0.00
21	14	    0.00	    0.00	    0.00	    0.00	    0.00	    0.00	    0.06	    0.08	    0.00	    0.00	    0.00	    0.06	  873.54	    0.00	    0.00	    0.15	    0.00	    0.03	    0.00	    0.44	 2960.35	10573.31	 2692.12	 1281.25
21	19	    0.00	    0.00	    0.00	    0.00	    0.00	    0.00	    0.00	    0.00	    0.00	    0.10	    0.15	    0.03	    0.10	    2.07	    0.14	    0.00	    0.00	    0.00	    0.00	    0.00	    0.00	 5200.10	 1798.63	    0.29
21	20	    0.01	    0.00	    0.00	    0.02	   97.55	    0.00	    0.00	    0.00	  300.12	 1684.40	    2.04	    0.04	    0.00	    0.25	 1480.29	    0.08	  322.30	    0.00	  576.28	    0.00	    0.00	 4143.87	    0.25	    0.00
21	22	    0.00	    0.00	    0.00	    0.00	    0.00	    0.01	  200.27	  300.30	  304.53	 1306.48	    0.00	    0.00	    0.00	    0.00	  983.50	  500.04	  467.46	  100.09	  310.82	  700.86	    2.24	 4482.72	    0.00	    0.00
22	13	    0.01	    0.00	    0.00	    0.02	    0.00	    0.00	    0.36	    0.56	    0.00	    0.00	    0.00	    0.03	  681.42	    0.00	    0.00	    0.32	    0.00	    0.17	    0.01	    1.13	  796.87	 1126.42	 4605.92	 1179.66
22	21	  136.72	    0.03	   34.18	    0.31	    0.05	    0.02	    0.00	    0.00	    0.00	    0.00	  384.52	  239.37	  713.70	  748.00	    0.00	    0.00	    0.00	    0.00	    0.00	    0.00	    0.00	    0.00	 6590.09	  776.52
22	23	    0.01	    0.00	    0.00	    0.02	    0.00	    0.01	    0.15	    0.08	    0.20	  315.66	  997.35	    0.00	    0.00	 1384.16	  414.60	    0.31	   83.03	    0.03	  143.76	    0.53	    0.06	 1256.38	 3303.98	    0.00
23	12	    0.00	    0.00	    0.00	    0.00	    0.00	    0.00	  329.62	    0.00	    0.00	    0.00	    0.00	    0.00	    0.00	  584.34	  694.76	  599.77	    0.16	  100.53	  297.75	 1099.91	 1202.28	 2500.01	 1901.83	 1800.16
23	20	  363.27	    0.06	   65.82	  200.34	    2.42	    0.03	    0.00	    0.00	    0.00	    0.00	  397.97	 1162.35	 3718.40	  399.81	    0.00	    0.00	    0.00	    0.00	    0.00	    0.00	    0.00	    0.00	  702.16	 3243.67
23	22	  436.64	    0.02	  134.16	    1.87	    0.37	    0.37	    0.23	    0.35	    0.00	    0.00	    0.05	  939.19	 2195.13	    0.00	    0.00	    0.58	    0.00	    0.12	    0.00	    0.80	 1494.68	    0.09	    0.00	 2656.17
