i	j	       0	       1	       2	       3	       4	       5	       6	       7	       8	       9	      10	      11	      12	      13	      14	      15	      16	      17	      18	      19	      20	      21	      22	      23
0	1	 2600.75	    0.00	  270.25	  200.02	   15.30	    0.00	    0.01	    0.02	   30.60	   92.09	  200.02	  476.29	  463.10	  100.00	   15.32	    0.02	    0.04	    0.00	    0.01	    0.00	    0.01	    0.05	    0.23	   29.22
0	2	 6199.25	 1175.44	    0.00	    0.00	    0.00	  241.08	  138.65	  240.19	    0.00	    0.00	    0.00	    0.00	    0.00	    0.00	    0.00	   90.80	    0.00	   34.23	    0.00	    0.02	    0.00	    0.00	    0.00	    0.00
1	0	    0.00	 1275.44	    0.00	    0.00	    0.00	  541.08	  638.63	 1040.16	    0.00	    0.00	    0.00	    0.00	    0.00	    0.00	    0.00	  590.78	    0.37	  134.22	    0.03	  299.98	    0.00	    0.02	    0.00	    0.00
1	5	 2500.75	 2724.56	  170.25	    0.04	    0.00	    0.00	    0.00	    0.00	    0.00	    0.00	    0.04	  376.29	  163.10	    0.01	    0.00	    0.00	    0.00	    0.00	    0.00	    0.00	    0.01	    0.03	    0.23	   29.22
2	0	    0.00	    0.00	  370.25	  700.02	  215.30	    0.00	    0.03	    0.05	  530.60	 1392.09	  700.02	  676.29	  963.10	  400.00	  515.32	    0.04	  399.66	    0.00	  299.99	    0.05	  100.01	  400.03	  300.23	  129.22
2	3	 4499.25	  675.32	 1929.71	    0.00	    0.00	    0.00	    0.00	    0.00	    0.00	    0.00	    0.00	 3746.10	 2496.91	    0.09	    0.00	    0.00	    0.00	    0.00	    0.00	    0.00	  203.28	    0.15	    2.78	  470.60
2	11	 1600.00	  400.12	  500.03	 1601.49	  403.27	  500.28	  775.45	 1200.00	 1399.68	  657.26	    0.85	    0.00	    0.00	    0.16	   49.16	  543.74	  185.26	  199.53	   21.07	    0.18	    0.00	    0.00	    0.00	    0.00
3	2	    0.00	    0.00	    0.00	 2501.51	  718.57	  559.20	  736.83	 1159.86	 2030.27	 2349.35	 1000.29	    0.00	    0.00	  499.82	  664.42	  652.97	  684.92	  165.31	  321.05	    0.17	    0.00	    0.06	    0.05	    0.00
3	4	 3197.73	  175.25	 1329.56	 6697.41	    0.00	    0.00	    0.00	    0.00	    0.00	    0.12	  904.35	 3145.24	 1896.43	  200.09	    0.08	    0.00	    0.01	    0.00	    0.02	    0.00	    3.33	    0.05	  199.83	  270.64
3	10	  801.52	  300.12	  400.16	 2401.08	  699.84	  599.78	    0.44	    4.72	    0.85	    0.17	    0.00	    0.86	    0.48	    0.07	    0.06	    0.29	    0.04	    0.09	    0.02	    0.02	    0.02	    0.05	    0.05	    0.02
4	3	    0.00	    0.04	    0.00	    0.00	 1918.41	 1558.98	 1137.27	 1864.58	 2731.12	 3547.69	    0.00	    0.00	    0.00	    0.00	 1163.19	 1453.26	 1184.42	  265.40	  520.54	  300.20	    0.03	  399.35	    0.00	    0.00
4	5	    0.00	    0.00	  525.15	 2143.33	 1268.80	    0.00	    0.02	    0.03	  569.55	 1307.85	  403.90	 1449.26	  573.21	  100.02	  284.03	    0.04	    0.04	    0.00	    0.09	    0.01	    0.01	    0.00	   99.76	   70.76
4	8	 2997.73	  899.80	  704.41	 4054.08	 2912.80	 1399.84	    0.03	    0.10	    0.00	    0.00	    0.45	 1495.98	 1123.22	    0.08	    0.00	    0.06	    0.00	    0.01	    0.00	    0.03	    0.00	    0.00	    0.06	  199.88
5	1	    0.00	    0.00	    0.00	    0.02	   84.70	  941.08	  838.62	 1440.14	  169.40	  507.91	    0.02	    0.00	    0.00	    0.01	   84.68	  990.77	  200.34	  134.22	  100.01	  399.98	    0.00	  100.00	    0.00	    0.00
5	4	    0.00	  824.60	    0.00	    0.00	    0.00	 3158.83	 1035.87	 1812.96	    0.00	    0.00	    0.00	    0.00	    0.00	    0.00	    0.00	 1460.68	    0.56	  203.79	    0.03	  306.45	    0.04	    0.00	    0.00	    0.00
5	7	 2200.75	 1499.97	  395.40	 1743.35	  984.10	 3500.10	    0.00	    0.00	    0.15	    0.07	    3.92	 1625.56	  536.31	    0.03	    0.00	    0.00	    0.00	    0.00	    0.00	    0.00	    0.00	    0.00	    0.00	    0.00
6	7	    0.00	    0.00	    0.00	    0.00	    0.00	    0.00	 4181.50	    0.00	    0.00	    0.00	    0.00	    0.00	    0.00	  399.75	  600.25	  391.39	  133.16	  999.34	  999.28	 2599.07	  499.91	  799.79	  299.93	  199.97
6	17	  429.82	  335.80	    9.01	  434.40	  121.56	  983.75	 7918.50	 4514.56	  830.38	    0.63	    0.13	  219.09	    0.03	    0.00	    0.00	    0.00	    0.03	    0.00	    0.00	    0.00	    0.00	    0.00	    0.00	    0.00
7	5	    0.00	    0.00	    0.00	    0.00	    0.00	    0.00	 2274.48	 4053.06	    0.00	    0.13	    0.00	    0.00	    0.00	    0.00	    0.65	 3351.41	  700.85	  438.01	  299.95	 1006.41	  100.03	  299.97	    0.00	    0.01
7	6	  929.82	  535.80	  109.01	  834.40	  321.56	 1383.75	    0.00	 5514.56	 1430.33	    3.23	    1.04	  919.02	   60.29	    0.00	    0.00	    0.00	    0.11	    0.00	    0.00	    0.00	    0.00	    0.00	    0.00	    0.00
7	8	    0.00	    0.00	    0.00	    0.00	    0.00	    0.00	  907.03	 3746.87	    0.00	    0.00	    0.00	    0.00	    0.00	    0.00	    0.00	 1273.58	    0.11	  261.69	    0.00	  693.75	    0.04	    0.09	    0.00	    0.00
7	15	  471.00	  564.21	  175.15	  691.78	  432.35	 1316.44	    0.00	 3385.51	  873.52	    0.00	    0.06	  475.39	    0.43	    0.00	    0.00	    0.00	    0.00	    0.00	    0.00	    0.00	    0.00	    0.00	    0.00	    0.00
8	4	    0.00	    0.00	    0.00	    0.00	    0.00	    0.00	  301.44	  551.76	 4100.68	 5855.43	    0.00	    0.00	    0.00	    0.00	 1647.14	  492.68	 1383.89	   61.62	  620.58	   93.79	   96.67	  599.30	    0.00	    0.00
8	7	    0.08	    0.04	   88.76	  482.83	  269.81	    0.09	    0.00	    0.00	 3103.70	 1603.02	  797.18	  368.85	  124.41	    0.00	    0.00	    0.00	    0.23	    0.00	    0.00	    0.00	    0.00	    0.00	    0.00	    0.00
8	9	 2497.65	  699.75	  515.65	 2871.25	 1842.98	  999.75	    5.66	 2395.21	 8995.63	    0.00	    0.00	  527.18	  398.87	    0.00	    0.00	    0.81	    0.00	    0.15	    0.00	    0.32	    0.00	    0.00	    0.00	    0.00
9	8	    0.00	    0.00	    0.00	    0.00	    0.00	    0.00	    0.05	    0.00	    0.00	10258.45	 2196.73	    0.05	    0.05	  599.93	 2647.14	  619.85	 2284.00	    0.08	 1020.58	    0.33	  396.63	 1299.22	  499.94	    0.12
9	10	    0.00	    0.00	    0.00	    0.00	    0.00	    0.00	  499.49	  795.31	 1723.00	 8384.58	    0.00	    0.00	    0.00	    0.00	 1301.18	 1556.59	 1914.76	  199.90	  430.14	  429.96	    2.07	  488.14	    0.00	    0.00
9	14	  798.53	   99.79	   99.82	 1097.48	  596.86	  199.78	    0.00	    0.00	 3076.51	14616.27	 1893.65	  647.43	    4.63	    0.00	    0.00	    0.00	    0.81	    0.00	    0.00	    0.00	    0.00	    0.00	    0.00	    0.00
9	15	    0.00	    0.00	   15.85	   73.86	   46.16	    0.00	    0.00	    0.00	  496.28	 8039.94	 2169.18	  204.13	    0.11	    0.00	    0.00	    0.00	    0.00	    0.00	    0.00	    0.00	    0.00	    0.00	    0.00	    0.00
9	16	  399.11	    0.02	   99.98	  499.91	  199.96	    0.04	    0.08	    0.12	  899.83	 3900.77	  999.79	  599.89	  499.91	    0.06	    0.13	    0.12	    0.00	    0.05	    0.07	    0.14	    0.05	    0.14	    0.05	    0.03
10	3	    0.00	    0.00	    0.00	    0.00	    0.00	    0.00	    0.00	    0.00	    0.00	    1.94	 3404.64	    0.00	    0.00	 1199.89	    1.37	    0.00	    0.56	    0.00	    0.55	    0.00	    0.04	    0.65	  697.15	    0.06
10	9	    0.00	    0.00	    0.00	    0.00	    0.00	    0.00	    0.00	    0.00	    0.00	    0.00	11159.34	 2924.33	 2005.84	 1123.84	    0.00	    0.00	    0.00	    0.00	    0.00	    0.00	    0.00	    0.00	  334.49	   57.69
10	11	    0.00	    0.00	    0.00	    0.00	    0.00	    0.00	    0.00	    0.00	    0.11	 3242.79	 2400.23	    0.00	    0.00	  717.45	  653.32	  156.89	  914.57	    0.02	  279.97	    0.00	    0.00	    0.00	    0.00	    0.00
10	13	  301.63	  100.16	  100.21	 1001.16	  199.87	  199.85	    0.00	    0.03	  323.74	 1140.01	 5335.78	 1052.80	   22.11	    0.00	    0.00	    0.00	    0.05	    0.00	    0.00	    0.00	    0.00	    0.00	    0.00	    0.00
11	2	    0.00	    0.00	    0.00	    0.00	    0.00	    0.00	    0.00	    0.00	    0.00	    0.00	    0.59	 4622.39	 3560.01	    0.44	    0.05	    0.00	    0.00	    0.00	    0.00	    0.03	  303.29	  500.12	  402.96	  599.83
11	10	    0.11	    0.04	    0.06	    0.08	    0.03	    0.07	    0.00	    0.00	    0.00	    0.00	    0.00	 5376.27	 3027.47	    0.00	    0.00	    0.00	    0.00	    0.00	    0.00	    0.00	    0.04	    0.00	    0.00	    0.38
11	12	 1399.89	  300.08	  299.98	 1001.40	  203.24	  300.21	   75.52	  600.00	  799.78	 1900.05	 1000.50	 3901.34	    0.00	   17.43	    2.42	    0.91	  499.83	    0.06	    1.04	    0.04	    0.00	    0.00	    0.00	    0.00
12	11	    0.00	    0.00	    0.00	    0.00	    0.00	    0.00	    0.07	    0.00	    0.00	    0.00	    0.00	    0.00	 7887.48	    0.25	    0.00	    0.29	    0.00	    0.52	    0.00	  499.89	  603.32	 1200.12	 1102.96	 1100.21
12	23	  899.89	    0.08	  199.98	  401.40	    3.24	  100.21	    0.00	    0.00	  199.78	    0.05	    0.50	 2601.34	 6712.52	    0.00	    0.00	    0.00	    0.00	    0.00	    0.00	    0.00	    0.00	    0.00	    0.00	    0.00
13	10	    0.00	    0.00	    0.00	    0.00	    0.00	    0.00	    0.06	    0.00	    0.00	    0.00	    0.00	    0.00	    0.00	 4641.12	  753.45	    0.00	    0.38	    0.03	  250.36	  170.02	  397.91	  612.46	 2331.59	  657.35
13	14	    1.49	    0.15	    0.19	    1.52	    0.06	    0.06	    0.00	    0.00	    0.00	    0.00	 1044.30	  352.56	  109.27	 6245.58	    0.00	    0.00	    0.00	    0.00	    0.00	    0.00	    0.00	    0.00	 1140.74	  140.26
13	22	    0.15	    0.01	    0.03	  499.66	   99.81	   99.79	    0.00	    0.00	  191.04	  773.75	 2691.55	    0.27	    0.00	 3213.30	  457.16	    0.00	  228.70	    0.00	  143.08	    0.00	    0.00	    0.00	    0.00	    0.00
14	9	    0.00	    0.00	    0.00	    0.00	    0.00	    0.00	    0.00	    0.00	    0.00	    0.00	    0.00	    0.00	    0.00	 1576.15	 7948.44	    0.30	    0.79	    0.05	 3250.59	 1726.38	 1598.75	 4387.50	 1965.50	  742.45
14	13	    0.00	    0.00	    0.00	    0.00	    0.00	    0.00	  199.46	  398.92	  467.30	 1733.74	    0.07	    0.00	    0.00	    0.00	 2510.61	  698.51	  929.04	   99.73	  693.43	  668.57	    0.65	  679.52	    0.00	    0.00
14	18	  300.03	    0.06	    0.01	  200.07	  100.03	    0.08	    0.02	    0.03	  400.15	 3256.39	  829.75	  300.06	  281.78	 2895.84	 5900.40	    0.06	    0.42	    0.01	    0.00	    0.05	  558.23	 2899.91	  899.98	  261.14
14	21	    0.00	    0.00	    0.00	  398.94	  296.89	    0.00	    0.00	    0.00	 1309.07	 5626.14	  708.13	    0.00	    0.00	  473.60	 5040.54	    0.23	 2471.12	    0.00	 2080.71	    0.00	    0.00	    0.00	    0.00	    0.00
15	7	    0.00	    0.00	    0.00	    0.00	    0.00	    0.00	    0.00	    0.00	    0.00	    0.27	    0.00	    0.00	    0.00	    0.23	    0.41	 6433.59	 1967.69	    0.36	    0.67	    1.09	    0.15	    0.27	    0.07	    0.05
15	9	    0.00	    0.05	    0.00	    0.00	    0.00	    0.07	 2393.36	    0.21	    0.00	    0.00	    0.00	    0.00	    0.00	    0.00	    0.00	 6573.99	    0.57	  899.60	    0.20	 1203.53	    0.00	    0.00	    0.00	    0.00
15	16	    0.88	  199.98	    0.01	    0.06	    0.03	  499.99	 1000.74	 1400.23	    0.12	    0.51	    0.09	    0.05	    0.00	    0.00	    0.00	 5962.34	    0.00	  600.29	    0.00	 1548.33	  347.47	    0.00	    0.00	  126.50
15	17	    0.02	    0.00	    0.00	    0.02	    0.00	    0.03	    0.00	    0.15	    0.16	 3641.02	  769.55	    0.13	    0.00	    0.03	    0.15	 7130.08	 3742.94	    0.00	    0.15	    0.00	    0.00	    0.00	    0.00	    0.00
16	9	    0.00	    0.00	    0.00	    0.00	    0.00	    0.00	    0.61	    0.00	    0.00	    0.00	    0.00	    0.00	    0.00	    0.00	    0.00	    1.47	 8098.21	    0.23	    0.00	    0.21	    0.00	    0.00	    0.00	    0.00
16	15	    0.00	    0.00	    0.00	    0.00	    0.00	    0.00	    0.00	    0.00	    0.00	    1.49	    0.28	    0.00	    0.00	  691.33	 1186.64	    0.00	 8511.09	    0.00	 1286.01	    0.00	    0.05	    0.11	    0.04	    0.03
16	18	    0.03	    0.02	    0.00	    0.02	    0.01	    0.04	    0.21	    0.35	    0.04	    0.16	    0.00	    0.00	    0.00	    0.00	    0.00	 3160.99	 6790.70	    0.12	    0.00	    0.00	    0.00	    0.00	    0.00	    0.00
17	6	    0.00	    0.00	    0.00	    0.00	    0.00	    0.00	    0.00	    0.00	    0.05	 1897.40	  499.09	    0.07	  339.74	  599.75	 1100.25	 1791.39	 1133.07	 1199.34	 1399.28	 3099.07	  699.91	 1299.79	  499.93	  299.97
17	15	   29.89	   35.83	    9.01	   34.43	   21.52	   83.65	 4794.10	  215.09	   30.47	    0.37	    0.12	   20.66	  599.46	    8.92	   13.91	    0.00	    0.12	 2000.25	   15.02	 4352.95	  947.57	 1200.17	  500.03	  426.52
17	19	  299.95	  299.97	    0.00	  299.98	  100.04	  800.12	 2924.40	 3999.63	  600.01	 1044.08	  170.54	    0.11	    0.00	    0.00	    0.00	 4838.69	 2009.92	 1600.41	    0.00	    0.00	    0.00	    0.00	    0.00	    0.00
18	14	    0.00	    0.12	    0.00	    0.00	    0.00	    0.23	  699.42	  998.87	    0.00	    0.00	    0.00	    0.00	    0.00	    0.00	    0.00	 1898.94	 4900.54	  299.77	 6824.73	 3494.54	    0.16	    0.39	    0.16	    0.07
18	16	    0.04	    0.02	    0.01	    0.05	    0.02	    0.00	    0.00	    0.00	    0.09	    0.37	    0.40	    0.06	    0.09	 1391.28	 2686.52	    0.00	    0.00	    0.00	 2985.93	  151.73	  252.53	 1699.96	  599.99	  173.50
18	19	    0.02	    0.00	    0.00	    0.04	    0.02	    0.02	    0.00	    0.00	    0.10	 1456.18	  429.35	    0.00	    0.00	 1204.57	 2413.89	    0.00	  190.58	    0.00	 2989.33	    0.00	    0.00	    0.00	    0.00	    0.00
19	17	    0.00	    0.00	    0.00	    0.00	    0.00	    0.00	    0.00	    0.00	    0.00	    0.21	    0.08	    1.62	 1039.17	  708.64	 1314.01	    0.00	    0.14	    0.00	 1714.15	 7852.03	 1747.48	 2799.95	 1099.96	  726.48
19	18	    0.00	  100.06	    0.00	    0.00	    0.00	  200.15	 1099.19	 1698.49	    0.00	    0.00	    0.00	    0.00	   18.32	    0.01	    0.00	   37.89	    0.00	  599.64	    0.00	 4846.22	   94.46	    0.44	    0.17	   12.44
19	20	    0.00	    0.00	    0.00	    0.04	    0.05	  100.04	  625.04	  600.71	    0.05	    0.05	    0.02	    0.01	    0.02	    0.02	    0.03	 1500.49	  500.32	  200.71	   75.29	 2701.58	    0.00	    0.07	    0.03	    0.02
19	21	    0.00	   99.91	    0.00	    0.02	    0.01	  199.96	  700.18	  800.43	    0.06	    0.22	    0.05	    0.00	    0.00	    0.00	    0.17	 1700.31	    0.11	  400.07	    0.08	 3100.18	    0.18	    0.00	    0.00	    0.00
20	19	    0.00	    0.00	    0.00	    0.00	    0.00	    0.00	    0.00	    0.00	    0.00	    0.11	    0.03	  401.44	 1657.23	    0.08	    0.17	    0.00	    0.07	    0.00	    0.18	    0.00	 3042.12	    0.24	    2.49	 1138.48
20	21	  262.89	    0.07	   65.72	    0.26	    0.00	    0.03	    0.06	    0.08	    0.00	    0.00	    0.00	  460.06	 1465.47	    0.00	    0.00	    0.16	    0.00	    0.03	    0.00	    0.41	 4759.44	    0.00	    0.00	 1603.05
20	23	    0.00	    0.00	    0.00	    0.00	    0.00	    0.05	  424.97	  200.63	    0.12	  496.09	    0.00	    0.00	    0.00	    0.00	  681.88	  900.41	  211.86	  100.67	  252.34	 1501.17	 3198.44	 2338.21	    0.00	    0.00
21	14	    0.00	    0.00	    0.00	    0.00	    0.00	    0.00	    0.06	    0.08	    0.00	    0.00	    0.00	    0.07	  867.87	    0.00	    0.00	    0.16	    0.00	    0.03	    0.00	    0.46	 2957.48	10566.55	 2724.58	 1263.26
21	19	    0.04	    0.00	    0.00	    0.04	    0.00	    0.00	    0.00	    0.00	    0.00	    0.11	    0.22	    0.08	    0.27	    4.01	    0.15	    0.00	    0.00	    0.00	    0.00	    0.00	    0.00	 5200.22	 1797.67	    0.46
21	20	    0.01	    0.00	    0.00	    0.03	   96.95	    0.00	    0.00	    0.00	  300.07	 1696.15	    2.38	    0.04	    0.08	    0.60	 1482.02	    0.08	  311.61	    0.00	  577.23	    0.00	    0.00	 4138.38	    0.74	    0.06
21	22	    0.00	    0.00	    0.00	    0.00	    0.00	    0.01	  200.18	  300.42	  309.06	 1330.10	    0.00	    0.00	    0.00	    0.00	  958.54	  500.46	  459.61	  100.07	  303.55	  700.13	    2.14	 4494.85	    0.00	    0.00
22	13	    0.01	    0.00	    0.00	    0.02	    0.00	    0.00	    0.60	    1.05	    0.00	    0.00	    0.00	    0.03	  687.17	    0.00	    0.00	    1.49	    0.00	    0.29	    0.01	    1.45	  797.26	 1132.94	 4572.33	 1197.61
22	21	  137.16	    0.02	   34.28	    0.85	    0.05	    0.03	    0.00	    0.00	    0.00	    0.00	  394.42	  240.12	  702.75	  731.01	    0.00	    0.00	    0.00	    0.00	    0.00	    0.00	    0.00	    0.00	 6622.99	  760.73
22	23	    0.01	    0.00	    0.00	    0.03	    0.00	    0.01	    0.03	    0.06	    0.10	  303.86	  997.19	    0.00	    0.00	 1382.28	  415.70	    0.11	   88.32	    0.00	  146.62	    0.26	    0.06	 1262.67	 3304.68	    0.00
23	12	    0.00	    0.00	    0.00	    0.00	    0.00	    0.00	  324.55	    0.00	    0.00	    0.00	    0.00	    0.00	    0.00	  582.82	  697.58	  599.38	    0.17	  100.45	  298.96	 1099.85	 1203.32	 2500.12	 1902.96	 1800.21
23	20	  362.88	    0.06	   65.72	  200.19	    3.00	    0.03	    0.00	    0.00	    0.00	    0.00	  397.63	 1161.45	 3722.60	  399.46	    0.00	    0.00	    0.00	    0.00	    0.00	    0.00	    0.00	    0.00	  701.72	 3241.45
23	22	  437.03	    0.01	  134.26	    1.24	    0.24	    0.24	    0.45	    0.68	    0.00	    0.00	    0.05	  939.89	 2189.92	    0.00	    0.00	    1.14	    0.00	    0.23	    0.00	    1.57	 1495.17	    0.76	    0.00	 2658.34
