i	j	o12d6n1l63
0	1	 4549.95
0	2	 8135.62
1	0	 4536.27
1	5	 6007.70
2	0	 8149.30
2	3	14235.03
2	11	10128.86
3	2	14133.90
3	4	18232.85
3	10	 5209.09
4	3	18133.29
4	5	 8800.77
4	8	15886.84
5	1	 5994.02
5	4	 8799.07
5	7	12550.35
6	7	12124.14
6	17	15612.86
7	5	12534.97
7	6	12123.93
7	8	 6900.22
7	15	 8408.31
8	4	15788.99
8	7	 6881.41
8	9	21806.54
9	8	21789.88
9	10	17704.35
9	14	23184.71
9	15	11072.76
9	16	 8100.47
10	3	 5307.52
10	9	17583.14
10	11	 8375.19
10	13	 9809.03
11	2	10243.67
11	10	 8462.19
11	12	12409.66
12	11	12711.47
12	23	10903.53
13	10	 9799.25
13	14	 9009.18
13	22	 8402.30
14	9	23177.06
14	13	 9079.00
14	18	19108.59
14	21	18375.00
15	7	 8411.54
15	9	11085.14
15	16	11719.30
15	17	15181.17
16	9	 8100.29
16	15	11703.72
16	18	 9947.64
17	6	15613.06
17	15	15212.35
17	19	18861.62
18	14	19152.29
18	16	 9931.89
18	19	 8712.57
19	17	18793.00
19	18	 8740.53
19	20	 6227.32
19	21	 7003.30
20	19	 6086.23
20	21	 8605.90
20	23	10319.98
21	14	18293.46
21	19	 7003.72
21	20	 8599.80
21	22	 9673.24
22	13	 8322.70
22	21	 9586.02
22	23	 7880.90
23	12	11105.34
23	20	10184.99
23	22	 7714.08
