i	j	       0	       1	       2	       3	       4	       5	       6	       7	       8	       9	      10	      11	      12	      13	      14	      15	      16	      17	      18	      19	      20	      21	      22	      23
0	1	 2600.45	    0.00	  270.25	  200.02	   15.35	    0.00	    0.01	    0.02	   30.69	   92.07	  200.02	  478.49	  462.42	  100.01	   15.36	    0.02	    0.02	    0.00	    0.01	    0.00	    0.01	    0.14	    0.21	   29.57
0	2	 6199.55	 1175.13	    0.00	    0.00	    0.00	  242.44	  137.75	  238.91	    0.00	    0.00	    0.00	    0.00	    0.00	    0.00	    0.00	   91.00	    0.00	   33.94	    0.00	    0.02	    0.00	    0.00	    0.00	    0.00
1	0	    0.00	 1275.13	    0.00	    0.00	    0.00	  542.44	  637.73	 1038.88	    0.00	    0.00	    0.00	    0.00	    0.00	    0.00	    0.00	  590.97	    0.56	  133.94	    0.03	  300.01	    0.00	    0.02	    0.00	    0.00
1	5	 2500.45	 2724.87	  170.25	    0.04	    0.00	    0.00	    0.00	    0.00	    0.00	    0.00	    0.04	  378.49	  162.42	    0.01	    0.00	    0.00	    0.00	    0.00	    0.00	    0.00	    0.01	    0.03	    0.21	   29.57
2	0	    0.00	    0.00	  370.25	  700.02	  215.35	    0.00	    0.03	    0.05	  530.69	 1392.07	  700.02	  678.49	  962.42	  400.01	  515.36	    0.04	  399.45	    0.00	  299.99	    0.02	  100.01	  400.13	  300.21	  129.57
2	3	 4499.49	  675.03	 1929.70	    0.00	    0.00	    0.00	    0.00	    0.00	    0.00	    0.00	    0.00	 3750.50	 2490.96	    0.09	    0.00	    0.00	    0.00	    0.00	    0.00	    0.00	  202.03	    0.27	    3.23	  470.11
2	11	 1600.06	  400.10	  500.06	 1601.88	  403.17	  500.39	  772.02	 1200.00	 1399.49	  659.93	    1.17	    0.00	    0.00	    0.29	   49.45	  541.66	  186.15	  199.38	   21.19	    0.15	    0.00	    0.00	    0.00	    0.00
3	2	    0.00	    0.00	    0.00	 2501.90	  718.52	  557.95	  734.30	 1161.14	 2030.18	 2352.01	 1000.44	    0.00	    0.00	  499.86	  664.76	  650.70	  685.60	  165.44	  321.18	    0.15	    0.02	    0.09	    0.06	    0.01
3	4	 3198.59	  175.10	 1329.61	 6697.47	    0.00	    0.00	    0.00	    0.00	    0.00	    0.08	  906.34	 3149.54	 1890.35	  200.11	    0.10	    0.00	    0.03	    0.00	    0.03	    0.00	    2.08	    0.10	  199.86	  270.16
3	10	  800.90	  299.98	  400.08	 2400.63	  699.77	  599.66	    0.15	    5.65	    0.45	    0.17	    0.00	    0.96	    0.61	    0.07	    0.06	    0.12	    0.04	    0.02	    0.02	    0.03	    0.02	    0.05	    0.06	    0.03
4	3	    0.00	    0.05	    0.00	    0.00	 1918.28	 1557.61	 1134.46	 1866.79	 2730.64	 3551.01	    0.00	    0.00	    0.00	    0.00	 1163.08	 1450.82	 1184.98	  265.46	  520.45	  300.17	    0.03	  399.24	    0.00	    0.00
4	5	    0.00	    0.00	  524.10	 2132.30	 1262.29	    0.00	    0.02	    0.03	  569.46	 1307.95	  405.96	 1461.79	  576.76	  100.02	  284.23	    0.04	    0.04	    0.00	    0.02	    0.01	    0.01	    0.00	   99.79	   70.41
4	8	 2998.59	  899.79	  705.51	 4065.17	 2919.43	 1399.66	    0.03	    0.10	    0.00	    0.00	    0.38	 1487.75	 1113.59	    0.09	    0.00	    0.06	    0.00	    0.01	    0.00	    0.03	    0.01	    0.00	    0.07	  199.74
5	1	    0.00	    0.00	    0.00	    0.02	   84.65	  942.44	  837.72	 1438.86	  169.31	  507.93	    0.02	    0.00	    0.00	    0.01	   84.64	  990.96	  200.55	  133.94	  100.01	  400.00	    0.00	   99.90	    0.00	    0.00
5	4	    0.00	  824.74	    0.00	    0.00	    0.00	 3157.27	 1033.60	 1814.46	    0.00	    0.00	    0.00	    0.00	    0.00	    0.00	    0.00	 1466.82	    0.10	  204.05	    0.03	  303.48	    0.06	    0.00	    0.00	    0.00
5	7	 2200.45	 1500.13	  394.35	 1732.32	  977.63	 3500.29	    0.00	    0.00	    0.15	    0.15	    5.98	 1640.28	  539.18	    0.03	    0.00	    0.00	    0.00	    0.00	    0.00	    0.00	    0.00	    0.00	    0.00	    0.00
6	7	    0.00	    0.00	    0.00	    0.00	    0.00	    0.00	 4175.37	    0.00	    0.00	    0.00	    0.00	    0.00	    0.00	  399.86	  600.16	  393.79	  136.32	  999.58	  999.62	 2600.03	  500.16	  799.89	  299.97	  199.99
6	17	  429.23	  335.21	    9.08	  435.12	  122.04	  982.16	 7924.63	 4509.85	  829.20	    0.82	    0.15	  219.93	    0.10	    0.00	    0.00	    0.00	    0.03	    0.00	    0.00	    0.00	    0.00	    0.00	    0.00	    0.00
7	5	    0.00	    0.00	    0.00	    0.00	    0.00	    0.00	 2271.30	 4053.29	    0.00	    0.13	    0.00	    0.00	    0.00	    0.00	    0.40	 3357.74	  700.61	  437.98	  300.02	 1003.47	  100.04	  299.87	    0.00	    0.01
7	6	  929.23	  535.21	  109.08	  835.12	  322.04	 1382.16	    0.00	 5509.85	 1429.14	    3.35	    0.81	  919.86	   63.60	    0.00	    0.00	    0.00	    0.11	    0.00	    0.00	    0.00	    0.00	    0.00	    0.00	    0.00
7	8	    0.00	    0.00	    0.00	    0.00	    0.00	    0.00	  904.07	 3746.64	    0.00	    0.00	    0.00	    0.00	    0.00	    0.00	    0.00	 1273.33	    0.00	  261.74	    0.00	  696.92	    0.17	    0.10	    0.00	    0.00
7	15	  471.30	  564.96	  173.44	  682.96	  426.85	 1318.23	    0.00	 3390.23	  874.30	    0.00	    0.06	  486.53	    0.17	    0.00	    0.00	    0.00	    0.00	    0.00	    0.00	    0.00	    0.00	    0.00	    0.00	    0.00
8	4	    0.00	    0.00	    0.00	    0.00	    0.00	    0.00	  300.90	  552.47	 4100.10	 5858.88	    0.00	    0.00	    0.00	    0.00	 1647.21	  484.10	 1384.89	   61.43	  620.42	   96.73	   97.91	  599.14	    0.00	    0.00
8	7	    0.08	    0.04	   88.16	  485.75	  271.25	    0.09	    0.00	    0.00	 3103.29	 1603.05	  794.89	  366.11	  124.59	    0.00	    0.00	    0.00	    0.23	    0.00	    0.00	    0.00	    0.00	    0.00	    0.00	    0.00
8	9	 2498.51	  699.75	  517.34	 2879.42	 1848.18	  999.57	    3.26	 2394.28	 8996.61	    0.00	    0.00	  521.69	  389.05	    0.00	    0.00	    0.25	    0.00	    0.34	    0.00	    0.37	    0.00	    0.00	    0.00	    0.00
9	8	    0.00	    0.00	    0.00	    0.00	    0.00	    0.00	    0.06	    0.00	    0.00	10261.93	 2194.51	    0.06	    0.06	  599.92	 2647.21	  610.95	 2285.12	    0.02	 1020.42	    0.15	  397.73	 1299.04	  499.93	    0.26
9	10	    0.00	    0.00	    0.00	    0.00	    0.00	    0.00	  499.73	  794.38	 1722.25	 8427.54	    0.00	    0.00	    0.00	    0.00	 1277.02	 1557.20	 1914.13	  199.93	  422.60	  428.16	    2.21	  481.23	    0.00	    0.00
9	14	  799.06	   99.79	   99.89	 1097.61	  597.01	  199.60	    0.00	    0.00	 3077.78	14575.49	 1920.79	  658.45	    4.95	    0.00	    0.00	    0.00	    0.81	    0.00	    0.00	    0.00	    0.00	    0.00	    0.00	    0.00
9	15	    0.00	    0.00	   17.49	   81.98	   51.24	    0.00	    0.00	    0.00	  496.75	 8034.23	 2171.60	  191.77	    0.12	    0.00	    0.00	    0.00	    0.00	    0.00	    0.00	    0.00	    0.00	    0.00	    0.00	    0.00
9	16	  399.45	    0.02	   99.97	  499.83	  199.93	    0.04	    0.09	    0.12	  899.82	 3900.80	  999.81	  599.80	  499.83	    0.11	    0.13	    0.12	    0.00	    0.05	    0.07	    0.15	    0.05	    0.15	    0.05	    0.03
10	3	    0.00	    0.00	    0.00	    0.00	    0.00	    0.00	    0.00	    0.00	    0.00	    1.25	 3406.78	    0.00	    0.00	 1199.95	    1.84	    0.00	    0.70	    0.00	    0.77	    0.00	    0.06	    0.73	  696.75	    0.09
10	9	    0.00	    0.00	    0.00	    0.00	    0.00	    0.00	    0.00	    0.00	    0.00	    0.00	11186.70	 2928.37	 2015.90	 1131.86	    0.00	    0.00	    0.00	    0.00	    0.00	    0.00	    0.00	    0.00	  295.29	   45.82
10	11	    0.00	    0.00	    0.00	    0.00	    0.00	    0.00	    0.00	    0.00	    0.16	 3240.07	 2400.47	    0.00	    0.00	  715.12	  656.86	  157.52	  913.82	    0.02	  281.49	    0.00	    0.00	    0.00	    0.00	    0.00
10	13	  301.02	  100.03	  100.14	 1000.71	  199.79	  199.73	    0.00	    0.03	  322.55	 1186.40	 5306.04	 1041.51	   19.84	    0.00	    0.00	    0.00	    0.05	    0.00	    0.00	    0.00	    0.00	    0.00	    0.00	    0.00
11	2	    0.00	    0.00	    0.00	    0.00	    0.00	    0.00	    0.00	    0.00	    0.00	    0.00	    0.75	 4628.99	 3553.38	    0.52	    0.06	    0.00	    0.00	    0.00	    0.00	    0.00	  302.02	  500.30	  403.38	  599.67
11	10	    0.12	    0.04	    0.06	    0.08	    0.03	    0.07	    0.00	    0.00	    0.00	    0.00	    0.00	 5368.92	 3035.13	    0.00	    0.00	    0.00	    0.00	    0.00	    0.00	    0.00	    0.04	    0.00	    0.00	    0.40
11	12	 1399.95	  300.05	  300.00	 1001.80	  203.14	  300.31	   72.09	  600.00	  799.66	 1900.00	 1000.89	 3902.09	    0.00	   15.17	    6.25	    0.77	  499.97	    0.03	    2.68	    0.00	    0.00	    0.00	    0.00	    0.00
12	11	    0.00	    0.00	    0.00	    0.00	    0.00	    0.00	    0.07	    0.00	    0.00	    0.00	    0.00	    0.00	 7888.51	    0.28	    0.00	    1.59	    0.00	    0.63	    0.00	  499.85	  602.06	 1200.30	 1103.38	 1100.07
12	23	  899.95	    0.05	  200.00	  401.80	    3.14	  100.31	    0.00	    0.00	  199.66	    0.00	    0.89	 2602.09	 6711.49	    0.00	    0.00	    0.00	    0.01	    0.00	    0.00	    0.00	    0.00	    0.00	    0.00	    0.00
13	10	    0.00	    0.00	    0.00	    0.00	    0.00	    0.00	    0.12	    0.00	    0.00	    0.00	    0.00	    0.00	    0.00	 4646.86	  781.61	    0.20	    0.39	    0.08	  259.64	  171.82	  397.79	  619.46	 2291.98	  645.48
13	14	    0.97	    0.05	    0.14	    1.09	    0.07	    0.04	    0.00	    0.00	    0.00	    0.00	 1020.53	  341.63	  105.76	 6212.97	    0.00	    0.00	    0.00	    0.00	    0.00	    0.00	    0.00	    0.00	 1209.40	  143.00
13	22	    0.13	    0.00	    0.03	  499.64	   99.73	   99.69	    0.00	    0.00	  192.69	  799.23	 2685.58	    0.20	    0.00	 3240.17	  444.21	    0.00	  198.14	    0.00	  138.98	    0.00	    0.00	    0.00	    0.00	    0.00
14	9	    0.00	    0.00	    0.00	    0.00	    0.00	    0.00	    0.00	    0.00	    0.00	    0.00	    0.00	    0.00	    0.00	 1568.17	 7924.36	    0.31	    0.84	    0.06	 3242.89	 1719.94	 1599.99	 4380.41	 2004.69	  754.47
14	13	    0.00	    0.00	    0.00	    0.00	    0.00	    0.00	  199.59	  399.24	  470.14	 1712.83	    0.07	    0.00	    0.00	    0.00	 2525.82	  699.51	  898.48	   99.80	  698.61	  670.50	    0.62	  704.72	    0.00	    0.00
14	18	  300.03	    0.07	    0.02	  200.14	  100.03	    0.10	    0.02	    0.03	  400.15	 3261.96	  827.59	  300.15	  281.09	 2896.80	 5900.16	    0.06	    0.42	    0.01	    0.00	    0.05	  556.22	 2899.91	  899.98	  260.25
14	21	    0.00	    0.00	    0.00	  398.56	  297.04	    0.00	    0.00	    0.00	 1307.48	 5600.71	  713.67	    0.00	    0.00	  448.00	 5049.66	    0.24	 2495.83	    0.00	 2092.03	    0.00	    0.00	    0.00	    0.00	    0.00
15	7	    0.00	    0.00	    0.00	    0.00	    0.00	    0.00	    0.00	    0.00	    0.00	    0.28	    0.00	    0.00	    0.00	    0.11	    0.24	 6437.28	 1964.17	    0.14	    0.40	    0.36	    0.05	    0.09	    0.03	    0.02
15	9	    0.00	    0.06	    0.00	    0.00	    0.00	    0.07	 2396.40	    0.22	    0.00	    0.00	    0.00	    0.00	    0.00	    0.00	    0.00	 6566.45	    0.59	  899.51	    0.20	 1207.97	    0.00	    0.00	    0.00	    0.00
15	16	    0.54	  200.00	    0.01	    0.06	    0.06	  500.02	 1000.37	 1400.31	    0.12	    0.52	    0.09	    0.06	    0.00	    0.00	    0.00	 5976.09	    0.00	  600.17	    0.00	 1530.97	  352.90	    0.00	    0.00	  125.59
15	17	    0.05	    0.02	    0.00	    0.05	    0.01	    0.09	    0.00	    0.44	    0.22	 3635.37	  772.04	    0.15	    0.01	    0.03	    0.17	 7120.17	 3760.64	    0.00	    0.17	    0.00	    0.00	    0.00	    0.00	    0.00
16	9	    0.00	    0.00	    0.00	    0.00	    0.00	    0.00	    0.22	    0.00	    0.00	    0.00	    0.00	    0.00	    0.00	    0.00	    0.00	    1.26	 8098.64	    0.10	    0.00	    0.18	    0.00	    0.00	    0.00	    0.00
16	15	    0.00	    0.00	    0.00	    0.00	    0.00	    0.00	    0.00	    0.00	    0.00	    1.56	    0.35	    0.00	    0.00	  688.39	 1180.71	    0.00	 8525.28	    0.00	 1279.49	    0.00	    0.06	    0.11	    0.05	    0.03
16	18	    0.03	    0.03	    0.00	    0.02	    0.01	    0.07	    0.23	    0.43	    0.04	    0.17	    0.00	    0.00	    0.00	    0.00	    0.00	 3174.96	 6776.08	    0.13	    0.00	    0.00	    0.00	    0.00	    0.00	    0.00
17	6	    0.00	    0.00	    0.00	    0.00	    0.00	    0.00	    0.00	    0.00	    0.06	 1897.47	  499.33	    0.07	  336.50	  599.86	 1100.16	 1793.79	 1136.23	 1199.58	 1399.62	 3100.03	  700.16	 1299.89	  499.97	  299.99
17	15	   29.29	   35.11	    9.08	   35.18	   21.98	   81.96	 4796.76	  210.75	   29.29	    0.38	    0.12	   21.91	  599.73	   11.75	   19.69	    0.00	    0.12	 1999.81	   21.28	 4339.30	  952.90	 1199.98	  499.99	  425.58
17	19	  299.99	  300.12	    0.00	  299.99	  100.07	  800.29	 2927.86	 3999.54	  600.08	 1038.56	  172.75	    0.08	    0.09	    0.00	    0.00	 4826.38	 2024.46	 1600.60	    0.00	    0.00	    0.00	    0.00	    0.00	    0.00
18	14	    0.00	    0.23	    0.00	    0.00	    0.00	    0.46	  699.55	  999.19	    0.00	    0.00	    0.00	    0.00	    0.00	    0.00	    0.00	 1899.96	 4894.75	  299.83	 6833.53	 3490.03	    0.16	    0.40	    0.17	    0.07
18	16	    0.04	    0.02	    0.02	    0.12	    0.02	    0.00	    0.00	    0.00	    0.09	    0.40	    0.45	    0.15	    0.17	 1388.28	 2680.59	    0.00	    0.00	    0.00	 2979.42	  169.06	  247.10	 1699.96	  599.99	  174.42
18	19	    0.02	    0.00	    0.00	    0.04	    0.02	    0.03	    0.00	    0.00	    0.10	 1461.72	  427.13	    0.00	    0.00	 1208.53	 2419.58	    0.00	  181.75	    0.00	 2987.06	    0.00	    0.00	    0.00	    0.00	    0.00
19	17	    0.00	    0.00	    0.00	    0.00	    0.00	    0.00	    0.00	    0.00	    0.00	    0.22	    0.02	    1.97	 1036.20	  711.58	 1319.69	    0.00	    0.15	    0.00	 1720.73	 7839.33	 1753.06	 2799.87	 1099.96	  725.57
19	18	    0.00	  100.15	    0.00	    0.00	    0.00	  200.32	 1099.30	 1698.73	    0.00	    0.00	    0.00	    0.00	   19.08	    0.01	    0.00	   24.94	    0.00	  599.69	    0.00	 4859.05	   91.05	    0.45	    0.18	   14.24
19	20	    0.00	    0.00	    0.00	    0.01	    0.07	  100.01	  628.28	  600.55	    0.11	    0.05	    0.02	    0.01	    0.03	    0.02	    0.03	 1501.54	  506.04	  200.77	   66.42	 2700.70	    0.00	    0.08	    0.03	    0.02
19	21	    0.00	   99.97	    0.00	    0.02	    0.01	  199.98	  700.28	  800.26	    0.06	    0.22	    0.05	    0.00	    0.00	    0.00	    0.17	 1699.89	    0.10	  400.14	    0.08	 3100.92	    0.18	    0.00	    0.00	    0.00
20	19	    0.00	    0.00	    0.00	    0.00	    0.00	    0.00	    0.00	    0.00	    0.00	    0.11	    0.03	  401.88	 1655.11	    0.08	    0.17	    0.00	    0.07	    0.00	    0.18	    0.00	 3044.29	    0.24	    2.24	 1139.50
20	21	  263.29	    0.01	   65.82	    0.27	    0.00	    0.03	    0.06	    0.08	    0.00	    0.00	    0.00	  460.75	 1465.44	    0.00	    0.00	    0.16	    0.00	    0.03	    0.00	    0.41	 4757.39	    0.00	    0.09	 1604.38
20	23	    0.00	    0.00	    0.00	    0.00	    0.00	    0.02	  428.22	  200.47	    0.15	  478.36	    0.00	    0.00	    0.00	    0.00	  667.96	  901.47	  300.03	  100.74	  245.11	 1500.29	 3198.32	 2285.34	    0.00	    0.00
21	14	    0.00	    0.00	    0.00	    0.00	    0.00	    0.00	    0.06	    0.08	    0.00	    0.00	    0.00	    0.07	  870.38	    0.00	    0.00	    0.16	    0.00	    0.03	    0.00	    0.46	 2956.66	10584.64	 2695.10	 1271.64
21	19	    0.00	    0.00	    0.00	    0.00	    0.00	    0.00	    0.00	    0.00	    0.00	    0.11	    0.18	    0.03	    0.11	    2.99	    0.15	    0.00	    0.00	    0.00	    0.00	    0.00	    0.00	 5200.15	 1797.93	    0.33
21	20	    0.01	    0.00	    0.00	    0.03	   97.09	    0.00	    0.00	    0.00	  300.04	 1678.41	    2.20	    0.00	    0.00	    0.75	 1468.10	    0.08	  394.07	    0.00	  578.87	    0.00	    0.00	 4085.50	    0.90	    0.00
21	22	    0.00	    0.00	    0.00	    0.00	    0.00	    0.01	  200.28	  300.26	  307.51	 1322.41	    0.00	    0.00	    0.00	    0.00	  981.58	  500.05	  401.86	  100.14	  313.25	  700.87	    0.91	 4529.70	    0.00	    0.00
22	13	    0.08	    0.03	    0.03	    0.02	    0.00	    0.00	    0.52	    0.73	    0.00	    0.00	    0.00	    0.33	  685.92	    0.00	    0.00	    0.69	    0.00	    0.28	    0.01	    1.32	  797.17	 1114.74	 4601.38	 1188.48
22	21	  136.73	    0.02	   34.18	    1.19	    0.04	    0.00	    0.00	    0.00	    0.00	    0.00	  388.65	  239.35	  705.04	  755.75	    0.00	    0.00	    0.00	    0.00	    0.00	    0.00	    0.00	    0.00	 6593.84	  767.59
22	23	    0.01	    0.00	    0.00	    0.03	    0.00	    0.01	    0.16	    0.13	    0.19	  321.64	  996.98	    0.00	    0.00	 1384.42	  425.79	    0.35	    0.00	    0.06	  152.21	    0.93	    0.06	 1315.06	 3304.78	    0.00
23	12	    0.00	    0.00	    0.00	    0.00	    0.00	    0.00	  327.98	    0.00	    0.00	    0.00	    0.00	    0.00	    0.00	  585.11	  693.75	  600.82	    0.05	  100.60	  297.32	 1099.85	 1202.06	 2500.30	 1903.38	 1800.07
23	20	  363.27	    0.01	   65.82	  200.23	    2.83	    0.04	    0.00	    0.00	    0.00	    0.00	  397.81	 1162.62	 3720.53	  399.31	    0.00	    0.00	    0.00	    0.00	    0.00	    0.00	    0.00	    0.00	  701.40	 3243.86
23	22	  436.69	    0.04	  134.18	    1.60	    0.31	    0.31	    0.40	    0.60	    0.00	    0.00	    0.06	  939.47	 2190.96	    0.00	    0.00	    1.00	    0.00	    0.20	    0.00	    1.38	 1496.32	    0.09	    0.00	 2656.07
