i	j	o6d3l20
0	1	 4495.67
0	2	 8120.19
1	0	 4520.77
1	5	 5967.49
2	0	 8095.09
2	3	14022.35
2	11	10037.51
3	2	14044.05
3	4	18018.09
3	10	 5208.97
4	3	18041.49
4	5	 8795.78
4	8	15788.28
5	1	 5992.58
5	4	 8803.89
5	7	12491.54
6	7	12102.48
6	17	15804.67
7	5	12524.75
7	6	12044.07
7	8	 6882.46
7	15	 8385.47
8	4	15803.56
8	7	 6837.93
8	9	21746.81
9	8	21817.55
9	10	17726.15
9	14	23129.97
9	15	11046.24
9	16	 8100.58
10	3	 5307.28
10	9	17604.47
10	11	 8365.38
10	13	 9776.33
11	2	 9990.70
11	10	 8403.98
11	12	12303.07
12	11	12394.86
12	23	11119.83
13	10	 9814.37
13	14	 9036.92
13	22	 8400.38
14	9	23194.75
14	13	 9081.46
14	18	19082.61
14	21	18402.44
15	7	 8404.80
15	9	11073.27
15	16	11687.42
15	17	15288.71
16	9	 8101.19
16	15	11676.29
16	18	 9952.53
17	6	15863.08
17	15	15346.21
17	19	18989.69
18	14	19115.20
18	16	 9942.01
18	19	 8682.99
19	17	19005.60
19	18	 8705.07
19	20	 6303.66
19	21	 7003.81
20	19	 6243.47
20	21	 8618.00
20	23	10305.08
21	14	18379.17
21	19	 7001.99
21	20	 8606.83
21	22	 9659.58
22	13	 8393.87
22	21	 9623.33
22	23	 7903.44
23	12	11111.62
23	20	10256.05
23	22	 7860.67
