i	j	       0	       1	       2	       3	       4	       5	       6	       7	       8	       9	      10	      11	      12	      13	      14	      15	      16	      17	      18	      19	      20	      21	      22	      23
0	1	 1835.24	 4303.37	   30.59	 1796.42	   30.59	 3123.41	    0.00	    0.00	 2221.09	  555.27	   61.18	   30.59	 2174.04	    5.28	    0.00	 1527.01	    0.00	  296.13	    0.00	  643.18	    0.00	  328.56	    0.00	    0.00
0	2	 2661.36	 2001.37	  877.75	 1898.63	    0.00	  663.76	   25.31	   50.62	  114.25	  208.23	    0.00	    0.00	  624.69	    0.00	  579.85	 1041.14	    0.00	  230.42	    0.00	  369.24	    0.00	  394.27	    0.00	    0.00
1	0	  175.03	 1223.62	    0.00	  105.62	  244.44	 1646.22	  525.31	  295.34	  935.52	  277.64	    0.00	  379.52	  486.59	    0.00	    0.00	  429.86	  122.36	   37.40	   75.93	  152.15	    0.00	  121.07	    0.00	   59.20
1	5	  138.82	    0.00	    0.00	    0.00	  485.87	    0.00	    0.00	 1735.24	 4650.43	 1665.81	    0.00	 1490.26	 2813.12	    0.00	    0.00	 1212.62	    0.00	  304.43	    0.00	  582.07	    0.00	  476.09	    0.00	  331.41
2	0	   11.30	    0.00	   61.18	  214.13	  241.89	    0.00	    0.00	  497.16	  152.95	  883.54	 1544.21	  971.64	 2268.74	  155.17	  152.95	  682.93	    0.00	   86.16	   15.84	  240.82	   30.59	  419.92	   91.77	  217.24
2	3	 1412.65	  875.80	  784.42	    0.00	    0.00	    0.00	    0.00	  431.65	    0.00	  416.45	 1125.74	  255.29	 1216.46	  609.50	 2236.29	 2429.33	    0.00	  676.46	    0.00	  954.10	   61.18	  919.95	    0.00	   61.18
2	11	 1218.13	  522.06	  801.63	  692.13	  127.64	  147.67	  784.63	  529.31	    0.00	    0.00	  775.26	    0.00	    0.00	  597.66	  716.99	    0.00	 2899.94	 5498.58	 1592.29	    0.00	  613.55	    0.00	  197.09	    0.00
3	2	    0.00	  178.26	  733.54	  967.44	  250.00	   36.97	  859.32	  835.73	  183.54	    1.33	 1279.34	    0.00	    0.00	 1011.17	 1275.72	   10.56	    0.08	 3117.74	 2842.17	 3811.83	 2571.74	 2365.60	  350.68	    0.00
3	4	 1282.29	  690.99	  391.38	 2581.04	  369.64	    0.00	    0.00	 1410.78	    0.00	    0.00	 2049.60	  465.61	   61.18	  146.82	    0.00	    0.00	    0.00	  590.14	    0.00	 1006.59	    0.00	  619.33	 2876.38	 2181.20
3	10	   67.78	    0.00	    0.00	    0.00	  970.09	    0.00	    0.00	 1622.02	    0.00	    0.00	 2454.92	  903.96	    0.00	  348.68	    0.00	    0.00	    0.00	    0.00	    0.00	    0.00	    0.00	    0.00	 4052.98	 1110.55
4	3	  138.82	    0.00	    0.00	    0.00	  888.82	  159.33	 1259.32	  950.47	 1022.36	  368.41	    0.00	  277.64	    0.00	    0.00	    0.00	  255.29	  153.04	   30.59	    0.00	   91.52	    0.00	    0.00	    0.00	  555.26
4	5	  359.07	   21.13	   15.84	  294.94	  492.61	 2585.94	    0.00	    0.00	 2169.49	    0.00	    0.00	  994.46	 1046.77	    0.00	    0.00	 1118.89	    0.00	  155.71	    0.00	  641.57	    0.00	  300.09	    0.00	  239.23
4	8	 1504.38	  639.27	  344.94	 2520.44	 2121.25	 2298.81	    0.00	    0.00	 1311.70	    0.00	    0.00	  407.77	  765.11	    0.00	    0.00	  382.42	    0.00	    0.00	    0.00	   47.73	    0.00	    0.00	    0.00	   81.77
5	1	   69.41	    0.00	    0.00	    0.00	  277.64	  416.60	  725.31	  764.75	  200.00	  183.54	    0.00	   69.41	    0.00	   25.31	   30.59	  275.31	  461.17	   30.59	  106.52	  106.52	    0.00	   30.59	    0.00	    0.00
5	4	   11.30	    0.00	    0.00	    0.00	  358.34	  791.17	 1459.32	  890.56	    0.00	    0.00	  828.27	  196.93	    0.00	   58.11	    0.00	   79.22	  416.45	   30.59	    0.00	  122.11	    0.00	    0.00	 1164.02	    0.00
5	7	    0.00	   84.53	  431.58	    0.00	    0.00	 1117.10	    0.00	  411.35	    0.00	    0.00	  966.63	    0.00	    0.00	  709.22	  942.52	    0.00	  277.92	    0.00	 2276.43	    0.00	  937.35	    0.00	  371.16	    0.00
6	7	    0.00	    0.00	    0.00	    0.00	  277.62	    0.00	 3844.31	  472.18	    0.00	    0.00	  819.22	    0.00	  244.72	  138.82	    0.00	    0.00	   85.45	  194.11	  485.86	  595.71	  152.95	  244.72	 1080.40	   91.77
6	17	    0.00	   25.46	   94.87	    5.28	    0.00	  250.34	 8255.69	 1093.65	   10.56	    0.00	  182.76	    0.00	    0.00	   94.87	  143.35	    0.00	  694.09	    0.00	  307.64	    0.00	  178.22	    0.00	   39.41	    0.00
7	5	   75.93	  101.24	   75.93	  101.24	  258.84	    0.00	 2584.63	 1302.91	  183.54	  428.27	  492.32	   50.62	   61.18	  125.31	   91.77	  629.85	 1030.58	   91.77	  375.92	  320.40	   30.59	   91.77	  469.96	   30.59
7	6	    0.42	    0.17	  208.31	   26.41	   10.56	  372.70	    0.00	 1286.21	   42.25	    1.58	  208.64	    0.00	    0.00	  277.64	  217.78	    0.00	 1804.65	    0.00	  703.64	    0.00	  476.32	    0.00	   59.86	    0.00
7	8	    0.00	    0.00	    0.00	    0.00	   69.41	  138.82	  158.44	  371.48	    0.00	    0.00	    0.00	    0.00	    0.00	    0.00	    0.00	    1.16	  347.05	   10.56	   69.41	    0.00	    0.00	    0.00	   69.39	    0.00
7	15	    0.00	    0.00	    0.00	    0.00	  277.64	  499.68	  101.24	 2379.15	    0.00	    0.00	  277.63	    0.00	    0.00	   69.41	    0.00	    0.00	  555.28	    0.00	  208.23	    0.00	    0.00	    0.00	  416.45	    0.00
8	4	    0.00	    0.00	    0.00	    0.00	  208.23	    0.00	    0.00	    0.00	  781.21	  674.32	    0.00	   69.41	    0.00	    0.00	   61.18	  329.02	  422.44	    0.00	   30.59	    0.00	   30.59	   61.18	    0.00	    0.00
8	7	  336.18	  223.76	  137.19	  356.89	  298.65	  331.93	    0.00	    0.00	  663.63	  160.02	   63.79	   85.99	  138.82	    0.00	    0.00	    0.00	  138.82	    0.00	    0.00	    0.00	    0.00	    0.00	    0.00	    0.00
8	9	  708.65	  354.33	  177.16	 1851.06	  993.64	  448.29	  126.75	  126.75	 3842.73	    0.00	    0.00	    0.00	    0.00	    0.00	    0.00	    0.00	    0.00	    0.00	    0.00	    0.00	    0.00	    0.00	    0.00	    0.00
9	8	    0.00	    0.00	    0.00	    0.00	    0.00	    0.00	  568.31	    0.00	    0.00	 1690.87	  492.06	  215.23	  183.54	  183.54	  367.08	  756.12	  489.53	   50.62	  152.95	  183.54	  122.36	  275.31	  152.95	   61.18
9	10	    0.00	    0.00	    0.00	  480.87	  183.54	  152.95	  778.40	  396.58	  978.89	 3547.15	    0.00	    0.00	    0.00	    0.00	    0.00	  807.90	  519.95	  111.63	    0.00	    0.00	    0.00	    0.00	    0.00	    0.00
9	14	    0.00	    0.00	    0.00	  352.34	  188.82	   50.62	    0.00	    0.00	  848.16	 3408.50	    0.00	    0.00	    0.00	    0.00	    0.00	    0.00	    0.00	    0.00	    0.00	    0.00	    0.00	    0.00	    0.00	    0.00
9	15	  379.64	  202.47	  101.24	  582.77	  278.81	    0.00	    0.00	    0.00	 1038.83	 4610.48	 1064.22	  759.27	  151.85	    0.00	    0.00	    0.00	    0.00	    0.00	    0.00	    0.00	    0.00	    0.00	    0.00	    0.00
9	16	   47.12	   31.36	   15.68	   67.99	   36.55	    0.00	    0.00	    0.00	  120.31	  569.85	  156.78	   68.08	    0.00	    0.00	    0.00	    0.00	    0.00	    0.00	    0.00	    0.00	    0.00	    0.00	    0.00	    0.00
10	3	    0.00	    0.00	    0.00	    0.00	    0.00	    0.00	    0.00	    0.00	    0.00	    0.00	  611.81	    0.00	    0.00	  183.54	  152.95	    0.00	    0.00	    0.00	   61.18	    0.25	    0.00	  122.36	  183.54	    0.00
10	9	  115.77	   63.04	   31.52	    0.00	    0.00	    0.00	    0.00	    0.00	    0.00	    0.00	 2906.09	 1654.38	  916.61	  825.94	    0.00	    0.00	    0.00	    0.00	    0.00	    0.00	    0.00	    0.00	  582.11	    0.00
10	11	    0.00	    0.00	    0.00	    0.00	    0.00	    0.00	  278.40	  151.85	  367.08	 1681.14	 1040.07	    0.00	    0.00	  341.78	    0.00	  379.64	  214.05	   50.62	    0.00	    0.00	    0.00	    0.00	    0.00	    0.00
10	13	  294.24	   81.21	   55.90	  152.95	   30.59	   30.59	    0.00	    0.00	  183.54	  642.40	 2263.69	  467.22	    0.00	    0.00	    0.00	    0.00	    0.00	    0.00	    0.00	    0.00	    0.00	    0.00	    0.00	    0.00
11	2	    0.00	    0.00	    0.00	    0.00	    0.00	    0.00	    0.00	    0.00	    0.00	  488.12	  305.90	  408.24	  520.04	  127.64	  183.54	   50.62	   30.51	    0.00	   15.84	   15.84	   91.77	  152.95	  122.36	   91.77
11	10	  562.97	  205.43	  179.19	  100.35	    0.00	    0.00	    0.00	    0.00	    0.00	    0.00	    0.00	 2549.87	 1222.52	    0.00	    0.00	    0.00	    0.00	    0.00	    0.00	    0.00	    0.00	    0.00	    0.00	    0.00
11	12	  593.98	  174.24	  102.42	  408.24	   66.46	   86.49	  400.00	    0.00	  183.54	  581.22	  305.90	 1293.95	    0.00	    0.00	    0.00	  151.85	    0.00	    0.00	    0.00	    0.00	    0.00	    0.00	    0.00	    0.00
12	11	    0.00	    0.00	    0.00	    0.00	    0.00	    0.00	   36.97	    0.00	    0.00	    0.00	    0.00	    0.00	 2140.23	    0.00	  397.67	   36.97	    0.00	   10.56	  107.62	  168.80	  183.54	  367.08	  336.49	  244.72
12	23	  441.02	   82.47	   71.83	  224.70	    5.28	   25.31	    0.00	    0.00	    0.00	    0.00	    0.00	  896.28	 2325.97	    0.00	    0.00	    0.00	    0.00	    0.00	    0.00	    0.00	    0.00	    0.00	    0.00	    0.00
13	10	    0.00	    0.00	    0.00	    0.00	    0.00	    0.00	    0.00	    0.00	    0.00	    0.00	    0.00	    0.00	    0.00	 1840.70	  581.22	    0.00	    0.00	    0.17	  183.54	  183.79	  122.36	  458.86	 1163.32	  183.54
13	14	  202.47	   50.62	   25.31	    0.00	    0.00	    0.00	    0.00	    0.00	    0.00	    0.00	 1012.57	  253.09	    0.00	 1644.40	    0.00	    0.00	    0.00	    0.00	    0.00	    0.00	    0.00	    0.00	    0.00	    0.00
13	22	    0.00	    0.00	    0.00	    0.00	    0.00	    0.00	    0.00	    0.00	    0.00	    0.00	  761.67	    0.00	    0.00	  828.14	    0.00	    0.00	    0.00	    0.00	    0.00	    0.00	    0.00	    0.00	    0.00	    0.00
14	9	    0.00	    0.00	    0.00	    0.00	    0.00	    0.00	    0.00	    0.00	    0.00	    0.00	    0.00	    0.00	    0.00	    0.00	 1590.70	    0.00	    0.00	    0.00	  121.47	  163.72	  489.45	 1070.66	  121.47	  305.90
14	13	    0.00	    0.00	    0.00	    0.00	    0.00	    0.00	  200.00	  122.36	    0.00	    0.00	    0.00	    0.00	    0.00	    0.00	  978.89	  214.13	  214.13	   30.76	  275.31	  336.74	    0.00	  142.60	    0.00	    0.00
14	18	   91.77	   30.59	    0.00	   26.41	   10.56	    0.00	    0.00	    0.00	   52.81	  227.10	  305.90	   91.77	  244.72	  943.02	 1896.60	    0.00	    0.00	    0.00	    0.00	    0.00	  457.76	 1253.21	  427.85	  198.29
14	21	    0.00	    0.00	    0.00	  172.98	  117.08	    0.00	    0.00	    0.00	  520.04	 1957.78	  278.40	    0.00	    0.00	  303.71	 2080.15	  658.03	 1131.84	    0.00	  811.19	    0.00	    0.00	    0.00	    0.00	    0.00
15	7	    0.00	    0.00	    0.00	    0.00	    0.00	    0.00	    0.00	    0.00	    0.00	  759.27	  303.71	  202.47	    0.00	  178.26	  275.31	 1304.00	  764.76	    0.00	  381.83	    0.00	    0.00	    0.00	    0.00	    0.00
15	9	    0.00	    0.00	    0.00	    0.00	    0.00	    0.00	 3119.96	  759.27	    0.00	    0.00	    0.00	    0.00	    0.00	    0.00	    0.00	 2530.90	 1822.25	  329.02	  582.11	  784.58	    0.00	    0.00	    0.00	    0.00
15	16	  101.24	   50.62	   25.31	  177.16	   75.93	  224.36	 2041.90	  946.89	  329.02	 1442.61	  253.09	  151.85	    0.00	    0.00	    0.00	 2872.55	    0.00	  382.76	    0.00	    0.00	    0.00	    0.00	    0.00	    0.00
15	17	  151.85	   50.62	   25.31	  202.47	   75.93	    0.00	    0.00	    0.00	  354.33	 1426.50	  183.13	  227.78	    0.00	   75.93	  177.16	 1276.64	  489.45	    0.00	  177.16	    0.00	    0.00	    0.00	    0.00	    0.00
16	9	    0.00	    0.00	    0.00	    0.00	    0.00	    0.00	    0.00	    0.00	    0.00	    0.00	    0.00	    0.00	    0.00	    0.00	    0.00	  379.10	  380.26	   47.37	    0.00	    0.00	    0.00	    0.00	    0.00	    0.00
16	15	   25.99	   20.79	   10.40	   41.59	   25.99	    0.00	    0.00	    0.00	   72.78	  363.88	  103.97	   36.39	    0.00	  468.32	  819.56	    0.00	 3932.98	    0.00	 1538.78	    0.00	  151.85	  366.09	  152.54	   75.93
16	18	    0.00	    0.00	    0.00	   50.62	   25.31	   71.41	 1041.90	  518.62	  101.24	  455.56	    0.00	    0.00	    0.00	    0.00	    0.00	 1636.93	 2844.91	  151.85	    0.00	    0.00	    0.00	    0.00	    0.00	    0.00
17	6	  152.54	   61.01	   30.51	  101.24	   50.62	    0.00	    0.00	    0.00	  151.85	  579.64	  152.54	  214.13	  367.08	   61.18	  152.95	  428.27	  305.90	  255.29	  122.36	  748.67	  214.13	  397.67	  183.54	  122.36
17	15	    0.42	    0.33	    0.17	    0.00	    0.00	    0.00	 6460.63	    0.00	    0.00	    0.00	    0.00	    0.58	   31.69	    0.00	    0.00	    0.00	    0.00	  864.73	    0.00	 1274.03	   31.69	    1.00	    0.42	   15.84
17	19	    0.00	    0.00	    0.00	   75.93	   25.31	  219.75	 1595.06	  888.53	  151.85	  632.73	    0.00	    0.00	    0.00	    0.00	    0.00	  695.42	    0.00	  348.32	    0.00	    0.00	    0.00	    0.00	    0.00	    0.00
18	14	    0.00	    0.00	    0.00	    0.00	    0.00	   10.56	  700.00	  305.90	    0.00	    0.00	    0.00	    0.00	    0.00	    0.00	    0.00	 1239.25	 1804.83	   91.94	 1452.70	  836.96	    0.00	    0.00	    0.00	    0.00
18	16	    0.00	    0.00	    0.00	    0.00	    0.00	    0.00	    0.00	    0.00	    0.00	    0.00	    0.00	    0.00	  152.95	  682.45	 1278.42	    0.00	    0.00	    0.00	 2058.81	  520.04	  335.40	  886.12	  336.08	  167.70
18	19	    0.00	    0.00	    0.00	   15.84	    5.28	    0.00	    0.00	    0.00	   31.69	  132.03	  183.54	    0.00	    0.00	  168.80	  373.46	    0.00	  520.04	    0.00	  404.05	    0.00	    0.00	    0.00	    0.00	    0.00
19	17	   31.69	   10.73	    5.36	    0.00	    0.00	    0.00	    0.00	    0.00	    0.00	    0.00	    0.00	   48.11	  429.36	   15.84	   36.97	    0.00	    0.00	    0.00	   36.97	 2145.05	  276.41	  490.44	  214.55	  138.21
19	18	    0.00	    0.00	    0.00	    0.00	    0.00	    0.33	   58.10	    1.41	    0.00	    0.00	    0.00	    0.00	    0.00	    0.00	    0.00	    0.00	    0.00	   31.85	    0.00	 1724.08	    0.00	    0.00	    0.00	    0.00
19	20	    0.00	    0.00	    0.00	    0.00	    0.00	   35.87	  336.97	  367.08	    0.00	    0.00	    0.00	    0.00	    0.00	    0.00	    0.00	  116.19	    0.00	   71.74	    0.00	  841.78	    0.00	    0.00	    0.00	    0.00
19	21	    0.00	    0.00	    0.00	    0.00	    0.00	   91.77	  700.00	  244.72	    0.00	    0.00	    0.00	    0.00	    0.00	    0.00	    0.00	   89.78	    0.00	  122.36	    0.00	  948.30	    0.00	    0.00	    0.00	    0.00
20	19	  123.46	   41.32	    5.36	    0.00	    0.00	    0.00	    0.00	    0.00	    0.00	    0.00	    0.00	  170.48	  612.91	    0.00	    0.00	    0.00	    0.00	    0.00	    0.00	    0.00	  643.50	    0.00	    0.00	  260.57
20	21	  164.61	   41.15	   35.87	    0.00	    0.00	    0.00	    0.00	    0.00	    0.00	    0.00	    0.00	  266.95	  856.53	    0.00	    0.00	    0.00	    0.00	    0.00	    0.00	    0.00	 1742.55	    0.00	    0.00	  963.05
20	23	    0.00	    0.00	    0.00	    0.00	    0.00	    5.28	  136.97	  244.72	   61.18	  244.72	    0.00	    0.00	    0.00	    0.00	  734.17	  160.43	  244.72	   41.15	  229.98	  474.70	  978.89	 1101.25	    0.00	    0.00
21	14	   42.25	   10.56	    5.28	    0.00	    0.00	    0.00	    0.00	    0.00	    0.00	    0.00	    0.00	   52.81	  458.86	    0.00	    0.00	    0.00	    0.00	    0.00	    0.00	    0.00	 1191.93	 3261.82	  855.23	  626.55
21	19	    0.00	    0.00	    0.00	    0.00	    0.00	    0.00	    0.00	    0.00	    0.00	    0.00	    0.00	    0.00	    0.00	    0.00	    0.00	    0.00	    0.00	    0.00	    0.00	    0.00	    0.00	 1224.61	  428.68	    0.00
21	20	    0.00	    0.00	    0.00	   50.62	   30.59	    0.00	    0.00	    0.00	  152.95	  611.81	    0.00	    0.00	    0.00	    0.00	  978.89	  227.78	  428.27	    0.00	  352.34	    0.00	    0.00	 1651.88	    0.00	    0.00
21	22	    0.00	    0.00	    0.00	    0.00	   25.31	   30.59	  200.00	   91.77	  152.95	  550.63	    0.00	    0.00	    0.00	    0.00	  305.90	  152.95	  183.54	   30.59	   91.77	  214.13	    0.00	 1325.74	    0.00	    0.00
22	13	    0.00	    0.00	    0.00	    0.00	    0.00	    0.00	    0.00	    0.00	    0.00	    0.00	    0.00	    0.00	  183.54	    0.00	    0.00	    0.00	    0.00	    0.00	    0.00	    0.00	  244.72	  683.34	 1499.82	  305.90
22	21	    0.00	    0.00	    0.00	    0.00	    0.00	    0.00	    0.00	    0.00	    0.00	    0.00	   58.10	    0.00	    0.00	   63.38	    0.00	    0.00	    0.00	    0.00	    0.00	    0.00	    0.00	    0.00	 1926.30	    0.00
22	23	    0.00	    0.00	    0.00	    0.00	    0.00	    0.00	    0.00	    0.00	    0.00	    0.00	  305.90	    0.00	    0.00	  428.27	    0.00	    0.00	    0.00	    0.00	    0.00	    0.00	    0.00	    0.00	 1009.48	    0.00
23	12	    0.00	    0.00	    0.00	    0.00	    0.00	    0.00	   36.97	  183.54	    0.00	    0.00	    0.00	    0.00	    0.00	  183.54	  611.81	   68.66	  152.95	   41.15	  199.39	  352.34	  367.08	  764.76	  581.22	  458.86
23	20	  318.66	   82.47	   41.24	   10.56	    0.00	    0.00	    0.00	    0.00	    0.00	    0.00	  122.36	  529.19	 1652.98	  122.36	    0.00	    0.00	    0.00	    0.00	    0.00	    0.00	    0.00	    0.00	  214.13	 1376.57
23	22	   91.77	    0.00	   30.59	  152.95	    5.28	    0.00	    0.00	    0.00	    0.00	    0.00	    0.00	  214.13	  428.27	    0.00	    0.00	    0.00	    0.00	    0.00	    0.00	    0.00	  458.86	    0.00	    0.00	  520.04
