i	j	       1	       2	       3	       4	       5	       6	       7	       8	       9	      10	      11	      12	      13	      14	      15	      16	      17	      18	      19	      20	      21	      22	      23	      24
1	2	 2599.83	    0.00	  300.80	  199.98	   21.96	    0.00	    0.01	    0.02	   43.93	  131.85	  200.00	  565.10	  563.31	   99.99	   21.84	    0.02	    0.08	    0.00	    0.05	    0.01	    0.02	    0.08	   33.33	   33.36
1	3	 6200.17	 1282.70	    0.00	    0.00	    0.00	  350.96	  318.41	  373.23	    0.00	    0.00	    0.00	    0.00	    0.00	    0.00	    0.00	  217.99	    0.00	   53.37	    0.00	    0.22	    0.00	    0.00	    0.00	    0.00
2	1	    0.00	 1382.70	    0.00	    0.00	    0.00	  650.96	  818.38	 1173.19	    0.00	    0.00	    0.00	    0.00	    0.00	    0.00	    0.00	  717.97	    2.67	  153.35	    0.03	  300.14	    0.03	    0.10	    0.00	    0.00
2	6	 2499.83	 2617.30	  200.80	    0.00	    0.00	    0.00	    0.00	    0.00	    0.00	    0.03	    0.02	  465.10	  263.31	    0.00	    0.00	    0.00	    0.02	    0.00	    0.00	    0.00	    0.02	    0.02	   33.33	   33.36
3	1	    0.00	    0.00	  400.80	  699.98	  221.96	    0.00	    0.04	    0.06	  543.93	 1431.85	  700.00	  765.10	 1063.31	  399.99	  521.84	    0.05	  397.41	    0.02	  300.02	    0.09	   99.99	  399.98	  333.33	  133.36
3	4	 4499.09	  782.28	 1898.75	    0.00	    0.00	    0.08	    0.00	    0.00	    0.00	    0.10	    0.09	 4208.04	 3036.36	    0.03	    0.03	    0.00	    0.03	    0.00	    0.01	    0.04	  299.44	    0.64	  750.89	  466.65
3	12	 1601.08	  400.43	  500.44	 2067.77	  593.45	  595.89	 1096.37	 1200.06	 1699.34	 1329.11	    0.58	    0.00	    0.00	    0.08	  364.42	  656.12	  374.82	  199.80	  150.41	    0.62	    0.06	    0.10	    0.00	    0.00
4	3	    0.00	    0.00	    0.00	 2967.74	  915.42	  545.01	  878.00	 1026.89	 2343.24	 3060.62	 1000.42	    0.00	    0.00	  499.96	  986.11	  638.18	  872.11	  146.44	  450.38	    0.42	    0.07	    0.36	    0.00	    0.00
4	5	 3198.95	  282.38	 1298.86	 6698.24	    0.00	    0.00	    0.00	    0.00	    0.00	    0.04	 1086.96	 3607.04	 2435.75	  200.15	    0.01	    0.00	    0.01	    0.00	    0.00	    0.00	   99.66	    0.05	  252.67	  266.55
4	11	  800.14	  299.95	  399.89	 1934.02	  606.54	  504.08	    1.80	  667.47	  561.45	    0.20	    0.00	    1.01	    0.61	    0.00	    0.07	    0.16	    0.05	    0.16	    0.02	    0.03	    0.02	    0.06	    0.07	    0.10
5	4	    0.00	    0.05	    0.00	    0.00	 2021.96	 1449.01	 1279.79	 2394.36	 3604.69	 4260.65	    0.00	    0.00	    0.00	    0.05	 1486.11	 1438.34	 1372.09	  246.60	  650.37	  300.41	    0.31	  399.70	    0.09	    0.00
5	6	    0.00	    0.00	  481.67	 2105.74	 1240.56	    0.00	    0.02	    0.04	  556.04	 1268.01	  575.19	 1318.88	  695.09	  100.01	  270.08	    0.05	    0.03	    0.01	    0.10	    0.02	    0.01	    0.01	   66.67	   66.62
5	9	 2998.95	  898.95	  717.20	 4092.50	 2837.49	 1398.50	    0.04	    0.16	    0.00	    0.00	   11.77	 2088.16	 1540.67	    0.16	    0.00	    0.09	    0.00	    0.01	    0.00	    0.00	    0.00	    0.00	   86.02	  199.93
6	2	    0.00	    0.00	    0.00	    0.02	   78.04	 1050.96	 1018.37	 1573.17	  156.07	  468.19	    0.02	    0.00	    0.00	    0.01	   78.16	 1117.95	  202.61	  153.35	   99.98	  400.14	    0.03	  100.04	    0.00	    0.00
6	5	    0.00	  716.63	    0.00	    0.00	    0.00	 3047.51	 1067.92	 2134.28	    0.00	    0.00	    0.00	    0.00	    0.00	    0.00	    0.00	 1412.93	    0.08	  178.01	    0.03	  297.26	    0.21	    0.61	    0.00	    0.00
6	8	 2199.83	 1500.67	  382.47	 1705.72	  962.52	 3501.53	    0.00	    0.00	    0.00	    0.00	  175.18	 1583.97	  758.40	    0.00	    0.00	    0.00	    0.00	    0.00	    0.00	    0.00	    0.00	    0.00	    0.00	    0.00
7	8	    0.00	    0.00	    0.00	    0.00	    0.00	    0.00	 4500.81	    0.00	    0.00	    0.15	    0.08	    0.00	    0.00	  399.53	  607.46	  537.82	  172.55	  999.50	  998.94	 2598.99	  500.08	  800.26	  299.87	  199.92
7	18	  418.36	  322.69	    4.04	  414.92	  109.34	  952.93	 7599.19	 4429.17	  812.82	    0.21	    0.08	  209.89	    0.04	    0.00	    0.00	    0.00	    0.00	    0.00	    0.00	    0.00	    0.00	    0.00	    0.00	    0.00
8	6	    0.00	    0.00	    0.00	    0.00	    0.00	    0.00	 2486.27	 4507.41	    0.03	    0.14	    0.00	    0.00	    0.00	    0.00	    8.07	 3430.83	  702.65	  431.35	  299.91	  997.39	  100.22	  300.62	    0.01	    0.02
8	7	  918.36	  522.69	  104.04	  814.92	  309.34	 1352.93	    0.00	 5429.17	 1412.70	    5.30	    2.23	  909.73	  367.96	    0.00	    0.00	    0.00	    0.05	    0.00	    0.00	    0.00	    0.00	    0.00	    0.00	    0.00
8	9	    0.00	    0.00	    0.00	    0.00	    0.00	    0.00	 1014.53	 3294.93	    0.00	    0.00	    0.00	    0.00	    0.00	    0.00	    0.00	 1547.40	    0.00	  268.63	    0.00	  702.78	    0.29	    0.00	    0.00	    0.00
8	16	  481.57	  578.04	  169.92	  674.67	  421.66	 1348.71	    0.00	 3468.49	  794.70	    0.28	    0.09	  479.01	    0.51	    0.00	    0.00	    0.00	    0.00	    0.00	    0.00	    0.00	    0.00	    0.00	    0.00	    0.00
9	5	    0.00	    0.00	    0.00	    0.00	    0.00	    0.00	  411.93	  760.28	 4960.74	 6528.62	    0.00	    0.00	    0.00	    0.06	 1956.19	  525.55	 1572.03	   68.61	  750.44	  103.16	    0.44	  599.05	    0.10	    0.00
9	8	    0.10	    0.05	   91.49	  483.87	  268.48	    0.11	    0.00	    0.00	 3007.42	 1605.27	  627.06	  404.76	  210.07	    0.08	    0.04	    0.00	    0.18	    0.00	    0.00	    0.00	    0.00	    0.00	    0.00	    0.00
9	10	 2498.85	  698.90	  525.71	 2908.62	 1769.01	  998.39	    2.77	 1734.81	 8231.84	    0.00	    0.44	 1083.46	  730.65	    0.00	    0.00	    0.19	    0.00	    0.13	    0.00	    0.11	    0.00	    0.00	    0.00	    0.00
10	9	    0.00	    0.00	    0.00	    0.00	    0.00	    0.00	    0.13	    0.00	    0.00	10933.88	 2015.73	    0.06	    0.06	  599.98	 2956.23	  378.24	 2472.21	    0.09	 1150.44	    0.49	  300.15	 1299.05	  414.09	    0.07
10	11	    0.00	    0.00	    0.00	    0.00	    0.00	    0.00	  498.20	  135.15	 1606.49	 9951.81	    0.00	    0.00	    0.00	    0.00	 2227.04	 1446.90	 1974.62	  199.86	  743.17	  599.75	    3.01	 1082.78	    0.00	    0.00
10	15	  800.00	   99.27	  100.00	 1099.54	  500.02	  198.42	    0.00	    0.00	 2332.75	12578.14	 2996.97	  973.22	  301.16	    0.00	    0.00	    0.00	    0.60	    0.00	    0.00	    0.00	    0.00	    0.00	    0.00	    0.00
10	16	    0.13	    0.00	   26.05	  110.47	   69.03	    0.00	    0.00	    0.00	  592.79	 7836.39	 2193.66	  211.19	    0.46	    0.00	    0.00	    0.00	    0.00	    0.00	    0.00	    0.00	    0.00	    0.00	    0.00	    0.00
10	17	  399.92	    0.04	   99.98	  499.90	  199.96	    0.05	    0.05	    0.13	  899.81	 3899.79	  999.97	  599.88	  499.90	    0.07	    0.14	    0.14	    0.00	    0.03	    0.09	    0.09	    0.03	    0.16	    0.06	    0.03
11	4	    0.00	    0.00	    0.00	    0.00	    0.00	    0.00	    0.00	    0.00	    0.00	    0.12	 3587.29	    0.00	    0.00	 1200.04	    0.05	    0.00	    0.05	    0.00	    0.02	    0.00	    0.00	    0.12	    1.76	    0.00
11	10	    1.20	    0.34	    0.33	    1.29	    0.00	    0.00	    0.00	    0.00	    0.00	    0.00	12105.89	 2700.88	 1970.92	 1610.82	    0.00	    0.00	    0.00	    0.00	    0.00	    0.00	    0.00	    0.00	  307.69	   19.00
11	12	    0.00	    0.00	    0.00	    0.00	    0.00	    0.00	    0.00	    0.00	    0.20	 2571.37	 2400.48	    0.00	    0.00	 1082.10	  825.93	   46.82	  725.23	    0.02	  342.91	    0.00	    0.00	    0.00	    0.00	    0.00
11	14	  299.98	   99.96	   99.99	  532.93	  106.57	  104.10	    0.02	    2.67	  767.74	 3380.53	 4206.34	  726.63	  456.02	    0.00	    1.13	    0.30	  249.39	    0.01	    0.26	    0.00	    0.00	    0.00	    0.00	    0.00
12	3	    0.00	    0.00	    0.00	    0.00	    0.00	    0.00	    0.00	    0.00	    0.03	    0.44	    0.24	 5173.14	 4199.67	    0.14	    0.18	    0.00	    0.15	    0.01	    0.06	    0.10	  399.43	  500.37	 1184.22	  600.02
12	11	    1.04	    0.36	    0.42	    0.20	    0.03	    0.02	    0.02	    0.05	    0.00	    0.00	    0.00	 4826.50	 3426.34	    0.00	    0.00	    0.06	    0.00	    0.01	    0.00	    0.10	    0.37	    0.18	    0.16	    1.09
12	13	 1400.04	  300.07	  300.02	 1467.56	  393.42	  395.87	  396.57	  600.01	 1099.51	 1900.04	 1000.82	 3900.35	    0.00	  382.08	  490.48	    3.11	  499.90	    0.11	  193.36	    0.22	    0.03	    0.07	    0.00	    0.00
13	12	    0.00	    0.00	    0.00	    0.00	    0.00	    0.00	    0.23	    0.00	    0.00	    0.00	    0.00	    0.00	 8926.00	    0.04	    0.30	    0.23	    0.00	    0.31	    0.11	  499.79	  699.76	 1200.51	 1884.38	 1101.11
13	24	  900.04	    0.07	  200.02	  867.56	  193.42	  195.87	    0.00	    0.01	  499.51	    0.04	    0.82	 2600.35	 5674.00	    0.00	    0.00	    0.00	    0.02	    0.00	    0.00	    0.00	    0.00	    0.00	    0.00	    0.00
14	11	    0.00	    0.00	    0.00	    0.00	    0.00	    0.00	    0.00	    0.00	    0.00	    0.00	    0.00	    0.00	    0.00	 5492.96	    0.00	    0.00	    0.00	    0.00	    0.00	    0.12	  396.59	   17.10	 1609.22	  617.81
14	15	    0.05	    0.00	    0.01	    0.09	    0.00	    0.00	    0.00	    0.00	    0.00	    0.00	  184.41	   26.88	    5.69	 5980.48	    0.00	    0.00	    0.00	    0.00	    0.00	    0.00	    0.00	    0.00	  181.71	    1.64
14	23	    0.03	    0.00	    0.01	   32.87	    6.57	    4.12	    0.00	    0.00	  167.77	 1281.06	 2422.00	    0.00	    0.00	 2626.56	    0.00	    0.00	    0.00	    0.00	    0.00	    0.00	    0.00	    0.00	    0.00	    0.00
15	10	    0.00	    0.00	    0.00	    0.00	    0.00	    0.00	    0.00	    0.00	    0.00	    0.00	    0.00	    0.00	    0.00	 1089.23	 9183.41	    0.36	    0.00	    0.15	 3693.43	 1556.50	 1503.19	 4981.99	 1906.45	  781.09
15	14	    0.00	    0.00	    0.00	    0.00	    0.00	    0.00	    0.00	    0.00	    0.00	    0.00	    0.00	    0.00	    0.00	    0.00	    0.00	    0.00	    0.00	    0.00	    0.00	    0.00	    0.00	    0.00	    0.00	    0.00
15	19	  300.03	    0.04	    0.01	  200.08	  100.03	    0.04	    0.00	    0.00	  400.14	 3458.95	  804.11	  300.06	  133.25	 2898.91	 5907.96	    0.00	    0.52	    0.00	    0.00	    0.00	   78.03	 2899.48	  899.83	   55.16
15	22	    0.02	    0.00	    0.00	  399.56	  199.99	    0.00	    0.00	    0.00	 1032.61	 5119.18	  977.28	    0.03	    0.00	  692.34	 6308.63	    0.26	 2958.32	    0.00	 2171.78	    0.00	    0.00	    0.00	    0.00	    0.00
16	8	    0.00	    0.00	    0.00	    0.00	    0.00	    0.00	    0.00	    0.00	    0.00	    0.30	    0.00	    0.00	    0.00	    0.39	    0.58	 6640.41	 1929.96	    0.48	    0.97	    1.18	    0.43	    0.36	    0.14	    0.10
16	10	    0.00	    0.06	    0.00	    0.00	    0.00	    0.08	 2395.49	    0.47	    0.00	    0.00	    0.00	    0.00	    0.00	    0.00	    0.00	 6224.45	    0.72	  899.66	    0.26	 1543.72	    0.00	    0.00	    0.00	    0.00
16	17	    0.07	  199.98	    0.01	    0.07	    0.03	  500.02	 1000.16	 1400.15	    0.13	    0.58	    0.10	    0.06	    0.00	    0.00	    0.00	 5299.20	    0.00	  600.07	    0.00	 1335.96	  467.04	    0.42	    0.15	  219.27
16	18	    0.00	    0.00	    0.00	    0.04	    0.01	    0.00	    0.00	    0.00	    0.39	 3436.80	  793.96	    0.31	    0.08	    0.07	    0.20	 7935.93	 3714.45	    0.00	    0.28	    0.00	    0.00	    0.00	    0.00	    0.00
17	10	    0.00	    0.00	    0.00	    0.00	    0.00	    0.00	    0.12	    0.00	    0.00	    0.00	    0.00	    0.00	    0.00	    0.00	    0.00	    0.28	 8346.71	    0.05	    0.00	    0.00	    0.00	    0.00	    0.00	    0.00
17	16	    0.00	    0.00	    0.00	    0.00	    0.00	    0.00	    0.00	    0.00	    0.00	    0.59	    0.17	    0.00	    0.00	  699.68	 1199.57	    0.00	 8444.99	    0.00	 1300.20	    0.00	    0.06	    0.12	    0.05	    0.03
17	19	    0.03	    0.02	    0.00	    0.02	    0.01	    0.06	    0.09	    0.28	    0.04	    0.18	    0.00	    0.00	    0.00	    0.00	    0.00	 2499.06	 6608.30	    0.05	    0.00	    0.00	    0.00	    0.00	    0.00	    0.00
18	7	    0.00	    0.00	    0.00	    0.00	    0.00	    0.00	    0.00	    0.00	    0.12	 1895.06	  497.93	    0.16	   32.08	  599.53	 1107.46	 1937.82	 1172.50	 1199.50	 1398.94	 3098.99	  700.08	 1300.26	  499.87	  299.92
18	16	   18.37	   22.01	    4.04	   14.96	    9.35	   51.39	 4795.65	  132.13	   13.03	    0.41	    0.13	   10.18	  599.12	    0.78	    1.21	    0.00	    0.14	 2000.21	    1.31	 4480.85	 1067.40	 1200.65	  500.24	  519.34
18	20	  299.99	  300.68	    0.00	  299.99	  100.00	  801.54	 2603.54	 3997.03	  600.05	  842.01	  196.05	    0.07	    0.00	    0.00	    0.00	 5498.11	 1942.05	 1600.29	    0.08	    0.00	    0.00	    0.00	    0.00	    0.00
19	15	    0.00	    0.77	    0.00	    0.00	    0.00	    1.61	  499.98	  599.97	    0.00	    0.00	    0.00	    0.00	    0.00	    0.00	    0.00	 1200.57	 4458.24	  200.14	 6665.21	 2656.45	    0.24	    0.00	    0.00	    0.00
19	17	    0.04	    0.00	    0.01	    0.05	    0.02	    0.00	    0.00	    0.00	    0.09	    0.41	    0.11	    0.06	    0.10	 1399.61	 2699.43	    0.00	    0.00	    0.00	 3000.11	  363.96	  132.99	 1699.54	  599.85	   80.73
19	20	    0.02	    0.01	    0.00	    0.05	    0.02	    0.03	    0.00	    0.00	    0.08	 1658.72	  404.00	    0.00	    0.00	 1199.31	 2408.54	    0.00	  450.59	    0.00	 3134.68	    0.00	    0.00	    0.00	    0.00	    0.00
20	18	    0.00	    0.00	    0.00	    0.00	    0.00	    0.00	    0.00	    0.00	    0.00	    0.48	    0.06	    0.20	  731.08	  700.24	 1308.47	    0.00	    0.24	    0.00	 1700.05	 7979.84	 1867.49	 2800.91	 1100.10	  819.26
20	19	    0.00	  100.72	    0.00	    0.00	    0.00	  201.54	  899.89	 1299.69	    0.00	    0.00	    0.00	    0.00	  166.86	    0.02	    0.00	    1.51	    0.00	  500.09	    0.00	 4220.41	  455.21	    0.06	    0.02	  125.57
20	21	    0.01	    0.00	    0.00	    0.02	    0.01	  100.04	  356.07	  690.99	    0.10	    0.25	    0.06	    0.02	    0.03	    0.02	    0.04	 1654.24	  692.38	  226.43	  234.79	 2855.96	    0.00	    0.09	    0.04	    0.03
20	22	    0.00	   99.96	    0.00	    0.02	    0.01	  200.00	  847.59	 1106.35	    0.04	    0.33	    0.06	    0.00	    0.00	    0.00	    0.27	 2242.36	    0.15	  473.77	    0.10	 3443.78	    0.17	    0.00	    0.00	    0.00
21	20	    0.00	    0.00	    0.00	    0.00	    0.00	    0.00	    0.00	    0.00	    0.00	    0.00	    0.04	  400.08	 1497.81	    0.20	    0.07	    0.00	    0.00	    0.00	    0.00	    0.00	 3522.87	    0.34	    1.56	 1344.67
21	22	  291.95	    0.02	   72.99	    0.39	    0.01	    0.02	    0.04	    0.05	    0.00	    0.00	    0.00	  510.92	 1344.22	    0.00	    0.00	    0.10	    0.00	    0.02	    0.00	    0.15	 4182.84	    0.00	    0.15	 1691.03
21	24	    0.00	    0.00	    0.00	    0.00	    0.00	    0.02	  156.02	  290.94	    0.05	  646.87	    0.00	    0.00	    0.00	    0.00	  585.56	 1054.23	  288.65	  126.41	  200.05	 1655.81	 3294.30	 3431.37	    0.00	    0.00
22	15	    0.00	    0.00	    0.00	    0.00	    0.00	    0.01	    0.02	    0.03	    0.00	    0.00	    0.00	    0.00	  526.40	    0.00	    0.00	    0.05	    0.00	    0.01	    0.00	    0.05	 2380.98	10481.47	 3624.57	 1234.62
22	20	    0.00	    0.00	    0.00	    0.00	    0.00	    0.00	    0.00	    0.00	    0.00	    0.33	    0.09	    0.07	    0.15	    0.76	    0.17	    0.00	    0.14	    0.00	    0.18	    0.00	    0.00	 5200.73	 1798.59	    0.18
22	21	    0.00	    0.00	    0.00	    0.00	    0.01	    0.00	    0.00	    0.00	  299.95	 1846.61	    1.74	    0.00	    0.00	    0.17	 1385.59	    0.09	  196.26	    0.00	  365.26	    0.00	    0.00	 5231.62	    0.29	    0.00
22	23	    0.00	    0.00	    0.00	    0.00	    0.00	    0.01	  347.61	  606.38	   32.70	  672.57	    0.00	    0.00	    0.00	    0.00	 2323.14	 1042.59	 1062.06	  173.79	  606.43	 1043.89	    2.03	 3486.18	    0.00	    0.00
23	14	    0.11	    0.04	    0.04	    0.03	    0.01	    0.01	  199.98	  397.33	    0.03	    0.53	    0.08	    0.25	  149.67	    0.00	 1298.87	  699.70	  450.61	   99.99	  299.74	  500.12	  796.59	 1217.10	 2890.93	 1019.45
23	22	  108.03	    0.01	   27.01	    0.04	    0.00	    0.00	    0.00	    0.00	    0.00	    0.00	  124.50	  189.13	  482.33	  508.58	    0.00	    0.00	    0.00	    0.00	    0.00	    0.00	    0.00	    0.00	 7523.31	  643.77
23	24	    0.00	    0.00	    0.00	    0.00	    0.00	    0.00	    0.11	    0.21	    0.00	  153.17	  997.57	    0.00	    0.00	 1017.97	   24.89	    0.33	   11.69	    0.04	    6.85	    1.21	    0.10	  169.96	 4085.76	    0.00
24	13	    0.00	    0.00	    0.00	    0.00	    0.00	    0.00	    3.65	    0.00	    0.00	    0.00	    0.00	    0.00	    0.00	  217.96	  209.83	  597.12	    0.11	  100.20	  106.74	 1099.58	 1299.73	 2500.45	 2684.38	 1801.11
24	21	  391.94	    0.02	   72.99	  200.37	   99.99	    0.00	    0.00	    0.00	    0.00	    0.00	  398.24	 1210.98	 3442.00	  400.02	    0.00	    0.00	    0.00	    0.00	    0.00	    0.00	    0.00	    0.00	  701.38	 3535.67
24	23	  408.10	    0.05	  127.03	  467.19	   93.43	   95.89	   52.48	   91.16	  299.56	    0.08	    0.15	  889.37	 1432.00	    0.00	    0.62	  157.44	    0.25	   26.24	    0.16	  157.44	 1494.66	    0.89	    0.00	 2363.22
