i	j	o8d22l41
0	1	 4495.75
0	2	 8119.83
1	0	 4519.94
1	5	 5968.30
2	0	 8095.64
2	3	14019.14
2	11	10039.93
3	2	14045.22
3	4	18015.61
3	10	 5209.18
4	3	18041.99
4	5	 8795.19
4	8	15786.40
5	1	 5992.49
5	4	 8803.36
5	7	12491.20
6	7	12099.63
6	17	15796.79
7	5	12523.55
7	6	12039.88
7	8	 6880.68
7	15	 8386.64
8	4	15804.61
8	7	 6835.31
8	9	21750.93
9	8	21823.76
9	10	17726.91
9	14	23129.55
9	15	11047.25
9	16	 8100.81
10	3	 5308.88
10	9	17607.28
10	11	 8363.23
10	13	 9779.07
11	2	 9989.66
11	10	 8405.28
11	12	12303.04
12	11	12394.82
12	23	11118.84
13	10	 9817.09
13	14	 9037.98
13	22	 8397.49
14	9	23196.00
14	13	 9079.85
14	18	19086.11
14	21	18404.79
15	7	 8404.62
15	9	11073.31
15	16	11688.76
15	17	15281.84
16	9	 8100.76
16	15	11678.13
16	18	 9952.54
17	6	15856.54
17	15	15336.52
17	19	18987.29
18	14	19119.55
18	16	 9941.84
18	19	 8685.17
19	17	19001.73
19	18	 8707.92
19	20	 6304.08
19	21	 7002.58
20	19	 6241.86
20	21	 8617.47
20	23	10307.08
21	14	18379.67
21	19	 7001.98
21	20	 8607.20
21	22	 9659.09
22	13	 8393.63
22	21	 9623.10
22	23	 7901.77
23	12	11110.63
23	20	10255.13
23	22	 7861.93
