i	j	o13d4l8
0	1	 4502.10
0	2	 8131.95
1	0	 4532.86
1	5	 5961.38
2	0	 8101.19
2	3	14043.86
2	11	10007.87
3	2	14012.77
3	4	17945.39
3	10	 5207.42
4	3	18010.35
4	5	 8794.00
4	8	15804.22
5	1	 5992.14
5	4	 8805.88
5	7	12496.24
6	7	12113.67
6	17	15796.89
7	5	12538.88
7	6	12043.51
7	8	 6880.28
7	15	 8387.48
8	4	15857.30
8	7	 6834.57
8	9	21765.93
9	8	21873.29
9	10	17730.13
9	14	23125.58
9	15	11046.23
9	16	 8100.07
10	3	 5211.37
10	9	17651.37
10	11	 8389.29
10	13	 9783.59
11	2	10008.20
11	10	 8390.54
11	12	12296.42
12	11	12398.00
12	23	11116.21
13	10	 9807.53
13	14	 9048.88
13	22	 8403.25
14	9	23189.42
14	13	 9088.27
14	18	19078.40
14	21	18405.22
15	7	 8405.67
15	9	11068.98
15	16	11687.85
15	17	15296.00
16	9	 8099.61
16	15	11675.05
16	18	 9955.65
17	6	15867.05
17	15	15349.74
17	19	18985.80
18	14	19108.96
18	16	 9942.38
18	19	 8688.59
19	17	19009.70
19	18	 8705.90
19	20	 6305.55
19	21	 7002.11
20	19	 6247.19
20	21	 8622.16
20	23	10315.18
21	14	18377.88
21	19	 7001.69
21	20	 8615.42
21	22	 9670.92
22	13	 8387.81
22	21	 9636.41
22	23	 7899.78
23	12	11117.79
23	20	10263.55
23	22	 7849.82
