i	j	o14d11l32
0	1	 4494.55
0	2	 8119.66
1	0	 4520.59
1	5	 5966.97
2	0	 8093.62
2	3	14021.01
2	11	10035.59
3	2	14041.48
3	4	18019.82
3	10	 5209.15
4	3	18039.68
4	5	 8796.49
4	8	15789.62
5	1	 5993.01
5	4	 8806.27
5	7	12490.91
6	7	12106.62
6	17	15801.89
7	5	12526.73
7	6	12042.56
7	8	 6882.93
7	15	 8384.66
8	4	15799.71
8	7	 6836.20
8	9	21753.00
9	8	21816.36
9	10	17727.75
9	14	23131.28
9	15	11046.34
9	16	 8100.74
10	3	 5309.75
10	9	17604.93
10	11	 8365.57
10	13	 9777.77
11	2	 9989.09
11	10	 8403.94
11	12	12302.03
12	11	12393.90
12	23	11119.23
13	10	 9817.19
13	14	 9036.63
13	22	 8398.33
14	9	23191.98
14	13	 9080.24
14	18	19082.49
14	21	18405.41
15	7	 8403.14
15	9	11071.88
15	16	11687.15
15	17	15292.13
16	9	 8100.68
16	15	11676.14
16	18	 9952.13
17	6	15865.95
17	15	15347.16
17	19	18990.19
18	14	19115.66
18	16	 9941.05
18	19	 8683.83
19	17	19009.28
19	18	 8705.93
19	20	 6305.90
19	21	 7000.75
20	19	 6243.29
20	21	 8617.87
20	23	10305.55
21	14	18376.54
21	19	 7004.55
21	20	 8604.98
21	22	 9660.81
22	13	 8394.13
22	21	 9622.86
22	23	 7901.98
23	12	11111.09
23	20	10255.82
23	22	 7859.83
