i	j	       0	       1	       2	       3	       4	       5	       6	       7	       8	       9	      10	      11	      12	      13	      14	      15	      16	      17	      18	      19	      20	      21	      22	      23
0	1	 2600.15	    0.00	  159.67	  200.02	   10.49	    0.00	    0.01	    0.02	   20.98	   63.24	  200.02	  764.97	  351.18	  100.01	   10.54	    0.02	    0.04	    0.00	    0.02	    0.00	    0.01	    0.13	    0.07	   14.28
0	2	 6199.85	 1221.76	    0.00	    0.00	    0.00	  227.63	  128.24	  224.39	    0.00	    0.00	    0.00	    0.00	    0.00	    0.00	    0.00	   85.34	    0.00	   31.96	    0.00	    0.02	    0.00	    0.00	    0.00	    0.00
1	0	    0.00	 1321.76	    0.00	    0.00	    0.00	  527.63	  628.22	 1024.36	    0.00	    0.00	    0.00	    0.00	    0.00	    0.00	    0.00	  585.32	    0.39	  131.96	    0.03	  300.01	    0.00	    0.16	    0.00	    0.00
1	5	 2500.15	 2678.24	   59.67	    0.04	    0.00	    0.00	    0.00	    0.00	    0.00	    0.00	    0.04	  664.97	   51.18	    0.02	    0.00	    0.00	    0.00	    0.00	    0.00	    0.00	    0.01	    0.03	    0.07	   14.28
2	0	    0.00	    0.00	  259.67	  700.02	  210.49	    0.00	    0.03	    0.05	  520.98	 1363.24	  700.02	  964.97	  851.18	  400.01	  510.54	    0.04	  399.65	    0.00	  299.99	    0.02	  100.01	  399.97	  300.07	  114.28
2	3	 4499.86	  721.63	 2040.29	    0.00	    0.00	    0.04	    0.00	    0.00	    0.00	    0.00	    0.00	 3457.36	 2607.04	    0.09	    0.00	    0.00	    0.00	    0.00	    0.00	    0.00	  202.72	    0.20	    2.59	  485.58
2	11	 1600.00	  400.13	  500.04	 1602.15	  403.09	  500.37	  770.50	 1200.00	 1399.59	  665.86	    0.46	    0.00	    0.00	    0.12	   52.80	  533.02	  187.81	  199.48	   22.63	    0.11	    0.00	    0.00	    0.00	    0.00
3	2	    0.00	    0.00	    0.00	 2502.18	  713.58	  572.78	  742.28	 1175.66	 2020.57	 2329.00	  999.78	    0.00	    0.00	  499.72	  663.26	  647.72	  687.42	  167.52	  322.60	    0.10	    0.00	    0.00	    0.00	    0.00
3	4	 3198.49	  221.69	 1440.05	 6697.77	    0.00	    0.00	    0.00	    0.00	    0.00	    0.27	  905.68	 2856.40	 2006.43	  200.03	    0.09	    0.00	    0.00	    0.00	    0.02	    0.00	    2.75	    0.05	  199.83	  285.56
3	10	  801.36	  299.99	  400.24	 2400.05	  699.74	  599.62	    0.48	    6.53	    0.06	    0.18	    0.00	    1.01	    0.62	    0.07	    0.06	    0.12	    0.04	    0.18	    0.02	    0.03	    0.02	    0.05	    0.06	    0.03
4	3	    0.00	    0.05	    0.00	    0.00	 1913.32	 1572.35	 1142.76	 1882.18	 2720.64	 3526.97	    0.00	    0.00	    0.00	    0.00	 1161.34	 1447.49	 1186.89	  267.70	  521.79	  300.13	    0.03	  398.77	    0.00	    0.00
4	5	    0.00	    0.00	  617.37	 2118.81	 1259.69	    0.00	    0.02	    0.04	  579.18	 1336.70	  405.28	 1234.74	  670.49	  100.04	  289.42	    0.04	    0.05	    0.00	    0.11	    0.01	    0.01	    0.00	   99.83	   85.70
4	8	 2998.49	  899.83	  722.68	 4078.96	 2926.99	 1399.67	    0.03	    0.10	    0.00	    0.00	    0.40	 1421.66	 1135.94	    0.00	    0.00	    0.06	    0.00	    0.01	    0.00	    0.03	    0.01	    0.00	    0.00	  199.85
5	1	    0.00	    0.00	    0.00	    0.02	   89.51	  927.63	  828.21	 1424.34	  179.02	  536.76	    0.02	    0.00	    0.00	    0.01	   89.46	  985.30	  200.35	  131.96	  100.01	  400.00	    0.00	  100.06	    0.00	    0.00
5	4	    0.00	  778.19	    0.00	    0.00	    0.00	 3172.02	 1043.58	 1833.24	    0.00	    0.00	    0.00	    0.00	    0.00	    0.00	    0.00	 1462.43	    0.11	  205.76	    0.03	  309.07	    0.10	    0.00	    0.00	    0.00
5	7	 2200.15	 1500.06	  377.04	 1718.84	  970.18	 3500.34	    0.00	    0.00	    0.16	    0.07	    5.31	 1699.71	  521.67	    0.04	    0.00	    0.00	    0.00	    0.00	    0.00	    0.00	    0.00	    0.00	    0.00	    0.00
6	7	    0.00	    0.00	    0.00	    0.00	    0.00	    0.00	 4176.50	    0.00	    0.00	    0.00	    0.00	    0.03	    0.00	  399.86	  599.80	  391.75	  140.20	  999.70	  999.53	 2599.97	  500.07	  800.05	  300.07	  199.99
6	17	  429.90	  335.96	    8.58	  434.28	  121.57	  984.09	 7923.50	 4514.74	  825.12	    0.23	    0.14	  216.70	    0.17	    0.00	    0.00	    0.00	    0.03	    0.00	    0.00	    0.00	    0.00	    0.00	    0.00	    0.00
7	5	    0.00	    0.00	    0.00	    0.00	    0.00	    0.00	 2271.77	 4057.54	    0.00	    0.13	    0.00	    0.00	    0.00	    0.00	    0.04	 3347.69	  700.41	  437.71	  299.93	 1009.06	  100.08	  300.03	    0.11	    0.01
7	6	  929.90	  535.96	  108.58	  834.28	  321.57	 1384.09	    0.00	 5514.74	 1425.06	    4.41	    1.69	  916.70	   63.73	    0.00	    0.00	    0.00	    0.12	    0.00	    0.00	    0.00	    0.00	    0.00	    0.00	    0.00
7	8	    0.00	    0.00	    0.00	    0.00	    0.00	    0.00	  904.73	 3742.38	    0.00	    0.00	    0.00	    0.00	    0.00	    0.00	    0.00	 1283.45	    0.00	  262.12	    0.00	  691.28	    0.04	    0.10	    0.00	    0.00
7	15	  470.33	  564.14	  171.47	  685.28	  428.30	 1316.35	    0.00	 3385.33	  891.98	    0.00	    0.07	  473.80	    0.57	    0.00	    0.00	    0.00	    0.00	    0.00	    0.00	    0.00	    0.00	    0.00	    0.00	    0.00
8	4	    0.00	    0.00	    0.00	    0.00	    0.00	    0.00	  299.23	  549.09	 4099.81	 5863.40	    0.00	    0.00	    0.00	    0.00	 1650.67	  485.17	 1386.83	   61.95	  621.86	   91.10	   97.20	  598.72	    0.00	    0.00
8	7	    0.08	    0.04	  103.01	  500.72	  279.68	    0.10	    0.00	    0.00	 3116.89	 1604.19	  796.45	  290.75	  142.63	    0.00	    0.00	    0.00	    0.24	    0.00	    0.00	    0.00	    0.00	    0.00	    0.00	    0.00
8	9	 2498.41	  699.78	  519.67	 2878.23	 1847.31	  999.57	    5.58	 2393.40	 8983.30	    0.00	    0.00	  530.97	  393.36	    0.00	    0.00	    0.26	    0.00	    0.20	    0.00	    0.37	    0.00	    0.00	    0.00	    0.00
9	8	    0.00	    0.00	    0.00	    0.00	    0.00	    0.00	    0.06	    0.00	    0.00	10267.59	 2196.06	    0.06	    0.06	  600.00	 2650.67	  601.92	 2287.07	    0.02	 1021.86	    0.16	  397.14	 1298.62	  500.00	    0.15
9	10	    0.00	    0.00	    0.00	    0.00	    0.00	    0.00	  499.52	  793.50	 1713.10	 8387.06	    0.00	    0.00	    0.00	    0.00	 1302.09	 1567.52	 1912.29	  199.84	  431.30	  419.99	    2.56	  497.04	    0.00	    0.00
9	14	  799.56	   99.82	   99.95	 1099.03	  597.07	  199.60	    0.00	    0.00	 3087.11	14608.34	 1882.58	  650.17	    6.15	    0.00	    0.00	    0.00	    0.87	    0.00	    0.00	    0.00	    0.00	    0.00	    0.00	    0.00
9	15	    0.00	    0.00	   19.95	   80.49	   50.31	    0.00	    0.00	    0.00	  483.27	 8036.08	 2168.69	  207.74	    0.12	    0.00	    0.00	    0.00	    0.00	    0.00	    0.00	    0.00	    0.00	    0.00	    0.00	    0.00
9	16	  399.68	    0.02	   99.96	  499.82	  199.93	    0.05	    0.09	    0.13	  899.82	 3900.92	  999.75	  599.79	  499.82	    0.06	    0.14	    0.12	    0.00	    0.05	    0.08	    0.15	    0.05	    0.15	    0.05	    0.03
10	3	    0.00	    0.00	    0.00	    0.00	    0.00	    0.00	    0.00	    0.00	    0.00	    2.47	 3405.46	    0.06	    0.00	 1199.73	    2.07	    0.35	    0.58	    0.00	    0.85	    0.00	    0.03	    1.13	  697.30	    0.00
10	9	    0.84	    0.00	    0.20	    1.12	    0.00	    0.00	    0.00	    0.00	    0.00	    0.00	11147.08	 2926.80	 2012.79	 1137.68	    0.00	    0.00	    0.00	    0.00	    0.00	    0.00	    0.00	    0.00	  332.94	   46.87
10	11	    0.00	    0.00	    0.00	    0.00	    0.00	    0.00	    0.00	    0.00	    0.29	 3234.33	 2400.74	    0.00	    0.00	  713.95	  654.42	  167.30	  912.18	    0.02	  280.44	    0.00	    0.00	    0.00	    0.00	    0.00
10	13	  300.65	  100.03	  100.10	  999.02	  199.76	  199.69	    0.00	    0.03	  312.87	 1150.44	 5346.72	 1050.13	   17.26	    0.00	    0.00	    0.00	    0.05	    0.00	    0.00	    0.00	    0.00	    0.00	    0.00	    0.00
11	2	    0.00	    0.00	    0.00	    0.00	    0.00	    0.00	    0.00	    0.00	    0.00	    0.10	    0.71	 4622.33	 3558.22	    0.50	    0.08	    0.00	    0.03	    0.00	    0.01	    0.00	  302.72	  500.17	  402.66	  599.87
11	10	    0.12	    0.05	    0.06	    0.09	    0.02	    0.07	    0.00	    0.00	    0.00	    0.00	    0.00	 5375.98	 3029.43	    0.00	    0.00	    0.00	    0.00	    0.00	    0.00	    0.00	    0.04	    0.00	    0.00	    0.34
11	12	 1399.88	  300.08	  299.97	 1002.07	  203.06	  300.30	   70.84	  600.00	  799.89	 1900.09	 1000.50	 3901.70	    0.00	   13.94	    7.41	    0.85	  499.95	    0.11	    3.17	    0.03	    0.00	    0.00	    0.00	    0.00
12	11	    0.00	    0.00	    0.00	    0.00	    0.00	    0.00	    0.34	    0.00	    0.00	    0.00	    0.00	    0.00	 7887.65	    0.37	    0.27	    0.53	    0.00	    0.62	    0.12	  499.92	  602.76	 1200.17	 1102.66	 1100.20
12	23	  899.88	    0.08	  199.97	  402.07	    3.06	  100.30	    0.00	    0.00	  199.89	    0.09	    0.50	 2601.70	 6712.35	    0.00	    0.00	    0.00	    0.00	    0.00	    0.00	    0.00	    0.00	    0.00	    0.00	    0.00
13	10	    0.00	    0.00	    0.00	    0.00	    0.00	    0.00	    0.00	    0.00	    0.00	    0.00	    0.00	    0.00	    0.00	 4651.29	  754.34	    0.00	    0.47	    0.00	  249.98	  179.98	  397.41	  604.04	 2330.18	  646.51
13	14	    0.53	    0.04	    0.08	    0.65	    0.07	    0.04	    0.00	    0.00	    0.00	    0.00	 1053.21	  349.91	   90.64	 6222.89	    0.00	    0.00	    0.00	    0.00	    0.00	    0.00	    0.00	    0.00	 1204.11	  115.78
13	22	    0.13	    0.00	    0.03	  498.39	   99.71	   99.65	    0.00	    0.00	  193.90	  805.61	 2693.58	    0.25	    0.00	 3225.82	  431.34	    0.00	  215.80	    0.00	  134.82	    0.00	    0.00	    0.00	    0.00	    0.00
14	9	    0.00	    0.00	    0.00	    0.00	    0.00	    0.00	    0.00	    0.00	    0.00	    0.00	    0.00	    0.00	    0.00	 1562.38	 7952.89	    0.32	    0.90	    0.06	 3253.02	 1709.93	 1599.76	 4395.81	 1967.11	  753.30
14	13	    0.00	    0.00	    0.00	    0.00	    0.01	    0.00	  199.79	  399.58	  481.03	 1755.17	    0.07	    0.00	    0.00	    0.00	 2485.67	  699.38	  916.22	   99.90	  684.78	  679.30	    0.74	  679.52	    0.00	    0.00
14	18	  300.09	    0.07	    0.03	  200.15	  100.03	    0.05	    0.02	    0.03	  400.16	 3258.93	  829.59	  300.15	  281.17	 2896.01	 5899.54	    0.06	    0.45	    0.01	    0.00	    0.05	  558.94	 2899.91	  899.98	  258.85
14	21	    0.00	    0.00	    0.00	  399.54	  297.10	    0.00	    0.00	    0.00	 1305.92	 5594.24	  706.13	    0.00	    0.00	  464.49	 5061.90	    0.25	 2492.17	    0.00	 2080.37	    0.00	    0.00	    0.00	    0.00	    0.00
15	7	    0.00	    0.00	    0.00	    0.00	    0.00	    0.00	    0.00	    0.00	    0.00	    0.29	    0.00	    0.00	    0.00	    0.10	    0.24	 6439.39	 1960.09	    0.13	    0.40	    0.37	    0.05	    0.09	    0.03	    0.02
15	9	    0.00	    0.06	    0.00	    0.00	    0.00	    0.08	 2393.87	    0.23	    0.00	    0.00	    0.00	    0.00	    0.00	    0.00	    0.00	 6567.53	    0.62	  899.56	    0.21	 1209.83	    0.00	    0.00	    0.00	    0.00
15	16	    0.24	  199.98	    0.01	    0.07	    0.06	  500.02	 1000.36	 1400.26	    0.12	    0.55	    0.10	    0.06	    0.00	    0.00	    0.00	 5963.44	    0.00	  600.17	    0.00	 1540.58	  352.76	    0.00	    0.00	  128.66
15	17	    0.04	    0.02	    0.00	    0.04	    0.01	    0.09	    0.00	    0.43	    0.22	 3637.36	  769.10	    0.11	    0.04	    0.03	    0.17	 7129.64	 3752.18	    0.00	    0.17	    0.00	    0.00	    0.00	    0.00	    0.00
16	9	    0.00	    0.00	    0.00	    0.00	    0.00	    0.00	    0.21	    0.00	    0.00	    0.00	    0.00	    0.00	    0.00	    0.00	    0.00	    1.45	 8098.71	    0.09	    0.00	    0.17	    0.00	    0.00	    0.00	    0.00
16	15	    0.00	    0.00	    0.00	    0.00	    0.00	    0.00	    0.00	    0.00	    0.00	    1.72	    0.31	    0.00	    0.00	  690.76	 1185.89	    0.00	 8512.76	    0.00	 1285.11	    0.00	    0.06	    0.12	    0.05	    0.03
16	18	    0.03	    0.02	    0.00	    0.02	    0.01	    0.07	    0.24	    0.39	    0.04	    0.17	    0.00	    0.00	    0.00	    0.00	    0.00	 3162.11	 6788.53	    0.13	    0.00	    0.00	    0.00	    0.00	    0.00	    0.00
17	6	    0.00	    0.00	    0.00	    0.00	    0.00	    0.00	    0.00	    0.00	    0.06	 1895.82	  498.44	    0.03	  336.43	  599.86	 1099.80	 1791.75	 1140.11	 1199.70	 1399.53	 3099.97	  700.07	 1300.05	  500.07	  299.99
17	15	   29.96	   35.91	    8.58	   34.34	   21.46	   83.84	 4794.24	  215.58	   25.09	    0.40	    0.13	   18.63	  599.35	    9.36	   14.52	    0.00	    0.12	 1999.87	   15.67	 4350.79	  952.76	 1199.97	  499.99	  428.65
17	19	  299.99	  300.06	    0.00	  299.99	  100.11	  800.34	 2929.26	 3999.59	  600.19	 1041.60	  170.75	    0.10	    0.12	    0.00	    0.00	 4837.89	 2012.13	 1600.43	    0.00	    0.00	    0.00	    0.00	    0.00	    0.00
18	14	    0.00	    0.21	    0.00	    0.00	    0.00	    0.41	  699.75	  999.53	    0.00	    0.00	    0.00	    0.00	    0.00	    0.00	    0.00	 1899.84	 4908.87	  299.94	 6818.17	 3488.81	    0.17	    0.41	    0.17	    0.08
18	16	    0.10	    0.02	    0.03	    0.13	    0.02	    0.00	    0.00	    0.00	    0.10	    0.42	    0.47	    0.15	    0.18	 1390.70	 2685.76	    0.00	    0.00	    0.00	 2985.04	  159.44	  247.24	 1699.96	  599.99	  171.34
18	19	    0.02	    0.00	    0.00	    0.04	    0.02	    0.03	    0.00	    0.00	    0.10	 1458.68	  429.13	    0.00	    0.00	 1205.33	 2413.78	    0.00	  180.10	    0.00	 2996.80	    0.00	    0.00	    0.00	    0.00	    0.00
19	17	    0.00	    0.00	    0.00	    0.00	    0.00	    0.00	    0.00	    0.00	    0.00	    0.23	    0.09	    1.95	 1035.69	  709.19	 1314.15	    0.00	    0.15	    0.00	 1715.03	 7850.76	 1752.83	 2800.02	 1100.06	  728.64
19	18	    0.00	  100.15	    0.00	    0.00	    0.00	  200.32	 1099.49	 1699.11	    0.00	    0.00	    0.00	    0.00	   19.01	    0.01	    0.00	   37.67	    0.00	  599.79	    0.00	 4848.19	   88.47	    0.47	    0.19	   12.57
19	20	    0.00	    0.00	    0.00	    0.01	    0.12	  100.02	  629.68	  600.24	    0.13	    0.05	    0.02	    0.01	    0.03	    0.02	    0.04	 1500.01	  492.03	  200.61	   81.88	 2700.44	    0.00	    0.08	    0.03	    0.02
19	21	    0.00	   99.92	    0.00	    0.02	    0.01	  200.04	  700.10	  800.24	    0.17	    0.23	    0.05	    0.00	    0.00	    0.00	    0.18	 1700.21	    0.12	  400.03	    0.08	 3100.61	    0.19	    0.00	    0.00	    0.00
20	19	    0.00	    0.00	    0.00	    0.00	    0.00	    0.00	    0.00	    0.00	    0.00	    0.11	    0.03	  401.80	 1654.53	    0.09	    0.18	    0.00	    0.08	    0.00	    0.19	    0.00	 3041.49	    0.24	    3.96	 1140.90
20	21	  262.44	    0.07	   65.61	    0.34	    0.00	    0.03	    0.06	    0.08	    0.00	    0.00	    0.00	  459.28	 1464.40	    0.00	    0.00	    0.17	    0.00	    0.04	    0.00	    0.43	 4759.77	    0.00	    0.10	 1604.21
20	23	    0.00	    0.00	    0.00	    0.00	    0.00	    0.02	  429.61	  200.16	    0.03	  483.75	    0.00	    0.00	    0.00	    0.00	  679.04	  899.93	  214.10	  100.57	  249.00	 1500.01	 3198.74	 2348.44	    0.00	    0.00
21	14	    0.00	    0.00	    0.00	    0.00	    0.00	    0.00	    0.06	    0.09	    0.00	    0.00	    0.00	    0.07	  884.38	    0.00	    0.00	    0.17	    0.00	    0.03	    0.00	    0.48	 2959.27	10574.83	 2662.81	 1296.30
21	19	    0.00	    0.00	    0.00	    0.00	    0.00	    0.00	    0.00	    0.00	    0.00	    0.11	    0.25	    0.06	    0.08	    3.81	    0.40	    0.00	    0.00	    0.00	    0.00	    0.00	    0.00	 5200.33	 1796.31	    0.34
21	20	    0.01	    0.00	    0.00	    0.03	   97.16	    0.00	    0.00	    0.00	  299.90	 1683.81	    3.14	    0.04	    0.00	    1.43	 1479.18	    0.09	  322.14	    0.00	  567.31	    0.00	    0.00	 4148.60	    1.02	    0.00
21	22	    0.00	    0.00	    0.00	    0.00	    0.00	    0.07	  200.10	  300.23	  306.19	 1310.55	    0.00	    0.00	    0.00	    0.00	  982.49	  500.38	  470.15	  100.04	  313.14	  700.57	    0.69	 4476.25	    0.00	    0.00
22	13	    0.01	    0.00	    0.00	    0.02	    0.00	    0.00	    0.21	    0.39	    0.00	    0.00	    0.00	    0.03	  673.38	    0.00	    0.00	    0.62	    0.00	    0.10	    0.01	    0.68	  796.66	 1124.52	 4634.29	 1162.29
22	21	  137.57	    0.02	   34.39	    0.13	    0.06	    0.00	    0.00	    0.00	    0.00	    0.00	  397.21	  240.89	  720.06	  740.75	    0.00	    0.00	    0.00	    0.00	    0.00	    0.00	    0.00	    0.00	 6560.04	  792.43
22	23	    0.01	    0.00	    0.00	    0.03	    0.00	    0.01	    0.03	    0.06	    0.08	  316.16	  996.43	    0.00	    0.00	 1385.07	  413.82	    0.12	   85.95	    0.00	  147.94	    0.38	    0.29	 1251.82	 3305.66	    0.00
23	12	    0.00	    0.00	    0.00	    0.00	    0.00	    0.00	  329.50	    0.00	    0.00	    0.00	    0.00	    0.00	    0.00	  586.43	  692.86	  599.68	    0.05	  100.50	  296.94	 1099.89	 1202.76	 2500.17	 1902.66	 1800.20
23	20	  362.42	    0.06	   65.61	  200.30	    2.71	    0.04	    0.00	    0.00	    0.00	    0.00	  396.87	 1161.02	 3718.90	  398.64	    0.00	    0.00	    0.00	    0.00	    0.00	    0.00	    0.00	    0.00	  703.01	 3245.09
23	22	  437.47	    0.02	  134.36	    1.79	    0.35	    0.30	    0.14	    0.22	    0.00	    0.00	    0.06	  940.67	 2193.44	    0.00	    0.00	    0.36	    0.00	    0.07	    0.00	    0.49	 1496.26	    0.10	    0.00	 2654.71
