i	j	       0	       1	       2	       3	       4	       5	       6	       7	       8	       9	      10	      11	      12	      13	      14	      15	      16	      17	      18	      19	      20	      21	      22	      23
0	1	 2600.33	    0.00	  270.49	  200.02	   14.85	    0.00	    0.01	    0.02	   29.70	   89.11	  200.02	  481.32	  464.58	  100.01	   14.91	    0.02	    0.02	    0.00	    0.01	    0.00	    0.01	    0.07	    0.06	   29.49
0	2	 6199.67	 1178.05	    0.00	    0.00	    0.00	  248.70	  158.98	  275.05	    0.00	    0.00	    0.00	    0.00	    0.00	    0.00	    0.00	  119.49	    0.00	   39.11	    0.00	    0.02	    0.00	    0.00	    0.00	    0.00
1	0	    0.00	 1278.05	    0.00	    0.00	    0.00	  548.70	  658.96	 1075.01	    0.00	    0.00	    0.00	    0.00	    0.00	    0.00	    0.00	  619.47	    0.63	   39.11	    0.03	  300.01	    0.00	    0.02	    0.00	    0.00
1	5	 2500.33	 2721.95	  170.49	    0.04	    0.00	    0.00	    0.00	    0.00	    0.00	    0.00	    0.04	  381.32	  164.58	    0.01	    0.00	    0.00	    0.00	    0.00	    0.00	    0.00	    0.01	    0.03	    0.06	   29.49
2	0	    0.00	    0.00	  370.49	  700.02	  214.85	    0.00	    0.03	    0.05	  529.70	 1389.11	  700.02	  681.32	  964.58	  400.01	  514.91	    0.04	  399.39	  100.00	  299.99	    0.02	  100.01	  400.05	  300.06	  129.49
2	3	 4498.82	  677.65	 1929.16	    0.00	    0.00	    0.00	    0.00	    0.00	    0.00	    0.00	    0.00	 3744.95	 2494.12	    0.08	    0.00	    0.00	    0.00	    0.00	    0.00	    0.00	  202.49	    0.10	    1.71	  470.20
2	11	 1600.85	  400.40	  500.35	 1602.97	  402.89	  500.61	  772.55	 1200.00	 1399.49	  656.90	    1.11	    0.00	    0.00	    0.22	   48.58	  547.55	  185.28	  199.38	   20.82	    0.13	    0.00	    0.00	    0.00	    0.00
3	2	    0.00	    0.00	    0.00	 2502.99	  717.74	  551.91	  713.59	 1125.00	 2029.19	 2346.01	 1000.52	    0.00	    0.00	  499.87	  663.44	  628.10	  684.67	  260.26	  320.81	    0.12	    0.00	    0.05	    0.04	    0.00
3	4	 3196.86	  177.59	 1329.03	 6695.73	    0.00	    0.00	    0.00	    0.00	    0.00	    0.07	  906.11	 3144.13	 1893.43	  200.08	    0.08	    0.00	    0.03	    0.00	    0.02	    0.00	    2.63	    0.11	  199.99	  270.23
3	10	  801.97	  300.10	  400.12	 2401.28	  699.52	  599.40	    0.12	    3.65	    0.34	    0.16	    0.00	    0.81	    0.69	    0.06	    0.05	    0.11	    0.04	    0.04	    0.02	    0.02	    0.02	    0.04	    0.05	    0.02
4	3	    0.00	    0.04	    0.00	    0.00	 1917.26	 1551.31	 1113.72	 1828.65	 2729.53	 3546.03	    0.00	    0.00	    0.00	    0.00	 1162.00	 1428.21	 1184.48	  360.30	  520.19	  300.14	    0.03	  398.66	    0.00	    0.00
4	5	    0.00	    0.00	  525.63	 2125.51	 1259.10	    0.00	    0.02	    0.03	  570.44	 1310.91	  405.80	 1465.55	  578.11	  100.02	  284.72	    0.04	    0.04	    0.00	    0.11	    0.01	    0.01	    0.00	   99.94	   70.50
4	8	 2996.86	  899.50	  703.41	 4070.23	 2923.64	 1399.85	    0.02	    0.09	    0.00	    0.00	    0.31	 1478.58	 1115.32	    0.06	    0.00	    0.05	    0.00	    0.01	    0.00	    0.02	    0.00	    0.00	    0.05	  199.74
5	1	    0.00	    0.00	    0.00	    0.02	   85.15	  948.70	  858.96	 1475.00	  170.30	  510.89	    0.02	    0.00	    0.00	    0.01	   85.09	 1019.45	  200.61	   39.11	  100.01	  400.00	    0.00	   99.98	    0.00	    0.00
5	4	    0.00	  821.95	    0.00	    0.00	    0.00	 3151.17	 1030.80	 1809.86	    0.00	    0.00	    0.00	    0.00	    0.00	    0.00	    0.00	 1475.49	    0.09	  202.17	    0.03	  311.69	    0.00	    0.00	    0.00	    0.00
5	7	 2200.33	 1499.99	  396.12	 1725.53	  973.95	 3500.13	    0.00	    0.00	    0.14	    0.13	    5.82	 1646.87	  542.69	    0.03	    0.00	    0.00	    0.00	    0.00	    0.00	    0.00	    0.00	    0.00	    0.00	    0.00
6	7	    0.00	    0.00	    0.00	    0.00	    0.00	    0.00	 4174.99	    0.00	    0.00	    0.00	    0.00	    0.00	    0.00	  399.92	  600.17	  392.25	  140.36	  999.59	  999.59	 2599.94	  500.10	  799.94	  299.97	  199.99
6	17	  429.98	  335.89	    8.47	  433.84	  121.35	  983.91	 7925.01	 4514.88	  829.34	    0.69	    0.14	  220.69	    0.10	    0.00	    0.00	    0.00	    0.02	    0.00	    0.00	    0.00	    0.00	    0.00	    0.00	    0.00
7	5	    0.00	    0.00	    0.00	    0.00	    0.00	    0.00	 2289.74	 4084.82	    0.00	    0.12	    0.00	    0.00	    0.00	    0.00	    0.37	 3394.91	  700.66	  341.28	  299.93	 1011.68	   99.99	  299.95	    0.00	    0.01
7	6	  929.98	  535.89	  108.47	  833.84	  321.35	 1383.91	    0.00	 5514.88	 1429.11	    4.53	    1.51	  920.62	   61.67	    0.00	    0.00	    0.00	    0.10	    0.00	    0.00	    0.00	    0.00	    0.00	    0.00	    0.00
7	8	    0.00	    0.00	    0.00	    0.00	    0.00	    0.00	  885.25	 3715.11	    0.00	    0.00	    0.00	    0.00	    0.00	    0.00	    0.00	 1237.87	    0.00	  358.43	    0.00	  688.59	    0.16	    0.07	    0.00	    0.00
7	15	  470.42	  564.14	  173.71	  685.94	  428.69	 1316.31	    0.00	 3385.18	  879.67	    0.00	    0.05	  479.91	    0.45	    0.00	    0.00	    0.00	    0.00	    0.00	    0.00	    0.00	    0.00	    0.00	    0.00	    0.00
8	4	    0.00	    0.00	    0.00	    0.00	    0.00	    0.00	  282.96	  518.91	 4099.97	 5856.87	    0.00	    0.00	    0.00	    0.00	 1646.64	  452.80	 1384.40	  158.14	  620.26	   88.49	   97.40	  598.55	    0.00	    0.00
8	7	    0.07	    0.04	   86.07	  494.25	  276.09	    0.09	    0.00	    0.00	 3108.64	 1603.78	  795.74	  353.66	  119.42	    0.00	    0.00	    0.00	    0.21	    0.00	    0.00	    0.00	    0.00	    0.00	    0.00	    0.00
8	9	 2496.78	  699.46	  517.34	 2875.98	 1847.55	  999.77	    2.36	 2396.29	 8991.39	    0.00	    0.00	  524.97	  395.94	    0.00	    0.00	    0.23	    0.00	    0.33	    0.00	    0.26	    0.00	    0.00	    0.00	    0.00
9	8	    0.00	    0.00	    0.00	    0.00	    0.00	    0.00	    0.05	    0.00	    0.00	10260.65	 2195.43	    0.05	    0.05	  599.94	 2646.64	  615.11	 2284.62	    0.03	 1020.26	    0.14	  397.24	 1298.48	  499.95	    0.26
9	10	    0.00	    0.00	    0.00	    0.00	    0.00	    0.00	  499.88	  796.38	 1713.97	 8396.27	    0.00	    0.00	    0.00	    0.00	 1280.62	 1552.66	 1914.66	  199.94	  423.57	  434.46	    1.05	  512.52	    0.00	    0.00
9	14	  797.97	   99.79	   99.75	 1096.85	  597.42	  199.79	    0.00	    0.00	 3086.18	14603.34	 1893.47	  644.22	    8.02	    0.00	    0.00	    0.00	    0.76	    0.00	    0.00	    0.00	    0.00	    0.00	    0.00	    0.00
9	15	    0.00	    0.00	   17.82	   80.27	   50.17	    0.00	    0.00	    0.00	  491.40	 8039.15	 2169.67	  198.49	    0.11	    0.00	    0.00	    0.00	    0.00	    0.00	    0.00	    0.00	    0.00	    0.00	    0.00	    0.00
9	16	  399.65	    0.02	   99.97	  499.86	  199.96	    0.04	    0.08	    0.11	  899.84	 3900.59	  999.89	  599.83	  499.86	    0.10	    0.12	    0.11	    0.00	    0.05	    0.07	    0.13	    0.05	    0.13	    0.05	    0.02
10	3	    0.00	    0.00	    0.00	    0.00	    0.00	    0.00	    0.00	    0.00	    0.00	    0.21	 3406.63	    0.00	    0.00	 1199.94	    1.57	    0.00	    0.25	    0.00	    0.65	    0.00	    0.13	    1.44	  698.37	    0.05
10	9	    0.83	    0.29	    0.20	    0.99	    0.00	    0.00	    0.00	    0.00	    0.00	    0.00	11158.46	 2917.61	 2012.09	 1063.36	    0.00	    0.00	    0.00	    0.00	    0.00	    0.00	    0.00	    0.00	  382.84	   67.11
10	11	    0.00	    0.00	    0.00	    0.00	    0.00	    0.00	    0.00	    0.00	    0.15	 3243.10	 2400.14	    0.00	    0.00	  714.80	  656.58	  152.91	  914.68	    0.02	  281.37	    0.00	    0.00	    0.00	    0.00	    0.00
10	13	  302.07	  100.14	  100.29	 1000.36	  199.54	  199.47	    0.00	    0.03	  314.16	 1153.12	 5334.77	 1055.17	   18.62	    0.00	    0.00	    0.00	    0.05	    0.00	    0.00	    0.00	    0.00	    0.00	    0.00	    0.00
11	2	    0.00	    0.00	    0.00	    0.00	    0.00	    0.00	    0.00	    0.00	    0.00	    0.00	    0.61	 4626.27	 3558.70	    0.44	    0.05	    0.00	    0.00	    0.01	    0.00	    0.00	  302.49	  500.10	  401.73	  599.69
11	10	    0.94	    0.33	    0.37	    0.08	    0.02	    0.07	    0.00	    0.00	    0.00	    0.00	    0.00	 5371.97	 3030.02	    0.00	    0.00	    0.00	    0.00	    0.00	    0.00	    0.00	    0.04	    0.00	    0.00	    0.32
11	12	 1399.91	  300.07	  299.98	 1002.89	  202.86	  300.54	   72.62	  600.00	  799.64	 1900.00	 1000.64	 3901.76	    0.00	   14.87	    5.35	    0.47	  499.96	    0.03	    2.29	    0.00	    0.00	    0.00	    0.00	    0.00
12	11	    0.00	    0.00	    0.00	    0.00	    0.00	    0.00	    0.07	    0.00	    0.00	    0.00	    0.00	    0.00	 7888.72	    0.29	    0.24	    0.00	    0.00	    0.64	    0.10	  499.87	  602.53	 1200.10	 1101.73	 1100.02
12	23	  899.91	    0.07	  199.98	  402.89	    2.86	  100.54	    0.00	    0.00	  199.64	    0.00	    0.64	 2601.76	 6711.28	    0.00	    0.00	    0.00	    0.00	    0.00	    0.00	    0.00	    0.00	    0.00	    0.00	    0.00
13	10	    0.00	    0.00	    0.00	    0.00	    0.00	    0.00	    0.00	    0.00	    0.00	    0.00	    0.00	    0.00	    0.00	 4578.03	  777.48	    0.15	    0.28	    0.04	  258.43	  165.52	  399.03	  588.88	 2381.16	  666.82
13	14	    1.99	    0.14	    0.27	    2.31	    0.05	    0.03	    0.00	    0.00	    0.00	    0.00	 1046.21	  355.40	  102.56	 6292.48	    0.00	    0.00	    0.00	    0.00	    0.00	    0.00	    0.00	    0.00	 1113.40	  121.34
13	22	    0.09	    0.00	    0.02	  498.07	   99.50	   99.44	    0.00	    0.00	  192.17	  798.24	 2688.62	    0.23	    0.22	 3229.49	  436.39	    0.00	  218.09	    0.00	  135.87	    0.00	    0.00	    0.00	    0.00	    0.00
14	9	    0.00	    0.00	    0.00	    0.00	    0.00	    0.00	    0.00	    0.00	    0.00	    0.00	    0.00	    0.00	    0.00	 1636.68	 7927.38	    0.28	    0.78	    0.05	 3243.71	 1726.16	 1598.34	 4411.13	 1917.16	  733.18
14	13	    0.00	    0.00	    0.00	    0.00	    0.00	    0.00	  199.53	  399.07	  478.01	 1745.12	    0.06	    0.00	    0.00	    0.00	 2513.87	  699.06	  918.32	   99.81	  694.29	  663.41	    0.00	  668.28	    0.00	    0.00
14	18	  299.95	    0.04	    0.02	  200.12	  100.03	    0.05	    0.02	    0.03	  400.14	 3256.52	  828.81	  300.12	  282.42	 2899.41	 5900.15	    0.05	    0.39	    0.01	    0.00	    0.05	  554.95	 2899.92	  899.98	  259.68
14	21	    0.00	    0.00	    0.00	  399.03	  297.44	    0.00	    0.00	    0.00	 1308.03	 5601.70	  710.81	    0.00	    0.00	  456.39	 5058.61	    0.22	 2481.60	    0.00	 2088.66	    0.00	    0.00	    0.00	    0.00	    0.00
15	7	    0.00	    0.00	    0.00	    0.00	    0.00	    0.00	    0.00	    0.00	    0.00	    0.74	    0.00	    0.00	    0.00	    0.05	    0.20	 6440.54	 1960.19	    0.12	    0.33	    0.33	    0.05	    0.08	    0.03	    0.02
15	9	    0.00	    0.05	    0.00	    0.00	    0.00	    0.07	 2397.44	    0.20	    0.00	    0.00	    0.00	    0.00	    0.00	    0.00	    0.00	 6566.34	    0.54	  899.54	    0.19	 1208.14	    0.00	    0.00	    0.00	    0.00
15	16	    0.34	  199.99	    0.01	    0.06	    0.03	  500.02	 1000.31	 1400.20	    0.11	    0.48	    0.08	    0.05	    0.00	    0.00	    0.00	 5959.38	    0.00	  600.14	    0.00	 1546.67	  352.32	    0.00	    0.00	  126.76
15	17	    0.04	    0.02	    0.00	    0.04	    0.01	    0.08	    0.00	    0.40	    0.63	 3639.58	  770.07	    0.14	    0.01	    0.03	    0.13	 7133.74	 3748.46	    0.00	    0.13	    0.00	    0.00	    0.00	    0.00	    0.00
16	9	    0.00	    0.00	    0.00	    0.00	    0.00	    0.00	    0.20	    0.00	    0.00	    0.00	    0.00	    0.00	    0.00	    0.00	    0.00	    1.02	 8098.72	    0.09	    0.00	    0.17	    0.00	    0.00	    0.00	    0.00
16	15	    0.00	    0.00	    0.00	    0.00	    0.00	    0.00	    0.00	    0.00	    0.00	    1.30	    0.32	    0.00	    0.00	  692.32	 1187.01	    0.00	 8509.08	    0.00	 1286.27	    0.00	    0.05	    0.10	    0.04	    0.03
16	18	    0.03	    0.03	    0.00	    0.02	    0.01	    0.05	    0.19	    0.31	    0.03	    0.15	    0.00	    0.00	    0.00	    0.00	    0.00	 3158.47	 6792.20	    0.10	    0.00	    0.00	    0.00	    0.00	    0.00	    0.00
17	6	    0.00	    0.00	    0.00	    0.00	    0.00	    0.00	    0.00	    0.00	    0.23	 1896.16	  498.63	    0.07	  338.43	  599.92	 1100.17	 1792.25	 1140.28	 1199.59	 1399.59	 3099.94	  700.10	 1299.94	  499.97	  299.99
17	15	   29.96	   35.92	    8.47	   33.89	   21.18	   83.85	 4797.75	  215.62	   29.66	    0.35	    0.11	   21.79	  599.45	    7.75	   13.32	    0.00	    0.11	 1999.81	   14.38	 4355.14	  952.32	 1199.98	  499.99	  426.75
17	19	  300.06	  299.99	    0.00	  299.99	  100.18	  800.14	 2927.26	 3999.67	  600.07	 1043.96	  171.49	    0.06	    0.06	    0.00	    0.00	 4841.49	 2008.23	 1600.60	    0.00	    0.00	    0.00	    0.00	    0.00	    0.00
18	14	    0.00	    0.11	    0.00	    0.00	    0.00	    0.22	  699.50	  999.02	    0.00	    0.00	    0.00	    0.00	    0.00	    0.00	    0.00	 1899.47	 4900.32	  299.84	 6826.66	 3489.19	    0.15	    0.36	    0.15	    0.07
18	16	    0.04	    0.02	    0.02	    0.10	    0.02	    0.00	    0.00	    0.00	    0.09	    0.37	    0.35	    0.12	    0.14	 1392.22	 2686.89	    0.00	    0.00	    0.00	 2986.20	  153.36	  247.68	 1699.97	  599.99	  173.24
18	19	    0.02	    0.00	    0.00	    0.04	    0.02	    0.02	    0.00	    0.00	    0.09	 1456.29	  428.46	    0.00	    0.00	 1207.20	 2413.25	    0.00	  192.26	    0.00	 2987.13	    0.00	    0.00	    0.00	    0.00	    0.00
19	17	    0.00	    0.00	    0.00	    0.00	    0.00	    0.00	    0.00	    0.00	    0.00	    0.20	    0.01	    1.09	 1037.84	  707.65	 1313.36	    0.00	    0.13	    0.00	 1713.84	 7855.09	 1752.42	 2799.92	 1099.96	  726.75
19	18	    0.08	  100.06	    0.00	    0.00	    0.00	  200.14	 1099.29	 1698.69	    0.00	    0.00	    0.00	    0.00	   17.72	    0.01	    0.00	   40.95	    0.00	  599.73	    0.00	 4842.51	   92.88	    0.41	    0.16	   13.63
19	20	    0.00	    0.00	    0.00	    0.01	    0.14	  100.01	  627.70	  600.55	    0.11	    0.05	    0.02	    0.01	    0.02	    0.02	    0.03	 1500.18	  500.33	  200.72	   73.39	 2700.93	    0.00	    0.07	    0.03	    0.02
19	21	    0.00	   99.93	    0.00	    0.02	    0.06	  200.01	  700.27	  800.43	    0.05	    0.20	    0.04	    0.00	    0.00	    0.00	    0.16	 1700.36	    0.10	  400.15	    0.07	 3101.48	    0.17	    0.00	    0.00	    0.00
20	19	    0.00	    0.00	    0.00	    0.00	    0.00	    0.00	    0.00	    0.00	    0.00	    0.10	    0.02	  401.02	 1655.43	    0.08	    0.16	    0.00	    0.07	    0.00	    0.17	    0.00	 3045.47	    0.22	    0.70	 1140.12
20	21	  263.80	    0.06	   65.95	    0.21	    0.00	    0.03	    0.06	    0.07	    0.00	    0.00	    0.00	  462.09	 1464.72	    0.00	    0.00	    0.15	    0.00	    0.03	    0.00	    0.38	 4755.63	    0.00	    0.53	 1604.06
20	23	    0.00	    0.00	    0.00	    0.00	    0.00	    0.02	  427.64	  200.47	    0.11	  483.72	    0.00	    0.00	    0.00	    0.00	  678.52	  900.11	  210.56	  100.69	  249.67	 1500.55	 3198.90	 2353.69	    0.00	    0.00
21	14	    0.00	    0.00	    0.00	    0.00	    0.00	    0.00	    0.06	    0.08	    0.00	    0.00	    0.00	    0.51	  871.84	    0.00	    0.00	    0.15	    0.00	    0.03	    0.00	    0.42	 2953.15	10578.97	 2703.59	 1271.45
21	19	    0.00	    0.00	    0.00	    0.00	    0.00	    0.00	    0.00	    0.00	    0.00	    0.10	    0.10	    0.03	    0.10	    0.40	    0.14	    0.00	    0.00	    0.00	    0.00	    0.00	    0.00	 5200.18	 1799.45	    0.27
21	20	    0.01	    0.00	    0.00	    0.02	   97.54	    0.00	    0.00	    0.00	  299.99	 1683.77	    2.21	    0.03	    0.00	    0.93	 1478.65	    0.08	  310.30	    0.00	  576.45	    0.00	    0.00	 4153.84	    0.77	    0.00
21	22	    0.00	    0.00	    0.00	    0.00	    0.00	    0.03	  200.27	  300.43	  308.10	 1318.04	    0.00	    0.00	    0.00	    0.00	  979.98	  500.51	  471.40	  100.16	  312.29	  701.43	    2.66	 4467.01	    0.00	    0.00
22	13	    0.01	    0.00	    0.00	    0.02	    0.00	    0.00	    0.47	    0.90	    0.00	    0.00	    0.00	    0.45	  684.16	    0.00	    0.00	    1.09	    0.00	    0.23	    0.01	    2.11	  799.03	 1120.59	 4594.56	 1188.16
22	21	  136.21	    0.01	   34.05	    0.76	    0.03	    0.00	    0.00	    0.00	    0.00	    0.00	  391.46	  238.47	  707.22	  744.94	    0.00	    0.00	    0.00	    0.00	    0.00	    0.00	    0.00	    0.00	 6603.29	  767.65
22	23	    0.01	    0.00	    0.00	    0.02	    0.00	    0.01	    0.18	    0.08	    0.26	  316.28	  997.21	    0.05	    0.00	 1384.55	  416.37	    0.35	   89.49	    0.11	  148.14	    0.61	    0.05	 1247.13	 3302.15	    0.00
23	12	    0.00	    0.00	    0.00	    0.00	    0.00	    0.00	  327.45	    0.00	    0.00	    0.00	    0.00	    0.00	    0.00	  585.42	  694.89	  599.53	    0.04	  100.61	  297.81	 1099.87	 1202.53	 2500.10	 1901.73	 1800.02
23	20	  363.79	    0.05	   65.95	  200.19	    2.33	    0.03	    0.00	    0.00	    0.01	    0.00	  397.80	 1163.07	 3720.12	  399.13	    0.00	    0.00	    0.00	    0.00	    0.00	    0.00	    0.00	    0.00	  700.43	 3244.17
23	22	  436.14	    0.02	  134.03	    2.73	    0.54	    0.54	    0.37	    0.56	    0.00	    0.00	    0.05	  938.75	 2191.16	    0.00	    0.00	    0.93	    0.00	    0.18	    0.00	    1.28	 1496.43	    0.72	    0.00	 2655.81
