i	j	o11d15l28
0	1	 4496.36
0	2	 8119.02
1	0	 4519.72
1	5	 5967.77
2	0	 8095.65
2	3	14019.90
2	11	10034.97
3	2	14041.53
3	4	18018.84
3	10	 5209.67
4	3	18041.55
4	5	 8798.98
4	8	15785.29
5	1	 5991.14
5	4	 8801.60
5	7	12495.35
6	7	12107.81
6	17	15802.14
7	5	12521.33
7	6	12042.54
7	8	 6885.66
7	15	 8388.66
8	4	15805.38
8	7	 6835.63
8	9	21747.90
9	8	21817.95
9	10	17728.56
9	14	23126.18
9	15	11045.71
9	16	 8101.95
10	3	 5308.59
10	9	17603.93
10	11	 8367.19
10	13	 9777.52
11	2	 9989.98
11	10	 8403.02
11	12	12301.79
12	11	12392.63
12	23	11120.02
13	10	 9815.98
13	14	 9036.25
13	22	 8396.30
14	9	23196.78
14	13	 9079.67
14	18	19082.92
14	21	18402.76
15	7	 8399.41
15	9	11071.17
15	16	11687.37
15	17	15297.63
16	9	 8100.57
16	15	11676.09
16	18	 9952.97
17	6	15867.40
17	15	15345.13
17	19	18994.34
18	14	19117.13
18	16	 9940.31
18	19	 8684.82
19	17	19007.09
19	18	 8706.37
19	20	 6305.85
19	21	 7003.23
20	19	 6242.22
20	21	 8618.45
20	23	10306.03
21	14	18382.56
21	19	 7001.17
21	20	 8604.70
21	22	 9659.68
22	13	 8391.34
22	21	 9623.67
22	23	 7901.02
23	12	11110.86
23	20	10256.16
23	22	 7860.05
