i	j	o18d9l56
0	1	 4532.15
0	2	 7691.05
1	0	 4490.54
1	5	 6005.13
2	0	 7732.66
2	3	13996.20
2	11	10095.86
3	2	14130.27
3	4	17998.14
3	10	 5208.59
4	3	18131.85
4	5	 8812.38
4	8	15755.02
5	1	 5963.52
5	4	 8787.13
5	7	12544.07
6	7	11967.92
6	17	16031.47
7	5	12477.21
7	6	12143.35
7	8	 6757.87
7	15	 8432.07
8	4	15913.98
8	7	 6930.94
8	9	21620.16
9	8	22052.18
9	10	17782.26
9	14	23024.98
9	15	11127.02
9	16	 8100.61
10	3	 5308.96
10	9	17514.72
10	11	 8409.80
10	13	 9682.87
11	2	10003.39
11	10	 8414.52
11	12	12406.39
12	11	12418.64
12	23	11091.86
13	10	 9610.99
13	14	 9063.20
13	22	 8378.81
14	9	22386.64
14	13	 9036.14
14	18	18740.32
14	21	18345.14
15	7	 8367.56
15	9	10970.29
15	16	12052.50
15	17	15650.09
16	9	 9495.24
16	15	11406.69
16	18	 9821.22
17	6	15856.05
17	15	16074.66
17	19	19481.66
18	14	18020.32
18	16	10570.05
18	19	 8971.89
19	17	19630.81
19	18	 9000.72
19	20	 6281.25
19	21	 7001.72
20	19	 6359.09
20	21	 8533.43
20	23	10262.83
21	14	18299.73
21	19	 7001.86
21	20	 8589.23
21	22	 9628.17
22	13	 8333.99
22	21	 9638.72
22	23	 7838.75
23	12	11004.11
23	20	10284.86
23	22	 7804.47
