i	j	o0d21l64
0	1	 4497.50
0	2	 8122.59
1	0	 4521.77
1	5	 5968.78
2	0	 8098.32
2	3	14019.24
2	11	10036.62
3	2	14041.52
3	4	18018.78
3	10	 5209.70
4	3	18043.05
4	5	 8795.73
4	8	15788.79
5	1	 5993.04
5	4	 8805.00
5	7	12492.95
6	7	12100.57
6	17	15801.40
7	5	12526.48
7	6	12042.95
7	8	 6879.77
7	15	 8386.81
8	4	15803.81
8	7	 6836.13
8	9	21747.61
9	8	21818.99
9	10	17727.11
9	14	23128.47
9	15	11047.05
9	16	 8099.41
10	3	 5307.70
10	9	17603.23
10	11	 8366.13
10	13	 9777.94
11	2	 9990.08
11	10	 8402.64
11	12	12306.33
12	11	12396.30
12	23	11120.15
13	10	 9815.54
13	14	 9038.01
13	22	 8397.79
14	9	23195.64
14	13	 9079.97
14	18	19083.44
14	21	18401.60
15	7	 8406.36
15	9	11074.65
15	16	11685.96
15	17	15292.04
16	9	 8099.91
16	15	11677.27
16	18	 9952.18
17	6	15859.02
17	15	15347.87
17	19	18990.19
18	14	19113.46
18	16	 9944.00
18	19	 8683.50
19	17	19003.63
19	18	 8705.33
19	20	 6305.27
19	21	 7004.07
20	19	 6241.41
20	21	 8617.38
20	23	10306.24
21	14	18380.71
21	19	 7003.20
21	20	 8603.84
21	22	 9657.83
22	13	 8393.43
22	21	 9622.53
22	23	 7900.60
23	12	11110.12
23	20	10255.92
23	22	 7860.95
