i	j	       0	       1	       2	       3	       4	       5	       6	       7	       8	       9	      10	      11	      12	      13	      14	      15	      16	      17	      18	      19	      20	      21	      22	      23
0	1	 2600.35	    0.00	  262.65	  200.02	   15.88	    0.00	    0.01	    0.02	   31.77	   95.34	  200.02	  454.26	  456.06	  100.00	   15.88	    0.02	    0.04	    0.00	    0.01	    0.00	    0.01	    0.10	    0.19	   29.11
0	2	 6199.65	 1147.05	    0.00	    0.00	    0.00	  237.82	  142.27	  248.42	    0.00	    0.00	    0.00	    0.00	    0.00	    0.00	    0.00	  100.78	    0.00	   35.19	    0.00	    0.02	    0.00	    0.00	    0.00	    0.00
1	0	    0.00	 1247.05	    0.00	    0.00	    0.00	  537.82	  642.25	 1048.38	    0.00	    0.00	    0.00	    0.00	    0.00	    0.00	    0.00	  600.75	    0.50	  135.18	    0.03	  299.98	    0.00	    0.02	    0.00	    0.00
1	5	 2500.35	 2752.95	  162.65	    0.04	    0.00	    0.00	    0.00	    0.00	    0.00	    0.00	    0.04	  354.26	  156.06	    0.01	    0.00	    0.00	    0.00	    0.00	    0.00	    0.00	    0.01	    0.03	    0.19	   29.11
2	0	    0.00	    0.00	  362.65	  700.02	  215.88	    0.00	    0.03	    0.05	  531.77	 1395.34	  700.02	  654.26	  956.06	  400.00	  515.88	    0.04	  399.53	    0.00	  299.99	    0.05	  100.01	  400.08	  300.19	  129.11
2	3	 4499.74	  646.90	 1937.31	    0.00	    0.00	    0.00	    0.00	    0.00	    0.00	    0.00	    0.00	 3876.57	 2582.38	    0.09	    0.00	    0.00	    0.00	    0.00	    0.00	    0.00	  202.83	    0.41	    2.54	  470.76
2	11	 1599.91	  400.15	  500.04	 1602.37	  402.98	  500.43	  761.18	 1200.00	 1399.57	  659.03	    1.02	    0.00	    0.00	    0.15	   53.69	  541.36	  185.74	  199.21	   23.01	    0.13	    0.00	    0.00	    0.00	    0.00
3	2	    0.00	    0.00	    0.00	 2502.40	  718.87	  562.61	  718.94	 1151.63	 2031.33	 2354.37	 1000.51	    0.00	    0.00	  499.82	  669.51	  640.63	  685.27	  164.03	  323.00	    0.13	    0.00	    0.06	    0.04	    0.00
3	4	 3199.31	  146.92	 1337.29	 6299.85	    0.00	    0.00	    0.00	    0.00	    0.00	    0.12	  904.38	 3275.78	 1981.94	  200.09	    0.07	    0.00	    0.01	    0.00	    0.02	    0.00	    2.96	    0.10	  199.87	  270.79
3	10	  800.43	  300.02	  400.02	 2797.75	  699.69	  599.62	    0.40	    3.93	    0.36	    0.17	    0.00	    0.79	    0.44	    0.07	    0.06	    0.12	    0.04	    0.04	    0.02	    0.03	    0.02	    0.05	    0.06	    0.03
4	3	    0.00	    0.05	    0.00	    0.00	 1918.55	 1562.23	 1119.34	 1855.56	 2731.70	 3552.60	    0.00	    0.00	    0.00	    0.00	 1167.95	 1440.75	 1184.54	  264.07	  522.35	  300.16	    0.03	  399.02	    0.00	    0.00
4	5	    0.00	    0.00	  530.93	 2108.79	 1248.31	    0.00	    0.02	    0.03	  568.39	 1304.60	  403.32	 1482.92	  587.77	  100.02	  283.47	    0.04	    0.04	    0.00	    0.04	    0.01	    0.01	    0.00	   99.81	   70.88
4	8	 2999.31	  899.91	  706.36	 3691.06	 2933.13	 1399.89	    0.03	    0.11	    0.00	    0.00	    1.06	 1592.86	 1194.17	    0.07	    0.00	    0.06	    0.00	    0.01	    0.00	    0.03	    0.01	    0.00	    0.06	  199.91
5	1	    0.00	    0.00	    0.00	    0.02	   84.12	  937.82	  842.24	 1448.37	  168.23	  504.66	    0.02	    0.00	    0.00	    0.01	   84.12	 1000.74	  200.47	  135.18	  100.01	  399.98	    0.00	   99.95	    0.00	    0.00
5	4	    0.00	  853.03	    0.00	    0.00	    0.00	 3162.13	 1017.13	 1798.99	    0.00	    0.00	    0.00	    0.00	    0.00	    0.00	    0.00	 1470.57	    0.10	  201.70	    0.03	  305.82	    0.07	    0.00	    0.00	    0.00
5	7	 2200.35	 1499.92	  393.59	 1708.81	  964.19	 3500.05	    0.00	    0.00	    0.16	    0.07	    3.34	 1637.18	  543.83	    0.03	    0.00	    0.00	    0.00	    0.00	    0.00	    0.00	    0.00	    0.00	    0.00	    0.00
6	7	    0.00	    0.00	    0.00	    0.00	    0.00	    0.00	 4165.16	    0.00	    0.00	    0.00	    0.00	    0.00	    0.00	  399.92	  600.43	  400.01	  143.29	  999.36	  999.64	 2599.62	  500.04	  799.92	  299.97	  199.99
6	17	  428.09	  333.32	    8.00	  431.20	  119.41	  978.05	 7934.84	 4499.18	  825.00	    0.59	    0.13	  220.58	    0.24	    0.00	    0.00	    0.00	    0.00	    0.00	    0.00	    0.00	    0.00	    0.00	    0.00	    0.00
7	5	    0.00	    0.00	    0.00	    0.00	    0.00	    0.00	 2259.35	 4047.32	    0.00	    0.13	    0.00	    0.00	    0.00	    0.00	    0.65	 3371.27	  700.52	  436.87	  300.00	 1005.78	  100.06	  299.92	    0.00	    0.01
7	6	  928.09	  533.32	  108.00	  831.20	  319.41	 1378.05	    0.00	 5499.18	 1424.94	    4.71	    1.32	  920.51	   68.88	    0.00	    0.00	    0.00	    0.09	    0.00	    0.00	    0.00	    0.00	    0.00	    0.00	    0.00
7	8	    0.00	    0.00	    0.00	    0.00	    0.00	    0.00	  905.81	 3752.60	    0.00	    0.00	    0.00	    0.00	    0.00	    0.00	    0.00	 1272.73	    0.00	  262.62	    0.00	  694.18	    0.03	    0.08	    0.00	    0.00
7	15	  472.56	  566.64	  173.22	  686.58	  429.10	 1322.09	    0.00	 3400.90	  849.28	    0.00	    0.07	  475.99	    0.28	    0.00	    0.00	    0.00	    0.00	    0.00	    0.00	    0.00	    0.00	    0.00	    0.00	    0.00
8	4	    0.00	    0.00	    0.00	    0.00	    0.00	    0.00	  302.26	  556.71	 4100.09	 5857.07	    0.00	    0.00	    0.00	    0.00	 1651.35	  470.28	 1384.48	   62.39	  622.35	   94.38	   97.02	  598.91	    0.00	    0.00
8	7	    0.30	    0.04	   87.63	  508.97	  284.31	    0.09	    0.00	    0.00	 3074.06	 1604.49	  798.05	  359.32	  125.33	    0.00	    0.00	    0.00	    0.21	    0.00	    0.00	    0.00	    0.00	    0.00	    0.00	    0.00
8	9	 2499.02	  699.87	  518.73	 2482.09	 1848.82	  999.80	    3.63	 2396.00	 9025.85	    0.00	    0.00	  633.59	  468.89	    0.00	    0.00	    0.75	    0.00	    0.36	    0.00	    0.28	    0.00	    0.00	    0.00	    0.00
9	8	    0.00	    0.00	    0.00	    0.00	    0.00	    0.00	    0.06	    0.00	    0.00	10261.56	 2196.99	    0.06	    0.06	  599.94	 2651.35	  598.24	 2284.69	    0.12	 1022.35	    0.45	  396.97	 1298.84	  499.94	    0.09
9	10	    0.00	    0.00	    0.00	    0.00	    0.00	    0.00	  499.60	  796.10	 1703.95	 8371.51	    0.00	    0.00	    0.00	    0.00	 1286.09	 1559.04	 1914.56	  200.06	  425.01	  433.29	    2.08	  493.19	    0.00	    0.00
9	14	  799.61	   99.90	   99.95	  900.46	  597.29	  199.83	    0.00	    0.00	 3096.16	14657.68	 2012.70	  683.05	   11.61	    0.00	    0.00	    0.00	    0.85	    0.00	    0.00	    0.00	    0.00	    0.00	    0.00	    0.00
9	15	    0.00	    0.00	   18.80	   82.51	   51.57	    0.00	    0.00	    0.00	  525.91	 8008.65	 2169.14	  201.96	    0.11	    0.00	    0.00	    0.00	    0.00	    0.00	    0.00	    0.00	    0.00	    0.00	    0.00	    0.00
9	16	  399.41	    0.02	   99.98	  499.90	  199.96	    0.04	    0.09	    0.12	  899.83	 3900.60	  999.88	  599.89	  499.90	    0.06	    0.13	    0.12	    0.00	    0.05	    0.07	    0.15	    0.05	    0.15	    0.05	    0.03
10	3	    0.00	    0.00	    0.00	    0.00	    0.00	    0.00	    0.00	    0.00	    0.00	    2.07	 3404.89	    0.00	    0.00	 1199.89	    1.70	    0.00	    0.79	    0.00	    0.68	    0.00	    0.12	    0.78	  697.43	    0.06
10	9	    0.00	    0.00	    0.00	  200.78	    0.00	    0.00	    0.00	    0.00	    0.00	    0.00	11278.70	 2851.36	 1942.80	 1103.64	    0.00	    0.00	    0.00	    0.00	    0.00	    0.00	    0.00	    0.00	  319.59	   47.32
10	11	    0.00	    0.00	    0.00	    0.00	    0.00	    0.00	    0.00	    0.00	    0.11	 3240.97	 2400.18	    0.00	    0.00	  728.35	  655.22	  159.32	  914.07	    0.10	  280.30	    0.00	    0.00	    0.00	    0.00	    0.00
10	13	  300.54	  100.06	  100.07	 1197.06	  199.71	  199.70	    0.00	    0.03	  304.20	 1128.65	 5216.23	 1016.95	   54.69	    0.00	    0.00	    0.00	    0.05	    0.00	    0.00	    0.00	    0.00	    0.00	    0.00	    0.00
11	2	    0.00	    0.00	    0.00	    0.00	    0.00	    0.00	    0.00	    0.00	    0.00	    0.00	    0.53	 4730.83	 3638.44	    0.42	    0.06	    0.00	    0.00	    0.00	    0.00	    0.03	  302.83	  500.43	  402.68	  599.86
11	10	    0.11	    0.04	    0.06	    0.09	    0.03	    0.07	    0.00	    0.00	    0.00	    0.00	    0.00	 5267.52	 2997.04	    0.00	    0.00	    0.00	    0.00	    0.00	    0.00	    0.00	    0.04	    0.00	    0.00	    0.35
11	12	 1399.80	  300.11	  299.98	 1002.29	  202.96	  300.36	   61.18	  600.00	  799.68	 1900.00	 1000.67	 3901.65	    0.00	   28.39	    8.86	    0.75	  499.81	    0.03	    3.31	    0.00	    0.00	    0.00	    0.00	    0.00
12	11	    0.00	    0.00	    0.00	    0.00	    0.00	    0.00	    0.00	    0.00	    0.00	    0.00	    0.00	    0.00	 7935.48	    0.31	    0.00	    0.07	    0.00	    0.72	    0.00	  499.89	  602.87	 1200.43	 1102.68	 1100.21
12	23	  899.80	    0.11	  199.98	  402.29	    2.96	  100.36	    0.00	    0.00	  199.68	    0.00	    0.67	 2601.65	 6664.52	    0.00	    0.00	    0.00	    0.00	    0.00	    0.00	    0.00	    0.00	    0.00	    0.00	    0.00
13	10	    0.00	    0.00	    0.00	    0.00	    0.00	    0.00	    0.00	    0.00	    0.00	    0.00	    0.00	    0.00	    0.00	 4631.80	  770.77	    0.16	    0.30	    0.00	  255.96	  166.68	  397.99	  607.54	 2316.96	  647.00
13	14	    0.42	    0.06	    0.06	   70.70	    0.05	    0.06	    0.00	    0.00	    0.00	    0.00	  966.36	  316.94	  103.62	 6274.82	    0.00	    0.00	    0.00	    0.00	    0.00	    0.00	    0.00	    0.00	 1202.18	  139.62
13	22	    0.13	    0.01	    0.02	  626.38	   99.66	   99.64	    0.00	    0.00	  189.05	  787.28	 2649.94	    0.24	    0.00	 3193.38	  421.92	    0.00	  211.13	    0.00	  130.16	    0.00	    0.00	    0.00	    0.00	    0.00
14	9	    0.00	    0.00	    0.00	    0.00	    0.00	    0.00	    0.00	    0.00	    0.00	    0.00	    0.00	    0.00	    0.00	 1596.36	 7937.57	    0.31	    0.81	    0.06	 3247.23	 1709.76	 1599.11	 4392.17	 1980.41	  752.80
14	13	    0.00	    0.00	    0.00	    0.00	    0.00	    0.00	  199.66	  399.33	  484.85	 1758.63	    0.07	    0.00	    0.00	    0.00	 2492.68	  699.23	  911.38	   99.83	  686.11	  665.54	    0.37	  697.59	    0.00	    0.00
14	18	  300.03	    0.06	    0.01	  200.05	  100.03	    0.07	    0.02	    0.03	  400.15	 3286.27	  829.32	  300.06	  279.59	 2896.87	 5900.39	    0.06	    0.43	    0.01	    0.00	    0.05	  550.67	 2899.91	  899.98	  262.20
14	21	    0.00	    0.00	    0.00	  271.11	  297.31	    0.00	    0.00	    0.00	 1311.16	 5612.78	  749.67	    0.00	    0.00	  481.59	 5069.35	    0.24	 2506.20	    0.00	 2093.19	    0.00	    0.00	    0.00	    0.00	    0.00
15	7	    0.00	    0.00	    0.00	    0.00	    0.00	    0.00	    0.00	    0.00	    0.00	    0.28	    0.00	    0.00	    0.00	    0.05	    0.22	 6443.99	 1957.11	    0.13	    0.36	    0.35	    0.05	    0.09	    0.03	    0.02
15	9	    0.00	    0.06	    0.00	    0.00	    0.00	    0.07	 2395.86	    0.22	    0.00	    0.00	    0.00	    0.00	    0.00	    0.00	    0.00	 6554.37	    0.59	  899.72	    0.20	 1223.68	    0.00	    0.00	    0.00	    0.00
15	16	    0.58	  200.05	    0.01	    0.06	    0.03	  500.14	 1000.36	 1401.48	    0.12	    0.53	    0.09	    0.06	    0.00	    0.00	    0.00	 5959.75	    0.00	  600.15	    0.00	 1546.72	  348.79	    0.00	    0.00	  125.22
15	17	    0.02	    0.00	    0.00	    0.02	    0.00	    0.03	    0.00	    0.13	    0.39	 3609.57	  769.57	    0.13	    0.00	    0.03	    0.14	 7141.89	 3756.30	    0.00	    0.14	    0.00	    0.00	    0.00	    0.00	    0.00
16	9	    0.00	    0.00	    0.00	    0.00	    0.00	    0.00	    0.25	    0.00	    0.00	    0.00	    0.00	    0.00	    0.00	    0.00	    0.00	    1.96	 8098.69	    0.09	    0.00	    0.17	    0.00	    0.00	    0.00	    0.00
16	15	    0.00	    0.00	    0.00	    0.00	    0.00	    0.00	    0.00	    0.00	    0.00	    1.34	    0.18	    0.00	    0.00	  691.78	 1186.70	    0.00	 8513.89	    0.00	 1285.97	    0.00	    0.06	    0.11	    0.05	    0.03
16	18	    0.03	    0.09	    0.00	    0.02	    0.01	    0.18	    0.20	    1.60	    0.04	    0.17	    0.00	    0.00	    0.00	    0.00	    0.00	 3157.91	 6787.42	    0.11	    0.00	    0.00	    0.00	    0.00	    0.00	    0.00
17	6	    0.00	    0.00	    0.00	    0.00	    0.00	    0.00	    0.00	    0.00	    0.06	 1895.88	  498.81	    0.07	  331.36	  599.92	 1100.43	 1800.01	 1143.20	 1199.36	 1399.64	 3099.62	  700.04	 1299.92	  499.97	  299.99
17	15	   28.04	   33.47	    8.00	   30.99	   19.37	   78.15	 4796.23	  200.94	   25.32	    0.39	    0.28	   22.24	  599.61	    8.30	   13.66	    0.00	    0.12	 2000.00	   14.74	 4370.75	  948.78	 1199.97	  499.99	  425.21
17	19	  300.07	  299.85	    0.00	  300.23	  100.05	  799.93	 2938.62	 3998.37	  600.01	 1014.22	  170.84	    0.25	    0.00	    0.00	    0.00	 4841.88	 2013.13	 1600.63	    0.00	    0.00	    0.00	    0.00	    0.00	    0.00
18	14	    0.00	    0.10	    0.00	    0.00	    0.00	    0.19	  699.62	  999.30	    0.00	    0.00	    0.00	    0.00	    0.00	    0.00	    0.00	 1899.73	 4917.98	  299.87	 6826.53	 3474.88	    0.16	    0.40	    0.17	    0.07
18	16	    0.04	    0.02	    0.01	    0.05	    0.02	    0.00	    0.00	    0.00	    0.09	    0.38	    0.21	    0.06	    0.10	 1391.72	 2686.57	    0.00	    0.00	    0.00	 2985.89	  153.30	  251.21	 1699.96	  599.99	  174.79
18	19	    0.02	    0.00	    0.00	    0.02	    0.02	    0.03	    0.00	    0.00	    0.10	 1486.05	  429.11	    0.00	    0.00	 1205.17	 2413.83	    0.00	  169.87	    0.00	 2987.58	    0.00	    0.00	    0.00	    0.00	    0.00
19	17	    0.00	    0.00	    0.00	    0.00	    0.00	    0.00	    0.00	    0.00	    0.00	    0.33	    0.22	    1.84	 1030.72	  708.19	 1313.95	    0.00	    0.15	    0.00	 1714.24	 7870.36	 1748.83	 2799.89	 1099.96	  725.20
19	18	    0.00	   99.97	    0.00	    0.00	    0.00	  199.96	 1099.40	 1697.67	    0.00	    0.00	    0.00	    0.00	   20.50	    0.01	    0.00	   41.76	    0.00	  599.75	    0.00	 4828.12	  100.71	    0.45	    0.18	   12.66
19	20	    0.00	    0.00	    0.00	    0.06	    0.06	  100.01	  638.99	  600.40	    0.05	    0.05	    0.02	    0.01	    0.03	    0.02	    0.03	 1499.76	  482.67	  200.82	   73.45	 2700.69	    0.00	    0.08	    0.03	    0.02
19	21	    0.11	   99.88	    0.00	    0.22	    0.01	  199.99	  700.22	  800.30	    0.06	    0.22	    0.05	    0.00	    0.00	    0.00	    0.17	 1700.36	    0.27	  400.06	    0.08	 3100.83	    0.19	    0.00	    0.00	    0.00
20	19	    0.00	    0.00	    0.00	    0.00	    0.00	    0.00	    0.00	    0.00	    0.00	    0.11	    0.03	  401.52	 1651.07	    0.09	    0.18	    0.00	    0.08	    0.00	    0.19	    0.00	 3049.72	    0.25	    2.90	 1137.58
20	21	  263.78	    0.10	   65.95	    0.44	    0.00	    0.03	    0.06	    0.08	    0.00	    0.00	    0.00	  461.62	 1463.97	    0.00	    0.00	    0.17	    0.00	    0.04	    0.00	    0.43	 4750.84	    0.00	    0.00	 1616.63
20	23	    0.00	    0.00	    0.00	    0.00	    0.00	    0.02	  438.93	  200.32	    0.17	  485.47	    0.00	    0.00	    0.00	    0.00	  679.61	  899.68	  214.66	  100.79	  251.84	 1500.26	 3199.44	 2347.54	    0.00	    0.00
21	14	    0.00	    0.00	    0.00	    0.00	    0.00	    0.00	    0.06	    0.06	    0.00	    0.00	    0.00	    0.07	  864.36	    0.00	    0.00	    0.11	    0.00	    0.03	    0.00	    0.48	 2949.98	10589.28	 2678.04	 1275.31
21	19	    0.03	    0.00	    0.00	    0.03	    0.00	    0.00	    0.00	    0.00	    0.00	    0.22	    0.32	    0.08	    0.18	    2.97	    0.16	    0.00	    0.00	    0.00	    0.00	    0.00	    0.00	 5200.17	 1797.27	    0.30
21	20	    0.01	    0.00	    0.00	    0.02	   97.37	    0.00	    0.00	    0.00	  300.13	 1685.53	    2.44	    0.03	    0.07	    0.80	 1479.75	    0.08	  332.07	    0.00	  578.58	    0.00	    0.00	 4147.71	    0.66	    0.06
21	22	    0.00	    0.00	    0.00	    0.00	    0.00	    0.04	  200.22	  300.32	  311.10	 1327.25	    0.00	    0.00	    0.00	    0.00	  989.61	  500.57	  474.40	  100.07	  314.70	  700.78	    1.05	 4462.84	    0.00	    0.00
22	13	    0.01	    0.00	    0.00	    0.02	    0.00	    0.00	    0.34	    0.64	    0.00	    0.00	    0.00	    0.23	  648.94	    0.00	    0.00	    0.93	    0.00	    0.17	    0.01	    1.14	  797.62	 1109.95	 4619.15	 1186.62
22	21	  136.15	    0.02	   34.05	  128.29	    0.05	    0.02	    0.00	    0.00	    0.00	    0.00	  353.04	  238.56	  700.63	  722.18	    0.00	    0.00	    0.00	    0.00	    0.00	    0.00	    0.00	    0.00	 6575.97	  759.04
22	23	    0.01	    0.00	    0.00	    0.02	    0.00	    0.01	    0.15	    0.07	    0.15	  314.53	  996.96	    0.00	    0.00	 1371.19	  411.53	    0.31	   85.53	    0.03	  144.85	    0.54	    0.06	 1252.99	 3304.88	    0.00
23	12	    0.00	    0.00	    0.00	    0.00	    0.00	    0.00	  338.82	    0.00	    0.00	    0.00	    0.00	    0.00	    0.00	  571.92	  691.14	  599.32	    0.19	  100.69	  296.69	 1099.89	 1202.87	 2500.43	 1902.68	 1800.21
23	20	  363.77	    0.10	   65.95	  200.36	    2.57	    0.03	    0.00	    0.00	    0.00	    0.00	  397.57	 1163.10	 3714.95	  399.27	    0.00	    0.00	    0.00	    0.00	    0.00	    0.00	    0.00	    0.00	  702.20	 3254.13
23	22	  436.04	    0.01	  134.04	    1.95	    0.38	    0.36	    0.26	    0.40	    0.00	    0.00	    0.06	  938.55	 2149.57	    0.00	    0.00	    0.66	    0.00	    0.13	    0.00	    0.91	 1496.63	    0.09	    0.00	 2645.65
