i	j	o4d7l12
0	1	 4494.38
0	2	 8126.24
1	0	 4526.59
1	5	 5965.29
2	0	 8094.03
2	3	14024.12
2	11	10037.48
3	2	14038.74
3	4	18019.98
3	10	 5209.17
4	3	18036.95
4	5	 8797.28
4	8	15788.07
5	1	 5997.50
5	4	 8799.72
5	7	12491.46
6	7	12104.66
6	17	15795.27
7	5	12526.11
7	6	12039.80
7	8	 6881.99
7	15	 8388.90
8	4	15802.60
8	7	 6837.17
8	9	21749.68
9	8	21819.39
9	10	17726.44
9	14	23130.21
9	15	11045.91
9	16	 8100.69
10	3	 5306.82
10	9	17605.73
10	11	 8366.26
10	13	 9777.37
11	2	 9990.65
11	10	 8403.45
11	12	12305.36
12	11	12395.72
12	23	11119.76
13	10	 9817.12
13	14	 9035.08
13	22	 8398.07
14	9	23195.02
14	13	 9079.82
14	18	19085.54
14	21	18403.00
15	7	 8403.52
15	9	11071.49
15	16	11688.84
15	17	15286.57
16	9	 8100.73
16	15	11677.77
16	18	 9952.22
17	6	15860.12
17	15	15337.84
17	19	18987.06
18	14	19119.64
18	16	 9941.18
18	19	 8685.53
19	17	19003.18
19	18	 8708.61
19	20	 6305.23
19	21	 6999.62
20	19	 6241.70
20	21	 8619.01
20	23	10306.41
21	14	18378.45
21	19	 7002.35
21	20	 8605.25
21	22	 9659.20
22	13	 8393.08
22	21	 9623.60
22	23	 7901.14
23	12	11110.12
23	20	10256.65
23	22	 7860.55
