i	j	o14d15l58
0	1	 4497.82
0	2	 8120.40
1	0	 4520.67
1	5	 5969.68
2	0	 8097.55
2	3	14016.32
2	11	10041.43
3	2	14047.33
3	4	18013.74
3	10	 5208.45
4	3	18043.93
4	5	 8793.58
4	8	15786.28
5	1	 5992.53
5	4	 8804.70
5	7	12491.77
6	7	12103.73
6	17	15799.82
7	5	12525.74
7	6	12042.25
7	8	 6880.31
7	15	 8385.18
8	4	15805.35
8	7	 6835.36
8	9	21748.81
9	8	21822.94
9	10	17726.22
9	14	23128.68
9	15	11046.47
9	16	 8100.17
10	3	 5309.26
10	9	17607.08
10	11	 8360.93
10	13	 9779.84
11	2	 9987.58
11	10	 8406.10
11	12	12302.79
12	11	12394.10
12	23	11120.02
13	10	 9816.35
13	14	 9036.92
13	22	 8399.05
14	9	23195.78
14	13	 9078.81
14	18	19084.51
14	21	18402.86
15	7	 8402.63
15	9	11072.49
15	16	11689.23
15	17	15288.35
16	9	 8100.32
16	15	11678.36
16	18	 9951.88
17	6	15861.30
17	15	15342.69
17	19	18987.24
18	14	19117.45
18	16	 9941.15
18	19	 8684.85
19	17	19003.06
19	18	 8707.07
19	20	 6304.32
19	21	 7003.92
20	19	 6243.12
20	21	 8616.21
20	23	10305.56
21	14	18378.90
21	19	 7003.15
21	20	 8605.81
21	22	 9659.40
22	13	 8393.66
22	21	 9624.28
22	23	 7902.11
23	12	11111.33
23	20	10254.76
23	22	 7861.60
