i	j	o8d22l45
0	1	 4496.38
0	2	 8119.13
1	0	 4519.82
1	5	 5968.94
2	0	 8095.69
2	3	14018.36
2	11	10035.59
3	2	14042.31
3	4	18017.02
3	10	 5209.28
4	3	18042.54
4	5	 8796.01
4	8	15787.43
5	1	 5992.38
5	4	 8805.70
5	7	12492.52
6	7	12103.01
6	17	15804.52
7	5	12525.65
7	6	12042.96
7	8	 6879.63
7	15	 8385.44
8	4	15803.26
8	7	 6835.82
8	9	21746.85
9	8	21818.87
9	10	17726.61
9	14	23131.09
9	15	11045.39
9	16	 8100.57
10	3	 5307.70
10	9	17606.53
10	11	 8364.89
10	13	 9776.96
11	2	 9988.21
11	10	 8403.95
11	12	12301.30
12	11	12392.98
12	23	11119.86
13	10	 9816.25
13	14	 9036.15
13	22	 8398.86
14	9	23197.02
14	13	 9079.86
14	18	19086.04
14	21	18404.10
15	7	 8402.33
15	9	11071.44
15	16	11690.01
15	17	15294.08
16	9	 8100.69
16	15	11677.03
16	18	 9953.39
17	6	15864.56
17	15	15349.99
17	19	18988.61
18	14	19120.66
18	16	 9940.53
18	19	 8684.87
19	17	19004.57
19	18	 8706.63
19	20	 6302.68
19	21	 7003.38
20	19	 6242.59
20	21	 8617.68
20	23	10305.75
21	14	18379.12
21	19	 7001.18
21	20	 8606.52
21	22	 9659.39
22	13	 8394.44
22	21	 9621.06
22	23	 7901.88
23	12	11111.54
23	20	10256.81
23	22	 7859.13
