i	j	n1_l27
1	2	 6898.81
1	3	 8524.15
2	1	 5622.69
2	6	 6811.33
3	1	 9800.26
3	4	13743.09
3	12	13183.28
4	3	17642.80
4	5	16575.84
4	11	 6003.12
5	4	20747.80
5	6	 9209.59
5	9	11480.30
6	2	 5535.21
6	5	 8380.01
6	8	15608.08
7	8	13365.75
7	18	16570.67
8	6	13502.38
8	7	16944.35
8	9	 7611.44
8	16	10249.58
9	5	16481.83
9	8	10485.66
9	10	15794.69
10	9	23770.45
10	11	19615.94
10	15	    0.00
10	16	14517.92
10	17	12815.50
11	4	 5830.89
11	10	15633.02
11	12	 8060.97
11	14	14439.37
12	3	10559.68
12	11	 7553.11
12	13	16495.40
13	12	13463.94
13	24	14634.86
14	11	10892.08
14	15	10552.61
14	23	 7387.47
15	10	19576.03
15	14	 6656.86
15	19	14300.40
15	22	11719.20
16	8	 8848.27
16	10	11515.91
16	17	11158.05
16	18	21201.54
17	10	 8100.15
17	16	11556.58
17	19	12980.99
18	7	12992.07
18	16	16399.69
18	20	30187.17
19	15	22108.12
19	17	 8664.17
19	20	 7235.66
20	18	21706.71
20	19	10726.57
20	21	 7935.45
20	22	10227.20
21	20	 6074.36
21	22	 9972.40
21	24	 9910.92
22	15	19491.76
22	20	 6998.73
22	21	 6938.32
22	23	 8936.67
23	14	 7735.94
23	22	10446.68
23	24	 7497.35
24	13	11503.40
24	21	11083.91
24	23	 9355.81
