i	j	o20d18l64
0	1	 4499.44
0	2	 8122.71
1	0	 4523.07
1	5	 5969.43
2	0	 8099.09
2	3	14023.36
2	11	10036.98
3	2	14043.30
3	4	18020.61
3	10	 5210.07
4	3	18042.52
4	5	 8795.72
4	8	15788.88
5	1	 5993.06
5	4	 8803.62
5	7	12495.19
6	7	12113.54
6	17	15828.66
7	5	12526.71
7	6	12041.07
7	8	 6891.05
7	15	 8387.65
8	4	15802.90
8	7	 6833.77
8	9	21752.28
9	8	21809.01
9	10	17725.78
9	14	23138.01
9	15	11044.00
9	16	 8100.79
10	3	 5308.09
10	9	17602.69
10	11	 8366.20
10	13	 9781.82
11	2	 9993.41
11	10	 8409.65
11	12	12305.00
12	11	12404.88
12	23	11109.08
13	10	 9813.31
13	14	 9035.10
13	22	 8393.72
14	9	23185.21
14	13	 9080.65
14	18	19056.93
14	21	18401.03
15	7	 8403.99
15	9	11076.64
15	16	11654.83
15	17	15335.49
16	9	 8100.77
16	15	11662.87
16	18	 9945.32
17	6	15901.13
17	15	15376.42
17	19	19023.45
18	14	19096.82
18	16	 9953.34
18	19	 8676.77
19	17	19036.85
19	18	 8724.68
19	20	 6310.93
19	21	 7001.48
20	19	 6273.47
20	21	 8592.47
20	23	10306.48
21	14	18353.89
21	19	 7000.26
21	20	 8602.21
21	22	 9658.80
22	13	 8379.65
22	21	 9620.18
22	23	 7900.16
23	12	11108.96
23	20	10259.29
23	22	 7847.47
