i	j	o5d6l19
0	1	 4494.65
0	2	 8118.06
1	0	 4519.13
1	5	 5966.78
2	0	 8093.58
2	3	14023.73
2	11	10037.08
3	2	14044.82
3	4	18022.63
3	10	 5209.92
4	3	18042.24
4	5	 8798.09
4	8	15791.83
5	1	 5991.26
5	4	 8804.95
5	7	12492.57
6	7	12095.63
6	17	16175.08
7	5	12523.91
7	6	12035.36
7	8	 6880.66
7	15	 8392.62
8	4	15804.57
8	7	 6835.34
8	9	21757.42
9	8	21824.83
9	10	17726.75
9	14	23129.55
9	15	11048.50
9	16	 8100.41
10	3	 5311.40
10	9	17603.25
10	11	 8365.13
10	13	 9777.22
11	2	 9991.51
11	10	 8401.29
11	12	12303.53
12	11	12394.13
12	23	11118.95
13	10	 9819.04
13	14	 9034.10
13	22	 8398.63
14	9	23196.33
14	13	 9080.72
14	18	19087.32
14	21	18404.80
15	7	 8409.02
15	9	11072.31
15	16	11695.83
15	17	15655.41
16	9	 8100.73
16	15	11682.13
16	18	 9960.85
17	6	16235.34
17	15	15709.32
17	19	18969.14
18	14	19123.64
18	16	 9947.47
18	19	 8689.79
19	17	18983.32
19	18	 8712.73
19	20	 6300.45
19	21	 7002.94
20	19	 6237.47
20	21	 8621.26
20	23	10305.43
21	14	18381.89
21	19	 7003.04
21	20	 8608.49
21	22	 9659.22
22	13	 8393.83
22	21	 9623.65
22	23	 7901.02
23	12	11109.55
23	20	10255.21
23	22	 7860.65
