i	j	o8d10l26
0	1	 4498.41
0	2	 8229.81
1	0	 4630.63
1	5	 5931.84
2	0	 8097.59
2	3	14191.87
2	11	 9541.08
3	2	13475.85
3	4	18188.99
3	10	 6598.14
4	3	18857.42
4	5	 8773.95
4	8	15941.49
5	1	 6064.06
5	4	 8825.82
5	7	12472.45
6	7	12116.22
6	17	15749.82
7	5	12656.54
7	6	11948.33
7	8	 6769.75
7	15	 8352.72
8	4	16558.05
8	7	 6728.23
8	9	20634.20
9	8	21309.24
9	10	17174.11
9	14	23146.58
9	15	11062.16
9	16	 8100.66
10	3	 5313.69
10	9	17700.43
10	11	 8776.72
10	13	 9876.95
11	2	10124.88
11	10	 8276.24
11	12	12221.19
12	11	12404.52
12	23	11115.80
13	10	 9719.29
13	14	 8964.94
13	22	 8465.73
14	9	23196.50
14	13	 8921.28
14	18	19173.70
14	21	18443.10
15	7	 8410.45
15	9	11060.71
15	16	11672.39
15	17	15246.58
16	9	 8100.91
16	15	11685.62
16	18	 9939.21
17	6	15917.71
17	15	15289.62
17	19	18949.59
18	14	19133.38
18	16	 9952.70
18	19	 8705.69
19	17	19060.51
19	18	 8678.85
19	20	 6281.83
19	21	 7002.16
20	19	 6265.77
20	21	 8536.41
20	23	10245.86
21	14	18389.67
21	19	 7002.31
21	20	 8568.84
21	22	 9545.18
22	13	 8351.73
22	21	 9524.33
22	23	 8050.49
23	12	11199.12
23	20	10197.38
23	22	 7915.65
