i	j	o20d6l63
0	1	 4488.17
0	2	 8120.15
1	0	 4520.65
1	5	 5959.59
2	0	 8087.67
2	3	14017.40
2	11	10038.76
3	2	14045.76
3	4	18014.80
3	10	 5209.28
4	3	18043.95
4	5	 8796.02
4	8	15785.50
5	1	 5992.07
5	4	 8806.81
5	7	12483.87
6	7	12107.58
6	17	15848.70
7	5	12527.15
7	6	12026.06
7	8	 6887.91
7	15	 8381.20
8	4	15803.86
8	7	 6823.32
8	9	21760.40
9	8	21814.16
9	10	17736.31
9	14	23141.90
9	15	11036.98
9	16	 8100.85
10	3	 5308.48
10	9	17605.70
10	11	 8360.91
10	13	 9783.02
11	2	 9977.92
11	10	 8401.64
11	12	12300.94
12	11	12380.83
12	23	11132.60
13	10	 9810.88
13	14	 9036.29
13	22	 8384.45
14	9	23186.48
14	13	 9082.61
14	18	18997.02
14	21	18406.98
15	7	 8407.55
15	9	11076.95
15	16	11703.57
15	17	15313.70
16	9	 8100.68
16	15	11670.97
16	18	 9965.33
17	6	15930.21
17	15	15412.62
17	19	19010.32
18	14	19093.11
18	16	 9932.55
18	19	 8669.75
19	17	19090.77
19	18	 8733.07
19	20	 6318.02
19	21	 7000.55
20	19	 6160.13
20	21	 8696.97
20	23	10302.08
21	14	18301.79
21	19	 7202.19
21	20	 8589.34
21	22	 9648.65
22	13	 8365.99
22	21	 9637.46
22	23	 7907.64
23	12	11112.49
23	20	10251.83
23	22	 7878.00
