i	j	o15d11l6
0	1	 4498.67
0	2	 8118.30
1	0	 4518.61
1	5	 5972.08
2	0	 8098.35
2	3	14016.87
2	11	10036.67
3	2	14042.90
3	4	18016.40
3	10	 5209.64
4	3	18040.99
4	5	 8795.04
4	8	15788.34
5	1	 5992.03
5	4	 8806.14
5	7	12493.75
6	7	12099.27
6	17	15796.08
7	5	12524.79
7	6	12042.91
7	8	 6880.43
7	15	 8384.48
8	4	15801.83
8	7	 6833.59
8	9	21752.65
9	8	21819.30
9	10	17729.50
9	14	23130.55
9	15	11046.52
9	16	 8100.01
10	3	 5311.07
10	9	17602.30
10	11	 8367.42
10	13	 9778.38
11	2	 9990.70
11	10	 8403.82
11	12	12305.71
12	11	12396.15
12	23	11119.29
13	10	 9816.21
13	14	 9036.99
13	22	 8397.61
14	9	23195.30
14	13	 9079.30
14	18	19087.02
14	21	18402.83
15	7	 8406.01
15	9	11075.03
15	16	11685.63
15	17	15281.54
16	9	 8100.59
16	15	11677.33
16	18	 9951.41
17	6	15852.44
17	15	15339.88
17	19	18990.24
18	14	19118.30
18	16	 9943.68
18	19	 8684.58
19	17	19004.94
19	18	 8708.13
19	20	 6304.17
19	21	 7000.96
20	19	 6242.44
20	21	 8620.03
20	23	10306.63
21	14	18378.62
21	19	 7000.94
21	20	 8608.09
21	22	 9658.63
22	13	 8393.14
22	21	 9622.45
22	23	 7901.08
23	12	11109.72
23	20	10256.85
23	22	 7860.43
