i	j	       0	       1	       2	       3	       4	       5	       6	       7	       8	       9	      10	      11	      12	      13	      14	      15	      16	      17	      18	      19	      20	      21	      22	      23
0	1	 1715.90	 4007.41	   35.36	 1670.32	    0.00	    0.00	 1034.17	    0.00	 2068.34	  517.09	   69.97	   35.36	 2045.15	    7.78	    0.00	 1421.99	    0.00	  275.77	    0.00	  598.95	    0.00	  305.96	    0.00	    0.00
0	2	 3076.66	 2131.94	  817.38	 1768.05	    0.00	  279.89	  293.53	  116.63	  106.39	  193.91	    0.00	    0.00	  581.72	    0.00	  539.97	  985.09	    0.00	  214.57	    0.00	  343.84	    0.00	  367.15	    0.00	    0.00
1	0	  162.99	 1414.56	    0.00	   98.36	  227.63	  579.89	  534.99	  399.54	  871.18	  258.54	    0.00	  353.42	  453.13	    0.00	    0.00	  450.24	  141.46	   41.71	  104.96	  177.07	    0.00	  112.74	    0.00	   55.13
1	5	  129.27	    0.00	    0.00	    0.00	  452.45	    0.00	 1034.18	 1615.90	 4330.60	 1551.25	    0.00	 1387.77	 2619.65	    0.00	    0.00	 1129.22	    0.00	  283.50	    0.00	  542.04	    0.00	  443.35	    0.00	  308.62
2	0	   10.52	    0.00	   70.73	  231.24	  210.52	    0.00	  258.54	  462.97	  176.82	  912.18	 1485.39	  925.45	 2167.73	  167.98	  176.82	  635.97	    0.00	   80.23	    1.13	  209.50	   35.36	  418.55	  106.09	  209.18
2	3	 1616.03	  972.11	  825.94	    0.00	    0.00	    0.00	  323.18	  401.96	    0.00	  387.81	 1048.32	  299.22	 1204.12	  567.58	 2082.49	 2262.26	    0.00	  629.94	    0.00	  888.48	   70.73	  856.69	    0.00	   70.73
2	11	 1425.27	  590.95	  829.85	  707.09	  149.61	  435.36	  502.87	  512.32	    0.00	    0.00	  721.95	    0.00	    0.00	  556.56	  667.68	    0.00	 2700.50	 5120.42	 1482.78	    0.00	  571.35	    0.00	  183.54	    0.00
3	2	    0.00	  166.00	  683.09	 1009.05	  255.70	  455.48	  776.01	  741.93	  212.18	  130.46	 1191.36	    0.00	    0.00	  941.63	 1187.98	    0.76	    8.15	 2903.32	 2646.70	 3549.68	 2394.87	 2202.91	  326.56	    0.00
3	4	 1460.25	  786.26	  446.17	 3093.16	  344.22	    0.00	  904.90	 1313.76	    0.00	    0.00	 1976.40	  453.81	   87.03	  152.13	    0.00	    0.00	    0.00	  549.55	    0.00	  937.37	    0.00	  576.74	 2685.44	 2031.19
3	10	   63.11	    0.00	    0.00	    0.00	  903.37	  323.18	  413.18	 1510.46	    0.00	    0.00	 2286.09	  841.79	    0.00	  324.70	    0.00	    0.00	    0.00	    0.00	    0.00	    0.00	    0.00	    0.00	 3774.24	 1034.18
4	3	  129.27	    0.00	    0.00	    0.00	  884.97	 1178.66	  141.83	  896.93	 1041.46	  554.82	    0.00	  258.54	    0.00	    0.00	    1.89	  283.67	  184.97	   35.36	    0.76	  106.09	    0.00	    1.51	    0.00	  517.07
4	5	  348.99	   34.88	   25.59	  311.46	  477.89	    0.00	    0.00	    0.00	 2069.20	  114.15	   33.37	  932.54	  991.09	    8.53	    0.00	 1041.94	    0.00	  145.00	    0.00	  597.45	    0.00	  279.45	    0.00	  222.77
4	8	 1638.69	  716.01	  385.22	 2965.54	 2318.45	 1910.04	    0.00	    0.00	 1221.49	    0.00	    0.00	  379.72	  712.49	    0.00	    0.00	  356.12	    0.00	    0.00	    0.00	   44.45	    0.00	    0.00	    0.00	   76.14
5	1	   64.64	    0.00	    0.00	   16.31	  293.91	  979.89	  282.53	  864.17	  200.00	  212.18	    0.76	   64.64	    0.00	   27.59	   35.36	  333.83	  470.72	   35.36	  140.32	  141.46	    0.00	   35.36	    0.00	    0.00
5	4	   10.52	    0.00	    0.00	    0.00	  333.69	 3288.69	  262.36	  875.52	    0.00	    0.00	  771.31	  183.38	    0.00	   54.12	    0.00	  106.75	  387.81	   35.36	    0.00	  141.46	    0.00	    0.00	 1083.96	    0.00
5	7	    4.91	   80.99	  403.03	    7.56	    4.53	 3331.42	  332.51	  383.06	    0.00	    0.00	  900.15	    0.00	    0.00	  660.44	  877.70	    0.00	  258.81	    0.00	 2119.87	    0.00	  872.89	    0.00	  345.63	    0.00
6	7	    0.00	    0.00	    0.00	    0.00	  258.53	    0.00	 1342.26	  439.70	    0.00	    0.00	  762.88	    0.00	  266.60	  130.78	    3.40	    0.00	   79.57	  228.49	  456.23	  707.28	  176.82	  282.91	 1033.61	  106.09
6	17	    0.00	   23.71	   88.35	    8.15	    0.00	  663.26	 3182.57	 1375.81	   16.31	    0.00	  170.19	    0.00	    0.00	   88.35	  133.49	    0.00	  646.35	    0.00	  286.48	    0.00	  165.97	    0.00	   36.70	    0.00
7	5	   81.63	  108.84	   81.63	  108.84	  275.54	    0.00	  657.89	 1466.54	  163.26	  380.95	  453.36	   54.42	   54.42	  119.06	  106.09	  758.85	 1035.35	  106.09	  404.95	  389.00	   35.36	  106.09	  444.52	   35.36
7	6	   40.77	   16.31	  202.06	   40.77	   16.31	  954.42	    0.00	 1623.89	   65.23	  154.92	  234.68	    0.00	    0.00	  258.54	  202.80	    0.00	 1680.54	    0.00	  655.25	    0.00	  443.56	    0.00	   55.75	    0.00
7	8	    0.00	    0.00	    0.00	    0.00	   64.64	    0.00	  235.54	  478.60	    0.00	    0.00	    0.00	    0.00	    0.00	    0.00	    0.00	    0.00	  323.18	   16.31	   64.64	    0.00	    0.00	    0.00	   64.62	    0.00
7	15	    0.00	    0.00	    0.00	    3.02	  260.43	 1794.69	    0.00	 2551.99	    0.00	    0.00	  258.54	    0.00	    0.00	   64.64	    0.00	    0.00	  517.09	    0.00	  193.91	    0.00	    0.00	    0.00	  387.81	    0.00
8	4	    0.00	    0.00	    0.00	    0.00	  193.91	    0.00	    0.00	    0.00	  920.83	 1022.61	    0.00	   64.63	    0.00	    0.00	   72.62	  353.74	  449.61	    0.00	   36.12	    0.00	   35.36	   72.24	    0.00	    0.00
8	7	  414.47	  264.34	  159.38	  406.69	  350.82	  217.68	    0.00	    0.00	  691.24	  285.37	  106.00	   99.49	  129.27	    0.00	    0.00	    0.00	  129.27	    0.00	    0.00	    0.00	    0.00	    0.00	    0.00	    0.00
8	9	  761.89	  380.95	  190.47	 2219.69	 1140.66	 1292.35	  186.62	  195.68	 4425.99	    0.00	    0.00	    0.00	    0.00	    0.00	    0.00	    0.00	    0.00	    0.00	    0.00	    0.00	    0.00	    0.00	    0.00	    0.00
9	8	    0.00	    0.00	    0.00	    0.00	    0.00	    0.00	  163.26	    0.00	    0.00	 2298.17	  601.09	  261.10	  212.18	  212.18	  426.26	  848.83	  573.98	   54.42	  177.58	  212.18	  141.46	  319.79	  176.82	   70.73
9	10	    0.00	    0.00	    0.00	  517.00	  212.18	  176.82	  367.29	  446.17	 1131.65	 3971.76	    0.00	    0.00	    0.00	    0.00	    0.00	  905.90	  593.03	  125.15	    0.00	    0.00	    0.00	    0.00	    0.00	    0.00
9	14	    0.00	    0.00	    0.00	  549.52	  220.34	  179.57	    0.00	    0.00	 1001.00	 4028.45	    0.00	    0.00	    0.00	    0.00	    0.00	    0.00	    0.00	    0.00	    0.00	    0.00	    0.00	    0.00	    0.00	    0.00
9	15	  408.16	  217.68	  108.84	  625.84	  299.31	  653.05	    0.00	    0.00	 1115.63	 4952.30	 1142.84	  816.31	  163.26	    0.00	    0.00	    0.00	    0.00	    0.00	    0.00	    0.00	    0.00	    0.00	    0.00	    0.00
9	16	   71.49	   47.41	   23.70	  102.97	   55.19	    0.00	    0.00	    0.00	  187.53	  733.81	  203.46	  103.35	    0.00	    0.00	    0.00	    0.00	    0.00	    0.00	    0.00	    0.00	    0.00	    0.00	    0.00	    0.00
10	3	    0.00	    0.00	    0.00	    0.00	    0.00	    0.00	    0.00	    0.00	    0.00	    0.00	  740.65	    0.00	    0.00	  220.71	  174.93	    0.00	    0.00	    0.00	   69.97	    0.00	    0.00	  139.94	  212.18	    0.00
10	9	  177.49	   96.33	   48.17	    0.00	    0.00	    0.00	    0.00	    0.00	    0.00	    0.00	 3326.58	 1888.05	 1047.36	  954.83	    0.00	    0.00	    0.00	    0.00	    0.00	    0.00	    0.00	    0.00	  625.84	    0.00
10	11	    0.00	    0.00	    0.00	    0.00	    0.00	    0.00	  190.47	  163.26	  424.37	 1814.56	 1201.62	    0.00	    0.00	  396.78	  353.74	  410.80	  239.39	   54.42	   81.63	    0.00	    0.00	    0.00	    0.00	    0.00
10	13	  171.32	   51.67	   43.52	  176.82	   35.36	  100.00	    0.00	    0.00	  212.18	  742.64	 2617.31	  329.08	    0.00	    0.00	    0.00	    0.00	    0.00	    0.00	    0.00	    0.00	    0.00	    0.00	    0.00	    0.00
11	2	    0.00	    0.00	    0.00	    0.00	    0.00	    0.00	    0.00	    0.00	    0.00	  435.37	  352.88	  476.04	  617.49	  149.23	  212.18	   54.42	   27.21	    0.00	    1.13	    0.00	  106.09	  176.82	  141.46	  106.09
11	10	  525.63	  218.73	  197.77	  154.92	    0.00	    0.00	    0.00	    0.00	    0.00	    0.00	    0.00	 2712.22	 1401.00	    0.00	    0.00	    0.00	    0.00	    0.00	    0.00	    0.00	    0.00	    0.00	    0.00	    0.00
11	12	  828.91	  232.75	  134.06	  339.99	   78.88	  235.36	    0.00	    0.00	  212.18	  671.91	  353.64	 1727.32	    0.00	    0.00	    0.00	  163.26	    0.00	    0.00	    0.00	    0.00	    0.00	    0.00	    0.00	    0.00
12	11	    0.00	    0.00	    0.00	    0.00	    0.00	    0.00	   57.07	    0.00	    0.00	    0.00	    0.00	    0.00	 2478.23	    0.00	  106.00	   54.43	    0.00	   16.31	   25.59	  176.82	  212.18	  424.37	  389.00	  282.91
12	23	  652.09	  126.66	   98.69	  127.80	    8.15	   35.36	    0.00	    0.00	    0.00	    0.00	    0.00	 1267.59	 2684.91	    0.00	    0.00	    0.00	    0.00	    0.00	    0.00	    0.00	    0.00	    0.00	    0.00	    0.00
13	10	    0.00	    0.00	    0.00	    0.00	    0.00	    0.00	    0.00	    0.00	    0.00	    0.00	    0.00	    0.00	    0.00	 2138.14	 1023.76	    0.00	    0.00	    0.00	  293.06	  212.18	  141.46	  528.95	 1297.76	  212.18
13	14	   65.23	   16.31	    8.15	    0.00	    0.00	    0.00	    0.00	    0.00	    0.00	    0.00	 1148.43	   81.53	    0.00	 1866.23	    0.00	    0.00	    0.00	    0.00	    0.00	    0.00	    0.00	    0.00	    0.00	    0.00
13	22	    0.00	    0.00	    0.00	    0.00	    0.00	    0.00	    0.00	    0.00	    0.00	    0.00	  903.06	    0.00	    0.00	  981.94	    0.00	    0.00	    0.00	    0.00	    0.00	    0.00	    0.00	    0.00	    0.00	    0.00
14	9	    0.00	    0.00	    0.00	    0.00	    0.00	    0.00	    0.00	    0.00	    0.00	    0.00	    0.00	    0.00	    0.00	    0.00	 1840.81	    0.00	    0.00	    0.00	  188.29	  252.76	  565.82	 1239.25	  187.53	  353.64
14	13	    0.00	    0.00	    0.00	    0.00	    0.00	    0.00	   70.73	  141.46	    0.00	    0.00	    0.00	    0.00	    0.00	    0.00	 1483.49	  247.55	  247.55	   35.36	  399.15	  389.00	    0.00	  734.68	    0.00	    0.00
14	18	  106.09	   35.36	    0.00	   40.77	   16.31	    0.00	    0.00	    0.00	   81.53	  350.60	  354.02	  106.09	  282.91	 1079.98	 2192.56	    0.00	    0.00	    0.00	    0.00	    0.00	  516.90	 1352.08	  454.33	  223.09
14	21	    0.00	    0.00	    0.00	  331.93	  133.30	  108.84	    0.00	    0.00	  601.19	 2263.29	  299.31	    0.00	    0.00	  326.53	 2051.01	  707.47	 1308.47	    0.00	  838.96	    0.00	    0.00	    0.00	    0.00	    0.00
15	7	    0.00	    0.00	    0.00	    0.00	    0.00	    0.00	    0.00	    0.00	    0.00	  816.31	  326.53	  217.68	    0.00	  194.37	  314.87	 1536.86	  884.10	    0.00	  454.82	    0.00	    0.00	    0.00	    0.00	    0.00
15	9	    0.00	    0.00	    0.00	    0.00	    0.00	  517.09	 1015.85	  816.31	    0.00	    0.00	    0.00	    0.00	    0.00	    0.00	    0.00	 2750.89	 1959.15	  357.14	  625.84	  843.52	    0.00	    0.00	    0.00	    0.00
15	16	  108.84	   54.42	   27.21	  190.47	   81.63	  812.97	  652.95	  957.67	  353.74	 1551.00	  272.10	  163.26	    0.00	    0.00	    0.00	 3389.15	    0.00	  445.43	    0.00	    0.00	    0.00	    0.00	    0.00	    0.00
15	17	  163.26	   54.42	   27.21	  217.68	   81.63	  217.68	    0.00	    0.00	  380.95	 1444.81	  171.04	  244.89	    0.00	   81.63	  190.47	 1553.08	  565.82	    0.00	  190.47	    0.00	    0.00	    0.00	    0.00	    0.00
16	9	    0.00	    0.00	    0.00	    0.00	    0.00	    0.00	    0.00	    0.00	    0.00	    0.00	    0.00	    0.00	    0.00	    0.00	    0.00	  559.85	  587.05	   69.98	    0.00	    0.00	    0.00	    0.00	    0.00	    0.00
16	15	   38.88	   31.10	   15.55	   62.21	   38.88	    0.00	    0.00	    0.00	  114.15	  415.83	  121.92	   54.43	    0.00	  523.54	  929.72	    0.00	 4399.26	    0.00	 1730.86	    0.00	  163.26	  326.53	  136.05	   81.63
16	18	    0.00	    0.00	    0.00	   54.42	   27.21	  312.97	  299.31	  462.58	  108.84	  489.79	    0.00	    0.00	    0.00	    0.00	    0.00	 1839.12	 3288.85	  163.26	    0.00	    0.00	    0.00	    0.00	    0.00	    0.00
17	6	  136.05	   54.42	   27.21	  108.84	   54.42	  108.84	    0.00	    0.00	  163.26	  517.00	  136.05	  247.55	  408.06	   72.24	  180.22	  495.10	  353.64	  299.22	  145.23	  884.10	  247.55	  459.73	  212.18	  141.46
17	15	    1.89	    1.51	    0.76	    0.00	    0.00	    0.00	 2163.90	    0.00	    0.00	    0.00	    0.00	    2.64	   48.92	    0.00	    0.00	    0.00	    0.00	  979.38	    0.00	 1409.35	   48.92	   97.84	   40.77	   24.46
17	19	    0.00	    0.00	    0.00	   81.63	   27.21	  672.10	  818.68	 1164.16	  163.26	  680.26	    0.00	    0.00	    0.00	    0.00	    0.00	  881.16	    0.00	  418.87	    0.00	    0.00	    0.00	    0.00	    0.00	    0.00
18	14	    0.00	    0.00	    0.00	    0.00	    0.00	  129.27	  247.55	  353.64	    0.00	    0.00	    0.00	    0.00	    0.00	    0.00	    0.00	 1379.39	 2086.47	  106.09	 1709.31	 1030.76	    0.00	    0.00	    0.00	    0.00
18	16	    0.00	    0.00	    0.00	    0.00	    0.00	    0.00	    0.00	    0.00	    0.00	    0.00	    0.00	    0.00	  176.82	  771.09	 1460.17	    0.00	    0.00	    0.00	 2332.05	  601.19	  375.45	  927.71	  348.24	  187.72
18	19	    0.00	    0.00	    0.00	   24.46	    8.15	    0.00	    0.00	    0.00	   48.92	  203.84	  212.56	    0.00	    0.00	  202.79	  449.48	    0.00	  601.19	    0.00	  485.22	    0.00	    0.00	    0.00	    0.00	    0.00
19	17	   10.04	    1.51	    0.76	    0.00	    0.00	    0.00	    0.00	    0.00	    0.00	    0.00	    0.38	   76.03	  492.35	   25.97	   60.48	    0.00	    0.00	    0.00	   60.85	 2434.90	  331.83	  663.66	  288.32	  165.92
19	18	    0.00	    0.00	    0.00	    0.00	    0.00	   16.31	   89.69	  138.61	    0.00	    0.00	    0.00	    0.00	    0.00	    0.00	    0.00	    0.00	    0.00	   48.92	    0.00	 2056.32	    0.00	    0.00	    0.00	    0.00
19	20	    0.00	    0.00	    0.00	    0.00	    0.00	  137.43	  304.62	  424.37	    0.00	    0.00	    0.00	    0.00	    0.00	    0.00	    0.00	  176.73	    0.00	   87.03	    0.00	  954.83	    0.00	    0.00	    0.00	    0.00
19	21	    0.00	    0.00	    0.00	    0.00	    0.00	  218.37	  247.55	  282.91	    0.00	    0.00	    0.00	    0.00	    0.00	    0.00	    0.00	  138.61	    0.00	  141.46	    0.00	 1096.28	    0.00	    0.00	    0.00	    0.00
20	19	  116.13	   36.88	    0.76	    0.00	    0.00	    0.00	    0.00	    0.00	    0.00	    0.00	    0.00	  217.48	  704.53	    0.00	    0.00	    0.00	    0.00	    0.00	    0.00	    0.00	  756.20	    0.00	    0.00	  307.37
20	21	  359.14	   89.78	   62.57	    0.00	    0.00	    0.00	    0.00	    0.00	    0.00	    0.00	    0.00	  519.65	  990.19	    0.00	    0.00	    0.00	    0.00	    0.00	    0.00	    0.00	 2002.19	    0.00	    0.00	 1107.19
20	23	    0.00	    0.00	    0.00	    0.00	    0.00	   64.64	  233.89	  282.91	   70.73	  282.91	    0.00	    0.00	    0.00	    0.00	  495.00	  209.44	  282.91	   51.67	  167.05	  530.46	 1131.65	 1273.10	    0.00	    0.00
21	14	  217.68	   54.42	   27.21	    0.00	    0.00	    0.00	    0.00	    0.00	    0.00	    0.00	    0.00	  272.10	  530.46	    0.00	    0.00	    0.00	    0.00	    0.00	    0.00	    0.00	 1365.64	 4245.47	  995.50	  718.18
21	19	    0.00	    0.00	    0.00	    0.00	    0.00	    0.00	    0.00	    0.00	    0.00	    0.00	    0.00	    0.00	    0.00	    0.00	    0.00	    0.00	    0.00	    0.00	    0.00	    0.00	    0.00	 1512.40	  535.86	    0.00
21	20	    0.00	    0.00	    0.00	   54.42	   35.36	   27.21	    0.00	    0.00	  176.82	  707.28	    0.00	    0.00	    0.00	    0.00	  777.91	  244.89	  495.10	    0.00	  308.51	    0.00	    0.00	 1909.65	    0.00	    0.00
21	22	    0.00	    0.00	    0.00	  136.05	   27.21	  100.00	   70.73	  106.09	  176.82	  636.55	    0.00	    0.00	    0.00	    0.00	  353.64	  176.82	  212.18	   35.36	  106.09	  247.55	    0.00	  961.28	    0.00	    0.00
22	13	    0.00	    0.00	    0.00	    0.00	    0.00	    0.00	    0.00	    0.00	    0.00	    0.00	    0.00	    0.00	  212.18	    0.00	    0.00	    0.00	    0.00	    0.00	    0.00	    0.00	  282.91	  218.63	 1686.76	  353.64
22	21	    0.00	    0.00	    0.00	    0.00	    0.00	    0.00	    0.00	    0.00	    0.00	    0.00	   89.69	    0.00	    0.00	   97.84	    0.00	    0.00	    0.00	    0.00	    0.00	    0.00	    0.00	    0.00	 2274.00	    0.00
22	23	    0.00	    0.00	    0.00	    0.00	    0.00	    0.00	    0.00	    0.00	    0.00	    0.00	  353.64	    0.00	    0.00	  495.10	    0.00	    0.00	    0.00	    0.00	    0.00	    0.00	    0.00	    0.00	 1167.01	    0.00
23	12	    0.00	    0.00	    0.00	    0.00	    0.00	    0.00	  198.53	  212.18	    0.00	    0.00	    0.00	    0.00	    0.00	  212.18	  353.54	  103.35	  176.82	   51.67	  131.69	  389.00	  424.37	  884.10	  671.91	  530.46
23	20	  510.64	  126.66	   63.33	   16.31	    0.00	    0.00	    0.00	    0.00	    0.00	    0.00	  141.46	  843.23	 1906.90	  141.46	    0.00	    0.00	    0.00	    0.00	    0.00	    0.00	    0.00	    0.00	  247.55	 1591.38
23	22	  106.09	    0.00	   35.36	   40.77	    8.15	    0.00	    0.00	    0.00	    0.00	    0.00	    0.00	  247.55	  495.10	    0.00	    0.00	    0.00	    0.00	    0.00	    0.00	    0.00	  530.46	    0.00	    0.00	  601.19
