i	j	o12d18
0	1	 4513.11
0	2	 8116.13
1	0	 4516.40
1	5	 5994.53
2	0	 8112.84
2	3	14168.79
2	11	10133.37
3	2	14130.98
3	4	18166.63
3	10	 5208.26
4	3	18129.32
4	5	 8797.05
4	8	15847.92
5	1	 5997.82
5	4	 8802.07
5	7	12510.41
6	7	12091.59
6	17	15854.54
7	5	12518.72
7	6	12059.52
7	8	 6871.72
7	15	 8389.63
8	4	15805.60
8	7	 6838.68
8	9	21807.47
9	8	21832.11
9	10	17709.40
9	14	23199.39
9	15	11047.83
9	16	 8100.07
10	3	 5307.76
10	9	17588.86
10	11	 8380.20
10	13	 9806.00
11	2	10167.89
11	10	 8446.17
11	12	12411.26
12	11	12611.74
12	23	10999.69
13	10	 9818.99
13	14	 9021.54
13	22	 8376.97
14	9	23225.96
14	13	 9079.17
14	18	19122.25
14	21	18338.27
15	7	 8398.90
15	9	11066.07
15	16	11650.81
15	17	15333.76
16	9	 8100.46
16	15	11637.47
16	18	 9953.27
17	6	15886.61
17	15	15374.60
17	19	19046.44
18	14	19160.58
18	16	 9940.31
18	19	 8643.52
19	17	19019.35
19	18	 8668.89
19	20	 6284.31
19	21	 7002.98
20	19	 6183.54
20	21	 8554.34
20	23	10322.54
21	14	18284.14
21	19	 7002.02
21	20	 8547.05
21	22	 9665.02
22	13	 8332.34
22	21	 9602.64
22	23	 7873.66
23	12	11100.18
23	20	10229.06
23	22	 7766.65
