i	j	o15d11n1l26
0	1	 4495.30
0	2	 8119.71
1	0	 4519.69
1	5	 5966.70
2	0	 8095.32
2	3	14020.11
2	11	10036.54
3	2	14043.35
3	4	18019.28
3	10	 5208.70
4	3	18042.98
4	5	 8796.02
4	8	15788.48
5	1	 5991.08
5	4	 8805.82
5	7	12490.89
6	7	12101.92
6	17	15799.19
7	5	12525.08
7	6	12042.20
7	8	 6882.05
7	15	 8384.15
8	4	15802.38
8	7	 6835.39
8	9	21751.70
9	8	21818.94
9	10	17726.08
9	14	23129.91
9	15	11046.41
9	16	 8100.60
10	3	 5308.24
10	9	17602.67
10	11	 8364.70
10	13	 9778.85
11	2	 9988.91
11	10	 8405.05
11	12	12299.19
12	11	12391.92
12	23	11119.68
13	10	 9814.63
13	14	 9038.65
13	22	 8401.09
14	9	23194.50
14	13	 9082.72
14	18	19084.09
14	21	18401.43
15	7	 8405.27
15	9	11072.95
15	16	11688.22
15	17	15286.77
16	9	 8100.12
16	15	11678.19
16	18	 9951.98
17	6	15858.91
17	15	15344.46
17	19	18991.40
18	14	19115.17
18	16	 9941.47
18	19	 8685.02
19	17	19008.82
19	18	 8705.58
19	20	 6303.05
19	21	 7004.62
20	19	 6243.36
20	21	 8617.42
20	23	10305.61
21	14	18379.02
21	19	 7002.29
21	20	 8606.32
21	22	 9659.39
22	13	 8392.80
22	21	 9623.54
22	23	 7902.66
23	12	11112.40
23	20	10257.03
23	22	 7858.51
