i	j	       0	       1	       2	       3	       4	       5	       6	       7	       8	       9	      10	      11	      12	      13	      14	      15	      16	      17	      18	      19	      20	      21	      22	      23
0	1	 2600.65	    0.00	  275.12	  200.02	   12.67	    0.00	    0.01	    0.02	   25.35	   76.04	  200.02	  495.19	  467.24	  100.01	   12.69	    0.02	    0.04	    0.00	    0.03	    0.00	    0.01	    0.17	    0.16	   29.74
0	2	 6199.35	 1139.96	    0.00	    0.00	    0.00	  242.74	  132.39	  229.35	    0.00	    0.00	    0.00	    0.00	    0.00	    0.00	    0.00	   97.79	    0.00	   32.77	    0.00	    0.02	    0.00	    0.00	    0.00	    0.00
1	0	    0.00	 1239.96	    0.00	    0.00	    0.00	  542.74	  632.30	 1029.21	    0.00	    0.00	    0.00	    0.00	    0.00	    0.00	    0.00	  597.70	    0.38	  132.75	    0.03	  299.89	    0.00	    0.02	    0.00	    0.00
1	5	 2500.65	 2760.04	  175.12	    0.04	    0.00	    0.00	    0.00	    0.00	    0.00	    0.00	    0.04	  395.19	  167.24	    0.01	    0.00	    0.00	    0.00	    0.00	    0.00	    0.00	    0.01	    0.03	    0.16	   29.74
2	0	    0.00	    0.00	  375.12	  700.02	  212.67	    0.00	    0.10	    0.16	  525.35	 1376.04	  700.02	  695.19	  967.24	  400.01	  512.69	    0.10	  399.65	    0.02	  300.00	    0.14	  100.01	  400.15	  300.16	  129.74
2	3	 4498.87	  639.63	 1924.60	    0.00	    0.00	    0.00	    0.00	    0.00	    0.00	    0.00	    0.00	 3689.02	 2449.70	    0.09	    0.00	    0.00	    0.00	    0.00	    0.00	    0.00	  202.54	    0.42	    2.76	  469.94
2	11	 1600.48	  400.33	  500.28	 1602.41	  402.92	  500.62	  807.77	 1200.00	 1399.60	  808.17	    0.74	    0.00	    0.00	    0.28	   64.46	  552.87	  227.79	  199.66	   27.62	    0.14	    0.00	    0.09	    0.09	    0.00
3	2	    0.00	    0.00	    0.00	 2502.43	  715.59	  557.89	  775.48	 1170.81	 2024.94	 2484.12	 1000.58	    0.00	    0.00	  500.02	  677.07	  655.18	  727.41	  166.91	  327.61	    0.17	    0.02	    0.17	    0.15	    0.01
3	4	 3197.82	  139.72	 1324.58	 6697.74	    0.00	    0.00	    0.00	    0.00	  800.00	    0.00	  902.92	 3088.62	 1849.42	  200.03	    0.08	    0.00	    0.00	    0.00	    0.05	    0.00	    2.59	    0.07	  199.83	  269.95
3	10	  801.05	  299.96	  400.03	 2399.83	  699.81	  599.53	    0.46	  121.40	    1.83	    0.17	    0.00	    0.40	    0.28	    0.07	    0.06	    0.11	    0.04	    0.02	    0.02	    0.02	    0.02	    0.05	    0.05	    0.02
4	3	    0.00	    0.04	    0.00	    0.00	 1915.40	 1557.41	 1175.94	 1992.21	 2726.77	 3684.28	    0.00	    0.00	    0.00	    0.00	 1176.62	 1455.30	 1227.45	  266.92	  527.42	  300.20	    0.03	  399.06	    0.00	    0.00
4	5	    0.00	    0.00	  521.64	 2138.67	 1268.94	    0.00	    0.02	    0.03	  574.80	 1323.90	  402.75	 1445.45	  569.79	  100.03	  287.27	    0.04	    0.04	    0.00	    0.12	    0.01	    0.01	    0.03	   99.83	   70.25
4	8	 2997.82	  899.88	  702.94	 4059.07	 2915.65	 1400.00	    0.02	    0.10	    0.00	    0.00	    0.17	 1443.17	 1079.63	    0.00	    0.00	    0.06	    0.00	    0.01	    0.00	    0.02	    0.00	    0.00	    0.00	  199.70
5	1	    0.00	    0.00	    0.00	    0.02	   87.33	  942.74	  832.29	 1429.19	  174.65	  523.96	    0.02	    0.00	    0.00	    0.01	   87.31	  997.69	  200.35	  132.75	  100.00	  399.88	    0.00	   99.87	    0.00	    0.00
5	4	    0.00	  860.21	    0.00	    0.00	    0.00	 3157.41	 1024.19	 1856.12	    0.00	    0.00	    0.00	    0.00	    0.00	    0.00	    0.00	 1411.42	    0.07	  195.91	    0.03	  290.90	    0.08	    0.00	    0.00	    0.00
5	7	 2200.65	 1499.84	  396.76	 1738.69	  981.62	 3499.85	    0.00	    0.00	    0.14	    0.06	    2.77	 1640.64	  537.03	    0.04	    0.00	    0.00	    0.00	    0.00	    0.00	    0.00	    0.00	    0.00	    0.00	    0.00
6	7	    0.00	    0.00	    0.00	    0.00	    0.00	    0.00	 4211.59	    0.00	    0.00	    0.00	    0.00	    0.00	    0.00	  399.83	  599.68	  357.62	  133.68	  999.60	  999.42	 2599.62	  500.31	  799.84	  299.97	  199.99
6	17	  433.92	  340.54	    9.77	  437.43	  123.44	  994.85	 7888.41	 4543.32	  829.98	    0.82	    0.15	  221.19	    0.01	    0.00	    0.00	    0.00	    0.03	    0.00	    0.00	    0.00	    0.00	    0.00	    0.00	    0.00
7	5	    0.00	    0.00	    0.00	    0.00	    0.00	    0.00	 2256.46	 4085.27	    0.00	    0.12	    0.00	    0.00	    0.00	    0.00	    0.04	 3309.07	  700.38	  428.66	  299.91	  990.77	  100.07	  299.82	    0.00	    0.01
7	6	  933.92	  540.54	  109.77	  837.43	  323.44	 1394.85	    0.00	 5543.32	 1429.93	    3.43	    1.08	  921.02	   59.20	    0.00	    0.00	    0.00	    0.11	    0.00	    0.00	    0.00	    0.00	    0.00	    0.00	    0.00
7	8	    0.00	    0.00	    0.00	    0.00	    0.00	    0.00	  955.13	 3714.65	    0.00	    0.00	    0.00	    0.00	    0.00	    0.00	    0.00	 1284.47	    0.00	  271.06	    0.00	  709.17	    0.29	    0.09	    0.00	    0.00
7	15	  466.81	  559.34	  176.50	  699.33	  437.08	 1305.09	    0.00	 3356.75	  910.19	    0.00	    0.06	  486.17	    0.30	    0.00	    0.00	    0.00	    0.00	    0.00	    0.00	    0.00	    0.00	    0.00	    0.00	    0.00
8	4	    0.00	    0.00	    0.00	    0.00	    0.00	    0.00	  351.79	  636.22	 3301.57	 6008.19	    0.00	    0.00	    0.00	    0.00	 1663.81	  543.97	 1427.43	   71.03	  627.47	  109.34	   97.37	  599.01	    0.00	    0.00
8	7	    0.08	    0.04	   89.51	  498.07	  278.90	    0.09	    0.00	    0.00	 3139.98	 1603.22	  798.37	  366.55	  122.47	    0.00	    0.00	    0.00	    0.23	    0.00	    0.00	    0.00	    0.00	    0.00	    0.00	    0.00
8	9	 2497.74	  699.84	  513.43	 2861.00	 1836.75	  999.91	    3.41	 2278.53	 9758.45	    0.00	    0.00	  476.75	  357.30	    0.00	    0.00	    0.25	    0.00	    0.06	    0.00	    0.00	    0.00	    0.00	    0.00	    0.00
9	8	    0.00	    0.00	    0.00	    0.00	    0.00	    0.00	    0.05	    0.00	    0.00	10411.41	 2198.20	    0.13	    0.13	  600.00	 2663.81	  659.69	 2327.65	    0.02	 1027.47	    0.15	  397.08	 1298.92	  500.00	    0.30
9	10	    0.00	    0.00	    0.00	    0.00	    0.00	    0.00	  499.54	  678.62	 2496.12	 8175.88	    0.00	    0.00	    0.00	    0.00	 1241.84	 1546.62	 1871.91	  199.90	  410.04	  414.32	    1.65	  452.21	    0.00	    0.00
9	14	  799.27	   99.95	   99.91	 1098.74	  597.39	  200.05	    0.00	    0.00	 3102.33	14629.71	 1837.15	  652.01	    2.16	    0.00	    0.00	    0.00	    0.81	    0.00	    0.00	    0.00	    0.00	    0.00	    0.00	    0.00
9	15	    0.00	    0.00	   13.74	   63.29	   39.56	    0.00	    0.00	    0.00	  460.29	 8082.31	 2184.37	  191.84	    0.11	    0.00	    0.00	    0.00	    0.00	    0.00	    0.00	    0.00	    0.00	    0.00	    0.00	    0.00
9	16	  399.25	    0.02	   99.98	  499.90	  199.94	    0.04	    0.08	    0.12	  899.71	 3900.69	  999.85	  599.89	  499.90	    0.10	    0.13	    0.12	    0.00	    0.05	    0.07	    0.14	    0.05	    0.14	    0.05	    0.03
10	3	    0.00	    0.00	    0.00	    0.00	    0.00	    0.00	    0.00	    0.00	  800.00	    0.00	 3403.50	    0.00	    0.00	 1200.03	    0.58	    0.00	    0.00	    0.00	    0.25	    0.00	    0.05	    0.81	  697.27	    0.05
10	9	    0.78	    0.08	    0.20	    0.93	    0.13	    0.11	    0.00	    0.00	    0.00	    0.00	11119.56	 2967.12	 2045.01	 1072.18	    0.00	    0.00	    0.00	    0.00	    0.00	    0.00	    0.00	    0.00	  315.04	   41.42
10	11	    0.00	    0.00	    0.00	    0.00	    0.00	    0.00	    0.00	    0.00	    0.11	 3092.00	 2400.54	    0.00	    0.00	  734.60	  646.32	  146.92	  872.04	    0.02	  276.97	    0.00	    0.00	    0.00	    0.00	    0.00
10	13	  300.87	  100.10	  100.12	  998.98	  199.70	  199.49	    0.00	    0.02	  297.84	 1084.05	 5376.40	 1048.09	   19.43	    0.00	    0.00	    0.00	    0.04	    0.00	    0.00	    0.00	    0.00	    0.00	    0.00	    0.00
11	2	    0.00	    0.00	    0.00	    0.00	    0.00	    0.00	    0.00	    0.00	    0.00	    0.09	    0.19	 4584.22	 3516.95	    0.35	    0.08	    0.00	    0.03	    0.00	    0.01	    0.08	  302.53	  500.50	  402.87	  599.66
11	10	    0.60	    0.22	    0.30	    0.08	    0.03	    0.07	    0.00	    0.00	    0.00	    0.00	    0.00	 5414.81	 3064.17	    0.00	    0.00	    0.00	    0.00	    0.00	    0.00	    0.00	    0.04	    0.00	    0.00	    0.56
11	12	 1399.89	  300.11	  299.98	 1002.33	  202.89	  300.55	  108.03	  600.00	  799.70	 1900.08	 1001.09	 3900.98	    0.00	   34.96	   10.92	    0.53	  499.80	    0.08	    4.68	    0.00	    0.00	    0.00	    0.00	    0.00
12	11	    0.00	    0.00	    0.00	    0.00	    0.00	    0.00	    0.26	    0.00	    0.00	    0.00	    0.00	    0.00	 7881.11	    0.43	    0.22	    0.74	    0.00	    0.40	    0.09	  499.94	  602.57	 1200.40	 1102.78	 1100.22
12	23	  899.89	    0.11	  199.98	  402.33	    2.89	  100.55	    0.00	    0.00	  199.70	    0.08	    1.09	 2600.98	 6718.89	    0.00	    0.00	    0.00	    0.00	    0.00	    0.00	    0.00	    0.00	    0.00	    0.00	    0.00
13	10	    0.00	    0.00	    0.00	    0.00	    0.00	    0.00	    0.00	    0.00	    0.00	    0.00	    0.00	    0.00	    0.00	 4606.75	  805.01	    0.19	    0.13	    0.11	  267.17	  185.65	  398.35	  648.55	 2312.25	  640.88
13	14	    0.76	    0.09	    0.10	    0.88	    0.06	    0.04	    0.00	    0.00	    0.00	    0.00	 1037.06	  348.05	   89.06	 6270.33	    0.00	    0.00	    0.00	    0.00	    0.00	    0.00	    0.00	    0.00	 1208.13	  118.19
13	22	    0.12	    0.01	    0.03	  498.12	   99.65	   99.46	    0.00	    0.00	  185.22	  756.83	 2739.40	    0.35	    0.44	 3222.93	  413.37	    0.00	  212.41	    0.00	  127.46	    0.00	    0.00	    0.00	    0.00	    0.00
14	9	    0.00	    0.00	    0.00	    0.00	    0.00	    0.00	    0.00	    0.00	    0.00	    0.00	    0.00	    0.00	    0.00	 1627.93	 7905.78	    0.30	    0.85	    0.05	 3237.38	 1737.55	 1598.78	 4351.28	 1985.01	  758.91
14	13	    0.00	    0.00	    0.00	    0.00	    0.00	    0.00	  199.61	  399.22	  487.38	 1772.78	    0.07	    0.00	    0.00	    0.00	 2518.38	  699.76	  912.50	   99.88	  694.62	  684.54	    0.00	  687.45	    0.00	    0.00
14	18	  300.03	    0.05	    0.01	  200.07	  100.03	    0.10	    0.02	    0.03	  400.15	 3213.89	  814.46	  300.06	  279.34	 2896.42	 5899.44	    0.06	    0.41	    0.01	    0.00	    0.05	  568.36	 2899.91	  899.98	  262.53
14	21	    0.00	    0.00	    0.00	  399.54	  297.42	    0.00	    0.00	    0.00	 1314.80	 5643.03	  659.69	    0.00	    0.00	  445.98	 5076.40	    0.23	 2473.87	    0.00	 2065.29	    0.00	    0.00	    0.00	    0.00	    0.00
15	7	    0.00	    0.00	    0.00	    0.00	    0.00	    0.00	    0.00	    0.00	    0.00	    0.27	    0.00	    0.00	    0.00	    0.13	    0.36	 6435.92	 1966.58	    0.12	    0.49	    0.31	    0.05	    0.08	    0.03	    0.02
15	9	    0.00	    0.05	    0.00	    0.00	    0.00	    0.07	 2396.08	    0.21	    0.00	    0.00	    0.00	    0.00	    0.00	    0.00	    0.00	 6604.77	    0.57	  899.67	    0.20	 1176.58	    0.00	    0.00	    0.00	    0.00
15	16	    0.74	  200.01	    0.01	    0.06	    0.05	  500.02	 1000.32	 1400.64	    0.24	    0.51	    0.09	    0.05	    0.00	    0.00	    0.00	 5946.11	    0.00	  600.25	    0.00	 1574.79	  346.93	    0.00	    0.00	  123.43
15	17	    0.04	    0.02	    0.00	    0.04	    0.01	    0.08	    0.00	    0.38	    0.21	 3683.34	  784.73	    0.10	    0.01	    0.03	    0.16	 7113.20	 3722.02	    0.00	    0.16	    0.00	    0.00	    0.00	    0.00	    0.00
16	9	    0.00	    0.00	    0.00	    0.00	    0.00	    0.00	    0.19	    0.00	    0.00	    0.00	    0.00	    0.00	    0.00	    0.00	    0.00	    1.11	 8098.95	    0.18	    0.00	    0.48	    0.00	    0.00	    0.00	    0.00
16	15	    0.00	    0.00	    0.00	    0.00	    0.00	    0.00	    0.00	    0.00	    0.00	    1.44	    0.28	    0.00	    0.00	  694.49	 1192.41	    0.00	 8489.05	    0.00	 1292.12	    0.00	    0.05	    0.11	    0.04	    0.03
16	18	    0.03	    0.03	    0.00	    0.02	    0.01	    0.06	    0.22	    0.76	    0.04	    0.16	    0.00	    0.00	    0.00	    0.00	    0.00	 3145.11	 6812.00	    0.12	    0.00	    0.00	    0.00	    0.00	    0.00	    0.00
17	6	    0.00	    0.00	    0.00	    0.00	    0.00	    0.00	    0.00	    0.00	    0.05	 1897.39	  499.07	    0.17	  340.81	  599.83	 1099.68	 1757.62	 1133.60	 1199.60	 1399.42	 3099.62	  700.31	 1299.84	  499.97	  299.99
17	15	   33.97	   40.75	    9.77	   37.49	   23.43	   95.08	 4796.40	  244.49	   29.95	    0.37	    0.12	   22.14	  599.60	    5.67	    8.11	    0.00	    0.12	 2000.03	    8.72	 4351.68	  946.93	 1199.97	  499.99	  423.42
17	19	  299.99	  299.81	    0.00	  299.99	  100.02	  799.85	 2892.01	 3999.22	  600.18	 1086.62	  185.78	    0.04	    0.00	    0.00	    0.00	 4855.58	 1988.48	 1600.36	    0.00	    0.00	    0.00	    0.00	    0.00	    0.00
18	14	    0.00	    0.01	    0.00	    0.00	    0.00	    0.02	  699.57	  999.17	    0.00	    0.00	    0.00	    0.00	    0.00	    0.00	    0.00	 1900.19	 4886.82	  299.92	 6797.28	 3521.69	    0.16	    0.38	    0.16	    0.07
18	16	    0.04	    0.00	    0.01	    0.05	    0.02	    0.00	    0.00	    0.00	    0.09	    0.40	    0.34	    0.06	    0.10	 1394.38	 2692.29	    0.00	    0.00	    0.00	 2992.05	  125.55	  253.07	 1699.96	  599.99	  176.57
18	19	    0.02	    0.00	    0.00	    0.04	    0.02	    0.02	    0.00	    0.00	    0.10	 1413.65	  414.12	    0.00	    0.00	 1202.05	 2407.15	    0.00	  225.59	    0.00	 3010.67	    0.00	    0.00	    0.00	    0.00	    0.00
19	17	    0.00	    0.00	    0.00	    0.00	    0.00	    0.00	    0.00	    0.00	    0.00	    0.21	    0.08	    1.06	 1040.39	  705.47	 1307.63	    0.00	    0.14	    0.00	 1707.98	 7851.30	 1747.23	 2799.81	 1099.96	  723.41
19	18	    0.00	   99.93	    0.00	    0.00	    0.00	  199.88	 1099.33	 1698.38	    0.00	    0.00	    0.00	    0.00	   20.75	    0.01	    0.00	   55.02	    0.00	  599.79	    0.00	 4847.19	   84.86	    0.43	    0.17	   14.11
19	20	    0.00	    0.00	    0.00	    0.01	    0.03	  100.01	  592.46	  600.32	    0.13	    0.05	    0.02	    0.01	    0.02	    0.02	    0.03	 1500.68	  513.53	  200.45	  102.78	 2700.77	    0.00	    0.07	    0.03	    0.02
19	21	    0.00	   99.88	    0.00	    0.02	    0.01	  199.98	  700.22	  800.51	    0.15	    0.22	    0.05	    0.00	    0.00	    0.00	    0.17	 1699.88	    0.47	  400.13	    0.08	 3100.74	    0.18	    0.00	    0.00	    0.00
20	19	    0.00	    0.00	    0.00	    0.00	    0.00	    0.00	    0.00	    0.00	    0.00	    0.11	    0.03	  400.85	 1660.81	    0.08	    0.17	    0.00	    0.07	    0.00	    0.18	    0.00	 3032.28	    0.24	    3.04	 1136.98
20	21	  263.58	    0.10	   65.89	    0.25	    0.00	    0.03	    0.06	    0.08	    0.00	    0.00	    0.00	  461.26	 1475.99	    0.00	    0.00	    0.16	    0.00	    0.03	    0.00	    0.40	 4770.10	    0.00	    0.00	 1623.41
20	23	    0.00	    0.00	    0.00	    0.00	    0.00	    0.02	  392.40	  200.25	    0.18	  495.74	    0.00	    0.00	    0.00	    0.00	  690.51	  900.60	  218.51	  100.41	  257.69	 1500.36	 3197.62	 2378.86	    0.00	    0.00
21	14	    0.00	    0.00	    0.00	    0.00	    0.00	    0.00	    0.06	    0.08	    0.00	    0.00	    0.00	    0.00	  888.12	    0.00	    0.00	    0.15	    0.00	    0.03	    0.00	    0.45	 2966.98	10538.26	 2676.70	 1303.18
21	19	    0.00	    0.00	    0.00	    0.00	    0.00	    0.00	    0.00	    0.00	    0.00	    0.10	    0.22	    0.18	    0.36	    3.37	    0.51	    0.00	    0.00	    0.00	    0.00	    0.00	    0.00	 5200.08	 1797.13	    0.56
21	20	    0.01	    0.00	    0.00	    0.03	   97.48	    0.00	    0.00	    0.00	  300.05	 1695.80	    1.68	    0.04	    0.08	    1.17	 1490.64	    0.08	  305.06	    0.00	  555.09	    0.00	    0.00	 4179.03	    0.81	    0.07
21	22	    0.00	    0.00	    0.00	    0.00	    0.00	    0.01	  200.22	  300.51	  314.89	 1347.35	    0.00	    0.00	    0.00	    0.00	  985.42	  500.03	  469.28	  100.13	  310.28	  700.70	    3.30	 4482.64	    0.00	    0.00
22	13	    0.01	    0.00	    0.00	    0.02	    0.00	    0.00	    0.39	    0.76	    0.00	    0.00	    0.00	    0.30	  670.07	    0.00	    0.00	    0.43	    0.00	    0.22	    0.01	    1.12	  798.35	 1161.10	 4620.38	 1159.07
22	21	  136.44	    0.02	   34.11	    0.22	    0.05	    0.00	    0.00	    0.00	    0.00	    0.00	  442.17	  238.96	  712.57	  758.57	    0.00	    0.00	    0.00	    0.00	    0.00	    0.00	    0.00	    0.00	 6574.64	  780.40
22	23	    0.01	    0.00	    0.00	    0.03	    0.00	    0.01	    0.02	    0.04	    0.11	  304.18	  997.29	    0.07	    0.00	 1364.36	  398.79	    0.09	   81.69	    0.00	  137.72	    0.24	    0.06	 1222.20	 3304.98	    0.00
23	12	    0.00	    0.00	    0.00	    0.00	    0.00	    0.00	  292.23	    0.00	    0.00	    0.00	    0.00	    0.00	    0.00	  565.47	  689.30	  600.21	    0.20	  100.32	  295.41	 1099.94	 1202.57	 2500.40	 1902.78	 1800.22
23	20	  363.56	    0.09	   65.89	  200.21	    2.49	    0.03	    0.00	    0.00	    0.00	    0.00	  398.33	 1162.06	 3736.69	  398.89	    0.00	    0.00	    0.00	    0.00	    0.00	    0.00	    0.00	    0.00	  702.20	 3260.31
23	22	  436.34	    0.01	  134.08	    2.15	    0.40	    0.55	    0.19	    0.29	    0.00	    0.00	    0.05	  938.99	 2182.20	    0.00	    0.00	    0.48	    0.00	    0.09	    0.00	    0.66	 1495.11	    0.66	    0.00	 2639.47
