i	j	       1	       2	       3	       4	       5	       6	       7	       8	       9	      10	      11	      12	      13	      14	      15	      16	      17	      18	      19	      20	      21	      22	      23	      24
1	2	 2599.98	    0.00	  491.05	  200.00	   81.21	    0.00	    0.01	    0.01	  162.42	  487.97	  200.01	 1267.95	  692.25	   99.99	   81.33	    0.01	   25.81	    0.00	   81.33	    0.00	    0.00	   99.93	   49.31	   49.31
1	3	 6200.02	 1903.08	    0.00	    0.00	    0.00	  406.43	  451.30	  526.54	    0.00	    0.00	    0.00	    0.00	    0.00	    0.00	    0.00	  432.64	    0.00	  111.98	    0.00	    0.72	    0.00	    0.00	    0.00	    0.00
2	1	    0.00	 2003.08	    0.00	    0.00	    0.00	  706.43	  951.28	 1326.51	    0.00	    0.00	    0.00	    0.00	    0.00	    0.00	    0.01	  932.57	    0.04	  211.98	    0.03	  300.71	    0.00	    0.00	    0.00	    0.00
2	6	 2499.98	 1996.92	  391.05	    0.01	    0.00	    0.00	    0.00	    0.00	    0.00	    0.00	    0.03	 1167.95	  392.25	    0.00	    0.00	    0.00	    0.00	    0.00	    0.00	    0.00	    0.00	    0.01	   49.31	   49.31
3	1	    0.00	    0.00	  591.05	  700.00	  281.21	    0.00	    0.03	    0.04	  662.42	 1787.97	  700.01	 1467.95	 1192.25	  399.99	  581.31	    0.09	  425.77	    0.00	  381.29	    0.01	  100.00	  499.93	  349.31	  149.31
3	4	 4499.95	 1303.06	 1708.91	    0.00	    0.00	    0.42	    0.00	    0.00	    0.00	    0.00	    0.06	 3801.39	 2917.43	    0.02	    0.00	    0.00	    0.00	    0.00	    0.00	    0.00	  299.98	  599.52	  870.38	  450.70
3	12	 1600.07	  500.02	  500.04	 2499.87	  799.91	  600.12	 1099.73	 1199.87	 1898.53	 1496.02	    4.28	    0.00	    0.00	    2.05	  522.45	 1048.89	  411.25	  297.96	  223.90	    1.55	    0.00	    0.00	    0.00	    0.00
4	3	    0.00	    0.00	    0.00	 3399.87	 1181.11	  494.12	  748.46	  873.38	 2660.92	 3583.70	 1004.11	    0.00	    0.00	  501.92	 1203.63	  816.26	  936.93	  185.98	  605.15	    0.84	    0.00	    0.00	    0.00	    0.00
4	5	 3199.21	  802.89	 1108.78	 6299.34	    0.00	    0.18	    0.00	    0.00	    0.03	    0.32	 1250.22	 3200.67	 2316.88	  200.10	    0.06	    0.06	    0.10	    0.00	    0.05	    0.00	   99.99	  199.57	  370.90	  250.65
4	11	  800.74	  300.21	  400.13	 1900.79	  599.99	  499.98	    0.04	    4.63	    0.51	    0.15	    0.00	    0.72	    0.55	    0.06	    0.05	    0.05	    0.04	    0.01	    0.01	    0.02	    0.01	    0.04	    0.05	    0.05
5	4	    0.00	    0.05	    0.00	    0.00	 2281.11	 1393.85	 1148.50	 1578.01	 3361.42	 4773.22	    0.00	    0.00	    0.00	    0.15	 1699.86	 1615.59	 1433.72	  285.98	  803.29	  300.83	    0.03	    0.06	    0.00	    0.00
5	6	    0.00	    0.00	  405.19	 2635.37	 1482.23	    0.00	    0.01	    0.03	  437.64	  911.90	  748.30	 1215.12	  407.80	  100.09	  218.64	    0.03	   51.84	    0.00	  218.64	    0.01	    0.00	    0.00	   50.69	   50.68
5	9	 2999.21	 1100.67	  603.59	 3163.97	 2336.66	 1755.38	    0.03	    0.10	    0.00	    0.00	    1.94	 1785.54	 1709.08	    0.02	    0.00	    0.06	    0.00	    0.01	    0.00	    0.03	    0.00	    0.00	  220.21	  199.97
6	2	    0.00	    0.00	    0.00	    0.02	   18.79	 1106.43	 1151.27	 1726.49	   37.58	  112.03	    0.02	    0.00	    0.00	    0.01	   18.69	 1332.55	  174.23	  211.98	   18.71	  400.71	    0.00	    0.07	    0.00	    0.00
6	5	    0.00	  397.83	    0.00	    0.00	    0.00	 3349.05	 1067.66	 1655.59	    0.00	    0.00	    0.00	    0.00	    0.00	    0.00	    0.01	 1652.71	    0.07	  225.75	    0.03	  325.13	    0.00	    0.00	    0.00	    0.00
6	8	 2199.98	 1199.09	  496.25	 2235.36	 1263.44	 3144.52	    0.00	    0.00	    0.06	    0.00	  348.31	 2183.07	  600.06	    0.09	    0.00	    0.00	    0.00	    0.00	    0.00	    0.00	    0.00	    0.00	    0.00	    0.00
7	8	    0.00	    0.00	    0.00	    0.00	    0.00	    0.00	 4501.29	    0.00	    0.02	    0.04	    0.02	    0.00	    0.00	  359.25	  539.65	  889.56	  244.88	 1097.93	  632.13	 2601.28	  500.47	  700.05	  299.99	  200.00
7	18	  420.98	  118.56	    8.39	  433.52	  120.97	  747.21	 7598.71	 4449.12	 1857.63	    1.12	    0.22	  229.06	    0.33	    0.06	    0.12	    0.00	    0.21	    0.00	    0.06	    0.00	    0.00	    0.00	    0.00	    0.00
8	6	    0.00	    0.00	    0.00	    0.00	    0.00	    0.00	 2618.92	 4182.05	    0.00	    0.13	    0.00	    0.00	    0.00	    0.00	    0.05	 3885.23	  622.46	  537.72	    0.10	 1025.83	  100.00	  200.07	    0.00	    0.01
8	7	  920.98	  318.56	  108.39	  833.51	  320.97	 1147.21	    0.00	 5449.12	 2457.52	 1169.27	  329.27	  929.05	    4.05	    0.07	    0.14	    0.00	    0.25	    0.00	    0.07	    0.00	    0.00	    0.00	    0.00	    0.00
8	9	    0.00	    0.00	    0.00	    0.00	    0.00	    0.00	  882.38	 3618.27	    0.00	    0.00	    0.00	    0.00	    0.00	    0.00	    0.03	 1498.44	    0.00	  260.25	    0.01	  675.56	    0.50	    0.02	    0.00	    0.00
8	16	  479.08	  480.57	  191.44	  765.54	  478.45	 1197.40	    0.00	 3450.56	 1338.37	    0.38	    0.18	  669.81	    0.65	    0.00	    0.00	    0.00	    0.00	    0.00	    0.00	    0.00	    0.00	    0.00	    0.00	    0.00
9	5	    0.00	    0.00	    0.00	    0.00	    0.00	    0.00	  280.88	  422.56	 4599.03	 6684.80	    0.02	    0.00	    0.00	    0.16	 2118.43	  462.92	 1685.38	   60.24	 1121.85	   75.73	    0.04	    0.49	    0.00	    0.00
9	8	    0.08	    0.04	    3.58	   63.69	   35.98	    0.09	    0.00	    0.00	 4595.81	 2769.29	  781.12	   15.78	    4.64	    2.44	    2.92	    0.00	    0.30	    0.00	    0.10	    0.00	    0.00	    0.00	    0.00	    0.00
9	10	 2499.13	  900.63	  500.00	 2400.29	 1500.68	 1355.28	    1.57	 2395.81	 7005.16	    0.00	    0.00	 1169.82	 1104.49	    0.00	    0.00	    0.15	    0.00	    0.06	    0.00	    0.08	    0.00	    0.00	    0.00	    0.00
10	9	    0.00	    0.00	    0.00	    0.00	    0.00	    0.00	    0.05	    0.00	    0.00	12254.09	 2179.20	    0.05	    0.05	  602.58	 3121.33	  364.57	 2585.69	    0.03	 1521.94	    0.22	  299.55	  700.47	  279.79	    0.03
10	11	    0.00	    0.00	    0.00	    0.00	    0.01	    0.00	  500.08	  795.88	 1665.08	 8759.12	    0.00	    0.00	    0.00	    0.00	 2276.22	 1649.26	 1692.23	  200.05	  776.42	  599.14	    0.04	    0.66	    0.00	    0.00
10	15	  800.01	  199.96	  100.01	  700.07	  300.08	  399.84	    0.03	    0.07	 1636.41	 9962.87	 1963.43	 1000.07	 1000.09	    0.00	    0.00	    0.00	    0.32	    0.00	    0.00	    0.00	    0.00	    0.00	    0.00	    0.00
10	16	    0.00	    0.00	    0.17	    0.99	    0.62	    0.00	    0.00	    0.00	    3.69	10323.94	 2104.85	    0.94	    0.24	    0.05	    0.24	    0.00	    0.00	    0.00	    0.00	    0.00	    0.00	    0.00	    0.00	    0.00
10	17	  399.95	  100.99	   99.99	  499.94	  199.97	  155.52	    0.06	    0.09	  899.98	 3899.98	  999.87	  599.92	  499.94	    0.04	    0.09	    0.10	    0.00	    0.02	    0.06	    0.06	    0.04	    0.11	    0.04	    0.02
11	4	    0.00	    0.00	    0.00	    0.00	    0.00	    0.00	    0.00	    0.00	    0.05	   10.94	 3754.27	    0.00	    0.00	 1201.91	    3.88	    0.77	    3.34	    0.01	    1.91	    0.03	    0.00	    0.04	    0.57	    0.00
11	10	    0.83	    0.27	    0.17	    0.71	    0.00	    0.00	    0.00	    0.00	    0.00	    0.00	11147.35	 2431.17	 2295.83	 1136.54	    0.00	    0.00	    0.00	    0.00	    0.00	    0.00	    0.00	    0.00	  512.74	   72.57
11	12	    0.00	    0.00	    0.00	    0.00	    0.00	    0.00	    0.12	    0.13	    0.31	 2629.01	 2793.02	    0.00	    0.00	 1298.02	  877.78	  248.55	  688.92	    0.05	  376.18	    0.12	    0.00	    0.00	    0.00	    0.00
11	14	  300.04	   99.99	  100.01	  500.12	  100.01	   99.99	    0.00	    0.38	  265.23	 2119.31	 4605.36	  700.10	  599.96	    0.00	    0.00	    0.00	    0.00	    0.00	    0.00	    0.00	    0.00	    0.00	    0.00	    0.00
12	3	    0.00	    0.00	    0.00	    0.00	    0.00	    0.00	    0.00	    0.00	    0.02	    0.30	    0.24	 5469.34	 4209.68	    0.15	    0.13	    0.08	    0.10	    0.00	    0.04	    0.00	  399.98	 1199.45	 1319.69	  600.01
12	11	    0.14	    0.05	    0.04	    0.04	    0.00	    0.01	    0.00	    0.00	    0.00	    0.00	    0.00	 4530.55	 3895.25	    0.00	    0.00	    0.00	    0.00	    0.00	    0.00	    0.00	    0.40	    0.03	    0.09	    1.21
12	13	 1399.93	  399.97	  299.99	 1899.84	  599.91	  400.11	  399.85	  600.00	 1298.82	 2124.73	 1397.06	 3900.12	    0.00	  599.93	  700.10	  597.36	  500.08	   98.01	  300.03	    0.10	    0.00	    0.00	    0.00	    0.00
13	12	    0.00	    0.00	    0.00	    0.00	    0.00	    0.00	    0.00	    0.00	    0.00	    0.00	    0.00	    0.00	 9404.93	    0.00	    0.00	    0.00	    0.00	    0.00	    0.00	  498.44	  700.38	 1899.48	 2019.78	 1101.23
13	24	  899.93	   99.97	  199.99	 1299.84	  399.91	  200.11	    0.00	    0.00	  698.82	  224.73	  397.06	 2600.12	 5195.07	    0.00	    0.16	    0.00	    0.12	    0.00	    0.06	    0.00	    0.00	    0.00	    0.00	    0.00
14	11	    0.00	    0.00	    0.00	    0.00	    0.00	    0.00	    0.00	    0.00	    0.00	    0.00	    0.00	    0.00	    0.00	 5236.41	    5.39	    0.00	    0.00	    0.00	    1.66	    0.99	  399.54	 1099.31	 1813.16	  671.31
14	15	    0.05	    0.00	    0.01	    0.05	    0.00	    0.00	    0.00	    0.00	    0.00	    0.00	    2.59	    0.09	    0.00	 5763.23	    0.00	    0.00	    0.00	    0.00	    0.00	    0.00	    0.00	    0.00	 1793.22	  222.12
14	23	    0.02	    0.00	    0.01	    0.12	    0.02	    0.01	    0.00	    0.00	    1.38	 2755.81	 3002.84	    0.03	    0.04	 3100.35	 1957.95	    0.00	  890.48	    0.00	  400.51	    0.00	    0.00	    0.00	    0.00	    0.00
15	10	    0.00	    0.00	    0.00	    0.00	    0.00	    0.00	    0.00	    0.00	    0.00	    0.00	    0.00	    0.00	    0.00	 1566.14	 9397.88	    0.27	    0.33	    0.05	 4098.22	 1803.19	 1499.63	 3301.23	 1567.09	  727.48
15	14	    0.02	    0.00	    0.01	    0.03	    0.01	    0.01	  199.96	  399.54	  336.12	 2736.41	    0.00	    0.00	    0.00	    0.00	 3263.34	  699.83	 1590.45	   99.98	  702.17	  500.84	    0.00	    0.25	    0.00	    0.00
15	19	  300.04	   99.97	    0.01	  200.09	  100.07	  199.85	    0.01	    0.02	  400.29	 3226.45	  566.02	  300.16	  300.22	 2897.10	 8738.78	    0.03	    0.06	    0.01	    0.00	    0.03	  420.77	 2899.87	  899.97	  206.95
15	22	    0.00	    0.00	    0.00	    0.00	    0.00	    0.00	    0.00	    0.00	    0.00	    0.00	    0.00	    0.00	    0.00	    0.00	    0.00	    0.00	    0.00	    0.00	    0.00	    0.00	    0.00	    0.00	    0.00	    0.00
16	8	    0.00	    0.00	    0.00	    0.00	    0.00	    0.00	    0.00	    0.00	    0.00	    0.45	    0.00	    0.00	    0.00	   38.29	   57.64	 6694.11	 1777.54	    0.04	   67.96	    0.11	    0.02	    0.03	    0.01	    0.01
16	10	    0.00	    0.05	    0.00	    0.00	    0.00	    0.07	 2398.55	    0.22	    0.00	    0.00	    0.00	    0.00	    0.00	    0.00	    0.00	 6413.27	    0.58	  899.96	    0.20	 1296.02	    0.00	    0.00	    0.00	    0.00
16	17	    0.06	   99.02	    0.01	    0.06	    0.03	  344.52	 1000.19	 1401.41	    0.12	    0.52	    0.09	    0.05	    0.00	    0.00	    0.00	 5998.13	    0.00	  600.10	    0.00	 1542.02	  399.72	    0.09	    0.03	  162.85
16	18	    0.00	    0.00	    0.00	    0.00	    0.00	    0.00	    0.00	    0.00	    0.72	 5924.60	  705.18	    0.08	    0.00	   13.58	   29.94	 6994.48	 5850.99	    0.00	   30.64	    0.00	    0.00	    0.00	    0.00	    0.00
17	10	    0.00	    0.00	    0.00	    0.00	    0.00	    0.00	    0.10	    0.00	    0.00	    0.00	    0.00	    0.00	    0.00	    0.00	    0.00	    0.25	 8177.32	    0.04	    0.00	    0.13	    0.00	    0.00	    0.00	    0.00
17	16	    0.00	    0.00	    0.00	    0.00	    0.00	    0.00	    0.00	    0.00	    0.10	    0.48	    0.00	    0.00	    0.00	  751.40	 1286.67	    0.00	10428.62	    0.00	 1398.06	    0.00	    0.05	    0.11	    0.05	    0.03
17	19	    0.03	    0.02	    0.00	    0.02	    0.01	    0.04	    0.15	    1.50	    0.04	    0.16	    0.00	    0.00	    0.00	    0.00	    0.00	 3197.99	 4794.06	    0.08	    0.00	    0.00	    0.00	    0.00	    0.00	    0.00
18	7	    0.00	    0.00	    0.00	    0.01	    0.01	    0.00	    0.00	    0.00	    0.13	  731.89	  170.98	    0.02	  396.28	  559.25	 1039.63	 2289.56	 1244.84	 1297.93	 1032.11	 3101.28	  700.47	 1200.05	  499.99	  300.00
18	16	   20.98	   18.51	    8.40	   33.53	   20.96	   47.19	 4798.73	  151.07	   58.69	    0.76	    0.24	   29.39	  599.11	    0.43	    0.68	    0.00	    0.48	 2000.10	    0.74	 4438.16	  999.68	 1200.01	  500.00	  462.83
18	20	  300.00	  100.05	    0.00	  300.01	  100.03	  600.03	 2599.97	 3998.06	 1599.61	 4494.09	  434.48	    0.06	    0.03	    0.03	    0.32	 4204.93	 4006.93	 1501.96	    0.27	    0.00	    0.00	    0.00	    0.00	    0.00
19	15	    0.00	    0.01	    0.00	    0.00	    0.00	    0.02	  699.94	  999.49	    0.00	    0.00	    0.00	    0.00	    0.00	    0.00	    0.00	 1900.07	 3090.52	  300.02	 5600.39	 3404.00	    0.14	    0.35	    0.00	    0.00
19	17	    0.01	    0.00	    0.00	    0.02	    0.01	    0.00	    0.00	    0.00	    0.03	    0.15	    0.04	    0.02	    0.06	 1451.36	 2786.58	    0.00	    0.00	    0.00	 3098.00	  158.05	  200.30	 1699.91	  599.98	  137.16
19	20	    0.05	    0.00	    0.01	    0.09	    0.07	    0.00	    0.00	    0.00	    0.29	 1426.47	  165.99	    0.14	    0.16	 1145.74	 5152.20	    0.00	    3.59	    0.00	 4101.61	    0.00	    0.00	    0.00	    0.00	    0.00
20	18	    0.00	    0.00	    0.01	    0.03	    0.02	    0.00	    0.00	    0.00	    0.08	    1.03	    0.30	    0.32	 1095.08	  646.06	 1210.57	    0.00	    1.05	    0.00	 1302.42	 7939.44	 1800.15	 2700.06	 1099.99	  762.83
20	19	    0.00	    0.02	    0.00	    0.00	    0.00	    0.14	 1099.78	 1697.97	    0.00	    0.00	    0.00	    0.00	    0.00	    0.00	    0.00	    2.05	    0.00	  599.93	    0.00	 4762.02	  179.68	    0.39	    0.01	   30.22
20	21	    0.02	    0.00	    0.00	    0.03	    0.05	  133.57	  464.57	  804.30	  417.76	 1389.04	    0.00	    0.00	    0.00	    0.06	 1002.89	 1305.10	  895.73	  192.66	  601.72	 3382.34	    0.00	    0.00	    0.00	    0.00
20	22	    0.03	    0.03	    0.00	    0.04	    0.04	  166.32	  535.62	  595.78	  582.06	 2030.50	    0.17	    0.03	    0.05	    0.14	 1839.06	 1297.78	 1413.74	  309.37	  997.74	 2416.20	    0.00	    0.00	    0.00	    0.00
21	20	    0.00	    0.00	    0.00	    0.00	    0.00	    0.00	    0.00	    0.00	    0.00	    0.00	    0.00	  400.15	 1694.93	    0.28	    0.00	    0.00	    0.00	    0.00	    0.00	    0.00	 3179.83	    0.15	    1.70	 1193.00
21	22	  292.19	   73.03	   73.05	  292.16	  146.08	   33.77	   85.37	   85.84	  118.15	  190.14	    0.16	  511.34	  949.76	    0.03	  204.15	  205.00	  287.09	   51.13	  202.07	  408.56	 4529.36	    0.00	    0.19	 1637.31
21	24	    0.00	    0.00	    0.00	    0.00	    0.00	    0.01	  179.43	  318.91	    0.00	    0.04	    0.00	    0.00	    0.00	    0.00	    0.06	  500.81	    9.23	   41.62	    0.08	 1775.56	 3290.81	 2885.22	    0.00	    0.00
22	15	    0.00	    0.00	    0.00	    0.00	    0.00	    0.00	    0.00	    0.00	    0.00	    0.00	    0.00	    0.00	    0.14	    0.00	    0.00	    0.06	    0.00	    0.01	    0.00	    0.06	 2720.25	 8801.00	 1673.83	 1112.31
22	20	    0.00	    0.00	    0.00	    0.00	    0.00	    0.00	    0.00	    0.00	    0.00	    0.00	    0.00	    0.00	    0.02	    0.20	    0.00	    0.00	    0.00	    0.00	    0.00	    0.00	    0.00	 5100.31	 1798.29	    0.04
22	21	    0.01	    0.00	    0.00	    0.01	    0.01	    0.09	    0.23	    0.45	    0.25	    1.04	    8.97	    0.02	    0.04	   10.25	    0.74	    0.71	    0.59	    0.09	    0.37	    1.78	    0.00	 4685.37	   17.97	    0.02
22	23	    0.00	    0.00	    0.00	    0.00	    0.00	    0.01	  120.76	  181.17	    0.02	    0.18	    0.00	    0.00	    0.00	    0.00	    0.16	  302.00	    0.30	   60.39	    0.08	  422.92	    9.10	 5813.32	    0.00	    0.03
23	14	    0.01	    0.00	    0.00	    0.02	    0.00	    0.00	    0.04	    0.09	    0.02	    0.08	    0.06	    0.03	    0.08	    0.00	    0.00	    0.17	    0.03	    0.02	    0.00	    0.15	  799.54	 2299.06	 4706.39	 1293.42
23	22	  107.78	   26.94	   26.95	  107.82	   53.89	    0.01	    0.00	    0.00	    0.06	  380.59	 1108.64	  188.66	  350.39	 1210.28	  557.69	    0.00	    0.06	    0.00	    0.64	    0.00	    0.00	    0.00	 5589.91	  575.08
23	24	    0.00	    0.00	    0.00	    0.01	    0.00	    0.00	    0.02	    0.05	    0.08	  575.63	  594.49	    0.01	    0.02	  790.07	  400.55	    0.10	  290.80	    0.02	  100.01	    0.33	    0.00	 1414.26	 4203.71	    0.00
24	13	    0.00	    0.00	    0.00	    0.00	    0.00	    0.00	    0.15	    0.00	    0.00	    0.00	    0.00	    0.00	    0.00	    0.07	    0.06	    2.64	    0.05	    1.99	    0.03	 1098.33	 1300.38	 3199.48	 2819.78	 1801.23
24	21	  392.16	   73.03	   73.05	  492.12	  246.03	    0.12	    0.00	    0.00	    0.14	    0.10	  391.19	 1211.46	 3244.65	  390.00	    0.58	    0.00	    0.00	    0.00	    0.06	    0.00	    0.00	    0.00	  683.92	 3330.30
24	23	  407.77	   26.95	  126.95	  607.72	  153.88	  100.00	   79.30	  118.96	  498.76	    0.31	    0.36	  888.67	 1150.44	    0.00	    0.13	  198.27	    0.11	   39.65	    0.06	  277.56	 1490.44	    0.00	    0.00	 2568.48
