i	j	o1d14l5
0	1	 4496.20
0	2	 8120.46
1	0	 4521.34
1	5	 5968.75
2	0	 8095.32
2	3	14018.25
2	11	10035.94
3	2	14041.07
3	4	18014.71
3	10	 5210.57
4	3	18038.10
4	5	 8796.88
4	8	15784.56
5	1	 5993.89
5	4	 8805.34
5	7	12493.18
6	7	12109.22
6	17	15802.87
7	5	12526.77
7	6	12040.64
7	8	 6880.61
7	15	 8387.58
8	4	15799.50
8	7	 6834.50
8	9	21746.46
9	8	21815.29
9	10	17728.56
9	14	23129.54
9	15	11045.76
9	16	 8100.73
10	3	 5310.01
10	9	17607.85
10	11	 8366.67
10	13	 9778.65
11	2	 9987.98
11	10	 8405.41
11	12	12302.68
12	11	12393.46
12	23	11120.03
13	10	 9818.64
13	14	 9035.66
13	22	 8397.82
14	9	23192.23
14	13	 9079.22
14	18	19085.24
14	21	18403.26
15	7	 8398.70
15	9	11072.79
15	16	11688.00
15	17	15297.90
16	9	 8100.55
16	15	11676.66
16	18	 9952.15
17	6	15871.45
17	15	15347.38
17	19	18990.33
18	14	19116.74
18	16	 9940.63
18	19	 8684.97
19	17	19008.40
19	18	 8704.95
19	20	 6304.07
19	21	 7003.05
20	19	 6242.65
20	21	 8617.03
20	23	10306.88
21	14	18378.01
21	19	 7002.53
21	20	 8607.24
21	22	 9659.63
22	13	 8394.25
22	21	 9624.05
22	23	 7898.84
23	12	11110.81
23	20	10255.25
23	22	 7859.68
