i	j	       0	       1	       2	       3	       4	       5	       6	       7	       8	       9	      10	      11	      12	      13	      14	      15	      16	      17	      18	      19	      20	      21	      22	      23
0	1	 2600.45	    0.00	  270.86	  200.02	   15.66	    0.00	    0.01	    0.02	   31.31	   93.98	  200.02	  470.92	  462.56	  100.00	   15.67	    0.02	    0.04	    0.00	    0.01	    0.00	    0.01	    0.05	    0.24	   29.55
0	2	 6199.55	 1151.01	    0.00	    0.00	    0.00	  240.85	  133.23	  231.07	    0.00	    0.00	    0.00	    0.00	    0.00	    0.00	    0.00	   94.69	    0.00	   32.84	    0.00	    0.02	    0.00	    0.00	    0.00	    0.00
1	0	    0.00	 1251.01	    0.00	    0.00	    0.00	  540.85	  633.21	 1031.04	    0.00	    0.00	    0.00	    0.00	    0.00	    0.00	    0.00	  594.67	    0.73	  132.84	    0.03	  300.01	    0.00	    0.00	    0.00	    0.00
1	5	 2500.45	 2748.99	  170.86	    0.04	    0.00	    0.00	    0.00	    0.00	    0.00	    0.00	    0.04	  370.92	  162.56	    0.01	    0.00	    0.00	    0.00	    0.00	    0.00	    0.00	    0.01	    0.03	    0.24	   29.55
2	0	    0.00	    0.00	  370.86	  700.02	  215.66	    0.00	    0.03	    0.05	  531.31	 1393.98	  700.02	  670.92	  962.56	  400.00	  515.67	    0.04	  399.30	    0.00	  299.99	    0.02	  100.01	  400.05	  300.24	  129.55
2	3	 4499.11	  650.72	 1928.89	    0.00	    0.00	    0.00	    0.00	    0.00	    0.00	    0.00	    0.00	 3760.01	 2481.55	    0.09	    0.00	    0.00	    0.00	    0.00	    0.00	    0.00	  202.55	    2.75	    2.50	  470.16
2	11	 1600.44	  400.29	  500.25	 1601.75	  402.98	  500.39	  783.51	 1200.00	 1399.69	  764.66	    1.16	    0.00	    0.00	    0.17	   69.54	  556.63	  215.67	  199.54	   29.80	    0.31	    0.00	    0.00	    0.00	    0.00
3	2	    0.00	    0.00	    0.00	 2501.77	  718.64	  559.54	  750.30	 1168.98	 2031.00	 2458.64	 1000.59	    0.00	    0.00	  499.82	  685.16	  661.98	  714.98	  166.70	  329.79	    0.31	    0.00	    0.07	    0.05	    0.00
3	4	 3197.85	  150.68	 1328.85	 6697.23	    0.00	    0.00	    0.00	    0.00	    0.00	    0.11	  903.48	 3159.66	 1881.26	  200.02	    0.08	    0.00	    0.01	    0.00	    0.02	    0.00	    2.60	    0.04	  199.75	  270.18
3	10	  801.26	  300.08	  400.05	 2401.00	  699.92	  599.76	    0.50	    5.43	    0.74	    0.17	    0.00	    0.35	    0.29	    0.07	    0.06	    0.12	    0.04	    0.02	    0.02	    0.02	    0.02	    0.05	    0.05	    0.02
4	3	    0.00	    0.04	    0.00	    0.00	 1918.56	 1559.31	 1150.80	 1874.40	 2731.74	 3657.68	    0.00	    0.00	    0.00	    0.00	 1183.97	 1462.10	 1214.52	  266.72	  529.27	  300.33	    0.03	    0.06	    0.00	    0.00
4	5	    0.00	    0.00	  528.35	 2136.29	 1264.49	    0.00	    0.02	    0.03	  568.84	 1305.97	  403.31	 1469.65	  566.79	  100.02	  283.40	    0.04	    0.04	    0.00	    0.23	    0.01	    0.01	    0.00	   99.75	   70.44
4	8	 2997.85	  899.73	  700.50	 4060.94	 2916.95	 1399.86	    0.03	    0.10	    0.00	    0.00	    0.17	 1490.01	 1114.47	    0.00	    0.00	    0.06	    0.00	    0.01	    0.00	    0.03	    0.00	    0.00	    0.00	  199.73
5	1	    0.00	    0.00	    0.00	    0.02	   84.34	  940.85	  833.20	 1431.02	  168.69	  506.02	    0.02	    0.00	    0.00	    0.01	   84.33	  994.65	  200.70	  132.84	  100.01	  400.00	    0.00	   99.98	    0.00	    0.00
5	4	    0.00	  849.09	    0.00	    0.00	    0.00	 3159.17	 1029.95	 1795.08	    0.00	    0.00	    0.00	    0.00	    0.00	    0.00	    0.00	 1460.11	    0.10	  201.29	    0.03	  304.73	    0.03	    0.06	    0.00	    0.00
5	7	 2200.45	 1499.90	  399.20	 1736.31	  980.15	 3499.98	    0.00	    0.00	    0.15	    0.07	    3.33	 1640.57	  529.35	    0.02	    0.00	    0.00	    0.00	    0.00	    0.00	    0.00	    0.00	    0.00	    0.00	    0.00
6	7	    0.00	    0.00	    0.00	    0.00	    0.00	    0.00	 4187.95	    0.00	    0.00	    0.00	    0.00	    0.00	    0.00	  399.87	  600.70	  359.72	  129.76	  999.77	  999.45	 2599.99	  500.09	  799.95	  299.97	  199.99
6	17	  431.13	  337.25	    8.96	  434.15	  121.44	  987.18	 7912.05	 4523.67	  826.11	    0.64	    0.13	  220.76	    0.06	    0.00	    0.00	    0.00	    0.03	    0.00	    0.00	    0.00	    0.00	    0.00	    0.00	    0.00
7	5	    0.00	    0.00	    0.00	    0.00	    0.00	    0.00	 2263.14	 4026.07	    0.00	    0.12	    0.00	    0.00	    0.00	    0.00	    0.92	 3354.72	  700.75	  434.12	  299.81	 1004.72	  100.01	  300.01	    0.00	    0.01
7	6	  931.13	  537.25	  108.96	  834.15	  321.44	 1387.18	    0.00	 5523.67	 1426.06	    4.79	    1.27	  920.33	   46.99	    0.00	    0.00	    0.00	    0.11	    0.00	    0.00	    0.00	    0.00	    0.00	    0.00	    0.00
7	8	    0.00	    0.00	    0.00	    0.00	    0.00	    0.00	  924.82	 3773.86	    0.00	    0.00	    0.00	    0.00	    0.00	    0.00	    0.00	 1225.97	    0.00	  265.77	    0.00	  695.63	    0.12	    0.02	    0.00	    0.00
7	15	  469.40	  562.69	  175.04	  691.29	  432.01	 1312.90	    0.00	 3376.40	  893.42	    0.00	    0.06	  473.01	    0.31	    0.00	    0.00	    0.00	    0.00	    0.00	    0.00	    0.00	    0.00	    0.00	    0.00	    0.00
8	4	    0.00	    0.00	    0.00	    0.00	    0.00	    0.00	  320.90	  579.46	 4100.58	 5963.54	    0.00	    0.00	    0.00	    0.00	 1667.30	  502.09	 1414.45	   65.44	  629.46	   95.64	   97.41	  199.97	    0.00	    0.00
8	7	    0.08	    0.04	   84.80	  489.13	  273.30	    0.09	    0.00	    0.00	 3119.33	 1604.58	  798.01	  352.77	  117.95	    0.05	    0.00	    0.00	    0.23	    0.00	    0.00	    0.00	    0.00	    0.00	    0.00	    0.00
8	9	 2497.78	  699.69	  515.70	 2871.81	 1843.65	  999.77	    4.00	 2394.50	 8980.09	    0.00	    0.00	  537.29	  396.58	    0.00	    0.00	    0.25	    0.00	    0.41	    0.00	    0.33	    0.00	    0.00	    0.00	    0.00
9	8	    0.00	    0.00	    0.00	    0.00	    0.00	    0.00	    0.05	    0.00	    0.00	10368.12	 2197.83	    0.05	    0.05	  600.06	 2667.30	  676.31	 2314.68	    0.07	 1029.46	    0.31	  397.28	  899.95	  500.00	    0.27
9	10	    0.00	    0.00	    0.00	    0.00	    0.00	    0.00	  499.50	  794.60	 1725.56	 8336.15	    0.00	    0.00	    0.00	    0.00	 1391.40	 1543.55	 1884.44	  199.98	  459.12	  458.89	    1.44	  569.57	    0.00	    0.00
9	14	  799.23	   99.97	   99.91	 1098.23	  597.20	  199.90	    0.00	    0.00	 3073.95	14542.22	 1970.27	  662.65	    7.98	    0.00	    0.00	    0.00	    0.81	    0.00	    0.00	    0.00	    0.00	    0.00	    0.00	    0.00
9	15	    0.00	    0.00	   16.04	   74.71	   46.70	    0.00	    0.00	    0.00	  480.74	 8052.77	 2173.27	  204.53	    0.39	    0.00	    0.00	    0.00	    0.00	    0.00	    0.00	    0.00	    0.00	    0.00	    0.00	    0.00
9	16	  399.45	    0.02	   99.95	  499.77	  199.91	    0.04	    0.08	    0.12	  899.83	 3900.73	 1000.09	  599.98	  499.99	    0.06	    0.13	    0.12	    0.00	    0.05	    0.07	    0.14	    0.05	    0.14	    0.05	    0.03
10	3	    0.00	    0.00	    0.00	    0.00	    0.00	    0.00	    0.00	    0.00	    0.00	    1.24	 3404.07	    0.00	    0.00	 1199.81	    1.32	    0.00	    0.51	    0.00	    0.55	    0.00	    0.04	  397.34	  697.36	    0.04
10	9	    0.90	    0.25	    0.20	    0.90	    0.16	    0.10	    0.00	    0.00	    0.00	    0.00	11241.47	 2929.92	 2011.83	 1011.45	    0.00	    0.00	    0.00	    0.00	    0.00	    0.00	    0.00	    0.00	  311.01	   55.84
10	11	    0.00	    0.00	    0.00	    0.00	    0.00	    0.00	    0.00	    0.00	    0.11	 3135.34	 2400.15	    0.00	    0.00	  745.61	  640.91	  143.85	  884.28	    0.02	  274.65	    0.00	    0.00	    0.00	    0.00	    0.00
10	13	  300.91	  100.04	  100.13	 1000.18	  199.79	  199.73	    0.00	    0.02	  326.20	 1199.74	 5254.31	 1037.05	   38.41	    0.00	    0.00	    0.00	    0.04	    0.00	    0.00	    0.00	    0.00	    0.00	    0.00	    0.00
11	2	    0.00	    0.00	    0.00	    0.00	    0.00	    0.00	    0.00	    0.00	    0.00	    0.00	    0.59	 4630.92	 3544.11	    0.44	    0.05	    0.00	    0.00	    0.00	    0.00	    0.00	  302.56	  502.73	  402.69	  599.71
11	10	    0.55	    0.21	    0.27	    0.08	    0.03	    0.07	    0.00	    0.00	    0.00	    0.00	    0.00	 5366.63	 3049.95	    0.00	    0.00	    0.00	    0.00	    0.00	    0.00	    0.00	    0.04	    0.00	    0.00	    0.39
11	12	 1399.89	  300.08	  299.98	 1001.67	  202.95	  300.33	   83.57	  600.00	  799.79	 1900.00	 1000.72	 3902.45	    0.00	   45.68	   10.39	    0.71	  499.96	    0.06	    4.45	    0.04	    0.00	    0.00	    0.00	    0.00
12	11	    0.00	    0.00	    0.00	    0.00	    0.00	    0.00	    0.07	    0.00	    0.00	    0.00	    0.00	    0.00	 7894.05	    0.34	    0.00	    0.23	    0.00	    0.50	    0.00	  499.72	  602.59	 1202.73	 1102.69	 1100.09
12	23	  899.89	    0.08	  199.98	  401.67	    2.95	  100.33	    0.00	    0.00	  199.79	    0.00	    0.72	 2602.45	 6705.95	    0.00	    0.00	    0.00	    0.00	    0.00	    0.00	    0.00	    0.00	    0.00	    0.00	    0.00
13	10	    0.00	    0.00	    0.00	    0.00	    0.00	    0.00	    0.00	    0.00	    0.00	    0.00	    0.00	    0.00	    0.00	 4556.82	  650.78	    0.18	    0.35	    0.03	  216.07	  141.09	  398.55	  927.73	 2308.32	  655.47
13	14	    0.80	    0.03	    0.10	    1.05	    0.06	    0.06	    0.00	    0.00	    0.00	    0.00	 1005.73	  337.35	  100.26	 6364.14	    0.00	    0.00	    0.00	    0.00	    0.00	    0.00	    0.00	    0.00	 1110.20	  130.20
13	22	    0.12	    0.01	    0.03	  499.15	   99.73	   99.67	    0.00	    0.00	  194.87	  819.21	 2648.65	    0.34	    0.35	 3179.04	  459.50	    0.00	  227.32	    0.00	  142.41	    0.00	    0.00	    0.00	    0.00	    0.00
14	9	    0.00	    0.00	    0.00	    0.00	    0.00	    0.00	    0.00	    0.00	    0.00	    0.00	    0.00	    0.00	    0.00	 1688.66	 8058.82	    0.30	    0.79	    0.05	 3288.45	 1788.76	 1598.77	 4069.66	 1989.04	  744.45
14	13	    0.00	    0.00	    0.00	    0.00	    0.00	    0.00	  199.43	  398.85	  468.67	 1719.46	    0.07	    0.00	    0.00	    0.00	 2410.27	  699.11	  927.62	   99.71	  658.47	  639.55	    0.75	  894.53	    0.00	    0.00
14	18	  300.03	    0.09	    0.01	  200.07	  100.03	    0.13	    0.02	    0.03	  400.15	 3242.02	  825.19	  300.06	  283.05	 2897.96	 5900.68	    0.06	    0.41	    0.01	    0.00	    0.05	  572.50	 2899.91	  899.98	  266.36
14	21	    0.00	    0.00	    0.00	  399.21	  297.23	    0.00	    0.00	    0.00	 1305.14	 5580.74	  750.75	    0.00	    0.00	  477.52	 5030.23	    0.23	 2469.55	    0.00	 2071.35	    0.00	    0.00	    0.00	    0.00	    0.00
15	7	    0.00	    0.00	    0.00	    0.00	    0.00	    0.00	    0.00	    0.00	    0.00	    0.27	    0.00	    0.00	    0.00	    0.05	    0.22	 6420.97	 1970.88	    0.12	    0.36	    0.36	    0.05	    0.08	    0.03	    0.02
15	9	    0.00	    0.05	    0.00	    0.00	    0.00	    0.07	 2395.41	    0.21	    0.00	    0.00	    0.00	    0.00	    0.00	    0.00	    0.00	 6618.31	    0.57	  899.55	    0.20	 1170.07	    0.00	    0.00	    0.00	    0.00
15	16	    0.54	  199.98	    0.04	    0.20	    0.08	  499.99	 1000.36	 1400.23	    0.12	    0.51	    0.09	    0.05	    0.00	    0.00	    0.00	 5953.58	    0.00	  600.15	    0.00	 1568.36	  345.12	    0.00	    0.00	  121.99
15	17	    0.02	    0.00	    0.00	    0.02	    0.00	    0.03	    0.00	    0.15	    0.81	 3653.82	  773.64	    0.13	    0.00	    0.03	    0.15	 7107.14	 3728.84	    0.00	    0.15	    0.00	    0.00	    0.00	    0.00	    0.00
16	9	    0.00	    0.00	    0.00	    0.00	    0.00	    0.00	    0.23	    0.00	    0.00	    0.00	    0.00	    0.00	    0.00	    0.00	    0.00	    1.11	 8098.57	    0.08	    0.00	    0.19	    0.00	    0.00	    0.00	    0.00
16	15	    0.00	    0.00	    0.00	    0.00	    0.00	    0.00	    0.00	    0.00	    0.00	    1.45	    0.27	    0.09	    0.08	  693.62	 1189.56	    0.00	 8500.17	    0.00	 1289.05	    0.00	    0.05	    0.11	    0.04	    0.03
16	18	    0.03	    0.02	    0.00	    0.02	    0.01	    0.04	    0.21	    0.35	    0.04	    0.16	    0.00	    0.00	    0.00	    0.00	    0.00	 3152.58	 6801.26	    0.12	    0.00	    0.00	    0.00	    0.00	    0.00	    0.00
17	6	    0.00	    0.00	    0.00	    0.00	    0.00	    0.00	    0.00	    0.00	    0.05	 1895.84	  498.85	    0.43	  353.07	  599.87	 1100.70	 1759.72	 1129.67	 1199.77	 1399.45	 3099.99	  700.09	 1299.95	  499.97	  299.99
17	15	   31.15	   37.35	    8.96	   34.21	   21.38	   87.19	 4795.77	  224.20	   26.76	    0.37	    0.12	   22.55	  599.23	    6.46	   10.82	    0.00	    0.12	 1999.83	   11.66	 4338.78	  945.12	 1199.97	  499.99	  421.98
17	19	  299.99	  299.91	    0.00	  299.95	  100.06	  800.01	 2916.28	 3999.63	  600.11	 1058.45	  174.80	    0.02	    0.00	    0.00	    0.00	 4847.42	 1999.22	 1600.40	    0.00	    0.00	    0.00	    0.00	    0.00	    0.00
18	14	    0.00	    0.08	    0.00	    0.00	    0.00	    0.17	  699.38	  998.80	    0.00	    0.00	    0.00	    0.00	    0.00	    0.00	    0.00	 1899.54	 4897.57	  299.75	 6818.26	 3527.91	    0.16	    0.37	    0.16	    0.07
18	16	    0.04	    0.02	    0.01	    0.05	    0.02	    0.00	    0.00	    0.00	    0.09	    0.37	    0.10	    0.06	    0.09	 1393.56	 2689.43	    0.00	    0.00	    0.00	 2988.98	  131.69	  254.88	 1699.96	  599.99	  178.02
18	19	    0.02	    0.00	    0.00	    0.04	    0.02	    0.02	    0.00	    0.00	    0.09	 1441.81	  425.09	    0.00	    0.00	 1204.41	 2411.25	    0.00	  204.10	    0.00	 2992.75	    0.00	    0.00	    0.00	    0.00	    0.00
19	17	    0.00	    0.00	    0.00	    0.00	    0.00	    0.00	    0.00	    0.00	    0.00	    0.21	    0.01	    2.11	 1052.24	  706.30	 1311.37	    0.00	    0.14	    0.00	 1710.95	 7838.77	 1745.21	 2799.92	 1099.96	  721.97
19	18	    0.00	  100.00	    0.00	    0.00	    0.00	  200.03	 1099.15	 1698.42	    0.00	    0.00	    0.00	    0.00	   17.04	    0.01	    0.00	   46.90	    0.00	  599.62	    0.00	 4859.55	   82.53	    0.42	    0.17	   11.73
19	20	    0.00	    0.00	    0.00	    0.01	    0.07	  100.01	  616.88	  600.59	    0.05	    0.05	    0.02	    0.01	    0.02	    0.02	    0.03	 1500.26	  503.14	  200.65	   81.90	 2701.02	    0.00	    0.07	    0.03	    0.02
19	21	    0.00	   99.90	    0.00	    0.02	    0.01	  200.00	  700.24	  800.61	    0.15	    0.21	    0.05	    0.00	    0.00	    0.00	    0.17	 1700.26	    0.11	  400.13	    0.08	 3100.66	    0.18	    0.00	    0.00	    0.00
20	19	    0.00	    0.00	    0.00	    0.00	    0.00	    0.00	    0.00	    0.00	    0.00	    0.11	    0.03	  402.02	 1669.13	    0.08	    0.17	    0.00	    0.07	    0.00	    0.18	    0.00	 3027.92	    0.22	    2.15	 1133.41
20	21	  261.90	    0.07	   65.47	    0.00	    0.00	    0.03	    0.06	    0.08	    0.00	    0.00	    0.00	  458.32	 1464.86	    0.00	    0.00	    0.16	    0.00	    0.03	    0.00	    0.41	 4774.22	    0.00	    0.00	 1613.22
20	23	    0.00	    0.00	    0.00	    0.00	    0.00	    0.02	  416.82	  200.51	    0.03	  490.77	    0.00	    0.00	    0.00	    0.00	  684.89	  900.18	  212.06	  100.62	  255.59	 1500.62	 3197.86	 2355.69	    0.00	    0.00
21	14	    0.00	    0.00	    0.00	    0.00	    0.00	    0.00	    0.06	    0.08	    0.00	    0.00	    0.00	    0.06	  874.81	    0.00	    0.00	    0.16	    0.00	    0.03	    0.00	    0.46	 2971.87	10463.74	 2778.66	 1280.54
21	19	    0.00	    0.00	    0.00	    0.04	    0.00	    0.00	    0.00	    0.00	    0.00	    0.10	    0.15	    0.08	    0.18	    1.84	    0.15	    0.00	    0.00	    0.00	    0.00	    0.00	    0.00	 5200.19	 1798.01	    0.31
21	20	    0.00	    0.00	    0.00	    0.00	   97.28	    0.00	    0.00	    0.00	  299.97	 1690.83	    2.03	    0.00	    0.00	    1.00	 1485.02	    0.08	  308.99	    0.00	  573.87	    0.00	    0.00	 4155.84	    0.77	    0.00
21	22	    0.00	    0.00	    0.00	    0.00	    0.00	    0.05	  200.24	  300.61	  305.31	 1290.03	    0.00	    0.00	    0.00	    0.00	  945.22	  500.42	  460.67	  100.14	  297.56	  700.61	    2.53	 4580.24	    0.00	    0.00
22	13	    0.01	    0.00	    0.00	    0.02	    0.00	    0.00	    0.57	    1.12	    0.00	    0.00	    0.00	    0.64	  662.20	    0.00	    0.00	    1.07	    0.00	    0.31	    0.01	    1.54	  797.79	 1233.20	 4518.51	 1185.67
22	21	  138.10	    0.03	   34.53	    0.81	    0.04	    0.03	    0.00	    0.00	    0.00	    0.00	  351.39	  241.82	  710.14	  725.32	    0.00	    0.00	    0.00	    0.00	    0.00	    0.00	    0.00	    0.00	 6677.44	  767.62
22	23	    0.03	    0.00	    0.00	    0.05	    0.01	    0.01	    0.03	    0.06	    0.18	  309.23	  997.31	    0.10	    0.00	 1353.72	  404.72	    0.11	   87.99	    0.00	  139.96	    0.26	    0.06	 1247.63	 3304.04	    0.00
23	12	    0.00	    0.00	    0.00	    0.00	    0.00	    0.00	  316.49	    0.00	    0.00	    0.00	    0.00	    0.00	    0.00	  554.66	  689.61	  599.52	    0.04	  100.44	  295.55	 1099.69	 1202.59	 2502.73	 1902.69	 1800.09
23	20	  361.90	    0.06	   65.47	  199.99	    2.65	    0.03	    0.00	    0.00	    0.00	    0.00	  397.98	 1160.34	 3733.96	  399.07	    0.00	    0.00	    0.00	    0.00	    0.00	    0.00	    0.00	    0.00	  701.35	 3246.61
23	22	  438.02	    0.02	  134.50	    1.73	    0.32	    0.32	    0.36	    0.57	    0.00	    0.00	    0.05	  942.22	 2171.99	    0.00	    0.00	    0.76	    0.00	    0.18	    0.00	    1.19	 1495.32	    0.59	    0.00	 2653.29
