i	j	       0	       1	       2	       3	       4	       5	       6	       7	       8	       9	      10	      11	      12	      13	      14	      15	      16	      17	      18	      19	      20	      21	      22	      23
0	1	 2600.38	    0.00	  270.06	  200.02	   15.38	    0.00	    0.01	    0.02	   30.76	   92.31	  200.02	  478.96	  463.69	  100.00	   15.39	    0.02	    0.03	    0.00	    0.01	    0.00	    0.01	    0.07	    0.15	   29.07
0	2	 6199.62	 1174.24	    0.00	    0.00	    0.00	  238.89	  140.04	  241.44	    0.00	    0.00	    0.00	    0.00	    0.00	    0.00	    0.00	   92.48	    0.00	   34.39	    0.00	    0.02	    0.00	    0.00	    0.00	    0.00
1	0	    0.00	 1274.24	    0.00	    0.00	    0.00	  538.89	  640.02	 1041.41	    0.00	    0.00	    0.00	    0.00	    0.00	    0.00	    0.00	  592.46	    0.50	  134.38	    0.03	  299.98	    0.00	    0.02	    0.00	    0.00
1	5	 2500.38	 2725.76	  170.06	    0.04	    0.00	    0.00	    0.00	    0.00	    0.00	    0.00	    0.04	  378.96	  163.69	    0.01	    0.00	    0.00	    0.00	    0.00	    0.00	    0.00	    0.01	    0.03	    0.15	   29.07
2	0	    0.00	    0.00	  370.06	  700.02	  215.38	    0.00	    0.03	    0.05	  530.76	 1392.31	  700.02	  678.96	  963.69	  400.00	  515.39	    0.03	  399.53	    0.00	  299.99	    0.04	  100.00	  400.06	  300.15	  129.07
2	3	 4499.62	  674.13	 1929.91	    0.00	    0.00	    0.00	    0.00	    0.00	    0.00	    0.00	    0.00	 3740.64	 2499.50	    0.08	    0.00	    0.00	    0.00	    0.00	    0.00	    0.00	  202.11	    0.36	    1.69	  470.55
2	11	 1600.00	  400.12	  500.03	 1602.42	  403.47	  500.53	  770.62	 1200.00	 1399.29	  670.75	    0.87	    0.00	    0.00	    0.16	   50.85	  524.77	  189.07	  199.41	   21.79	    0.17	    0.00	    0.00	    0.00	    0.00
3	2	    0.00	    0.00	    0.00	 2502.44	  718.85	  561.63	  730.60	 1158.60	 2030.05	 2363.06	 1000.36	    0.00	    0.00	  499.84	  666.20	  632.32	  688.60	  165.02	  321.78	    0.16	    0.00	    0.07	    0.05	    0.00
3	4	 3197.42	  173.64	 1329.46	 6696.40	    0.00	    0.00	    0.00	    0.00	    0.00	    0.11	  906.43	 3139.88	 1899.05	  200.09	    0.07	    0.00	    0.01	    0.00	    0.02	    0.00	    2.25	    0.10	  199.91	  270.59
3	10	  802.20	  300.53	  400.45	 2401.16	  699.64	  599.56	    0.04	    4.39	    0.38	    0.15	    0.00	    0.76	    0.45	    0.06	    0.05	    0.28	    0.04	    0.02	    0.02	    0.02	    0.02	    0.04	    0.05	    0.02
4	3	    0.00	    0.04	    0.00	    0.00	 1918.49	 1561.19	 1130.64	 1862.99	 2730.42	 3562.87	    0.00	    0.00	    0.00	    0.00	 1165.00	 1432.60	 1188.53	  265.04	  521.28	  300.19	    0.03	  399.03	    0.00	    0.00
4	5	    0.00	    0.00	  526.50	 2133.47	 1262.89	    0.00	    0.02	    0.03	  569.38	 1307.64	  405.94	 1453.30	  579.50	  100.02	  284.57	    0.03	    0.04	    0.00	    0.09	    0.01	    0.01	    0.00	   99.85	   70.92
4	8	 2997.42	  899.49	  702.97	 4062.94	 2918.62	 1399.95	    0.02	    0.09	    0.00	    0.00	    0.49	 1486.58	 1119.55	    0.07	    0.00	    0.06	    0.00	    0.01	    0.00	    0.02	    0.00	    0.00	    0.06	  199.66
5	1	    0.00	    0.00	    0.00	    0.02	   84.62	  938.89	  840.01	 1441.40	  169.24	  507.69	    0.02	    0.00	    0.00	    0.01	   84.61	  992.45	  200.47	  134.38	  100.01	  399.98	    0.00	   99.97	    0.00	    0.00
5	4	    0.00	  825.89	    0.00	    0.00	    0.00	 3161.14	 1028.98	 1814.06	    0.00	    0.00	    0.00	    0.00	    0.00	    0.00	    0.00	 1464.08	    0.52	  203.39	    0.03	  306.78	    0.09	    0.00	    0.00	    0.00
5	7	 2200.38	 1499.87	  396.55	 1733.49	  978.27	 3499.97	    0.00	    0.00	    0.14	    0.06	    5.96	 1632.26	  543.19	    0.02	    0.00	    0.00	    0.00	    0.00	    0.00	    0.00	    0.00	    0.00	    0.00	    0.00
6	7	    0.00	    0.00	    0.00	    0.00	    0.00	    0.00	 4174.94	    0.00	    0.00	    0.00	    0.00	    0.00	    0.00	  399.76	  599.66	  398.76	  136.40	  999.16	  999.32	 2599.13	  500.05	  799.78	  299.94	  199.97
6	17	  429.36	  335.02	    8.72	  434.43	  121.54	  982.06	 7925.06	 4509.70	  831.35	    0.77	    0.12	  220.09	    0.11	    0.00	    0.00	    0.00	    0.02	    0.00	    0.00	    0.00	    0.00	    0.00	    0.00	    0.00
7	5	    0.00	    0.00	    0.00	    0.00	    0.00	    0.00	 2268.98	 4055.42	    0.00	    0.12	    0.00	    0.00	    0.00	    0.00	    0.04	 3356.49	  700.95	  437.77	  299.95	 1006.75	  100.08	  299.94	    0.00	    0.01
7	6	  929.36	  535.02	  108.72	  834.43	  321.54	 1382.06	    0.00	 5509.70	 1431.30	    2.52	    1.20	  920.03	   63.94	    0.00	    0.00	    0.00	    0.10	    0.00	    0.00	    0.00	    0.00	    0.00	    0.00	    0.00
7	8	    0.00	    0.00	    0.00	    0.00	    0.00	    0.00	  905.96	 3744.06	    0.00	    0.00	    0.00	    0.00	    0.00	    0.00	    0.00	 1275.82	    0.11	  261.72	    0.00	  693.41	    0.11	    0.00	    0.00	    0.00
7	15	  471.09	  564.88	  174.29	  688.02	  430.00	 1317.99	    0.00	 3390.82	  878.11	    0.00	    0.06	  472.70	    0.24	    0.00	    0.00	    0.00	    0.00	    0.00	    0.00	    0.00	    0.00	    0.00	    0.00	    0.00
8	4	    0.00	    0.00	    0.00	    0.00	    0.00	    0.00	  301.70	  549.06	 4099.81	 5870.39	    0.00	    0.00	    0.00	    0.00	 1649.49	  468.61	 1388.04	   61.66	  621.32	   93.44	   97.69	  598.94	    0.00	    0.00
8	7	    0.07	    0.04	   86.46	  488.96	  273.27	    0.09	    0.00	    0.00	 3109.26	 1602.32	  795.30	  360.46	  120.99	    0.00	    0.00	    0.00	    0.21	    0.00	    0.00	    0.00	    0.00	    0.00	    0.00	    0.00
8	9	 2497.35	  699.45	  516.51	 2873.97	 1845.35	  999.86	    4.51	 2395.09	 8990.93	    0.00	    0.00	  526.16	  398.61	    0.00	    0.00	    0.76	    0.00	    0.14	    0.00	    0.30	    0.00	    0.00	    0.00	    0.00
9	8	    0.00	    0.00	    0.00	    0.00	    0.00	    0.00	    0.22	    0.00	    0.00	10272.71	 2194.81	    0.05	    0.05	  599.93	 2649.49	  593.50	 2288.14	    0.07	 1021.32	    0.31	  397.58	 1298.94	  499.94	    0.34
9	10	    0.00	    0.00	    0.00	    0.00	    0.00	    0.00	  499.90	  795.64	 1716.01	 8386.89	    0.00	    0.00	    0.00	    0.00	 1287.78	 1575.19	 1910.78	  199.93	  425.66	  430.57	    2.16	  496.31	    0.00	    0.00
9	14	  799.63	   99.99	   99.96	 1098.78	  596.88	  199.89	    0.00	    0.00	 3084.36	14608.32	 1889.66	  645.24	    4.38	    0.00	    0.00	    0.00	    0.76	    0.00	    0.00	    0.00	    0.00	    0.00	    0.00	    0.00
9	15	    0.00	    0.00	   16.99	   77.60	   48.50	    0.00	    0.00	    0.00	  490.72	 8031.36	 2175.34	  206.59	    0.29	    0.00	    0.00	    0.00	    0.00	    0.00	    0.00	    0.00	    0.00	    0.00	    0.00	    0.00
9	16	  399.53	    0.02	   99.98	  499.91	  199.97	    0.04	    0.08	    0.11	  899.85	 3900.72	  999.80	  599.90	  499.91	    0.06	    0.12	    0.11	    0.00	    0.05	    0.07	    0.13	    0.05	    0.13	    0.05	    0.02
10	3	    0.00	    0.00	    0.00	    0.00	    0.00	    0.00	    0.00	    0.00	    0.00	    0.46	 3406.78	    0.00	    0.00	 1199.90	    1.33	    0.00	    0.12	    0.00	    0.54	    0.00	    0.13	    0.82	  698.32	    0.06
10	9	    1.81	    0.51	    0.42	    2.32	    0.00	    0.00	    0.00	    0.00	    0.00	    0.00	11159.62	 2925.61	 2006.02	 1123.78	    0.00	    0.00	    0.00	    0.00	    0.00	    0.00	    0.00	    0.00	  330.15	   53.23
10	11	    0.00	    0.00	    0.00	    0.00	    0.00	    0.00	    0.00	    0.00	    0.10	 3229.25	 2400.32	    0.00	    0.00	  717.16	  654.28	  175.47	  910.77	    0.02	  280.39	    0.00	    0.00	    0.00	    0.00	    0.00
10	13	  300.49	  100.06	  100.07	  998.91	  199.67	  199.62	    0.00	    0.02	  316.28	 1157.33	 5333.28	 1054.77	   18.41	    0.00	    0.00	    0.00	    0.04	    0.00	    0.00	    0.00	    0.00	    0.00	    0.00	    0.00
11	2	    0.00	    0.00	    0.00	    0.00	    0.00	    0.00	    0.00	    0.00	    0.00	    0.00	    0.54	 4619.60	 3563.19	    0.41	    0.05	    0.00	    0.00	    0.00	    0.00	    0.03	  302.11	  500.34	  401.79	  599.61
11	10	    0.10	    0.04	    0.05	    0.08	    0.02	    0.06	    0.00	    0.00	    0.00	    0.00	    0.00	 5379.62	 3023.98	    0.00	    0.00	    0.00	    0.00	    0.00	    0.00	    0.00	    0.04	    0.00	    0.00	    0.35
11	12	 1399.90	  300.08	  299.98	 1002.35	  203.45	  300.46	   70.68	  600.00	  799.39	 1900.00	 1000.66	 3900.78	    0.00	   17.16	    5.09	    0.68	  499.85	    0.03	    2.18	    0.04	    0.00	    0.00	    0.00	    0.00
12	11	    0.00	    0.00	    0.00	    0.00	    0.00	    0.00	    0.06	    0.00	    0.00	    0.00	    0.00	    0.00	 7887.17	    0.25	    0.00	    0.44	    0.00	    0.60	    0.00	  499.90	  602.14	 1200.34	 1101.79	 1099.97
12	23	  899.90	    0.08	  199.98	  402.35	    3.45	  100.46	    0.00	    0.00	  199.39	    0.00	    0.66	 2600.78	 6712.83	    0.00	    0.00	    0.00	    0.00	    0.00	    0.00	    0.00	    0.00	    0.00	    0.00	    0.00
13	10	    0.00	    0.00	    0.00	    0.00	    0.00	    0.00	    0.06	    0.00	    0.00	    0.00	    0.00	    0.00	    0.00	 4640.78	  767.77	    0.00	    0.12	    0.07	  255.25	  169.41	  397.92	  604.47	 2328.42	  652.92
13	14	    0.39	    0.06	    0.05	    0.49	    0.05	    0.06	    0.00	    0.00	    0.00	    0.00	 1061.71	  354.75	   96.50	 6221.42	    0.00	    0.00	    0.00	    0.00	    0.00	    0.00	    0.00	    0.00	 1186.88	  113.72
13	22	    0.11	    0.01	    0.02	  498.45	   99.61	   99.57	    0.00	    0.00	  191.59	  792.54	 2671.63	    0.20	    0.00	 3237.80	  442.97	    0.00	  224.73	    0.00	  138.27	    0.00	    0.00	    0.00	    0.00	    0.00
14	9	    0.00	    0.00	    0.00	    0.00	    0.00	    0.00	    0.00	    0.00	    0.00	    0.00	    0.00	    0.00	    0.00	 1576.21	 7937.40	    0.28	    0.74	    0.05	 3246.87	 1721.30	 1599.79	 4395.38	 1969.84	  747.13
14	13	    0.00	    0.00	    0.00	    0.00	    0.00	    0.00	  199.67	  399.40	  475.31	 1735.20	    0.06	    0.00	    0.00	    0.00	 2510.75	  699.69	  924.80	   99.84	  693.51	  668.21	    0.91	  673.91	    0.00	    0.00
14	18	  300.03	    0.05	    0.01	  200.06	  100.02	    0.07	    0.02	    0.03	  400.14	 3265.70	  823.49	  300.05	  282.73	 2897.55	 5899.81	    0.05	    0.39	    0.01	    0.00	    0.05	  560.44	 2899.92	  899.98	  252.70
14	21	    0.00	    0.00	    0.00	  399.20	  296.91	    0.00	    0.00	    0.00	 1308.91	 5607.41	  727.82	    0.00	    0.00	  447.65	 5052.05	    0.22	 2483.91	    0.00	 2078.93	    0.00	    0.00	    0.00	    0.00	    0.00
15	7	    0.00	    0.00	    0.00	    0.00	    0.00	    0.00	    0.00	    0.00	    0.00	    0.25	    0.00	    0.00	    0.00	    0.21	    0.38	 6433.55	 1964.55	    0.34	    0.63	    1.02	    0.14	    0.16	    0.07	    0.04
15	9	    0.00	    0.05	    0.00	    0.00	    0.00	    0.07	 2395.47	    0.66	    0.00	    0.00	    0.00	    0.00	    0.00	    0.00	    0.00	 6566.21	    0.53	  899.62	    0.18	 1209.22	    0.00	    0.00	    0.00	    0.00
15	16	    0.46	  200.06	    0.01	    0.06	    0.03	  500.14	 1000.34	 1401.50	    0.11	    0.48	    0.08	    0.05	    0.00	    0.00	    0.00	 5956.96	    0.00	  600.30	    0.00	 1535.68	  356.71	    0.00	    0.00	  133.67
15	17	    0.02	    0.00	    0.00	    0.02	    0.00	    0.02	    0.00	    0.14	    0.15	 3632.37	  775.69	    0.18	    0.00	    0.03	    0.14	 7143.28	 3742.09	    0.00	    0.14	    0.00	    0.00	    0.00	    0.00	    0.00
16	9	    0.00	    0.00	    0.00	    0.00	    0.00	    0.00	    0.22	    0.00	    0.00	    0.00	    0.00	    0.00	    0.00	    0.00	    0.00	    1.55	 8098.41	    0.24	    0.00	    0.19	    0.00	    0.00	    0.00	    0.00
16	15	    0.00	    0.00	    0.00	    0.00	    0.00	    0.00	    0.00	    0.00	    0.00	    1.39	    0.26	    0.00	    0.00	  692.68	 1187.90	    0.00	 8507.06	    0.00	 1287.34	    0.00	    0.05	    0.10	    0.04	    0.03
16	18	    0.03	    0.09	    0.00	    0.02	    0.01	    0.18	    0.20	    1.61	    0.03	    0.15	    0.00	    0.00	    0.00	    0.00	    0.00	 3155.52	 6794.53	    0.11	    0.00	    0.00	    0.00	    0.00	    0.00	    0.00
17	6	    0.00	    0.00	    0.00	    0.00	    0.00	    0.00	    0.00	    0.00	    0.05	 1898.25	  498.92	    0.06	  336.17	  599.76	 1099.66	 1798.76	 1136.32	 1199.16	 1399.32	 3099.13	  700.05	 1299.78	  499.94	  299.97
17	15	   29.39	   35.23	    8.72	   34.45	   21.53	   82.24	 4795.81	  211.48	   31.43	    0.35	    0.11	   20.95	  599.47	    7.56	   12.62	    0.00	    0.11	 2000.26	   13.61	 4345.92	  956.81	 1200.06	  500.02	  433.69
17	19	  299.99	  299.80	    0.00	  299.99	  100.01	  799.84	 2929.24	 3998.36	  600.01	 1034.74	  176.81	    0.06	    0.07	    0.00	    0.00	 4844.52	 2005.81	 1600.58	    0.00	    0.00	    0.00	    0.00	    0.00	    0.00
18	14	    0.00	    0.01	    0.00	    0.00	    0.00	    0.12	  699.64	  999.35	    0.00	    0.00	    0.00	    0.00	    0.00	    0.00	    0.00	 1900.09	 4909.08	  299.87	 6819.31	 3489.13	    0.15	    0.36	    0.15	    0.07
18	16	    0.04	    0.02	    0.01	    0.04	    0.02	    0.00	    0.00	    0.00	    0.08	    0.35	    0.38	    0.05	    0.09	 1392.62	 2687.78	    0.00	    0.00	    0.00	 2987.27	  164.37	  243.29	 1699.97	  599.99	  166.33
18	19	    0.02	    0.00	    0.00	    0.03	    0.02	    0.02	    0.00	    0.00	    0.09	 1465.50	  423.11	    0.00	    0.00	 1204.94	 2412.02	    0.00	  185.84	    0.00	 2993.42	    0.00	    0.00	    0.00	    0.00	    0.00
19	17	    0.00	    0.00	    0.00	    0.00	    0.00	    0.00	    0.00	    0.00	    0.00	    0.20	    0.04	    0.80	 1035.60	  707.30	 1312.13	    0.00	    0.13	    0.00	 1712.79	 7845.06	 1756.86	 2799.84	 1099.96	  733.66
19	18	    0.00	   99.89	    0.00	    0.00	    0.00	  199.90	 1099.42	 1697.71	    0.00	    0.00	    0.00	    0.00	   17.36	    0.01	    0.00	   44.52	    0.00	  599.75	    0.00	 4853.46	   83.00	    0.41	    0.16	   13.69
19	20	    0.00	    0.00	    0.00	    0.01	    0.02	  100.01	  629.53	  600.35	    0.05	    0.05	    0.02	    0.01	    0.02	    0.02	    0.03	 1500.14	  491.49	  200.70	   80.72	 2700.55	    0.00	    0.07	    0.03	    0.02
19	21	    0.00	   99.91	    0.00	    0.02	    0.01	  199.96	  700.29	  800.30	    0.05	    0.20	    0.04	    0.00	    0.00	    0.00	    0.15	 1699.86	    0.10	  400.14	    0.07	 3100.93	    0.17	    0.00	    0.00	    0.00
20	19	    0.00	    0.00	    0.00	    0.00	    0.00	    0.00	    0.00	    0.00	    0.00	    0.10	    0.02	  400.72	 1652.81	    0.08	    0.16	    0.00	    0.07	    0.00	    0.17	    0.00	 3040.02	    0.22	    0.90	 1147.08
20	21	  261.51	    0.06	   65.38	    0.20	    0.00	    0.03	    0.06	    0.07	    0.00	    0.00	    0.00	  457.65	 1465.10	    0.00	    0.00	    0.15	    0.00	    0.03	    0.00	    0.38	 4761.76	    0.00	    0.78	 1605.68
20	23	    0.00	    0.00	    0.00	    0.00	    0.00	    0.02	  429.48	  200.28	    0.34	  489.94	    0.00	    0.00	    0.00	    0.00	  685.77	  900.06	  212.77	  100.66	  251.45	 1500.17	 3198.22	 2338.13	    0.00	    0.00
21	14	    0.00	    0.00	    0.00	    0.00	    0.00	    0.00	    0.06	    0.08	    0.00	    0.00	    0.00	    0.06	  881.85	    0.00	    0.00	    0.15	    0.00	    0.03	    0.00	    0.43	 2961.00	10568.85	 2682.79	 1286.05
21	19	    0.00	    0.00	    0.00	    0.00	    0.00	    0.00	    0.00	    0.00	    0.00	    0.10	    0.14	    0.03	    0.10	    2.31	    0.14	    0.00	    0.00	    0.00	    0.00	    0.00	    0.00	 5200.10	 1799.25	    0.29
21	20	    0.01	    0.00	    0.00	    0.02	   96.97	    0.00	    0.00	    0.00	  300.29	 1689.99	    1.65	    0.04	    0.00	    0.27	 1485.89	    0.08	  321.35	    0.00	  570.90	    0.00	    0.00	 4138.29	    0.48	    0.00
21	22	    0.00	    0.00	    0.00	    0.00	    0.00	    0.01	  200.29	  300.30	  308.68	 1317.53	    0.00	    0.00	    0.00	    0.00	  966.17	  500.01	  462.66	  100.14	  308.11	  700.89	    0.93	 4492.76	    0.00	    0.00
22	13	    0.01	    0.00	    0.00	    0.02	    0.00	    0.00	    0.39	    0.58	    0.00	    0.00	    0.00	    0.19	  678.09	    0.00	    0.00	    0.31	    0.00	    0.23	    0.01	    1.20	  797.00	 1130.55	 4615.29	 1166.64
22	21	  138.50	    0.03	   34.62	    0.60	    0.05	    0.02	    0.00	    0.00	    0.00	    0.00	  373.94	  242.48	  716.85	  754.93	    0.00	    0.00	    0.00	    0.00	    0.00	    0.00	    0.00	    0.00	 6581.75	  780.65
22	23	    0.01	    0.00	    0.00	    0.02	    0.00	    0.01	    0.14	    0.08	    0.27	  310.06	  997.75	    0.00	    0.00	 1382.88	  409.15	    0.30	   87.39	    0.03	  146.37	    0.51	    0.05	 1262.29	 3302.96	    0.00
23	12	    0.00	    0.00	    0.00	    0.00	    0.00	    0.00	  329.38	    0.00	    0.00	    0.00	    0.00	    0.00	    0.00	  583.09	  694.91	  599.76	    0.15	  100.58	  297.82	 1099.86	 1202.14	 2500.34	 1901.79	 1799.97
23	20	  361.50	    0.06	   65.38	  200.17	    3.01	    0.03	    0.00	    0.00	    0.00	    0.00	  398.36	 1158.33	 3717.89	  399.79	    0.00	    0.00	    0.00	    0.00	    0.00	    0.00	    0.00	    0.00	  701.17	 3252.74
23	22	  438.41	    0.02	  134.60	    2.20	    0.43	    0.46	    0.24	    0.36	    0.00	    0.00	    0.05	  942.46	 2194.94	    0.00	    0.00	    0.60	    0.00	    0.12	    0.00	    0.82	 1496.13	    0.08	    0.00	 2647.29
