i	j	       0	       1	       2	       3	       4	       5	       6	       7	       8	       9	      10	      11	      12	      13	      14	      15	      16	      17	      18	      19	      20	      21	      22	      23
0	1	 2600.63	    0.00	  268.65	  200.03	   14.68	    0.00	    0.01	    0.02	   29.35	   88.08	  200.03	  473.12	  461.16	  100.00	   14.65	    0.02	    0.04	    0.00	    0.03	    0.00	    0.01	    0.19	    0.30	   29.71
0	2	 6199.37	 1143.88	    0.00	    0.00	    0.00	  234.49	  135.73	  233.69	    0.00	    0.00	    0.00	    0.00	    0.00	    0.00	    0.00	   79.64	    0.00	   33.38	    0.00	    0.00	    0.00	    0.00	    0.00	    0.00
1	0	    0.00	 1243.88	    0.00	    0.00	    0.00	  534.49	  635.72	 1033.66	    0.00	    0.00	    0.00	    0.00	    0.00	    0.00	    0.00	  579.62	    0.18	  133.38	    0.03	  299.93	    0.00	    0.00	    0.00	    0.00
1	5	 2500.63	 2756.12	  168.65	    0.05	    0.00	    0.00	    0.00	    0.00	    0.00	    0.00	    0.05	  373.12	  161.16	    0.01	    0.00	    0.00	    0.00	    0.00	    0.00	    0.00	    0.01	    0.02	    0.30	   29.71
2	0	    0.00	    0.00	  368.65	  700.03	  214.68	    0.00	    0.03	    0.05	  529.35	 1388.08	  700.03	  673.12	  961.16	  400.00	  514.65	    0.03	  399.85	    0.00	  300.00	    0.07	  100.01	  400.19	  300.30	  129.71
2	3	 4498.82	  643.66	 1931.15	    0.00	    0.00	    0.05	    0.00	    0.00	    0.00	    0.00	    0.00	 3753.91	 2483.45	    0.00	    0.00	    0.00	    0.00	    0.00	    0.00	    0.00	  202.67	    0.42	    2.60	  470.12
2	11	 1600.54	  400.21	  500.20	 1602.40	  402.39	  500.48	  774.93	 1200.00	 1399.47	  427.18	    0.29	    0.00	    0.00	  698.41	   25.35	  507.27	  120.49	  199.50	   10.86	    0.12	    0.01	    0.00	    0.00	    0.00
3	2	    0.00	    0.00	    0.00	 2502.43	  717.07	  566.04	  739.22	 1166.36	 2028.82	 2114.90	  999.76	    0.00	    0.00	 1197.99	  639.83	  627.66	  620.25	  166.12	  310.80	    0.14	    0.02	    0.03	    0.02	    0.00
3	4	 3196.64	  143.72	 1330.74	 6695.33	    0.00	    0.00	    0.00	    0.00	    0.00	    0.29	  903.77	 3153.61	 1883.20	  200.03	    0.06	    0.00	    0.03	    0.00	    0.02	    0.00	    2.69	    0.05	  199.70	  270.11
3	10	  802.19	  300.01	  400.41	 2402.24	  699.60	  599.53	    0.21	    9.09	    0.05	    0.15	    0.00	    0.30	    0.25	    0.06	    0.05	    0.18	    0.04	    0.08	    0.02	    0.02	    0.02	    0.04	    0.05	    0.02
4	3	    0.00	    0.07	    0.00	    0.00	 1916.67	 1565.52	 1139.43	 1875.44	 2728.88	 3313.85	    0.00	    0.00	    0.00	    0.08	 1139.44	 1427.85	 1120.02	  266.19	  510.65	  300.16	    0.04	  399.51	    0.00	    0.00
4	5	    0.00	    0.00	  526.30	 2139.39	 1266.83	    0.00	    0.02	    0.03	  570.77	 1311.86	  403.61	 1464.34	  567.01	  100.03	  284.96	    0.03	    0.04	    0.00	    0.02	    0.01	    0.01	    0.01	   99.70	   70.28
4	8	 2996.64	  899.77	  704.44	 4055.94	 2916.51	 1399.98	    0.02	    0.10	    0.00	    0.00	    0.16	 1489.27	 1116.18	    0.00	    0.00	    0.06	    0.00	    0.01	    0.00	    0.02	    0.00	    0.00	    0.00	  199.83
5	1	    0.00	    0.00	    0.00	    0.02	   85.32	  934.49	  835.71	 1433.64	  170.65	  511.92	    0.02	    0.00	    0.00	    0.01	   85.35	  979.60	  200.15	  133.38	  100.00	  399.93	    0.00	   99.83	    0.00	    0.00
5	4	    0.00	  856.12	    0.00	    0.00	    0.00	 3165.50	 1024.46	 1802.61	    0.00	    0.00	    0.00	    0.00	    0.00	    0.00	    0.00	 1441.41	    0.19	  202.21	    0.03	  302.42	    0.00	    0.00	    0.00	    0.00
5	7	 2200.63	 1500.01	  394.95	 1739.42	  981.51	 3500.01	    0.00	    0.00	    0.14	    0.06	    3.64	 1637.46	  528.17	    0.04	    0.00	    0.00	    0.00	    0.00	    0.00	    0.00	    0.00	    0.00	    0.00	    0.00
6	7	    0.00	    0.00	    0.00	    0.00	    0.00	    0.00	 4179.55	    0.00	    0.00	    0.00	    0.00	    0.00	    0.00	  399.93	  600.01	  348.93	  128.46	  999.59	  999.40	 2599.90	  500.03	  799.82	  299.98	  199.99
6	17	  432.03	  338.45	    8.52	  432.99	  120.74	  989.73	 7920.45	 4530.30	  824.75	    0.20	    0.12	  214.96	    0.03	    0.00	    0.00	    0.00	    0.02	    0.00	    0.00	    0.00	    0.00	    0.00	    0.00	    0.00
7	5	    0.00	    0.00	    0.00	    0.00	    0.00	    0.00	 2260.15	 4036.22	    0.02	    0.12	    0.00	    0.00	    0.00	    0.00	    0.39	 3320.98	  700.30	  435.59	  300.00	 1002.33	   99.98	  299.80	    0.00	    0.01
7	6	  932.03	  538.45	  108.52	  832.99	  320.74	 1389.73	    0.00	 5530.30	 1424.70	    0.79	    1.34	  914.96	   47.92	    0.00	    0.00	    0.00	    0.10	    0.00	    0.00	    0.00	    0.00	    0.00	    0.00	    0.00
7	8	    0.00	    0.00	    0.00	    0.00	    0.00	    0.00	  919.39	 3763.70	    0.00	    0.00	    0.00	    0.00	    0.00	    0.00	    0.00	 1242.46	    0.11	  264.12	    0.00	  697.91	    0.09	    0.09	    0.00	    0.00
7	15	  468.68	  561.60	  172.69	  684.82	  427.99	 1310.37	    0.00	 3369.77	  907.82	    0.00	    0.06	  482.39	    0.06	    0.00	    0.00	    0.00	    0.00	    0.00	    0.00	    0.00	    0.00	    0.00	    0.00	    0.00
8	4	    0.00	    0.00	    0.00	    0.00	    0.00	    0.00	  315.01	  572.96	 4099.64	 5625.42	    0.00	    0.00	    0.00	    0.09	 1624.34	  486.53	 1319.83	   63.99	  610.63	   97.78	   97.36	  599.46	    0.00	    0.00
8	7	    0.07	    0.04	   86.27	  478.39	  267.22	    0.08	    0.00	    0.00	 3132.40	 1600.51	  797.76	  359.89	  119.81	    0.00	    0.00	    0.00	    0.21	    0.00	    0.00	    0.00	    0.00	    0.00	    0.00	    0.00
8	9	 2496.57	  699.73	  518.17	 2877.55	 1849.29	  999.89	    4.46	 2390.84	 8967.96	    0.00	    0.00	  529.43	  396.42	    0.00	    0.00	    0.23	    0.00	    0.15	    0.00	    0.31	    0.00	    0.00	    0.00	    0.00
9	8	    0.00	    0.00	    0.00	    0.00	    0.00	    0.00	    0.05	    0.00	    0.00	10025.93	 2197.60	    0.05	    0.05	  600.09	 2624.34	  644.24	 2219.93	    0.02	 1010.63	    0.16	  397.26	 1299.38	  500.00	    0.17
9	10	    0.00	    0.00	    0.00	    0.00	    0.00	    0.00	  499.79	  790.93	 1704.49	 8598.51	    0.00	    0.00	    0.00	    0.00	 1291.23	 1591.63	 1979.44	  199.85	  428.79	  420.39	    1.34	  461.42	    0.00	    0.00
9	14	  799.23	   99.86	   99.93	 1098.15	  598.03	  199.92	    0.00	    0.00	 3096.20	14622.70	 1889.62	  657.21	    9.65	    0.00	    0.00	    0.00	    0.75	    0.00	    0.00	    0.00	    0.00	    0.00	    0.00	    0.00
9	15	    0.00	    0.00	   18.77	   82.14	   51.33	    0.00	    0.00	    0.00	  467.49	 8052.56	 2175.60	  202.11	    0.44	    0.00	    0.00	    0.00	    0.00	    0.00	    0.00	    0.00	    0.00	    0.00	    0.00	    0.00
9	16	  399.28	    0.02	   99.99	  499.90	  199.93	    0.04	    0.08	    0.11	  899.78	 3900.30	  999.94	  599.88	  499.89	    0.09	    0.12	    0.11	    0.00	    0.05	    0.07	    0.13	    0.05	    0.13	    0.05	    0.02
10	3	    0.00	    0.00	    0.00	    0.00	    0.00	    0.00	    0.00	    0.00	    0.00	    1.50	 3403.53	    0.00	    0.00	 1898.00	    0.51	    0.00	    0.30	    0.00	    0.19	    0.00	    0.02	    0.19	  697.17	    0.02
10	9	    1.94	    0.10	    0.52	    2.64	    0.00	    0.00	    0.00	    0.00	    0.00	    0.00	11162.75	 2929.82	 2013.61	 1113.69	    0.00	    0.00	    0.00	    0.00	    0.00	    0.00	    0.00	    0.00	  265.80	   40.63
10	11	    0.00	    0.00	    0.00	    0.00	    0.00	    0.00	    0.00	    0.00	    0.30	 3473.18	 2400.60	    0.00	    0.00	   73.45	  696.89	  192.15	  979.56	    0.02	  297.80	    0.06	    0.00	    0.16	    0.14	    0.00
10	13	  300.88	  100.09	  100.12	  999.68	  199.62	  199.60	    0.00	    0.02	  304.25	 1123.98	 5333.12	 1042.66	   39.58	    0.00	    0.00	    0.00	    0.00	    0.00	    0.00	    0.00	    0.00	    0.00	    0.00	    0.00
11	2	    0.00	    0.00	    0.00	    0.00	    0.00	    0.00	    0.00	    0.00	    0.00	    0.36	    0.56	 4627.03	 3544.61	    0.42	    0.16	    0.00	    0.09	    0.00	    0.06	    0.06	  302.67	  500.59	  402.87	  599.83
11	10	    0.64	    0.18	    0.22	    0.07	    0.02	    0.08	    0.00	    0.00	    0.00	    0.00	    0.00	 5372.17	 3052.94	    0.00	    0.00	    0.00	    0.00	    0.00	    0.00	    0.00	    0.12	    0.00	    0.00	    0.52
11	12	 1399.91	  300.03	  299.98	 1002.32	  202.37	  300.41	   75.01	  600.00	  799.77	 1900.00	 1000.33	 3900.79	    0.00	   73.18	   22.36	    0.20	  499.96	    0.01	    8.72	    0.06	    0.00	    0.00	    0.00	    0.00
12	11	    0.00	    0.00	    0.00	    0.00	    0.00	    0.00	    0.08	    0.00	    0.00	    0.00	    0.00	    0.00	 7897.54	    1.74	    0.29	    0.78	    0.00	    0.50	    0.12	  499.93	  602.79	 1200.42	 1102.74	 1100.35
12	23	  899.91	    0.03	  199.98	  402.32	    2.37	  100.41	    0.00	    0.00	  199.77	    0.00	    0.33	 2600.79	 6702.46	    0.00	    0.00	    0.00	    0.00	    0.00	    0.00	    0.00	    0.00	    0.00	    0.00	    0.00
13	10	    0.00	    0.00	    0.00	    0.00	    0.00	    0.00	    0.00	    0.00	    0.00	    0.00	    0.00	    0.00	    0.00	 4685.08	  806.12	    0.34	    0.39	    0.09	  269.18	  179.65	  398.54	  638.89	 2263.06	  640.10
13	14	    0.85	    0.10	    0.11	    0.96	    0.01	    0.00	    0.00	    0.00	    0.00	    0.00	 1041.03	  342.60	  120.37	 6216.69	    0.00	    0.00	    0.00	    0.00	    0.00	    0.00	    0.00	    0.00	 1173.71	  165.09
13	22	    0.04	    0.00	    0.01	  498.73	   99.61	   99.61	    0.00	    0.00	  189.41	  795.17	 2692.15	    0.09	    0.00	 3198.23	  428.22	    0.00	  218.26	    0.00	  133.00	    0.00	    0.00	    0.00	    0.00	    0.00
14	9	    0.00	    0.00	    0.00	    0.00	    0.00	    0.00	    0.08	    0.00	    0.00	    0.00	    0.00	    0.00	    0.00	 1586.49	 7915.69	    0.28	    0.00	    0.08	 3239.30	 1758.72	 1598.65	 4360.92	 2034.25	  759.56
14	13	    0.00	    0.00	    0.00	    0.00	    0.01	    0.00	  199.65	  399.30	  485.16	 1771.19	    0.06	    0.00	    0.00	    0.00	 2534.34	  699.48	  918.65	   99.91	  702.16	  678.48	    0.57	  654.44	    0.00	    0.00
14	18	  300.02	    0.06	    0.03	  200.17	  100.06	    0.11	    0.02	    0.03	  400.31	 3246.42	  822.97	  300.19	  284.65	 2897.09	 5899.83	    0.05	    0.39	    0.01	    0.00	    0.05	  574.92	 2899.83	  899.95	  264.55
14	21	    0.06	    0.00	    0.01	  398.94	  297.96	    0.00	    0.00	    0.00	 1310.72	 5605.09	  707.61	    0.17	    0.00	  433.11	 5050.14	    0.22	 2481.52	    0.00	 2081.40	    0.00	    0.00	    0.00	    0.00	    0.00
15	7	    0.00	    0.00	    0.00	    0.00	    0.00	    0.00	    0.00	    0.00	    0.00	    0.34	    0.00	    0.00	    0.00	    0.03	    0.37	 6414.51	 1971.84	    0.11	    0.61	    0.34	    0.04	    0.07	    0.03	    0.02
15	9	    0.00	    0.05	    0.00	    0.00	    0.00	    0.07	 2395.38	    0.20	    0.00	    0.00	    0.00	    0.00	    0.00	    0.00	    0.00	 6634.52	    0.54	  899.65	    0.18	 1161.64	    0.00	    0.00	    0.00	    0.00
15	16	    0.72	  200.01	    0.01	    0.06	    0.03	  500.02	 1000.06	 1400.13	    0.11	    0.48	    0.08	    0.05	    0.00	    0.00	    0.00	 5972.89	    0.00	  600.07	    0.00	 1554.63	  340.79	    0.09	    0.03	  125.46
15	17	    0.04	    0.01	    0.00	    0.04	    0.01	    0.06	    0.00	    0.28	    0.43	 3653.82	  776.01	    0.24	    0.04	    0.03	    0.34	 7078.08	 3742.98	    0.00	    0.34	    0.00	    0.00	    0.00	    0.00	    0.00
16	9	    0.00	    0.00	    0.00	    0.00	    0.00	    0.00	    0.00	    0.00	    0.00	    0.00	    0.00	    0.00	    0.00	    0.00	    0.00	    0.95	 8099.58	    0.04	    0.00	    0.00	    0.00	    0.00	    0.00	    0.00
16	15	    0.00	    0.00	    0.02	    0.10	    0.00	    0.00	    0.00	    0.00	    0.12	    1.74	    0.33	    0.11	    0.09	  689.07	 1182.83	    0.00	 8515.25	    0.00	 1281.81	    0.00	    0.05	    0.10	    0.04	    0.03
16	18	    0.04	    0.03	    0.00	    0.02	    0.01	    0.05	    0.14	    0.24	    0.05	    0.25	    0.00	    0.00	    0.00	    0.00	    0.00	 3172.04	 6785.16	    0.08	    0.00	    0.00	    0.00	    0.00	    0.00	    0.00
17	6	    0.00	    0.00	    0.00	    0.00	    0.00	    0.00	    0.00	    0.00	    0.05	 1899.40	  498.78	    0.00	  352.11	  599.93	 1100.01	 1748.93	 1128.38	 1199.59	 1399.40	 3099.90	  700.03	 1299.82	  499.98	  299.99
17	15	   32.08	   38.48	    8.52	   33.04	   20.71	   89.77	 4795.45	  230.84	   25.12	    0.34	    0.11	   15.67	  599.45	   10.99	   17.89	    0.00	    0.11	 1999.83	   19.32	 4316.61	  940.78	 1200.06	  500.02	  425.46
17	19	  299.99	  299.98	    0.00	  299.99	  100.04	  800.01	 2925.01	 3999.74	  600.01	 1054.47	  177.24	    0.11	    0.00	    0.00	    0.00	 4829.15	 2014.65	 1600.58	    0.00	    0.00	    0.00	    0.00	    0.00	    0.00
18	14	    0.00	    0.10	    0.00	    0.00	    0.00	    0.19	  699.61	  999.26	    0.00	    0.00	    0.00	    0.00	    0.00	    0.00	    0.00	 1899.88	 4899.81	  299.95	 6822.86	 3536.83	    0.16	    0.37	    0.15	    0.07
18	16	    0.05	    0.00	    0.03	    0.15	    0.06	    0.00	    0.00	    0.00	    0.28	    1.21	    0.31	    0.19	    0.20	 1388.98	 2682.71	    0.00	    0.00	    0.00	 2981.75	  145.24	  259.21	 1699.88	  599.96	  174.54
18	19	    0.02	    0.00	    0.00	    0.03	    0.02	    0.02	    0.00	    0.00	    0.09	 1445.46	  422.66	    0.00	    0.00	 1208.11	 2417.12	    0.00	  185.74	    0.00	 2995.39	    0.00	    0.00	    0.00	    0.00	    0.00
19	17	    0.00	    0.00	    0.00	    0.00	    0.00	    0.00	    0.00	    0.00	    0.00	    0.20	    0.00	    0.59	 1051.50	  710.89	 1317.56	    0.00	    0.13	    0.00	 1718.37	 7816.51	 1740.82	 2799.88	 1099.99	  725.45
19	18	    0.00	  100.01	    0.00	    0.00	    0.00	  200.05	 1099.46	 1698.99	    0.00	    0.00	    0.00	    0.00	   15.55	    0.00	    0.00	   27.79	    0.00	  599.86	    0.00	 4882.03	   84.45	    0.41	    0.17	   10.06
19	20	    0.00	    0.00	    0.00	    0.01	    0.05	  100.01	  625.31	  600.35	    0.05	    0.05	    0.02	    0.01	    0.02	    0.02	    0.03	 1501.11	  500.22	  200.62	   77.11	 2700.86	    0.00	    0.07	    0.03	    0.02
19	21	    0.00	   99.97	    0.00	    0.02	    0.01	  199.98	  700.24	  800.40	    0.05	    0.20	    0.04	    0.00	    0.00	    0.00	    0.15	 1700.25	    0.10	  400.11	    0.07	 3100.61	    0.15	    0.00	    0.00	    0.00
20	19	    0.00	    0.00	    0.00	    0.00	    0.00	    0.00	    0.00	    0.00	    0.00	    0.10	    0.02	  400.41	 1666.75	    0.07	    0.15	    0.00	    0.07	    0.00	    0.16	    0.00	 3025.42	    0.20	    2.34	 1134.97
20	21	  263.86	    0.02	   65.96	    0.36	    0.00	    0.03	    0.05	    0.07	    0.00	    0.00	    0.00	  462.25	 1469.70	    0.00	    0.00	    0.14	    0.00	    0.03	    0.00	    0.37	 4775.34	    0.00	    0.08	 1613.99
20	23	    0.00	    0.00	    0.00	    0.00	    0.00	    0.02	  425.26	  200.28	    0.08	  487.18	    0.00	    0.00	    0.00	    0.00	  679.57	  901.04	  209.07	  100.58	  251.40	 1500.49	 3199.24	 2364.72	    0.00	    0.00
21	14	    0.00	    0.00	    0.00	    0.00	    0.00	    0.00	    0.13	    0.07	    0.00	    0.00	    0.00	    0.55	  854.62	    0.00	    0.00	    0.15	    0.00	    0.06	    0.00	    0.42	 2973.97	10514.83	 2760.34	 1258.95
21	19	    0.00	    0.00	    0.00	    0.00	    0.00	    0.00	    0.00	    0.00	    0.00	    0.41	    0.13	    0.08	    0.32	    2.72	    0.47	    0.00	    0.00	    0.00	    0.00	    0.00	    0.00	 5200.16	 1797.85	    0.55
21	20	    0.01	    0.00	    0.00	    0.02	   97.99	    0.00	    0.00	    0.00	  300.03	 1687.23	    2.38	    0.04	    0.07	    1.17	 1479.69	    0.08	  308.91	    0.00	  574.45	    0.00	    0.00	 4164.85	    0.74	    0.06
21	22	    0.00	    0.00	    0.00	    0.00	    0.00	    0.01	  200.16	  300.40	  310.75	 1317.65	    0.00	    0.00	    0.00	    0.00	  970.13	  500.39	  472.71	  100.08	  307.02	  700.56	    1.52	 4520.16	    0.00	    0.00
22	13	    0.01	    0.00	    0.00	    0.02	    0.00	    0.00	    0.35	    0.67	    0.00	    0.00	    0.00	    0.03	  680.79	    0.00	    0.00	    0.85	    0.00	    0.18	    0.01	    1.17	  797.97	 1184.45	 4536.76	 1205.19
22	21	  136.09	    0.01	   34.02	    0.71	    0.02	    0.00	    0.00	    0.00	    0.00	    0.00	  394.86	  238.24	  685.31	  770.78	    0.00	    0.00	    0.00	    0.00	    0.00	    0.00	    0.00	    0.00	 6658.85	  745.57
22	23	    0.00	    0.00	    0.00	    0.02	    0.00	    0.01	    0.01	    0.03	    0.15	  312.82	  997.34	    0.00	    0.00	 1327.45	  398.36	    0.04	   90.97	    0.00	  140.00	    0.08	    0.04	 1236.30	 3304.39	    0.00
23	12	    0.00	    0.00	    0.00	    0.00	    0.00	    0.00	  325.07	    0.00	    0.00	    0.00	    0.00	    0.00	    0.00	  528.56	  677.92	  600.58	    0.04	  100.48	  291.40	 1099.87	 1202.79	 2500.42	 1902.74	 1800.35
23	20	  363.84	    0.01	   65.96	  200.33	    1.96	    0.04	    0.00	    0.00	    0.00	    0.00	  397.63	 1162.61	 3736.36	  398.89	    0.00	    0.00	    0.00	    0.00	    0.00	    0.00	    0.00	    0.00	  701.65	 3248.89
23	22	  436.07	    0.02	  134.01	    2.02	    0.40	    0.40	    0.20	    0.30	    0.00	    0.00	    0.05	  938.18	 2166.10	    0.00	    0.00	    0.50	    0.00	    0.10	    0.00	    0.69	 1496.49	    0.60	    0.00	 2650.76
