i	j	       0	       1	       2	       3	       4	       5	       6	       7	       8	       9	      10	      11	      12	      13	      14	      15	      16	      17	      18	      19	      20	      21	      22	      23
0	1	 2599.77	    0.00	  267.13	  200.03	   16.10	    0.00	    0.01	    0.01	   32.20	   96.63	  200.03	  477.16	  460.75	  100.01	   16.06	    0.01	    0.01	    0.00	    0.01	    0.00	    0.01	    0.05	    0.15	   29.16
0	2	 6200.23	 1167.98	    0.00	    0.00	    0.00	  237.41	  138.60	  240.92	    0.00	    0.00	    0.00	    0.00	    0.00	    0.00	    0.00	  100.16	    0.00	   34.42	    0.00	    0.02	    0.00	    0.00	    0.00	    0.00
1	0	    0.00	 1267.98	    0.00	    0.00	    0.00	  537.41	  638.51	 1040.77	    0.00	    0.00	    0.00	    0.00	    0.00	    0.00	    0.00	  600.07	    0.42	  134.40	    0.02	  299.96	    0.00	    0.01	    0.00	    0.00
1	5	 2499.77	 2732.02	  167.13	    0.04	    0.00	    0.00	    0.00	    0.00	    0.00	    0.00	    0.04	  377.16	  160.75	    0.01	    0.00	    0.00	    0.00	    0.00	    0.00	    0.00	    0.01	    0.03	    0.15	   29.16
2	0	    0.00	    0.00	  367.13	  700.03	  216.10	    0.00	    0.10	    0.16	  532.20	 1396.63	  700.03	  677.16	  960.75	  400.01	  516.06	    0.10	  399.59	    0.02	  299.99	    0.06	  100.01	  400.03	  300.15	  129.16
2	3	 4499.52	  667.63	 1932.65	    0.00	    0.00	    0.04	    0.00	    0.00	    0.00	    0.00	    0.00	 3750.96	 2494.18	    0.07	    0.00	    0.00	    0.00	    0.00	    0.00	    0.00	  202.67	    0.34	    1.80	  470.75
2	11	 1600.71	  400.34	  500.22	 1601.73	  403.06	  500.43	  771.73	 1200.00	 1399.62	  670.99	    0.93	    0.00	    0.00	    0.13	   47.15	  533.42	  189.16	  199.61	   20.21	    0.13	    0.00	    0.00	    0.00	    0.00
3	2	    0.00	    0.00	    0.00	 2501.76	  719.16	  563.07	  733.23	 1159.24	 2031.82	 2367.62	 1000.13	    0.00	    0.00	  499.67	  663.16	  633.37	  688.75	  165.21	  320.20	    0.17	    0.02	    0.07	    0.00	    0.00
3	4	 3198.85	  167.59	 1332.61	 6697.51	    0.00	    0.00	    0.00	    0.00	    0.00	    0.10	  903.71	 3150.69	 1893.96	  200.01	    0.01	    0.00	    0.01	    0.00	    0.01	    0.00	    2.70	    0.02	  199.85	  270.73
3	10	  800.67	  300.09	  400.05	 2400.74	  699.91	  599.72	    0.46	    4.95	    0.87	    0.14	    0.00	    0.27	    0.22	    0.06	    0.05	    0.10	    0.04	    0.01	    0.01	    0.02	    0.01	    0.04	    0.05	    0.02
4	3	    0.00	    0.04	    0.00	    0.00	 1919.07	 1562.74	 1133.69	 1864.19	 2732.69	 3566.29	    0.00	    0.00	    0.00	    0.00	 1161.36	 1433.47	 1188.05	  265.22	  519.42	  300.19	    0.07	  398.97	    0.00	    0.00
4	5	    0.00	    0.00	  526.87	 2135.14	 1262.87	    0.00	    0.01	    0.03	  567.93	 1303.32	  403.56	 1462.83	  579.42	  100.01	  283.54	    0.03	    0.13	    0.00	    0.21	    0.01	    0.01	    0.04	   99.85	   70.83
4	8	 2998.85	  899.74	  705.73	 4062.36	 2918.05	 1399.84	    0.02	    0.09	    0.00	    0.00	    0.15	 1487.86	 1114.54	    0.00	    0.00	    0.05	    0.00	    0.01	    0.00	    0.02	    0.01	    0.00	    0.00	  199.91
5	1	    0.00	    0.00	    0.00	    0.02	   83.90	  937.41	  838.50	 1440.76	  167.80	  503.37	    0.02	    0.00	    0.00	    0.01	   83.94	 1000.06	  200.41	  134.40	  100.01	  399.96	    0.00	  100.00	    0.00	    0.00
5	4	    0.00	  832.19	    0.00	    0.00	    0.00	 3162.59	 1028.79	 1808.76	    0.00	    0.00	    0.00	    0.00	    0.00	    0.00	    0.00	 1461.54	    0.06	  202.63	    0.02	  307.94	    0.10	    0.00	    0.00	    0.00
5	7	 2199.77	 1499.83	  394.00	 1735.17	  978.97	 3500.01	    0.00	    0.00	    0.13	    0.06	    3.59	 1639.99	  540.16	    0.02	    0.00	    0.00	    0.00	    0.00	    0.00	    0.00	    0.00	    0.00	    0.00	    0.00
6	7	    0.00	    0.00	    0.00	    0.00	    0.00	    0.00	 4175.90	    0.00	    0.00	    0.00	    0.00	    0.00	    0.00	  399.93	  600.19	  394.16	  134.72	  999.56	  999.52	 2599.75	  500.14	  799.86	  299.98	  199.99
6	17	  430.34	  336.37	    7.95	  430.61	  119.28	  985.24	 7924.10	 4518.65	  826.55	    0.18	    0.14	  220.12	    0.06	    0.00	    0.00	    0.00	    0.00	    0.00	    0.00	    0.00	    0.00	    0.00	    0.00	    0.00
7	5	    0.00	    0.00	    0.00	    0.00	    0.00	    0.00	 2267.28	 4049.49	    0.00	    0.11	    0.00	    0.00	    0.00	    0.00	    0.41	 3361.56	  700.33	  437.03	  299.82	 1007.89	  100.09	  299.92	    0.00	    0.01
7	6	  930.34	  536.37	  107.95	  830.61	  319.28	 1385.24	    0.00	 5518.65	 1426.50	    3.09	    1.08	  920.04	   62.94	    0.00	    0.00	    0.00	    0.07	    0.00	    0.00	    0.00	    0.00	    0.00	    0.00	    0.00
7	8	    0.00	    0.00	    0.00	    0.00	    0.00	    0.00	  908.63	 3750.36	    0.00	    0.00	    0.00	    0.00	    0.00	    0.00	    0.00	 1268.23	    0.00	  262.63	    0.00	  692.13	    0.10	    0.00	    0.00	    0.00
7	15	  469.70	  563.50	  172.85	  685.03	  428.12	 1314.84	    0.00	 3381.49	  892.33	    0.00	    0.13	  478.33	    0.28	    0.00	    0.00	    0.00	    0.00	    0.00	    0.00	    0.00	    0.00	    0.00	    0.00	    0.00
8	4	    0.00	    0.00	    0.00	    0.00	    0.00	    0.00	  304.94	  555.54	 4100.62	 5869.51	    0.00	    0.00	    0.00	    0.00	 1644.89	  472.01	 1388.12	   62.60	  619.60	   92.28	   97.28	  598.99	    0.00	    0.00
8	7	    0.27	    0.04	   86.79	  480.48	  268.42	    0.08	    0.00	    0.00	 3118.70	 1602.91	  797.62	  358.38	  123.05	    0.00	    0.00	    0.00	    0.17	    0.00	    0.00	    0.00	    0.00	    0.00	    0.00	    0.00
8	9	 2498.59	  699.70	  518.94	 2881.89	 1849.63	  999.76	    3.75	 2394.91	 8980.69	    0.00	    0.00	  529.79	  391.76	    0.00	    0.00	    0.21	    0.00	    0.05	    0.00	    0.00	    0.00	    0.00	    0.00	    0.00
9	8	    0.00	    0.00	    0.00	    0.00	    0.00	    0.00	    0.05	    0.00	    0.00	10272.42	 2197.47	    0.32	    0.27	  600.00	 2644.89	  603.94	 2288.29	    0.02	 1019.60	    0.13	  397.17	 1298.99	  500.00	    0.09
9	10	    0.00	    0.00	    0.00	    0.00	    0.00	    0.00	  499.54	  795.07	 1725.20	 8436.96	    0.00	    0.00	    0.00	    0.00	 1267.85	 1566.75	 1911.05	  199.94	  419.98	  422.88	    0.87	  480.19	    0.00	    0.00
9	14	  799.28	   99.91	   99.91	 1098.31	  597.16	  199.90	    0.00	    0.00	 3073.93	14552.07	 1946.77	  658.07	    3.76	    0.00	    0.00	    0.00	    0.68	    0.00	    0.00	    0.00	    0.00	    0.00	    0.00	    0.00
9	15	    0.07	    0.00	   19.22	   84.38	   52.67	    0.00	    0.00	    0.00	  481.57	 8038.16	 2168.32	  201.09	    0.38	    0.00	    0.00	    0.00	    0.00	    0.00	    0.00	    0.00	    0.00	    0.00	    0.00	    0.00
9	16	  399.80	    0.04	   99.97	  499.86	  199.95	    0.04	    0.07	    0.10	  899.99	 3900.39	  999.78	  599.84	  499.86	    0.05	    0.11	    0.10	    0.00	    0.04	    0.06	    0.12	    0.04	    0.12	    0.04	    0.02
10	3	    0.00	    0.00	    0.00	    0.00	    0.00	    0.00	    0.00	    0.00	    0.00	    1.57	 3403.84	    0.00	    0.00	 1199.66	    1.86	    0.00	    0.75	    0.00	    0.80	    0.00	    0.00	    0.82	  698.09	    0.00
10	9	    0.56	    0.20	    0.16	    0.66	    0.14	    0.11	    0.00	    0.00	    0.00	    0.00	11212.35	 2929.53	 2012.52	 1156.25	    0.00	    0.00	    0.00	    0.00	    0.00	    0.00	    0.00	    0.00	  248.52	   44.96
10	11	    0.00	    0.00	    0.00	    0.00	    0.00	    0.00	    0.00	    0.00	    0.16	 3229.01	 2400.58	    0.00	    0.00	  715.12	  658.94	  166.85	  910.71	    0.02	  282.38	    0.00	    0.00	    0.00	    0.00	    0.00
10	13	  300.93	  100.13	  100.13	 1000.14	  199.79	  199.68	    0.00	    0.02	  325.91	 1206.52	 5283.24	 1042.31	   19.01	    0.00	    0.00	    0.00	    0.04	    0.00	    0.00	    0.00	    0.00	    0.00	    0.00	    0.00
11	2	    0.00	    0.00	    0.00	    0.00	    0.00	    0.00	    0.00	    0.00	    0.00	    0.00	    0.83	 4628.12	 3554.93	    0.54	    0.05	    0.00	    0.00	    0.00	    0.00	    0.00	  302.66	  500.30	  401.95	  599.92
11	10	    0.83	    0.24	    0.24	    0.07	    0.02	    0.07	    0.00	    0.00	    0.00	    0.00	    0.00	 5371.56	 3031.30	    0.00	    0.00	    0.00	    0.00	    0.00	    0.00	    0.00	    0.04	    0.00	    0.00	    0.07
11	12	 1399.88	  300.10	  299.98	 1001.66	  203.04	  300.36	   71.73	  600.00	  799.77	 1900.00	 1000.68	 3900.32	    0.00	   14.93	    6.06	    0.54	  499.87	    0.03	    2.60	    0.00	    0.00	    0.00	    0.00	    0.00
12	11	    0.00	    0.00	    0.00	    0.00	    0.00	    0.00	    0.00	    0.00	    0.00	    0.00	    0.00	    0.00	 7886.23	    0.22	    0.03	    0.27	    0.00	    0.40	    0.01	  499.87	  602.70	 1200.30	 1101.95	 1099.98
12	23	  899.88	    0.10	  199.98	  401.66	    3.04	  100.36	    0.00	    0.00	  199.77	    0.00	    0.68	 2600.32	 6713.77	    0.00	    0.00	    0.00	    0.00	    0.00	    0.00	    0.00	    0.00	    0.00	    0.00	    0.00
13	10	    0.00	    0.00	    0.00	    0.00	    0.00	    0.00	    0.00	    0.00	    0.00	    0.00	    0.00	    0.00	    0.00	 4670.98	  792.89	    0.00	    0.41	    0.06	  263.19	  177.10	  399.07	  620.59	 2246.57	  644.87
13	14	    0.77	    0.12	    0.11	    0.92	    0.07	    0.03	    0.00	    0.00	    0.00	    0.00	 1012.26	  341.96	  117.15	 6207.36	    0.00	    0.00	    0.00	    0.00	    0.00	    0.00	    0.00	    0.00	 1195.76	  159.29
13	22	    0.17	    0.01	    0.03	  499.24	   99.72	   99.66	    0.00	    0.00	  196.46	  815.62	 2671.04	    0.37	    0.58	 3221.66	  436.49	    0.11	  220.20	    0.00	  134.58	    0.00	    0.00	    0.00	    0.00	    0.00
14	9	    0.00	    0.00	    0.00	    0.00	    0.00	    0.00	    0.00	    0.00	    0.00	    0.00	    0.00	    0.00	    0.00	 1543.81	 7912.84	    0.25	    1.83	    0.05	 3239.27	 1715.90	 1598.08	 4379.30	 2051.52	  755.16
14	13	    0.00	    0.00	    0.00	    0.00	    0.00	    0.00	  199.79	  399.58	  470.55	 1709.10	    0.06	    0.00	    0.00	    0.00	 2529.39	  699.38	  920.57	   99.96	  697.76	  676.28	    0.68	  675.46	    0.00	    0.00
14	18	  300.05	    0.07	    0.01	  200.09	  100.03	    0.04	    0.01	    0.03	  399.99	 3258.71	  830.58	  300.09	  283.16	 2896.35	 5899.84	    0.05	    0.35	    0.01	    0.00	    0.04	  555.15	 2899.93	  899.98	  258.92
14	21	    0.00	    0.00	    0.00	  399.14	  297.19	    0.00	    0.00	    0.00	 1303.38	 5584.26	  728.40	    0.00	    0.00	  467.20	 5057.93	    0.20	 2480.72	    0.00	 2086.30	    0.00	    0.00	    0.00	    0.00	    0.00
15	7	    0.00	    0.00	    0.00	    0.00	    0.00	    0.00	    0.00	    0.00	    0.00	    0.23	    0.00	    0.00	    0.00	    0.05	    0.22	 6435.63	 1965.51	    0.11	    0.30	    0.28	    0.05	    0.07	    0.03	    0.02
15	9	    0.00	    0.05	    0.00	    0.00	    0.00	    0.06	 2395.70	    0.18	    0.00	    0.00	    0.00	    0.00	    0.00	    0.00	    0.00	 6569.03	    0.49	  899.70	    0.17	 1206.62	    0.00	    0.00	    0.00	    0.00
15	16	    0.16	  199.97	    0.01	    0.08	    0.03	  500.10	 1000.37	 1400.72	    0.10	    0.43	    0.08	    0.08	    0.03	    0.00	    0.00	 5975.81	    0.00	  600.29	    0.00	 1529.19	  354.17	    0.00	    0.00	  128.03
15	17	    0.04	    0.02	    0.00	    0.04	    0.01	    0.07	    0.00	    0.32	    0.18	 3638.24	  768.48	    0.20	    0.02	    0.02	    0.39	 7119.53	 3760.61	    0.00	    0.58	    0.00	    0.00	    0.00	    0.00	    0.00
16	9	    0.00	    0.00	    0.00	    0.00	    0.00	    0.00	    0.20	    0.09	    0.00	    0.00	    0.00	    0.00	    0.00	    0.00	    0.00	    1.29	 8097.70	    0.20	    0.20	    0.61	    0.00	    0.00	    0.00	    0.00
16	15	    0.00	    0.00	    0.00	    0.00	    0.00	    0.00	    0.00	    0.00	    0.00	    0.43	    0.00	    0.00	    0.00	  688.60	 1181.36	    0.00	 8526.51	    0.00	 1280.26	    0.00	    0.05	    0.09	    0.04	    0.02
16	18	    0.02	    0.03	    0.00	    0.02	    0.01	    0.13	    0.24	    0.73	    0.09	    0.39	    0.00	    0.00	    0.00	    0.00	    0.00	 3174.62	 6775.78	    0.13	    0.00	    0.17	    0.00	    0.00	    0.00	    0.00
17	6	    0.00	    0.00	    0.00	    0.00	    0.00	    0.00	    0.00	    0.00	    0.05	 1897.10	  499.06	    0.08	  337.12	  599.93	 1100.19	 1794.16	 1134.65	 1199.56	 1399.52	 3099.75	  700.14	 1299.86	  499.98	  299.99
17	15	   30.43	   36.53	    7.95	   30.70	   19.26	   85.39	 4796.07	  219.72	   26.38	    0.31	    0.10	   20.85	  599.39	   11.47	   19.26	    0.00	    0.10	 2000.09	   20.79	 4336.08	  954.17	 1199.98	  499.99	  428.02
17	19	  299.95	  299.85	    0.00	  299.95	  100.03	  799.93	 2928.03	 3999.25	  600.30	 1041.29	  169.46	    0.16	    0.00	    0.00	    0.00	 4825.37	 2025.98	 1600.35	    0.17	    0.00	    0.00	    0.00	    0.00	    0.00
18	14	    0.00	    0.04	    0.00	    0.00	    0.00	    0.11	  699.73	  999.53	    0.00	    0.00	    0.00	    0.00	    0.00	    0.00	    0.00	 1899.73	 4902.79	  299.98	 6823.33	 3491.55	    0.13	    0.33	    0.14	    0.06
18	16	    0.06	    0.03	    0.01	    0.07	    0.03	    0.00	    0.00	    0.00	    0.00	    0.00	    0.14	    0.09	    0.11	 1388.55	 2681.25	    0.00	    0.00	    0.00	 2980.40	  171.47	  245.83	 1699.97	  600.00	  171.97
18	19	    0.01	    0.00	    0.00	    0.03	    0.01	    0.02	    0.00	    0.00	    0.08	 1459.11	  430.44	    0.00	    0.00	 1207.81	 2418.59	    0.00	  173.34	    0.00	 2996.27	    0.00	    0.00	    0.00	    0.00	    0.00
19	17	    0.00	    0.00	    0.00	    0.00	    0.00	    0.00	    0.00	    0.00	    0.00	    0.27	    0.00	    0.77	 1036.43	  711.38	 1319.05	    0.00	    0.12	    0.00	 1719.90	 7835.83	 1754.31	 2799.83	 1099.97	  728.02
19	18	    0.00	   99.97	    0.00	    0.00	    0.00	  199.96	 1099.47	 1698.77	    0.00	    0.00	    0.00	    0.00	   16.95	    0.01	    0.00	   25.07	    0.00	  599.84	    0.00	 4862.81	   90.82	    0.37	    0.15	   13.12
19	20	    0.00	    0.00	    0.00	    0.01	    0.03	  100.01	  628.44	  600.25	    0.23	    0.21	    0.01	    0.01	    0.02	    0.01	    0.03	 1500.09	  499.04	  200.48	   76.63	 2700.46	    0.00	    0.06	    0.02	    0.02
19	21	    0.00	   99.88	    0.00	    0.01	    0.01	  199.98	  700.11	  800.23	    0.15	    0.18	    0.04	    0.00	    0.00	    0.00	    0.14	 1700.22	    0.23	  400.04	    0.07	 3100.91	    0.15	    0.00	    0.00	    0.00
20	19	    0.00	    0.00	    0.00	    0.00	    0.00	    0.00	    0.00	    0.00	    0.00	    0.09	    0.02	  400.43	 1653.06	    0.07	    0.14	    0.00	    0.06	    0.00	    0.15	    0.00	 3045.28	    0.20	    3.71	 1140.58
20	21	  263.41	    0.09	   65.85	    0.04	    0.00	    0.03	    0.05	    0.06	    0.00	    0.00	    0.00	  460.98	 1466.07	    0.00	    0.00	    0.13	    0.00	    0.03	    0.00	    0.34	 4756.40	    0.00	    0.09	 1604.45
20	23	    0.00	    0.00	    0.00	    0.00	    0.00	    0.02	  428.39	  200.18	    0.18	  485.65	    0.00	    0.00	    0.00	    0.00	  682.13	  900.02	  214.54	  100.45	  252.95	 1500.12	 3198.32	 2343.24	    0.00	    0.00
21	14	    0.00	    0.00	    0.00	    0.00	    0.00	    0.00	    0.08	    0.08	    0.00	    0.00	    0.00	    0.05	  862.25	    0.00	    0.00	    0.15	    0.00	    0.04	    0.00	    0.67	 2953.78	10554.36	 2755.61	 1254.72
21	19	    0.04	    0.00	    0.00	    0.04	    0.00	    0.00	    0.00	    0.00	    0.00	    0.19	    0.14	    0.19	    0.34	    3.52	    0.49	    0.00	    0.00	    0.00	    0.00	    0.00	    0.00	 5200.07	 1796.43	    0.57
21	20	    0.00	    0.00	    0.00	    0.00	   97.24	    0.00	    0.00	    0.00	  299.95	 1685.52	    2.51	    0.00	    0.00	    1.49	 1482.24	    0.07	  315.56	    0.00	  576.47	    0.00	    0.00	 4143.37	    1.36	    0.00
21	22	    0.00	    0.00	    0.00	    0.00	    0.00	    0.01	  200.08	  300.21	  303.58	 1299.10	    0.00	    0.00	    0.00	    0.00	  975.33	  500.33	  465.39	  100.03	  309.89	  700.57	    2.78	 4502.20	    0.00	    0.00
22	13	    0.01	    0.00	    0.00	    0.02	    0.00	    0.00	    0.21	    0.40	    0.00	    0.00	    0.00	    0.02	  698.72	    0.00	    0.00	    0.73	    0.00	    0.10	    0.01	    0.82	  798.39	 1145.13	 4542.33	 1204.16
22	21	  136.63	    0.02	   34.15	    0.85	    0.04	    0.00	    0.00	    0.00	    0.00	    0.37	  374.21	  239.27	  696.52	  737.81	    0.00	    0.00	    0.00	    0.00	    0.00	    0.00	    0.00	    0.00	 6653.32	  750.84
22	23	    0.03	    0.00	    0.00	    0.06	    0.01	    0.01	    0.03	    0.05	    0.05	  314.35	  996.87	    0.11	    0.20	 1383.86	  411.83	    0.10	   85.59	    0.00	  144.46	    0.28	    0.05	 1258.38	 3304.36	    0.00
23	12	    0.00	    0.00	    0.00	    0.00	    0.00	    0.00	  328.27	    0.00	    0.00	    0.00	    0.00	    0.00	    0.00	  585.29	  693.96	  599.73	    0.13	  100.38	  297.41	 1099.87	 1202.70	 2500.30	 1901.95	 1799.98
23	20	  363.41	    0.09	   65.85	  200.04	    2.73	    0.04	    0.00	    0.00	    0.00	    0.00	  397.50	 1161.39	 3719.11	  398.57	    0.00	    0.00	    0.00	    0.00	    0.00	    0.00	    0.00	    0.00	  702.41	 3245.01
23	22	  436.50	    0.01	  134.12	    1.68	    0.33	    0.35	    0.15	    0.24	    0.00	    0.00	    0.05	  939.04	 2194.86	    0.00	    0.00	    0.39	    0.00	    0.08	    0.00	    0.53	 1495.66	    1.31	    0.00	 2655.01
