i	j	n1_l33
1	2	 4778.61
1	3	 7484.44
2	1	 4278.75
2	6	 6431.50
3	1	 7984.30
3	4	14964.80
3	12	12351.69
4	3	16310.73
4	5	19842.10
4	11	 3313.04
5	4	18629.46
5	6	 8911.27
5	9	17117.59
6	2	 5931.63
6	5	 8680.51
6	8	13679.42
7	8	12652.89
7	18	16996.60
8	6	12948.80
8	7	13730.27
8	9	 7215.60
8	16	 8979.20
9	5	16135.72
9	8	 7929.38
9	10	21829.13
10	9	21661.04
10	11	16189.41
10	15	27473.11
10	16	11941.10
10	17	 8320.04
11	4	 5971.59
11	10	19657.29
11	12	 9065.87
11	14	    0.00
12	3	11505.63
12	11	 7821.08
12	13	16014.58
13	12	14023.73
13	24	13159.08
14	11	 7471.22
14	15	 6943.09
14	23	 5611.17
15	10	24535.48
15	14	10628.57
15	19	17313.63
15	22	18169.24
16	8	 8612.17
16	10	11362.25
16	17	11579.80
16	18	17033.59
17	10	 8100.54
17	16	11387.40
17	19	10216.25
18	7	15919.22
18	16	16280.12
18	20	21397.96
19	15	18252.08
19	17	 9804.35
19	20	 8217.93
20	18	19467.12
20	19	 8744.47
20	21	 6814.71
20	22	 7502.23
21	20	 5811.59
21	22	 9175.29
21	24	10733.03
22	15	17878.65
22	20	 7001.04
22	21	 8849.85
22	23	10367.48
23	14	 9396.92
23	22	 9250.27
23	24	 6633.43
24	13	11068.24
24	21	10055.34
24	23	 9301.96
