i	j	       0	       1	       2	       3	       4	       5	       6	       7	       8	       9	      10	      11	      12	      13	      14	      15	      16	      17	      18	      19	      20	      21	      22	      23
0	1	 2600.55	    0.00	  264.26	  200.02	   14.21	    0.00	    0.01	    0.02	   28.41	   85.29	  200.02	  458.82	  456.99	  100.00	   14.22	    0.02	    0.04	    0.00	    0.04	    0.00	    0.01	    0.05	    0.24	   28.83
0	2	 6199.45	 1159.90	    0.00	    0.00	    0.00	  230.37	  141.77	  245.61	    0.00	    0.00	    0.00	    0.00	    0.00	    0.00	    0.00	   97.28	    0.00	   34.98	    0.00	    0.02	    0.00	    0.00	    0.00	    0.00
1	0	    0.00	 1259.90	    0.00	    0.00	    0.00	  530.37	  641.75	 1045.58	    0.00	    0.00	    0.00	    0.00	    0.00	    0.00	    0.00	  597.12	    0.37	  134.98	    0.03	  299.98	    0.00	    0.02	    0.00	    0.00
1	5	 2500.55	 2740.10	  164.26	    0.04	    0.00	    0.00	    0.00	    0.00	    0.00	    0.00	    0.04	  358.82	  156.99	    0.01	    0.00	    0.00	    0.00	    0.00	    0.00	    0.00	    0.01	    0.03	    0.24	   28.83
2	0	    0.00	    0.00	  364.26	  700.02	  214.21	    0.00	    0.03	    0.05	  528.41	 1385.29	  700.02	  658.82	  956.99	  400.00	  514.22	    0.18	  399.66	    0.00	  300.01	    0.05	  100.01	  400.03	  300.24	  128.83
2	3	 4499.36	  659.76	 1935.70	    0.00	    0.00	    0.00	    0.00	    0.00	    0.00	    0.00	    0.00	 3899.31	 2601.53	    0.09	    0.00	    0.00	    0.00	    0.00	    0.00	    0.00	  203.68	    0.03	    1.91	  471.03
2	11	 1600.09	  400.14	  500.04	 1602.36	  402.81	  500.57	  759.16	 1200.00	 1399.63	  659.11	    1.00	    0.00	    0.00	    0.16	   54.78	  536.93	  185.90	  199.38	   23.48	    0.18	    0.00	    0.00	    0.00	    0.00
3	2	    0.00	    0.00	    0.00	 2502.38	  717.02	  570.20	  717.42	 1154.44	 2028.04	 2344.40	 1000.50	    0.00	    0.00	  499.84	  668.95	  639.82	  685.57	  164.40	  323.49	    0.17	    0.00	    0.06	    0.05	    0.00
3	4	 2699.39	  159.81	 1335.71	 6698.82	    0.00	    0.00	    0.00	    0.00	    0.00	    0.12	  908.52	 3298.53	 2001.07	  200.09	    0.08	    0.00	    0.01	    0.00	    0.02	    0.00	    3.78	    0.05	  199.82	  271.07
3	10	 1299.97	  300.00	  399.99	 2398.81	  699.71	  599.47	    0.10	    5.35	    0.38	    0.17	    0.00	    0.78	    0.46	    0.07	    0.06	    0.12	    0.04	    0.02	    0.02	    0.03	    0.02	    0.05	    0.05	    0.03
4	3	    0.00	    0.05	    0.00	    0.00	 1916.73	 1569.67	 1117.52	 1859.79	 2728.42	 3544.19	    0.00	    0.00	    0.00	    0.00	 1168.19	 1439.94	 1185.28	  264.42	  523.16	  300.20	    0.03	  399.59	    0.00	    0.00
4	5	    0.00	    0.00	  528.23	 2110.12	 1250.80	    0.00	    0.02	    0.03	  571.74	 1314.66	  408.08	 1465.61	  584.04	  100.02	  285.45	    0.04	    0.04	    0.00	    0.04	    0.01	    0.01	    0.00	   99.76	   71.16
4	8	 2499.39	  900.02	  707.48	 4088.70	 2932.48	 1400.09	    0.03	    0.10	    0.00	    0.00	    0.44	 1632.93	 1217.03	    0.07	    0.00	    0.06	    0.00	    0.01	    0.00	    0.03	    0.00	    0.00	    0.06	  199.91
5	1	    0.00	    0.00	    0.00	    0.02	   85.79	  930.37	  841.74	 1445.56	  171.59	  514.71	    0.02	    0.00	    0.00	    0.01	   85.78	  997.11	  200.34	  134.98	   99.99	  399.98	    0.00	  100.00	    0.00	    0.00
5	4	    0.00	  840.26	    0.00	    0.00	    0.00	 3169.76	 1016.61	 1806.66	    0.00	    0.00	    0.00	    0.00	    0.00	    0.00	    0.00	 1469.94	    0.10	  202.32	    0.03	  307.05	    0.00	    0.00	    0.00	    0.00
5	7	 2200.55	 1499.84	  392.49	 1710.14	  965.00	 3499.87	    0.00	    0.00	    0.15	    0.07	    8.10	 1624.43	  541.02	    0.03	    0.00	    0.00	    0.00	    0.00	    0.00	    0.00	    0.00	    0.00	    0.00	    0.00
6	7	    0.00	    0.00	    0.00	    0.00	    0.00	    0.00	 4164.63	    0.00	    0.00	    0.00	    0.00	    0.00	    0.00	  399.92	  599.80	  399.80	  142.40	  999.22	  999.10	 2599.55	  499.98	  799.97	  299.97	  199.99
6	17	  428.76	  334.35	    7.61	  429.17	  118.23	  980.41	 7935.37	 4506.63	  816.83	    0.61	    0.13	  216.21	    0.04	    0.00	    0.00	    0.00	    0.03	    0.00	    0.00	    0.00	    0.00	    0.00	    0.00	    0.00
7	5	    0.00	    0.00	    0.00	    0.00	    0.00	    0.00	 2258.34	 4052.19	    0.00	    0.13	    0.00	    0.00	    0.00	    0.00	    0.32	 3367.01	  700.39	  437.30	  299.97	 1007.01	   99.99	  299.97	    0.00	    0.01
7	6	  928.76	  534.35	  107.61	  829.17	  318.23	 1380.41	    0.00	 5506.63	 1416.77	    2.68	    0.78	  916.21	   66.55	    0.00	    0.00	    0.00	    0.11	    0.00	    0.00	    0.00	    0.00	    0.00	    0.00	    0.00
7	8	    0.00	    0.00	    0.00	    0.00	    0.00	    0.00	  906.29	 3747.74	    0.00	    0.00	    0.00	    0.00	    0.00	    0.00	    0.00	 1276.71	    0.00	  262.06	    0.00	  692.93	    0.04	    0.08	    0.00	    0.00
7	15	  471.88	  565.53	  171.81	  678.84	  424.26	 1319.55	    0.00	 3393.44	  865.70	    0.00	    0.06	  481.98	    0.28	    0.00	    0.00	    0.00	    0.00	    0.00	    0.00	    0.00	    0.00	    0.00	    0.00	    0.00
8	4	    0.00	    0.00	    0.00	    0.00	    0.00	    0.00	  300.95	  553.26	 4100.16	 5858.72	    0.00	    0.00	    0.00	    0.00	 1653.57	  470.10	 1385.22	   62.11	  623.15	   93.19	   96.26	  599.54	    0.00	    0.00
8	7	    0.08	    0.04	   86.93	  497.87	  277.49	    0.09	    0.00	    0.00	 3082.32	 1602.47	  792.74	  373.77	  125.80	    0.00	    0.00	    0.00	    0.23	    0.00	    0.00	    0.00	    0.00	    0.00	    0.00	    0.00
8	9	 1999.31	  699.98	  520.56	 2890.83	 1854.99	  999.99	    5.42	 2394.58	 9017.52	    0.00	    0.00	  659.22	  491.29	    0.00	    0.00	    0.78	    0.00	    0.15	    0.00	    0.30	    0.00	    0.00	    0.00	    0.00
9	8	    0.00	    0.00	    0.00	    0.00	    0.00	    0.00	    0.05	    0.00	    0.00	10261.18	 2192.30	    0.05	    0.05	  599.93	 2653.57	  594.11	 2285.45	    0.19	 1023.15	    0.53	  396.22	 1299.46	  499.94	    0.09
9	10	    0.00	    0.00	    0.00	    0.00	    0.00	    0.00	  499.90	  794.68	 1705.17	 8361.76	    0.00	    0.00	    0.00	    0.00	 1294.91	 1562.76	 1914.07	  200.01	  428.15	  433.61	    1.95	  479.61	    0.00	    0.00
9	14	  629.93	  100.02	   99.98	 1098.84	  597.47	  200.02	    0.00	    0.00	 3094.78	14671.87	 1984.69	  678.63	   12.87	    0.00	    0.00	    0.00	    0.83	    0.00	    0.00	    0.00	    0.00	    0.00	    0.00	    0.00
9	15	    0.00	    0.00	   20.59	   92.09	   57.55	    0.00	    0.00	    0.00	  517.74	 8004.46	 2167.35	  201.13	    0.11	    0.00	    0.00	    0.00	    0.00	    0.00	    0.00	    0.00	    0.00	    0.00	    0.00	    0.00
9	16	  399.34	    0.02	   99.98	  499.91	  199.96	    0.04	    0.09	    0.12	  899.83	 3900.73	  999.79	  599.89	  499.77	    0.06	    0.13	    0.12	    0.00	    0.05	    0.07	    0.15	    0.05	    0.15	    0.05	    0.03
10	3	    0.00	    0.00	    0.00	    0.00	    0.00	    0.00	    0.00	    0.00	    0.00	    0.50	 3409.02	    0.00	    0.00	 1199.90	    0.89	    0.00	    0.34	    0.00	    0.37	    0.00	    0.09	    0.54	  698.01	    0.06
10	9	  329.96	    0.00	    0.00	    0.00	    0.00	    0.00	    0.00	    0.00	    0.00	    0.00	11244.14	 2820.48	 1921.52	 1094.29	    0.00	    0.00	    0.00	    0.00	    0.00	    0.00	    0.00	    0.00	  319.95	   48.60
10	11	    0.00	    0.00	    0.00	    0.00	    0.00	    0.00	    0.00	    0.00	    0.11	 3240.89	 2400.18	    0.00	    0.00	  729.20	  655.86	  163.05	  914.05	    0.05	  281.06	    0.00	    0.00	    0.00	    0.00	    0.00
10	13	  470.19	  100.04	  100.05	  998.89	  199.73	  199.54	    0.00	    0.03	  305.44	 1120.53	 5246.65	 1021.26	   64.71	    0.00	    0.00	    0.00	    0.05	    0.00	    0.00	    0.00	    0.00	    0.00	    0.00	    0.00
11	2	    0.00	    0.00	    0.00	    0.00	    0.00	    0.00	    0.00	    0.00	    0.00	    0.00	    0.53	 4758.13	 3658.52	    0.41	    0.05	    0.00	    0.00	    0.00	    0.00	    0.03	  303.68	  499.99	  402.10	  599.86
11	10	    0.19	    0.04	    0.06	    0.08	    0.03	    0.07	    0.00	    0.00	    0.00	    0.00	    0.00	 5240.96	 2985.77	    0.00	    0.00	    0.00	    0.00	    0.00	    0.00	    0.00	    0.04	    0.00	    0.00	    0.35
11	12	 1399.90	  300.10	  299.98	 1002.27	  202.79	  300.50	   59.23	  600.00	  799.74	 1900.00	 1000.66	 3900.90	    0.00	   29.24	   10.59	    0.78	  499.95	    0.03	    4.54	    0.04	    0.00	    0.00	    0.00	    0.00
12	11	    0.00	    0.00	    0.00	    0.00	    0.00	    0.00	    0.07	    0.00	    0.00	    0.00	    0.00	    0.00	 7944.29	    0.30	    0.00	    0.80	    0.00	    0.59	    0.00	  499.89	  603.72	 1199.99	 1102.10	 1100.21
12	23	  899.90	    0.10	  199.98	  402.27	    2.79	  100.50	    0.00	    0.00	  199.74	    0.00	    0.66	 2600.90	 6655.71	    0.00	    0.00	    0.00	    0.00	    0.00	    0.00	    0.00	    0.00	    0.00	    0.00	    0.00
13	10	    0.00	    0.00	    0.00	    0.00	    0.00	    0.00	    0.00	    0.00	    0.00	    0.00	    0.00	    0.00	    0.00	 4623.33	  761.78	    0.17	    0.32	    0.02	  253.27	  166.37	  398.08	  620.88	 2317.90	  648.28
13	14	  170.09	    0.03	    0.03	    0.21	    0.02	    0.01	    0.00	    0.00	    0.00	    0.00	  959.63	  321.08	   97.79	 6218.74	    0.00	    0.00	    0.00	    0.00	    0.00	    0.00	    0.00	    0.00	 1183.52	  130.70
13	22	    0.11	    0.01	    0.02	  498.70	   99.72	   99.53	    0.00	    0.00	  191.55	  795.19	 2687.09	    0.20	    0.00	 3257.93	  426.92	    0.00	  219.01	    0.00	  133.16	    0.00	    0.00	    0.00	    0.00	    0.00
14	9	    0.00	    0.00	    0.00	    0.00	    0.00	    0.00	    0.00	    0.00	    0.00	    0.00	    0.00	    0.00	    0.00	 1605.70	 7948.61	    0.30	    0.82	    0.05	 3251.17	 1708.68	 1598.23	 4379.21	 1980.04	  751.52
14	13	    0.00	    0.00	    0.00	    0.00	    0.00	    0.00	  199.71	  399.41	  486.11	 1774.66	    0.07	    0.00	    0.00	    0.00	 2488.70	  699.73	  919.28	   99.85	  686.42	  665.53	    0.82	  673.71	    0.00	    0.00
14	18	  300.03	    0.06	    0.01	  200.07	  100.03	    0.05	    0.02	    0.03	  400.15	 3292.45	  831.50	  300.06	  283.90	 2897.34	 5899.77	    0.06	    0.42	    0.01	    0.00	    0.05	  552.60	 2899.91	  899.98	  257.75
14	21	    0.00	    0.00	    0.00	  398.98	  297.46	    0.00	    0.00	    0.00	 1308.53	 5604.76	  712.76	    0.00	    0.00	  415.70	 5062.92	    0.24	 2500.85	    0.00	 2090.21	    0.00	    0.00	    0.00	    0.00	    0.00
15	7	    0.00	    0.00	    0.00	    0.00	    0.00	    0.00	    0.00	    0.00	    0.00	    0.27	    0.00	    0.00	    0.00	    0.05	    0.52	 6443.92	 1957.87	    0.13	    0.87	    0.39	    0.05	    0.08	    0.03	    0.02
15	9	    0.00	    0.05	    0.00	    0.00	    0.00	    0.07	 2394.37	    0.22	    0.00	    0.00	    0.00	    0.00	    0.00	    0.00	    0.00	 6554.03	    1.96	  899.76	    0.20	 1225.10	    0.00	    0.00	    0.00	    0.00
15	16	    0.65	  199.98	    0.01	    0.06	    0.03	  500.02	 1000.37	 1400.22	    0.12	    0.52	    0.09	    0.05	    0.00	    0.00	    0.00	 5956.40	    0.00	  600.36	    0.00	 1539.35	  355.04	    0.00	    0.00	  128.18
15	17	    0.02	    0.00	    0.00	    0.02	    0.00	    0.03	    0.00	    0.15	    0.55	 3605.52	  767.71	    0.06	    0.00	    0.03	    0.50	 7145.66	 3751.18	    0.00	    0.59	    0.00	    0.00	    0.00	    0.00	    0.00
16	9	    0.00	    0.00	    0.00	    0.00	    0.00	    0.00	    0.25	    0.00	    0.00	    0.00	    0.00	    0.00	    0.00	    0.00	    0.00	    1.88	 8097.57	    0.29	    0.00	    0.21	    0.00	    0.00	    0.00	    0.00
16	15	    0.00	    0.00	    0.00	    0.00	    0.00	    0.00	    0.00	    0.00	    0.00	    1.47	    0.10	    0.00	    0.00	  692.59	 1188.62	    0.00	 8510.89	    0.00	 1288.27	    0.00	    0.05	    0.11	    0.05	    0.03
16	18	    0.03	    0.02	    0.00	    0.02	    0.01	    0.06	    0.21	    0.34	    0.04	    0.16	    0.00	    0.00	    0.00	    0.00	    0.00	 3154.64	 6791.54	    0.11	    0.00	    0.00	    0.00	    0.00	    0.00	    0.00
17	6	    0.00	    0.00	    0.00	    0.00	    0.00	    0.00	    0.00	    0.00	    0.05	 1897.93	  499.35	    0.00	  333.49	  599.92	 1099.80	 1799.80	 1142.31	 1199.22	 1399.10	 3099.55	  699.98	 1299.97	  499.97	  299.99
17	15	   28.79	   34.51	    7.61	   29.15	   18.22	   80.56	 4794.74	  207.15	   17.23	    0.38	    0.29	   17.01	  599.61	    7.49	   12.41	    0.00	    0.12	 2000.25	   13.38	 4364.84	  955.04	 1199.98	  499.99	  428.18
17	19	  299.99	  299.85	    0.00	  300.03	  100.02	  799.88	 2940.63	 3999.63	  600.09	 1008.04	  168.45	    0.15	    0.00	    0.00	    0.00	 4845.86	 2008.91	 1600.53	    0.00	    0.00	    0.00	    0.00	    0.00	    0.00
18	14	    0.00	    0.01	    0.00	    0.00	    0.00	    0.02	  699.66	  999.36	    0.00	    0.00	    0.00	    0.00	    0.00	    0.00	    0.00	 1900.17	 4920.55	  299.89	 6827.79	 3473.80	    0.16	    0.39	    0.16	    0.07
18	16	    0.04	    0.02	    0.01	    0.05	    0.02	    0.00	    0.00	    0.00	    0.09	    0.38	    0.22	    0.06	    0.23	 1392.53	 2688.49	    0.00	    0.00	    0.00	 2988.20	  160.71	  244.96	 1699.96	  599.99	  171.82
18	19	    0.02	    0.00	    0.00	    0.04	    0.02	    0.03	    0.00	    0.00	    0.10	 1492.23	  431.29	    0.00	    0.00	 1204.82	 2411.28	    0.00	  171.41	    0.00	 2984.01	    0.00	    0.00	    0.00	    0.00	    0.00
19	17	    0.00	    0.00	    0.00	    0.00	    0.00	    0.00	    0.00	    0.00	    0.00	    0.22	    0.24	    0.89	 1033.06	  707.38	 1311.70	    0.00	    0.14	    0.00	 1711.90	 7864.39	 1755.01	 2799.95	 1099.96	  728.17
19	18	    0.00	   99.96	    0.00	    0.00	    0.00	  199.93	 1099.44	 1698.99	    0.00	    0.00	    0.00	    0.00	   16.33	    0.01	    0.00	   45.47	    0.00	  599.76	    0.00	 4834.46	   92.52	    0.44	    0.18	   14.14
19	20	    0.00	    0.00	    0.00	    0.05	    0.03	  100.01	  641.12	  600.41	    0.13	    0.05	    0.02	    0.01	    0.03	    0.02	    0.03	 1500.63	  480.15	  200.72	   72.21	 2700.96	    0.00	    0.08	    0.03	    0.02
19	21	    0.00	   99.89	    0.00	    0.02	    0.01	  199.96	  700.07	  800.23	    0.06	    0.22	    0.05	    0.00	    0.00	    0.00	    0.17	 1699.75	    0.11	  400.05	    0.08	 3100.19	    0.18	    0.00	    0.00	    0.00
20	19	    0.00	    0.00	    0.00	    0.00	    0.00	    0.00	    0.00	    0.00	    0.00	    0.11	    0.03	  400.55	 1648.77	    0.69	    0.17	    0.00	    0.07	    0.00	    0.18	    0.00	 3047.72	    0.25	    2.04	 1141.76
20	21	  265.09	    0.06	   66.27	    0.40	    0.00	    0.03	    0.06	    0.08	    0.00	    0.00	    0.00	  463.90	 1471.75	    0.00	    0.00	    0.16	    0.00	    0.04	    0.00	    0.42	 4751.98	    0.00	    0.00	 1609.17
20	23	    0.00	    0.00	    0.00	    0.00	    0.00	    0.02	  441.06	  200.33	    0.03	  490.61	    0.00	    0.00	    0.00	    0.00	  684.40	  900.55	  208.90	  100.68	  252.09	 1500.54	 3200.30	 2341.75	    0.00	    0.00
21	14	    0.00	    0.00	    0.00	    0.00	    0.00	    0.00	    0.06	    0.08	    0.00	    0.00	    0.00	    0.34	  873.23	    0.00	    0.00	    0.16	    0.00	    0.03	    0.00	    0.46	 2951.49	10552.45	 2696.34	 1278.50
21	19	    0.00	    0.00	    0.00	    0.00	    0.00	    0.00	    0.00	    0.00	    0.00	    0.11	    0.54	    0.19	    0.64	    1.90	    0.46	    0.00	    0.00	    0.00	    0.00	    0.00	    0.00	 5200.22	 1798.13	    0.58
21	20	    0.01	    0.00	    0.00	    0.02	   97.58	    0.00	    0.00	    0.00	  299.90	 1690.67	    2.93	    0.04	    0.07	    1.09	 1484.53	    0.08	  328.83	    0.00	  580.06	    0.00	    0.00	 4141.92	    1.56	    0.06
21	22	    0.00	    0.00	    0.00	    0.00	    0.00	    0.01	  200.07	  300.23	  308.69	 1314.20	    0.00	    0.00	    0.00	    0.00	  978.10	  499.90	  472.13	  100.06	  310.23	  700.14	    0.68	 4505.42	    0.00	    0.00
22	13	    0.01	    0.00	    0.00	    0.02	    0.00	    0.00	    0.29	    0.56	    0.00	    0.00	    0.00	    0.03	  633.08	    0.00	    0.00	    0.44	    0.00	    0.17	    0.01	    0.83	  797.26	 1147.17	 4601.42	 1178.98
22	21	  134.93	    0.05	   33.73	    0.63	    0.10	    0.02	    0.00	    0.00	    0.00	    0.00	  390.67	  236.67	  702.20	  787.29	    0.00	    0.00	    0.00	    0.00	    0.00	    0.00	    0.00	    0.00	 6596.03	  769.97
22	23	    0.01	    0.00	    0.00	    0.02	    0.00	    0.01	    0.02	    0.03	    0.24	  309.39	  996.47	    0.00	    0.00	 1370.64	  405.02	    0.07	   91.14	    0.00	  143.37	    0.13	    0.06	 1258.34	 3302.55	    0.00
23	12	    0.00	    0.00	    0.00	    0.00	    0.00	    0.00	  340.84	    0.00	    0.00	    0.00	    0.00	    0.00	    0.00	  571.06	  689.41	  600.02	    0.05	  100.57	  295.46	 1099.85	 1203.72	 2499.99	 1902.10	 1800.21
23	20	  365.07	    0.06	   66.27	  200.32	    2.40	    0.03	    0.00	    0.00	    0.00	    0.00	  397.08	 1164.40	 3720.43	  399.59	    0.00	    0.00	    0.00	    0.00	    0.00	    0.00	    0.00	    0.00	  700.45	 3250.84
23	22	  434.84	    0.04	  133.71	    1.98	    0.39	    0.50	    0.24	    0.36	    0.00	    0.00	    0.05	  936.50	 2135.28	    0.00	    0.00	    0.60	    0.00	    0.12	    0.00	    0.82	 1496.64	    0.09	    0.00	 2648.95
