i	j	       1	       2	       3	       4	       5	       6	       7	       8	       9	      10	      11	      12	      13	      14	      15	      16	      17	      18	      19	      20	      21	      22	      23	      24
1	2	 2599.70	    0.00	  246.16	  199.98	   10.93	    0.00	    0.01	    0.02	   21.86	   66.04	  199.98	  461.00	  493.44	   99.99	   12.22	    0.02	    0.07	    0.00	    0.20	    0.02	    0.01	    0.09	    3.20	   24.73
1	3	 6200.30	 1145.46	    0.00	    0.00	    0.00	  238.70	   29.59	  396.65	    0.00	    0.00	    0.00	    0.00	    0.00	    0.00	    0.00	    5.07	    0.00	    0.14	    0.00	    0.00	    0.00	    0.00	    0.00	    0.00
2	1	    0.00	 1245.46	    0.00	    0.00	    0.00	  538.70	  529.55	 1196.62	    0.00	    0.00	    0.00	    0.00	    0.00	    0.00	    0.00	  504.88	    0.46	  100.13	    0.03	  299.95	    0.00	    0.00	    0.00	    0.00
2	6	 2499.70	 2754.54	  146.16	    0.00	    0.00	    0.00	    0.00	    0.00	    0.00	    0.00	    0.00	  361.00	  193.44	    0.00	    0.00	    0.00	    0.00	    0.00	    0.00	    0.01	    0.01	    0.01	    3.20	   24.73
3	1	    0.00	    0.00	  346.16	  699.98	  210.93	    0.00	    0.05	    0.05	  521.86	 1366.04	  699.98	  661.00	  993.44	  399.99	  512.22	    0.20	  399.61	    0.01	  300.17	    0.06	  100.01	  400.09	  303.20	  124.73
3	4	 4498.77	  644.91	 1953.38	    0.00	    0.00	    0.04	    0.00	    0.00	    0.00	    0.00	    0.00	 3286.54	 2582.48	    0.00	    0.00	    0.00	    0.00	    0.00	    0.00	    0.05	  299.84	    4.78	   73.14	  475.12
3	12	 1601.54	  400.55	  500.46	 1757.63	  530.49	  532.50	    6.14	 1200.00	 1399.70	  768.39	    0.85	    0.00	    0.00	    0.33	   73.95	  264.80	  216.72	    0.26	   31.69	    0.02	    0.00	    0.00	    0.00	    0.00
4	3	    0.00	    0.00	    0.00	 2657.61	  841.42	  593.85	   76.58	 1003.40	 2021.57	 2434.18	 1000.61	    0.00	    0.00	  500.16	  686.03	  459.88	  716.25	    0.13	  331.82	    0.04	    0.03	    0.18	    0.12	    0.00
4	5	 3169.08	  142.23	 1348.92	 6634.74	    0.00	    0.00	    0.01	    0.00	    0.00	    0.23	 1679.19	 2684.72	 1981.01	  283.95	    0.17	    0.00	    0.04	    0.00	    0.12	    0.00	   99.94	    0.47	  198.08	  275.17
4	11	  829.69	  302.72	  404.47	 2307.65	  669.49	  567.44	  378.54	  605.90	   59.47	    0.16	    0.00	    1.82	    1.47	    0.06	    0.06	    0.11	    0.04	  139.32	    0.02	    0.02	    0.02	    0.04	    0.05	    0.02
5	4	    0.00	    0.05	    0.00	    0.00	 2010.91	 1561.25	  855.11	 2309.29	 2781.04	 3628.09	    0.00	    0.00	    0.00	    0.08	 1149.67	 1259.83	 1214.19	  239.44	  516.00	  299.92	    0.03	  358.22	    0.00	    0.00
5	6	    0.00	    0.00	  450.23	 1861.25	 1068.45	    0.00	    0.02	    0.03	  578.14	 1333.83	 1134.74	 1123.19	  599.66	  182.90	  287.76	    0.04	    0.15	    0.00	    1.22	    0.01	    0.00	    0.00	   96.81	   75.27
5	9	 2969.08	  897.17	  798.69	 4273.49	 3020.64	 1400.73	    0.15	    0.21	    0.00	    0.00	   44.46	 1361.53	 1181.35	    1.05	    0.00	    0.06	    0.00	    0.01	    0.00	    0.02	    0.00	    0.00	    1.27	  199.91
6	2	    0.00	    0.00	    0.00	    0.02	   89.07	  938.70	  729.53	 1596.60	  178.14	  533.96	    0.02	    0.00	    0.00	    0.01	   87.78	  904.86	  200.39	  100.13	   99.83	  399.95	    0.00	   99.93	    0.00	    0.00
6	5	    0.00	  854.98	    0.00	    0.00	    0.00	 3161.98	 1050.58	 2797.51	    0.00	    0.00	    0.00	    0.00	    0.00	    0.00	    0.00	  306.36	    0.07	  238.63	    0.03	  397.53	    0.00	    0.00	    0.00	    0.00
6	8	 2199.70	 1499.56	  296.39	 1461.23	  779.38	 3499.32	    0.00	    0.00	    0.00	    0.00	  734.72	 1284.19	  593.09	   82.89	    0.00	    0.00	    0.00	    0.00	    0.00	    0.00	    0.00	    0.00	    0.01	    0.01
7	8	    0.00	    0.00	    0.00	    0.00	    0.00	    0.00	 8197.63	    0.00	    0.00	    0.00	    0.00	    0.00	    0.00	  101.59	  271.19	    0.66	    0.20	 2142.29	  998.52	 4199.82	 1099.57	  801.20	  300.06	  499.46
7	18	  399.98	  299.76	    0.00	  399.97	  100.02	  899.79	 3902.37	 4300.05	 1094.14	    1.02	    0.16	    0.22	    0.00	    0.00	    0.00	    0.00	    0.00	    0.00	    0.00	    0.00	    0.00	    0.00	    0.00	    0.00
8	6	    0.00	    0.00	    0.00	    0.00	    0.00	    0.00	 2180.10	 5194.08	    0.00	    0.13	    0.00	    0.00	    0.00	    0.00	    0.03	 2111.18	  700.31	  438.76	  298.64	 1097.46	   99.98	  299.91	    0.00	    0.01
8	7	  899.98	  499.76	  100.00	  799.97	  300.02	 1299.79	    0.00	 5300.05	 1694.07	 1352.51	  441.40	  700.06	    0.29	    0.00	    0.00	    0.00	    0.04	    0.00	    0.00	    0.00	    0.00	    0.00	    0.00	    0.00
8	9	    0.00	    0.00	    0.00	    0.00	    0.00	    0.00	 2624.91	 2605.99	    0.00	    0.00	    0.00	    0.00	    0.00	    0.00	    0.00	    0.57	    0.00	  902.84	    0.00	  602.43	    0.33	    0.00	    0.00	    0.00
8	16	  499.79	  599.84	    0.13	    0.55	    0.33	 1399.61	 2392.62	 3599.88	    0.55	    0.18	    0.20	    0.36	    0.31	    0.03	    0.05	    0.00	    0.11	  500.69	    0.05	 1599.94	  599.26	    1.28	    0.07	  299.45
9	5	    0.00	    0.00	    0.00	    0.00	    0.00	    0.00	    4.68	   12.02	 4159.18	 5961.69	    0.00	    0.00	    0.00	    0.09	 1637.25	 1453.56	 1414.23	    0.82	  617.07	    2.43	    0.10	  557.75	    0.00	    0.00
9	8	    0.08	    0.04	    3.74	   39.29	   20.97	    0.09	    0.00	    0.00	 2494.62	 2952.38	  506.80	   16.23	    7.51	  215.47	  328.80	    0.00	    0.26	    0.00	    0.02	    0.00	    0.00	    0.00	    0.00	    0.00
9	10	 2469.00	  697.13	  694.94	 3534.20	 2199.67	 1000.64	 2020.40	 1794.18	 9546.20	    0.00	    0.00	  745.35	  573.90	    0.00	    0.00	    0.29	    0.00	  702.03	    0.00	    0.17	    0.07	    0.00	    0.00	    0.00
10	9	    0.00	    0.00	    0.00	    0.00	    0.00	    0.00	    0.02	    0.00	    0.00	11714.07	 1862.35	    0.05	    0.05	  814.50	 2966.05	 2853.23	 2314.49	    0.01	 1017.09	    0.15	  299.84	 1257.75	  498.73	    0.09
10	11	    0.00	    0.00	    0.00	    0.00	    0.00	    0.00	  120.76	  194.10	 1700.61	 8470.40	    0.00	    0.00	    0.00	    0.00	 1276.72	 2435.26	 1885.41	   45.86	  420.90	  350.20	    1.36	  537.23	    0.00	    0.00
10	15	  775.29	   97.85	   96.91	 1043.40	  500.00	  200.24	    0.02	    0.05	 2745.91	15467.19	 1959.77	  654.42	    7.73	    0.00	    0.00	    0.00	    0.67	    0.00	    0.00	    0.00	    0.00	    0.00	    0.00	    0.00
10	16	    0.35	    0.15	  199.89	  799.60	  499.73	    0.35	    0.12	    0.26	 1399.79	 5647.49	 1558.36	  699.91	  599.78	  160.31	   45.64	    0.00	    0.11	    0.09	    0.34	    0.29	    0.11	   44.83	   40.94	    0.16
10	17	  399.87	    0.07	   99.97	  499.85	  199.95	    0.13	    0.12	    0.18	  899.89	 3900.85	 1000.21	  599.81	  499.84	    0.88	    0.15	    0.11	    0.00	    0.06	    0.17	    0.18	    0.06	    0.17	    0.21	    0.11
11	4	    0.00	    0.00	    0.00	    0.00	    0.00	    0.00	    0.02	    0.00	    0.00	    6.49	 4179.81	    0.00	    0.00	 1284.08	   36.60	    0.16	    2.14	    0.00	   15.96	    0.09	    0.12	   37.70	  625.11	    0.08
11	10	    6.51	    0.90	    1.83	    8.65	    0.00	    0.00	    0.00	    0.00	    0.00	    0.00	10280.69	 3208.85	 2433.51	 1412.94	    0.00	    0.00	    0.00	    0.00	    0.00	    0.00	    0.00	    0.00	  389.06	   68.19
11	12	    0.00	    0.00	    0.00	    0.00	    0.00	    0.00	    0.00	    0.00	    0.11	 3131.86	 2399.87	    0.00	    0.00	  706.82	  632.17	 1035.21	  883.31	    0.00	  270.92	    0.00	    0.00	    0.00	    0.00	    0.00
11	14	  324.60	  102.21	  103.06	  899.06	  169.51	  167.51	    0.00	    0.00	  359.97	 1332.21	 5439.63	 1045.33	    5.74	    0.00	    0.00	    0.00	    0.00	    0.00	    0.00	    0.00	    0.00	    0.00	    0.00	    0.00
12	3	    0.00	    0.00	    0.00	    0.00	    0.00	    0.00	    0.03	    0.00	    0.00	    0.25	    0.21	 4147.54	 3675.92	    0.17	    0.13	    0.06	    0.08	    0.00	    0.05	    0.10	  399.82	  504.68	  476.22	  599.85
12	11	    1.42	    0.38	    0.43	    0.06	    0.02	    0.06	    0.00	    0.00	    0.00	    0.00	    0.00	 5652.36	 3437.78	    0.00	    0.00	    0.00	    0.00	    0.00	    0.00	    0.00	    0.50	    0.09	    0.00	    1.28
12	13	 1400.11	  300.17	  300.03	 1157.57	  330.48	  332.44	    0.39	  600.00	  799.81	 1900.00	 1000.51	 4100.10	    0.00	    7.63	    5.98	  599.96	  499.95	    0.01	    2.56	    0.00	    0.00	    0.00	    0.00	    0.00
13	12	    0.00	    0.00	    0.00	    0.00	    0.00	    0.00	  694.27	    0.00	    0.00	    0.00	    0.00	    0.00	 8413.70	    0.64	    0.00	    0.00	    0.00	  199.75	    0.00	  500.08	  700.32	 1204.77	 1176.22	 1101.13
13	24	  900.11	    0.17	  200.03	  557.57	  130.48	  132.44	    0.00	    0.00	  199.81	    0.00	    0.51	 2800.10	 6186.30	    0.00	    0.00	    0.00	    0.00	    0.00	    0.00	    0.00	    0.00	    0.00	    0.00	    0.00
14	11	    0.00	    0.00	    0.00	    0.00	    0.00	    0.00	    0.73	    0.00	    0.00	    0.00	    0.00	    0.00	    0.00	 5003.78	  791.99	    0.00	    0.00	   14.82	  265.95	  249.87	  398.24	  600.33	 2314.11	  666.95
14	15	   24.71	    2.25	    3.09	   30.73	    0.00	    0.00	    0.00	    0.00	    0.00	    0.00	 1154.88	  345.60	  165.95	 5592.51	    0.00	    0.00	    0.00	    0.00	    0.00	    0.00	    0.00	    0.00	 1559.81	  227.34
14	23	    0.00	    0.00	    0.00	  368.37	   69.54	   67.54	    0.00	    0.00	  227.00	  949.09	 2684.89	    0.00	    0.00	 3503.71	  498.47	    0.00	  258.47	    0.00	  157.38	    0.00	    0.00	    0.00	    0.00	    0.00
15	10	    0.00	    0.00	    0.00	    0.00	    0.00	    0.00	    0.42	    0.20	    0.00	    0.00	    0.00	    0.00	    0.00	 1662.75	 8288.55	    0.24	    0.00	   43.91	 3238.31	 2850.37	 1501.30	 4439.98	 1950.82	  732.17
15	14	    0.00	    0.00	    0.00	    0.02	    0.04	    0.03	  143.15	  285.79	  467.03	 1716.88	    0.08	    0.00	    0.00	    0.00	 2590.46	  699.86	  958.47	   79.67	  723.32	  532.03	    2.09	  770.91	    0.00	    0.00
15	19	  299.99	    0.11	    0.00	  200.04	  100.01	    0.25	    0.06	    0.11	  400.09	 4293.59	  952.68	  300.02	  300.07	 2139.85	 5519.79	    0.00	    0.29	    0.04	    0.00	    0.11	  998.98	 4053.72	 1358.78	  400.25
15	22	    0.00	    0.00	    0.00	  374.07	  199.95	    0.01	    0.00	    0.00	  978.78	 5456.73	  761.89	    0.00	    0.00	  489.99	 5001.19	    0.24	 2938.93	    0.00	 2139.56	    0.00	    0.00	    0.00	    0.00	    0.00
16	8	    0.00	    0.00	    0.00	    0.00	    0.00	    0.00	    0.00	    0.00	    0.00	    0.43	    0.08	    0.00	    0.00	    0.07	    0.08	 4311.10	 2100.01	    0.00	    0.15	    0.00	    0.00	    0.00	    0.00	    0.00
16	10	    0.00	    0.05	    0.00	    0.00	    0.00	    0.07	    0.22	    0.22	    0.00	    0.00	    0.00	    0.00	    0.00	    0.00	    0.00	 9687.90	    0.58	    0.08	    0.20	    0.28	    0.00	    0.00	    0.00	    0.00
16	17	    0.15	  199.95	    0.03	    0.18	    0.07	  499.92	  992.58	 1400.00	    0.32	    1.39	    0.32	    0.19	    0.11	    0.03	    0.00	 5999.95	    0.00	    0.72	    0.00	    0.43	    0.15	    0.00	    0.00	    0.00
16	18	    0.00	    0.00	    0.00	    0.00	    0.00	    0.00	    0.00	    0.00	    0.23	 1248.08	  158.74	    0.11	    0.00	    0.03	    0.06	 6101.05	 2992.49	    0.00	    0.06	    0.00	    0.00	    0.00	    0.00	    0.00
17	10	    0.00	    0.00	    0.00	    0.00	    0.00	    0.00	    0.00	    0.00	    0.00	    0.00	    0.00	    0.00	    0.00	    0.00	    0.00	    0.17	 8100.10	    0.00	    0.00	    0.00	    0.00	    0.00	    0.00	    0.00
17	16	    0.02	    0.01	    0.01	    0.03	    0.02	    0.03	    0.05	    0.07	    0.21	    2.23	    0.57	    0.02	    0.02	  539.80	 1154.46	    0.00	 7892.86	    0.02	 1300.01	    0.48	    0.79	 1153.89	  458.99	    0.39
17	19	    0.03	    0.02	    0.00	    0.02	    0.01	    0.04	    0.00	    0.15	    0.04	    0.16	    0.00	    0.00	    0.00	    0.00	    0.00	 3199.89	 7407.04	    0.00	    0.00	    0.00	    0.00	    0.00	    0.00	    0.00
18	7	    0.00	    0.00	    0.00	    0.00	    0.00	    0.00	    0.00	    0.00	    0.07	  548.52	   58.76	    0.16	  399.71	  301.59	  771.19	 1400.66	 1000.16	 2342.29	 1398.52	 4699.82	 1299.57	 1301.20	  500.06	  599.46
18	16	    0.00	    0.00	    0.00	    0.00	    0.00	    0.00	    0.00	    0.00	    0.00	    0.00	    0.00	    0.00	    0.00	    0.00	    0.00	    0.00	    0.00	    0.00	    0.00	    0.00	    0.00	    0.00	    0.00	    0.00
18	20	  299.98	  299.76	    0.00	  299.97	  100.02	  799.79	 3702.37	 4000.05	  894.33	    0.78	    0.16	    0.00	    0.00	    0.00	    0.00	 4200.40	 1393.12	 2457.71	    0.00	    0.00	    0.00	    0.00	    0.00	    0.00
19	15	    0.00	    0.01	    0.00	    0.00	    0.00	    0.05	  583.08	  806.12	    0.00	    0.00	    0.00	    0.00	    0.00	    0.00	    0.00	 1900.29	 5397.02	  296.49	 6901.19	 4046.39	    0.00	    0.00	    0.00	    0.00
19	17	    0.02	    0.01	    0.00	    0.02	    0.01	    0.02	    7.35	    0.06	    0.04	    0.15	    0.04	    0.02	    0.07	 1238.89	 2654.31	    0.00	    0.00	  599.24	 2999.85	 1699.87	  600.57	 2853.72	 1058.78	  300.28
19	20	    0.02	    0.00	    0.00	    0.04	    0.02	    0.02	    0.00	    0.00	    0.09	 2493.60	  552.64	    0.00	    0.00	  600.97	 2065.48	    0.00	  310.31	    0.00	 2898.96	    0.00	    0.00	    0.00	    0.00	    0.00
20	18	    0.00	    0.00	    0.00	    0.00	    0.00	    0.00	    0.00	    0.00	    0.03	    0.20	    0.02	  199.83	  499.71	  401.57	  971.13	    0.00	    0.78	    0.00	 1698.46	 5099.82	 1399.57	 1601.20	  600.06	  599.46
20	19	    0.01	   99.89	    0.00	    0.00	    0.00	  199.81	  990.38	 1505.91	    0.00	    0.00	    0.00	    0.00	    0.00	    0.00	    0.00	    0.40	    0.00	 1195.69	    0.00	 6946.15	    1.59	    0.00	    0.00	    0.04
20	21	    0.00	    0.01	    0.00	    0.01	    0.00	  100.03	 1395.12	  602.14	  294.39	    0.16	    0.02	    0.01	    0.02	    0.02	    0.03	  901.76	    2.65	  400.41	    0.49	 2703.74	    0.00	    0.07	    0.03	    0.02
20	22	    0.00	   99.86	    0.00	    0.02	    0.03	  199.98	  816.87	  992.00	    0.06	    0.21	    0.04	    0.00	    0.00	    0.00	    0.16	 1698.23	    0.11	  461.61	    0.08	 3750.29	    0.21	    0.00	    0.00	    0.00
21	20	    0.01	    0.00	    0.00	    0.01	    0.00	    0.00	    0.00	    0.00	    0.00	    0.00	    0.02	  599.82	 1099.68	    0.24	    0.00	    0.00	    0.00	    0.00	    0.00	    0.00	 2601.36	    0.15	    0.85	  999.45
21	22	  264.12	    0.13	   66.03	    4.70	    0.02	    0.03	    0.25	    0.30	    0.00	    0.00	    0.00	  462.21	 1460.36	    0.00	    0.00	    0.31	    0.00	    0.19	    0.00	    1.21	 5106.16	    0.00	    0.00	 1683.66
21	24	    0.00	    0.00	    0.00	    0.00	    0.00	    0.02	 1195.01	  201.90	    0.02	  457.13	    0.00	    0.00	    0.00	    0.00	  645.75	  301.62	  176.81	  300.27	  234.70	 1502.84	 3292.47	 2274.18	    0.00	    0.00
22	15	    0.00	    0.00	    0.00	    0.00	    0.00	    0.00	   60.53	   79.93	    0.00	    0.00	    0.00	    0.00	  826.39	    0.08	    0.00	    0.05	    0.00	   27.12	    0.00	  436.12	 3302.37	11864.62	 2749.79	 1305.08
22	20	    0.00	    0.00	    0.00	    0.00	    0.00	    0.00	    0.00	    0.00	    0.05	    6.19	   47.26	    0.03	    0.05	  300.38	    5.84	    0.00	    0.11	    0.00	    0.06	    0.00	    0.00	 4001.12	 1299.24	    0.06
22	21	    0.00	    0.00	    0.00	    0.00	    0.01	    0.01	    0.14	    0.06	    5.64	 1656.96	    2.30	    0.00	    0.00	    0.86	 1445.72	    0.17	  774.16	    0.04	  634.21	    0.30	    0.00	 4074.26	    0.76	    0.00
22	23	    0.00	    0.00	    0.00	    0.00	    0.00	    0.01	  256.45	  412.31	  273.16	 1193.78	    0.00	    0.00	    0.00	    0.00	  949.79	  498.56	  464.77	  134.63	  305.37	  915.07	    4.00	 4460.01	    0.00	    0.00
23	14	    0.10	    0.03	    0.03	    0.02	    0.00	    0.00	   57.58	  114.21	    0.00	    0.00	    0.06	    0.27	  760.21	    0.00	    0.00	    0.14	    0.00	   35.15	    0.01	  217.83	  796.15	 1029.42	 4973.93	 1294.30
23	22	  135.88	    0.01	   33.97	   21.21	    0.02	    0.00	    0.00	    0.00	    0.00	    0.00	  387.63	  237.82	  666.09	 1011.33	    0.00	    0.00	    0.00	    0.00	    0.00	    0.00	    0.00	    0.00	 6149.79	  721.48
23	24	    0.00	    0.00	    0.00	    0.00	    0.00	    0.00	    0.11	    0.18	    0.16	  342.87	  997.38	    0.00	    0.00	 1392.38	  448.26	    0.30	  123.24	    0.09	  162.74	    1.38	    0.41	 1330.87	 3376.29	    0.00
24	13	    0.00	    0.00	    0.00	    0.00	    0.00	    0.00	 1093.89	    0.00	    0.00	    0.00	    0.00	    0.00	    0.00	  593.01	  694.02	    0.04	    0.05	  299.74	  297.44	 1100.08	 1300.32	 2504.77	 1976.22	 1801.13
24	21	  364.13	    0.12	   66.03	  204.71	  100.00	    0.00	    0.00	    0.00	    0.00	    0.00	  397.71	 1362.01	 3160.01	  399.36	    0.00	    0.00	    0.00	    0.00	    0.00	    0.00	    0.00	    0.00	  700.06	 3183.10
24	23	  435.99	    0.05	  134.00	  152.86	   30.48	   32.45	    1.23	    2.09	    0.00	    0.00	    0.18	  938.09	 2226.29	    0.00	    0.00	    1.88	    0.00	    0.62	    0.00	    4.15	 1492.56	    0.28	    0.00	 2715.77
