i	j	       0	       1	       2	       3	       4	       5	       6	       7	       8	       9	      10	      11	      12	      13	      14	      15	      16	      17	      18	      19	      20	      21	      22	      23
0	1	 2600.54	    0.00	  269.67	  199.98	   13.79	    0.00	    0.01	    0.02	   27.57	   82.75	  200.00	  496.15	  467.09	  100.00	   13.69	    0.02	    0.02	    0.00	    0.01	    0.00	    0.00	    0.04	    0.04	   26.88
0	2	 6199.46	 1190.44	    0.00	    0.00	    0.00	  235.02	  134.13	  233.90	    0.00	    0.00	    0.00	    0.00	    0.00	    0.00	    0.00	   92.06	    0.00	   33.22	    0.00	    0.02	    0.00	    0.00	    0.00	    0.00
1	0	    0.00	 1290.44	    0.00	    0.00	    0.00	  535.02	  634.11	 1033.87	    0.00	    0.00	    0.00	    0.00	    0.00	    0.00	    0.00	  592.00	    0.46	  133.22	    0.02	  299.99	    0.00	    0.00	    0.00	    0.00
1	5	 2500.54	 2709.56	  169.67	    0.00	    0.00	    0.00	    0.00	    0.00	    0.00	    0.00	    0.02	  396.15	  167.09	    0.01	    0.00	    0.00	    0.00	    0.00	    0.00	    0.00	    0.00	    0.00	    0.04	   26.88
2	0	    0.00	    0.00	  369.67	  699.98	  213.79	    0.00	    0.03	    0.05	  527.57	 1382.75	  700.00	  696.15	  967.09	  400.00	  513.69	    0.07	  399.56	    0.00	  299.98	    0.04	  100.00	  400.04	  300.04	  126.88
2	3	 4499.28	  690.31	 1930.23	    0.00	    0.00	    0.07	    0.00	    0.00	    0.00	    0.00	    0.09	 3721.95	 2497.58	    0.11	    0.00	    0.00	    0.00	    0.00	    0.00	    0.00	  203.21	    0.37	    1.82	  472.62
2	11	 1600.18	  400.13	  500.10	 1601.74	  403.34	  500.33	  772.16	 1200.00	 1399.54	  664.45	    0.52	    0.00	    0.00	    0.19	   46.66	  536.97	  187.27	  199.44	   20.00	    0.12	    0.00	    0.00	    0.00	    0.00
3	2	    0.00	    0.00	    0.00	 2501.72	  717.13	  565.38	  738.05	 1166.15	 2027.11	 2347.20	 1000.21	    0.00	    0.00	  499.98	  660.31	  644.98	  686.83	  166.22	  319.98	    0.11	    0.00	    0.04	    0.03	    0.00
3	4	 3198.62	  190.35	 1330.21	 6698.76	    0.00	    0.00	    0.00	    0.00	    0.00	    0.07	  905.72	 3121.63	 1897.32	  200.03	    0.01	    0.00	    0.03	    0.00	    0.00	    0.00	    3.30	    0.04	  199.89	  272.62
3	10	  800.66	  300.00	  400.02	 2399.51	  699.70	  599.66	    0.75	    7.07	    0.96	    0.15	    0.00	    0.32	    0.26	    0.06	    0.05	    0.24	    0.04	    0.03	    0.02	    0.02	    0.02	    0.04	    0.05	    0.02
4	3	    0.00	    0.04	    0.00	    0.00	 1916.83	 1564.98	 1138.80	 1873.21	 2728.08	 3546.54	    0.00	    0.00	    0.00	    0.00	 1158.59	 1445.22	 1186.82	  266.26	  519.25	  300.13	    0.03	  398.68	    0.00	    0.00
4	5	    0.00	    0.00	  543.37	 1988.63	 1319.61	    0.00	    0.02	    0.03	  572.43	 1317.14	  404.95	 1494.05	  596.46	  100.03	  285.77	    0.03	    0.09	    0.00	    0.08	    0.01	    0.01	    0.02	   99.89	   73.11
4	8	 2998.62	  899.95	  686.84	 4210.14	 2863.56	 1400.05	    0.03	    0.11	    0.00	    0.00	    0.76	 1427.57	 1100.86	    0.00	    0.00	    0.06	    0.00	    0.01	    0.00	    0.03	    0.00	    0.00	    0.00	  199.51
5	1	    0.00	    0.00	    0.00	    0.02	   86.21	  935.02	  834.10	 1433.85	  172.43	  517.25	    0.02	    0.00	    0.00	    0.01	   86.31	  991.99	  200.44	  133.22	  100.02	  399.98	    0.00	   99.96	    0.00	    0.00
5	4	    0.00	  809.64	    0.00	    0.00	    0.00	 3165.03	 1034.82	 1819.71	    0.00	    0.00	    0.00	    0.00	    0.00	    0.00	    0.00	 1464.70	    0.39	  204.26	    0.02	  305.83	    0.01	    0.00	    0.00	    0.00
5	7	 2200.54	 1499.92	  413.04	 1588.61	 1033.40	 3499.96	    0.00	    0.00	    0.00	    0.00	    4.95	 1690.21	  563.55	    0.03	    0.00	    0.00	    0.00	    0.00	    0.00	    0.00	    0.00	    0.00	    0.00	    0.00
6	7	    0.00	    0.00	    0.00	    0.00	    0.00	    0.00	 4179.16	    0.00	    0.00	    0.12	    0.00	    0.00	    0.00	  399.81	  600.23	  385.35	  137.95	  999.50	  999.51	 2599.43	  500.00	  799.91	  300.06	  200.00
6	17	  430.40	  336.18	    7.94	  431.14	  119.57	  984.62	 7920.84	 4516.62	  829.87	    0.20	    0.18	  217.60	    0.21	    0.00	    0.00	    0.00	    0.02	    0.00	    0.00	    0.00	    0.00	    0.00	    0.00	    0.00
7	5	    0.00	    0.00	    0.00	    0.00	    0.00	    0.00	 2268.90	 4053.53	    0.00	    0.12	    0.00	    0.00	    0.00	    0.00	    0.54	 3356.65	  700.74	  437.48	  299.96	 1005.80	  100.00	  299.94	    0.08	    0.01
7	6	  930.40	  536.18	  107.94	  831.14	  319.57	 1384.62	    0.00	 5516.62	 1429.77	    3.27	    0.96	  917.60	   61.95	    0.00	    0.00	    0.00	    0.10	    0.00	    0.00	    0.00	    0.00	    0.00	    0.00	    0.00
7	8	    0.00	    0.00	    0.00	    0.00	    0.00	    0.00	  910.26	 3745.38	    0.00	    0.00	    0.00	    0.00	    0.00	    0.00	    0.00	 1271.22	    0.00	  262.08	    0.00	  693.77	    0.03	    0.00	    0.00	    0.00
7	15	  470.21	  563.78	  175.07	  694.49	  434.02	 1315.42	    0.00	 3384.47	  886.66	    0.00	    0.12	  463.74	    0.16	    0.00	    0.00	    0.00	    0.00	    0.00	    0.00	    0.00	    0.00	    0.00	    0.00	    0.00
8	4	    0.00	    0.00	    0.00	    0.00	    0.00	    0.00	  304.03	  553.64	 4100.50	 5863.60	    0.00	    0.00	    0.00	    0.00	 1644.35	  480.61	 1386.49	   62.01	  619.30	   94.34	   96.73	  598.67	    0.00	    0.00
8	7	    0.07	    0.04	   69.97	  637.03	  220.18	    0.08	    0.00	    0.00	 3116.43	 1603.02	  796.13	  291.14	   98.56	    0.02	    0.00	    0.00	    0.21	    0.00	    0.00	    0.00	    0.00	    0.00	    0.00	    0.00
8	9	 2498.55	  699.91	  516.87	 2873.11	 1843.38	  999.96	    6.43	 2391.84	 8983.07	    0.00	    0.00	  536.49	  402.36	    0.00	    0.00	    0.61	    0.00	    0.30	    0.00	    0.21	    0.00	    0.00	    0.00	    0.00
9	8	    0.00	    0.00	    0.00	    0.00	    0.00	    0.00	    0.17	    0.00	    0.00	10266.62	 2195.36	    0.05	    0.05	  600.03	 2644.35	  609.94	 2286.71	    0.22	 1019.30	    0.77	  396.70	 1298.67	  500.00	    0.49
9	10	    0.00	    0.00	    0.00	    0.00	    0.00	    0.00	  499.43	  792.93	 1714.76	 8392.79	    0.00	    0.00	    0.00	    0.00	 1303.66	 1562.29	 1912.50	  200.07	  431.14	  429.94	    1.55	  486.78	    0.00	    0.00
9	14	  799.24	   99.98	   99.91	 1098.91	  596.92	  199.99	    0.00	    0.00	 3084.80	14601.69	 1890.04	  648.88	    7.11	    0.00	    0.00	    0.00	    0.75	    0.00	    0.00	    0.00	    0.00	    0.00	    0.00	    0.00
9	15	    0.00	    0.00	   17.02	   74.50	   46.53	    0.00	    0.00	    0.00	  483.66	 8038.18	 2168.63	  217.44	    0.05	    0.00	    0.00	    0.00	    0.00	    0.00	    0.00	    0.00	    0.00	    0.00	    0.00	    0.00
9	16	  399.40	    0.02	   99.96	  499.81	  199.92	    0.04	    0.08	    0.11	  899.86	 3900.72	  999.97	  599.85	  499.81	    0.05	    0.12	    0.11	    0.00	    0.05	    0.07	    0.13	    0.05	    0.13	    0.05	    0.02
10	3	    0.00	    0.00	    0.00	    0.00	    0.00	    0.00	    0.00	    0.00	    0.00	    0.89	 3405.84	    0.00	    0.00	 1199.97	    1.78	    0.00	    0.08	    0.00	    0.75	    0.00	    0.08	    1.07	  698.15	    0.03
10	9	    0.10	    0.04	    0.02	    0.10	    0.00	    0.00	    0.00	    0.00	    0.00	    0.00	11154.00	 2929.74	 2004.66	 1113.27	    0.00	    0.00	    0.00	    0.00	    0.00	    0.00	    0.00	    0.00	  347.97	   51.80
10	11	    0.00	    0.00	    0.00	    0.00	    0.00	    0.00	    0.18	    0.00	    0.10	 3235.55	 2400.28	    0.00	    0.00	  715.86	  658.94	  162.53	  912.55	    0.11	  282.17	    0.00	    0.00	    0.00	    0.00	    0.00
10	13	  300.79	  100.05	  100.11	  999.49	  199.72	  199.68	    0.00	    0.00	  315.62	 1156.50	 5339.88	 1050.67	   18.52	    0.00	    0.00	    0.00	    0.00	    0.00	    0.00	    0.00	    0.00	    0.00	    0.00	    0.00
11	2	    0.00	    0.00	    0.00	    0.00	    0.00	    0.00	    0.00	    0.00	    0.00	    0.00	    0.40	 4618.10	 3564.68	    0.32	    0.05	    0.00	    0.00	    0.00	    0.00	    0.02	  303.21	  500.37	  401.82	  599.49
11	10	    0.23	    0.09	    0.12	    0.08	    0.02	    0.02	    0.00	    0.00	    0.00	    0.00	    0.00	 5380.09	 3022.92	    0.00	    0.00	    0.00	    0.00	    0.00	    0.00	    0.00	    0.13	    0.00	    0.00	    0.20
11	12	 1399.95	  300.04	  299.99	 1001.66	  203.32	  300.32	   72.33	  600.00	  799.64	 1900.00	 1000.40	 3901.81	    0.00	   16.28	    5.75	    0.46	  499.82	    0.02	    2.25	    0.00	    0.00	    0.00	    0.00	    0.00
12	11	    0.00	    0.00	    0.00	    0.00	    0.00	    0.00	    0.00	    0.00	    0.00	    0.00	    0.00	    0.00	 7887.59	    0.55	    0.19	    0.96	    0.00	    0.48	    0.08	  499.91	  603.34	 1200.37	 1101.82	 1099.69
12	23	  899.95	    0.04	  199.99	  401.66	    3.32	  100.32	    0.00	    0.00	  199.64	    0.00	    0.40	 2601.81	 6712.41	    0.00	    0.00	    0.00	    0.00	    0.00	    0.00	    0.00	    0.00	    0.00	    0.00	    0.00
13	10	    0.00	    0.00	    0.00	    0.00	    0.00	    0.00	    0.00	    0.00	    0.00	    0.00	    0.00	    0.00	    0.00	 4629.03	  757.01	    0.00	    0.09	    0.00	  251.76	  170.04	  398.39	  614.25	 2346.07	  651.61
13	14	    0.78	    0.05	    0.10	    0.84	    0.04	    0.01	    0.00	    0.00	    0.00	    0.00	 1048.88	  351.16	   94.57	 6246.30	    0.00	    0.00	    0.00	    0.00	    0.00	    0.00	    0.00	    0.00	 1171.07	  124.14
13	22	    0.03	    0.00	    0.02	  498.67	   99.68	   99.67	    0.00	    0.00	  191.38	  792.23	 2691.06	    0.00	    0.00	 3224.66	  439.96	    0.00	  221.62	    0.00	  137.69	    0.00	    0.00	    0.00	    0.00	    0.00
14	9	    0.00	    0.00	    0.00	    0.00	    0.00	    0.00	    0.00	    0.00	    0.00	    0.00	    0.00	    0.00	    0.00	 1586.81	 7948.12	    0.28	    0.66	    0.05	 3250.33	 1723.46	 1598.30	 4385.58	 1952.07	  748.71
14	13	    0.00	    0.00	    0.00	    0.00	    0.00	    0.00	  199.75	  399.49	  475.76	 1735.73	    0.06	    0.00	    0.00	    0.00	 2496.97	  699.73	  921.71	   99.87	  689.44	  668.69	    0.29	  692.12	    0.00	    0.00
14	18	  300.02	    0.05	    0.01	  200.06	  100.02	    0.05	    0.02	    0.03	  400.12	 3258.23	  830.24	  300.04	  283.66	 2897.84	 5900.29	    0.05	    0.39	    0.01	    0.00	    0.05	  556.49	 2899.92	  899.98	  259.48
14	21	    0.00	    0.00	    0.00	  399.69	  296.94	    0.00	    0.00	    0.00	 1308.92	 5607.73	  708.63	    0.00	    0.00	  461.65	 5054.61	    0.22	 2485.33	    0.00	 2079.47	    0.00	    0.00	    0.00	    0.00	    0.00
15	7	    0.00	    0.00	    0.00	    0.00	    0.00	    0.00	    0.00	    0.00	    0.00	    0.25	    0.00	    0.00	    0.00	    0.13	    0.31	 6442.52	 1962.68	    0.06	    0.45	    0.14	    0.02	    0.03	    0.01	    0.01
15	9	    0.00	    0.05	    0.00	    0.00	    0.00	    0.07	 2393.05	    1.20	    0.00	    0.00	    0.00	    0.00	    0.00	    0.00	    0.00	 6570.11	    0.53	  899.78	    0.18	 1207.01	    0.00	    0.00	    0.00	    0.00
15	16	    0.59	  200.09	    0.03	    0.17	    0.07	  500.17	 1000.46	 1401.26	    0.11	    0.47	    0.08	    0.10	    0.11	    0.00	    0.00	 5964.77	    0.00	  600.35	    0.00	 1539.81	  351.37	    0.00	    0.00	  128.28
15	17	    0.02	    0.00	    0.00	    0.06	    0.00	    0.03	    0.00	    0.16	    0.26	 3639.14	  768.97	    0.04	    0.00	    0.02	    0.12	 7122.60	 3752.41	    0.00	    0.12	    0.00	    0.00	    0.00	    0.00	    0.00
16	9	    0.00	    0.00	    0.00	    0.00	    0.00	    0.00	    0.20	    0.00	    0.00	    0.00	    0.00	    0.00	    0.00	    0.00	    0.00	    1.35	 8098.77	    0.21	    0.00	    0.15	    0.00	    0.00	    0.00	    0.00
16	15	    0.00	    0.00	    0.00	    0.00	    0.00	    0.00	    0.00	    0.00	    0.00	    1.33	    0.13	    0.00	    0.00	  691.18	 1185.29	    0.00	 8515.52	    0.00	 1284.43	    0.00	    0.05	    0.10	    0.04	    0.02
16	18	    0.02	    0.10	    0.00	    0.02	    0.01	    0.21	    0.34	    1.37	    0.03	    0.15	    0.00	    0.00	    0.00	    0.00	    0.00	 3163.53	 6785.71	    0.19	    0.00	    0.00	    0.00	    0.00	    0.00	    0.00
17	6	    0.00	    0.00	    0.00	    0.00	    0.00	    0.00	    0.00	    0.00	    0.09	 1897.05	  499.21	    0.00	  338.26	  599.81	 1100.23	 1785.35	 1137.87	 1199.50	 1399.51	 3099.43	  700.00	 1299.91	  500.06	  300.00
17	15	   30.40	   36.36	    7.94	   31.24	   19.53	   84.84	 4793.51	  218.15	   30.05	    0.35	    0.17	   18.96	  599.91	    8.97	   15.14	    0.00	    0.11	 2000.18	   16.32	 4346.96	  951.34	 1199.93	  499.97	  428.27
17	19	  300.02	  299.82	    0.00	  299.96	  100.04	  799.81	 2927.33	 3998.63	  599.98	 1042.15	  169.85	    0.05	    0.05	    0.00	    0.00	 4837.25	 2014.59	 1600.32	    0.00	    0.00	    0.00	    0.00	    0.00	    0.00
18	14	    0.00	    0.02	    0.00	    0.00	    0.00	    0.05	  699.67	  999.41	    0.00	    0.00	    0.00	    0.00	    0.00	    0.00	    0.00	 1900.05	 4907.33	  299.89	 6819.24	 3491.39	    0.15	    0.37	    0.15	    0.07
18	16	    0.03	    0.00	    0.01	    0.04	    0.01	    0.00	    0.00	    0.00	    0.07	    0.29	    0.07	    0.04	    0.08	 1391.13	 2685.17	    0.00	    0.00	    0.00	 2984.37	  160.21	  248.63	 1699.97	  599.99	  171.72
18	19	    0.02	    0.00	    0.00	    0.03	    0.02	    0.02	    0.00	    0.00	    0.09	 1458.09	  430.16	    0.00	    0.00	 1206.73	 2415.12	    0.00	  178.77	    0.00	 2996.40	    0.00	    0.00	    0.00	    0.00	    0.00
19	17	    0.00	    0.00	    0.00	    0.00	    0.00	    0.00	    0.00	    0.00	    0.00	    0.20	    0.09	    1.37	 1038.00	  708.76	 1315.25	    0.00	    0.13	    0.00	 1715.71	 7846.39	 1751.34	 2799.84	 1100.04	  728.27
19	18	    0.00	   99.87	    0.00	    0.00	    0.00	  199.82	 1099.32	 1698.01	    0.00	    0.00	    0.00	    0.00	   16.42	    0.01	    0.00	   36.47	    0.00	  599.70	    0.00	 4851.55	   92.29	    0.41	    0.16	   12.30
19	20	    0.00	    0.00	    0.00	    0.01	    0.03	  100.01	  628.09	  600.57	    0.01	    0.05	    0.02	    0.01	    0.02	    0.02	    0.03	 1501.16	  493.03	  200.66	   80.78	 2700.90	    0.00	    0.07	    0.03	    0.02
19	21	    0.03	   99.96	    0.00	    0.02	    0.02	  200.01	  699.92	  800.05	    0.05	    0.20	    0.04	    0.00	    0.00	    0.00	    0.15	 1699.62	    0.26	  399.96	    0.07	 3101.16	    0.17	    0.00	    0.00	    0.00
20	19	    0.00	    0.00	    0.00	    0.00	    0.00	    0.00	    0.00	    0.00	    0.00	    0.10	    0.02	  401.20	 1653.91	    0.08	    0.16	    0.00	    0.07	    0.00	    0.17	    0.00	 3043.80	    0.57	    2.80	 1140.16
20	21	  263.93	    0.04	   65.98	    0.03	    0.00	    0.02	    0.09	    0.11	    0.00	    0.00	    0.00	  461.88	 1466.02	    0.00	    0.00	    0.24	    0.00	    0.05	    0.00	    0.56	 4756.25	    0.00	    0.00	 1602.08
20	23	    0.00	    0.00	    0.00	    0.00	    0.00	    0.02	  428.00	  200.46	    0.21	  484.23	    0.00	    0.00	    0.00	    0.00	  678.76	  900.99	  210.26	  100.60	  250.92	 1500.34	 3199.95	 2351.55	    0.00	    0.00
21	14	    0.00	    0.00	    0.00	    0.00	    0.00	    0.00	    0.09	    0.11	    0.00	    0.00	    0.00	    0.00	  881.98	    0.00	    0.00	    0.23	    0.00	    0.04	    0.00	    0.81	 2954.93	10577.25	 2680.83	 1283.99
21	19	    0.00	    0.00	    0.00	    0.03	    0.00	    0.00	    0.00	    0.00	    0.00	    0.11	    0.11	    0.13	    0.48	    1.98	    0.16	    0.00	    0.00	    0.00	    0.00	    0.00	    0.00	 5199.74	 1797.42	    0.43
21	20	    0.00	    0.00	    0.00	    0.00	   96.98	    0.00	    0.00	    0.00	  300.19	 1684.29	    2.54	    0.00	    0.00	    0.74	 1478.89	    0.07	  317.29	    0.00	  570.31	    0.00	    0.00	 4152.06	    1.30	    0.00
21	22	    0.00	    0.00	    0.00	    0.00	    0.00	    0.03	  199.92	  300.04	  308.79	 1323.53	    0.00	    0.00	    0.00	    0.00	  975.72	  499.78	  468.30	   99.98	  309.23	  700.91	    1.48	 4470.95	    0.00	    0.00
22	13	    0.01	    0.00	    0.00	    0.02	    0.00	    0.00	    0.25	    0.51	    0.00	    0.00	    0.00	    0.49	  676.05	    0.00	    0.00	    0.27	    0.00	    0.13	    0.01	    1.35	  798.09	 1122.13	 4617.14	 1175.75
22	21	  136.04	    0.01	   34.02	    0.29	    0.01	    0.00	    0.00	    0.00	    0.00	    0.00	  393.98	  238.25	  716.44	  741.08	    0.00	    0.00	    0.00	    0.00	    0.00	    0.00	    0.00	    0.00	 6579.56	  782.34
22	23	    0.00	    0.00	    0.00	    0.03	    0.00	    0.01	    0.07	    0.14	    0.17	  315.77	  997.12	    0.00	    0.00	 1383.59	  415.68	    0.52	   89.92	    0.05	  146.91	    0.96	    0.05	 1248.90	 3303.30	    0.00
23	12	    0.00	    0.00	    0.00	    0.00	    0.00	    0.00	  327.67	    0.00	    0.00	    0.00	    0.00	    0.00	    0.00	  584.27	  694.44	  600.50	    0.18	  100.45	  297.83	 1099.91	 1203.34	 2500.37	 1901.82	 1799.69
23	20	  363.93	    0.03	   65.98	  200.02	    2.99	    0.04	    0.00	    0.00	    0.01	    0.00	  397.47	 1163.06	 3719.91	  399.32	    0.00	    0.00	    0.00	    0.00	    0.00	    0.00	    0.00	    0.00	  701.47	 3242.22
23	22	  436.02	    0.01	  134.00	    1.67	    0.33	    0.31	    0.40	    0.61	    0.00	    0.00	    0.05	  938.75	 2192.49	    0.00	    0.00	    1.01	    0.00	    0.20	    0.00	    1.40	 1496.66	    0.08	    0.00	 2658.09
