i	j	o15d4l18
0	1	 4495.80
0	2	 8120.31
1	0	 4520.32
1	5	 5967.37
2	0	 8095.79
2	3	14020.31
2	11	10037.25
3	2	14043.80
3	4	18017.78
3	10	 5212.03
4	3	18043.94
4	5	 8797.44
4	8	15785.52
5	1	 5991.89
5	4	 8802.86
5	7	12493.23
6	7	12105.47
6	17	15798.75
7	5	12523.17
7	6	12044.05
7	8	 6883.88
7	15	 8383.43
8	4	15806.26
8	7	 6834.13
8	9	21750.57
9	8	21821.55
9	10	17724.35
9	14	23129.95
9	15	11046.20
9	16	 8100.07
10	3	 5309.36
10	9	17603.61
10	11	 8365.00
10	13	 9778.36
11	2	 9989.24
11	10	 8403.92
11	12	12302.05
12	11	12392.96
12	23	11119.98
13	10	 9816.03
13	14	 9037.54
13	22	 8397.57
14	9	23195.81
14	13	 9079.76
14	18	19085.97
14	21	18405.02
15	7	 8401.70
15	9	11071.58
15	16	11687.22
15	17	15288.83
16	9	 8100.56
16	15	11676.49
16	18	 9950.94
17	6	15860.17
17	15	15343.22
17	19	18991.15
18	14	19118.17
18	16	 9940.69
18	19	 8685.34
19	17	19006.96
19	18	 8707.30
19	20	 6303.83
19	21	 7002.47
20	19	 6242.55
20	21	 8616.01
20	23	10307.66
21	14	18380.89
21	19	 7001.52
21	20	 8607.50
21	22	 9659.29
22	13	 8393.03
22	21	 9625.70
22	23	 7901.93
23	12	11110.88
23	20	10254.88
23	22	 7863.80
