i	j	       0	       1	       2	       3	       4	       5	       6	       7	       8	       9	      10	      11	      12	      13	      14	      15	      16	      17	      18	      19	      20	      21	      22	      23
0	1	 2600.74	    0.00	  412.49	  199.93	   14.76	    0.00	    0.01	    0.02	   29.52	   88.59	  199.95	  383.55	  426.18	   99.97	   14.72	    0.02	    0.02	    0.00	    0.03	    0.00	    0.01	    0.06	    0.07	   24.75
0	2	 6199.26	 1179.77	    0.00	    0.00	    0.00	  224.11	  138.43	  241.67	    0.00	    0.00	    0.00	    0.00	    0.00	    0.00	    0.00	   99.61	    0.00	   34.41	    0.00	    0.02	    0.00	    0.00	    0.00	    0.00
1	0	    0.00	 1279.77	    0.00	    0.00	    0.00	  524.11	  638.41	 1041.64	    0.00	    0.00	    0.00	    0.00	    0.00	    0.00	    0.00	  599.60	    1.32	  134.41	    0.04	  300.01	    0.00	    0.00	    0.00	    0.00
1	5	 2500.74	 2720.23	  312.49	    0.00	    0.00	    0.00	    0.00	    0.00	    0.00	    0.00	    0.02	  283.55	  126.18	    0.00	    0.00	    0.00	    0.00	    0.00	    0.00	    0.00	    0.01	    0.03	    0.07	   24.75
2	0	    0.00	    0.00	  512.49	  699.93	  214.76	    0.00	    0.03	    0.05	  529.52	 1388.59	  699.95	  583.55	  926.18	  399.97	  514.72	    0.03	  398.69	    0.00	  299.99	    0.02	  100.01	  400.06	  300.07	  124.75
2	3	 4498.49	  679.40	 1787.19	    0.00	    0.00	    0.00	    0.00	    0.00	    0.00	    0.00	    0.08	 3842.80	 2529.33	    0.10	    0.00	    0.00	    0.00	    0.00	    0.00	    0.00	  203.44	    0.08	    1.49	  474.96
2	11	 1600.77	  400.37	  500.32	 1601.75	  403.81	  500.43	  772.57	 1200.00	 1399.69	  663.26	    0.45	    0.00	    0.00	    0.10	   41.28	  550.33	  187.07	  199.56	   17.69	    0.10	    0.00	    0.00	    0.00	    0.00
3	2	    0.00	    0.00	    0.00	 2501.69	  718.57	  576.32	  734.17	 1158.38	 2029.21	 2351.76	  999.64	    0.00	    0.00	  499.64	  655.92	  650.75	  685.74	  165.16	  317.67	    0.10	    0.00	    0.03	    0.02	    0.00
3	4	 3198.10	  179.37	 1187.18	 6697.70	    0.00	    0.00	    0.00	    0.00	    0.00	    0.00	  905.37	 3242.40	 1929.05	  200.04	    0.07	    0.00	    0.00	    0.00	    0.05	    0.00	    3.51	    0.08	  199.92	  274.95
3	10	  800.39	  300.07	  400.01	 2400.61	  699.80	  599.58	    1.14	    5.25	    0.05	    0.15	    0.00	    0.40	    0.28	    0.06	    0.05	    0.11	    0.04	    0.09	    0.02	    0.02	    0.02	    0.04	    0.05	    0.02
4	3	    0.00	    0.04	    0.00	    0.00	 1918.37	 1575.91	 1135.31	 1863.63	 2729.27	 3550.41	    0.00	    0.00	    0.00	    0.00	 1154.93	 1450.61	 1185.38	  265.23	  517.24	  300.05	    0.03	  399.18	    0.00	    0.00
4	5	    0.00	    0.00	  426.50	 2120.94	 1256.24	    0.00	    0.02	    0.03	  570.61	 1311.36	  404.88	 1535.76	  608.94	  100.05	  284.80	    0.03	    0.04	    0.00	    0.23	    0.01	    0.01	    0.04	   99.92	   75.24
4	8	 2998.10	  899.56	  660.68	 4076.76	 2925.39	 1399.71	    0.02	    0.09	    0.00	    0.00	    0.49	 1506.64	 1120.11	    0.00	    0.00	    0.05	    0.00	    0.01	    0.00	    0.02	    0.00	    0.00	    0.00	  199.71
5	1	    0.00	    0.00	    0.00	    0.07	   85.24	  924.11	  838.40	 1441.62	  170.48	  511.41	    0.07	    0.00	    0.00	    0.03	   85.28	  999.58	  201.31	  134.41	  100.01	  400.01	    0.00	   99.96	    0.00	    0.00
5	4	    0.00	  820.23	    0.00	    0.00	    0.00	 3175.61	 1033.16	 1810.59	    0.00	    0.00	    0.00	    0.00	    0.00	    0.00	    0.00	 1455.72	    0.07	  203.20	    0.03	  306.73	    0.05	    0.00	    0.00	    0.00
5	7	 2200.74	 1500.00	  438.98	 1720.88	  971.00	 3500.28	    0.00	    0.00	    0.14	    0.06	    4.83	 1619.31	  535.12	    0.02	    0.00	    0.00	    0.00	    0.00	    0.00	    0.00	    0.00	    0.00	    0.00	    0.00
6	7	    0.00	    0.00	    0.00	    0.00	    0.00	    0.00	 4178.25	    0.00	    0.00	    0.00	    0.00	    0.00	    0.00	  399.93	  600.34	  389.88	  137.45	  999.73	  999.57	 2599.42	  500.03	  799.82	  299.98	  200.02
6	17	  430.10	  336.13	   11.99	  433.83	  121.20	  984.60	 7921.75	 4516.40	  827.12	    0.21	    0.12	  218.32	    0.03	    0.00	    0.00	    0.00	    0.02	    0.00	    0.00	    0.00	    0.00	    0.00	    0.00	    0.00
7	5	    0.00	    0.00	    0.00	    0.00	    0.00	    0.00	 2271.54	 4052.18	    0.00	    0.12	    0.00	    0.00	    0.00	    0.00	    0.49	 3355.27	  701.33	  437.61	  299.81	 1006.73	  100.03	  299.90	    0.00	    0.01
7	6	  930.10	  536.13	  111.99	  833.83	  321.20	 1384.60	    0.00	 5516.40	 1427.07	    3.00	    1.57	  918.32	   61.06	    0.00	    0.00	    0.00	    0.10	    0.00	    0.00	    0.00	    0.00	    0.00	    0.00	    0.00
7	8	    0.00	    0.00	    0.00	    0.00	    0.00	    0.00	  906.71	 3747.08	    0.00	    0.00	    0.00	    0.00	    0.00	    0.00	    0.00	 1273.74	    0.00	  262.23	    0.00	  692.98	    0.05	    0.00	    0.00	    0.03
7	15	  470.71	  563.91	  187.94	  680.62	  425.36	 1315.76	    0.00	 3384.34	  886.08	    0.00	    0.14	  469.79	    0.10	    0.00	    0.00	    0.00	    0.00	    0.00	    0.00	    0.00	    0.00	    0.00	    0.00	    0.00
8	4	    0.00	    0.00	    0.00	    0.00	    0.00	    0.00	  302.19	  553.16	 4099.88	 5861.77	    0.00	    0.00	    0.00	    0.00	 1639.65	  494.97	 1385.35	   62.03	  617.39	   93.35	   96.48	  599.13	    0.00	    0.00
8	7	    0.07	    0.04	   60.95	  493.57	  275.55	    0.08	    0.00	    0.00	 3113.01	 1602.80	  796.89	  368.80	  126.03	    0.00	    0.00	    0.00	    0.21	    0.00	    0.00	    0.00	    0.00	    0.00	    0.00	    0.00
8	9	 2498.03	  699.53	  499.73	 2883.19	 1849.84	  999.62	    4.59	 2394.00	 8987.11	    0.00	    0.33	  537.89	  394.13	    0.00	    0.00	    0.24	    0.00	    0.28	    0.00	    0.00	    0.00	    0.00	    0.00	    0.00
9	8	    0.00	    0.00	    0.00	    0.00	    0.00	    0.00	    0.05	    0.00	    0.00	10264.57	 2196.73	    0.05	    0.05	  600.00	 2639.65	  621.42	 2285.56	    0.08	 1017.39	    0.34	  396.43	 1299.13	  500.00	    0.25
9	10	    0.00	    0.00	    0.00	    0.00	    0.00	    0.00	  499.03	  794.77	 1715.92	 8402.31	    0.00	    0.00	    0.00	    0.00	 1301.79	 1550.14	 1913.31	  199.93	  431.27	  427.37	    1.20	  488.40	    0.00	    0.00
9	14	  799.78	   99.84	   99.97	 1098.65	  596.35	  199.65	    0.00	    0.00	 3084.28	14599.74	 1890.04	  654.23	    5.83	    0.00	    0.00	    0.00	    0.75	    0.00	    0.00	    0.00	    0.00	    0.00	    0.00	    0.00
9	15	    0.00	    0.00	    0.04	   85.63	   53.52	    0.00	    0.00	    0.00	  486.99	 8032.34	 2176.28	  210.72	    0.13	    0.00	    0.00	    0.00	    0.00	    0.00	    0.00	    0.00	    0.00	    0.00	    0.00	    0.00
9	16	  399.20	    0.04	  100.02	  499.93	  199.97	    0.04	    0.08	    0.11	  899.92	 3901.04	 1000.15	  600.03	  499.74	    0.06	    0.12	    0.11	    0.00	    0.05	    0.06	    0.13	    0.05	    0.13	    0.05	    0.02
10	3	    0.00	    0.00	    0.00	    0.00	    0.00	    0.00	    0.00	    0.00	    0.00	    1.50	 3404.93	    0.00	    0.00	 1199.64	    1.12	    0.24	    0.40	    0.02	    0.49	    0.07	    0.06	    0.90	  698.50	    0.02
10	9	    0.95	    0.30	    0.30	    1.01	    0.00	    0.00	    0.00	    0.00	    0.00	    0.00	11162.86	 2927.14	 2011.62	 1143.22	    0.00	    0.00	    0.00	    0.00	    0.00	    0.00	    0.00	    0.00	  313.87	   46.50
10	11	    0.00	    0.00	    0.00	    0.00	    0.00	    0.00	    0.17	    0.00	    0.10	 3236.83	 2400.90	    0.00	    0.00	  713.10	  665.11	  150.00	  912.91	    0.07	  284.79	    0.00	    0.00	    0.00	    0.00	    0.00
10	13	  300.25	  100.03	  100.04	  999.67	  199.82	  199.73	    0.00	    0.02	  315.87	 1164.13	 5331.31	 1045.51	   20.77	    0.00	    0.00	    0.00	    0.04	    0.00	    0.00	    0.00	    0.00	    0.00	    0.00	    0.00
11	2	    0.00	    0.00	    0.00	    0.00	    0.00	    0.00	    0.00	    0.00	    0.00	    0.09	    0.85	 4626.35	 3555.51	    0.54	    0.07	    0.00	    0.03	    0.00	    0.01	    0.00	  303.45	  500.11	  401.54	  599.71
11	10	    0.81	    0.27	    0.32	    0.08	    0.02	    0.15	    0.00	    0.00	    0.00	    0.00	    0.00	 5372.25	 3032.11	    0.00	    0.00	    0.00	    0.00	    0.00	    0.00	    0.00	    0.19	    0.00	    0.00	    0.74
11	12	 1399.96	  300.10	  300.00	 1001.67	  203.78	  300.29	   73.32	  600.00	  799.79	 1900.00	 1000.50	 3901.40	    0.00	   13.04	    6.34	    0.85	  499.96	    0.05	    2.48	    0.03	    0.00	    0.00	    0.00	    0.00
12	11	    0.00	    0.00	    0.00	    0.00	    0.00	    0.00	    0.58	    0.00	    0.00	    0.00	    0.00	    0.00	 7887.62	    0.37	    0.03	    0.53	    0.00	    0.43	    0.01	  499.93	  603.64	 1200.11	 1101.54	 1100.44
12	23	  899.96	    0.10	  200.00	  401.67	    3.78	  100.29	    0.00	    0.00	  199.79	    0.00	    0.50	 2601.40	 6712.38	    0.00	    0.00	    0.00	    0.00	    0.00	    0.00	    0.00	    0.00	    0.00	    0.00	    0.00
13	10	    0.00	    0.00	    0.00	    0.00	    0.00	    0.00	    0.00	    0.00	    0.00	    0.00	    0.00	    0.00	    0.00	 4655.90	  764.39	    0.00	    0.00	    0.06	  254.00	  172.68	  398.65	  612.46	 2312.32	  645.75
13	14	    0.21	    0.04	    0.03	    0.29	    0.10	    0.04	    0.00	    0.00	    0.00	    0.00	 1054.94	  345.73	   91.55	 6212.04	    0.00	    0.00	    0.00	    0.00	    0.00	    0.00	    0.00	    0.00	 1203.70	  124.29
13	22	    0.05	    0.00	    0.02	  499.40	   99.73	   99.69	    0.00	    0.00	  188.94	  799.48	 2676.43	    0.11	    0.13	 3232.05	  445.09	    0.00	  216.24	    0.00	  140.01	    0.00	    0.00	    0.00	    0.00	    0.00
14	9	    0.00	    0.00	    0.00	    0.00	    0.00	    0.00	    0.00	    0.00	    0.00	    0.00	    0.00	    0.00	    0.00	 1556.84	 7941.56	    0.27	    1.11	    0.05	 3248.36	 1720.64	 1597.68	 4387.66	 1986.18	  753.78
14	13	    0.00	    0.00	    0.00	    0.00	    0.00	    0.00	  199.65	  399.30	  473.06	 1735.35	    0.00	    0.00	    0.00	    0.00	 2509.47	  699.45	  916.20	   99.83	  694.01	  671.39	    1.02	  679.48	    0.00	    0.00
14	18	  299.99	    0.08	    0.00	  200.02	  100.01	    0.11	    0.02	    0.03	  400.05	 3263.82	  821.62	  300.00	  282.13	 2896.22	 5900.26	    0.05	    0.38	    0.01	    0.00	    0.05	  556.12	 2899.92	  899.98	  260.87
14	21	    0.00	    0.00	    0.00	  398.92	  296.44	    0.00	    0.00	    0.00	 1311.16	 5600.57	  723.36	    0.00	    0.00	  458.99	 5048.71	    0.22	 2475.18	    0.00	 2091.81	    0.00	    0.00	    0.00	    0.00	    0.00
15	7	    0.00	    0.00	    0.00	    0.00	    0.00	    0.00	    0.00	    0.00	    0.00	    0.25	    0.00	    0.00	    0.00	    0.05	    0.15	 6439.13	 1963.77	    0.10	    0.23	    0.29	    0.05	    0.07	    0.03	    0.02
15	9	    0.00	    0.05	    0.00	    0.00	    0.00	    0.07	 2394.39	    0.78	    0.00	    0.00	    0.00	    0.00	    0.00	    0.00	    0.00	 6569.55	    0.54	  899.50	    0.18	 1207.03	    0.00	    0.00	    0.00	    0.00
15	16	    0.82	  199.97	    0.01	    0.09	    0.04	  500.03	 1000.37	 1400.42	    0.11	    0.48	    0.08	    0.08	    0.03	    0.00	    0.00	 5958.73	    0.00	  600.33	    0.00	 1542.83	  357.02	    0.00	    0.00	  126.71
15	17	    0.04	    0.02	    0.00	    0.04	    0.01	    0.07	    0.00	    0.36	    0.19	 3633.32	  776.69	    0.10	    0.01	    0.14	    0.30	 7132.59	 3742.09	    0.00	    0.32	    0.00	    0.00	    0.00	    0.00	    0.00
16	9	    0.00	    0.00	    0.00	    0.00	    0.00	    0.00	    0.18	    0.09	    0.00	    0.00	    0.00	    0.00	    0.00	    0.00	    0.00	    1.60	 8097.98	    0.23	    0.18	    0.18	    0.00	    0.00	    0.00	    0.00
16	15	    0.00	    0.00	    0.03	    0.00	    0.00	    0.00	    0.00	    0.00	    0.00	    1.37	    0.24	    0.11	    0.09	  692.25	 1187.89	    0.00	 8506.28	    0.00	 1287.20	    0.00	    0.05	    0.10	    0.04	    0.03
16	18	    0.03	    0.02	    0.00	    0.02	    0.01	    0.06	    0.27	    0.44	    0.03	    0.15	    0.00	    0.00	    0.00	    0.00	    0.00	 3157.23	 6795.74	    0.14	    0.00	    0.00	    0.00	    0.00	    0.00	    0.00
17	6	    0.00	    0.00	    0.00	    0.00	    0.00	    0.00	    0.00	    0.00	    0.05	 1897.21	  498.54	    0.00	  338.97	  599.93	 1100.34	 1789.88	 1137.38	 1199.73	 1399.57	 3099.42	  700.03	 1299.82	  499.98	  300.02
17	15	   30.15	   36.13	   12.00	   33.87	   21.17	   84.41	 4794.76	  217.22	   27.24	    0.35	    0.11	   19.56	  599.72	    7.94	   12.56	    0.00	    0.11	 1999.93	   13.54	 4350.15	  957.02	 1199.97	  499.99	  426.70
17	19	  299.99	  300.01	    0.00	  299.99	  100.03	  800.27	 2926.99	 3999.54	  600.02	 1036.27	  178.15	    0.04	    0.00	    0.00	    0.00	 4842.72	 2004.76	 1600.34	    0.00	    0.00	    0.00	    0.00	    0.00	    0.00
18	14	    0.00	    0.20	    0.00	    0.00	    0.00	    0.40	  699.58	  999.22	    0.00	    0.00	    0.00	    0.00	    0.00	    0.00	    0.00	 1899.78	 4892.12	  299.85	 6834.17	 3491.59	    0.14	    0.36	    0.15	    0.06
18	16	    0.00	    0.00	    0.00	    0.00	    0.00	    0.00	    0.00	    0.00	    0.00	    0.00	    0.00	    0.00	    0.33	 1392.19	 2687.77	    0.00	    0.00	    0.00	 2987.32	  157.22	  242.98	 1699.97	  599.99	  173.29
18	19	    0.02	    0.00	    0.00	    0.03	    0.02	    0.02	    0.00	    0.00	    0.09	 1463.97	  421.62	    0.00	    0.00	 1204.04	 2412.49	    0.00	  204.00	    0.00	 2978.51	    0.00	    0.00	    0.00	    0.00	    0.00
19	17	    0.00	    0.00	    0.01	    0.00	    0.00	    0.00	    0.00	    0.00	    0.00	    0.29	    0.00	    1.18	 1038.65	  707.74	 1312.60	    0.00	    0.13	    0.00	 1712.79	 7849.57	 1757.04	 2799.80	 1099.96	  726.73
19	18	    0.00	  100.11	    0.00	    0.00	    0.00	  200.25	 1099.30	 1698.76	    0.00	    0.00	    0.00	    0.00	   18.20	    0.01	    0.00	   42.50	    0.00	  599.69	    0.00	 4848.76	   87.01	    0.41	    0.16	   12.49
19	20	    0.00	    0.00	    0.00	    0.01	    0.04	  100.02	  627.68	  600.71	    0.06	    0.05	    0.02	    0.01	    0.02	    0.02	    0.03	 1500.71	  508.45	  200.58	   65.82	 2701.54	    0.00	    0.07	    0.03	    0.02
19	21	    0.00	   99.90	    0.00	    0.02	    0.01	  200.01	  700.01	  800.07	    0.05	    0.20	    0.04	    0.00	    0.00	    0.00	    0.15	 1699.51	    0.25	  400.06	    0.07	 3100.14	    0.16	    0.00	    0.00	    0.00
20	19	    0.00	    0.00	    0.00	    0.00	    0.00	    0.00	    0.00	    0.00	    0.00	    0.10	    0.02	  401.13	 1656.74	    0.08	    0.16	    0.00	    0.07	    0.00	    0.17	    0.00	 3044.22	    0.21	    3.59	 1139.01
20	21	  262.85	    0.03	   65.71	    0.21	    0.00	    0.05	    0.06	    0.07	    0.00	    0.00	    0.00	  459.99	 1464.47	    0.00	    0.00	    0.15	    0.00	    0.03	    0.00	    0.39	 4758.05	    0.00	    0.84	 1606.02
20	23	    0.00	    0.00	    0.00	    0.00	    0.00	    0.02	  427.63	  200.64	    0.11	  482.88	    0.00	    0.00	    0.00	    0.00	  678.07	  900.63	  214.06	  100.55	  250.09	 1501.15	 3197.73	 2353.58	    0.00	    0.00
21	14	    0.00	    0.00	    0.00	    0.00	    0.00	    0.02	    0.08	    0.11	    0.00	    0.00	    0.00	    0.04	  884.74	    0.00	    0.00	    0.22	    0.00	    0.04	    0.00	    0.49	 2954.67	10566.71	 2682.31	 1290.30
21	19	    0.00	    0.00	    0.01	    0.00	    0.00	    0.00	    0.00	    0.00	    0.00	    0.19	    0.27	    0.03	    0.13	    3.64	    0.14	    0.00	    0.00	    0.00	    0.00	    0.00	    0.00	 5200.06	 1796.55	    0.22
21	20	    0.00	    0.00	    0.00	    0.01	   96.47	    0.00	    0.00	    0.00	  300.05	 1682.93	    3.47	    0.00	    0.00	    1.01	 1478.19	    0.08	  305.68	    0.00	  584.44	    0.00	    0.00	 4153.72	    1.76	    0.00
21	22	    0.00	    0.00	    0.00	    0.00	    0.00	    0.05	  199.98	  300.04	  311.16	 1317.64	    0.00	    0.00	    0.00	    0.00	  970.53	  499.59	  469.74	  100.06	  307.44	  700.03	    3.54	 4479.51	    0.00	    0.00
22	13	    0.01	    0.00	    0.00	    0.02	    0.00	    0.00	    0.35	    0.67	    0.00	    0.00	    0.06	    0.33	  670.91	    0.00	    0.00	    0.55	    0.00	    0.24	    0.01	    1.29	  797.63	 1132.98	 4616.03	 1170.04
22	21	  137.15	    0.06	   34.29	    0.87	    0.02	    0.00	    0.00	    0.00	    0.00	    0.00	  380.33	  240.07	  720.40	  745.66	    0.00	    0.00	    0.00	    0.00	    0.00	    0.00	    0.00	    0.00	 6579.79	  784.51
22	23	    0.00	    0.00	    0.00	    0.06	    0.02	    0.00	    0.09	    0.06	    0.10	  317.12	  996.15	    0.00	    0.00	 1386.39	  415.62	    0.20	   85.98	    0.05	  147.44	    0.35	    0.29	 1247.25	 3304.18	    0.00
23	12	    0.00	    0.00	    0.00	    0.00	    0.00	    0.00	  327.26	    0.00	    0.00	    0.00	    0.00	    0.00	    0.00	  587.33	  693.69	  599.67	    0.04	  100.37	  297.53	 1099.90	 1203.64	 2500.11	 1901.54	 1800.44
23	20	  362.85	    0.03	   65.71	  200.19	    3.49	    0.05	    0.00	    0.00	    0.00	    0.00	  396.54	 1161.11	 3721.19	  399.06	    0.00	    0.00	    0.00	    0.00	    0.00	    0.00	    0.00	    0.00	  702.64	 3245.01
23	22	  437.11	    0.07	  134.28	    1.54	    0.31	    0.26	    0.46	    0.70	    0.00	    0.00	    0.11	  940.29	 2191.19	    0.00	    0.00	    1.16	    0.00	    0.23	    0.00	    1.61	 1494.37	    0.72	    0.00	 2654.55
