i	j	       0	       1	       2	       3	       4	       5	       6	       7	       8	       9	      10	      11	      12	      13	      14	      15	      16	      17	      18	      19	      20	      21	      22	      23
0	1	 2600.27	    0.00	  306.03	  199.99	   34.87	    0.00	    0.01	    0.01	   69.73	  209.20	  199.99	  599.26	  506.73	  100.00	   34.78	    0.01	    0.03	    0.00	    0.03	    0.00	    0.00	    0.12	    0.22	   32.09
0	2	 6199.73	 1375.29	    0.00	    0.00	    0.00	  277.50	  179.28	  308.93	    0.00	    0.00	    0.00	    0.00	    0.00	    0.00	    0.00	  132.64	    0.00	   43.66	    0.00	    0.02	    0.00	    0.00	    0.00	    0.00
1	0	    0.00	 1475.29	    0.00	    0.00	    0.00	  577.50	  679.21	 1108.82	    0.00	    0.00	    0.00	    0.00	    0.00	    0.00	    0.00	  632.53	    0.52	  143.64	    0.02	  299.95	    0.00	    0.01	    0.00	    0.00
1	5	 2500.27	 2524.71	  206.03	    0.00	    0.00	    0.00	    0.00	    0.00	    0.00	    0.00	    0.00	  499.26	  206.73	    0.00	    0.00	    0.00	    0.00	    0.00	    0.00	    0.00	    0.00	    0.01	    0.22	   32.09
2	0	    0.00	    0.00	  406.03	  699.99	  234.87	    0.00	    0.08	    0.13	  569.73	 1509.20	  699.99	  799.26	 1006.73	  400.00	  534.78	    0.13	  399.51	    0.01	  300.01	    0.07	  100.00	  400.10	  300.22	  132.09
2	3	 4499.16	  874.99	 1893.78	    0.00	    0.00	    0.08	    0.00	    0.00	    0.00	    0.00	    0.00	 3625.23	 2453.14	    0.07	    0.00	    0.00	    0.00	    0.00	    0.00	    0.00	  202.95	    0.35	    1.50	  467.72
2	11	 1600.57	  400.30	  500.19	 1602.13	  403.57	  500.44	  771.98	 1200.00	 1399.75	  654.57	    0.54	    0.00	    0.00	    0.21	   57.24	  540.27	  184.62	  198.96	   24.53	    0.19	    0.10	    0.22	    0.17	    0.06
3	2	    0.00	    0.00	    0.00	 2502.11	  738.44	  523.02	  692.78	 1091.20	 2069.48	 2463.69	 1000.40	    0.00	    0.00	  500.10	  691.96	  607.75	  684.10	  155.32	  324.53	    0.21	    0.11	    0.29	    0.21	    0.07
3	4	 3197.80	  375.14	 1293.55	 6697.01	    0.00	    0.00	    0.00	    0.00	    0.00	    0.06	  904.14	 3025.18	 1853.10	  200.00	    0.06	    0.00	    0.02	    0.00	    0.02	    0.00	    3.04	    0.05	  199.78	  267.73
3	10	  801.36	  300.05	  400.23	 2400.88	  699.91	  599.78	    0.61	    5.20	    0.35	    0.13	    0.00	    0.05	    0.03	    0.05	    0.05	    0.47	    0.03	    0.07	    0.01	    0.02	    0.01	    0.04	    0.04	    0.02
4	3	    0.00	    0.19	    0.00	    0.00	 1938.36	 1522.72	 1093.39	 1796.40	 2769.83	 3663.79	    0.00	    0.00	    0.00	    0.00	 1190.81	 1408.22	 1183.89	  255.39	  524.04	  300.05	    0.08	  398.21	    0.00	    0.00
4	5	    0.00	    0.00	  519.29	 2272.32	 1321.68	    0.00	    0.01	    0.03	  530.27	 1190.70	  404.00	 1454.90	  571.83	  100.00	  264.80	    0.03	    0.08	    0.00	    0.03	    0.01	    0.01	    0.02	   99.78	   67.90
4	8	 2997.80	  899.80	  674.26	 3924.69	 2839.96	 1799.56	    0.02	    0.10	    0.00	    0.00	    0.14	 1370.27	 1081.27	    0.00	    0.00	    0.06	    0.00	    0.01	    0.00	    0.02	    0.00	    0.00	    0.00	  199.83
5	1	    0.00	    0.00	    0.00	    0.01	   65.13	  977.50	  879.20	 1508.80	  130.27	  390.80	    0.01	    0.00	    0.00	    0.01	   65.22	 1032.52	  200.49	  143.64	   99.99	  399.94	    0.00	   99.90	    0.00	    0.00
5	4	    0.00	  624.86	    0.00	    0.00	    0.00	 3522.27	  990.88	 1745.59	    0.00	    0.00	    0.00	    0.00	    0.00	    0.00	    0.00	 1424.87	    0.06	  194.11	    0.02	  303.95	    0.09	    0.00	    0.00	    0.00
5	7	 2200.27	 1499.85	  425.32	 1872.30	 1056.55	 3100.23	    0.00	    0.00	    0.00	    0.00	    3.99	 1754.16	  578.57	    0.00	    0.00	    0.00	    0.00	    0.00	    0.00	    0.00	    0.00	    0.00	    0.00	    0.00
6	7	    0.00	    0.00	    0.00	    0.00	    0.00	    0.00	 4175.16	    0.00	    0.00	    0.00	    0.00	    0.00	    0.00	  399.67	  599.86	  390.13	  139.17	  999.01	  999.19	 2599.75	  500.28	  799.85	  299.99	  200.00
6	17	  430.93	  336.97	    7.32	  428.68	  118.07	  986.86	 7924.84	 4522.47	  829.11	    0.17	    0.15	  215.97	    0.00	    0.00	    0.00	    0.00	    0.02	    0.00	    0.00	    0.00	    0.00	    0.00	    0.00	    0.00
7	5	    0.00	    0.00	    0.00	    0.00	    0.00	    0.00	 2270.07	 4054.37	    0.00	    0.10	    0.00	    0.00	    0.00	    0.00	    0.42	 3357.35	  700.48	  437.75	  299.98	 1003.89	  100.07	  299.88	    0.00	    0.01
7	6	  930.93	  536.97	  107.32	  828.68	  318.07	 1386.79	    0.00	 5522.47	 1429.02	    2.65	    0.78	  915.97	   61.35	    0.00	    0.00	    0.00	    0.09	    0.00	    0.00	    0.00	    0.00	    0.00	    0.00	    0.00
7	8	    0.00	    0.00	    0.00	    0.00	    0.00	    0.00	  905.09	 3745.57	    0.00	    0.00	    0.00	    0.00	    0.00	    0.00	    0.00	 1274.69	    0.00	  261.31	    0.00	  695.98	    0.23	    0.00	    0.00	    0.00
7	15	  469.40	  562.91	  174.57	  690.05	  431.26	 1313.43	    0.00	 3377.58	  884.78	    0.00	    0.06	  481.68	    0.03	    0.00	    0.00	    0.00	    0.00	    0.00	    0.00	    0.00	    0.00	    0.00	    0.00	    0.00
8	4	    0.00	    0.00	    0.00	    0.00	    0.00	    0.00	  302.54	  550.93	 4100.09	 5854.43	    0.00	    0.00	    0.00	    0.00	 1655.54	  483.45	 1383.88	   61.29	  624.03	   96.13	   96.96	  598.18	    0.00	    0.00
8	7	    0.06	    0.03	   56.57	  346.43	  192.78	  400.00	    0.00	    0.00	 3113.80	 1602.53	  796.85	  243.49	   82.81	    0.07	    0.00	    0.00	    0.18	    0.00	    0.00	    0.00	    0.00	    0.00	    0.00	    0.00
8	9	 2497.74	  699.77	  517.69	 2878.27	 1847.18	  999.56	    2.61	 2394.74	 8986.11	    0.00	    0.00	  527.04	  398.68	    0.00	    0.00	    0.20	    0.00	    0.05	    0.00	    0.00	    0.00	    0.00	    0.00	    0.00
9	8	    0.00	    0.00	    0.00	    0.00	    0.00	    0.00	    0.04	    0.00	    0.00	10256.96	 2196.71	    0.25	    0.22	  600.07	 2655.54	  608.90	 2284.06	    0.01	 1024.03	    0.12	  396.73	 1298.18	  500.00	    0.17
9	10	    0.00	    0.00	    0.00	    0.00	    0.00	    0.00	  499.34	  794.82	 1714.06	 8406.08	    0.00	    0.00	    0.00	    0.00	 1288.61	 1559.52	 1915.30	  199.92	  425.86	  428.06	    1.48	  491.46	    0.00	    0.00
9	14	  798.95	   99.89	   99.87	 1098.42	  596.73	  199.65	    0.00	    0.00	 3085.71	14595.35	 1901.11	  649.15	    3.32	    0.00	    0.00	    0.00	    0.65	    0.00	    0.00	    0.00	    0.00	    0.00	    0.00	    0.00
9	15	    0.00	    0.00	   18.09	   81.19	   50.68	    0.06	    0.00	    0.00	  486.48	 8040.67	 2167.48	  201.03	    0.37	    0.00	    0.00	    0.00	    0.00	    0.00	    0.00	    0.00	    0.00	    0.00	    0.00	    0.00
9	16	  399.60	    0.01	   99.97	  499.87	  199.95	    0.03	    0.07	    0.09	  899.86	 3900.94	  999.87	  599.89	  499.90	    0.08	    0.10	    0.09	    0.00	    0.04	    0.06	    0.11	    0.04	    0.11	    0.04	    0.02
10	3	    0.00	    0.00	    0.00	    0.00	    0.00	    0.00	    0.00	    0.00	    0.00	    0.10	 3404.55	    0.00	    0.00	 1200.08	    1.26	    0.00	    0.27	    0.00	    0.52	    0.19	    0.14	    1.81	  698.54	    0.10
10	9	    0.81	    0.10	    0.25	    1.21	    0.17	    0.13	    0.00	    0.00	    0.00	    0.00	11165.16	 2923.28	 2005.14	 1096.96	    0.00	    0.00	    0.00	    0.00	    0.00	    0.00	    0.13	    0.37	  357.35	   53.40
10	11	    0.00	    0.00	    0.00	    0.00	    0.00	    0.00	    0.00	    0.00	    0.09	 3245.51	 2400.22	    0.00	    0.00	  715.05	  647.69	  160.15	  915.37	    0.01	  277.57	    0.00	    0.00	    0.00	    0.00	    0.00
10	13	  301.21	  100.15	  100.19	  999.73	  199.76	  199.66	    0.00	    0.02	  314.32	 1160.61	 5330.07	 1051.34	   23.40	    0.00	    0.00	    0.00	    0.04	    0.00	    0.00	    0.00	    0.00	    0.00	    0.00	    0.00
11	2	    0.00	    0.00	    0.00	    0.00	    0.00	    0.00	    0.00	    0.00	    0.00	    0.07	    0.12	 4624.48	 3559.87	    0.18	    0.06	    0.00	    0.02	    0.00	    0.01	    0.03	  302.93	  500.39	  401.67	  599.79
11	10	    0.67	    0.20	    0.20	    0.06	    0.02	    0.01	    0.00	    0.00	    0.00	    0.00	    0.00	 5374.56	 3028.50	    0.00	    0.00	    0.00	    0.00	    0.00	    0.00	    0.00	    0.00	    0.00	    0.00	    0.49
11	12	 1399.91	  300.10	  299.98	 1002.06	  203.55	  300.42	   72.35	  600.00	  799.83	 1900.00	 1000.64	 3900.95	    0.00	   15.23	    5.20	    0.78	  499.96	    0.05	    2.23	    0.07	    0.07	    0.14	    0.09	    0.00
12	11	    0.00	    0.00	    0.00	    0.00	    0.00	    0.00	    0.37	    0.00	    0.00	    0.00	    0.00	    0.00	 7888.37	    0.14	    0.33	    0.37	    0.00	    1.08	    0.14	  499.91	  602.90	 1200.31	 1101.59	 1100.23
12	23	  899.91	    0.10	  199.98	  402.06	    3.55	  100.42	    0.00	    0.00	  199.83	    0.00	    0.64	 2600.95	 6711.63	    0.00	    0.00	    0.00	    0.00	    0.00	    0.00	    0.00	    0.00	    0.00	    0.00	    0.00
13	10	    0.00	    0.00	    0.00	    0.00	    0.00	    0.00	    0.06	    0.00	    0.00	    0.00	    0.00	    0.00	    0.00	 4612.05	  760.29	    0.16	    0.34	    0.02	  252.21	  172.11	  398.79	  610.68	 2355.85	  652.99
13	14	    1.12	    0.14	    0.17	    1.39	    0.07	    0.05	    0.00	    0.00	    0.00	    0.00	 1043.97	  351.05	   99.99	 6262.33	    0.00	    0.00	    0.00	    0.00	    0.00	    0.00	    0.00	    0.00	 1145.98	  132.11
13	22	    0.10	    0.01	    0.02	  498.37	   99.69	   99.61	    0.00	    0.00	  193.58	  801.01	 2686.15	    0.31	    0.47	 3225.62	  436.14	    0.00	  221.12	    0.00	  135.15	    0.00	    0.00	    0.00	    0.00	    0.00
14	9	    0.00	    0.00	    0.00	    0.00	    0.00	    0.00	    0.00	    0.00	    0.00	    0.00	    0.00	    0.00	    0.00	 1603.19	 7944.26	    0.24	    0.74	    0.04	 3249.80	 1720.18	 1598.12	 4389.39	 1942.69	  746.79
14	13	    0.00	    0.00	    0.00	    0.00	    0.00	    0.00	  199.55	  399.11	  479.26	 1740.40	    0.05	    0.00	    0.00	    0.00	 2496.44	  699.40	  921.42	   99.78	  687.35	  670.14	    0.25	  685.26	    0.00	    0.00
14	18	  300.07	    0.05	    0.04	  200.20	  100.05	    0.06	    0.01	    0.02	  400.12	 3255.99	  831.72	  300.19	  281.36	 2897.35	 5900.20	    0.04	    0.34	    0.01	    0.00	    0.04	  556.32	 2899.93	  899.99	  260.33
14	21	    0.00	    0.00	    0.00	  399.60	  296.75	    0.00	    0.00	    0.00	 1306.32	 5598.96	  713.30	    0.00	    0.00	  461.79	 5059.10	    0.19	 2479.79	    0.00	 2089.35	    0.00	    0.00	    0.00	    0.00	    0.00
15	7	    0.00	    0.00	    0.00	    0.00	    0.00	    0.00	    0.00	    0.00	    0.00	    0.22	    0.00	    0.00	    0.00	    0.26	    0.56	 6441.91	 1961.22	    0.05	    0.79	    0.12	    0.02	    0.03	    0.01	    0.01
15	9	    0.00	    0.04	    0.00	    0.00	    0.00	    0.06	 2396.66	    0.17	    0.00	    0.00	    0.00	    0.00	    0.00	    0.00	    0.00	 6567.10	    0.46	  899.73	    0.16	 1207.70	    0.00	    0.00	    0.00	    0.00
15	16	    0.34	  199.98	    0.01	    0.05	    0.02	  500.00	 1000.29	 1400.22	    0.09	    0.41	    0.07	    0.04	    0.00	    0.00	    0.00	 5960.72	    0.00	  600.21	    0.00	 1546.94	  351.20	    0.00	    0.00	  127.59
15	17	    0.02	    0.00	    0.00	    0.13	    0.00	    0.09	    0.00	    0.12	    0.25	 3641.89	  767.85	    0.10	    0.01	    0.02	    0.13	 7130.26	 3747.71	    0.00	    0.13	    0.00	    0.00	    0.00	    0.00	    0.00
16	9	    0.00	    0.00	    0.00	    0.00	    0.00	    0.00	    0.18	    0.00	    0.00	    0.00	    0.00	    0.00	    0.00	    0.00	    0.00	    0.97	 8098.81	    0.15	    0.00	    0.41	    0.00	    0.00	    0.00	    0.00
16	15	    0.00	    0.00	    0.02	    0.09	    0.00	    0.00	    0.00	    0.00	    0.00	    1.55	    0.29	    0.12	    0.10	  692.16	 1186.76	    0.00	 8509.29	    0.00	 1286.06	    0.00	    0.04	    0.09	    0.04	    0.02
16	18	    0.02	    0.01	    0.00	    0.01	    0.01	    0.03	    0.18	    0.32	    0.03	    0.13	    0.00	    0.00	    0.00	    0.00	    0.00	 3159.85	 6791.90	    0.10	    0.00	    0.00	    0.00	    0.00	    0.00	    0.00
17	6	    0.00	    0.00	    0.00	    0.00	    0.00	    0.06	    0.00	    0.00	    0.09	 1897.52	  499.37	    0.00	  338.65	  599.67	 1099.86	 1790.13	 1139.10	 1199.01	 1399.19	 3099.75	  700.28	 1299.85	  499.99	  300.00
17	15	   30.96	   37.12	    7.32	   28.85	   18.09	   86.64	 4796.95	  222.93	   29.08	    0.30	    0.09	   17.32	  599.51	    8.13	   13.93	    0.00	    0.09	 2000.00	   15.01	 4354.77	  951.17	 1199.94	  499.98	  427.57
17	19	  299.99	  299.86	    0.00	  299.96	   99.99	  800.24	 2927.89	 3999.66	  600.19	 1044.41	  168.57	    0.02	    0.00	    0.00	    0.00	 4840.13	 2008.65	 1600.99	    0.00	    0.00	    0.00	    0.00	    0.00	    0.00
18	14	    0.00	    0.01	    0.00	    0.00	    0.00	    0.34	  699.52	  999.09	    0.00	    0.00	    0.00	    0.00	    0.00	    0.00	    0.00	 1899.79	 4901.64	  299.81	 6826.49	 3489.97	    0.13	    0.31	    0.13	    0.06
18	16	    0.08	    0.02	    0.04	    0.19	    0.04	    0.00	    0.00	    0.00	    0.08	    0.33	    0.35	    0.19	    0.20	 1392.07	 2686.66	    0.00	    0.00	    0.00	 2986.01	  153.35	  248.81	 1699.97	  600.00	  172.41
18	19	    0.01	    0.00	    0.00	    0.03	    0.01	    0.02	    0.00	    0.00	    0.08	 1455.79	  431.37	    0.00	    0.00	 1205.29	 2413.55	    0.00	  190.60	    0.00	 2987.50	    0.00	    0.00	    0.00	    0.00	    0.00
19	17	    0.00	    0.00	    0.00	    0.00	    0.00	    0.00	    0.00	    0.00	    0.00	    0.17	    0.04	    1.26	 1038.15	  707.78	 1313.66	    0.00	    0.11	    0.00	 1714.08	 7854.52	 1751.45	 2799.79	 1099.97	  727.58
19	18	    0.00	   99.96	    0.00	    0.00	    0.00	  200.27	 1099.32	 1698.75	    0.00	    0.00	    0.00	    0.00	   18.84	    0.01	    0.00	   39.89	    0.00	  599.70	    0.00	 4843.29	   92.62	    0.35	    0.14	   12.14
19	20	    0.00	    0.01	    0.00	    0.01	    0.00	  100.03	  628.32	  600.42	    0.14	    0.04	    0.01	    0.01	    0.02	    0.01	    0.03	 1500.24	  498.79	  201.20	   73.50	 2700.65	    0.00	    0.06	    0.02	    0.02
19	21	    0.00	   99.89	    0.00	    0.01	    0.01	  199.96	  700.25	  800.49	    0.12	    0.17	    0.04	    0.00	    0.00	    0.00	    0.13	 1700.00	    0.40	  400.10	    0.06	 3101.55	    0.14	    0.00	    0.00	    0.00
20	19	    0.00	    0.00	    0.00	    0.00	    0.00	    0.00	    0.00	    0.00	    0.00	    0.08	    0.02	  401.05	 1656.56	    0.06	    0.13	    0.00	    0.06	    0.00	    0.14	    0.00	 3044.22	    0.19	    1.54	 1139.21
20	21	  262.51	    0.10	   65.63	    0.00	    0.00	    0.04	    0.05	    0.06	    0.00	    0.00	    0.00	  459.40	 1464.33	    0.00	    0.00	    0.13	    0.00	    0.03	    0.00	    0.32	 4757.36	    0.00	    0.59	 1605.83
20	23	    0.00	    0.00	    0.00	    0.00	    0.00	    0.02	  428.27	  200.36	    0.02	  491.11	    0.00	    0.00	    0.00	    0.00	  686.29	  900.18	  213.73	  101.17	  254.06	 1500.33	 3198.43	 2333.19	    0.00	    0.00
21	14	    0.00	    0.01	    0.00	    0.00	    0.00	    0.01	    0.05	    0.04	    0.00	    0.00	    0.00	    0.00	  878.04	    0.00	    0.00	    0.08	    0.00	    0.03	    0.00	    0.39	 2954.56	10574.26	 2696.56	 1274.95
21	19	    0.00	    0.00	    0.00	    0.03	    0.01	    0.00	    0.00	    0.00	    0.00	    0.10	    0.13	    0.20	    0.46	    2.45	    0.14	    0.00	    0.00	    0.00	    0.00	    0.00	    0.00	 5200.02	 1798.59	    0.53
21	20	    0.01	    0.00	    0.00	    0.02	   96.86	    0.00	    0.00	    0.00	  299.87	 1691.16	    2.49	    0.03	    0.07	    0.59	 1486.40	    0.06	  314.99	    0.00	  580.71	    0.00	    0.00	 4133.31	    0.64	    0.00
21	22	    0.00	    0.00	    0.00	    0.00	    0.00	    0.01	  200.25	  300.51	  306.58	 1307.88	    0.00	    0.00	    0.00	    0.00	  972.69	  500.16	  465.20	  100.10	  308.70	  701.48	    2.94	 4492.40	    0.00	    0.00
22	13	    0.01	    0.00	    0.00	    0.02	    0.00	    0.01	    0.50	    0.87	    0.00	    0.00	    0.00	    0.02	  677.05	    0.00	    0.00	    0.76	    0.00	    0.25	    0.01	    1.97	  798.53	 1125.42	 4601.83	 1185.10
22	21	  137.50	    0.02	   34.37	    0.44	    0.11	    0.02	    0.00	    0.00	    0.00	    0.00	  389.28	  240.83	  714.24	  741.25	    0.00	    0.00	    0.00	    0.00	    0.00	    0.00	    0.00	    0.00	 6595.21	  769.65
22	23	    0.01	    0.00	    0.00	    0.02	    0.00	    0.01	    0.05	    0.09	    0.16	  308.89	  996.92	    0.06	    0.09	 1384.37	  408.84	    0.16	   86.31	    0.00	  143.85	    0.55	    0.10	 1267.05	 3302.97	    0.00
23	12	    0.00	    0.00	    0.00	    0.00	    0.00	    0.00	  328.02	    0.00	    0.00	    0.00	    0.00	    0.00	    0.00	  584.91	  695.13	  599.58	    0.04	  101.03	  297.91	 1099.84	 1202.83	 2500.16	 1901.50	 1800.23
23	20	  362.50	    0.09	   65.63	  199.97	    3.14	    0.03	    0.00	    0.00	    0.01	    0.00	  397.51	 1160.41	 3720.80	  399.46	    0.00	    0.00	    0.00	    0.00	    0.00	    0.00	    0.00	    0.00	  701.47	 3245.02
23	22	  437.42	    0.01	  134.35	    2.11	    0.42	    0.42	    0.30	    0.45	    0.00	    0.00	    0.04	  940.60	 2190.92	    0.00	    0.00	    0.75	    0.00	    0.15	    0.00	    1.04	 1495.70	    0.07	    0.00	 2654.75
