i	j	o19d1l18
0	1	 4594.40
0	2	 8217.71
1	0	 4618.26
1	5	 5967.76
2	0	 8193.85
2	3	14017.85
2	11	10037.08
3	2	14042.85
3	4	18015.97
3	10	 5210.41
4	3	18043.05
4	5	 8796.57
4	8	15786.05
5	1	 5991.62
5	4	 8807.64
5	7	12490.71
6	7	12104.08
6	17	15798.09
7	5	12525.64
7	6	12043.51
7	8	 6881.53
7	15	 8383.69
8	4	15802.06
8	7	 6836.42
8	9	21750.19
9	8	21821.09
9	10	17728.20
9	14	23127.70
9	15	11048.10
9	16	 8100.36
10	3	 5308.33
10	9	17606.96
10	11	 8366.15
10	13	 9779.32
11	2	 9988.22
11	10	 8406.10
11	12	12303.61
12	11	12394.70
12	23	11119.72
13	10	 9816.05
13	14	 9038.77
13	22	 8398.38
14	9	23195.23
14	13	 9079.98
14	18	19082.82
14	21	18404.51
15	7	 8403.16
15	9	11072.47
15	16	11688.03
15	17	15286.97
16	9	 8100.60
16	15	11676.69
16	18	 9951.65
17	6	15858.66
17	15	15342.14
17	19	18990.16
18	14	19116.78
18	16	 9940.56
18	19	 8683.57
19	17	19005.91
19	18	 8706.43
19	20	 6304.87
19	21	 7002.47
20	19	 6243.33
20	21	 8615.59
20	23	10306.35
21	14	18379.27
21	19	 7002.63
21	20	 8606.08
21	22	 9658.37
22	13	 8393.91
22	21	 9623.79
22	23	 7900.26
23	12	11110.81
23	20	10254.31
23	22	 7861.21
