i	j	       0	       1	       2	       3	       4	       5	       6	       7	       8	       9	      10	      11	      12	      13	      14	      15	      16	      17	      18	      19	      20	      21	      22	      23
0	1	 2600.39	    0.00	  273.85	  200.01	   14.38	    0.00	    0.01	    0.02	   28.76	   86.30	  200.01	  481.21	  468.56	  100.00	   14.39	    0.02	    0.03	    0.00	    0.01	    0.00	    0.01	    0.06	    0.10	   30.27
0	2	 6199.61	 1183.08	    0.00	    0.00	    0.00	  280.68	  253.40	  316.76	    0.00	    0.00	    0.00	    0.00	    0.00	    0.00	    0.00	  139.10	    0.09	   45.26	    0.00	    0.03	    0.00	    0.00	    0.00	    0.00
1	0	    0.00	 1283.08	    0.00	    0.00	    0.00	  580.68	  753.38	 1116.73	    0.00	    0.00	    0.00	    0.00	    0.00	    0.00	    0.00	  639.08	    0.60	  145.25	    0.03	    0.03	    0.00	    0.00	    0.00	    0.00
1	5	 2500.39	 2716.92	  173.85	    0.03	    0.00	    0.00	    0.00	    0.00	    0.00	    0.00	    0.03	  381.21	  168.56	    0.01	    0.00	    0.00	    0.00	    0.00	    0.00	    0.00	    0.01	    0.02	    0.10	   30.27
2	0	    0.00	    0.00	  373.85	  700.01	  214.38	    0.00	    0.03	    0.05	  528.76	 1386.30	  700.01	  681.21	  968.56	  400.00	  514.39	    0.03	  399.53	    0.00	  299.99	  300.00	  100.01	  400.06	  300.10	  130.27
2	3	 4498.64	  682.69	 1925.75	    0.00	    0.00	    0.03	    0.00	    0.00	    0.00	    0.00	    0.00	 3732.30	 2501.23	    0.00	    0.00	    0.00	    0.00	    0.00	    0.00	    0.00	  202.18	    0.11	    2.06	  469.63
2	11	 1600.97	  400.40	  500.39	 1601.74	  403.29	  500.29	 1027.85	 1200.00	 1399.76	  691.33	    0.52	    0.00	    0.00	    0.19	   45.03	  547.15	  194.99	  199.80	   19.30	    0.08	    0.00	    0.00	    0.00	    0.00
3	2	    0.00	    0.00	    0.00	 2501.76	  717.68	  519.63	  874.48	 1083.28	 2028.52	 2377.63	  999.59	    0.00	    0.00	  499.65	  659.37	  608.09	  694.42	  154.54	  319.29	    0.06	    0.00	    0.12	    0.00	    0.00
3	4	 3197.93	  182.68	 1325.84	 6697.39	    0.00	    0.00	    0.00	    0.00	    0.00	    0.44	  902.82	 3131.29	 1900.84	  200.17	    0.05	    0.00	    0.03	    0.00	    0.02	    0.00	    2.21	    0.03	  200.00	  269.60
3	10	  800.70	  300.05	  399.91	 2400.85	  699.95	  599.77	    0.04	    6.21	    0.85	    0.16	    0.00	    1.01	    0.39	    0.06	    0.05	    0.22	    0.04	    0.02	    0.02	    0.02	    0.02	    0.04	    0.05	    0.02
4	3	    0.00	    0.04	    0.00	    0.00	 1917.62	 1519.37	 1274.52	 1789.49	 2729.37	 3575.55	    0.00	    0.00	    0.00	    0.08	 1157.76	 1408.30	 1193.99	  254.56	  518.60	  300.08	    0.03	  399.10	    0.00	    0.00
4	5	    0.00	    0.00	  520.95	 2130.88	 1262.21	    0.00	    0.02	    0.03	  571.36	 1313.64	  402.21	 1449.92	  586.06	  100.05	  284.42	    0.03	    0.04	    0.00	    0.02	    0.01	    0.01	    0.01	   99.90	   69.70
4	8	 2997.93	  899.58	  704.89	 4066.51	 2920.17	 1399.87	    0.10	    0.09	    0.00	    0.00	    0.61	 1481.36	 1114.78	    0.12	    0.00	    0.05	    0.00	    0.01	    0.00	    0.02	    0.00	    0.00	    0.10	  199.90
5	1	    0.00	    0.00	    0.00	    0.02	   85.62	  980.68	  953.37	 1516.72	  171.24	  513.70	    0.02	    0.00	    0.00	    0.01	   85.61	 1039.06	  200.57	  145.25	  100.01	  100.03	    0.00	   99.95	    0.00	    0.00
5	4	    0.00	  816.95	    0.00	    0.00	    0.00	 3119.24	 1144.72	 1766.37	    0.00	    0.00	    0.00	    0.00	    0.00	    0.00	    0.00	 1450.83	    0.16	  196.03	    0.03	  310.08	    0.07	    0.05	    0.00	    0.00
5	7	 2200.39	 1499.97	  394.80	 1730.90	  976.59	 3500.08	    0.00	    0.00	    0.14	    0.06	    2.22	 1631.13	  554.62	    0.06	    0.00	    0.00	    0.00	    0.00	    0.00	    0.00	    0.00	    0.00	    0.00	    0.00
6	7	    0.00	    0.00	    0.00	    0.00	    0.00	    0.00	 4429.23	    0.00	    0.00	    0.00	    0.00	    0.00	    0.00	  399.64	  600.61	  428.82	  145.96	  999.33	  999.07	 2298.66	  499.85	  799.65	  299.88	  199.95
6	17	  430.56	  336.62	    7.75	  429.48	  118.47	  985.62	 7670.77	 4519.60	  818.67	    0.25	    0.17	  215.43	    0.06	    0.00	    0.00	    0.00	    0.02	    0.00	    0.00	    0.00	    0.00	    0.00	    0.00	    0.00
7	5	    0.00	    0.00	    0.00	    0.00	    0.00	    0.00	 2498.07	 4083.06	    0.02	    0.12	    0.00	    0.00	    0.00	    0.00	    1.18	 3389.85	  700.69	  441.28	  300.02	  710.09	  100.06	  299.98	    0.00	    0.03
7	6	  930.56	  536.62	  107.75	  829.48	  318.47	 1385.62	    0.00	 5519.60	 1418.62	    3.64	    1.11	  915.37	   74.70	    0.00	    0.00	    0.00	    0.10	    0.00	    0.00	    0.00	    0.00	    0.00	    0.00	    0.00
7	8	    0.00	    0.00	    0.00	    0.00	    0.00	    0.00	  931.16	 3716.87	    0.00	    0.00	    0.00	    0.00	    0.00	    0.00	    0.00	 1283.32	    0.07	  258.54	    0.00	  689.62	    0.02	    0.00	    0.00	    0.00
7	15	  469.91	  563.39	  172.21	  682.20	  426.35	 1314.54	    0.00	 3380.47	  906.31	    0.34	    0.16	  467.42	    0.66	    0.00	    0.00	    0.00	    0.00	    0.00	    0.00	    0.00	    0.00	    0.00	    0.00	    0.00
8	4	    0.00	    0.00	    0.00	    0.00	    0.00	    0.00	  329.92	  523.24	 4100.73	 5888.75	    0.00	    0.00	    0.00	    0.09	 1642.13	  457.57	 1393.84	   58.54	  618.57	   90.04	   97.75	  599.03	    0.00	    0.00
8	7	    0.07	    0.04	   85.16	  480.79	  268.23	    0.09	    0.00	    0.00	 3124.82	 1603.78	  799.05	  351.66	  120.74	    0.00	    0.00	    0.00	    0.21	    0.00	    0.00	    0.00	    0.00	    0.00	    0.00	    0.00
8	9	 2497.86	  699.54	  519.74	 2885.72	 1851.94	  999.78	    1.40	 2393.73	 8974.45	    0.00	    0.00	  529.80	  394.14	    0.00	    0.00	    0.57	    0.00	    0.11	    0.00	    0.00	    0.00	    0.00	    0.00	    0.00
9	8	    0.00	    0.00	    0.00	    0.00	    0.00	    0.00	    0.05	    0.00	    0.00	10292.54	 2198.44	    0.10	    0.10	  599.96	 2642.13	  574.77	 2293.98	    0.10	 1018.57	    0.40	  397.73	 1299.03	  499.90	    0.10
9	10	    0.00	    0.00	    0.00	    0.00	    0.00	    0.00	  499.92	  793.82	 1710.44	 8365.90	    0.00	    0.00	    0.00	    0.00	 1321.97	 1553.17	 1905.40	  200.03	  438.37	  426.51	    0.78	  510.74	    0.00	    0.00
9	14	  799.30	   99.83	   99.91	 1098.27	  596.84	  199.77	    0.00	    0.00	 3088.92	14615.49	 1886.64	  644.36	    2.35	    0.00	    0.00	    0.00	    0.75	    0.00	    0.00	    0.00	    0.00	    0.00	    0.00	    0.00
9	15	    0.00	    0.00	   20.06	   88.40	   55.22	    0.00	    0.00	    0.00	  475.25	 8025.80	 2163.88	  216.62	    0.10	    0.00	    0.00	    0.00	    0.00	    0.00	    0.00	    0.00	    0.00	    0.00	    0.00	    0.00
9	16	  399.52	    0.06	   99.98	  499.88	  199.95	    0.14	    0.08	    0.11	  899.85	 3900.27	  999.69	  599.90	  499.80	    0.05	    0.12	    0.11	    0.00	    0.05	    0.07	    0.13	    0.05	    0.13	    0.05	    0.02
10	3	    0.00	    0.00	    0.00	    0.00	    0.00	    0.00	    0.00	    0.00	    0.00	    2.68	 3402.41	    0.00	    0.00	 1199.81	    1.72	    0.00	    0.50	    0.00	    0.73	    0.00	    0.02	    0.99	  697.99	    0.00
10	9	    0.96	    0.30	    0.21	    0.83	    0.08	    0.06	    0.00	    0.00	    0.00	    0.00	11148.66	 2931.17	 2008.21	 1098.24	    0.00	    0.00	    0.00	    0.00	    0.00	    0.00	    0.00	    0.00	  358.46	   57.97
10	11	    0.00	    0.00	    0.00	    0.00	    0.00	    0.00	    0.00	    0.00	    0.15	 3208.67	 2400.81	    0.00	    0.00	  741.63	  670.21	  153.38	  904.97	    0.06	  286.79	    0.00	    0.00	    0.00	    0.00	    0.00
10	13	  300.77	  100.11	  100.11	 1000.09	  199.89	  199.77	    0.00	    0.03	  311.14	 1154.71	 5348.12	 1055.59	    8.29	    0.00	    0.00	    0.00	    0.05	    0.00	    0.00	    0.00	    0.00	    0.00	    0.00	    0.00
11	2	    0.00	    0.00	    0.00	    0.00	    0.00	    0.00	    0.00	    0.00	    0.00	    0.00	    0.94	 4613.51	 3569.79	    0.54	    0.05	    0.00	    0.00	    0.00	    0.00	  299.99	  302.18	  500.05	  402.16	  599.89
11	10	    1.02	    0.35	    0.41	    0.07	    0.02	    0.06	    0.00	    0.00	    0.00	    0.00	    0.00	 5385.76	 3016.12	    0.00	    0.00	    0.00	    0.00	    0.00	    0.00	    0.00	    0.03	    0.00	    0.00	    0.07
11	12	 1399.95	  300.05	  299.99	 1001.67	  203.27	  300.23	  327.85	  600.00	  799.91	 1900.00	 1000.39	 3900.74	    0.00	   41.38	   15.24	    0.80	  499.96	    0.03	    6.11	    0.02	    0.00	    0.00	    0.00	    0.00
12	11	    0.00	    0.00	    0.00	    0.00	    0.00	    0.00	    0.00	    0.00	    0.00	    0.00	    0.00	    0.00	 7885.90	    0.10	    0.05	    0.27	    0.00	    0.17	    0.02	  799.94	  602.21	 1200.05	 1102.16	 1099.97
12	23	  899.95	    0.05	  199.99	  401.67	    3.27	  100.23	    0.00	    0.00	  199.91	    0.00	    0.39	 2600.74	 6714.10	    0.00	    0.00	    0.00	    0.00	    0.00	    0.00	    0.00	    0.00	    0.00	    0.00	    0.00
13	10	    0.00	    0.00	    0.00	    0.00	    0.00	    0.00	    0.04	    0.00	    0.00	    0.00	    0.00	    0.00	    0.00	 4639.62	  749.90	    0.00	    0.08	    0.02	  249.13	  173.47	  399.20	  590.20	 2356.40	  657.87
13	14	    0.72	    0.11	    0.09	    0.95	    0.14	    0.05	    0.00	    0.00	    0.00	    0.00	 1046.02	  355.65	   94.69	 6267.02	    0.00	    0.00	    0.00	    0.00	    0.00	    0.00	    0.00	    0.00	 1157.54	  114.19
13	22	    0.05	    0.00	    0.02	  499.16	   99.75	   99.72	    0.00	    0.00	  195.91	  814.93	 2702.16	    0.13	    0.16	 3193.36	  432.86	    0.00	  222.06	    0.00	  135.21	    0.00	    0.00	    0.00	    0.00	    0.00
14	9	    0.00	    0.00	    0.00	    0.00	    0.00	    0.00	    0.00	    0.00	    0.00	    0.00	    0.00	    0.00	    0.00	 1601.77	 7964.22	    0.28	    0.66	    0.05	 3256.82	 1682.42	 1598.55	 4409.90	 1941.48	  742.15
14	13	    0.00	    0.00	    0.00	    0.00	    0.00	    0.00	  199.56	  399.11	  484.78	 1760.21	    0.06	    0.00	    0.00	    0.00	 2482.76	  698.87	  922.09	   99.78	  684.33	  671.97	    0.61	  676.35	    0.00	    0.00
14	18	  300.02	    0.07	    0.01	  200.06	  100.02	    0.09	    0.02	    0.03	  400.13	 3270.25	  834.82	  300.05	  281.35	 2896.13	 5900.96	    0.05	    0.39	    0.01	    0.00	    0.05	  542.94	 2899.92	  899.98	  253.70
14	21	    0.00	    0.00	    0.00	  399.17	  296.96	    0.00	    0.00	    0.00	 1304.01	 5585.02	  697.78	    0.00	    0.00	  469.11	 5052.05	    0.22	 2509.92	    0.00	 2087.50	    0.00	    0.00	    0.00	    0.00	    0.00
15	7	    0.00	    0.00	    0.00	    0.00	    0.00	    0.00	    0.00	    0.00	    0.00	    0.25	    0.00	    0.00	    0.00	    0.31	    0.57	 6444.35	 1954.70	    0.50	    0.95	    1.05	    0.23	    0.33	    0.13	    0.08
15	9	    0.00	    0.05	    0.00	    0.00	    0.00	    0.07	 2398.49	    0.20	    0.00	    0.00	    0.00	    0.00	    0.00	    0.00	    0.00	 6526.63	    0.54	  899.93	    0.18	 1244.45	    0.00	    0.00	    0.00	    0.00
15	16	    0.47	  199.97	    0.02	    0.10	    0.04	  499.92	 1000.18	 1400.16	    0.11	    0.48	    0.08	    0.05	    0.00	    0.00	    0.00	 5942.60	    0.00	  600.09	    0.00	 1533.42	  369.42	    0.00	    0.00	  131.63
15	17	    0.02	    0.00	    0.00	    0.11	    0.03	    0.02	    0.00	    0.14	    0.33	 3626.67	  764.17	    0.11	    0.00	    0.03	    0.06	 7186.42	 3741.31	    0.00	    0.06	    0.00	    0.00	    0.00	    0.00	    0.00
16	9	    0.00	    0.00	    0.00	    0.00	    0.00	    0.00	    0.16	    0.00	    0.00	    0.00	    0.00	    0.00	    0.00	    0.00	    0.00	    0.56	 8098.93	    0.09	    0.00	    0.17	    0.00	    0.00	    0.00	    0.00
16	15	    0.00	    0.00	    0.00	    0.00	    0.00	    0.00	    0.00	    0.00	    0.00	    0.91	    0.09	    0.00	    0.00	  692.25	 1188.43	    0.00	 8496.43	    0.00	 1288.03	    0.00	    0.05	    0.10	    0.04	    0.03
16	18	    0.03	    0.02	    0.00	    0.02	    0.01	    0.06	    0.09	    0.27	    0.03	    0.15	    0.00	    0.00	    0.00	    0.00	    0.00	 3142.15	 6804.64	    0.05	    0.00	    0.00	    0.00	    0.00	    0.00	    0.00
17	6	    0.00	    0.00	    0.00	    0.00	    0.00	    0.00	    0.00	    0.00	    0.05	 1896.62	  499.06	    0.06	  325.37	  599.64	 1100.61	 1828.82	 1145.88	 1199.33	 1399.07	 2798.66	  699.85	 1299.65	  499.88	  299.95
17	15	   30.58	   36.63	    7.75	   29.60	   18.50	   85.47	 4798.67	  220.03	   18.88	    0.34	    0.11	   16.13	  599.24	    8.08	   12.20	    0.00	    0.11	 2000.52	   13.16	 4378.93	  969.60	 1200.23	  500.09	  431.69
17	19	  300.00	  299.99	    0.00	  299.99	  100.00	  800.17	 2672.10	 3999.70	  600.07	 1030.16	  165.17	    0.05	    0.05	    0.00	    0.00	 4857.60	 1995.47	 1600.15	    0.00	    0.00	    0.00	    0.00	    0.00	    0.00
18	14	    0.00	    0.13	    0.00	    0.00	    0.00	    0.27	  699.52	  999.06	    0.00	    0.00	    0.00	    0.00	    0.00	    0.00	    0.00	 1899.28	 4932.32	  299.81	 6828.65	 3454.02	    0.15	    0.37	    0.15	    0.07
18	16	    0.03	    0.00	    0.01	    0.04	    0.02	    0.00	    0.00	    0.00	    0.07	    0.31	    0.32	    0.05	    0.20	 1392.19	 2688.32	    0.00	    0.00	    0.00	 2987.96	  166.61	  230.58	 1699.97	  600.00	  168.37
18	19	    0.02	    0.00	    0.00	    0.03	    0.02	    0.02	    0.00	    0.00	    0.09	 1470.09	  434.50	    0.00	    0.00	 1203.95	 2412.65	    0.00	  172.71	    0.00	 2983.38	    0.00	    0.00	    0.00	    0.00	    0.00
19	17	    0.00	    0.00	    0.00	    0.00	    0.00	    0.00	    0.00	    0.00	    0.00	    0.20	    0.00	    0.69	 1024.59	  707.69	 1312.75	    0.00	    0.13	    0.00	 1712.17	 7577.58	 1769.45	 2799.88	 1099.96	  731.64
19	18	    0.00	  100.04	    0.00	    0.00	    0.00	  200.14	 1099.41	 1698.76	    0.00	    0.00	    0.00	    0.00	   18.85	    0.01	    0.00	   57.08	    0.00	  599.75	    0.00	 4820.58	   87.79	    0.42	    0.16	   14.74
19	20	    0.01	    0.00	    0.00	    0.01	    0.01	  100.01	  372.53	  600.56	    0.11	    0.05	    0.02	    0.01	    0.02	    0.02	    0.03	 1500.36	  468.02	  200.33	   71.30	 3001.25	    0.00	    0.07	    0.03	    0.02
19	21	    0.00	   99.95	    0.00	    0.02	    0.01	  200.04	  700.16	  800.38	    0.05	    0.20	    0.04	    0.00	    0.00	    0.00	    0.16	 1700.17	    0.10	  400.07	    0.07	 3100.58	    0.17	    0.00	    0.00	    0.00
20	19	    0.00	    0.00	    0.00	    0.00	    0.00	    0.00	    0.00	    0.00	    0.00	    0.10	    0.02	  400.63	 1643.32	    0.07	    0.15	    0.00	    0.07	    0.00	    0.16	    0.00	 3057.41	    0.21	    2.15	 1146.15
20	21	  263.15	    0.04	   65.79	    0.28	    0.00	    0.02	    0.05	    0.07	    0.00	    0.00	    0.00	  460.50	 1471.15	    0.00	    0.00	    0.14	    0.00	    0.03	    0.00	    0.37	 4744.71	    0.00	    0.08	 1605.91
20	23	    0.00	    0.00	    0.00	    0.00	    0.00	    0.02	  172.48	  200.49	    0.02	  478.52	    0.00	    0.00	    0.00	    0.00	  675.89	  900.29	  209.63	  100.30	  247.74	 1800.88	 3197.87	 2325.26	    0.00	    0.00
21	14	    0.00	    0.00	    0.00	    0.00	    0.00	    0.00	    0.05	    0.07	    0.00	    0.00	    0.00	    0.04	  884.31	    0.00	    0.00	    0.14	    0.00	    0.03	    0.00	    0.42	 2941.95	10585.80	 2683.78	 1281.60
21	19	    0.00	    0.00	    0.00	    0.00	    0.00	    0.00	    0.00	    0.00	    0.00	    0.10	    0.36	    0.03	    0.10	    3.70	    0.14	    0.00	    0.00	    0.00	    0.00	    0.00	    0.00	 5200.15	 1798.00	    0.25
21	20	    0.00	    0.00	    0.00	    0.02	   97.01	    0.00	    0.00	    0.00	  299.92	 1678.57	    1.80	    0.02	    0.00	    1.52	 1476.01	    0.08	  341.67	    0.00	  576.61	    0.00	    0.00	 4125.40	    1.09	    0.00
21	22	    0.00	    0.00	    0.00	    0.00	    0.00	    0.06	  200.16	  300.37	  304.15	 1306.55	    0.00	    0.00	    0.00	    0.00	  976.06	  500.31	  468.35	  100.07	  310.97	  700.53	    2.93	 4488.65	    0.00	    0.00
22	13	    0.01	    0.00	    0.00	    0.02	    0.00	    0.00	    0.48	    0.86	    0.00	    0.00	    0.00	    0.19	  686.56	    0.00	    0.00	    1.13	    0.00	    0.24	    0.01	    1.50	  798.58	 1113.86	 4613.94	 1172.06
22	21	  136.85	    0.01	   34.21	    0.55	    0.04	    0.00	    0.00	    0.00	    0.00	    0.00	  404.34	  239.59	  713.26	  736.10	    0.00	    0.00	    0.00	    0.00	    0.00	    0.00	    0.00	    0.00	 6582.78	  775.94
22	23	    0.00	    0.00	    0.00	    0.02	    0.00	    0.01	    0.02	    0.03	    0.06	  321.48	  997.87	    0.00	    0.00	 1357.26	  408.92	    0.05	   90.41	    0.01	  146.17	    0.23	    0.05	 1275.22	 3303.28	    0.00
23	12	    0.00	    0.00	    0.00	    0.00	    0.00	    0.00	   72.15	    0.00	    0.00	    0.00	    0.00	    0.00	    0.00	  558.72	  684.81	  599.47	    0.04	  100.14	  293.91	 1399.91	 1202.21	 2500.05	 1902.16	 1799.97
23	20	  363.13	    0.03	   65.79	  200.26	    2.98	    0.03	    0.00	    0.00	    0.00	    0.00	  398.20	 1161.10	 3714.45	  398.54	    0.00	    0.00	    0.00	    0.00	    0.00	    0.00	    0.00	    0.00	  701.12	 3252.04
23	22	  436.81	    0.02	  134.20	    1.43	    0.29	    0.22	    0.34	    0.52	    0.00	    0.00	    0.05	  939.64	 2199.65	    0.00	    0.00	    0.87	    0.00	    0.17	    0.00	    1.19	 1495.71	    0.43	    0.00	 2648.00
