i	j	       0	       1	       2	       3	       4	       5	       6	       7	       8	       9	      10	      11	      12	      13	      14	      15	      16	      17	      18	      19	      20	      21	      22	      23
0	1	 2599.97	    0.00	  320.06	  200.00	    0.16	    0.00	    0.01	    0.02	    0.32	    1.02	  200.00	  627.02	  517.04	  100.00	    0.20	    0.02	    0.02	    0.00	    0.05	    0.00	    0.00	    0.07	    0.27	   35.02
0	2	 6200.03	 1600.77	    0.00	    0.00	    0.00	  149.37	   78.45	  136.67	    0.00	    0.00	    0.00	    0.00	    0.00	    0.00	    0.00	   41.21	    0.00	   19.45	    0.00	    0.02	    0.00	    0.00	    0.00	    0.00
1	0	    0.00	 1700.77	    0.00	    0.00	    0.00	  449.37	  578.43	  936.64	    0.00	    0.00	    0.00	    0.00	    0.00	    0.00	    0.00	  541.00	    0.58	  119.42	    0.04	  299.90	    0.00	    0.00	    0.00	    0.00
1	5	 2499.97	 2299.23	  220.06	    0.02	    0.00	    0.00	    0.00	    0.00	    0.00	    0.00	    0.02	  527.02	  217.04	    0.00	    0.00	    0.00	    0.00	    0.00	    0.00	    0.00	    0.00	    0.01	    0.27	   35.02
2	0	    0.00	    0.00	  420.06	  700.00	  200.16	    0.00	    0.03	    0.05	  500.32	 1301.02	  700.00	  827.02	 1017.04	  400.00	  500.20	    0.22	  399.44	    0.03	  300.01	    0.13	  100.00	  400.07	  300.27	  135.02
2	3	 4499.56	 1100.49	 1879.75	    0.00	    0.00	    0.09	    0.00	    0.00	    0.00	    0.00	    0.00	 3600.94	 2442.35	    0.08	    0.00	    0.00	    0.00	    0.00	    0.00	    0.00	  202.89	    0.11	    2.35	  464.76
2	11	 1600.47	  400.28	  500.20	 1601.30	  403.29	  500.23	  778.92	 1200.00	 1399.75	  665.60	    0.38	    0.00	    0.00	    0.12	   46.96	  536.77	  187.73	  199.53	   20.13	    0.23	    0.00	    0.00	    0.00	    0.00
3	2	    0.00	    0.00	    0.00	 2501.30	  703.45	  650.95	  800.50	 1263.38	 2000.07	 2266.29	  999.94	    0.00	    0.00	  499.84	  647.00	  695.75	  687.10	  180.10	  320.09	    0.30	    0.00	    0.21	    0.15	    0.00
3	4	 3199.15	  600.51	 1279.77	 6697.98	    0.00	    0.00	    0.00	    0.00	    0.00	    0.11	  905.75	 3000.50	 1842.06	  200.04	    0.16	    0.00	    0.01	    0.00	    0.10	    0.00	    2.98	    0.11	  199.73	  264.82
3	10	  800.41	  300.02	  399.98	 2400.72	  699.98	  599.85	    0.09	    5.04	    0.93	    0.16	    0.00	    0.44	    0.30	    0.06	    0.05	    0.12	    0.04	    0.02	    0.02	    0.02	    0.02	    0.04	    0.05	    0.02
4	3	    0.00	    0.04	    0.00	    0.00	 1903.43	 1650.71	 1200.59	 1968.42	 2701.00	 3465.93	    0.00	    0.00	    0.00	    0.00	 1145.85	 1495.75	 1186.83	  280.12	  519.59	  300.33	    0.03	  398.92	    0.00	    0.00
4	5	    0.00	    0.00	  477.85	 2130.63	 1276.32	    0.00	    0.02	    0.03	  599.75	 1398.86	  405.58	 1330.51	  537.72	  100.04	  299.72	    0.04	    0.23	    0.00	    0.18	    0.01	    0.01	    0.02	   99.73	   64.97
4	8	 2999.15	  899.87	  701.91	 4067.35	 2920.25	 1400.03	    0.03	    0.11	    0.00	    0.00	    0.16	 1469.99	 1104.34	    0.00	    0.00	    0.06	    0.00	    0.01	    0.00	    0.03	    0.00	    0.00	    0.00	  199.85
5	1	    0.00	    0.00	    0.00	    0.02	   99.84	  849.37	  778.42	 1336.62	  199.68	  598.98	    0.02	    0.00	    0.00	    0.01	   99.80	  940.99	  200.56	  119.42	   99.99	  399.89	    0.00	   99.94	    0.00	    0.00
5	4	    0.00	  399.39	    0.00	    0.00	    0.00	 3250.74	 1104.15	 1924.39	    0.00	    0.00	    0.00	    0.00	    0.00	    0.00	    0.00	 1521.16	    0.07	  218.43	    0.03	  311.29	    0.00	    0.00	    0.00	    0.00
5	7	 2199.97	 1499.84	  397.91	 1730.63	  976.48	 3499.90	    0.00	    0.00	    0.07	    0.00	    5.58	 1657.53	  554.76	    0.04	    0.00	    0.00	    0.00	    0.00	    0.00	    0.00	    0.00	    0.00	    0.00	    0.00
6	7	    0.00	    0.00	    0.00	    0.00	    0.00	    0.00	 4185.17	    0.00	    0.00	    0.15	    0.08	    0.00	    0.00	  399.89	  599.88	  394.98	  141.56	  999.33	  999.51	 2599.51	  500.01	  799.83	  299.97	  199.99
6	17	  430.16	  336.10	    9.19	  434.99	  121.93	  984.40	 7914.83	 4516.59	  823.32	    0.21	    0.12	  225.94	    0.28	    0.00	    0.00	    0.00	    0.02	    0.00	    0.00	    0.00	    0.00	    0.00	    0.00	    0.00
7	5	    0.00	    0.00	    0.00	    0.00	    0.00	    0.00	 2282.56	 4060.98	    0.00	    0.12	    0.00	    0.00	    0.00	    0.00	    0.09	 3362.11	  700.40	  437.85	  299.84	 1011.17	   99.99	  299.91	    0.00	    0.01
7	6	  930.16	  536.10	  109.19	  834.99	  321.93	 1384.40	    0.00	 5516.59	 1423.15	    2.12	    0.64	  925.84	   71.93	    0.00	    0.00	    0.00	    0.10	    0.00	    0.00	    0.00	    0.00	    0.00	    0.00	    0.00
7	8	    0.00	    0.00	    0.00	    0.00	    0.00	    0.00	  902.61	 3738.26	    0.00	    0.00	    0.00	    0.00	    0.00	    0.00	    0.00	 1280.25	    0.00	  261.61	    0.00	  688.63	    0.07	    0.00	    0.00	    0.00
7	15	  469.88	  563.78	  172.19	  682.93	  426.78	 1315.58	    0.00	 3384.17	  893.87	    0.22	    0.06	  480.11	    0.39	    0.00	    0.00	    0.00	    0.00	    0.00	    0.00	    0.00	    0.00	    0.00	    0.00	    0.00
8	4	    0.00	    0.00	    0.00	    0.00	    0.00	    0.00	  296.48	  544.17	 4100.75	 5864.68	    0.00	    0.00	    0.00	    0.00	 1645.41	  474.69	 1386.98	   61.70	  619.64	   89.08	   97.05	  598.82	    0.00	    0.00
8	7	    0.07	    0.04	   83.47	  487.28	  272.23	    0.09	    0.00	    0.00	 3116.95	 1601.91	  795.05	  348.42	  117.56	    0.02	    0.00	    0.00	    0.22	    0.00	    0.00	    0.00	    0.00	    0.00	    0.00	    0.00
8	9	 2499.07	  699.83	  518.45	 2880.06	 1848.01	  999.94	    6.87	 2394.20	 8982.29	    0.00	    0.00	  521.62	  386.83	    0.00	    0.00	    0.24	    0.00	    0.12	    0.00	    0.22	    0.00	    0.00	    0.00	    0.00
9	8	    0.00	    0.00	    0.00	    0.00	    0.00	    0.00	    0.72	    0.00	    0.00	10266.59	 2194.88	    0.05	    0.05	  600.03	 2645.41	  594.61	 2287.20	    0.21	 1019.64	    0.64	  396.98	 1298.82	  500.00	    0.15
9	10	    0.00	    0.00	    0.00	    0.00	    0.00	    0.00	  500.02	  794.96	 1709.29	 8384.65	    0.00	    0.00	    0.00	    0.00	 1295.22	 1563.73	 1912.06	  200.01	  428.18	  418.92	    2.68	  516.10	    0.00	    0.00
9	14	  799.61	   99.97	   99.95	 1098.50	  596.76	  200.03	    0.00	    0.00	 3089.94	14613.67	 1878.24	  642.34	    3.10	    0.00	    0.00	    0.00	    0.77	    0.00	    0.00	    0.00	    0.00	    0.00	    0.00	    0.00
9	15	    0.14	    0.00	   18.64	   82.21	   51.38	    0.00	    0.00	    0.00	  483.15	 8035.11	 2179.20	  192.91	    0.22	    0.00	    0.00	    0.00	    0.00	    0.00	    0.00	    0.00	    0.00	    0.00	    0.00	    0.00
9	16	  399.83	    0.04	   99.98	  499.91	  199.97	    0.04	    0.08	    0.11	  899.92	 3899.97	  999.73	  599.90	  499.91	    0.06	    0.12	    0.11	    0.00	    0.05	    0.07	    0.14	    0.05	    0.14	    0.05	    0.02
10	3	    0.00	    0.00	    0.00	    0.00	    0.00	    0.00	    0.00	    0.00	    0.00	    0.63	 3405.69	    0.00	    0.00	 1199.85	    1.36	    0.12	    0.32	    0.00	    0.62	    0.00	    0.08	    1.35	  697.58	    0.08
10	9	    0.50	    0.18	    0.12	    0.56	    0.09	    0.06	    0.00	    0.00	    0.00	    0.00	11152.06	 2913.58	 2016.46	 1087.70	    0.00	    0.00	    0.00	    0.00	    0.00	    0.00	    0.00	    0.00	  366.58	   65.20
10	11	    0.00	    0.00	    0.00	    0.00	    0.00	    0.00	    0.10	    0.00	    0.10	 3234.73	 2400.47	    0.00	    0.00	  712.47	  657.63	  163.86	  912.30	    0.05	  281.82	    0.00	    0.00	    0.00	    0.16	    0.00
10	13	  300.57	  100.07	  100.10	 1000.23	  199.91	  199.81	    0.00	    0.00	  310.12	 1149.45	 5341.78	 1057.76	   14.11	    0.00	    0.00	    0.00	    0.00	    0.00	    0.00	    0.00	    0.00	    0.00	    0.00	    0.00
11	2	    0.00	    0.00	    0.00	    0.00	    0.00	    0.00	    0.00	    0.00	    0.00	    0.33	    0.44	 4627.96	 3559.39	    0.36	    0.15	    0.03	    0.07	    0.00	    0.04	    0.03	  302.89	  499.96	  402.47	  599.78
11	10	    0.66	    0.23	    0.25	    0.08	    0.02	    0.02	    0.00	    0.00	    0.00	    0.00	    0.00	 5370.90	 3030.27	    0.00	    0.00	    0.00	    0.00	    0.00	    0.00	    0.00	    0.14	    0.00	    0.00	    0.20
11	12	 1399.81	  300.05	  299.95	 1001.23	  203.27	  300.21	   79.03	  600.00	  799.85	 1900.00	 1000.41	 3901.14	    0.00	   12.57	    4.43	    0.59	  499.96	    0.05	    1.90	    0.00	    0.00	    0.00	    0.00	    0.00
12	11	    0.00	    0.00	    0.00	    0.00	    0.00	    0.00	    0.00	    0.00	    0.00	    0.00	    0.00	    0.00	 7889.67	    0.34	    0.00	    0.00	    0.00	    0.48	    0.00	  499.80	  603.03	 1199.96	 1102.31	 1099.98
12	23	  899.81	    0.05	  199.95	  401.23	    3.27	  100.21	    0.00	    0.00	  199.85	    0.00	    0.41	 2601.14	 6710.33	    0.00	    0.00	    0.00	    0.00	    0.00	    0.00	    0.00	    0.00	    0.00	    0.00	    0.00
13	10	    0.00	    0.00	    0.00	    0.00	    0.00	    0.00	    0.00	    0.00	    0.00	    0.00	    0.00	    0.00	    0.00	 4599.97	  763.71	    0.12	    0.52	    0.02	  254.24	  181.06	  397.25	  585.21	 2364.27	  665.06
13	14	    0.49	    0.07	    0.08	    0.60	    0.17	    0.06	    0.00	    0.00	    0.00	    0.00	 1048.37	  357.85	   87.05	 6273.25	    0.00	    0.00	    0.00	    0.00	    0.00	    0.00	    0.00	    0.00	 1160.87	  106.23
13	22	    0.08	    0.00	    0.03	  499.65	   99.75	   99.76	    0.00	    0.00	  190.84	  797.69	 2693.48	    0.00	    0.00	 3226.79	  436.03	    0.00	  218.82	    0.00	  135.03	    0.00	    0.00	    0.00	    0.00	    0.00
14	9	    0.00	    0.00	    0.00	    0.00	    0.00	    0.00	    0.00	    0.00	    0.00	    0.00	    0.00	    0.00	    0.00	 1612.38	 7940.75	    0.28	    0.78	    0.05	 3247.57	 1704.24	 1599.27	 4415.05	 1933.46	  734.97
14	13	    0.00	    0.00	    0.00	    0.00	    0.00	    0.00	  199.73	  399.52	  480.72	 1748.24	    0.06	    0.00	    0.00	    0.00	 2499.74	  699.35	  919.34	   99.87	  689.26	  680.28	    0.19	  661.61	    0.00	    0.00
14	18	  299.99	    0.05	    0.00	  200.02	  100.01	    0.05	    0.02	    0.03	  400.06	 3263.49	  820.42	  300.00	  281.64	 2895.70	 5899.74	    0.05	    0.39	    0.01	    0.00	    0.05	  551.41	 2899.92	  899.93	  257.64
14	21	    0.11	    0.00	    0.03	  399.08	  296.91	    0.05	    0.00	    0.00	 1309.16	 5601.94	  706.13	    0.19	    0.00	  465.17	 5059.77	    0.22	 2489.91	    0.00	 2074.93	    0.00	    0.00	    0.00	    0.00	    0.00
15	7	    0.00	    0.00	    0.00	    0.00	    0.00	    0.00	    0.00	    0.00	    0.00	    0.40	    0.00	    0.00	    0.00	    0.05	    0.21	 6447.39	 1958.72	    0.12	    0.32	    0.29	    0.05	    0.08	    0.03	    0.02
15	9	    0.00	    0.00	    0.00	    0.00	    0.00	    0.07	 2393.71	    0.87	    0.00	    0.00	    0.00	    0.00	    0.00	    0.00	    0.00	 6557.00	    0.54	  900.01	    0.19	 1215.08	    0.45	    0.00	    0.00	    0.00
15	16	    0.20	  200.01	    0.02	    0.10	    0.04	  500.04	 1000.45	 1400.43	    0.11	    0.49	    0.09	    0.10	    0.04	    0.00	    0.00	 5957.31	    0.00	  600.21	    0.00	 1548.79	  351.05	    0.00	    0.05	  128.14
15	17	    0.08	    0.03	    0.00	    0.08	    0.02	    0.13	    0.00	    0.54	    0.53	 3635.11	  779.38	    0.04	    0.00	    0.03	    0.12	 7138.30	 3745.90	    0.00	    0.12	    0.00	    0.00	    0.00	    0.00	    0.00
16	9	    0.00	    0.00	    0.00	    0.00	    0.00	    0.00	    0.23	    0.00	    0.00	    0.00	    0.00	    0.00	    0.00	    0.00	    0.00	    0.93	 8098.70	    0.08	    0.13	    0.15	    0.00	    0.00	    0.00	    0.00
16	15	    0.00	    0.00	    0.00	    0.00	    0.00	    0.00	    0.00	    0.00	    0.00	    0.31	    0.09	    0.00	    0.00	  692.94	 1188.87	    0.00	 8505.05	    0.00	 1288.30	    0.00	    0.05	    0.10	    0.04	    0.03
16	18	    0.03	    0.04	    0.00	    0.02	    0.01	    0.08	    0.31	    0.54	    0.03	    0.15	    0.00	    0.00	    0.00	    0.00	    0.00	 3156.48	 6796.25	    0.17	    0.00	    0.00	    0.00	    0.00	    0.00	    0.00
17	6	    0.00	    0.00	    0.00	    0.00	    0.00	    0.00	    0.00	    0.00	    0.16	 1898.24	  499.55	    0.10	  328.35	  599.89	 1099.88	 1794.98	 1141.48	 1199.33	 1399.51	 3099.51	  700.01	 1299.83	  499.97	  299.99
17	15	   30.25	   36.26	    9.19	   35.04	   21.90	   84.66	 4794.17	  217.68	   23.63	    0.35	    0.11	   27.13	  599.44	    7.14	   11.46	    0.00	    0.11	 2000.34	   12.33	 4364.16	  951.49	 1199.98	  500.04	  428.14
17	19	  299.99	  299.87	    0.00	  300.02	  100.05	  799.87	 2920.67	 3999.46	  600.06	 1036.92	  179.86	    0.13	    0.00	    0.00	    0.00	 4843.33	 2004.46	 1600.33	    0.00	    0.00	    0.00	    0.00	    0.00	    0.00
18	14	    0.00	    0.01	    0.00	    0.00	    0.00	    0.02	  699.66	  999.44	    0.00	    0.00	    0.00	    0.00	    0.00	    0.00	    0.00	 1899.68	 4909.65	  299.89	 6811.76	 3483.89	    0.15	    0.36	    0.15	    0.07
18	16	    0.00	    0.00	    0.00	    0.00	    0.00	    0.00	    0.00	    0.00	    0.00	    0.00	    0.28	    0.00	    0.04	 1392.88	 2688.75	    0.00	    0.00	    0.00	 2988.37	  151.22	  248.95	 1699.97	  599.94	  171.86
18	19	    0.02	    0.00	    0.00	    0.04	    0.02	    0.02	    0.00	    0.00	    0.09	 1463.65	  420.15	    0.00	    0.00	 1202.83	 2410.99	    0.00	  186.99	    0.00	 2999.88	    0.00	    0.00	    0.00	    0.00	    0.00
19	17	    0.00	    0.00	    0.00	    0.00	    0.00	    0.00	    0.00	    0.00	    0.00	    0.20	    0.03	    1.38	 1027.51	  707.01	 1311.22	    0.00	    0.13	    0.00	 1711.72	 7863.67	 1751.50	 2799.81	 1100.01	  728.13
19	18	    0.00	   99.92	    0.00	    0.00	    0.00	  199.91	 1099.34	 1698.87	    0.00	    0.00	    0.00	    0.00	   18.41	    0.01	    0.00	   43.14	    0.00	  599.71	    0.00	 4835.06	   97.69	    0.41	    0.16	   14.28
19	20	    0.00	    0.00	    0.00	    0.01	    0.04	  100.01	  621.35	  600.46	    0.10	    0.38	    0.02	    0.01	    0.02	    0.02	    0.03	 1500.16	  491.09	  200.65	   88.25	 2700.93	    0.00	    0.07	    0.03	    0.02
19	21	    0.00	   99.95	    0.00	    0.05	    0.03	  199.98	  699.98	  800.13	    0.05	    0.20	    0.04	    0.00	    0.00	    0.00	    0.16	 1700.02	    0.29	  399.97	    0.07	 3100.33	    0.17	    0.00	    0.00	    0.00
20	19	    0.00	    0.00	    0.00	    0.00	    0.00	    0.00	    0.00	    0.00	    0.00	    0.10	    0.02	  401.23	 1645.84	    0.21	    0.16	    0.00	    0.07	    0.00	    0.17	    0.00	 3049.36	    0.21	    1.55	 1142.26
20	21	  263.89	    0.01	   65.97	    0.00	    0.00	    0.03	    0.11	    0.12	    0.00	    0.00	    0.00	  461.80	 1470.51	    0.11	    0.00	    0.27	    0.00	    0.06	    0.00	    0.62	 4753.89	    0.00	    0.30	 1601.37
20	23	    0.00	    0.00	    0.00	    0.00	    0.00	    0.02	  421.26	  200.36	    0.05	  489.64	    0.00	    0.00	    0.00	    0.00	  684.46	  900.00	  217.55	  100.59	  255.35	 1500.38	 3196.75	 2337.89	    0.00	    0.00
21	14	    0.00	    0.00	    0.00	    0.00	    0.00	    0.00	    0.09	    0.12	    0.00	    0.00	    0.00	    0.00	  891.49	    0.00	    0.00	    0.23	    0.00	    0.04	    0.00	    0.68	 2950.72	10576.22	 2672.37	 1286.31
21	19	    0.00	    0.00	    0.00	    0.00	    0.00	    0.00	    0.00	    0.00	    0.00	    0.11	    0.05	    0.03	    0.10	    3.99	    0.26	    0.00	    0.00	    0.00	    0.00	    0.00	    0.00	 5200.08	 1798.66	    0.17
21	20	    0.00	    0.00	    0.00	    0.06	   96.95	    0.01	    0.01	    0.02	  299.96	 1689.36	    2.04	    0.00	    0.00	    0.76	 1484.59	    0.11	  326.53	    0.01	  567.27	    0.07	    0.00	 4138.03	    1.13	    0.00
21	22	    0.00	    0.00	    0.00	    0.00	    0.00	    0.05	  199.98	  300.11	  309.26	 1312.67	    0.00	    0.00	    0.00	    0.00	  975.07	  500.17	  463.68	   99.99	  307.73	  700.21	    3.33	 4485.68	    0.00	    0.00
22	13	    0.01	    0.00	    0.00	    0.02	    0.00	    0.00	    0.27	    0.48	    0.00	    0.00	    0.00	    0.09	  672.93	    0.00	    0.00	    0.77	    0.00	    0.15	    0.01	    0.78	  797.06	 1123.60	 4625.14	 1171.29
22	21	  136.00	    0.03	   34.00	    0.92	    0.01	    0.00	    0.00	    0.00	    0.00	    0.00	  395.93	  238.03	  721.08	  739.47	    0.00	    0.00	    0.00	    0.00	    0.00	    0.00	    0.00	    0.00	 6571.86	  785.11
22	23	    0.00	    0.00	    0.00	    0.06	    0.00	    0.03	    0.05	    0.10	    0.09	  310.36	  997.60	    0.00	    0.00	 1387.31	  411.10	    0.18	   82.50	    0.00	  142.75	    0.56	    0.05	 1262.47	 3303.00	    0.00
23	12	    0.00	    0.00	    0.00	    0.00	    0.00	    0.00	  320.97	    0.00	    0.00	    0.00	    0.00	    0.00	    0.00	  587.77	  695.57	  599.41	    0.04	  100.43	  298.10	 1099.80	 1203.03	 2499.96	 1902.31	 1799.98
23	20	  363.88	    0.01	   65.97	  199.94	    3.01	    0.03	    0.00	    0.00	    0.00	    0.00	  397.97	 1163.02	 3716.32	  399.54	    0.00	    0.00	    0.00	    0.00	    0.00	    0.00	    0.00	    0.00	  700.69	 3243.61
23	22	  435.93	    0.04	  133.98	    1.35	    0.26	    0.23	    0.34	    0.46	    0.00	    0.00	    0.05	  938.12	 2194.01	    0.00	    0.00	    0.77	    0.00	    0.17	    0.00	    1.14	 1493.78	    0.40	    0.00	 2656.41
