i	j	       0	       1	       2	       3	       4	       5	       6	       7	       8	       9	      10	      11	      12	      13	      14	      15	      16	      17	      18	      19	      20	      21	      22	      23
0	1	 2600.76	    0.00	  267.94	  200.02	   16.41	    0.00	    0.01	    0.02	   32.82	   98.67	  200.02	  472.36	  464.78	  100.01	   16.49	    0.02	    0.02	    0.00	    0.02	    0.00	    0.01	    0.09	    0.10	   29.20
0	2	 6199.24	 1155.50	    0.00	    0.00	    0.00	  235.50	  139.12	  240.93	    0.00	    0.00	    0.00	    0.00	    0.00	    0.00	    0.00	   96.43	    0.00	   34.08	    0.00	    0.00	    0.00	    0.00	    0.00	    0.00
1	0	    0.00	 1255.50	    0.00	    0.00	    0.00	  535.50	  639.10	 1040.89	    0.00	    0.00	    0.00	    0.00	    0.00	    0.00	    0.00	  596.41	    0.49	  134.08	    0.03	  299.99	    0.00	    0.00	    0.00	    0.00
1	5	 2500.76	 2744.50	  167.94	    0.04	    0.00	    0.00	    0.00	    0.00	    0.00	    0.00	    0.04	  372.36	  164.78	    0.02	    0.00	    0.00	    0.00	    0.00	    0.00	    0.00	    0.01	    0.02	    0.10	   29.20
2	0	    0.00	    0.00	  367.94	  700.02	  216.41	    0.00	    0.03	    0.05	  532.82	 1398.67	  700.02	  672.36	  964.78	  400.01	  516.49	    0.04	  399.53	    0.00	  299.99	    0.02	  100.01	  400.09	  300.10	  129.20
2	3	 4498.82	  655.22	 1931.82	    0.00	    0.00	    0.04	    0.00	    0.00	    0.00	    0.00	    0.00	 3735.40	 2542.20	    0.09	    0.00	    0.00	    0.00	    0.00	    0.00	    0.00	  203.80	    0.20	    3.60	  470.49
2	11	 1600.41	  400.28	  500.24	 1601.43	  404.23	  500.34	  799.32	 1200.00	 1399.53	  653.26	    0.79	    0.00	    0.00	    0.30	   43.51	  529.10	  184.25	  199.18	   18.65	    0.15	    0.00	    0.00	    0.00	    0.00
3	2	    0.00	    0.00	    0.00	 2501.46	  720.63	  564.89	  760.23	 1159.13	 2032.35	 2351.83	 1000.35	    0.00	    0.00	  500.02	  659.92	  632.71	  683.75	  165.10	  318.62	    0.17	    0.02	    0.07	    0.06	    0.00
3	4	 3197.42	  155.20	 1331.79	 6696.73	    0.00	    0.00	    0.00	    0.00	    0.00	    0.08	  906.16	 3135.03	 1941.90	  200.02	    0.09	    0.00	    0.03	    0.00	    0.03	    0.00	    3.85	    0.05	  199.89	  270.51
3	10	  801.40	  300.06	  400.03	 2401.81	  699.97	  599.82	    0.39	    4.63	    0.45	    0.17	    0.00	    0.37	    0.30	    0.07	    0.06	    0.12	    0.04	    0.02	    0.02	    0.03	    0.02	    0.05	    0.06	    0.03
4	3	    0.00	    0.05	    0.00	    0.00	 1920.60	 1564.66	 1160.62	 1863.76	 2732.80	 3550.77	    0.00	    0.00	    0.00	    0.00	 1157.59	 1432.83	 1183.57	  265.12	  517.62	  300.19	    0.03	  399.04	    0.00	    0.00
4	5	    0.00	    0.00	  527.28	 2112.38	 1250.32	    0.00	    0.02	    0.03	  567.33	 1301.35	  405.98	 1459.85	  623.35	  100.02	  283.18	    0.04	    0.04	    0.00	    0.02	    0.01	    0.01	    0.01	   99.89	   70.79
4	8	 2997.42	  899.55	  704.52	 4084.35	 2929.08	 1399.48	    0.03	    0.10	    0.00	    0.00	    0.18	 1475.19	 1118.55	    0.00	    0.00	    0.06	    0.00	    0.01	    0.00	    0.03	    0.00	    0.00	    0.00	  199.72
5	1	    0.00	    0.00	    0.00	    0.02	   83.59	  935.50	  839.09	 1440.87	  167.18	  501.33	    0.02	    0.00	    0.00	    0.01	   83.51	  996.39	  200.47	  134.08	  100.01	  399.98	    0.00	   99.93	    0.00	    0.00
5	4	    0.00	  844.39	    0.00	    0.00	    0.00	 3164.14	 1047.38	 1796.67	    0.00	    0.00	    0.00	    0.00	    0.00	    0.00	    0.00	 1443.06	    0.14	  201.47	    0.03	  303.93	    0.00	    0.07	    0.00	    0.00
5	7	 2200.76	 1500.11	  395.21	 1712.41	  966.73	 3500.36	    0.00	    0.00	    0.15	    0.15	    6.01	 1632.21	  588.13	    0.03	    0.00	    0.00	    0.00	    0.00	    0.00	    0.00	    0.00	    0.00	    0.00	    0.00
6	7	    0.00	    0.00	    0.00	    0.00	    0.00	    0.00	 4202.99	    0.00	    0.00	    0.00	    0.00	    0.00	    0.00	  399.86	  600.09	  333.14	  125.73	  999.31	  999.63	 2599.66	  500.07	  799.99	  299.97	  199.99
6	17	  427.96	  333.61	    7.57	  428.89	  118.12	  978.56	 7897.01	 4499.84	  827.27	    0.68	    0.14	  218.58	    0.06	    0.00	    0.00	    0.00	    0.00	    0.00	    0.00	    0.00	    0.00	    0.00	    0.00	    0.00
7	5	    0.00	    0.00	    0.00	    0.00	    0.00	    0.00	 2286.45	 4037.51	    0.00	    0.13	    0.00	    0.00	    0.00	    0.00	    0.32	 3339.41	  700.57	  435.54	  300.02	 1003.90	   99.98	  299.97	    0.00	    0.01
7	6	  927.96	  533.61	  107.57	  828.89	  318.12	 1378.56	    0.00	 5499.84	 1427.22	    2.44	    1.43	  918.58	  115.27	    0.00	    0.00	    0.00	    0.09	    0.00	    0.00	    0.00	    0.00	    0.00	    0.00	    0.00
7	8	    0.00	    0.00	    0.00	    0.00	    0.00	    0.00	  916.54	 3762.43	    0.00	    0.00	    0.00	    0.00	    0.00	    0.00	    0.00	 1203.47	    0.00	  263.90	    0.00	  696.12	    0.13	    0.10	    0.00	    0.00
7	15	  472.89	  566.55	  173.16	  686.75	  429.22	 1321.90	    0.00	 3400.22	  866.53	    0.00	    0.06	  466.73	    0.42	    0.00	    0.00	    0.00	    0.00	    0.00	    0.00	    0.00	    0.00	    0.00	    0.00	    0.00
8	4	    0.00	    0.00	    0.00	    0.00	    0.00	    0.00	  313.29	  567.23	 4100.13	 5852.04	    0.00	    0.00	    0.00	    0.00	 1640.69	  489.87	 1383.44	   63.66	  617.59	   96.30	   96.18	  598.93	    0.00	    0.00
8	7	    0.08	    0.04	   85.52	  503.23	  280.61	    0.10	    0.00	    0.00	 3093.59	 1602.14	  795.49	  353.10	  127.56	    0.06	    0.00	    0.00	    0.21	    0.00	    0.00	    0.00	    0.00	    0.00	    0.00	    0.00
8	9	 2497.34	  699.50	  519.00	 2881.12	 1848.47	  999.38	    3.33	 2395.31	 9006.28	    0.00	    0.00	  522.23	  391.14	    0.00	    0.00	    0.25	    0.00	    0.26	    0.00	    0.00	    0.00	    0.00	    0.00	    0.00
9	8	    0.00	    0.00	    0.00	    0.00	    0.00	    0.00	    0.06	    0.00	    0.00	10254.18	 2195.30	    0.14	    0.14	  600.06	 2640.69	  686.60	 2283.64	    0.02	 1017.59	    0.16	  396.05	 1298.82	  500.00	    0.28
9	10	    0.00	    0.00	    0.00	    0.00	    0.00	    0.00	  499.54	  795.41	 1709.31	 8390.50	    0.00	    0.00	    0.00	    0.00	 1261.52	 1570.68	 1915.85	  199.97	  417.71	  403.23	    3.20	  545.34	    0.00	    0.00
9	14	  798.57	   99.63	   99.82	 1097.16	  595.92	  199.53	    0.00	    0.00	 3090.91	14643.62	 1881.77	  635.17	    3.77	    0.00	    0.00	    0.00	    0.84	    0.00	    0.00	    0.00	    0.00	    0.00	    0.00	    0.00
9	15	    0.00	    0.00	   19.28	   84.41	   52.76	    0.00	    0.00	    0.00	  506.37	 8011.01	 2159.78	  214.01	    0.12	    0.00	    0.00	    0.00	    0.00	    0.00	    0.00	    0.00	    0.00	    0.00	    0.00	    0.00
9	16	  399.13	    0.02	   99.98	  499.90	  199.93	    0.04	    0.09	    0.12	  899.69	 3900.68	 1000.17	  599.88	  499.90	    0.11	    0.13	    0.12	    0.00	    0.05	    0.07	    0.15	    0.05	    0.15	    0.05	    0.03
10	3	    0.00	    0.00	    0.00	    0.00	    0.00	    0.00	    0.00	    0.00	    0.00	    1.32	 3406.51	    0.00	    0.00	 1200.02	    2.48	    0.00	    0.26	    0.00	    1.04	    0.00	    0.06	    0.93	  696.41	    0.04
10	9	    0.36	    0.09	    0.08	    0.36	    0.14	    0.12	    0.00	    0.00	    0.00	    0.00	11137.02	 2926.98	 2012.79	 1116.95	    0.00	    0.00	    0.00	    0.00	    0.00	    0.00	    0.00	    0.00	  346.91	   60.98
10	11	    0.00	    0.00	    0.00	    0.00	    0.00	    0.00	    0.00	    0.00	    0.16	 3246.83	 2400.41	    0.00	    0.00	  705.51	  660.19	  171.00	  915.73	    0.02	  282.92	    0.00	    0.00	    0.00	    0.00	    0.00
10	13	  301.58	  100.17	  100.21	 1001.54	  199.85	  199.78	    0.00	    0.04	  309.60	 1142.52	 5356.05	 1064.61	    8.25	    0.00	    0.00	    0.00	    0.05	    0.00	    0.00	    0.00	    0.00	    0.00	    0.00	    0.00
11	2	    0.00	    0.00	    0.00	    0.00	    0.00	    0.00	    0.00	    0.00	    0.00	    0.10	    0.47	 4607.76	 3606.99	    0.38	    0.08	    0.00	    0.03	    0.00	    0.01	    0.00	  303.79	  500.22	  403.64	  599.69
11	10	    0.54	    0.20	    0.27	    0.08	    0.03	    0.08	    0.00	    0.00	    0.00	    0.00	    0.00	 5391.22	 3020.74	    0.00	    0.00	    0.00	    0.00	    0.00	    0.00	    0.00	    0.04	    0.00	    0.00	    0.60
11	12	 1399.88	  300.08	  299.98	 1001.35	  204.20	  300.27	   99.40	  600.00	  799.69	 1900.00	 1000.73	 3901.02	    0.00	    5.84	    3.62	    0.39	  499.95	    0.06	    1.55	    0.03	    0.00	    0.00	    0.00	    0.00
12	11	    0.00	    0.00	    0.00	    0.00	    0.00	    0.00	    0.08	    0.00	    0.00	    0.00	    0.00	    0.00	 7927.73	    0.41	    0.00	    0.28	    0.00	    0.86	    0.00	  499.87	  603.84	 1200.22	 1103.64	 1100.29
12	23	  899.88	    0.08	  199.98	  401.35	    4.20	  100.27	    0.00	    0.00	  199.69	    0.00	    0.73	 2601.02	 6672.27	    0.00	    0.00	    0.00	    0.00	    0.00	    0.00	    0.00	    0.00	    0.00	    0.00	    0.00
13	10	    0.00	    0.00	    0.00	    0.00	    0.00	    0.00	    0.07	    0.00	    0.00	    0.00	    0.00	    0.00	    0.00	 4622.40	  801.09	    0.20	    0.14	    0.03	  266.23	  196.74	  396.80	  555.55	 2343.26	  660.40
13	14	    1.46	    0.18	    0.19	    1.54	    0.06	    0.04	    0.00	    0.00	    0.00	    0.00	 1141.10	  364.83	   79.39	 6308.68	    0.00	    0.00	    0.00	    0.00	    0.00	    0.00	    0.00	    0.00	 1033.89	  102.46
13	22	    0.13	    0.00	    0.03	  500.02	   99.79	   99.74	    0.00	    0.00	  210.04	  873.80	 2615.02	    0.26	    0.39	 3168.91	  482.09	    0.00	  241.05	    0.00	  151.24	    0.00	    0.00	    0.00	    0.00	    0.00
14	9	    0.00	    0.00	    0.00	    0.00	    0.00	    0.00	    0.00	    0.00	    0.00	    0.00	    0.00	    0.00	    0.00	 1583.22	 7902.33	    0.31	    0.88	    0.06	 3235.17	 1815.01	 1599.30	 4444.31	 1953.14	  739.32
14	13	    0.00	    0.00	    0.00	    0.02	    0.00	    0.00	  199.43	  398.86	  500.44	 1831.28	    0.07	    0.00	    0.00	    0.00	 2583.18	  699.62	  941.15	   99.71	  717.47	  196.59	    1.90	  902.73	    0.00	    0.00
14	18	  300.03	    0.05	    0.01	  200.07	  100.03	    0.05	    0.02	    0.03	  400.41	 3286.21	  838.48	  300.07	  249.78	 2897.33	 5900.08	    0.06	    0.44	    0.01	    0.00	    0.05	  409.56	 2899.91	  899.98	  204.47
14	21	    0.00	    0.00	    0.00	  398.60	  295.95	    0.00	    0.00	    0.00	 1290.05	 5526.14	  784.31	    0.00	    0.00	  528.14	 5014.41	    0.24	 2483.13	    0.00	 2080.79	    0.00	    0.00	    0.00	    0.00	    0.00
15	7	    0.00	    0.00	    0.00	    0.00	    0.00	    0.00	    0.00	    0.00	    0.00	    0.28	    0.00	    0.00	    0.00	    0.05	    0.24	 6409.74	 1974.72	    0.13	    0.39	    0.36	    0.05	    0.08	    0.03	    0.02
15	9	    0.00	    0.06	    0.00	    0.00	    0.00	    0.07	 2396.15	    0.22	    0.00	    0.00	    0.00	    0.00	    0.00	    0.00	    0.00	 6655.64	    0.60	  899.54	    0.21	 1088.36	    0.00	    0.00	    0.00	    0.00
15	16	    0.86	  200.05	    0.01	    0.07	    0.06	  500.13	 1000.35	 1401.17	    0.25	    0.53	    0.09	    0.06	    0.00	    0.00	    0.00	 5924.07	    0.00	  600.27	    0.00	 1436.75	  406.06	    0.00	    0.00	  157.91
15	17	    0.04	    0.02	    0.00	    0.04	    0.01	    0.08	    0.00	    0.39	    0.22	 3612.05	  760.25	    0.08	    0.01	    0.03	    0.52	 7110.56	 3729.83	    0.00	    0.63	    0.00	    0.00	    0.00	    0.00	    0.00
16	9	    0.00	    0.00	    0.00	    0.00	    0.00	    0.00	    0.20	    0.00	    0.00	    0.00	    0.00	    0.00	    0.00	    0.00	    0.00	    1.20	 8098.86	    0.19	    0.00	    0.16	    0.00	    0.00	    0.00	    0.00
16	15	    0.00	    0.00	    0.00	    0.00	    0.00	    0.00	    0.00	    0.00	    0.00	    1.47	    0.37	    0.00	    0.00	  690.49	 1185.34	    0.00	 8505.03	    0.00	 1284.59	    0.00	    0.06	    0.11	    0.05	    0.03
16	18	    0.03	    0.09	    0.00	    0.02	    0.01	    0.17	    0.23	    1.29	    0.04	    0.17	    0.00	    0.00	    0.00	    0.00	    0.00	 3122.99	 6796.11	    0.13	    0.00	    0.00	    0.00	    0.00	    0.00	    0.00
17	6	    0.00	    0.00	    0.00	    0.00	    0.00	    0.00	    0.00	    0.00	    0.06	 1898.24	  498.72	    0.00	  284.79	  599.86	 1100.09	 1733.14	 1125.64	 1199.31	 1399.63	 3099.66	  700.07	 1299.99	  499.97	  299.99
17	15	   28.01	   33.57	    7.57	   28.95	   18.09	   78.39	 4796.50	  201.56	   27.57	    0.38	    0.12	   19.39	  599.47	    9.59	   15.41	    0.00	    0.12	 1999.93	   16.63	 4125.48	 1006.06	 1199.97	  499.99	  457.91
17	19	  299.99	  300.05	    0.00	  299.99	  100.04	  800.25	 2900.51	 3998.67	  599.86	 1014.33	  161.55	    0.02	    0.00	    0.00	    0.00	 4877.42	 2004.22	 1600.76	    0.00	    0.00	    0.00	    0.00	    0.00	    0.00
18	14	    0.00	    0.24	    0.00	    0.00	    0.00	    0.49	  699.39	  998.81	    0.00	    0.00	    0.00	    0.00	    0.00	    0.00	    0.00	 1900.07	 4924.76	  299.75	 6833.43	 3111.19	    0.17	    0.41	    0.17	    0.07
18	16	    0.04	    0.02	    0.01	    0.05	    0.02	    0.00	    0.00	    0.00	    0.10	    0.42	    0.11	    0.07	    0.10	 1390.39	 2685.21	    0.00	    0.00	    0.00	 2984.51	  263.26	  193.94	 1699.96	  599.99	  142.09
18	19	    0.02	    0.00	    0.00	    0.04	    0.02	    0.03	    0.00	    0.00	    0.35	 1485.95	  438.37	    0.00	    0.00	 1206.95	 2414.87	    0.00	  171.79	    0.00	 2982.06	    0.00	    0.00	    0.00	    0.00	    0.00
19	17	    0.00	    0.00	    0.00	    0.00	    0.00	    0.00	    0.00	    0.00	    0.00	    0.22	    0.00	    0.75	  984.19	  709.42	 1314.98	    0.00	    0.15	    0.00	 1715.64	 7625.14	 1806.12	 2799.96	 1099.96	  757.90
19	18	    0.00	  100.13	    0.00	    0.00	    0.00	  200.29	 1099.14	 1697.49	    0.00	    0.00	    0.00	    0.00	   50.32	    0.01	    0.00	   77.03	    0.00	  599.61	    0.00	 4574.40	  184.54	    0.47	    0.18	   37.70
19	20	    0.00	    0.00	    0.00	    0.01	    0.05	  100.01	  601.03	  600.50	    0.06	    0.05	    0.02	    0.01	    0.03	    0.02	    0.03	 1500.69	  475.65	  201.01	   66.53	 2701.67	    0.00	    0.08	    0.03	    0.02
19	21	    0.00	   99.92	    0.00	    0.02	    0.01	  199.98	  700.35	  800.68	    0.16	    0.23	    0.05	    0.00	    0.00	    0.00	    0.17	 1699.70	    0.28	  400.14	    0.07	 3598.79	    0.19	    0.00	    0.00	    0.00
20	19	    0.00	    0.00	    0.00	    0.00	    0.00	    0.00	    0.00	    0.00	    0.00	    0.11	    0.03	  400.66	 1634.35	    0.08	    0.17	    0.00	    0.07	    0.00	    0.18	    0.00	 3190.85	    0.23	    2.38	 1195.29
20	21	  264.78	    0.07	   66.20	    0.00	    0.00	    0.03	    0.06	    0.08	    0.00	    0.00	    0.00	  463.37	 1457.11	    0.00	    0.00	    0.16	    0.00	    0.03	    0.00	    0.41	 4612.58	    0.00	    0.09	 1578.94
20	23	    0.00	    0.00	    0.00	    0.00	    0.00	    0.02	  400.97	  200.42	    0.20	  487.71	    0.00	    0.00	    0.00	    0.00	  685.90	  900.61	  210.88	  100.98	  252.57	 1501.26	 3196.56	 2371.87	    0.00	    0.00
21	14	    0.00	    0.00	    0.00	    0.00	    0.00	    0.00	    0.06	    0.08	    0.00	    0.00	    0.00	    0.07	  866.61	    0.00	    0.00	    0.16	    0.00	    0.03	    0.00	    0.46	 2810.59	10846.54	 2819.07	 1241.25
21	19	    0.00	    0.00	    0.00	    0.00	    0.00	    0.00	    0.00	    0.00	    0.00	    0.11	    0.11	    0.09	    0.19	    2.42	    0.15	    0.00	    0.00	    0.00	    0.00	    0.00	    0.00	 5200.28	 1797.79	    0.33
21	20	    0.00	    0.00	    0.00	    0.00	   96.00	    0.00	    0.00	    0.00	  300.14	 1687.77	    2.35	    0.00	    0.00	    0.82	 1486.03	    0.08	  335.30	    0.00	  586.22	    0.00	    0.00	 4172.02	    0.77	    0.00
21	22	    0.00	    0.00	    0.00	    0.00	    0.00	    0.01	  200.35	  300.68	  290.07	 1238.49	    0.00	    0.00	    0.00	    0.00	  928.40	  499.86	  448.11	  100.14	  294.64	 1198.74	    2.18	 4181.17	    0.00	    0.00
22	13	    0.01	    0.00	    0.00	    0.00	    0.00	    0.00	    0.64	    1.10	    0.00	    0.00	    0.00	    0.48	  671.53	    0.00	    0.00	    0.58	    0.00	    0.31	    0.00	  500.15	  794.90	  852.82	 4477.15	 1162.86
22	21	  135.22	    0.02	   33.80	    1.38	    0.04	    0.00	    0.00	    0.00	    0.00	    0.00	  318.10	  236.78	  709.70	  675.10	    0.00	    0.00	    0.00	    0.00	    0.00	    0.00	    0.00	    0.00	 6717.54	  762.64
22	23	    0.03	    0.00	    0.00	    0.06	    0.01	    0.01	    0.05	    0.10	    0.11	  312.29	  996.98	    0.00	    0.00	 1393.82	  410.49	    0.15	   89.16	    0.00	  145.88	    0.62	    0.26	 1229.01	 3305.31	    0.00
23	12	    0.00	    0.00	    0.00	    0.00	    0.00	    0.00	  300.68	    0.00	    0.00	    0.00	    0.00	    0.00	    0.00	  594.57	  696.38	  599.89	    0.05	  100.80	  298.45	 1099.85	 1203.84	 2500.22	 1903.64	 1800.29
23	20	  364.78	    0.06	   66.20	  199.99	    3.95	    0.04	    0.00	    0.00	    0.00	    0.00	  397.66	 1164.02	 3691.43	  399.25	    0.00	    0.00	    0.00	    0.00	    0.00	    0.00	    0.00	    0.00	  701.67	 3274.21
23	22	  435.13	    0.02	  133.78	    1.42	    0.26	    0.26	    0.35	    0.52	    0.00	    0.00	    0.06	  937.00	 2180.84	    0.00	    0.00	    0.88	    0.00	    0.17	    0.00	    2.03	 1492.99	    0.66	    0.00	 2625.50
