i	j	o9d1l10
0	1	 4491.90
0	2	 8118.35
1	0	 4519.26
1	5	 5966.20
2	0	 8090.99
2	3	14023.00
2	11	10036.63
3	2	14041.71
3	4	18020.09
3	10	 5209.15
4	3	18040.51
4	5	 8797.67
4	8	15789.65
5	1	 5993.55
5	4	 8805.75
5	7	12490.40
6	7	12106.51
6	17	15802.83
7	5	12525.84
7	6	12043.39
7	8	 6885.04
7	15	 8384.08
8	4	15802.00
8	7	 6837.00
8	9	21750.13
9	8	21814.44
9	10	17728.53
9	14	23131.42
9	15	11045.73
9	16	 8100.75
10	3	 5307.44
10	9	17605.47
10	11	 8366.54
10	13	 9778.09
11	2	 9990.56
11	10	 8404.68
11	12	12303.76
12	11	12395.82
12	23	11119.01
13	10	 9815.18
13	14	 9033.88
13	22	 8399.04
14	9	23192.87
14	13	 9078.81
14	18	19083.66
14	21	18402.75
15	7	 8404.44
15	9	11072.23
15	16	11686.85
15	17	15289.83
16	9	 8100.17
16	15	11677.36
16	18	 9952.26
17	6	15865.96
17	15	15346.17
17	19	18988.47
18	14	19113.97
18	16	 9942.18
18	19	 8685.63
19	17	19007.93
19	18	 8705.87
19	20	 6307.69
19	21	 7000.31
20	19	 6244.43
20	21	 8618.13
20	23	10306.92
21	14	18378.82
21	19	 7003.27
21	20	 8605.34
21	22	 9658.46
22	13	 8391.19
22	21	 9624.70
22	23	 7900.32
23	12	11111.07
23	20	10256.46
23	22	 7858.71
