i	j	       0	       1	       2	       3	       4	       5	       6	       7	       8	       9	      10	      11	      12	      13	      14	      15	      16	      17	      18	      19	      20	      21	      22	      23
0	1	 2600.63	    0.00	  268.15	  200.02	   23.29	    0.00	    0.01	    0.02	   46.58	  139.75	  200.02	  479.06	  460.78	  100.01	   23.33	    0.02	    0.04	    0.00	    0.01	    0.00	    0.01	    0.14	    0.12	   28.61
0	2	 6199.37	 1235.22	    0.00	    0.00	    0.00	  237.45	  197.63	  345.82	    0.00	    0.00	    0.00	    0.00	    0.00	    0.00	    0.00	   71.17	    0.00	   12.80	    0.00	    0.00	    0.00	    0.00	    0.00	    0.00
1	0	    0.00	 1335.22	    0.00	    0.00	    0.00	  537.45	  697.61	 1145.79	    0.00	    0.00	    0.00	    0.00	    0.00	    0.00	    0.00	  571.15	    0.28	  112.80	    0.03	  299.92	    0.00	    0.00	    0.00	    0.00
1	5	 2500.63	 2664.78	  168.15	    0.04	    0.00	    0.00	    0.00	    0.00	    0.00	    0.00	    0.04	  379.06	  160.78	    0.01	    0.00	    0.00	    0.00	    0.00	    0.00	    0.00	    0.01	    0.03	    0.12	   28.61
2	0	    0.00	    0.00	  368.15	  700.02	  223.29	    0.00	    0.03	    0.05	  546.58	 1439.75	  700.02	  679.06	  960.78	  400.01	  523.33	    0.04	  399.75	    0.00	  299.99	    0.08	  100.01	  400.14	  300.12	  128.61
2	3	 4499.04	  735.00	 1931.65	    0.00	    0.00	    0.04	    0.00	    0.00	    0.00	    0.00	    0.00	 3661.51	 2455.09	    0.08	    0.00	    0.00	    0.00	    0.00	    0.00	    0.00	  201.22	    0.39	    2.18	  471.13
2	11	 1600.34	  400.22	  500.19	 1601.54	  404.35	  500.36	  700.14	 1200.00	 1399.75	  833.45	    1.35	    0.00	    0.00	    0.38	   77.54	  349.80	  235.01	   89.97	   33.23	    0.05	    0.00	    0.00	    0.00	    0.00
3	2	    0.00	    0.00	    0.00	 2501.56	  727.65	  562.94	  602.55	 1054.23	 2046.33	 2573.20	 1001.19	    0.00	    0.00	  500.24	  700.82	  478.67	  734.77	   77.18	  333.22	    0.06	    0.00	    0.06	    0.05	    0.00
3	4	 3197.51	  234.82	 1331.43	 6696.81	    0.00	    0.00	    0.00	    0.00	    0.00	    0.07	  910.66	 3061.19	 1854.83	  200.01	    0.08	    0.00	    0.03	    0.00	    0.02	    0.00	    1.25	    0.11	  199.87	  271.14
3	10	  801.52	  300.22	  400.23	 2401.62	  699.94	  599.81	    0.24	   89.72	    1.20	    0.16	    0.00	    0.32	    0.26	    0.06	    0.06	    0.11	    0.04	    0.02	    0.02	    0.02	    0.02	    0.04	    0.05	    0.02
4	3	    0.00	    0.04	    0.00	    0.00	 1927.59	 1562.71	 1002.79	 1843.95	 2747.54	 3773.22	    0.00	    0.00	    0.00	    0.00	 1198.37	 1278.78	 1234.61	  177.19	  532.18	  300.09	    0.03	  398.71	    0.00	    0.00
4	5	    0.00	    0.00	  527.40	 2142.00	 1260.22	    0.00	    0.02	    0.03	  553.55	 1260.27	  410.50	 1464.20	  607.73	  100.02	  276.64	    0.04	    0.04	    0.00	    0.02	    0.01	    0.01	    0.00	   99.87	   71.38
4	8	 2997.51	  899.30	  704.03	 4054.82	 2912.20	 1399.23	    0.09	    0.09	    0.00	    0.00	    0.17	 1396.99	 1047.10	    0.00	    0.00	    0.05	    0.00	    0.01	    0.00	    0.02	    0.00	    0.00	    0.00	  199.77
5	1	    0.00	    0.00	    0.00	    0.02	   76.71	  937.45	  897.60	 1545.77	  153.42	  460.25	    0.02	    0.00	    0.00	    0.01	   76.67	  971.13	  200.25	  112.80	  100.01	  399.92	    0.00	   99.89	    0.00	    0.00
5	4	    0.00	  764.52	    0.00	    0.00	    0.00	 3161.94	 1083.13	 2117.17	    0.00	    0.00	    0.00	    0.00	    0.00	    0.00	    0.00	 1183.20	    0.07	  160.78	    0.03	  355.54	    0.02	    0.00	    0.00	    0.00
5	7	 2200.63	 1500.26	  395.55	 1742.02	  983.51	 3500.61	    0.00	    0.00	    0.14	    0.13	   10.52	 1643.26	  568.51	    0.02	    0.00	    0.00	    0.00	    0.00	    0.00	    0.00	    0.00	    0.00	    0.00	    0.00
6	7	    0.00	    0.00	    0.00	    0.00	    0.00	    0.00	 6000.21	    0.00	    0.00	    0.00	    0.00	    0.00	    0.00	  399.93	  599.83	    1.34	    0.19	  889.78	  999.68	 2599.12	  500.15	  799.79	  299.98	  199.99
6	17	  436.46	  344.00	   10.88	  443.52	  127.26	 1002.72	 6099.79	 4562.13	  841.99	    0.29	    0.13	  226.37	    0.01	    0.00	    0.00	    0.00	    0.02	    0.00	    0.00	    0.00	    0.00	    0.00	    0.00	    0.00
7	5	    0.00	    0.00	    0.00	    0.00	    0.00	    0.00	 2380.71	 4462.91	    0.00	    0.12	    0.00	    0.00	    0.00	    0.00	    0.04	 3054.30	  700.27	  373.57	  300.02	 1055.45	  100.00	  299.86	    0.00	    0.01
7	6	  936.46	  544.00	  110.88	  843.52	  327.26	 1402.72	    0.00	 5562.13	 1441.94	    2.19	    1.45	  926.30	   94.83	    0.00	    0.00	    0.00	    0.11	    0.00	    0.00	    0.00	    0.00	    0.00	    0.00	    0.00
7	8	    0.00	    0.00	    0.00	    0.00	    0.00	    0.00	 2619.53	 3337.04	    0.00	    0.00	    0.00	    0.00	    0.00	    0.00	    0.00	  430.10	    0.00	  216.31	    0.00	  643.93	    0.19	    0.00	    0.00	    0.00
7	15	  464.24	  556.30	  176.26	  699.12	  436.94	 1297.98	    0.16	 3337.93	  944.84	    0.00	    0.05	  496.34	    0.06	    0.00	    0.00	    0.00	    0.00	    0.00	    0.00	    0.00	    0.00	    0.00	    0.00	    0.00
8	4	    0.00	    0.00	    0.00	    0.00	    0.00	    0.00	  119.77	  226.90	 4101.09	 6033.41	    0.00	    0.00	    0.00	    0.00	 1674.93	  595.67	 1434.56	   16.43	  632.15	   44.58	   98.77	  598.61	    0.00	    0.00
8	7	    0.08	    0.04	   91.58	  500.63	  280.69	    0.09	    0.00	    0.00	 3186.65	 1601.92	  790.98	  379.38	  126.37	    0.00	    0.00	    0.00	    0.22	    0.00	    0.00	    0.00	    0.00	    0.00	    0.00	    0.00
8	9	 2497.44	  699.26	  512.44	 2854.19	 1831.50	  999.14	 1899.94	 2310.23	 8912.26	    0.00	    0.00	  417.66	  320.78	    0.00	    0.00	    0.24	    0.00	    0.06	    0.00	    0.00	    0.00	    0.00	    0.00	    0.00
9	8	    0.00	    0.00	    0.00	    0.00	    0.00	    0.00	    0.08	    0.00	    0.00	10435.33	 2190.82	    0.05	    0.05	  600.00	 2674.93	 1565.75	 2334.78	    0.17	 1032.15	    0.63	  398.58	 1298.61	  500.00	    0.23
9	10	    0.00	    0.00	    0.00	    0.00	    0.00	    0.00	  499.54	  710.32	 1715.21	 8223.72	    0.00	    0.00	    0.00	    0.00	 1350.17	 1750.40	 1864.52	  199.91	  446.73	  459.14	    1.52	  509.26	    0.00	    0.00
9	14	  799.53	   99.66	   99.94	 1098.50	  595.85	  199.32	    0.00	    0.00	 3083.79	14543.68	 1887.07	  650.42	    0.70	    0.00	    0.00	    0.00	    0.78	    0.00	    0.00	    0.00	    0.00	    0.00	    0.00	    0.00
9	15	    0.00	    0.00	   12.87	   57.40	   35.88	    0.00	    0.00	    0.00	  413.35	 8096.74	 2186.80	  175.80	    0.34	    0.00	    0.00	    0.00	    0.00	    0.00	    0.00	    0.00	    0.00	    0.00	    0.00	    0.00
9	16	  399.27	    0.02	   99.98	  499.91	  199.96	    0.04	    0.08	    0.11	  899.91	 3900.53	  999.89	  599.84	  499.87	    0.10	    0.12	    0.11	    0.00	    0.05	    0.07	    0.14	    0.05	    0.14	    0.05	    0.02
10	3	    0.00	    0.00	    0.00	    0.00	    0.00	    0.00	    0.00	    0.00	    0.00	    0.21	 3411.86	    0.00	    0.00	 1200.24	    2.58	    0.00	    0.22	    0.00	    1.08	    0.00	    0.02	    1.11	  697.79	    0.04
10	9	    1.36	    0.37	    0.35	    1.62	    0.18	    0.15	    0.00	    0.00	    0.00	    0.00	11164.57	 3008.46	 2080.18	 1051.92	    0.00	    0.00	    0.00	    0.00	    0.00	    0.00	    0.00	    0.00	  290.83	   50.20
10	11	    0.00	    0.00	    0.00	    0.00	    0.00	    0.00	    0.00	    0.00	    0.10	 3066.55	 2399.54	    0.00	    0.00	  843.65	  659.71	  350.68	  864.88	    0.02	  282.71	    0.00	    0.00	    0.00	    0.00	    0.00
10	13	  300.59	  100.01	  100.09	 1000.08	  199.78	  199.73	    0.00	    0.04	  316.31	 1157.12	 5324.03	 1049.72	    5.71	    0.00	    0.00	    0.00	    0.04	    0.00	    0.00	    0.00	    0.00	    0.00	    0.00	    0.00
11	2	    0.00	    0.00	    0.00	    0.00	    0.00	    0.00	    0.00	    0.00	    0.00	    0.00	    0.18	 4540.57	 3515.88	    0.22	    0.05	    0.00	    0.00	    0.00	    0.00	    0.06	  301.22	  500.46	  402.26	  599.74
11	10	    0.43	    0.16	    0.21	    0.08	    0.02	    0.07	    0.00	    0.00	    0.00	    0.00	    0.00	 5457.86	 3085.63	    0.00	    0.00	    0.00	    0.00	    0.00	    0.00	    0.00	    0.04	    0.00	    0.00	    0.30
11	12	 1399.91	  300.06	  299.98	 1001.46	  204.33	  300.28	    0.37	  600.00	  799.85	 1900.00	 1000.71	 3901.57	    0.00	  143.94	   37.24	    0.98	  499.90	    0.01	   15.96	    0.00	    0.00	    0.00	    0.00	    0.00
12	11	    0.00	    0.00	    0.00	    0.00	    0.00	    0.00	    0.22	    0.00	    0.00	    0.00	    0.00	    0.00	 7901.50	    0.14	    0.04	    0.50	    0.00	  110.02	    0.02	  500.02	  601.26	 1200.46	 1102.26	 1100.04
12	23	  899.91	    0.06	  199.98	  401.46	    4.33	  100.28	    0.00	    0.00	  199.85	    0.00	    0.71	 2601.57	 6698.50	    0.00	    0.00	    0.00	    0.00	    0.00	    0.00	    0.00	    0.00	    0.00	    0.00	    0.00
13	10	    0.00	    0.00	    0.00	    0.00	    0.00	    0.00	    0.22	    0.00	    0.00	    0.00	    0.00	    0.00	    0.00	 4695.74	  712.07	    0.17	    0.58	    0.09	  237.04	  140.84	  398.45	  591.81	 2288.57	  649.91
13	14	    0.50	    0.01	    0.07	    0.69	    0.02	    0.01	    0.00	    0.00	    0.00	    0.00	 1029.25	  349.71	   87.87	 6300.52	    0.00	    0.00	    0.00	    0.00	    0.00	    0.00	    0.00	    0.00	 1175.75	  116.25
13	22	    0.10	    0.01	    0.02	  499.41	   99.77	   99.72	    0.00	    0.00	  207.13	  849.44	 2694.85	    0.26	    0.00	 3103.74	  454.69	    0.00	  239.93	    0.00	  141.00	    0.00	    0.00	    0.00	    0.00	    0.00
14	9	    0.00	    0.00	    0.00	    0.00	    0.00	    0.00	    0.00	    0.00	    0.00	    0.00	    0.00	    0.00	    0.00	 1648.18	 8025.21	    0.29	    0.84	    0.05	 3278.76	 1179.72	 1600.14	 4408.01	 2009.22	  750.06
14	13	    0.00	    0.00	    0.00	    0.00	    0.00	    0.00	  199.82	  399.33	  490.82	 1792.33	    0.06	    0.00	    0.00	    0.00	 2466.76	  699.62	  940.48	   99.89	  678.03	  639.87	    0.58	  674.08	    0.00	    0.00
14	18	  300.03	    0.04	    0.01	  200.07	  100.03	    0.07	    0.02	    0.03	  400.15	 3200.85	  811.30	  300.19	  257.74	 2896.98	 5899.61	    0.05	    0.40	    0.01	    0.00	    0.05	  446.46	 2899.82	  899.95	  214.99
14	21	    0.00	    0.00	    0.00	  399.12	  295.83	    0.00	    0.00	    0.00	 1292.83	 5550.50	  704.95	    0.00	    0.00	  455.36	 5008.42	    0.22	 2570.13	    0.00	 2099.70	    0.00	    0.00	    0.00	    0.00	    0.00
15	7	    0.00	    0.00	    0.00	    0.00	    0.00	    0.00	    0.19	    0.00	    0.00	    0.26	    0.00	    0.00	    0.00	    0.05	    0.21	 5683.06	 2099.97	    0.10	    0.34	    0.26	    0.04	    0.07	    0.03	    0.02
15	9	    0.00	    0.05	    0.00	    0.00	    0.00	    0.07	  499.71	    0.21	    0.00	    0.00	    0.00	    0.00	    0.00	    0.00	    0.00	 7714.63	    0.55	  899.85	    0.19	 1780.01	    0.00	    0.00	    0.00	    0.00
15	16	    0.71	  200.00	    0.01	    0.06	    0.03	  499.99	 1000.18	 1400.22	    0.11	    0.49	    0.09	    0.05	    0.00	    0.00	    0.00	 5846.46	    0.00	  600.24	    0.00	 1428.06	  381.68	    0.09	    0.03	  150.24
15	17	    0.00	    0.00	    0.00	    0.00	    0.00	    0.00	    0.00	    0.00	    0.44	 3697.61	  787.17	    0.18	    0.00	    0.03	    0.15	 6855.85	 3528.01	    0.00	    0.15	    0.00	    0.00	    0.00	    0.00	    0.00
16	9	    0.00	    0.00	    0.00	    0.00	    0.00	    0.00	    0.06	    0.00	    0.00	    0.00	    0.00	    0.00	    0.00	    0.00	    0.00	    1.10	 8098.69	    0.17	    0.00	    0.17	    0.00	    0.00	    0.00	    0.00
16	15	    0.00	    0.00	    0.00	    0.00	    0.00	    0.00	    0.00	    0.00	    0.08	    1.26	    0.29	    0.09	    0.07	  682.88	 1171.98	    0.00	 8428.41	    0.00	 1269.99	    0.00	    0.05	    0.10	    0.04	    0.03
16	18	    0.03	    0.02	    0.00	    0.02	    0.01	    0.03	    0.20	    0.33	    0.03	    0.15	    0.00	    0.00	    0.00	    0.00	    0.00	 3045.46	 6872.90	    0.11	    0.00	    0.00	    0.00	    0.00	    0.00	    0.00
17	6	    0.00	    0.00	    0.00	    0.00	    0.00	    0.00	    0.00	    0.00	    0.05	 1898.10	  498.68	    0.07	  305.18	  599.93	 1099.83	 1401.34	 1000.11	 1089.78	 1399.68	 3099.12	  700.15	 1299.79	  499.98	  299.99
17	15	   36.47	   43.75	   10.88	   43.53	   27.21	  102.09	 2899.92	  262.50	   42.28	    0.36	    0.11	   28.01	  599.53	   17.20	   28.38	    0.00	    0.11	 2000.18	   30.69	 4808.33	  981.68	 1200.06	  500.02	  450.24
17	19	  299.99	  300.25	    0.00	  299.99	  100.05	  800.63	 2999.87	 3999.63	  600.10	 1099.65	  188.53	    0.04	    0.00	    0.00	    0.00	 4954.51	 1927.94	 1710.03	    0.00	    0.00	    0.00	    0.00	    0.00	    0.00
18	14	    0.00	    0.37	    0.00	    0.00	    0.00	    0.75	  699.75	  999.25	    0.00	    0.00	    0.00	    0.00	    0.00	    0.00	    0.00	 1899.96	 5011.07	  299.92	 6856.49	 2919.15	    0.15	    0.37	    0.16	    0.07
18	16	    0.04	    0.00	    0.01	    0.05	    0.02	    0.00	    0.00	    0.00	    0.09	    0.39	    0.32	    0.19	    0.20	 1382.78	 2671.85	    0.00	    0.00	    0.00	 2969.92	  271.97	  218.32	 1699.87	  599.96	  149.76
18	19	    0.02	    0.00	    0.00	    0.04	    0.02	    0.02	    0.00	    0.00	    0.09	 1400.61	  410.98	    0.00	    0.00	 1214.21	 2427.76	    0.00	  162.23	    0.00	 2973.59	    0.00	    0.00	    0.00	    0.00	    0.00
19	17	    0.00	    0.00	    0.00	    0.00	    0.00	    0.00	    0.00	    0.00	    0.00	    0.20	    0.02	    1.56	 1004.70	  717.10	 1328.06	    0.00	    0.14	    0.00	 1730.22	 8307.45	 1781.83	 2799.85	 1099.99	  750.23
19	18	    0.00	  100.32	    0.00	    0.00	    0.00	  200.67	 1099.53	 1698.89	    0.00	    0.00	    0.00	    0.00	   42.46	    0.01	    0.00	  154.45	    0.00	  599.79	    0.00	 4391.08	  172.01	    0.42	    0.17	   34.84
19	20	    0.00	    0.00	    0.00	    0.01	    0.06	  100.08	  700.20	  600.54	    0.01	    0.05	    0.02	    0.01	    0.02	    0.02	    0.03	 1500.21	  389.58	  310.17	   43.47	 2701.18	    0.00	    0.07	    0.03	    0.02
19	21	    0.00	   99.93	    0.00	    0.02	    0.01	  199.91	  700.14	  800.20	    0.18	    0.21	    0.04	    0.00	    0.00	    0.00	    0.16	 1699.85	    0.53	  400.07	    0.08	 3100.30	    0.17	    0.00	    0.00	    0.00
20	19	    0.00	    0.00	    0.00	    0.00	    0.00	    0.00	    0.00	    0.00	    0.00	    0.10	    0.02	  401.46	 1647.00	    0.08	    0.16	    0.00	    0.07	    0.00	    0.17	    0.00	 3154.01	    0.21	    2.62	 1184.80
20	21	  266.00	    0.05	   66.50	    0.00	    0.00	    0.11	    0.25	    0.27	    0.00	    0.00	    0.00	  465.50	 1468.38	    0.00	    0.00	    0.62	    0.00	    0.15	    0.00	    1.33	 4648.61	    0.00	    0.00	 1590.69
20	23	    0.00	    0.00	    0.00	    0.00	    0.00	    0.02	  499.97	  200.32	    0.03	  474.29	    0.00	    0.00	    0.00	    0.00	  646.93	  899.74	  197.38	  210.04	  235.81	 1499.99	 3197.38	 2257.84	    0.00	    0.00
21	14	    0.00	    0.00	    0.00	    0.00	    0.00	    0.00	    0.08	    0.11	    0.00	    0.00	    0.00	    0.06	  869.17	    0.00	    0.00	    0.21	    0.00	    0.04	    0.00	    0.49	 2847.03	10581.54	 2733.26	 1248.73
21	19	    0.00	    0.00	    0.00	    0.00	    0.00	    0.00	    0.00	    0.00	    0.00	    0.09	    0.55	    0.08	    0.18	    2.84	    0.34	    0.00	    0.00	    0.00	    0.00	    0.00	    0.00	 5200.13	 1797.57	    0.29
21	20	    0.01	    0.00	    0.00	    0.02	   95.89	    0.01	    0.02	    0.05	  300.00	 1674.34	    1.45	    0.04	    0.00	    1.05	 1447.06	    0.15	  407.87	    0.01	  592.51	    0.15	    0.00	 4057.98	    0.81	    0.00
21	22	    0.00	    0.00	    0.00	    0.00	    0.00	    0.01	  200.28	  300.31	  293.00	 1276.27	    0.00	    0.00	    0.00	    0.00	  961.18	  500.33	  462.79	  100.17	  307.27	  701.00	    1.75	 4560.35	    0.00	    0.00
22	13	    0.01	    0.00	    0.00	    0.02	    0.00	    0.00	    0.40	    0.64	    0.00	    0.00	    0.00	    0.25	  682.16	    0.00	    0.00	    0.55	    0.00	    0.19	    0.01	    0.97	  797.87	 1117.72	 4564.32	 1166.16
22	21	  134.01	    0.02	   33.50	    0.89	    0.05	    0.00	    0.00	    0.00	    0.00	    0.00	  397.01	  234.67	  700.98	  748.53	    0.00	    0.00	    0.00	    0.00	    0.00	    0.00	    0.00	    0.00	 6631.64	  758.34
22	23	    0.00	    0.00	    0.00	    0.02	    0.00	    0.01	    0.20	    0.16	    0.13	  325.71	  997.90	    0.00	    0.00	 1255.21	  415.87	    0.57	  102.72	    0.13	  148.25	    1.13	    0.06	 1343.65	 3304.04	    0.00
23	12	    0.00	    0.00	    0.00	    0.00	    0.00	    0.00	  399.86	    0.00	    0.00	    0.00	    0.00	    0.00	    0.00	  456.20	  662.80	  599.52	    0.10	  210.01	  284.06	 1100.02	 1201.26	 2500.46	 1902.26	 1800.04
23	20	  365.98	    0.05	   66.50	  199.97	    4.05	    0.03	    0.00	    0.00	    0.01	    0.00	  398.55	 1166.91	 3715.35	  399.01	    0.00	    0.00	    0.00	    0.00	    0.00	    0.00	    0.00	    0.00	  701.78	 3275.46
23	22	  433.93	    0.01	  133.48	    1.52	    0.28	    0.28	    0.32	    0.48	    0.00	    0.00	    0.05	  934.66	 2183.14	    0.00	    0.00	    0.80	    0.00	    0.16	    0.00	    1.10	 1496.18	    1.02	    0.00	 2624.49
