i	j	o7d16l21
0	1	 4605.15
0	2	 8143.00
1	0	 4543.69
1	5	 6014.54
2	0	 8204.46
2	3	14055.63
2	11	10052.04
3	2	14097.55
3	4	18054.32
3	10	 5209.30
4	3	18094.86
4	5	 8813.95
4	8	15745.01
5	1	 5953.08
5	4	 8787.48
5	7	12618.90
6	7	12097.72
6	17	16669.05
7	5	12530.97
7	6	12897.64
7	8	 6873.15
7	15	 7865.07
8	4	15812.03
8	7	 7043.73
8	9	21499.07
9	8	21836.66
9	10	17709.62
9	14	22979.47
9	15	10953.49
9	16	 8100.78
10	3	 5310.68
10	9	17583.32
10	11	 8382.20
10	13	 9735.74
11	2	10071.58
11	10	 8371.78
11	12	12338.33
12	11	12447.45
12	23	11070.41
13	10	 9821.24
13	14	 9016.61
13	22	 8361.77
14	9	23230.18
14	13	 9077.27
14	18	18876.12
14	21	18337.80
15	7	 8406.46
15	9	11065.78
15	16	11655.30
15	17	15503.23
16	9	 8101.67
16	15	11594.44
16	18	 9990.88
17	6	15869.13
17	15	16217.77
17	19	19211.30
18	14	19056.10
18	16	 9930.92
18	19	 8578.15
19	17	19025.92
19	18	 8698.19
19	20	 6373.78
19	21	 7003.05
20	19	 6209.20
20	21	 8625.70
20	23	10313.24
21	14	18369.18
21	19	 7002.28
21	20	 8544.16
21	22	 9657.46
22	13	 8386.61
22	21	 9606.53
22	23	 7861.66
23	12	11079.53
23	20	10230.21
23	22	 7835.57
