i	j	o21d5l16
0	1	 4496.83
0	2	 8120.78
1	0	 4521.19
1	5	 5969.84
2	0	 8096.42
2	3	14016.51
2	11	10034.44
3	2	14039.30
3	4	18014.29
3	10	 5210.91
4	3	18038.45
4	5	 8793.99
4	8	15787.60
5	1	 5994.20
5	4	 8802.32
5	7	12490.88
6	7	12099.15
6	17	15791.78
7	5	12523.58
7	6	12040.49
7	8	 6881.68
7	15	 8385.36
8	4	15803.42
8	7	 6834.45
8	9	21750.06
9	8	21818.66
9	10	17728.76
9	14	23131.02
9	15	11047.23
9	16	 8100.51
10	3	 5309.55
10	9	17606.71
10	11	 8367.50
10	13	 9778.68
11	2	 9987.28
11	10	 8405.96
11	12	12303.80
12	11	12395.10
12	23	11119.72
13	10	 9816.81
13	14	 9037.57
13	22	 8398.17
14	9	23196.42
14	13	 9080.42
14	18	19089.69
14	21	18402.69
15	7	 8406.63
15	9	11072.25
15	16	11691.32
15	17	15470.24
16	9	 8100.73
16	15	11679.20
16	18	 9957.74
17	6	15850.43
17	15	15528.65
17	19	18976.58
18	14	19119.61
18	16	 9945.84
18	19	 8690.89
19	17	18993.64
19	18	 8708.91
19	20	 6302.86
19	21	 7004.24
20	19	 6240.73
20	21	 8618.67
20	23	10305.96
21	14	18381.02
21	19	 7001.44
21	20	 8606.82
21	22	 9658.48
22	13	 8393.46
22	21	 9622.17
22	23	 7902.09
23	12	11111.02
23	20	10255.69
23	22	 7861.06
