i	j	o5d15l21
0	1	 4543.52
0	2	 8131.30
1	0	 4531.81
1	5	 5990.63
2	0	 8143.01
2	3	14031.92
2	11	10043.55
3	2	14063.64
3	4	18031.87
3	10	 5208.72
4	3	18063.66
4	5	 8804.70
4	8	15769.70
5	1	 5978.92
5	4	 8797.43
5	7	12547.93
6	7	12101.86
6	17	16195.02
7	5	12528.95
7	6	12402.81
7	8	 6873.02
7	15	 8167.92
8	4	15808.75
8	7	 6922.72
8	9	21643.45
9	8	21832.20
9	10	17717.92
9	14	23068.81
9	15	11002.65
9	16	 8100.57
10	3	 5308.65
10	9	17594.59
10	11	 8373.83
10	13	 9759.56
11	2	10023.55
11	10	 8387.77
11	12	12318.05
12	11	12411.99
12	23	11100.39
13	10	 9822.22
13	14	 9026.56
13	22	 8377.48
14	9	23213.86
14	13	 9077.94
14	18	18992.95
14	21	18372.43
15	7	 8400.19
15	9	11069.52
15	16	11668.11
15	17	15401.96
16	9	 8100.73
16	15	11634.49
16	18	 9970.97
17	6	15894.07
17	15	15734.71
17	19	19103.68
18	14	19090.24
18	16	 9937.52
18	19	 8631.13
19	17	19035.48
19	18	 8694.97
19	20	 6340.01
19	21	 7001.89
20	19	 6234.92
20	21	 8615.78
20	23	10310.33
21	14	18371.57
21	19	 7002.62
21	20	 8574.85
21	22	 9656.72
22	13	 8388.76
22	21	 9615.66
22	23	 7881.01
23	12	11094.33
23	20	10246.17
23	22	 7851.23
