i	j	o18d22l41
0	1	 4500.87
0	2	 8119.41
1	0	 4519.86
1	5	 5972.84
2	0	 8100.43
2	3	14013.98
2	11	10036.82
3	2	14043.89
3	4	18011.44
3	10	 5212.05
4	3	18044.95
4	5	 8792.88
4	8	15785.00
5	1	 5991.82
5	4	 8804.71
5	7	12493.13
6	7	12103.01
6	17	15799.82
7	5	12523.95
7	6	12041.60
7	8	 6881.00
7	15	 8386.57
8	4	15806.68
8	7	 6835.02
8	9	21748.18
9	8	21823.89
9	10	17726.65
9	14	23129.17
9	15	11045.80
9	16	 8100.39
10	3	 5308.45
10	9	17607.71
10	11	 8364.40
10	13	 9778.94
11	2	 9987.92
11	10	 8404.56
11	12	12303.09
12	11	12394.36
12	23	11119.94
13	10	 9816.24
13	14	 9035.97
13	22	 8396.77
14	9	23196.67
14	13	 9077.47
14	18	19085.85
14	21	18404.00
15	7	 8401.95
15	9	11072.61
15	16	11686.88
15	17	15291.60
16	9	 8100.71
16	15	11677.77
16	18	 9951.26
17	6	15861.23
17	15	15342.90
17	19	18992.78
18	14	19117.39
18	16	 9942.48
18	19	 8684.33
19	17	19005.50
19	18	 8707.09
19	20	 6305.10
19	21	 7003.18
20	19	 6241.46
20	21	 8617.19
20	23	10306.67
21	14	18381.46
21	19	 7002.31
21	20	 8605.02
21	22	 9659.12
22	13	 8392.57
22	21	 9623.54
22	23	 7899.62
23	12	11111.21
23	20	10255.19
23	22	 7859.83
