i	j	       0	       1	       2	       3	       4	       5	       6	       7	       8	       9	      10	      11	      12	      13	      14	      15	      16	      17	      18	      19	      20	      21	      22	      23
0	1	 2600.40	    0.00	  264.60	  200.02	   17.31	    0.00	    0.01	    0.02	   34.63	  104.19	  200.02	  472.02	  458.07	  100.00	   17.35	    0.02	    0.03	    0.00	    0.01	    0.00	    0.01	    0.07	    0.10	   28.06
0	2	 6199.60	 1155.76	    0.00	    0.00	    0.00	  233.46	  142.27	  246.92	    0.00	    0.00	    0.00	    0.00	    0.00	    0.00	    0.00	  105.25	    0.00	   35.28	    0.00	    0.02	    0.00	    0.00	    0.00	    0.00
1	0	    0.00	 1255.76	    0.00	    0.00	    0.00	  533.46	  642.25	 1046.89	    0.00	    0.00	    0.00	    0.00	    0.00	    0.00	    0.00	  605.23	    0.57	  135.27	    0.03	  299.98	    0.00	    0.02	    0.00	    0.00
1	5	 2500.40	 2744.24	  164.60	    0.04	    0.00	    0.00	    0.00	    0.00	    0.00	    0.00	    0.04	  372.02	  158.07	    0.01	    0.00	    0.00	    0.00	    0.00	    0.00	    0.00	    0.01	    0.03	    0.10	   28.06
2	0	    0.00	    0.00	  364.60	  700.02	  217.31	    0.00	    0.03	    0.05	  534.63	 1404.19	  700.02	  672.02	  958.07	  400.00	  517.35	    0.04	  399.47	    0.00	  299.99	    0.04	  100.00	  400.05	  300.10	  128.06
2	3	 4499.59	  655.65	 1935.36	    0.00	    0.00	    0.00	    0.00	    0.00	    0.00	    0.00	    0.00	 3752.61	 2500.61	    0.08	    0.00	    0.00	    0.00	    0.00	    0.00	    0.00	  202.76	    0.02	    2.01	  471.66
2	11	 1600.01	  400.11	  500.03	 1601.93	  402.75	  500.45	  770.71	 1200.00	 1399.53	  663.14	    0.44	    0.00	    0.00	    0.15	   52.63	  535.62	  186.94	  199.91	   22.56	    0.17	    0.00	    0.00	    0.00	    0.00
3	2	    0.00	    0.00	    0.00	 2501.95	  720.07	  566.99	  728.47	 1153.12	 2034.15	 2367.33	  999.97	    0.00	    0.00	  499.85	  669.93	  630.41	  686.40	  164.63	  322.55	    0.16	    0.00	    0.07	    0.05	    0.00
3	4	 3198.52	  155.58	 1335.26	 6697.23	    0.00	    0.00	    0.00	    0.00	    0.00	    0.11	  904.78	 3151.91	 1900.17	  200.08	    0.07	    0.00	    0.01	    0.00	    0.02	    0.00	    2.90	    0.18	  199.95	  271.70
3	10	  801.07	  300.11	  400.11	 2400.82	  699.73	  599.58	    0.04	    4.29	    0.36	    0.16	    0.00	    0.70	    0.43	    0.06	    0.05	    0.27	    0.04	    0.02	    0.02	    0.02	    0.02	    0.04	    0.05	    0.02
4	3	    0.00	    0.04	    0.00	    0.00	 1919.80	 1566.57	 1128.51	 1857.41	 2734.51	 3565.61	    0.00	    0.00	    0.00	    0.00	 1168.79	 1430.68	 1185.88	  264.65	  522.06	  300.18	    0.03	  399.36	    0.00	    0.00
4	5	    0.00	    0.00	  527.40	 2132.28	 1280.96	    0.00	    0.02	    0.03	  565.52	 1295.76	  404.31	 1450.87	  583.44	  100.02	  282.48	    0.04	    0.04	    0.00	    0.09	    0.01	    0.01	    0.00	   99.90	   71.93
4	8	 2998.52	  899.82	  707.86	 4064.95	 2899.24	 1399.87	    0.02	    0.10	    0.00	    0.00	    0.47	 1501.04	 1116.73	    0.07	    0.00	    0.06	    0.00	    0.01	    0.00	    0.02	    0.00	    0.00	    0.06	  199.77
5	1	    0.00	    0.00	    0.00	    0.02	   82.69	  933.46	  842.24	 1446.88	  165.37	  495.81	    0.02	    0.00	    0.00	    0.01	   82.65	 1005.21	  200.53	  135.27	  100.01	  399.98	    0.00	   99.97	    0.00	    0.00
5	4	    0.00	  844.28	    0.00	    0.00	    0.00	 3166.45	 1029.01	 1808.60	    0.00	    0.00	    0.00	    0.00	    0.00	    0.00	    0.00	 1445.20	    0.51	  203.10	    0.03	  306.34	    0.00	    0.00	    0.00	    0.00
5	7	 2200.40	 1499.96	  392.00	 1732.30	  998.28	 3500.09	    0.00	    0.00	    0.14	    0.06	    4.33	 1622.89	  541.51	    0.03	    0.00	    0.00	    0.00	    0.00	    0.00	    0.00	    0.00	    0.00	    0.00	    0.00
6	7	    0.00	    0.00	    0.00	    0.00	    0.00	    0.00	 4172.39	    0.00	    0.00	    0.00	    0.00	    0.00	    0.00	  399.77	  599.80	  392.81	  138.57	  999.84	  999.33	 2599.15	  499.96	  799.79	  299.94	  199.97
6	17	  430.20	  336.20	    8.36	  431.26	  130.23	  984.65	 7927.61	 4517.01	  821.92	    0.75	    0.12	  217.45	    0.10	    0.00	    0.00	    0.00	    0.02	    0.00	    0.00	    0.00	    0.00	    0.00	    0.00	    0.00
7	5	    0.00	    0.00	    0.00	    0.00	    0.00	    0.00	 2271.23	 4055.45	    0.00	    0.12	    0.00	    0.00	    0.00	    0.00	    0.17	 3350.38	  701.00	  438.37	  299.95	 1006.30	   99.99	  299.95	    0.00	    0.01
7	6	  930.20	  536.20	  108.36	  831.26	  330.23	 1384.65	    0.00	 5517.01	 1421.87	    3.02	    0.85	  917.39	   64.28	    0.00	    0.00	    0.00	    0.10	    0.00	    0.00	    0.00	    0.00	    0.00	    0.00	    0.00
7	8	    0.00	    0.00	    0.00	    0.00	    0.00	    0.00	  901.16	 3744.03	    0.00	    0.00	    0.00	    0.00	    0.00	    0.00	    0.00	 1282.88	    0.10	  261.80	    0.00	  693.83	    0.11	    0.00	    0.00	    0.00
7	15	  470.27	  563.80	  172.55	  683.27	  469.81	 1315.52	    0.00	 3383.51	  854.63	    0.00	    0.06	  472.13	    0.24	    0.00	    0.00	    0.00	    0.00	    0.00	    0.00	    0.00	    0.00	    0.00	    0.00	    0.00
8	4	    0.00	    0.00	    0.00	    0.00	    0.00	    0.00	  299.54	  548.93	 4100.03	 5861.26	    0.00	    0.00	    0.00	    0.00	 1651.20	  485.57	 1385.40	   61.56	  622.10	   93.88	   97.13	  599.17	    0.00	    0.00
8	7	    0.07	    0.04	   88.91	  482.23	  301.76	    0.09	    0.00	    0.00	 3076.35	 1602.82	  796.58	  366.62	  123.01	    0.00	    0.00	    0.00	    0.22	    0.00	    0.00	    0.00	    0.00	    0.00	    0.00	    0.00
8	9	 2498.45	  699.78	  518.94	 2882.72	 1797.48	  999.79	    1.86	 2395.20	 9023.62	    0.00	    0.00	  534.47	  393.78	    0.00	    0.00	    0.73	    0.00	    0.32	    0.00	    0.28	    0.00	    0.00	    0.00	    0.00
9	8	    0.00	    0.00	    0.00	    0.00	    0.00	    0.00	    0.22	    0.00	    0.00	10264.08	 2196.11	    0.05	    0.05	  599.94	 2651.20	  603.37	 2285.52	    0.07	 1022.10	    0.31	  397.02	 1299.17	  499.94	    0.23
9	10	    0.00	    0.00	    0.00	    0.00	    0.00	    0.00	  499.78	  795.74	 1720.76	 8421.65	    0.00	    0.00	    0.00	    0.00	 1286.68	 1564.52	 1913.17	  199.93	  425.15	  425.10	    1.00	  475.13	    0.00	    0.00
9	14	  798.94	   99.81	   99.87	 1097.29	  597.51	  199.81	    0.00	    0.00	 3079.39	14572.99	 1914.58	  659.94	    7.06	    0.00	    0.00	    0.00	    0.76	    0.00	    0.00	    0.00	    0.00	    0.00	    0.00	    0.00
9	15	    0.00	    0.00	   19.09	   85.51	    0.00	    0.00	    0.00	    0.00	  523.63	 8040.59	 2167.06	  208.75	    0.10	    0.00	    0.00	    0.00	    0.00	    0.00	    0.00	    0.00	    0.00	    0.00	    0.00	    0.00
9	16	  399.51	    0.02	   99.98	  499.91	  199.97	    0.04	    0.08	    0.11	  899.84	 3900.69	  999.81	  599.90	  499.91	    0.06	    0.12	    0.11	    0.00	    0.05	    0.07	    0.14	    0.05	    0.14	    0.05	    0.02
10	3	    0.00	    0.00	    0.00	    0.00	    0.00	    0.00	    0.00	    0.00	    0.00	    1.99	 3404.75	    0.00	    0.00	 1199.92	    1.27	    0.00	    0.57	    0.00	    0.52	    0.00	    0.13	    0.91	  698.04	    0.06
10	9	    0.00	    0.00	    0.00	    0.00	    0.00	    0.00	    0.00	    0.00	    0.00	    0.00	11177.56	 2934.17	 2013.35	 1089.85	    0.00	    0.00	    0.00	    0.00	    0.00	    0.00	    0.00	    0.00	  331.48	   57.27
10	11	    0.00	    0.00	    0.00	    0.00	    0.00	    0.00	    0.00	    0.00	    0.10	 3236.86	 2400.67	    0.00	    0.00	  718.93	  650.84	  164.79	  912.92	    0.02	  278.91	    0.00	    0.00	    0.00	    0.00	    0.00
10	13	  301.18	  100.15	  100.16	 1000.89	  199.76	  199.65	    0.00	    0.03	  321.02	 1182.96	 5317.02	 1040.18	   15.99	    0.00	    0.00	    0.00	    0.04	    0.00	    0.00	    0.00	    0.00	    0.00	    0.00	    0.00
11	2	    0.00	    0.00	    0.00	    0.00	    0.00	    0.00	    0.00	    0.00	    0.00	    0.00	    0.49	 4624.63	 3558.68	    0.38	    0.05	    0.00	    0.00	    0.00	    0.00	    0.03	  302.76	  500.01	  402.06	  599.72
11	10	    0.10	    0.04	    0.05	    0.08	    0.02	    0.07	    0.00	    0.00	    0.00	    0.00	    0.00	 5373.65	 3028.91	    0.00	    0.00	    0.00	    0.00	    0.00	    0.00	    0.00	    0.04	    0.00	    0.00	    0.32
11	12	 1399.91	  300.07	  299.98	 1001.85	  202.73	  300.39	   70.77	  600.00	  799.63	 1900.00	 1000.62	 3901.72	    0.00	   18.94	    3.60	    0.48	  499.85	    0.03	    1.54	    0.04	    0.00	    0.00	    0.00	    0.00
12	11	    0.00	    0.00	    0.00	    0.00	    0.00	    0.00	    0.06	    0.00	    0.00	    0.00	    0.00	    0.00	 7887.59	    0.25	    0.18	    0.06	    0.00	    0.10	    0.08	  499.90	  602.80	 1200.01	 1102.06	 1100.05
12	23	  899.91	    0.07	  199.98	  401.85	    2.73	  100.39	    0.00	    0.00	  199.63	    0.00	    0.62	 2601.72	 6712.41	    0.00	    0.00	    0.00	    0.00	    0.00	    0.00	    0.00	    0.00	    0.00	    0.00	    0.00
13	10	    0.00	    0.00	    0.00	    0.00	    0.00	    0.00	    0.18	    0.00	    0.00	    0.00	    0.00	    0.00	    0.00	 4608.63	  765.38	    0.00	    0.32	    0.07	  254.26	  174.87	  399.08	  625.74	 2329.47	  656.98
13	14	    1.09	    0.14	    0.14	    1.44	    0.05	    0.04	    0.00	    0.00	    0.00	    0.00	 1021.77	  340.05	  100.57	 6274.65	    0.00	    0.00	    0.00	    0.00	    0.00	    0.00	    0.00	    0.00	 1160.80	  134.53
13	22	    0.10	    0.01	    0.02	  499.47	   99.71	   99.62	    0.00	    0.00	  197.96	  815.69	 2695.31	    0.16	    0.00	 3216.72	  424.73	    0.00	  217.29	    0.00	  131.61	    0.00	    0.00	    0.00	    0.00	    0.00
14	9	    0.00	    0.00	    0.00	    0.00	    0.00	    0.00	    0.00	    0.00	    0.00	    0.00	    0.00	    0.00	    0.00	 1610.14	 7937.99	    0.28	    0.75	    0.05	 3247.13	 1717.51	 1598.07	 4374.44	 1968.51	  742.98
14	13	    0.00	    0.00	    0.00	    0.00	    0.00	    0.00	  199.67	  399.33	  476.93	 1732.73	    0.06	    0.00	    0.00	    0.00	 2490.10	  699.38	  917.57	   99.83	  685.86	  673.67	    0.61	  701.86	    0.00	    0.00
14	18	  300.03	    0.05	    0.01	  200.06	  100.03	    0.05	    0.02	    0.03	  400.14	 3256.00	  831.94	  300.05	  281.81	 2896.92	 5899.94	    0.05	    0.39	    0.01	    0.00	    0.05	  551.55	 2899.92	  899.98	  264.32
14	21	    0.00	    0.00	    0.00	  398.67	  297.53	    0.00	    0.00	    0.00	 1302.32	 5584.26	  704.35	    0.00	    0.00	  467.60	 5071.96	    0.22	 2488.86	    0.00	 2087.31	    0.00	    0.00	    0.00	    0.00	    0.00
15	7	    0.00	    0.00	    0.00	    0.00	    0.00	    0.00	    0.00	    0.00	    0.00	    0.25	    0.00	    0.00	    0.00	    0.21	    0.37	 6440.45	 1962.42	    0.33	    0.62	    0.99	    0.14	    0.16	    0.06	    0.04
15	9	    0.00	    0.05	    0.00	    0.00	    0.00	    0.07	 2397.99	    0.65	    0.00	    0.00	    0.00	    0.00	    0.00	    0.00	    0.00	 6565.45	    0.54	  899.44	    0.19	 1207.56	    0.00	    0.00	    0.00	    0.00
15	16	    0.48	  199.98	    0.01	    0.06	    0.03	  500.02	 1000.34	 1400.21	    0.11	    0.48	    0.08	    0.05	    0.00	    0.00	    0.00	 5967.38	    0.00	  600.30	    0.00	 1540.35	  352.94	    0.00	    0.00	  124.53
15	17	    0.02	    0.00	    0.00	    0.02	    0.00	    0.02	    0.00	    0.14	    0.51	 3641.58	  767.40	    0.12	    0.00	    0.03	    0.14	 7126.72	 3753.85	    0.00	    0.14	    0.00	    0.00	    0.00	    0.00	    0.00
16	9	    0.00	    0.00	    0.00	    0.00	    0.00	    0.00	    0.23	    0.00	    0.00	    0.00	    0.00	    0.00	    0.00	    0.00	    0.00	    1.53	 8098.17	    0.24	    0.00	    0.19	    0.00	    0.00	    0.00	    0.00
16	15	    0.00	    0.00	    0.00	    0.00	    0.00	    0.00	    0.00	    0.00	    0.00	    1.37	    0.25	    0.00	    0.00	  690.39	 1184.25	    0.00	 8516.71	    0.00	 1283.38	    0.00	    0.05	    0.10	    0.04	    0.03
16	18	    0.03	    0.02	    0.00	    0.02	    0.01	    0.06	    0.19	    0.32	    0.03	    0.15	    0.00	    0.00	    0.00	    0.00	    0.00	 3165.95	 6785.12	    0.11	    0.00	    0.00	    0.00	    0.00	    0.00	    0.00
17	6	    0.00	    0.00	    0.00	    0.00	    0.00	    0.00	    0.00	    0.00	    0.05	 1897.73	  499.27	    0.06	  335.82	  599.77	 1099.80	 1792.81	 1138.49	 1199.84	 1399.33	 3099.15	  699.96	 1299.79	  499.94	  299.97
17	15	   30.22	   36.23	    8.36	   31.29	   30.22	   84.58	 4798.33	  217.49	   22.37	    0.35	    0.11	   19.30	  599.66	    9.85	   16.26	    0.00	    0.11	 2000.06	   17.56	 4348.90	  953.03	 1200.06	  500.02	  424.55
17	19	  299.99	  299.97	    0.00	  299.99	  100.01	  800.09	 2929.28	 3999.66	  600.01	 1044.45	  168.18	    0.06	    0.07	    0.00	    0.00	 4833.92	 2015.42	 1600.09	    0.00	    0.00	    0.00	    0.00	    0.00	    0.00
18	14	    0.00	    0.10	    0.00	    0.00	    0.00	    0.20	  699.63	  999.28	    0.00	    0.00	    0.00	    0.00	    0.00	    0.00	    0.00	 1899.78	 4906.80	  299.87	 6820.31	 3490.80	    0.15	    0.36	    0.15	    0.07
18	16	    0.04	    0.02	    0.01	    0.05	    0.02	    0.00	    0.00	    0.00	    0.08	    0.35	    0.36	    0.05	    0.09	 1390.33	 2684.13	    0.00	    0.00	    0.00	 2983.32	  159.71	  247.06	 1699.97	  599.99	  175.47
18	19	    0.02	    0.00	    0.00	    0.04	    0.02	    0.02	    0.00	    0.00	    0.09	 1455.80	  431.58	    0.00	    0.00	 1206.60	 2415.81	    0.00	  178.71	    0.00	 2996.37	    0.00	    0.00	    0.00	    0.00	    0.00
19	17	    0.00	    0.00	    0.00	    0.00	    0.00	    0.00	    0.00	    0.00	    0.00	    0.20	    0.04	    1.85	 1035.44	  709.59	 1315.92	    0.00	    0.13	    0.00	 1716.75	 7848.04	 1752.99	 2799.84	 1099.96	  724.52
19	18	    0.00	  100.05	    0.00	    0.00	    0.00	  200.12	 1099.42	 1698.94	    0.00	    0.00	    0.00	    0.00	   18.28	    0.01	    0.00	   33.78	    0.00	  599.75	    0.00	 4850.46	   95.66	    0.41	    0.16	   11.21
19	20	    0.00	    0.00	    0.00	    0.01	    0.02	  100.01	  629.45	  600.37	    0.05	    0.05	    0.02	    0.01	    0.02	    0.02	    0.03	 1499.99	  493.96	  200.15	   79.72	 2700.60	    0.00	    0.07	    0.03	    0.02
19	21	    0.00	   99.92	    0.00	    0.02	    0.01	  199.98	  700.41	  800.35	    0.05	    0.20	    0.04	    0.00	    0.00	    0.00	    0.16	 1700.14	    0.10	  400.19	    0.07	 3100.90	    0.17	    0.00	    0.00	    0.00
20	19	    0.00	    0.00	    0.00	    0.00	    0.00	    0.00	    0.00	    0.00	    0.00	    0.10	    0.02	  401.77	 1653.58	    0.08	    0.16	    0.00	    0.07	    0.00	    0.17	    0.00	 3048.82	    0.23	    1.63	 1135.47
20	21	  262.81	    0.06	   65.70	    0.18	    0.00	    0.03	    0.06	    0.07	    0.00	    0.00	    0.00	  459.92	 1465.93	    0.00	    0.00	    0.15	    0.00	    0.03	    0.00	    0.39	 4752.93	    0.00	    0.72	 1609.30
20	23	    0.00	    0.00	    0.00	    0.00	    0.00	    0.02	  429.39	  200.30	    0.18	  490.08	    0.00	    0.00	    0.00	    0.00	  688.39	  899.92	  215.47	  100.12	  255.32	 1500.21	 3198.24	 2329.22	    0.00	    0.00
21	14	    0.00	    0.00	    0.00	    0.00	    0.00	    0.00	    0.06	    0.08	    0.00	    0.00	    0.00	    0.06	  874.17	    0.00	    0.00	    0.15	    0.00	    0.03	    0.00	    0.43	 2950.08	10575.86	 2707.54	 1272.71
21	19	    0.00	    0.00	    0.00	    0.00	    0.00	    0.00	    0.00	    0.00	    0.00	    0.10	    0.31	    0.03	    0.10	    2.94	    0.14	    0.00	    0.00	    0.00	    0.00	    0.00	    0.00	 5200.10	 1798.53	    0.28
21	20	    0.01	    0.00	    0.00	    0.02	   97.59	    0.00	    0.00	    0.00	  300.14	 1690.13	    1.75	    0.00	    0.00	    0.91	 1488.52	    0.08	  321.58	    0.00	  575.77	    0.00	    0.00	 4129.38	    0.40	    0.00
21	22	    0.00	    0.00	    0.00	    0.00	    0.00	    0.01	  200.41	  300.35	  302.24	 1294.23	    0.00	    0.00	    0.00	    0.00	  983.45	  500.29	  467.38	  100.20	  311.62	  700.85	    3.02	 4494.67	    0.00	    0.00
22	13	    0.01	    0.00	    0.00	    0.02	    0.00	    0.00	    0.52	    0.64	    0.00	    0.00	    0.00	    0.03	  684.59	    0.00	    0.00	    0.62	    0.00	    0.24	    0.01	    1.20	  798.47	 1123.88	 4590.27	 1191.52
22	21	  137.20	    0.03	   34.30	    1.16	    0.05	    0.00	    0.00	    0.00	    0.00	    0.00	  397.67	  240.17	  708.34	  736.26	    0.00	    0.00	    0.00	    0.00	    0.00	    0.00	    0.00	    0.00	 6605.75	  763.69
22	23	    0.01	    0.00	    0.00	    0.02	    0.00	    0.01	    0.14	    0.08	    0.19	  309.92	  997.69	    0.00	    0.00	 1380.46	  408.18	    0.30	   84.67	    0.08	  143.22	    0.51	    0.05	 1270.87	 3303.98	    0.00
23	12	    0.00	    0.00	    0.00	    0.00	    0.00	    0.00	  329.29	    0.00	    0.00	    0.00	    0.00	    0.00	    0.00	  581.31	  696.58	  599.59	    0.15	  100.08	  298.53	 1099.86	 1202.80	 2500.01	 1902.06	 1800.05
23	20	  362.80	    0.05	   65.70	  200.15	    2.39	    0.03	    0.00	    0.00	    0.00	    0.00	  398.26	 1161.68	 3719.49	  399.15	    0.00	    0.00	    0.00	    0.00	    0.00	    0.00	    0.00	    0.00	  701.92	 3244.75
23	22	  437.12	    0.02	  134.28	    1.73	    0.34	    0.38	    0.25	    0.37	    0.00	    0.00	    0.05	  940.04	 2192.93	    0.00	    0.00	    0.63	    0.00	    0.12	    0.00	    0.86	 1495.50	    0.09	    0.00	 2655.21
