i	j	o22d9l71
0	1	 4496.44
0	2	 8122.11
1	0	 4522.51
1	5	 5968.57
2	0	 8096.03
2	3	14019.24
2	11	10036.14
3	2	14040.87
3	4	18014.47
3	10	 5211.71
4	3	18040.79
4	5	 8795.06
4	8	15786.86
5	1	 5994.64
5	4	 8805.22
5	7	12490.81
6	7	12105.08
6	17	15803.95
7	5	12527.04
7	6	12044.62
7	8	 6880.79
7	15	 8383.30
8	4	15803.02
8	7	 6836.63
8	9	21750.18
9	8	21822.18
9	10	17725.38
9	14	23129.88
9	15	11047.29
9	16	 8100.23
10	3	 5307.02
10	9	17608.98
10	11	 8364.58
10	13	 9778.10
11	2	 9988.43
11	10	 8404.04
11	12	12302.11
12	11	12393.87
12	23	11119.34
13	10	 9817.55
13	14	 9037.34
13	22	 8397.56
14	9	23194.64
14	13	 9080.12
14	18	19085.47
14	21	18402.23
15	7	 8403.23
15	9	11070.93
15	16	11687.47
15	17	15291.93
16	9	 8100.23
16	15	11676.59
16	18	 9953.16
17	6	15864.42
17	15	15346.39
17	19	18992.25
18	14	19118.46
18	16	 9942.28
18	19	 8683.62
19	17	19007.16
19	18	 8705.72
19	20	 6304.31
19	21	 7002.72
20	19	 6242.49
20	21	 8614.41
20	23	10304.41
21	14	18376.78
21	19	 7001.56
21	20	 8603.39
21	22	 9660.40
22	13	 8394.24
22	21	 9622.76
22	23	 7903.57
23	12	11111.09
23	20	10253.61
23	22	 7862.61
