i	j	o20d15l63
0	1	 4480.09
0	2	 8128.39
1	0	 4529.23
1	5	 5954.12
2	0	 8079.24
2	3	14004.51
2	11	10049.59
3	2	14045.38
3	4	18000.33
3	10	 5211.27
4	3	18044.20
4	5	 8790.33
4	8	15778.37
5	1	 6003.27
5	4	 8808.82
5	7	12470.15
6	7	12128.49
6	17	15887.67
7	5	12537.79
7	6	12002.47
7	8	 6907.69
7	15	 8377.01
8	4	15803.74
8	7	 6809.27
8	9	21770.98
9	8	21797.93
9	10	17745.42
9	14	23157.37
9	15	11026.63
9	16	 8100.48
10	3	 5308.28
10	9	17612.27
10	11	 8352.55
10	13	 9787.70
11	2	 9959.57
11	10	 8401.67
11	12	12304.48
12	11	12363.58
12	23	11150.89
13	10	 9802.43
13	14	 9040.40
13	22	 8352.80
14	9	23152.92
14	13	 9088.23
14	18	18820.21
14	21	18419.44
15	7	 8417.06
15	9	11090.72
15	16	11746.11
15	17	15341.33
16	9	 8100.93
16	15	11674.83
16	18	 9984.87
17	6	16013.68
17	15	15516.74
17	19	19020.12
18	14	19031.32
18	16	 9914.04
18	19	 8653.05
19	17	19221.55
19	18	 8793.33
19	20	 6331.24
19	21	 7004.44
20	19	 5978.41
20	21	 8861.53
20	23	10294.09
21	14	18151.73
21	19	 7598.97
21	20	 8566.69
21	22	 9631.30
22	13	 8319.71
22	21	 9663.27
22	23	 7914.82
23	12	11110.00
23	20	10236.11
23	22	 7913.70
