i	j	o0d7l15
0	1	 4491.33
0	2	 8915.69
1	0	 4516.95
1	5	 5965.90
2	0	 8890.08
2	3	14021.55
2	11	10039.59
3	2	14046.54
3	4	18019.17
3	10	 5209.48
4	3	18044.88
4	5	 8797.15
4	8	15789.97
5	1	 5991.52
5	4	 8806.95
5	7	12489.03
6	7	12101.64
6	17	15804.61
7	5	12524.45
7	6	12043.53
7	8	 6881.06
7	15	 8384.98
8	4	15805.88
8	7	 6839.15
8	9	21748.11
9	8	21822.11
9	10	17724.88
9	14	23129.21
9	15	11044.86
9	16	 8101.26
10	3	 5308.77
10	9	17605.01
10	11	 8362.75
10	13	 9778.43
11	2	 9988.98
11	10	 8403.81
11	12	12303.82
12	11	12394.27
12	23	11120.43
13	10	 9816.80
13	14	 9038.03
13	22	 8395.37
14	9	23196.19
14	13	 9079.70
14	18	19085.72
14	21	18405.22
15	7	 8404.19
15	9	11072.55
15	16	11688.92
15	17	15286.97
16	9	 8100.44
16	15	11677.93
16	18	 9953.16
17	6	15862.73
17	15	15344.87
17	19	18991.71
18	14	19119.24
18	16	 9941.36
18	19	 8684.32
19	17	19007.72
19	18	 8706.03
19	20	 6305.68
19	21	 7001.76
20	19	 6242.99
20	21	 8618.10
20	23	10304.70
21	14	18380.35
21	19	 7002.17
21	20	 8604.49
21	22	 9661.30
22	13	 8392.07
22	21	 9623.22
22	23	 7901.92
23	12	11110.88
23	20	10255.63
23	22	 7860.55
