i	j	       0	       1	       2	       3	       4	       5	       6	       7	       8	       9	      10	      11	      12	      13	      14	      15	      16	      17	      18	      19	      20	      21	      22	      23
0	1	 2600.59	    0.00	  309.01	  200.04	   46.14	    0.00	    0.01	    0.02	   92.27	  276.86	  200.04	  581.26	  504.18	  100.00	   46.05	    0.02	    0.03	    0.00	    0.02	    0.00	    0.01	    0.09	    0.17	   35.24
0	2	 6199.41	 1332.47	    0.00	    0.00	    0.00	  198.90	  104.53	  182.90	    0.00	    0.00	    0.00	    0.00	    0.00	    0.00	    0.00	   71.42	    0.00	   25.94	    0.00	    0.02	    0.00	    0.00	    0.00	    0.00
1	0	    0.00	 1432.47	    0.00	    0.00	    0.00	  498.90	  604.51	  982.87	    0.00	    0.00	  500.00	    0.00	    0.00	    0.00	    0.00	  571.40	    0.46	  125.93	    0.03	  300.01	    0.00	    0.00	    0.00	    0.00
1	5	 2500.59	 2567.53	  209.01	    0.05	    0.00	    0.00	    0.00	    0.00	    0.00	    0.00	    0.05	  481.26	  204.18	    0.01	    0.00	    0.00	    0.00	    0.00	    0.00	    0.00	    0.01	    0.03	    0.17	   35.24
2	0	    0.00	    0.00	  409.01	  700.04	  246.14	    0.00	    0.03	    0.05	  592.27	 1576.86	  200.04	  781.26	 1004.18	  400.00	  546.05	    0.04	  399.58	    0.00	  299.99	    0.02	  100.01	  400.09	  300.17	  135.24
2	3	 4499.01	  832.16	 1890.76	    0.00	    0.00	    0.00	    0.00	    0.00	    0.00	    0.00	    0.00	 3643.94	 2447.01	    0.08	    0.00	    0.00	    0.00	    0.00	    0.00	    0.00	  202.92	    0.43	    1.86	  464.22
2	11	 1600.40	  400.30	  500.23	 1600.99	  402.98	  500.30	  769.66	 1200.00	 1399.65	  644.50	    0.45	    0.00	    0.00	    0.15	   50.69	  553.77	  181.78	  199.43	   21.72	    0.20	    0.00	    0.08	    0.08	    0.00
3	2	    0.00	    0.00	    0.00	 2501.02	  749.12	  601.40	  765.15	 1217.15	 2091.92	 2521.36	  500.22	    0.00	    0.00	  499.83	  696.69	  682.38	  681.36	  173.50	  321.71	    0.19	    0.02	    0.14	    0.13	    0.01
3	4	 3198.64	  332.26	 1290.86	 6698.53	    0.00	    0.00	    0.00	    0.00	    0.00	    0.11	 1403.80	 3043.60	 1846.73	  200.02	    0.07	    0.00	    0.01	    0.00	    0.02	    0.00	    2.95	    0.04	  199.83	  264.23
3	10	  800.37	  299.95	  399.91	 2400.45	  700.02	  599.85	    0.56	    6.40	    0.78	    0.16	    0.00	    0.34	    0.28	    0.06	    0.06	    0.11	    0.04	    0.04	    0.02	    0.02	    0.02	    0.04	    0.05	    0.02
4	3	    0.00	    0.04	    0.00	    0.00	 1949.14	 1601.26	 1165.71	 1923.54	 2792.70	 3719.88	    0.00	    0.00	    0.00	    0.00	 1195.86	 1482.49	 1180.86	  273.54	  521.36	  300.22	    0.03	  399.19	    0.00	    0.00
4	5	    0.00	    0.00	  487.03	 2133.06	 1232.00	    0.00	    0.02	    0.03	  507.87	 1123.08	  903.63	 1359.21	  534.21	  100.02	  253.61	    0.04	    0.04	    0.00	    0.10	    0.01	    0.01	    0.00	   99.83	   64.74
4	8	 2998.64	  899.83	  703.83	 4065.47	 2918.85	 1399.80	    0.02	    0.10	    0.00	    0.00	    0.17	 1484.39	 1112.52	    0.00	    0.00	    0.06	    0.00	    0.01	    0.00	    0.02	    0.00	    0.00	    0.00	  199.49
5	1	    0.00	    0.00	    0.00	    0.02	   53.86	  898.90	  804.50	 1382.85	  107.73	  323.14	  500.02	    0.00	    0.00	    0.01	   53.95	  971.38	  200.42	  125.93	  100.01	  400.00	    0.00	   99.93	    0.00	    0.00
5	4	    0.00	  667.61	    0.00	    0.00	    0.00	 3201.06	 1059.06	 1865.93	    0.00	    0.00	    0.00	    0.00	    0.00	    0.00	    0.00	 1490.83	    0.17	  210.48	    0.03	  308.55	    0.05	    0.23	    0.00	    0.00
5	7	 2200.59	 1499.92	  396.03	 1733.09	  978.14	 3500.04	    0.00	    0.00	    0.15	    0.07	    3.67	 1640.46	  538.39	    0.02	    0.00	    0.00	    0.00	    0.00	    0.00	    0.00	    0.00	    0.00	    0.00	    0.00
6	7	    0.00	    0.00	    0.00	    0.00	    0.00	    0.00	 4172.18	    0.00	    0.00	    0.00	    0.00	    0.00	    0.00	  399.92	  599.99	  389.34	  139.73	  999.62	  999.35	 2599.54	  500.10	  800.06	  299.97	  199.99
6	17	  431.12	  337.25	    7.87	  430.09	  118.87	  987.19	 7927.82	 4523.45	  823.15	    0.59	    0.15	  216.55	    0.05	    0.00	    0.00	    0.00	    0.03	    0.00	    0.00	    0.00	    0.00	    0.00	    0.00	    0.00
7	5	    0.00	    0.00	    0.00	    0.00	    0.00	    0.00	 2263.55	 4048.75	    0.00	    0.12	    0.00	    0.00	    0.00	    0.00	    0.34	 3362.18	  700.55	  436.40	  299.93	 1008.54	  100.04	  300.13	    0.00	    0.01
7	6	  931.12	  537.25	  107.87	  830.09	  318.87	 1387.19	    0.00	 5523.45	 1423.09	    2.43	    0.63	  916.49	   60.87	    0.00	    0.00	    0.00	    0.11	    0.00	    0.00	    0.00	    0.00	    0.00	    0.00	    0.00
7	8	    0.00	    0.00	    0.00	    0.00	    0.00	    0.00	  908.63	 3751.34	    0.00	    0.00	    0.00	    0.00	    0.00	    0.00	    0.00	 1269.54	    0.00	  263.34	    0.00	  691.31	    0.11	    0.00	    0.00	    0.00
7	15	  469.54	  562.71	  173.07	  682.93	  426.83	 1312.94	    0.00	 3376.47	  897.52	    0.00	    0.06	  484.24	    0.46	    0.00	    0.00	    0.00	    0.00	    0.00	    0.00	    0.00	    0.00	    0.00	    0.00	    0.00
8	4	    0.00	    0.00	    0.00	    0.00	    0.00	    0.00	  306.69	  557.75	 4100.58	 5842.86	    0.00	    0.00	    0.00	    0.00	 1649.40	  491.75	 1380.72	   63.08	  621.42	   91.71	   97.03	  598.92	    0.00	    0.00
8	7	    0.08	    0.04	   84.91	  479.93	  267.56	    0.09	    0.00	    0.00	 3120.47	 1602.23	  797.03	  360.27	  122.94	    0.00	    0.00	    0.00	    0.22	    0.00	    0.00	    0.00	    0.00	    0.00	    0.00	    0.00
8	9	 2498.57	  699.79	  518.92	 2885.54	 1851.29	  999.72	    2.01	 2393.69	 8978.96	    0.00	    0.00	  524.24	  389.70	    0.00	    0.00	    0.24	    0.00	    0.37	    0.00	    0.00	    0.00	    0.00	    0.00	    0.00
9	8	    0.00	    0.00	    0.00	    0.00	    0.00	    0.00	    0.05	    0.00	    0.00	10245.08	 2196.86	    0.12	    0.12	  600.00	 2649.40	  622.40	 2280.95	    0.09	 1021.42	    0.37	  396.92	 1298.92	  500.00	    0.51
9	10	    0.00	    0.00	    0.00	    0.00	    0.00	    0.00	  499.44	  793.78	 1712.94	 8411.05	    0.00	    0.00	    0.00	    0.00	 1308.83	 1546.06	 1918.41	  199.92	  433.13	  426.94	    1.27	  478.93	    0.00	    0.00
9	14	  799.53	   99.90	   99.94	 1098.94	  597.09	  199.84	    0.00	    0.00	 3086.52	14600.31	 1886.00	  652.15	    4.67	    0.00	    0.00	    0.00	    0.79	    0.00	    0.00	    0.00	    0.00	    0.00	    0.00	    0.00
9	15	    0.00	    0.00	   19.07	   86.99	   54.37	    0.00	    0.00	    0.00	  479.66	 8042.88	 2165.27	  198.09	    0.11	    0.00	    0.00	    0.00	    0.00	    0.00	    0.00	    0.00	    0.00	    0.00	    0.00	    0.00
9	16	  399.32	    0.02	   99.98	  499.91	  199.94	    0.04	    0.08	    0.12	  899.84	 3900.68	 1000.07	  599.89	  499.76	    0.06	    0.12	    0.11	    0.00	    0.05	    0.07	    0.14	    0.05	    0.14	    0.05	    0.02
10	3	    0.00	    0.00	    0.00	    0.00	    0.00	    0.00	    0.00	    0.00	    0.00	    1.75	 3404.02	    0.00	    0.00	 1199.83	    0.95	    0.00	    0.55	    0.00	    0.39	    0.00	    0.03	    0.61	  698.14	    0.05
10	9	    0.28	    0.07	    0.07	    0.30	    0.12	    0.09	    0.00	    0.00	    0.00	    0.00	11148.21	 2926.01	 2014.97	 1137.84	    0.00	    0.00	    0.00	    0.00	    0.00	    0.00	    0.00	    0.00	  332.86	   44.42
10	11	    0.00	    0.00	    0.00	    0.00	    0.00	    0.00	    0.00	    0.00	    0.10	 3255.50	 2400.47	    0.00	    0.00	  715.52	  654.26	  146.34	  918.17	    0.02	  280.37	    0.00	    0.00	    0.00	    0.00	    0.00
10	13	  300.59	  100.06	  100.08	 1000.23	  199.93	  199.83	    0.00	    0.18	  313.61	 1153.96	 5347.30	 1047.31	   17.59	    0.00	    0.00	    0.00	    0.04	    0.00	    0.00	    0.00	    0.00	    0.00	    0.00	    0.00
11	2	    0.00	    0.00	    0.00	    0.00	    0.00	    0.00	    0.00	    0.00	    0.00	    0.00	    0.26	 4625.20	 3551.19	    0.41	    0.05	    0.00	    0.00	    0.00	    0.00	    0.00	  302.92	  500.46	  401.99	  599.45
11	10	    0.50	    0.19	    0.25	    0.08	    0.03	    0.07	    0.00	    0.00	    0.00	    0.00	    0.00	 5372.97	 3032.27	    0.00	    0.00	    0.00	    0.00	    0.00	    0.00	    0.00	    0.23	    0.00	    0.00	    0.35
11	12	 1399.90	  300.11	  299.98	 1000.91	  202.96	  300.23	   69.66	  600.00	  799.75	 1900.00	 1000.66	 3901.83	    0.00	   15.86	    4.89	    0.58	  499.96	    0.03	    2.10	    0.07	    0.00	    0.00	    0.00	    0.00
12	11	    0.00	    0.00	    0.00	    0.00	    0.00	    0.00	    0.00	    0.00	    0.00	    0.00	    0.00	    0.00	 7883.46	    0.59	    0.00	    0.48	    0.00	    0.58	    0.00	  499.87	  603.15	 1200.38	 1101.90	 1099.80
12	23	  899.90	    0.11	  199.98	  400.91	    2.96	  100.23	    0.00	    0.00	  199.75	    0.00	    0.66	 2601.83	 6716.54	    0.00	    0.00	    0.00	    0.00	    0.00	    0.00	    0.00	    0.00	    0.00	    0.00	    0.00
13	10	    0.00	    0.00	    0.00	    0.00	    0.00	    0.00	    0.00	    0.00	    0.00	    0.00	    0.00	    0.00	    0.00	 4653.12	  746.32	    0.16	    0.31	    0.06	  247.61	  173.03	  398.51	  621.64	 2330.95	  644.10
13	14	    0.50	    0.06	    0.07	    0.63	    0.05	    0.04	    0.00	    0.00	    0.00	    0.00	 1062.82	  347.32	   84.69	 6239.17	    0.00	    0.00	    0.00	    0.00	    0.00	    0.00	    0.00	    0.00	 1187.31	  115.63
13	22	    0.10	    0.01	    0.02	  499.62	   99.88	   99.80	    0.00	    0.00	  192.04	  800.23	 2684.55	    0.30	    0.38	 3207.71	  448.96	    0.00	  225.31	    0.00	  141.13	    0.00	    0.00	    0.00	    0.00	    0.00
14	9	    0.00	    0.00	    0.00	    0.00	    0.00	    0.00	    0.00	    0.00	    0.00	    0.00	    0.00	    0.00	    0.00	 1562.23	 7958.35	    0.29	    0.77	    0.05	 3254.44	 1720.36	 1598.24	 4377.98	 1967.19	  756.11
14	13	    0.00	    0.00	    0.00	    0.00	    0.00	    0.00	  199.60	  399.20	  478.43	 1746.26	    0.06	    0.00	    0.00	    0.00	 2495.28	  699.49	  925.58	   99.86	  688.73	  671.41	    0.24	  676.32	    0.00	    0.00
14	18	  300.03	    0.08	    0.01	  200.06	  100.03	    0.12	    0.02	    0.03	  400.14	 3254.32	  833.65	  300.06	  281.38	 2896.06	 5900.10	    0.05	    0.40	    0.01	    0.00	    0.05	  558.18	 2899.92	  899.98	  259.07
14	21	    0.00	    0.00	    0.00	  399.51	  297.12	    0.00	    0.00	    0.00	 1307.95	 5599.72	  715.10	    0.00	    0.00	  480.89	 5046.26	    0.23	 2472.62	    0.00	 2085.93	    0.00	    0.00	    0.00	    0.00	    0.00
15	7	    0.00	    0.00	    0.00	    0.00	    0.00	    0.00	    0.00	    0.00	    0.00	    0.26	    0.00	    0.00	    0.00	    0.05	    0.35	 6442.39	 1960.70	    0.12	    0.58	    0.32	    0.05	    0.08	    0.03	    0.02
15	9	    0.00	    0.05	    0.00	    0.00	    0.00	    0.07	 2397.34	    0.21	    0.00	    0.00	    0.00	    0.00	    0.00	    0.00	    0.00	 6567.00	    0.55	  899.56	    0.19	 1206.90	    0.00	    0.00	    0.00	    0.00
15	16	    0.67	  199.99	    0.01	    0.06	    0.05	  500.02	 1000.36	 1400.26	    0.11	    0.49	    0.09	    0.05	    0.00	    0.00	    0.00	 5971.09	    0.00	  600.16	    0.00	 1538.50	  348.20	    0.00	    0.00	  128.16
15	17	    0.02	    0.00	    0.00	    0.02	    0.00	    0.02	    0.00	    0.15	    0.15	 3643.86	  765.62	    0.12	    0.00	    0.03	    0.14	 7119.53	 3757.69	    0.00	    0.14	    0.00	    0.00	    0.00	    0.00	    0.00
16	9	    0.00	    0.00	    0.00	    0.00	    0.00	    0.00	    0.22	    0.00	    0.00	    0.00	    0.00	    0.00	    0.00	    0.00	    0.00	    1.04	 8098.83	    0.08	    0.00	    0.19	    0.00	    0.00	    0.00	    0.00
16	15	    0.00	    0.00	    0.00	    0.00	    0.00	    0.00	    0.00	    0.00	    0.00	    1.37	    0.25	    0.00	    0.00	  689.82	 1183.78	    0.00	 8518.84	    0.00	 1282.86	    0.00	    0.05	    0.10	    0.04	    0.03
16	18	    0.03	    0.03	    0.00	    0.02	    0.01	    0.06	    0.22	    0.37	    0.03	    0.16	    0.00	    0.00	    0.00	    0.00	    0.00	 3170.16	 6782.34	    0.12	    0.00	    0.00	    0.00	    0.00	    0.00	    0.00
17	6	    0.00	    0.00	    0.00	    0.00	    0.00	    0.00	    0.00	    0.00	    0.05	 1898.15	  499.52	    0.06	  339.18	  599.92	 1099.99	 1789.34	 1139.65	 1199.62	 1399.35	 3099.54	  700.10	 1300.06	  499.97	  299.99
17	15	   31.15	   37.34	    7.87	   30.16	   18.85	   87.17	 4797.70	  224.15	   23.08	    0.36	    0.12	   17.84	  599.44	   10.26	   16.71	    0.00	    0.11	 1999.84	   18.05	 4345.72	  948.19	 1199.97	  499.99	  428.15
17	19	  299.99	  299.91	    0.00	  299.95	  100.03	  800.05	 2930.12	 3999.45	  600.17	 1046.14	  166.20	    0.02	    0.00	    0.00	    0.00	 4830.19	 2018.09	 1600.54	    0.00	    0.00	    0.00	    0.00	    0.00	    0.00
18	14	    0.00	    0.13	    0.00	    0.00	    0.00	    0.26	  699.56	  999.15	    0.00	    0.00	    0.00	    0.00	    0.00	    0.00	    0.00	 1899.90	 4898.58	  299.89	 6829.10	 3491.38	    0.15	    0.37	    0.16	    0.07
18	16	    0.04	    0.02	    0.01	    0.05	    0.02	    0.00	    0.00	    0.00	    0.08	    0.36	    0.09	    0.06	    0.24	 1389.76	 2683.65	    0.00	    0.00	    0.00	 2982.80	  161.55	  251.81	 1699.96	  599.99	  171.84
18	19	    0.02	    0.00	    0.00	    0.04	    0.02	    0.02	    0.00	    0.00	    0.09	 1454.12	  433.56	    0.00	    0.00	 1206.31	 2416.44	    0.00	  184.16	    0.00	 2988.11	    0.00	    0.00	    0.00	    0.00	    0.00
19	17	    0.00	    0.00	    0.00	    0.00	    0.00	    0.00	    0.00	    0.00	    0.00	    0.21	    0.07	    1.25	 1038.56	  710.16	 1316.56	    0.00	    0.14	    0.00	 1717.26	 7845.26	 1748.29	 2800.03	 1099.96	  728.14
19	18	    0.00	  100.04	    0.00	    0.00	    0.00	  200.10	 1099.32	 1698.75	    0.00	    0.00	    0.00	    0.00	   18.85	    0.01	    0.00	   29.69	    0.00	  599.76	    0.00	 4852.88	   93.78	    0.42	    0.17	   12.84
19	20	    0.00	    0.00	    0.00	    0.01	    0.03	  100.01	  630.50	  600.35	    0.12	    0.05	    0.02	    0.01	    0.02	    0.02	    0.03	 1500.28	  502.08	  200.63	   70.95	 2700.53	    0.00	    0.07	    0.03	    0.02
19	21	    0.00	   99.87	    0.00	    0.02	    0.01	  199.96	  700.30	  800.35	    0.14	    0.21	    0.04	    0.00	    0.00	    0.00	    0.16	 1700.22	    0.10	  400.15	    0.08	 3101.34	    0.17	    0.00	    0.00	    0.00
20	19	    0.00	    0.00	    0.00	    0.00	    0.00	    0.00	    0.00	    0.00	    0.00	    0.11	    0.03	  401.07	 1656.88	    0.08	    0.16	    0.00	    0.07	    0.00	    0.18	    0.00	 3042.24	    0.22	    2.96	 1140.48
20	21	  262.16	    0.10	   65.54	    0.00	    0.00	    0.03	    0.06	    0.08	    0.00	    0.00	    0.00	  458.78	 1464.97	    0.00	    0.00	    0.16	    0.00	    0.03	    0.00	    0.40	 4759.31	    0.00	    0.00	 1606.40
20	23	    0.00	    0.00	    0.00	    0.00	    0.00	    0.02	  430.44	  200.27	    0.21	  486.97	    0.00	    0.00	    0.00	    0.00	  684.57	  900.21	  211.12	  100.60	  250.96	 1500.13	 3198.44	 2343.17	    0.00	    0.00
21	14	    0.00	    0.00	    0.00	    0.00	    0.00	    0.00	    0.06	    0.08	    0.00	    0.00	    0.00	    0.59	  892.02	    0.00	    0.00	    0.15	    0.00	    0.03	    0.00	    0.45	 2956.50	10553.84	 2679.70	 1299.48
21	19	    0.00	    0.00	    0.00	    0.03	    0.00	    0.00	    0.00	    0.00	    0.00	    0.10	    0.34	    0.17	    0.57	    3.80	    0.15	    0.00	    0.00	    0.00	    0.00	    0.00	    0.00	 5200.31	 1797.20	    0.52
21	20	    0.01	    0.00	    0.00	    0.02	   97.17	    0.00	    0.00	    0.00	  300.09	 1687.02	    1.06	    0.03	    0.07	    1.21	 1484.70	    0.08	  309.11	    0.00	  580.18	    0.00	    0.00	 4143.32	    1.40	    0.00
21	22	    0.00	    0.00	    0.00	    0.00	    0.00	    0.01	  200.30	  300.35	  308.00	 1312.81	    0.00	    0.00	    0.00	    0.00	  961.57	  500.36	  463.62	  100.16	  305.82	  701.30	    2.99	 4502.53	    0.00	    0.00
22	13	    0.01	    0.00	    0.00	    0.02	    0.00	    0.00	    0.40	    0.63	    0.00	    0.00	    0.00	    0.31	  667.48	    0.00	    0.00	    0.67	    0.00	    0.20	    0.01	    1.62	  798.28	 1145.32	 4618.27	 1159.73
22	21	  137.85	    0.03	   34.46	    0.53	    0.05	    0.02	    0.00	    0.00	    0.00	    0.00	  386.25	  242.01	  727.69	  724.12	    0.00	    0.00	    0.00	    0.00	    0.00	    0.00	    0.00	    0.00	 6578.29	  793.60
22	23	    0.01	    0.00	    0.00	    0.02	    0.00	    0.01	    0.14	    0.09	    0.04	  313.03	  998.35	    0.06	    0.00	 1383.59	  410.54	    0.29	   88.93	    0.07	  146.94	    0.50	    0.06	 1257.30	 3303.44	    0.00
23	12	    0.00	    0.00	    0.00	    0.00	    0.00	    0.00	  330.34	    0.00	    0.00	    0.00	    0.00	    0.00	    0.00	  584.73	  695.11	  599.90	    0.04	  100.55	  297.90	 1099.80	 1203.15	 2500.38	 1901.90	 1799.80
23	20	  362.14	    0.10	   65.54	  199.97	    2.79	    0.03	    0.00	    0.00	    0.00	    0.00	  398.95	 1159.80	 3721.75	  398.85	    0.00	    0.00	    0.00	    0.00	    0.00	    0.00	    0.00	    0.00	  701.54	 3246.87
23	22	  437.77	    0.02	  134.44	    0.96	    0.17	    0.23	    0.24	    0.36	    0.00	    0.00	    0.05	  942.08	 2194.79	    0.00	    0.00	    0.60	    0.00	    0.12	    0.00	    0.82	 1495.35	    0.09	    0.00	 2653.33
