i	j	       0	       1	       2	       3	       4	       5	       6	       7	       8	       9	      10	      11	      12	      13	      14	      15	      16	      17	      18	      19	      20	      21	      22	      23
0	1	 2599.98	    0.00	  266.15	  200.11	   16.44	    0.00	    0.01	    0.02	   32.88	   98.96	  200.11	  473.60	  461.24	  100.03	   16.43	    0.02	    0.02	    0.00	    0.02	    0.00	    0.02	    0.08	    0.15	   28.53
0	2	 6200.02	 1162.66	    0.00	    0.00	    0.00	  235.49	  139.80	  244.34	    0.00	    0.00	    0.00	    0.00	    0.00	    0.00	    0.00	  102.80	    0.00	   34.78	    0.00	    0.02	    0.00	    0.00	    0.00	    0.00
1	0	    0.00	 1262.66	    0.00	    0.00	    0.00	  535.49	  639.78	 1044.30	    0.00	    0.00	    0.00	    0.00	    0.00	    0.00	    0.00	  602.77	    0.29	  134.78	    0.03	  300.01	    0.00	    0.02	    0.00	    0.00
1	5	 2499.98	 2737.34	  166.15	    0.13	    0.00	    0.00	    0.00	    0.00	    0.00	    0.14	    0.13	  373.60	  161.24	    0.04	    0.00	    0.00	    0.00	    0.00	    0.00	    0.00	    0.02	    0.01	    0.15	   28.53
2	0	    0.00	    0.00	  366.15	  700.11	  216.44	    0.00	    0.03	    0.05	  532.88	 1398.96	  700.11	  673.60	  961.24	  400.03	  516.43	    0.04	  399.72	    0.00	  299.99	    0.02	  100.01	  400.06	  300.15	  128.53
2	3	 4499.80	  662.56	 1933.78	    0.00	    0.00	    0.00	    0.00	    0.00	    0.00	    0.00	    0.00	 3750.41	 2494.08	    0.09	    0.00	    0.00	    0.00	    0.00	    0.00	    0.00	  202.96	    0.22	    1.81	  471.40
2	11	 1600.22	  400.10	  500.07	 1601.38	  403.23	  500.32	  770.89	 1200.00	 1399.39	  661.63	    1.15	    0.00	    0.00	    0.47	   51.20	  542.25	  186.61	  198.76	   21.94	    0.08	    0.00	    0.00	    0.00	    0.00
3	2	    0.00	    0.00	    0.00	 2501.50	  719.67	  564.83	  731.13	 1155.71	 2032.26	 2359.98	 1000.76	    0.00	    0.00	  500.23	  667.44	  639.46	  686.22	  163.99	  321.87	    0.08	    0.00	    0.03	    0.02	    0.00
3	4	 3198.87	  162.60	 1333.69	 6698.07	    0.00	    0.00	    0.00	    0.00	    0.00	    0.07	  904.68	 3150.19	 1893.94	  200.11	    0.01	    0.00	    0.03	    0.00	    0.00	    0.00	    2.99	    0.01	  199.81	  271.37
3	10	  800.93	  300.00	  400.09	 2400.44	  699.76	  599.66	    0.34	    3.65	    0.06	    0.17	    0.00	    0.22	    0.13	    0.07	    0.06	    0.19	    0.04	    0.05	    0.02	    0.02	    0.02	    0.05	    0.05	    0.02
4	3	    0.00	    0.04	    0.00	    0.00	 1919.43	 1564.50	 1131.47	 1859.36	 2732.32	 3559.02	    0.00	    0.00	    0.00	    0.00	 1166.88	 1439.65	 1185.93	  264.03	  521.65	  300.10	    0.04	  398.85	    0.00	    0.00
4	5	    0.00	    0.00	  529.09	 2129.84	 1260.04	    0.00	    0.02	    0.03	  567.19	 1301.05	  404.51	 1467.91	  582.94	  100.12	  283.36	    0.04	    0.04	    0.00	    0.02	    0.01	    0.01	    0.00	   99.81	   71.45
4	8	 2998.87	  899.89	  704.60	 4068.23	 2920.54	 1400.03	    0.02	    0.09	    0.00	    0.00	    0.17	 1482.29	 1111.00	    0.00	    0.00	    0.05	    0.00	    0.01	    0.00	    0.00	    0.01	    0.00	    0.00	  199.92
5	1	    0.00	    0.00	    0.00	    0.02	   83.56	  935.49	  839.77	 1444.29	  167.12	  501.18	    0.02	    0.00	    0.00	    0.01	   83.57	 1002.76	  200.28	  134.78	  100.01	  400.00	    0.00	   99.95	    0.00	    0.00
5	4	    0.00	  837.33	    0.00	    0.00	    0.00	 3164.52	 1031.10	 1811.00	    0.00	    0.00	    0.00	    0.00	    0.00	    0.00	    0.00	 1452.34	    0.18	  202.61	    0.03	  307.70	    0.01	    0.01	    0.00	    0.00
5	7	 2199.98	 1500.01	  395.24	 1729.95	  976.47	 3499.99	    0.00	    0.00	    0.14	    0.13	    4.62	 1641.51	  544.18	    0.15	    0.00	    0.00	    0.00	    0.00	    0.00	    0.00	    0.00	    0.00	    0.00	    0.00
6	7	    0.00	    0.00	    0.00	    0.00	    0.00	    0.00	 4174.17	    0.00	    0.00	    0.00	    0.00	    0.00	    0.00	  399.44	  599.53	  394.56	  138.29	  998.85	  998.94	 2599.86	  499.98	  799.92	  300.03	  200.01
6	17	  430.04	  336.16	    8.48	  432.02	  120.17	  984.37	 7925.83	 4516.42	  825.14	    0.39	    0.12	  222.33	    0.03	    0.00	    0.00	    0.00	    0.00	    0.00	    0.00	    0.00	    0.00	    0.00	    0.00	    0.00
7	5	    0.00	    0.00	    0.00	    0.00	    0.00	    0.00	 2270.85	 4055.26	    0.07	    0.12	    0.00	    0.00	    0.00	    0.00	    0.21	 3355.06	  700.41	  437.38	  300.01	 1007.69	   99.99	  299.95	    0.04	    0.01
7	6	  930.04	  536.16	  108.48	  832.02	  320.17	 1384.37	    0.00	 5516.42	 1425.00	    5.91	    2.06	  922.22	   65.60	    0.00	    0.00	    0.00	    0.08	    0.00	    0.00	    0.00	    0.00	    0.00	    0.00	    0.00
7	8	    0.00	    0.00	    0.00	    0.00	    0.00	    0.00	  903.32	 3744.67	    0.00	    0.00	    0.00	    0.00	    0.00	    0.00	    0.00	 1278.68	    0.00	  261.52	    0.00	  692.25	    0.00	    0.00	    0.00	    0.00
7	15	  470.35	  563.90	  173.32	  688.19	  430.07	 1315.71	    0.00	 3383.66	  877.86	    0.00	    0.06	  477.08	    0.64	    0.00	    0.00	    0.00	    0.00	    0.00	    0.00	    0.00	    0.00	    0.00	    0.00	    0.00
8	4	    0.00	    0.00	    0.00	    0.00	    0.00	    0.00	  300.41	  548.48	 4099.51	 5860.00	    0.00	    0.00	    0.00	    0.00	 1650.23	  487.40	 1385.76	   61.44	  621.64	   92.42	   97.05	  598.83	    0.00	    0.00
8	7	    0.41	    0.04	   86.56	  490.26	  273.76	    0.09	    0.00	    0.00	 3102.79	 1605.41	  797.38	  357.79	  122.06	    0.00	    0.00	    0.00	    0.20	    0.00	    0.00	    0.00	    0.00	    0.00	    0.00	    0.00
8	9	 2498.46	  699.84	  518.04	 2877.97	 1846.77	  999.94	    2.98	 2396.28	 8997.70	    0.00	    0.00	  524.55	  388.99	    0.00	    0.00	    0.24	    0.00	    0.10	    0.00	    0.00	    0.00	    0.00	    0.00	    0.00
9	8	    0.00	    0.00	    0.00	    0.00	    0.00	    0.00	    0.05	    0.00	    0.00	10265.41	 2197.21	    0.05	    0.05	  600.00	 2650.23	  608.91	 2285.96	    0.02	 1021.64	    0.17	  397.04	 1298.83	  500.00	    0.08
9	10	    0.00	    0.00	    0.00	    0.00	    0.00	    0.00	  499.76	  796.37	 1711.76	 8379.23	    0.00	    0.00	    0.00	    0.00	 1304.52	 1557.22	 1913.78	  200.00	  431.67	  428.82	    1.87	  498.03	    0.00	    0.00
9	14	  799.33	   99.85	   99.92	 1098.75	  596.93	  199.88	    0.00	    0.00	 3088.79	14620.75	 1868.30	  648.80	    7.90	    0.00	    0.00	    0.00	    0.80	    0.00	    0.00	    0.00	    0.00	    0.00	    0.00	    0.00
9	15	    0.00	    0.00	   18.24	   79.99	   49.94	    0.00	    0.00	    0.00	  497.10	 8033.38	 2167.62	  199.41	    0.35	    0.00	    0.00	    0.00	    0.00	    0.00	    0.00	    0.00	    0.00	    0.00	    0.00	    0.00
9	16	  399.49	    0.05	   99.95	  499.74	  199.90	    0.13	    0.08	    0.12	  900.04	 3901.24	  999.86	  599.69	  499.60	    0.10	    0.12	    0.12	    0.00	    0.05	    0.07	    0.14	    0.05	    0.14	    0.05	    0.02
10	3	    0.00	    0.00	    0.00	    0.00	    0.00	    0.00	    0.00	    0.00	    0.00	    1.20	 3405.45	    0.00	    0.00	 1200.32	    0.62	    0.00	    0.37	    0.00	    0.24	    0.00	    0.02	    1.02	  698.07	    0.00
10	9	    0.35	    0.00	    0.07	    0.51	    0.00	    0.00	    0.00	    0.00	    0.00	    0.00	11132.98	 2923.41	 2018.90	 1105.59	    0.00	    0.00	    0.00	    0.00	    0.00	    0.00	    0.00	    0.00	  365.37	   58.04
10	11	    0.00	    0.00	    0.00	    0.00	    0.00	    0.00	    0.12	    0.00	    0.36	 3238.98	 2399.58	    0.00	    0.00	  718.86	  653.29	  157.41	  913.46	    0.05	  279.96	    0.00	    0.00	    0.00	    0.00	    0.00
10	13	  300.73	  100.06	  100.10	 1000.00	  199.78	  199.68	    0.00	    0.02	  311.46	 1139.22	 5361.99	 1051.24	   12.99	    0.00	    0.00	    0.00	    0.00	    0.00	    0.00	    0.00	    0.00	    0.00	    0.00	    0.00
11	2	    0.00	    0.00	    0.00	    0.00	    0.00	    0.00	    0.00	    0.00	    0.00	    0.61	    0.49	 4624.02	 3555.31	    0.36	    0.20	    0.03	    0.11	    0.00	    0.06	    0.00	  302.97	  500.26	  401.94	  599.93
11	10	    0.15	    0.06	    0.08	    0.08	    0.02	    0.02	    0.00	    0.00	    0.00	    0.00	    0.00	 5374.43	 3031.76	    0.00	    0.00	    0.00	    0.00	    0.00	    0.00	    0.00	    0.06	    0.00	    0.00	    0.32
11	12	 1400.07	  300.04	  299.99	 1001.30	  203.21	  300.30	   71.02	  600.00	  799.75	 1900.00	 1000.23	 3901.55	    0.00	   19.48	    4.32	    0.32	  499.96	    0.01	    1.85	    0.03	    0.00	    0.00	    0.00	    0.00
12	11	    0.00	    0.00	    0.00	    0.00	    0.00	    0.00	    0.00	    0.00	    0.00	    0.00	    0.00	    0.00	 7887.07	    0.50	    0.03	    0.69	    0.00	    1.20	    0.01	  499.95	  603.03	 1200.26	 1101.94	 1100.25
12	23	  900.07	    0.04	  199.99	  401.30	    3.21	  100.30	    0.00	    0.00	  199.75	    0.00	    0.23	 2601.55	 6712.93	    0.00	    0.00	    0.00	    0.00	    0.00	    0.00	    0.00	    0.00	    0.00	    0.00	    0.00
13	10	    0.00	    0.00	    0.00	    0.00	    0.00	    0.00	    0.02	    0.00	    0.00	    0.00	    0.00	    0.00	    0.00	 4624.71	  749.33	    0.00	    0.00	    0.01	  248.51	  171.16	  398.07	  602.94	 2363.39	  657.70
13	14	    0.70	    0.07	    0.09	    0.90	    0.01	    0.00	    0.00	    0.00	    0.00	    0.00	 1076.23	  351.27	  102.91	 6255.07	    0.00	    0.00	    0.00	    0.00	    0.00	    0.00	    0.00	    0.00	 1105.72	  142.25
13	22	    0.04	    0.00	    0.01	  499.12	   99.77	   99.69	    0.00	    0.00	  188.18	  788.57	 2685.82	    0.00	    0.00	 3220.22	  450.77	    0.00	  223.46	    0.00	  141.35	    0.00	    0.00	    0.00	    0.00	    0.00
14	9	    0.00	    0.00	    0.00	    0.00	    0.00	    0.00	    0.07	    0.00	    0.00	    0.00	    0.00	    0.00	    0.00	 1594.51	 7954.88	    0.30	    0.00	    0.08	 3253.19	 1720.34	 1598.96	 4397.00	 1934.68	  742.06
14	13	    0.00	    0.00	    0.00	    0.00	    0.00	    0.00	  199.82	  399.64	  476.73	 1749.35	    0.07	    0.00	    0.00	    0.00	 2500.10	  699.49	  923.46	   99.91	  689.85	  670.49	    0.18	  669.86	    0.00	    0.00
14	18	  300.03	    0.05	    0.02	  200.08	  100.03	    0.11	    0.03	    0.03	  400.17	 3260.48	  830.50	  300.07	  293.31	 2896.90	 5899.78	    0.05	    0.42	    0.02	    0.00	    0.10	  672.15	 2899.82	  899.95	  130.56
14	21	    0.00	    0.00	    0.00	  399.57	  296.91	    0.03	    0.00	    0.00	 1312.00	 5611.36	  713.97	    0.00	    0.00	  463.66	 5045.24	    0.23	 2476.15	    0.00	 2085.43	    0.00	    0.00	    0.00	    0.00	    0.00
15	7	    0.00	    0.00	    0.00	    0.00	    0.00	    0.00	    0.00	    0.00	    0.00	    0.49	    0.11	    0.00	    0.00	    0.41	    0.67	 6439.19	 1962.00	    0.04	    1.07	    0.08	    0.02	    0.03	    0.01	    0.01
15	9	    0.00	    0.05	    0.00	    0.00	    0.00	    0.07	 2396.84	    0.21	    0.00	    0.00	    0.00	    0.00	    0.00	    0.00	    0.00	 6565.29	    0.57	  899.88	    0.19	 1208.79	    0.00	    0.00	    0.00	    0.00
15	16	    0.50	  200.00	    0.04	    0.22	    0.09	  499.97	 1000.13	 1400.48	    0.12	    0.50	    0.09	    0.24	    0.15	    0.00	    0.00	 5960.93	    0.00	  600.08	    0.00	 1517.46	  264.64	    0.10	    0.03	  241.58
15	17	    0.04	    0.02	    0.00	    0.18	    0.05	    0.06	    0.00	    0.28	    0.68	 3634.38	  767.93	    0.17	    0.07	    0.03	    0.06	 7134.59	 3747.57	    0.00	    0.06	    0.00	    0.00	    0.00	    0.00	    0.00
16	9	    0.00	    0.00	    0.00	    0.00	    0.00	    0.00	    0.00	    0.00	    0.00	    0.00	    0.00	    0.00	    0.00	    0.00	    0.00	    0.42	 8099.97	    0.00	    0.00	    0.00	    0.00	    0.00	    0.00	    0.00
16	15	    0.00	    0.00	    0.00	    0.00	    0.00	    0.00	    0.00	    0.00	    0.13	    1.63	    0.33	    0.00	    0.00	  692.07	 1186.98	    0.00	 8510.02	    0.00	 1286.51	    0.00	    0.05	    0.11	    0.04	    0.03
16	18	    0.04	    0.05	    0.00	    0.03	    0.01	    0.09	    0.22	    0.60	    0.17	    0.71	    0.02	    0.02	    0.00	    0.00	    0.00	 3160.63	 6790.01	    0.13	    0.00	    0.00	    0.00	    0.00	    0.00	    0.00
17	6	    0.00	    0.00	    0.00	    0.00	    0.00	    0.00	    0.00	    0.00	    0.14	 1894.48	  498.06	    0.11	  334.43	  599.44	 1099.53	 1794.56	 1138.21	 1198.85	 1398.94	 3099.86	  699.98	 1299.92	  500.03	  300.01
17	15	   30.18	   36.17	    8.48	   32.21	   20.13	   84.39	 4796.97	  217.33	   25.70	    0.36	    0.12	   23.92	  599.23	    8.37	   13.75	    0.00	    0.12	 2000.01	   14.82	 4326.33	  864.60	 1200.02	  500.00	  541.56
17	19	  299.89	  300.00	    0.00	  299.99	  100.09	  800.05	 2928.86	 3999.38	  599.98	 1040.13	  169.93	    0.04	    0.06	    0.00	    0.00	 4840.04	 2009.38	 1601.14	    0.00	    0.00	    0.00	    0.00	    0.00	    0.00
18	14	    0.00	    0.14	    0.00	    0.00	    0.00	    0.27	  699.66	  999.42	    0.11	    0.44	    0.00	    0.00	    0.00	    0.00	    0.00	 1899.92	 4899.23	  299.90	 6828.47	 3489.94	    0.16	    0.39	    0.16	    0.07
18	16	    0.06	    0.00	    0.02	    0.08	    0.03	    0.00	    0.00	    0.00	    0.14	    0.59	    0.41	    0.09	    0.25	 1391.97	 2686.86	    0.00	    0.00	    0.00	 2986.43	  182.40	  335.37	 1699.87	  599.96	   58.43
18	19	    0.02	    0.00	    0.00	    0.04	    0.02	    0.02	    0.00	    0.00	    0.10	 1460.15	  430.11	    0.00	    0.00	 1204.94	 2412.92	    0.00	  191.20	    0.00	 2985.09	    0.00	    0.00	    0.00	    0.00	    0.00
19	17	    0.00	    0.00	    0.00	    0.00	    0.00	    0.00	    0.00	    0.00	    0.00	    0.21	    0.06	    1.56	 1033.63	  707.78	 1313.22	    0.00	    0.14	    0.00	 1713.70	 7826.19	 1664.58	 2799.94	 1100.03	  841.56
19	18	    0.00	  100.05	    0.00	    0.00	    0.00	  200.09	 1099.41	 1698.79	    0.00	    0.00	    0.00	    0.00	    6.94	    0.01	    0.00	   39.24	    0.00	  599.74	    0.00	 4872.25	   63.38	    0.44	    0.17	   27.94
19	20	    0.00	    0.00	    0.00	    0.01	    0.10	   99.99	  629.27	  600.41	    0.01	    0.05	    0.02	    0.01	    0.02	    0.02	    0.03	 1500.98	  500.40	  201.33	   71.48	 2701.00	    0.00	    0.07	    0.03	    0.02
19	21	    0.00	   99.96	    0.00	    0.02	    0.01	  199.99	  700.18	  800.18	    0.06	    0.22	    0.05	    0.00	    0.00	    0.00	    0.17	 1699.82	    0.11	  400.07	    0.08	 3100.56	    0.00	    0.00	    0.00	    0.00
20	19	    0.10	    0.00	    0.00	    0.00	    0.00	    0.00	    0.00	    0.00	    0.00	    0.10	    0.02	  401.51	 1640.45	    0.08	    0.16	    0.00	    0.07	    0.00	    0.17	    0.00	 2927.95	    0.24	    2.97	 1269.27
20	21	  260.26	    0.04	   65.07	    0.13	    0.00	    0.04	    0.06	    0.07	    0.00	    0.00	    0.00	  455.46	 1456.45	    0.00	    0.00	    0.15	    0.00	    0.03	    0.00	    0.39	 4874.30	    0.00	    0.90	 1505.91
20	23	    0.00	    0.00	    0.00	    0.00	    0.00	    0.02	  429.21	  200.34	    0.13	  483.94	    0.00	    0.00	    0.00	    0.00	  674.71	  900.91	  209.15	  101.30	  248.85	 1500.61	 3197.75	 2360.70	    0.00	    0.00
21	14	    0.00	    0.00	    0.00	    0.00	    0.00	    0.00	    0.26	    0.25	    0.00	    0.00	    0.00	    0.00	  882.50	    0.00	    0.00	    0.15	    0.00	    0.12	    0.00	    0.98	 3071.14	10566.29	 2728.75	 1130.31
21	19	    0.00	    0.00	    0.00	    0.00	    0.00	    0.00	    0.00	    0.00	    0.00	    0.10	    0.06	    0.03	    0.08	    2.80	    0.34	    0.00	    0.00	    0.00	    0.00	    0.00	    0.00	 5200.21	 1797.26	    0.25
21	20	    0.00	    0.00	    0.00	    0.01	   96.93	    0.00	    0.00	    0.00	  300.11	 1683.99	    2.27	    0.00	    0.00	    0.69	 1474.84	    0.08	  308.82	    0.00	  577.54	    0.00	    0.00	 4160.87	    1.04	    0.00
21	22	    0.00	    0.00	    0.00	    0.00	    0.00	    0.06	  199.97	  300.00	  311.95	 1327.49	    0.00	    0.00	    0.00	    0.00	  970.23	  499.97	  467.44	   99.98	  307.97	  699.98	    3.16	 4472.63	    0.00	    0.00
22	13	    0.01	    0.00	    0.00	    0.02	    0.00	    0.00	    0.20	    0.34	    0.00	    0.00	    0.00	    0.03	  689.92	    0.00	    0.00	    0.51	    0.00	    0.10	    0.01	    0.67	  797.88	 1133.08	 4569.11	 1199.95
22	21	  139.74	    0.00	   34.93	    0.30	    0.01	    0.00	    0.00	    0.00	    0.00	    0.00	  388.31	  244.57	  726.13	  739.83	    0.00	    0.00	    0.00	    0.00	    0.00	    0.00	    0.00	    0.00	 6626.15	  724.64
22	23	    0.00	    0.00	    0.00	    0.01	    0.00	    0.01	    0.01	    0.03	    0.13	  316.06	  997.56	    0.00	    0.00	 1380.40	  420.99	    0.07	   90.90	    0.00	  149.31	    0.14	    0.06	 1240.00	 3304.74	    0.00
23	12	    0.00	    0.00	    0.00	    0.00	    0.00	    0.00	  328.98	    0.00	    0.00	    0.00	    0.00	    0.00	    0.00	  581.02	  695.71	  600.37	    0.04	  101.18	  298.16	 1099.92	 1203.03	 2500.26	 1901.94	 1800.25
23	20	  360.36	    0.03	   65.07	  200.11	    2.97	    0.07	    0.00	    0.00	    0.01	    0.00	  397.74	 1156.96	 3696.88	  399.37	    0.00	    0.00	    0.00	    0.00	    0.00	    0.00	    0.00	    0.00	  702.80	 3275.16
23	22	  439.71	    0.01	  134.93	    1.21	    0.24	    0.25	    0.24	    0.36	    0.00	    0.00	    0.05	  944.60	 2216.05	    0.00	    0.00	    0.61	    0.00	    0.12	    0.00	    0.83	 1494.78	    0.45	    0.00	 2624.59
