i	j	       0	       1	       2	       3	       4	       5	       6	       7	       8	       9	      10	      11	      12	      13	      14	      15	      16	      17	      18	      19	      20	      21	      22	      23
0	1	 2600.29	    0.00	  263.61	  200.02	   15.25	    0.00	    0.01	    0.02	   30.51	   91.56	  200.02	  473.75	  458.75	  100.01	   15.31	    0.02	    0.04	    0.00	    0.06	    0.00	    0.01	    0.11	    0.25	   28.15
0	2	 6199.71	 1152.97	    0.00	    0.00	    0.00	  233.64	  143.46	  249.01	    0.00	    0.00	    0.00	    0.00	    0.00	    0.00	    0.00	  100.63	    0.00	   35.40	    0.00	    0.02	    0.00	    0.00	    0.00	    0.00
1	0	    0.00	 1252.97	    0.00	    0.00	    0.00	  533.64	  643.44	 1048.97	    0.00	    0.00	    0.00	    0.00	    0.00	    0.00	    0.00	  600.60	    0.61	  135.40	    0.03	  299.85	    0.00	    0.02	    0.00	    0.00
1	5	 2500.29	 2747.03	  163.61	    0.04	    0.00	    0.00	    0.00	    0.00	    0.00	    0.00	    0.04	  373.75	  158.75	    0.01	    0.00	    0.00	    0.00	    0.00	    0.00	    0.00	    0.01	    0.03	    0.25	   28.15
2	0	    0.00	    0.00	  363.61	  700.02	  215.25	    0.00	    0.03	    0.05	  530.51	 1391.56	  700.02	  673.75	  958.75	  400.01	  515.31	    0.04	  399.43	    0.00	  300.03	    0.18	  100.01	  400.10	  300.25	  128.15
2	3	 4499.71	  652.79	 1936.36	    0.00	    0.00	    0.00	    0.00	    0.00	    0.00	    0.00	    0.00	 3803.37	 2537.77	    0.09	    0.00	    0.00	    0.00	    0.00	    0.00	    0.00	  203.26	    0.47	    2.41	  471.62
2	11	 1600.00	  400.18	  500.03	 1601.96	  402.62	  500.41	  765.73	 1200.00	 1399.59	  658.86	    1.08	    0.00	    0.00	    0.17	   51.10	  538.55	  185.83	  199.42	   21.90	    0.18	    0.00	    0.00	    0.00	    0.00
3	2	    0.00	    0.00	    0.00	 2501.98	  717.88	  566.77	  722.30	 1151.04	 2030.10	 2350.42	 1000.52	    0.00	    0.00	  499.83	  666.36	  637.96	  685.26	  164.02	  321.93	    0.18	    0.00	    0.07	    0.05	    0.00
3	4	 3199.52	  152.83	 1336.36	 6698.63	    0.00	    0.00	    0.00	    0.00	    0.00	    0.12	  905.69	 3202.58	 1937.28	  200.10	    0.08	    0.00	    0.01	    0.00	    0.02	    0.00	    3.31	    0.05	  199.81	  271.66
3	10	  800.20	  300.00	  400.00	 2399.39	  899.69	  599.66	    0.60	    6.37	    0.42	    0.16	    0.00	    0.79	    0.49	    0.07	    0.06	    0.12	    0.04	    0.02	    0.02	    0.02	    0.02	    0.05	    0.05	    0.02
4	3	    0.00	    0.04	    0.00	    0.00	 2117.57	 1566.42	 1122.89	 1857.41	 2730.52	 3550.22	    0.00	    0.00	    0.00	    0.00	 1164.00	 1438.08	 1184.95	  264.04	  520.91	  300.20	    0.03	  398.55	    0.00	    0.00
4	5	    0.00	    0.00	  529.77	 2114.73	 1252.24	    0.00	    0.02	    0.03	  569.64	 1308.38	  405.16	 1469.89	  587.29	  100.02	  284.21	    0.04	    0.04	    0.00	    0.02	    0.01	    0.01	    0.00	   99.74	   71.84
4	8	 2999.52	  900.05	  706.60	 4083.90	 2730.19	 1400.11	    0.02	    0.10	    0.00	    0.00	    0.53	 1532.68	 1149.99	    0.08	    0.00	    0.06	    0.00	    0.01	    0.00	    0.02	    0.00	    0.00	    0.07	  199.82
5	1	    0.00	    0.00	    0.00	    0.02	   84.75	  933.64	  843.43	 1448.96	  169.49	  508.44	    0.02	    0.00	    0.00	    0.01	   84.69	 1000.59	  200.57	  135.40	   99.97	  399.84	    0.00	   99.93	    0.00	    0.00
5	4	    0.00	  847.26	    0.00	    0.00	    0.00	 3166.54	 1021.17	 1805.12	    0.00	    0.00	    0.00	    0.00	    0.00	    0.00	    0.00	 1457.44	    0.10	  201.66	    0.03	  308.86	    0.03	    0.00	    0.00	    0.00
5	7	 2200.29	 1499.77	  393.38	 1714.75	  967.50	 3499.82	    0.00	    0.00	    0.15	    0.07	    5.18	 1643.64	  546.04	    0.03	    0.00	    0.00	    0.00	    0.00	    0.00	    0.00	    0.00	    0.00	    0.00	    0.00
6	7	    0.00	    0.00	    0.00	    0.00	    0.00	    0.00	 4169.66	    0.00	    0.00	    0.00	    0.00	    0.00	    0.00	  399.87	  600.25	  394.27	  138.56	  999.61	  999.61	 2599.69	  500.21	  799.91	  299.97	  199.99
6	17	  429.50	  335.17	    7.58	  429.39	  118.45	  982.43	 7930.34	 4511.94	  821.35	    0.64	    0.13	  218.59	    0.17	    0.00	    0.00	    0.00	    0.03	    0.00	    0.00	    0.00	    0.00	    0.00	    0.00	    0.00
7	5	    0.00	    0.00	    0.00	    0.00	    0.00	    0.00	 2264.59	 4054.05	    0.00	    0.12	    0.00	    0.00	    0.00	    0.00	    0.48	 3357.99	  700.63	  437.05	  299.97	 1008.69	  100.02	  299.90	    0.00	    0.01
7	6	  929.50	  535.17	  107.58	  829.39	  318.45	 1382.43	    0.00	 5511.94	 1421.30	    4.48	    1.53	  918.59	   67.84	    0.00	    0.00	    0.00	    0.11	    0.00	    0.00	    0.00	    0.00	    0.00	    0.00	    0.00
7	8	    0.00	    0.00	    0.00	    0.00	    0.00	    0.00	  905.07	 3745.89	    0.00	    0.00	    0.00	    0.00	    0.00	    0.00	    0.00	 1277.84	    0.00	  262.68	    0.00	  691.37	    0.24	    0.09	    0.00	    0.00
7	15	  470.87	  564.64	  173.83	  686.10	  428.74	 1317.48	    0.00	 3388.13	  859.36	    0.00	    0.06	  490.11	    0.58	    0.00	    0.00	    0.00	    0.00	    0.00	    0.00	    0.00	    0.00	    0.00	    0.00	    0.00
8	4	    0.00	    0.00	    0.00	    0.00	    0.00	    0.00	  301.76	  552.42	 4100.16	 5858.48	    0.00	    0.00	    0.00	    0.00	 1648.13	  480.74	 1384.89	   62.39	  620.89	   91.38	   96.70	  598.50	    0.00	    0.00
8	7	    0.08	    0.04	   88.04	  500.74	  279.69	    0.09	    0.00	    0.00	 3080.50	 1604.27	  796.41	  365.05	  122.38	    0.00	    0.00	    0.00	    0.23	    0.00	    0.00	    0.00	    0.00	    0.00	    0.00	    0.00
8	9	 2499.44	  700.01	  518.56	 2883.16	 1650.49	 1000.02	    3.39	 2393.56	 9019.33	    0.00	    0.00	  567.69	  427.67	    0.00	    0.00	    0.25	    0.00	    0.38	    0.00	    0.33	    0.00	    0.00	    0.00	    0.00
9	8	    0.00	    0.00	    0.00	    0.00	    0.00	    0.00	    0.05	    0.00	    0.00	10262.75	 2195.87	    0.05	    0.05	  599.92	 2648.13	  603.09	 2285.11	    0.07	 1020.89	    0.32	  396.45	 1298.41	  499.93	    0.18
9	10	    0.00	    0.00	    0.00	    0.00	    0.00	    0.00	  499.40	  793.66	 1701.95	 8355.49	    0.00	    0.00	    0.00	    0.00	 1295.92	 1561.55	 1914.13	  199.97	  428.74	  431.23	    1.75	  525.24	    0.00	    0.00
9	14	  799.83	  100.05	   99.98	 1098.70	  524.20	  200.05	    0.00	    0.00	 3097.94	14664.61	 1899.37	  650.67	    9.49	    0.00	    0.00	    0.00	    0.80	    0.00	    0.00	    0.00	    0.00	    0.00	    0.00	    0.00
9	15	    0.00	    0.00	   18.64	   84.77	   52.98	    0.00	    0.00	    0.00	  519.61	 8016.37	 2170.71	  189.88	    0.11	    0.00	    0.00	    0.00	    0.00	    0.00	    0.00	    0.00	    0.00	    0.00	    0.00	    0.00
9	16	  399.61	    0.02	   99.94	  499.69	  199.88	    0.04	    0.08	    0.12	  899.83	 3900.77	  999.78	  599.89	  499.91	    0.10	    0.13	    0.11	    0.00	    0.05	    0.07	    0.14	    0.05	    0.14	    0.05	    0.03
10	3	    0.00	    0.00	    0.00	    0.00	    0.00	    0.00	    0.00	    0.00	    0.00	    0.48	 3406.22	    0.00	    0.00	 1199.90	    2.50	    0.00	    0.36	    0.00	    1.06	    0.00	    0.04	    1.14	  697.51	    0.07
10	9	    0.00	    0.00	    0.00	    0.00	  126.57	    0.00	    0.00	    0.00	    0.00	    0.00	11165.73	 2872.81	 1981.90	 1099.17	    0.00	    0.00	    0.00	    0.00	    0.00	    0.00	    0.00	    0.00	  368.36	   59.63
10	11	    0.00	    0.00	    0.00	    0.00	    0.00	    0.00	    0.00	    0.00	    0.11	 3241.14	 2400.24	    0.00	    0.00	  722.60	  655.09	  161.86	  914.12	    0.02	  280.73	    0.00	    0.00	    0.00	    0.00	    0.00
10	13	  300.31	  100.04	  100.05	  999.47	  273.16	  199.72	    0.00	    0.03	  302.27	 1114.03	 5327.81	 1048.89	   31.81	    0.00	    0.00	    0.00	    0.05	    0.00	    0.00	    0.00	    0.00	    0.00	    0.00	    0.00
11	2	    0.00	    0.00	    0.00	    0.00	    0.00	    0.00	    0.00	    0.00	    0.00	    0.00	    0.58	 4677.12	 3596.52	    0.44	    0.05	    0.00	    0.00	    0.00	    0.00	    0.16	  303.26	  500.50	  402.61	  599.77
11	10	    0.11	    0.04	    0.06	    0.08	    0.03	    0.07	    0.00	    0.00	    0.00	    0.00	    0.00	 5320.91	 3013.21	    0.00	    0.00	    0.00	    0.00	    0.00	    0.00	    0.00	    0.04	    0.00	    0.00	    0.38
11	12	 1399.89	  300.14	  299.98	 1001.88	  202.59	  300.34	   65.80	  600.00	  799.70	 1900.00	 1000.74	 3901.97	    0.00	   22.65	    6.14	    1.30	  499.96	    0.03	    2.63	    0.04	    0.00	    0.00	    0.00	    0.00
12	11	    0.00	    0.00	    0.00	    0.00	    0.00	    0.00	    0.07	    0.00	    0.00	    0.00	    0.00	    0.00	 7909.74	    0.31	    0.00	    0.90	    0.00	    0.59	    0.00	  500.02	  603.30	 1200.50	 1102.61	 1100.15
12	23	  899.89	    0.14	  199.98	  401.88	    2.59	  100.34	    0.00	    0.00	  199.70	    0.00	    0.74	 2601.97	 6690.26	    0.00	    0.00	    0.00	    0.00	    0.00	    0.00	    0.00	    0.00	    0.00	    0.00	    0.00
13	10	    0.00	    0.00	    0.00	    0.00	    0.00	    0.00	    0.00	    0.00	    0.00	    0.00	    0.00	    0.00	    0.00	 4621.61	  761.61	    0.19	    0.36	    0.03	  253.03	  168.74	  398.24	  575.85	 2365.82	  659.29
13	14	    0.20	    0.03	    0.03	    0.22	   73.45	    0.04	    0.00	    0.00	    0.00	    0.00	 1039.32	  349.02	  100.11	 6224.28	    0.00	    0.00	    0.00	    0.00	    0.00	    0.00	    0.00	    0.00	 1138.67	  130.52
13	22	    0.12	    0.01	    0.03	  499.27	   99.71	   99.69	    0.00	    0.00	  192.86	  796.33	 2688.56	    0.19	    0.00	 3254.11	  424.40	    0.00	  216.51	    0.00	  131.52	    0.00	    0.00	    0.00	    0.00	    0.00
14	9	    0.00	    0.00	    0.00	    0.00	    0.00	    0.00	    0.00	    0.00	    0.00	    0.00	    0.00	    0.00	    0.00	 1600.86	 7944.17	    0.30	    0.81	    0.05	 3249.50	 1714.35	 1598.25	 4423.79	 1931.62	  740.57
14	13	    0.00	    0.00	    0.00	    0.02	    0.00	    0.00	  199.62	  399.25	  490.60	 1782.30	    0.07	    0.00	    0.00	    0.00	 2486.01	  699.88	  916.82	   99.81	  684.55	  667.70	    0.67	  660.37	    0.00	    0.00
14	18	  300.03	    0.09	    0.01	  200.07	  100.03	    0.11	    0.02	    0.03	  400.15	 3278.69	  827.35	  300.06	  279.13	 2897.31	 5900.23	    0.06	    0.41	    0.01	    0.00	    0.05	  555.29	 2899.92	  899.98	  259.55
14	21	    0.00	    0.00	    0.00	  398.83	  297.62	    0.00	    0.00	    0.00	 1307.20	 5603.62	  711.27	    0.00	    0.00	  426.11	 5069.58	    0.23	 2488.31	    0.00	 2096.49	    0.00	    0.00	    0.00	    0.00	    0.00
15	7	    0.00	    0.00	    0.00	    0.00	    0.00	    0.00	    0.00	    0.00	    0.00	    0.27	    0.00	    0.00	    0.00	    0.11	    0.22	 6441.55	 1961.95	    0.13	    0.37	    0.37	    0.05	    0.08	    0.03	    0.02
15	9	    0.00	    0.05	    0.00	    0.00	    0.00	    0.07	 2395.92	    0.21	    0.00	    0.00	    0.00	    0.00	    0.00	    0.00	    0.00	 6563.07	    0.57	  899.58	    0.19	 1216.81	    0.00	    0.00	    0.00	    0.00
15	16	    0.38	  199.98	    0.05	    0.28	    0.11	  500.02	 1000.37	 1400.24	    0.11	    0.50	    0.09	    0.05	    0.00	    0.00	    0.00	 5966.97	    0.00	  600.16	    0.00	 1543.32	  347.47	    0.00	    0.00	  126.23
15	17	    0.02	    0.00	    0.00	    0.02	    0.00	    0.02	    0.00	    0.15	    0.59	 3617.47	  771.09	    0.06	    0.03	    0.03	    0.55	 7128.40	 3755.82	    0.00	    0.68	    0.00	    0.00	    0.00	    0.00	    0.00
16	9	    0.00	    0.00	    0.00	    0.00	    0.00	    0.00	    0.24	    0.00	    0.00	    0.00	    0.00	    0.00	    0.00	    0.00	    0.00	    1.15	 8098.66	    0.09	    0.00	    0.20	    0.00	    0.00	    0.00	    0.00
16	15	    0.00	    0.00	    0.00	    0.00	    0.00	    0.00	    0.00	    0.00	    0.00	    1.50	    0.28	    0.00	    0.00	  691.00	 1185.43	    0.00	 8518.22	    0.00	 1284.68	    0.00	    0.05	    0.11	    0.04	    0.03
16	18	    0.03	    0.02	    0.00	    0.02	    0.01	    0.06	    0.22	    0.35	    0.04	    0.16	    0.00	    0.00	    0.00	    0.00	    0.00	 3165.94	 6783.12	    0.12	    0.00	    0.00	    0.00	    0.00	    0.00	    0.00
17	6	    0.00	    0.00	    0.00	    0.00	    0.00	    0.00	    0.00	    0.00	    0.05	 1896.16	  498.60	    0.00	  332.33	  599.87	 1100.25	 1794.27	 1138.48	 1199.61	 1399.61	 3099.69	  700.21	 1299.91	  499.97	  299.99
17	15	   29.53	   35.40	    7.58	   29.42	   18.39	   82.63	 4796.29	  212.47	   21.74	    0.37	    0.12	   20.12	  599.34	    9.13	   15.34	    0.00	    0.11	 1999.87	   16.56	 4360.50	  947.46	 1199.98	  499.99	  426.23
17	19	  299.99	  299.78	    0.00	  299.99	  100.06	  799.82	 2934.05	 3999.62	  600.15	 1021.79	  172.51	    0.10	    0.10	    0.00	    0.00	 4834.13	 2017.39	 1600.52	    0.00	    0.00	    0.00	    0.00	    0.00	    0.00
18	14	    0.00	    0.01	    0.00	    0.00	    0.00	    0.02	  699.58	  999.20	    0.00	    0.00	    0.00	    0.00	    0.00	    0.00	    0.00	 1900.31	 4905.54	  299.85	 6830.54	 3481.64	    0.16	    0.38	    0.16	    0.07
18	16	    0.04	    0.02	    0.01	    0.05	    0.02	    0.00	    0.00	    0.00	    0.09	    0.38	    0.42	    0.06	    0.09	 1390.90	 2685.31	    0.00	    0.00	    0.00	 2984.61	  156.74	  252.54	 1699.96	  599.99	  173.77
18	19	    0.02	    0.00	    0.00	    0.04	    0.02	    0.02	    0.00	    0.00	    0.09	 1478.47	  426.93	    0.00	    0.00	 1206.43	 2414.92	    0.00	  177.98	    0.00	 2984.86	    0.00	    0.00	    0.00	    0.00	    0.00
19	17	    0.00	    0.00	    0.00	    0.00	    0.00	    0.00	    0.00	    0.00	    0.00	    0.21	    0.01	    1.57	 1031.58	  708.97	 1315.04	    0.00	    0.14	    0.00	 1715.49	 7860.19	 1747.68	 2799.89	 1099.96	  726.22
19	18	    0.00	   99.93	    0.00	    0.00	    0.00	  199.87	 1099.35	 1698.82	    0.00	    0.00	    0.00	    0.00	   20.96	    0.01	    0.00	   34.31	    0.00	  599.72	    0.00	 4838.34	   97.41	    0.43	    0.17	   14.29
19	20	    0.00	    0.00	    0.00	    0.01	    0.07	  100.02	  634.47	  600.28	    0.18	    0.05	    0.02	    0.01	    0.02	    0.02	    0.03	 1500.00	  495.20	  200.67	   69.46	 2700.79	    0.00	    0.07	    0.03	    0.02
19	21	    0.00	   99.85	    0.00	    0.02	    0.01	  199.95	  700.24	  800.52	    0.06	    0.21	    0.05	    0.00	    0.00	    0.00	    0.16	 1699.83	    0.11	  400.14	    0.08	 3100.69	    0.18	    0.00	    0.00	    0.00
20	19	    0.00	    0.00	    0.00	    0.00	    0.00	    0.00	    0.00	    0.00	    0.00	    0.11	    0.03	  401.46	 1652.38	    0.62	    0.17	    0.00	    0.07	    0.00	    0.18	    0.00	 3045.26	    0.24	    1.70	 1140.22
20	21	  264.06	    0.13	   66.01	    0.22	    0.00	    0.03	    0.06	    0.08	    0.00	    0.00	    0.00	  462.41	 1466.64	    0.00	    0.00	    0.16	    0.00	    0.03	    0.00	    0.40	 4755.47	    0.00	    0.00	 1606.32
20	23	    0.00	    0.00	    0.00	    0.00	    0.00	    0.02	  434.41	  200.21	    0.03	  489.99	    0.00	    0.00	    0.00	    0.00	  686.28	  899.92	  212.67	  100.64	  254.63	 1500.38	 3199.27	 2333.50	    0.00	    0.00
21	14	    0.00	    0.00	    0.00	    0.00	    0.00	    0.00	    0.06	    0.08	    0.00	    0.00	    0.00	    0.37	  869.52	    0.00	    0.00	    0.16	    0.00	    0.03	    0.00	    0.45	 2954.05	10583.69	 2692.77	 1269.53
21	19	    0.00	    0.00	    0.00	    0.00	    0.00	    0.00	    0.00	    0.00	    0.00	    0.10	    0.60	    0.03	    0.08	    1.95	    0.15	    0.00	    0.00	    0.00	    0.00	    0.00	    0.00	 5200.16	 1798.46	    0.31
21	20	    0.01	    0.00	    0.00	    0.03	   97.68	    0.00	    0.00	    0.00	  299.84	 1690.05	    2.26	    0.00	    0.00	    1.03	 1486.41	    0.08	  317.55	    0.00	  585.35	    0.00	    0.00	 4133.67	    1.11	    0.00
21	22	    0.00	    0.00	    0.00	    0.00	    0.00	    0.01	  200.24	  300.52	  307.41	 1313.68	    0.00	    0.00	    0.00	    0.00	  983.19	  499.98	  470.87	  100.14	  311.22	  700.64	    1.60	 4482.48	    0.00	    0.00
22	13	    0.01	    0.00	    0.00	    0.00	    0.00	    0.00	    0.38	    0.73	    0.00	    0.00	    0.00	    0.31	  668.31	    0.00	    0.00	    0.30	    0.00	    0.21	    0.01	    1.04	  797.57	 1115.48	 4604.49	 1189.81
22	21	  135.95	    0.02	   33.99	    0.97	    0.05	    0.03	    0.00	    0.00	    0.00	    0.00	  391.55	  237.99	  702.95	  776.87	    0.00	    0.00	    0.00	    0.00	    0.00	    0.00	    0.00	    0.00	 6592.35	  763.52
22	23	    0.01	    0.00	    0.00	    0.03	    0.00	    0.01	    0.01	    0.03	    0.27	  310.01	  997.06	    0.00	    0.00	 1377.24	  407.59	    0.07	   87.37	    0.00	  142.74	    0.13	    0.06	 1267.69	 3303.17	    0.00
23	12	    0.00	    0.00	    0.00	    0.00	    0.00	    0.00	  334.27	    0.00	    0.00	    0.00	    0.00	    0.00	    0.00	  577.66	  693.86	  599.59	    0.04	  100.56	  297.37	 1099.98	 1203.30	 2500.50	 1902.61	 1800.15
23	20	  364.04	    0.12	   66.01	  200.18	    2.25	    0.03	    0.00	    0.00	    0.00	    0.00	  397.75	 1163.86	 3719.00	  399.58	    0.00	    0.00	    0.00	    0.00	    0.00	    0.00	    0.00	    0.00	  700.56	 3246.52
23	22	  435.86	    0.01	  133.96	    1.72	    0.34	    0.35	    0.15	    0.24	    0.00	    0.00	    0.05	  938.12	 2171.26	    0.00	    0.00	    0.40	    0.00	    0.08	    0.00	    0.53	 1496.02	    0.69	    0.00	 2653.33
