i	j	o2d6l8
0	1	 4495.60
0	2	 8123.92
1	0	 4524.72
1	5	 5967.77
2	0	 8094.79
2	3	14020.56
2	11	10036.77
3	2	14038.73
3	4	18016.29
3	10	 5208.20
4	3	18036.82
4	5	 8796.38
4	8	15787.18
5	1	 5996.89
5	4	 8800.41
5	7	12491.88
6	7	12105.00
6	17	15801.50
7	5	12525.04
7	6	12041.14
7	8	 6882.88
7	15	 8387.76
8	4	15803.67
8	7	 6837.00
8	9	21749.60
9	8	21820.22
9	10	17726.63
9	14	23131.47
9	15	11045.77
9	16	 8100.50
10	3	 5305.85
10	9	17606.75
10	11	 8364.26
10	13	 9776.58
11	2	 9989.48
11	10	 8403.14
11	12	12301.92
12	11	12393.50
12	23	11119.26
13	10	 9815.48
13	14	 9034.68
13	22	 8397.43
14	9	23195.35
14	13	 9078.01
14	18	19084.00
14	21	18404.64
15	7	 8402.93
15	9	11071.93
15	16	11688.99
15	17	15290.63
16	9	 8100.95
16	15	11676.26
16	18	 9952.39
17	6	15865.36
17	15	15344.70
17	19	18989.40
18	14	19116.37
18	16	 9940.10
18	19	 8686.63
19	17	19007.33
19	18	 8706.71
19	20	 6303.89
19	21	 7003.13
20	19	 6243.70
20	21	 8617.08
20	23	10307.64
21	14	18379.48
21	19	 7001.33
21	20	 8607.15
21	22	 9659.65
22	13	 8393.01
22	21	 9622.77
22	23	 7901.13
23	12	11110.84
23	20	10257.38
23	22	 7859.82
