i	j	o18d1n1l58
0	1	 4496.79
0	2	 8119.25
1	0	 4520.24
1	5	 5968.79
2	0	 8095.79
2	3	14018.87
2	11	10037.27
3	2	14044.25
3	4	18015.15
3	10	 5210.93
4	3	18041.62
4	5	 8794.70
4	8	15787.42
5	1	 5992.25
5	4	 8805.56
5	7	12491.05
6	7	12101.89
6	17	15799.58
7	5	12525.37
7	6	12044.15
7	8	 6880.66
7	15	 8384.50
8	4	15803.02
8	7	 6837.05
8	9	21748.39
9	8	21820.39
9	10	17727.71
9	14	23130.90
9	15	11046.82
9	16	 8100.75
10	3	 5309.84
10	9	17606.63
10	11	 8364.75
10	13	 9776.24
11	2	 9988.43
11	10	 8404.15
11	12	12302.80
12	11	12393.36
12	23	11119.66
13	10	 9814.67
13	14	 9036.66
13	22	 8396.92
14	9	23199.35
14	13	 9079.32
14	18	19084.38
14	21	18405.12
15	7	 8404.69
15	9	11071.48
15	16	11690.46
15	17	15383.01
16	9	 8100.72
16	15	11677.62
16	18	 9954.83
17	6	15857.31
17	15	15440.71
17	19	18983.95
18	14	19119.31
18	16	 9941.95
18	19	 8686.92
19	17	18999.39
19	18	 8708.98
19	20	 6303.03
19	21	 7004.23
20	19	 6242.69
20	21	 8616.65
20	23	10305.57
21	14	18381.30
21	19	 7002.07
21	20	 8606.65
21	22	 9659.58
22	13	 8392.69
22	21	 9623.59
22	23	 7900.38
23	12	11110.22
23	20	10255.23
23	22	 7860.16
