i	j	o16d21l45
0	1	 4577.57
0	2	 8109.92
1	0	 4509.85
1	5	 6017.20
2	0	 8177.64
2	3	14058.44
2	11	 9991.18
3	2	14039.19
3	4	18058.08
3	10	 5211.36
4	3	18039.49
4	5	 8812.94
4	8	15782.18
5	1	 5949.48
5	4	 8788.57
5	7	12589.82
6	7	12037.58
6	17	16053.37
7	5	12497.73
7	6	12230.87
7	8	 6833.58
7	15	 8447.09
8	4	15787.96
8	7	 6987.96
8	9	21597.08
9	8	21857.23
9	10	17689.43
9	14	22905.20
9	15	11165.24
9	16	 8100.46
10	3	 5310.70
10	9	17629.01
10	11	 8381.90
10	13	 9695.01
11	2	10078.15
11	10	 8373.65
11	12	12274.90
12	11	12453.61
12	23	11058.99
13	10	 9842.18
13	14	 9057.92
13	22	 8121.08
14	9	23250.97
14	13	 9054.15
14	18	18724.39
14	21	17577.02
15	7	 8393.92
15	9	11039.59
15	16	11717.13
15	17	15850.17
16	9	 8100.92
16	15	11938.24
16	18	 9757.22
17	6	15860.08
17	15	15450.24
17	19	19625.52
18	14	18092.70
18	16	 9978.79
18	19	 9115.54
19	17	18932.30
19	18	 8705.42
19	20	 5940.66
19	21	 8499.02
20	19	 6230.84
20	21	 8590.62
20	23	10325.59
21	14	18450.70
21	19	 7005.51
21	20	 8991.63
21	22	 9745.49
22	13	 8272.02
22	21	 9526.67
22	23	 8106.96
23	12	11137.71
23	20	10214.75
23	22	 8039.08
