i	j	o16d6l53
0	1	 4428.50
0	2	 8051.76
1	0	 4452.34
1	5	 5962.30
2	0	 8027.92
2	3	13981.26
2	11	 9989.76
3	2	14002.56
3	4	17979.71
3	10	 5209.17
4	3	18001.64
4	5	 8794.96
4	8	15811.54
5	1	 5986.14
5	4	 8803.98
5	7	12423.59
6	7	12734.08
6	17	15568.64
7	5	12456.46
7	6	12678.63
7	8	 6777.38
7	15	 8579.16
8	4	15824.44
8	7	 6734.22
8	9	21875.37
9	8	21945.12
9	10	17744.62
9	14	23212.82
9	15	11077.75
9	16	 8101.02
10	3	 5308.54
10	9	17621.89
10	11	 8382.20
10	13	 9804.58
11	2	 9944.62
11	10	 8420.11
11	12	12275.51
12	11	12368.29
12	23	11148.73
13	10	 9843.30
13	14	 9044.64
13	22	 8401.21
14	9	23280.01
14	13	 9087.25
14	18	19210.21
14	21	18414.92
15	7	 8599.74
15	9	11103.46
15	16	11700.41
15	17	14918.79
16	9	 8100.61
16	15	11687.10
16	18	 9947.11
17	6	15624.08
17	15	14978.38
17	19	18989.06
18	14	19245.04
18	16	 9933.39
18	19	 8696.16
19	17	19004.10
19	18	 8717.27
19	20	 6320.82
19	21	 7001.17
20	19	 6256.72
20	21	 8615.22
20	23	10321.29
21	14	18389.89
21	19	 7001.41
21	20	 8604.41
21	22	 9666.55
22	13	 8397.33
22	21	 9630.94
22	23	 7917.73
23	12	11141.50
23	20	10268.01
23	22	 7878.24
