i	j	       0	       1	       2	       3	       4	       5	       6	       7	       8	       9	      10	      11	      12	      13	      14	      15	      16	      17	      18	      19	      20	      21	      22	      23
0	1	 2600.23	    0.00	  254.78	  200.02	   15.87	    0.00	    0.01	    0.02	   31.74	   95.45	  200.02	  507.26	  444.94	  100.01	   15.89	    0.02	    0.04	    0.00	    0.01	    0.00	    0.01	    0.07	    0.08	   29.41
0	2	 6199.77	 1168.97	    0.00	    0.00	    0.00	  230.73	  139.47	  242.00	    0.00	    0.00	    0.00	    0.00	    0.00	    0.00	    0.00	  102.66	    0.00	   34.48	    0.00	    0.02	    0.00	    0.00	    0.00	    0.00
1	0	    0.00	 1268.97	    0.00	    0.00	    0.00	  530.73	  639.45	 1041.97	    0.00	    0.00	    0.00	    0.00	    0.00	    0.00	    0.00	  602.64	    0.41	  134.47	    0.03	  300.01	    0.00	    0.00	    0.00	    0.00
1	5	 2500.23	 2731.03	  154.78	    0.04	    0.00	    0.00	    0.00	    0.00	    0.00	    0.00	    0.04	  407.26	  144.94	    0.01	    0.00	    0.00	    0.00	    0.00	    0.00	    0.00	    0.01	    0.03	    0.08	   29.41
2	0	    0.00	    0.00	  354.78	  700.02	  215.87	    0.00	    0.03	    0.05	  531.74	 1395.45	  700.02	  707.26	  944.94	  400.01	  515.89	    0.04	  399.63	    0.00	  299.99	    0.02	  100.01	  400.07	  300.08	  129.41
2	3	 4499.43	  668.71	 1945.02	    0.00	    0.00	    0.04	    0.00	    0.00	    0.00	    0.00	    0.00	 3712.05	 2518.15	    0.09	    0.00	    0.00	    0.00	    0.00	    0.00	    0.00	  203.10	    0.21	    1.76	  470.31
2	11	 1600.34	  400.27	  500.20	 1602.45	  403.41	  500.55	  769.65	 1200.00	 1399.62	  658.69	    0.94	    0.00	    0.00	    0.08	   49.70	  545.53	  185.63	  199.80	   21.30	    0.10	    0.00	    0.00	    0.00	    0.00
3	2	    0.00	    0.00	    0.00	 2502.47	  719.28	  569.87	  730.21	 1158.05	 2031.36	 2354.14	 1000.52	    0.00	    0.00	  499.80	  665.53	  642.90	  685.25	  165.33	  321.29	    0.10	    0.00	    0.06	    0.05	    0.00
3	4	 3197.31	  168.71	 1344.76	 6696.32	    0.00	    0.00	    0.00	    0.00	    0.00	    0.11	  906.04	 3111.69	 1917.86	  200.02	    0.07	    0.00	    0.01	    0.00	    0.02	    0.00	    3.16	    0.04	  199.88	  270.32
3	10	  802.12	  300.05	  400.26	 2401.21	  699.70	  599.58	    0.10	    4.29	    1.08	    0.17	    0.00	    0.36	    0.30	    0.07	    0.06	    0.12	    0.04	    0.02	    0.02	    0.03	    0.02	    0.05	    0.06	    0.03
4	3	    0.00	    0.05	    0.00	    0.00	 1918.98	 1569.40	 1130.31	 1862.34	 2732.43	 3552.92	    0.00	    0.00	    0.00	    0.00	 1164.87	 1443.02	 1185.00	  265.35	  521.01	  300.12	    0.03	  399.19	    0.00	    0.00
4	5	    0.00	    0.00	  527.88	 2099.04	 1242.84	    0.00	    0.02	    0.03	  568.41	 1304.49	  405.86	 1511.75	  582.06	  100.02	  283.74	    0.04	    0.04	    0.00	    0.04	    0.01	    0.01	    0.00	   99.88	   70.57
4	8	 2997.31	  899.86	  716.88	 4097.28	 2938.18	 1400.03	    0.03	    0.10	    0.00	    0.00	    0.18	 1399.94	 1135.79	    0.00	    0.00	    0.06	    0.00	    0.01	    0.00	    0.03	    0.01	    0.00	    0.00	  199.75
5	1	    0.00	    0.00	    0.00	    0.02	   84.13	  930.73	  839.44	 1441.95	  168.26	  504.55	    0.02	    0.00	    0.00	    0.01	   84.11	 1002.63	  200.37	  134.47	  100.01	  400.00	    0.00	   99.96	    0.00	    0.00
5	4	    0.00	  831.20	    0.00	    0.00	    0.00	 3169.44	 1028.40	 1809.63	    0.00	    0.00	    0.00	    0.00	    0.00	    0.00	    0.00	 1456.74	    0.13	  203.31	    0.03	  306.20	    0.04	    0.06	    0.00	    0.00
5	7	 2200.23	 1499.83	  382.66	 1699.06	  958.71	 3499.84	    0.00	    0.00	    0.15	    0.07	    5.88	 1719.01	  527.01	    0.03	    0.00	    0.00	    0.00	    0.00	    0.00	    0.00	    0.00	    0.00	    0.00	    0.00
6	7	    0.00	    0.00	    0.00	    0.00	    0.00	    0.00	 4174.34	    0.00	    0.00	    0.00	    0.00	    0.03	    0.00	  399.87	  600.15	  392.20	  135.68	  999.75	  999.64	 2599.12	  500.06	  799.91	  300.00	  199.99
6	17	  431.64	  337.51	    7.77	  428.87	  118.07	  987.80	 7925.66	 4524.65	  818.75	    0.76	    0.16	  218.64	    0.02	    0.00	    0.00	    0.00	    0.03	    0.00	    0.00	    0.00	    0.00	    0.00	    0.00	    0.00
7	5	    0.00	    0.00	    0.00	    0.00	    0.00	    0.00	 2267.82	 4051.55	    0.00	    0.13	    0.00	    0.00	    0.00	    0.00	    0.37	 3359.33	  700.46	  437.78	  300.00	 1006.19	  100.02	  299.99	    0.03	    0.01
7	6	  931.64	  537.51	  107.77	  828.87	  318.07	 1387.80	    0.00	 5524.65	 1418.69	    3.75	    1.00	  918.64	   64.58	    0.00	    0.00	    0.00	    0.11	    0.00	    0.00	    0.00	    0.00	    0.00	    0.00	    0.00
7	8	    0.00	    0.00	    0.00	    0.00	    0.00	    0.00	  906.51	 3748.38	    0.00	    0.00	    0.00	    0.00	    0.00	    0.00	    0.00	 1272.73	    0.00	  262.09	    0.00	  693.28	    0.10	    0.00	    0.00	    0.00
7	15	  468.67	  562.37	  173.86	  691.51	  432.20	 1312.13	    0.00	 3375.42	  898.04	    0.51	    0.23	  469.53	    0.16	    0.00	    0.00	    0.00	    0.00	    0.00	    0.00	    0.00	    0.00	    0.00	    0.00	    0.00
8	4	    0.00	    0.00	    0.00	    0.00	    0.00	    0.00	  301.95	  552.85	 4100.84	 5857.29	    0.00	    0.00	    0.00	    0.00	 1648.54	  486.38	 1384.89	   62.04	  621.00	   93.96	   96.85	  599.10	    0.00	    0.00
8	7	    0.08	    0.04	   98.97	  521.32	  291.55	    0.09	    0.00	    0.00	 3116.58	 1604.04	  795.35	  269.14	  137.74	    0.05	    0.00	    0.00	    0.23	    0.00	    0.00	    0.00	    0.00	    0.00	    0.00	    0.00
8	9	 2497.23	  699.82	  517.90	 2875.96	 1846.63	  999.94	    4.64	 2395.63	 8982.57	    0.00	    0.00	  530.92	  398.18	    0.00	    0.00	    0.25	    0.00	    0.33	    0.00	    0.00	    0.00	    0.00	    0.00	    0.00
9	8	    0.00	    0.00	    0.00	    0.00	    0.00	    0.00	    0.05	    0.00	    0.00	10261.33	 2195.17	    0.12	    0.12	  600.05	 2648.54	  613.84	 2285.13	    0.27	 1021.00	    0.66	  396.74	 1299.10	  500.00	    0.25
9	10	    0.00	    0.00	    0.00	    0.00	    0.00	    0.00	  499.90	  795.73	 1711.72	 8391.06	    0.00	    0.00	    0.00	    0.00	 1287.54	 1554.89	 1914.37	  199.93	  425.94	  429.31	    1.41	  517.35	    0.00	    0.00
9	14	  798.82	   99.92	   99.86	 1098.03	  597.01	  200.06	    0.00	    0.00	 3087.55	14612.33	 1890.79	  641.94	    3.38	    0.00	    0.00	    0.00	    0.83	    0.00	    0.00	    0.00	    0.00	    0.00	    0.00	    0.00
9	15	    0.00	    0.00	   18.38	   79.67	   49.79	    0.00	    0.00	    0.00	  483.58	 8035.12	 2167.97	  211.02	    0.12	    0.00	    0.00	    0.00	    0.00	    0.00	    0.00	    0.00	    0.00	    0.00	    0.00	    0.00
9	16	  399.67	    0.02	   99.98	  499.90	  199.94	    0.04	    0.09	    0.12	  899.72	 3900.15	  999.90	  599.88	  499.90	    0.10	    0.13	    0.12	    0.00	    0.05	    0.07	    0.15	    0.05	    0.15	    0.05	    0.03
10	3	    0.00	    0.00	    0.00	    0.00	    0.00	    0.00	    0.00	    0.00	    0.00	    1.51	 3406.56	    0.00	    0.00	 1199.80	    0.79	    0.00	    0.31	    0.00	    0.31	    0.00	    0.05	    0.73	  698.22	    0.03
10	9	    1.26	    0.07	    0.31	    1.64	    0.12	    0.09	    0.00	    0.00	    0.00	    0.00	11153.83	 2922.05	 2005.35	 1120.78	    0.00	    0.00	    0.00	    0.00	    0.00	    0.00	    0.00	    0.00	  346.94	   55.71
10	11	    0.00	    0.00	    0.00	    0.00	    0.00	    0.00	    0.00	    0.00	    0.11	 3241.31	 2400.23	    0.00	    0.00	  717.58	  655.13	  155.17	  914.17	    0.02	  280.75	    0.00	    0.00	    0.00	    0.00	    0.00
10	13	  301.30	  100.14	  100.17	  999.65	  199.61	  199.56	    0.00	    0.03	  312.68	 1148.41	 5339.38	 1058.16	   19.96	    0.00	    0.00	    0.00	    0.04	    0.00	    0.00	    0.00	    0.00	    0.00	    0.00	    0.00
11	2	    0.00	    0.00	    0.00	    0.00	    0.00	    0.00	    0.00	    0.00	    0.00	    0.00	    0.45	 4619.30	 3563.10	    0.37	    0.05	    0.00	    0.00	    0.00	    0.00	    0.00	  303.11	  500.22	  401.80	  599.72
11	10	    0.44	    0.17	    0.22	    0.08	    0.03	    0.07	    0.00	    0.00	    0.00	    0.00	    0.00	 5379.85	 3025.01	    0.00	    0.00	    0.00	    0.00	    0.00	    0.00	    0.00	    0.04	    0.00	    0.00	    0.30
11	12	 1399.90	  300.10	  299.98	 1002.36	  203.38	  300.48	   69.72	  600.00	  799.73	 1900.00	 1000.73	 3900.85	    0.00	   17.57	    4.78	    0.94	  499.80	    0.03	    2.05	    0.03	    0.00	    0.00	    0.00	    0.00
12	11	    0.00	    0.00	    0.00	    0.00	    0.00	    0.00	    0.07	    0.00	    0.00	    0.00	    0.00	    0.00	 7888.10	    0.29	    0.00	    0.24	    0.00	    0.21	    0.00	  499.92	  603.15	 1200.22	 1101.80	 1100.03
12	23	  899.90	    0.10	  199.98	  402.36	    3.38	  100.48	    0.00	    0.00	  199.73	    0.00	    0.73	 2600.85	 6711.90	    0.00	    0.00	    0.00	    0.00	    0.00	    0.00	    0.00	    0.00	    0.00	    0.00	    0.00
13	10	    0.00	    0.00	    0.00	    0.00	    0.00	    0.00	    0.00	    0.00	    0.00	    0.00	    0.00	    0.00	    0.00	 4638.09	  768.33	    0.16	    0.12	    0.07	  255.11	  170.67	  398.58	  583.33	 2345.10	  655.42
13	14	    1.21	    0.15	    0.15	    1.61	    0.05	    0.04	    0.00	    0.00	    0.00	    0.00	 1053.00	  358.06	   97.12	 6242.55	    0.00	    0.00	    0.00	    0.00	    0.00	    0.00	    0.00	    0.00	 1158.19	  122.76
13	22	    0.10	    0.00	    0.02	  498.06	   99.56	   99.53	    0.00	    0.00	  194.68	  806.77	 2686.44	    0.30	    0.31	 3219.36	  436.93	    0.00	  220.71	    0.00	  135.67	    0.00	    0.00	    0.00	    0.00	    0.00
14	9	    0.00	    0.00	    0.00	    0.00	    0.00	    0.00	    0.00	    0.00	    0.00	    0.00	    0.00	    0.00	    0.00	 1579.37	 7936.21	    0.30	    0.85	    0.06	 3246.81	 1721.99	 1598.20	 4416.60	 1953.12	  744.57
14	13	    0.00	    0.00	    0.00	    0.00	    0.00	    0.00	  199.36	  398.87	  481.99	 1758.36	    0.07	    0.00	    0.00	    0.00	 2505.25	  699.17	  920.78	   99.68	  690.76	  668.83	    1.03	  653.22	    0.00	    0.00
14	18	  300.03	    0.08	    0.01	  200.07	  100.03	    0.11	    0.02	    0.03	  400.15	 3260.80	  830.80	  300.06	  279.52	 2896.67	 5900.12	    0.06	    0.42	    0.01	    0.00	    0.05	  556.98	 2899.91	  899.98	  259.80
14	21	    0.00	    0.00	    0.00	  399.57	  297.03	    0.00	    0.00	    0.00	 1305.41	 5593.18	  712.92	    0.00	    0.00	  466.51	 5058.42	    0.24	 2485.96	    0.00	 2083.52	    0.00	    0.00	    0.00	    0.00	    0.00
15	7	    0.00	    0.00	    0.00	    0.00	    0.00	    0.00	    0.00	    0.00	    0.00	    0.27	    0.00	    0.00	    0.00	    0.05	    0.22	 6439.86	 1964.66	    0.13	    0.36	    0.36	    0.06	    0.08	    0.03	    0.02
15	9	    0.00	    0.05	    0.00	    0.00	    0.00	    0.07	 2395.17	    0.22	    0.00	    0.00	    0.00	    0.00	    0.00	    0.00	    0.00	 6567.23	    0.59	  899.78	    0.20	 1207.92	    0.00	    0.00	    0.00	    0.00
15	16	    0.32	  200.05	    0.01	    0.06	    0.05	  500.12	 1000.94	 1401.58	    0.22	    0.52	    0.09	    0.05	    0.00	    0.00	    0.00	 5964.68	    0.00	  600.47	    0.00	 1538.08	  354.55	    0.00	    0.00	  125.43
15	17	    0.02	    0.00	    0.00	    0.02	    0.00	    0.03	    0.00	    0.15	    0.49	 3636.12	  768.32	    0.06	    0.03	    0.03	    0.14	 7128.23	 3751.47	    0.00	    0.14	    0.00	    0.00	    0.00	    0.00	    0.00
16	9	    0.00	    0.00	    0.00	    0.00	    0.00	    0.00	    0.23	    0.00	    0.00	    0.00	    0.00	    0.00	    0.00	    0.00	    0.00	    1.07	 8098.89	    0.09	    0.00	    0.20	    0.00	    0.00	    0.00	    0.00
16	15	    0.00	    0.00	    0.00	    0.00	    0.00	    0.00	    0.00	    0.00	    0.00	    0.90	    0.10	    0.00	    0.00	  690.75	 1184.70	    0.00	 8516.60	    0.00	 1283.79	    0.00	    0.05	    0.11	    0.05	    0.03
16	18	    0.03	    0.08	    0.00	    0.02	    0.01	    0.17	    0.80	    1.70	    0.04	    0.16	    0.00	    0.00	    0.00	    0.00	    0.00	 3163.73	 6784.51	    0.44	    0.00	    0.00	    0.00	    0.00	    0.00	    0.00
17	6	    0.00	    0.00	    0.00	    0.00	    0.00	    0.00	    0.00	    0.00	    0.05	 1897.01	  499.16	    0.03	  335.43	  599.87	 1100.15	 1792.20	 1135.60	 1199.75	 1399.64	 3099.12	  700.06	 1299.91	  500.00	  299.99
17	15	   31.67	   37.74	    7.77	   28.90	   18.06	   88.10	 4796.11	  226.53	   19.09	    0.38	    0.12	   19.57	  599.75	    9.33	   15.66	    0.00	    0.12	 2000.38	   16.91	 4346.35	  954.55	 1199.97	  499.99	  425.42
17	19	  299.99	  299.77	    0.00	  299.99	  100.01	  799.73	 2929.55	 3998.28	  600.09	 1039.70	  169.20	    0.02	    0.03	    0.00	    0.00	 4836.03	 2015.93	 1599.87	    0.00	    0.00	    0.00	    0.00	    0.00	    0.00
18	14	    0.00	    0.01	    0.00	    0.00	    0.00	    0.02	  699.32	  998.82	    0.00	    0.00	    0.00	    0.00	    0.00	    0.00	    0.00	 1899.61	 4907.19	  299.72	 6821.09	 3490.41	    0.16	    0.39	    0.17	    0.07
18	16	    0.04	    0.02	    0.01	    0.05	    0.02	    0.00	    0.00	    0.00	    0.09	    0.40	    0.10	    0.06	    0.10	 1390.65	 2684.57	    0.00	    0.00	    0.00	 2983.72	  161.97	  245.45	 1699.96	  599.99	  174.57
18	19	    0.02	    0.00	    0.00	    0.04	    0.02	    0.03	    0.00	    0.00	    0.10	 1460.57	  430.70	    0.00	    0.00	 1206.03	 2415.55	    0.00	  177.75	    0.00	 2995.19	    0.00	    0.00	    0.00	    0.00	    0.00
19	17	    0.00	    0.00	    0.00	    0.00	    0.00	    0.00	    0.00	    0.00	    0.00	    0.22	    0.00	    0.90	 1035.16	  709.17	 1315.67	    0.00	    0.14	    0.00	 1716.41	 7845.47	 1754.61	 2799.88	 1099.99	  725.41
19	18	    0.00	   99.87	    0.00	    0.00	    0.00	  199.76	 1098.51	 1697.09	    0.00	    0.00	    0.00	    0.00	   20.58	    0.01	    0.00	   35.81	    0.00	  599.27	    0.00	 4852.33	   88.63	    0.44	    0.18	   14.85
19	20	    0.00	    0.00	    0.00	    0.01	    0.02	  100.01	  630.53	  600.56	    0.05	    0.05	    0.02	    0.01	    0.03	    0.02	    0.03	 1499.85	  493.50	  200.36	   78.89	 2700.78	    0.00	    0.08	    0.03	    0.02
19	21	    0.00	   99.90	    0.00	    0.02	    0.01	  199.98	  700.51	  800.62	    0.14	    0.22	    0.05	    0.00	    0.00	    0.00	    0.17	 1700.36	    0.11	  400.24	    0.08	 3101.42	    0.18	    0.00	    0.00	    0.00
20	19	    0.00	    0.00	    0.00	    0.00	    0.00	    0.00	    0.00	    0.00	    0.00	    0.11	    0.03	  400.80	 1655.59	    0.08	    0.17	    0.00	    0.07	    0.00	    0.18	    0.00	 3043.43	    0.23	    1.46	 1139.98
20	21	  263.44	    0.09	   65.86	    0.00	    0.00	    0.03	    0.06	    0.08	    0.00	    0.00	    0.00	  461.02	 1464.30	    0.00	    0.00	    0.16	    0.00	    0.03	    0.00	    0.41	 4758.02	    0.00	    0.09	 1605.24
20	23	    0.00	    0.00	    0.00	    0.00	    0.00	    0.02	  430.47	  200.48	    0.12	  485.38	    0.00	    0.00	    0.00	    0.00	  683.50	  899.77	  213.55	  100.32	  252.80	 1500.37	 3198.55	 2338.90	    0.00	    0.00
21	14	    0.00	    0.00	    0.00	    0.00	    0.00	    0.00	    0.06	    0.08	    0.00	    0.00	    0.00	    0.06	  879.02	    0.00	    0.00	    0.16	    0.00	    0.03	    0.00	    0.46	 2956.05	10569.34	 2694.74	 1281.54
21	19	    0.00	    0.00	    0.00	    0.00	    0.00	    0.00	    0.00	    0.00	    0.00	    0.11	    0.13	    0.10	    0.15	    3.09	    0.15	    0.00	    0.00	    0.00	    0.00	    0.00	    0.00	 5200.18	 1798.74	    0.30
21	20	    0.01	    0.00	    0.00	    0.02	   97.08	    0.00	    0.00	    0.00	  300.08	 1685.44	    2.52	    0.03	    0.00	    1.49	 1483.64	    0.08	  320.13	    0.00	  574.09	    0.00	    0.00	 4139.05	    0.85	    0.00
21	22	    0.00	    0.00	    0.00	    0.00	    0.00	    0.01	  200.51	  300.62	  305.47	 1307.85	    0.00	    0.00	    0.00	    0.00	  974.80	  500.52	  465.95	  100.25	  309.50	  701.37	    2.15	 4491.44	    0.00	    0.00
22	13	    0.01	    0.00	    0.00	    0.02	    0.00	    0.00	    0.64	    1.10	    0.00	    0.00	    0.00	    0.19	  677.47	    0.00	    0.00	    0.99	    0.00	    0.39	    0.01	    1.84	  797.56	 1130.11	 4603.29	 1178.17
22	21	  136.57	    0.01	   34.14	    0.44	    0.04	    0.00	    0.00	    0.00	    0.00	    0.00	  389.69	  239.18	  714.87	  738.08	    0.00	    0.00	    0.00	    0.00	    0.00	    0.00	    0.00	    0.00	 6594.23	  776.60
22	23	    0.01	    0.00	    0.00	    0.02	    0.00	    0.01	    0.29	    0.14	    0.15	  314.62	  996.81	    0.06	    0.00	 1381.29	  411.72	    0.56	   86.66	    0.06	  145.16	    0.95	    0.06	 1261.42	 3302.48	    0.00
23	12	    0.00	    0.00	    0.00	    0.00	    0.00	    0.00	  330.35	    0.00	    0.00	    0.00	    0.00	    0.00	    0.00	  582.72	  695.22	  599.30	    0.20	  100.18	  297.95	 1099.90	 1203.15	 2500.22	 1901.80	 1800.03
23	20	  363.42	    0.08	   65.86	  199.97	    2.91	    0.03	    0.00	    0.00	    0.00	    0.00	  397.49	 1161.77	 3719.86	  398.57	    0.00	    0.00	    0.00	    0.00	    0.00	    0.00	    0.00	    0.00	  700.67	 3245.20
23	22	  436.49	    0.02	  134.12	    2.42	    0.48	    0.48	    0.41	    0.62	    0.00	    0.00	    0.06	  939.13	 2192.03	    0.00	    0.00	    1.03	    0.00	    0.20	    0.00	    1.42	 1495.46	    0.09	    0.00	 2654.77
