i	j	o12d13n1l38
0	1	 4533.20
0	2	 8113.28
1	0	 4513.96
1	5	 6012.22
2	0	 8132.53
2	3	14259.69
2	11	10137.93
3	2	14142.27
3	4	18258.48
3	10	 5205.89
4	3	18140.56
4	5	 8802.25
4	8	15933.07
5	1	 5992.98
5	4	 8799.98
5	7	12535.11
6	7	12074.71
6	17	15846.79
7	5	12513.60
7	6	12075.61
7	8	 6857.88
7	15	 8402.61
8	4	15817.41
8	7	 6843.07
8	9	21888.52
9	8	21858.05
9	10	17691.42
9	14	23291.98
9	15	11043.56
9	16	 8100.59
10	3	 5306.38
10	9	17571.92
10	11	 8397.71
10	13	 9845.13
11	2	10274.59
11	10	 8494.95
11	12	12571.39
12	11	12905.31
12	23	10842.24
13	10	 9828.89
13	14	 9001.15
13	22	 8360.99
14	9	23270.59
14	13	 9075.98
14	18	19111.15
14	21	18295.85
15	7	 8396.81
15	9	11054.32
15	16	11599.84
15	17	15450.96
16	9	 8100.25
16	15	11584.79
16	18	 9961.62
17	6	15845.90
17	15	15470.97
17	19	19180.43
18	14	19157.23
18	16	 9946.22
18	19	 8592.15
19	17	19099.55
19	18	 8622.83
19	20	 6316.14
19	21	 7003.88
20	19	 6168.19
20	21	 8525.37
20	23	10329.65
21	14	18203.21
21	19	 7001.63
21	20	 8523.47
21	22	 9672.75
22	13	 8269.91
22	21	 9575.97
22	23	 7841.16
23	12	11076.16
23	20	10183.60
23	22	 7653.30
