i	j	o7d13l17
0	1	 4494.87
0	2	 8119.45
1	0	 4520.52
1	5	 5966.22
2	0	 8093.80
2	3	14020.83
2	11	10036.85
3	2	14043.90
3	4	18017.68
3	10	 5209.30
4	3	18041.99
4	5	 8796.31
4	8	15786.91
5	1	 5991.86
5	4	 8804.18
5	7	12490.79
6	7	12099.53
6	17	15779.83
7	5	12524.30
7	6	12035.32
7	8	 6880.69
7	15	 8389.55
8	4	15803.36
8	7	 6834.28
8	9	21753.99
9	8	21824.02
9	10	17728.22
9	14	23131.83
9	15	11047.14
9	16	 8100.36
10	3	 5308.05
10	9	17608.37
10	11	 8365.99
10	13	 9779.00
11	2	 9988.14
11	10	 8405.70
11	12	12304.59
12	11	12395.59
12	23	11119.33
13	10	 9818.19
13	14	 9036.76
13	22	 8398.04
14	9	23196.14
14	13	 9081.72
14	18	19091.39
14	21	18405.33
15	7	 8405.27
15	9	11072.49
15	16	11694.30
15	17	15661.76
16	9	 8100.58
16	15	11682.97
16	18	 9960.05
17	6	15844.04
17	15	15714.15
17	19	18967.99
18	14	19122.53
18	16	 9948.95
18	19	 8689.79
19	17	18984.59
19	18	 8709.82
19	20	 6301.01
19	21	 7002.76
20	19	 6239.53
20	21	 8619.54
20	23	10305.33
21	14	18383.46
21	19	 7000.87
21	20	 8608.99
21	22	 9657.64
22	13	 8392.28
22	21	 9623.32
22	23	 7901.05
23	12	11110.33
23	20	10254.41
23	22	 7860.97
