i	j	o21d23l65
0	1	 4495.80
0	2	 8118.61
1	0	 4519.41
1	5	 5967.41
2	0	 8095.00
2	3	14019.65
2	11	10036.81
3	2	14044.97
3	4	18019.50
3	10	 5209.07
4	3	18046.37
4	5	 8796.20
4	8	15788.64
5	1	 5991.02
5	4	 8805.25
5	7	12491.98
6	7	12104.13
6	17	15804.55
7	5	12524.64
7	6	12043.44
7	8	 6881.42
7	15	 8385.75
8	4	15806.45
8	7	 6836.91
8	9	21748.57
9	8	21821.88
9	10	17726.17
9	14	23127.05
9	15	11047.87
9	16	 8100.69
10	3	 5307.52
10	9	17606.01
10	11	 8363.91
10	13	 9778.00
11	2	 9987.87
11	10	 8404.04
11	12	12302.32
12	11	12393.51
12	23	11119.78
13	10	 9816.17
13	14	 9034.41
13	22	 8397.66
14	9	23197.42
14	13	 9078.64
14	18	19080.49
14	21	18403.28
15	7	 8402.23
15	9	11071.44
15	16	11688.94
15	17	15293.59
16	9	 8100.22
16	15	11675.44
16	18	 9953.54
17	6	15865.24
17	15	15347.14
17	19	18994.00
18	14	19117.98
18	16	 9939.57
18	19	 8682.97
19	17	19008.24
19	18	 8706.48
19	20	 6307.15
19	21	 7001.32
20	19	 6242.73
20	21	 8617.79
20	23	10306.03
21	14	18380.39
21	19	 7003.49
21	20	 8602.44
21	22	 9658.98
22	13	 8391.61
22	21	 9622.91
22	23	 7903.08
23	12	11110.97
23	20	10256.96
23	22	 7860.95
