i	j	o21d1l53
0	1	 4494.87
0	2	 8118.66
1	0	 4518.96
1	5	 5967.06
2	0	 8094.57
2	3	14018.76
2	11	10038.16
3	2	14044.56
3	4	18016.40
3	10	 5209.29
4	3	18042.01
4	5	 8796.85
4	8	15786.27
5	1	 5991.15
5	4	 8805.20
5	7	12491.26
6	7	12100.32
6	17	15793.05
7	5	12523.70
7	6	12041.71
7	8	 6881.88
7	15	 8385.09
8	4	15803.54
8	7	 6835.47
8	9	21753.58
9	8	21824.44
9	10	17728.21
9	14	23129.94
9	15	11045.77
9	16	 8100.97
10	3	 5309.47
10	9	17605.24
10	11	 8364.44
10	13	 9778.55
11	2	 9988.27
11	10	 8404.76
11	12	12302.07
12	11	12392.50
12	23	11120.01
13	10	 9815.44
13	14	 9038.75
13	22	 8398.12
14	9	23197.42
14	13	 9079.97
14	18	19087.46
14	21	18404.54
15	7	 8405.32
15	9	11072.17
15	16	11690.94
15	17	15376.32
16	9	 8100.93
16	15	11679.68
16	18	 9954.03
17	6	15851.67
17	15	15434.21
17	19	18984.52
18	14	19120.62
18	16	 9942.72
18	19	 8685.72
19	17	19001.03
19	18	 8707.58
19	20	 6303.45
19	21	 7001.14
20	19	 6242.18
20	21	 8617.66
20	23	10307.62
21	14	18380.07
21	19	 7000.78
21	20	 8607.13
21	22	 9657.43
22	13	 8393.79
22	21	 9622.05
22	23	 7901.63
23	12	11110.44
23	20	10256.88
23	22	 7861.92
