i	j	       0	       1	       2	       3	       4	       5	       6	       7	       8	       9	      10	      11	      12	      13	      14	      15	      16	      17	      18	      19	      20	      21	      22	      23
0	1	 1771.32	 4144.86	   33.15	 1737.62	    6.16	 3008.36	 1069.65	    0.00	 2139.28	  534.82	   12.33	   33.15	 2105.01	    6.16	    0.00	 1470.77	    0.00	  285.22	    0.00	  619.49	    0.00	  316.45	    0.00	    0.00
0	2	 2883.79	 2071.30	  845.42	 1828.70	    0.00	  660.17	  294.40	   53.97	  110.04	  200.56	    0.00	    0.00	  601.68	    0.00	  558.49	 1002.79	    0.00	  221.93	    0.00	  355.64	    0.00	  379.74	    0.00	    0.00
1	0	  168.58	 1325.88	    0.00	  101.73	    0.00	 1617.49	  526.98	  319.14	  901.06	  267.41	    0.00	  365.54	  468.67	    0.00	    0.00	  432.45	  132.59	   39.71	   80.95	  172.86	    0.00	  116.61	    0.00	   57.02
1	5	  133.71	    0.00	    0.00	    0.00	    0.00	    0.00	 1069.65	 1671.32	 4479.13	 1604.45	    0.00	 1435.36	 2709.50	    0.00	    0.00	 1167.95	    0.00	  293.22	    0.00	  560.63	    0.00	  458.55	    0.00	  319.21
2	0	   10.88	    0.00	   66.29	  232.03	  206.16	    0.00	  267.41	  478.85	  165.74	  898.88	 1459.15	  946.90	 2214.64	  161.58	  165.74	  657.78	    0.00	   82.98	   18.49	  216.69	   33.15	  419.18	   99.44	  212.92
2	3	  867.65	  599.49	  642.71	    0.00	    0.00	    0.00	  334.26	  415.75	    0.00	  401.11	 1084.27	  265.37	 1201.12	  587.05	 2153.92	 2339.85	    0.00	  651.55	    0.00	  918.96	   66.29	  886.07	    0.00	   66.29
2	11	 1982.99	  886.85	  980.69	  624.32	  406.16	  159.57	  520.12	  516.28	    0.00	    0.00	  746.71	    0.00	    0.00	  575.65	  690.58	    0.00	 2793.12	 5296.05	 1533.64	    0.00	  590.95	    0.00	  189.83	    0.00
3	2	    0.00	  171.69	  706.52	  922.64	  712.33	   43.15	  808.40	  813.56	  198.88	   98.62	 1232.22	    0.00	    0.00	  973.93	 1228.73	   12.33	    6.16	 3002.90	 2737.48	 3671.43	 2477.01	 2278.46	  337.76	    0.00
3	4	  723.68	  414.12	  256.78	 2922.41	    0.00	    0.00	  935.94	 1358.82	    0.00	    0.00	 1992.52	  445.85	   66.29	  145.09	    0.00	    0.00	    0.00	  568.40	    0.00	  969.52	    0.00	  596.52	 2774.12	 2100.86
3	10	   65.28	    0.00	    0.00	    0.00	  467.97	    0.00	  427.36	 1562.27	    0.00	    0.00	 2364.50	  870.66	    0.00	  335.84	    0.00	    0.00	    0.00	    0.00	    0.00	    0.00	    0.00	    0.00	 3903.69	 1069.65
4	3	  133.70	    0.00	    0.00	    0.00	 1680.30	  175.73	  138.75	  949.86	 1032.59	  496.38	    0.00	  267.41	    0.00	    0.00	    0.00	  277.50	  171.90	   33.15	   53.97	   99.44	    0.00	    0.00	    0.00	  534.81
4	5	  330.87	    0.39	    0.29	  264.12	 1270.40	 2490.69	    0.00	    0.00	 2089.57	    0.00	    0.00	  947.85	 1008.21	    0.00	    0.00	 1077.68	    0.00	  149.97	    0.00	  617.94	    0.00	  289.03	    0.00	  230.41
4	8	  945.19	  380.59	  223.34	 2865.59	 3149.30	 2929.56	    0.00	    0.00	 1263.38	    0.00	    0.00	  392.75	  736.93	    0.00	    0.00	  368.34	    0.00	    0.00	    0.00	   45.98	    0.00	    0.00	    0.00	   78.76
5	1	   66.85	    0.00	    0.00	    0.00	   93.84	  447.90	  259.01	  785.99	  200.00	  198.88	   53.97	   66.85	    0.00	   26.98	   33.15	  298.32	  466.28	   33.15	  114.10	  132.59	    0.00	   33.15	    0.00	    0.00
5	4	   10.88	    0.00	    0.00	    0.00	    0.00	 1507.09	  256.56	  910.58	    0.00	    0.00	  797.76	  189.67	    0.00	   55.97	    0.00	  443.24	  589.99	   33.15	   80.95	  132.59	    0.00	    0.00	 1121.14	    0.00
5	7	    0.00	   81.42	  415.68	    0.00	 1069.65	  564.19	  343.91	  396.20	    0.00	    0.00	  931.02	    0.00	    0.00	  683.10	  907.80	    0.00	  267.68	    0.00	 2192.58	    0.00	  902.83	    0.00	  357.48	    0.00
6	7	    0.00	    0.00	    0.00	    0.00	    0.00	    0.00	 1085.63	  454.78	    0.00	    0.00	  789.05	    0.58	  265.18	  134.19	    0.88	    0.00	   82.30	  211.21	  468.94	  662.94	  165.74	  265.18	 1055.34	   99.44
6	17	    0.00	   24.53	   91.38	    6.16	   66.85	   55.47	 3179.39	 1169.88	   12.33	    0.00	  176.03	    0.00	    0.00	   91.38	  138.07	    0.00	  668.52	    0.00	  296.30	    0.00	  171.66	    0.00	   37.95	    0.00
7	5	   99.15	  132.20	   99.15	  132.20	   93.08	    0.00	  618.72	 1386.61	  198.88	  464.06	  542.89	   66.10	   66.29	  126.98	   99.44	 1039.89	 1222.02	   99.44	  461.89	  364.62	   33.15	   99.44	  456.33	   33.15
7	6	    0.49	    0.19	  200.66	   30.82	  212.89	  188.06	    0.00	 1392.18	   49.31	  117.11	  231.38	    0.00	    0.00	  267.41	  209.75	    0.00	 1738.18	    0.00	  677.72	    0.00	  458.78	    0.00	   57.66	    0.00
7	8	    0.00	    0.00	    0.00	    0.00	    0.00	  133.71	   36.98	  413.11	    0.00	    0.00	    0.00	    0.00	    0.00	    0.00	    0.00	    0.00	  334.26	   12.33	   66.85	    0.00	    0.00	    0.00	   66.83	    0.00
7	15	    0.00	    0.00	    0.00	    0.00	  700.56	  110.95	    0.00	 2566.29	    0.00	    0.00	  267.40	    0.00	    0.00	   66.85	    0.00	    0.00	  534.82	    0.00	  200.56	    0.00	    0.00	    0.00	  401.11	    0.00
8	4	    0.00	    0.00	    0.00	    0.00	    0.00	    0.00	    0.00	    0.00	  829.79	  827.86	    0.00	   66.85	    0.00	    0.00	   66.29	    0.00	  249.87	    0.00	    6.16	    0.00	   33.15	   66.29	    0.00	    0.00
8	7	  379.37	  264.98	  165.54	  409.60	  436.88	  319.71	    0.00	    0.00	  699.37	  302.03	  104.78	  100.83	  133.70	    0.00	    0.00	    0.00	  133.71	    0.00	    0.00	    0.00	    0.00	    0.00	    0.00	    0.00
8	9	  104.78	   49.31	   24.66	 2129.21	 1912.42	 1132.48	    0.00	  147.93	 4160.36	    0.00	    0.00	    0.00	    0.00	    0.00	    0.00	    0.00	    0.00	    0.00	    0.00	    0.00	    0.00	    0.00	    0.00	    0.00
9	8	    0.00	    0.00	    0.00	    0.00	    0.00	    0.00	  161.90	    0.00	    0.00	 2058.00	  568.84	  247.41	  198.88	  198.88	  397.76	  464.06	  347.63	   53.97	  138.75	  198.88	  132.59	  298.32	  165.74	   66.29
9	10	    0.00	    0.00	    0.00	  647.60	  225.87	  192.72	  354.62	  427.08	 1195.62	 4232.13	    0.00	    0.00	    0.00	    0.00	    0.00	  911.95	  557.34	  120.26	    0.00	  161.90	    0.00	    0.00	    0.00	    0.00
9	14	    0.00	    0.00	    0.00	  383.11	  512.33	  134.92	    0.00	    0.00	  788.54	 3226.64	    0.00	    0.00	    0.00	    0.00	    0.00	    0.00	    0.00	    0.00	    0.00	    0.00	    0.00	    0.00	    0.00	    0.00
9	15	  404.75	  215.87	  107.93	  620.61	  161.90	  539.66	    0.00	    0.00	 1106.31	 4910.95	 1349.16	  809.50	  161.90	    0.00	    0.00	    0.00	    0.00	    0.00	    0.00	    0.00	    0.00	    0.00	    0.00	    0.00
9	16	   24.66	   12.33	    6.16	   80.13	   12.33	    0.00	    0.00	    0.00	  141.77	  554.74	  154.00	   36.98	    0.00	    0.00	    0.00	    0.00	    0.00	    0.00	    0.00	    0.00	    0.00	    0.00	    0.00	    0.00
10	3	    0.00	    0.00	    0.00	    0.00	    0.00	    0.00	    0.00	    0.00	    0.00	    0.00	  662.94	    0.00	    0.00	  198.88	  165.74	    0.00	    0.00	    0.00	   12.33	    0.00	    0.00	  132.59	  198.88	    0.00
10	9	  755.53	  377.77	  188.88	    0.00	    0.00	    0.00	    0.00	    0.00	    0.00	    0.00	 3364.74	 1756.83	  990.58	  894.97	    0.00	    0.00	    0.00	    0.00	    0.00	    0.00	    0.00	    0.00	  620.61	    0.00
10	11	    0.00	    0.00	    0.00	    0.00	    0.00	    0.00	  188.88	  161.90	  397.76	 1724.47	 1073.03	    0.00	    0.00	  370.78	  350.78	  447.90	  225.87	   53.97	   80.95	    0.00	    0.00	    0.00	    0.00	    0.00
10	13	   99.44	   33.15	   33.15	  300.65	  193.84	   60.13	    0.00	    0.00	  333.80	 1181.79	 2291.08	  232.03	    0.00	    0.00	    0.00	    0.00	    0.00	    0.00	    0.00	    0.00	    0.00	    0.00	    0.00	    0.00
11	2	    0.00	    0.00	    0.00	    0.00	    0.00	    0.00	    0.00	    0.00	    0.00	  431.73	  277.50	  431.11	  563.50	  138.75	  198.88	   53.97	   26.98	    0.00	   18.49	    0.00	   99.44	  165.74	  132.59	   99.44
11	10	 1020.71	  477.21	  321.47	  117.11	    0.00	    0.00	    0.00	    0.00	    0.00	    0.00	    0.00	 2452.92	 1322.05	    0.00	    0.00	    0.00	    0.00	    0.00	    0.00	    0.00	    0.00	    0.00	    0.00	    0.00
11	12	  895.99	  268.82	  150.98	  308.32	  206.16	   93.28	    0.00	    0.00	  198.88	  629.79	  331.47	 1723.41	    0.00	    0.00	    0.00	  161.90	    0.00	    0.00	    0.00	    0.00	    0.00	    0.00	    0.00	    0.00
12	11	    0.00	    0.00	    0.00	    0.00	    0.00	    0.00	   43.15	    0.00	    0.00	    0.00	    0.00	    0.00	 2316.46	    0.00	   80.13	    0.00	    0.00	   12.33	   36.98	  165.74	  198.88	  397.76	  364.62	  265.18
12	23	  730.26	  169.38	  117.84	  109.44	    6.16	   26.98	    0.00	    0.00	    0.00	    0.00	    0.00	 1292.50	 2523.01	    0.00	    0.00	    0.00	    0.00	    0.00	    0.00	    0.00	    0.00	    0.00	    0.00	    0.00
13	10	    0.00	    0.00	    0.00	    0.00	    0.00	    0.00	    0.00	    0.00	    0.00	    0.00	    0.00	    0.00	    0.00	 1994.99	  980.58	    0.00	    0.00	    0.00	  225.87	   36.98	  132.59	  497.21	 1250.41	  198.88
13	14	    0.00	    0.00	    0.00	    0.00	    0.00	    0.00	    0.00	    0.00	    0.00	    0.00	  700.46	    0.00	    0.00	 1525.10	    0.00	    0.00	    0.00	    0.00	    0.00	    0.00	    0.00	    0.00	    0.00	    0.00
13	22	    0.00	    0.00	    0.00	  134.92	   93.84	   26.98	    0.00	    0.00	  134.92	  485.70	 1060.27	    0.00	    0.00	 1153.64	    0.00	    0.00	    0.00	    0.00	    0.00	    0.00	    0.00	    0.00	    0.00	    0.00
14	9	    0.00	    0.00	    0.00	    0.00	    0.00	    0.00	    0.00	    0.00	    0.00	    0.00	    0.00	    0.00	    0.00	    0.00	 1723.65	    0.00	    0.00	    0.00	  141.77	  191.08	  530.35	 1160.15	  141.77	  331.47
14	13	    0.00	    0.00	    0.00	    0.00	    0.00	    0.00	   66.29	  132.59	    0.00	    0.00	    0.00	    0.00	    0.00	    0.00	 1411.49	  232.03	  232.03	   33.15	  325.31	  202.72	    0.00	  728.55	    0.00	    0.00
14	18	   99.44	   33.15	    0.00	   30.82	   12.33	    0.00	    0.00	    0.00	   61.64	  265.04	  169.67	   99.44	  265.18	 1021.39	 2055.12	    0.00	    0.00	    0.00	    0.00	    0.00	  493.37	 1285.06	  433.24	  213.54
14	21	    0.00	    0.00	    0.00	  186.55	  300.00	   80.95	    0.00	    0.00	  428.58	 1635.71	   66.73	    0.00	    0.00	   72.80	 1903.22	  701.56	 1226.44	    0.00	  799.36	    0.00	    0.00	    0.00	    0.00	    0.00
15	7	    0.00	    0.00	    0.00	    0.00	    0.00	    0.00	    0.00	    0.00	    0.00	  809.50	  377.77	  215.87	    0.00	  192.23	  297.45	 1769.12	 1017.56	    0.00	  492.40	    0.00	    0.00	    0.00	    0.00	    0.00
15	9	    0.00	    0.00	    0.00	    0.00	    0.00	    0.00	 1146.31	  809.50	    0.00	    0.00	    0.00	    0.00	    0.00	    0.00	    0.00	 2834.48	 1753.91	  406.26	  593.63	  998.38	    0.00	    0.00	    0.00	    0.00
15	16	  107.93	   53.97	   26.98	  188.88	  281.51	  244.36	  628.29	 1027.56	  350.78	 1538.04	  269.83	  161.90	    0.00	    0.00	    0.00	 2690.39	    0.00	  360.78	    0.00	    0.00	    0.00	    0.00	    0.00	    0.00
15	17	  161.90	   53.97	   26.98	  215.87	   80.95	  107.93	    0.00	    0.00	  377.77	 1419.29	  329.87	  242.85	    0.00	   80.95	  188.88	 1357.39	  530.35	    0.00	  188.88	    0.00	    0.00	    0.00	    0.00	    0.00
16	9	    0.00	    0.00	    0.00	    0.00	    0.00	    0.00	    0.00	    0.00	    0.00	    0.00	    0.00	    0.00	    0.00	    0.00	    0.00	    0.00	  443.79	    0.00	    0.00	    0.00	    0.00	    0.00	    0.00	    0.00
16	15	    0.00	    0.00	    0.00	   49.31	    0.00	    0.00	    0.00	    0.00	   86.29	  314.35	   92.36	    0.00	    0.00	  505.21	  884.09	    0.00	 4229.94	    0.00	 1705.82	    0.00	  161.90	  323.80	  134.92	   80.95
16	18	    0.00	    0.00	    0.00	   53.97	   93.84	   78.62	  296.82	  563.50	  107.93	  485.70	    0.00	    0.00	    0.00	    0.00	    0.00	 1762.27	 3082.67	  161.90	    0.00	    0.00	    0.00	    0.00	    0.00	    0.00
17	6	  165.25	   66.10	   33.05	  107.93	   53.97	    0.00	    0.00	    0.00	  161.90	  512.68	  134.92	  232.61	  397.76	   66.78	  166.61	  464.06	  331.47	  277.50	  133.56	  828.68	  232.03	  430.91	  198.88	  132.59
17	15	   30.82	   24.66	   12.33	    0.00	    0.00	    0.00	 2238.65	    0.00	    0.00	    0.00	    0.00	   43.15	   36.98	    0.00	    0.00	    0.00	    0.00	  932.77	    0.00	 1528.73	   36.98	   73.97	   30.82	   18.49
17	19	    0.00	    0.00	    0.00	   80.95	   93.84	  130.26	  740.74	  961.26	  161.90	  674.58	  161.90	    0.00	    0.00	    0.00	    0.00	  727.59	    0.00	  380.78	    0.00	    0.00	    0.00	    0.00	    0.00	    0.00
18	14	    0.00	    0.00	    0.00	    0.00	    0.00	   12.33	  232.03	  331.47	    0.00	    0.00	    0.00	    0.00	    0.00	    0.00	    0.00	 1331.36	 1955.67	   99.44	 1531.61	  758.41	    0.00	    0.00	    0.00	    0.00
18	16	    0.00	    0.00	    0.00	    0.00	    0.00	    0.00	    0.00	    0.00	    0.00	    0.00	    0.00	    0.00	  165.74	  737.24	 1381.30	    0.00	    0.00	    0.00	 2269.32	  563.50	  360.78	  887.30	  333.80	  180.39
18	19	    0.00	    0.00	    0.00	   18.49	    6.16	    0.00	    0.00	    0.00	   36.98	  154.09	   37.08	    0.00	    0.00	  184.71	  408.64	    0.00	  563.50	    0.00	  441.89	    0.00	    0.00	    0.00	    0.00	    0.00
19	17	   67.31	   36.79	   18.39	    0.00	    0.00	    0.00	    0.00	    0.00	    0.00	    0.00	    0.10	   99.21	  467.89	   18.98	   44.02	    0.00	    0.00	    0.00	   44.12	 2490.00	  302.16	  604.32	  262.85	  151.08
19	18	    0.00	    0.00	    0.00	    0.00	    0.00	    0.00	   67.80	    0.00	    0.00	    0.00	    0.00	    0.00	    0.00	    0.00	    0.00	    0.00	    0.00	   36.98	    0.00	 1719.68	    0.00	    0.00	    0.00	    0.00
19	20	    0.00	    0.00	    0.00	    0.00	    0.00	   12.33	  275.18	  397.76	    0.00	    0.00	    0.00	    0.00	    0.00	    0.00	    0.00	   92.46	    0.00	   78.62	    0.00	  894.97	    0.00	    0.00	    0.00	    0.00
19	21	    0.00	    0.00	    0.00	    0.00	    0.00	   18.49	  232.03	  265.18	    0.00	    0.00	    0.00	    0.00	    0.00	    0.00	    0.00	  104.78	    0.00	  132.59	    0.00	 1027.56	    0.00	    0.00	    0.00	    0.00
20	19	  166.76	   69.93	   18.39	    0.00	    0.00	    0.00	    0.00	    0.00	    0.00	    0.00	    0.00	  231.79	  666.78	    0.00	    0.00	    0.00	    0.00	    0.00	    0.00	    0.00	  699.92	    0.00	    0.00	  283.67
20	21	  397.76	   99.44	   66.29	    0.00	    0.00	    0.00	    0.00	    0.00	    0.00	    0.00	    0.00	  563.50	  928.12	    0.00	    0.00	    0.00	    0.00	    0.00	    0.00	    0.00	 1885.54	    0.00	    0.00	 1042.21
20	23	    0.00	    0.00	    0.00	    0.00	    0.00	    6.16	  208.88	  265.18	   66.29	  265.18	    0.00	    0.00	    0.00	    0.00	  444.75	  136.42	  265.18	   45.47	  169.57	  497.21	 1060.70	 1193.29	    0.00	    0.00
21	14	  265.18	   66.29	   33.15	    0.00	    0.00	    0.00	    0.00	    0.00	    0.00	    0.00	    0.00	  331.47	  497.21	    0.00	    0.00	    0.00	    0.00	    0.00	    0.00	    0.00	 1288.90	 4035.58	  906.48	  677.60
21	19	    0.00	    0.00	    0.00	    0.00	    0.00	    0.00	    0.00	    0.00	    0.00	    0.00	    0.00	    0.00	    0.00	    0.00	    0.00	    0.00	    0.00	    0.00	    0.00	    0.00	    0.00	 1399.85	  494.88	    0.00
21	20	    0.00	    0.00	    0.00	   53.97	  100.00	   26.98	    0.00	    0.00	  165.74	  662.94	    0.00	    0.00	    0.00	    0.00	  709.92	  242.85	  464.06	    0.00	  302.16	    0.00	    0.00	 1789.94	    0.00	    0.00
21	22	    0.00	    0.00	    0.00	    0.00	    0.00	    6.16	   66.29	   99.44	   30.82	  110.95	    0.00	    0.00	    0.00	    0.00	  331.47	  165.74	  198.88	   33.15	   99.44	  232.03	    0.00	  862.51	    0.00	    0.00
22	13	    0.00	    0.00	    0.00	    0.00	    0.00	    0.00	    0.00	    0.00	    0.00	    0.00	    0.00	    0.00	  198.88	    0.00	    0.00	    0.00	    0.00	    0.00	    0.00	    0.00	  265.18	  166.42	 1615.03	  331.47
22	21	    0.00	    0.00	    0.00	    0.00	    0.00	    0.00	    0.00	    0.00	    0.00	    0.00	  297.89	    0.00	    0.00	  324.97	    0.00	    0.00	    0.00	    0.00	    0.00	    0.00	    0.00	    0.00	 2097.44	    0.00
22	23	    0.00	    0.00	    0.00	    0.00	    0.00	    0.00	    0.00	    0.00	    0.00	    0.00	  331.47	    0.00	    0.00	  464.06	    0.00	    0.00	    0.00	    0.00	    0.00	    0.00	    0.00	    0.00	 1093.85	    0.00
23	12	    0.00	    0.00	    0.00	    0.00	    0.00	    0.00	  175.73	  198.88	    0.00	    0.00	    0.00	    0.00	    0.00	  198.88	  312.16	   36.98	  165.74	   45.47	  136.42	  364.62	  397.76	  828.68	  629.79	  497.21
23	20	  597.67	  169.38	   84.69	   12.33	    0.00	    0.00	    0.00	    0.00	    0.00	    0.00	  132.59	  894.73	 1793.77	  132.59	    0.00	    0.00	    0.00	    0.00	    0.00	    0.00	    0.00	    0.00	  232.03	 1491.62
23	22	   99.44	    0.00	   33.15	   30.82	    6.16	    0.00	    0.00	    0.00	    0.00	    0.00	    0.00	  232.03	  464.06	    0.00	    0.00	    0.00	    0.00	    0.00	    0.00	    0.00	  497.21	    0.00	    0.00	  563.50
