i	j	o21d10l42
0	1	 4499.23
0	2	 8123.33
1	0	 4524.03
1	5	 5972.31
2	0	 8098.53
2	3	14013.12
2	11	10036.40
3	2	14037.76
3	4	18012.47
3	10	 5208.35
4	3	18037.43
4	5	 8793.25
4	8	15786.51
5	1	 5997.11
5	4	 8801.21
5	7	12492.73
6	7	12103.85
6	17	15797.53
7	5	12525.48
7	6	12044.45
7	8	 6882.37
7	15	 8384.58
8	4	15803.51
8	7	 6835.50
8	9	21753.80
9	8	21823.93
9	10	17725.98
9	14	23128.96
9	15	11045.83
9	16	 8101.35
10	3	 5308.05
10	9	17604.47
10	11	 8364.52
10	13	 9777.84
11	2	 9986.95
11	10	 8405.26
11	12	12301.75
12	11	12393.05
12	23	11119.93
13	10	 9815.28
13	14	 9035.57
13	22	 8396.74
14	9	23194.95
14	13	 9078.74
14	18	19084.60
14	21	18406.12
15	7	 8404.81
15	9	11071.85
15	16	11686.12
15	17	15280.29
16	9	 8100.97
16	15	11675.30
16	18	 9955.66
17	6	15856.93
17	15	15337.37
17	19	18986.41
18	14	19117.77
18	16	 9944.46
18	19	 8686.58
19	17	19002.89
19	18	 8708.56
19	20	 6303.83
19	21	 7001.99
20	19	 6242.09
20	21	 8619.59
20	23	10306.10
21	14	18382.11
21	19	 7002.18
21	20	 8607.56
21	22	 9661.04
22	13	 8391.00
22	21	 9625.19
22	23	 7901.26
23	12	11111.23
23	20	10256.39
23	22	 7859.67
