i	j	o7d15l54
0	1	 4494.87
0	2	 8118.36
1	0	 4518.38
1	5	 5967.41
2	0	 8094.85
2	3	14020.87
2	11	10036.77
3	2	14044.76
3	4	18016.85
3	10	 5208.81
4	3	18040.60
4	5	 8796.87
4	8	15786.73
5	1	 5990.92
5	4	 8805.02
5	7	12492.09
6	7	12103.24
6	17	15801.91
7	5	12523.75
7	6	12042.19
7	8	 6881.47
7	15	 8386.00
8	4	15802.32
8	7	 6836.03
8	9	21748.39
9	8	21818.56
9	10	17730.24
9	14	23128.61
9	15	11045.75
9	16	 8100.43
10	3	 5308.95
10	9	17605.68
10	11	 8366.02
10	13	 9779.33
11	2	 9989.37
11	10	 8404.09
11	12	12303.18
12	11	12393.85
12	23	11120.13
13	10	 9816.83
13	14	 9035.61
13	22	 8396.98
14	9	23196.81
14	13	 9077.28
14	18	19085.28
14	21	18405.20
15	7	 8402.04
15	9	11072.71
15	16	11689.57
15	17	15286.89
16	9	 8100.00
16	15	11674.76
16	18	 9955.42
17	6	15862.97
17	15	15344.70
17	19	18986.87
18	14	19119.94
18	16	 9940.17
18	19	 8687.39
19	17	19005.74
19	18	 8706.80
19	20	 6303.81
19	21	 7002.92
20	19	 6243.43
20	21	 8617.82
20	23	10306.61
21	14	18380.42
21	19	 7001.58
21	20	 8606.90
21	22	 9660.42
22	13	 8392.81
22	21	 9623.38
22	23	 7901.43
23	12	11110.79
23	20	10257.15
23	22	 7860.22
