i	j	o12d9l8
0	1	 4498.63
0	2	 8120.46
1	0	 4521.22
1	5	 5970.68
2	0	 8097.86
2	3	14016.36
2	11	10034.34
3	2	14040.74
3	4	18013.47
3	10	 5208.33
4	3	18040.18
4	5	 8795.14
4	8	15784.85
5	1	 5993.27
5	4	 8803.83
5	7	12493.70
6	7	12103.35
6	17	15802.58
7	5	12524.99
7	6	12043.37
7	8	 6882.86
7	15	 8384.14
8	4	15802.86
8	7	 6833.56
8	9	21748.11
9	8	21816.83
9	10	17727.70
9	14	23129.83
9	15	11047.49
9	16	 8099.68
10	3	 5306.00
10	9	17603.23
10	11	 8366.20
10	13	 9778.93
11	2	 9987.37
11	10	 8404.71
11	12	12301.74
12	11	12393.27
12	23	11119.26
13	10	 9813.62
13	14	 9038.84
13	22	 8398.18
14	9	23196.01
14	13	 9079.13
14	18	19083.29
14	21	18403.10
15	7	 8404.75
15	9	11073.88
15	16	11687.45
15	17	15290.90
16	9	 8100.30
16	15	11677.54
16	18	 9952.06
17	6	15862.56
17	15	15347.79
17	19	18987.60
18	14	19113.23
18	16	 9942.78
18	19	 8686.61
19	17	19004.48
19	18	 8707.26
19	20	 6305.44
19	21	 7003.72
20	19	 6243.85
20	21	 8617.32
20	23	10306.53
21	14	18379.65
21	19	 7002.84
21	20	 8605.51
21	22	 9659.18
22	13	 8392.58
22	21	 9623.04
22	23	 7901.90
23	12	11110.79
23	20	10256.75
23	22	 7860.16
