i	j	o9d22l45
0	1	 4495.47
0	2	 8119.44
1	0	 4520.59
1	5	 5966.88
2	0	 8094.31
2	3	14019.08
2	11	10040.48
3	2	14047.45
3	4	18014.78
3	10	 5211.23
4	3	18045.85
4	5	 8795.22
4	8	15785.32
5	1	 5992.00
5	4	 8804.28
5	7	12490.40
6	7	12103.08
6	17	15799.88
7	5	12524.58
7	6	12039.47
7	8	 6880.80
7	15	 8386.77
8	4	15807.32
8	7	 6835.78
8	9	21749.51
9	8	21826.50
9	10	17725.45
9	14	23129.54
9	15	11046.87
9	16	 8100.48
10	3	 5308.53
10	9	17609.61
10	11	 8361.06
10	13	 9780.02
11	2	 9986.99
11	10	 8405.50
11	12	12303.21
12	11	12394.15
12	23	11119.15
13	10	 9817.06
13	14	 9034.88
13	22	 8399.12
14	9	23197.33
14	13	 9080.25
14	18	19085.53
14	21	18402.06
15	7	 8402.37
15	9	11072.17
15	16	11686.98
15	17	15293.27
16	9	 8100.22
16	15	11677.44
16	18	 9951.60
17	6	15863.49
17	15	15343.71
17	19	18991.86
18	14	19118.90
18	16	 9941.80
18	19	 8683.89
19	17	19005.90
19	18	 8707.46
19	20	 6303.60
19	21	 7003.34
20	19	 6242.69
20	21	 8617.21
20	23	10304.57
21	14	18381.84
21	19	 7001.86
21	20	 8604.40
21	22	 9658.38
22	13	 8390.79
22	21	 9623.88
22	23	 7901.20
23	12	11110.09
23	20	10256.47
23	22	 7858.36
