i	j	       0	       1	       2	       3	       4	       5	       6	       7	       8	       9	      10	      11	      12	      13	      14	      15	      16	      17	      18	      19	      20	      21	      22	      23
0	1	 2600.48	    0.00	  268.37	  200.02	   14.06	    0.00	    0.01	    0.02	   28.13	   84.55	  200.02	  485.14	  462.30	  100.01	   14.08	    0.02	    0.04	    0.00	    0.01	    0.00	    0.01	    0.05	    0.11	   28.47
0	2	 6199.52	 1161.35	    0.00	    0.00	    0.00	  230.46	  130.76	  227.50	    0.00	    0.00	    0.00	    0.00	    0.00	    0.00	    0.00	   97.10	    0.00	   32.50	    0.00	    0.02	    0.00	    0.00	    0.00	    0.00
1	0	    0.00	 1261.35	    0.00	    0.00	    0.00	  530.46	  630.74	 1027.47	    0.00	    0.00	    0.00	    0.00	    0.00	    0.00	    0.00	  597.08	    0.55	  132.50	    0.03	  300.01	    0.00	    0.02	    0.00	    0.00
1	5	 2500.48	 2738.65	  168.37	    0.04	    0.00	    0.00	    0.00	    0.00	    0.00	    0.00	    0.04	  385.14	  162.30	    0.01	    0.00	    0.00	    0.00	    0.00	    0.00	    0.00	    0.01	    0.03	    0.11	   28.47
2	0	    0.00	    0.00	  368.37	  700.02	  214.06	    0.00	    0.03	    0.05	  528.13	 1384.55	  700.02	  685.14	  962.30	  400.01	  514.08	    0.04	  399.48	    0.00	  299.99	    0.02	  100.01	  400.03	  300.11	  128.47
2	3	 4499.08	  661.06	 1931.38	    0.00	    0.00	    0.00	    0.00	    0.00	    0.00	    0.00	    0.00	 3743.92	 2484.89	    0.09	    0.00	    0.00	    0.00	    0.00	    0.00	    0.00	  201.76	    0.00	    2.86	  470.95
2	11	 1600.44	  400.28	  500.25	 1602.09	  403.44	  500.46	  777.66	 1200.00	 1399.49	  817.77	    0.75	    0.00	    0.00	    0.29	   53.10	  565.83	  230.65	  199.59	   22.76	    0.14	    0.00	    0.09	    0.09	    0.00
3	2	    0.00	    0.00	    0.00	 2502.12	  717.50	  570.00	  746.93	 1172.55	 2027.62	 2502.23	 1000.29	    0.00	    0.00	  500.00	  667.10	  668.77	  730.11	  167.09	  322.73	    0.14	    0.02	    0.16	    0.15	    0.01
3	4	 3198.49	  161.17	 1331.45	 6697.80	    0.00	    0.00	    0.00	    0.00	    0.00	    0.00	  902.19	 3143.49	 1884.59	  200.03	    0.08	    0.00	    0.00	    0.00	    0.02	    0.00	    1.79	    0.05	  199.89	  270.97
3	10	  800.58	  299.93	  399.93	 2400.08	  699.90	  599.69	    0.70	   10.75	    0.90	    0.16	    0.00	    0.42	    0.30	    0.07	    0.06	    0.11	    0.04	    0.02	    0.02	    0.02	    0.02	    0.04	    0.05	    0.02
4	3	    0.00	    0.04	    0.00	    0.00	 1917.41	 1569.69	 1147.63	 1883.29	 2728.52	 3701.39	    0.00	    0.00	    0.00	    0.00	 1164.89	 1468.88	  730.37	  267.10	  521.79	  300.16	    0.03	  399.30	    0.00	    0.00
4	5	    0.00	    0.00	  526.52	 2143.17	 1269.75	    0.00	    0.02	    0.03	  572.02	 1315.39	  402.02	 1452.53	  563.94	  100.04	  285.80	    0.04	    0.04	    0.00	    0.02	    0.01	    0.01	    0.00	   99.89	   71.51
4	8	 2998.49	  899.93	  704.93	 4054.63	 2912.84	 1400.01	    0.02	    0.10	    0.00	    0.00	    0.17	 1490.96	 1120.66	    0.00	    0.00	    0.06	    0.00	    0.01	    0.00	    0.02	    0.00	    0.00	    0.00	  199.45
5	1	    0.00	    0.00	    0.00	    0.02	   85.94	  930.46	  830.73	 1427.45	  171.87	  515.45	    0.02	    0.00	    0.00	    0.01	   85.92	  997.07	  200.52	  132.50	  100.01	  400.00	    0.00	  100.00	    0.00	    0.00
5	4	    0.00	  838.80	    0.00	    0.00	    0.00	 3169.69	 1026.64	 1801.02	    0.00	    0.00	    0.00	    0.00	    0.00	    0.00	    0.00	 1457.86	    0.19	  201.81	    0.03	  300.85	    0.05	    0.00	    0.00	    0.00
5	7	 2200.48	 1499.86	  394.89	 1743.19	  983.81	 3499.84	    0.00	    0.00	    0.14	    0.06	    2.04	 1637.67	  526.24	    0.04	    0.00	    0.00	    0.00	    0.00	    0.00	    0.00	    0.00	    0.00	    0.00	    0.00
6	7	    0.00	    0.00	    0.00	    0.00	    0.00	    0.00	 4179.46	    0.00	    0.00	    0.00	    0.00	    0.00	    0.00	  399.87	  599.90	  359.92	  132.88	  999.71	  999.65	 2599.53	  500.10	  799.89	  299.97	  199.99
6	17	  431.55	  337.71	    8.35	  432.89	  120.58	  988.20	 7920.54	 4526.10	  823.22	    0.65	    0.14	  219.58	    0.01	    0.00	    0.00	    0.00	    0.03	    0.00	    0.00	    0.00	    0.00	    0.00	    0.00	    0.00
7	5	    0.00	    0.00	    0.00	    0.00	    0.00	    0.00	 2257.35	 4028.44	    0.00	    0.12	    0.00	    0.00	    0.00	    0.00	    0.12	 3354.89	  700.67	  434.31	  300.02	 1000.84	  100.03	  299.97	    0.00	    0.01
7	6	  931.55	  537.71	  108.35	  832.89	  320.58	 1388.20	    0.00	 5526.10	 1423.17	    3.04	    0.82	  919.58	   48.60	    0.00	    0.00	    0.00	    0.11	    0.00	    0.00	    0.00	    0.00	    0.00	    0.00	    0.00
7	8	    0.00	    0.00	    0.00	    0.00	    0.00	    0.00	  922.11	 3771.49	    0.00	    0.00	    0.00	    0.00	    0.00	    0.00	    0.00	 1226.94	    0.13	  265.52	    0.00	  699.01	    0.12	    0.00	    0.00	    0.00
7	15	  469.01	  562.19	  174.98	  693.42	  433.38	 1311.73	    0.00	 3373.97	  886.14	    0.00	    0.06	  482.28	    0.15	    0.00	    0.00	    0.00	    0.00	    0.00	    0.00	    0.00	    0.00	    0.00	    0.00	    0.00
8	4	    0.00	    0.00	    0.00	    0.00	    0.00	    0.00	  321.03	  582.40	 4100.54	 6016.78	    0.00	    0.00	    0.00	    0.00	 1650.61	  511.11	  930.21	   65.30	  621.76	   99.35	   98.20	  599.25	    0.00	    0.00
8	7	    0.08	    0.04	   88.44	  483.11	  270.14	    0.09	    0.00	    0.00	 3109.17	 1602.83	  798.84	  364.18	  122.52	    0.05	    0.00	    0.00	    0.22	    0.00	    0.00	    0.00	    0.00	    0.00	    0.00	    0.00
8	9	 2498.42	  699.89	  516.49	 2871.51	 1842.70	  999.92	    1.15	 2389.18	 8990.29	    0.00	    0.00	  526.91	  398.27	    0.00	    0.00	    0.24	    0.00	    0.30	    0.00	    0.00	    0.00	    0.00	    0.00	    0.00
9	8	    0.00	    0.00	    0.00	    0.00	    0.00	    0.00	    0.05	    0.00	    0.00	10419.62	 2198.66	    0.13	    0.13	  600.06	 2650.61	  684.36	 1830.31	    0.07	 1021.76	    0.31	  398.08	 1299.25	  500.00	    0.55
9	10	    0.00	    0.00	    0.00	    0.00	    0.00	    0.00	  499.30	  789.28	 1704.02	 8200.62	    0.00	    0.00	    0.00	    0.00	 1281.69	 1534.43	 2368.94	  199.97	  424.50	  418.56	    1.57	  475.37	    0.00	    0.00
9	14	  799.26	  100.00	   99.91	 1098.20	  596.81	  200.05	    0.00	    0.00	 3095.34	14627.49	 1888.37	  643.47	    6.17	    0.00	    0.00	    0.00	    0.80	    0.00	    0.00	    0.00	    0.00	    0.00	    0.00	    0.00
9	15	    0.00	    0.00	   16.68	   73.74	   46.09	    0.00	    0.00	    0.00	  491.22	 8051.52	 2174.64	  196.85	    0.11	    0.00	    0.00	    0.00	    0.00	    0.00	    0.00	    0.00	    0.00	    0.00	    0.00	    0.00
9	16	  399.42	    0.02	   99.98	  499.91	  199.94	    0.04	    0.08	    0.12	  899.71	 3900.75	 1000.10	  599.89	  499.77	    0.06	    0.12	    0.11	    0.00	    0.05	    0.07	    0.14	    0.05	    0.14	    0.05	    0.02
10	3	    0.00	    0.00	    0.00	    0.00	    0.00	    0.00	    0.00	    0.00	    0.00	    1.00	 3402.49	    0.00	    0.00	 1200.02	    2.35	    0.00	  499.78	    0.00	    0.98	    0.00	    0.04	    0.96	  697.23	    0.05
10	9	    0.26	    0.08	    0.08	    0.34	    0.13	    0.11	    0.00	    0.00	    0.00	    0.00	11161.78	 2913.43	 2007.92	 1109.65	    0.00	    0.00	    0.00	    0.00	    0.00	    0.00	    0.00	    0.00	  305.26	   52.16
10	11	    0.00	    0.00	    0.00	    0.00	    0.00	    0.00	    0.00	    0.00	    0.11	 3082.40	 2400.66	    0.00	    0.00	  749.72	  663.83	  134.73	  869.33	    0.02	  284.27	    0.00	    0.00	    0.00	    0.00	    0.00
10	13	  300.88	  100.06	  100.12	  999.83	  199.79	  199.65	    0.00	    0.03	  304.81	 1117.39	 5335.08	 1056.30	   41.33	    0.00	    0.00	    0.00	    0.00	    0.00	    0.00	    0.00	    0.00	    0.00	    0.00	    0.00
11	2	    0.00	    0.00	    0.00	    0.00	    0.00	    0.00	    0.00	    0.00	    0.00	    0.09	    0.48	 4629.06	 3547.19	    0.37	    0.08	    0.00	    0.03	    0.00	    0.01	    0.00	  301.75	  499.96	  402.91	  599.41
11	10	    0.55	    0.21	    0.28	    0.08	    0.03	    0.07	    0.00	    0.00	    0.00	    0.00	    0.00	 5369.30	 3048.95	    0.00	    0.00	    0.00	    0.00	    0.00	    0.00	    0.00	    0.04	    0.00	    0.00	    0.64
11	12	 1399.89	  300.08	  299.98	 1002.01	  203.41	  300.39	   77.73	  600.00	  799.60	 1900.08	 1000.93	 3901.64	    0.00	   49.77	   16.88	    0.57	  499.96	    0.06	    7.03	    0.00	    0.00	    0.00	    0.00	    0.00
12	11	    0.00	    0.00	    0.00	    0.00	    0.00	    0.00	    0.07	    0.00	    0.00	    0.00	    0.00	    0.00	 7896.14	    0.14	    0.03	    0.00	    0.00	    0.45	    0.01	  499.86	  601.79	 1199.87	 1102.82	 1100.06
12	23	  899.89	    0.08	  199.98	  402.01	    3.41	  100.39	    0.00	    0.00	  199.60	    0.08	    0.93	 2601.64	 6703.86	    0.00	    0.00	    0.00	    0.00	    0.00	    0.00	    0.00	    0.00	    0.00	    0.00	    0.00
13	10	    0.00	    0.00	    0.00	    0.00	    0.00	    0.00	    0.00	    0.00	    0.00	    0.00	    0.00	    0.00	    0.00	 4659.33	  784.43	    0.19	    0.13	    0.03	  260.74	  181.41	  398.41	  625.54	 2302.44	  651.54
13	14	    0.77	    0.06	    0.10	    0.71	    0.06	    0.04	    0.00	    0.00	    0.00	    0.00	 1033.32	  356.22	   95.32	 6235.32	    0.00	    0.00	    0.00	    0.00	    0.00	    0.00	    0.00	    0.00	 1208.07	  124.69
13	22	    0.12	    0.00	    0.03	  499.13	   99.74	   99.62	    0.00	    0.00	  191.87	  794.09	 2701.82	    0.35	    0.36	 3205.35	  424.69	    0.00	  216.91	    0.00	  131.31	    0.00	    0.00	    0.00	    0.00	    0.00
14	9	    0.00	    0.00	    0.00	    0.00	    0.00	    0.00	    0.00	    0.00	    0.00	    0.00	    0.00	    0.00	    0.00	 1590.46	 7932.42	    0.29	    0.82	    0.05	 3246.14	 1747.72	 1599.70	 4374.76	 1994.79	  748.41
14	13	    0.00	    0.00	    0.00	    0.00	    0.00	    0.00	  199.94	  399.93	  487.06	 1776.70	    0.07	    0.00	    0.00	    0.00	 2509.13	  700.06	  917.04	   99.97	  692.03	  681.11	    1.35	  658.65	    0.00	    0.00
14	18	  300.03	    0.07	    0.01	  200.07	  100.03	    0.10	    0.02	    0.03	  400.15	 3245.01	  823.80	  300.06	  283.93	 2897.54	 5899.89	    0.05	    0.41	    0.01	    0.00	    0.05	  574.88	 2899.92	  899.98	  263.73
14	21	    0.00	    0.00	    0.00	  398.85	  296.84	    0.00	    0.00	    0.00	 1308.13	 5605.78	  697.84	    0.00	    0.00	  447.32	 5058.56	    0.23	 2481.48	    0.00	 2083.01	    0.00	    0.00	    0.00	    0.00	    0.00
15	7	    0.00	    0.00	    0.00	    0.00	    0.00	    0.00	    0.00	    0.00	    0.00	    0.26	    0.00	    0.00	    0.00	    0.04	    0.22	 6421.91	 1967.80	    0.12	    0.37	    0.32	    0.05	    0.08	    0.03	    0.02
15	9	    0.00	    0.05	    0.00	    0.00	    0.00	    0.07	 2398.09	    0.21	    0.00	    0.00	    0.00	    0.00	    0.00	    0.00	    0.00	 6617.23	    0.56	  899.56	    0.19	 1170.81	    0.00	    0.00	    0.00	    0.00
15	16	    0.57	  199.99	    0.01	    0.06	    0.05	  500.02	 1000.44	 1400.77	    0.24	    0.50	    0.09	    0.05	    0.14	    0.00	    0.00	 5974.23	    0.00	  600.33	    0.00	 1547.95	  341.36	    0.00	    0.00	  124.84
15	17	    0.04	    0.02	    0.00	    0.04	    0.01	    0.08	    0.00	    0.39	    0.21	 3652.60	  775.01	    0.10	    0.01	    0.03	    0.16	 7086.63	 3751.87	    0.00	    0.16	    0.00	    0.00	    0.00	    0.00	    0.00
16	9	    0.00	    0.00	    0.00	    0.00	    0.00	    0.00	    0.20	    0.00	    0.00	    0.00	    0.00	    0.00	    0.00	    0.00	    0.00	    1.14	 8098.66	    0.18	    0.00	    0.50	    0.00	    0.00	    0.00	    0.00
16	15	    0.00	    0.00	    0.00	    0.00	    0.00	    0.00	    0.00	    0.00	    0.00	    1.48	    0.28	    0.00	    0.00	  689.04	 1181.86	    0.00	 8520.12	    0.00	 1280.71	    0.00	    0.05	    0.11	    0.04	    0.03
16	18	    0.03	    0.03	    0.00	    0.02	    0.01	    0.06	    0.33	    0.88	    0.04	    0.16	    0.00	    0.00	    0.00	    0.00	    0.00	 3173.21	 6781.21	    0.20	    0.00	    0.00	    0.00	    0.00	    0.00	    0.00
17	6	    0.00	    0.00	    0.00	    0.00	    0.00	    0.00	    0.00	    0.00	    0.05	 1897.61	  499.32	    0.00	  351.41	  599.87	 1099.90	 1759.92	 1132.80	 1199.71	 1399.65	 3099.53	  700.10	 1299.89	  499.97	  299.99
17	15	   31.60	   37.88	    8.35	   32.94	   20.59	   88.44	 4798.53	  227.40	   23.08	    0.36	    0.12	   21.03	  599.88	   11.02	   18.52	    0.00	    0.11	 2000.02	   20.00	 4319.07	  941.36	 1199.97	  499.99	  424.84
17	19	  299.99	  299.85	    0.00	  299.99	  100.00	  799.84	 2922.01	 3999.09	  600.30	 1055.48	  175.72	    0.04	    0.00	    0.00	    0.00	 4826.71	 2019.12	 1600.27	    0.00	    0.00	    0.00	    0.00	    0.00	    0.00
18	14	    0.00	    0.01	    0.00	    0.00	    0.00	    0.02	  699.49	  999.58	    0.00	    0.00	    0.00	    0.00	    0.00	    0.00	    0.00	 1900.48	 4898.95	  299.83	 6821.18	 3527.51	    0.16	    0.38	    0.16	    0.07
18	16	    0.04	    0.02	    0.01	    0.05	    0.02	    0.00	    0.00	    0.00	    0.09	    0.38	    0.10	    0.06	    0.09	 1388.98	 2681.74	    0.00	    0.00	    0.00	 2980.64	  152.41	  258.64	 1699.96	  599.99	  175.16
18	19	    0.02	    0.00	    0.00	    0.04	    0.02	    0.02	    0.00	    0.00	    0.09	 1444.78	  423.70	    0.00	    0.00	 1208.57	 2418.15	    0.00	  182.67	    0.00	 2998.18	    0.00	    0.00	    0.00	    0.00	    0.00
19	17	    0.00	    0.00	    0.00	    0.00	    0.00	    0.00	    0.00	    0.00	    0.00	    0.21	    0.00	    1.40	 1051.27	  710.86	 1318.26	    0.00	    0.14	    0.00	 1719.50	 7818.60	 1741.46	 2799.87	 1099.96	  724.83
19	18	    0.00	   99.93	    0.00	    0.00	    0.00	  199.88	 1099.15	 1698.67	    0.00	    0.00	    0.00	    0.00	   16.16	    0.01	    0.00	   27.22	    0.00	  599.62	    0.00	 4879.87	   83.91	    0.43	    0.17	   11.50
19	20	    0.00	    0.00	    0.00	    0.01	    0.00	  100.01	  622.61	  600.38	    0.24	    0.05	    0.02	    0.01	    0.02	    0.02	    0.03	 1500.01	  501.62	  200.54	   78.78	 2700.82	    0.00	    0.07	    0.03	    0.02
19	21	    0.00	   99.92	    0.00	    0.02	    0.01	  199.98	  700.26	  800.04	    0.15	    0.21	    0.04	    0.00	    0.00	    0.00	    0.16	 1699.48	    0.11	  400.12	    0.08	 3100.70	    0.18	    0.00	    0.00	    0.00
20	19	    0.00	    0.00	    0.00	    0.00	    0.00	    0.00	    0.00	    0.00	    0.00	    0.11	    0.03	  401.28	 1667.28	    0.08	    0.16	    0.00	    0.07	    0.00	    0.18	    0.00	 3025.55	    0.24	    0.76	 1136.04
20	21	  263.15	    0.07	   65.79	    0.00	    0.00	    0.03	    0.06	    0.08	    0.00	    0.00	    0.00	  460.52	 1468.33	    0.00	    0.00	    0.16	    0.00	    0.03	    0.00	    0.40	 4776.25	    0.00	    0.00	 1607.33
20	23	    0.00	    0.00	    0.00	    0.00	    0.00	    0.02	  422.55	  200.31	    0.25	  491.82	    0.00	    0.00	    0.00	    0.00	  683.79	  899.93	  216.43	  100.51	  253.88	 1500.42	 3198.20	 2348.32	    0.00	    0.00
21	14	    0.00	    0.00	    0.00	    0.00	    0.00	    0.00	    0.46	    0.37	    0.00	    0.00	    0.00	    0.36	  882.44	    0.00	    0.00	    0.15	    0.00	    0.20	    0.00	    1.36	 2975.78	10532.95	 2686.54	 1287.39
21	19	    0.00	    0.00	    0.00	    0.00	    0.00	    0.00	    0.00	    0.00	    0.00	    0.10	    0.62	    0.08	    0.18	    2.24	    0.14	    0.00	    0.00	    0.00	    0.00	    0.00	    0.00	 5200.13	 1799.40	    0.31
21	20	    0.01	    0.00	    0.00	    0.03	   96.97	    0.00	    0.00	    0.00	  300.01	 1691.88	    1.16	    0.04	    0.00	    0.56	 1483.93	    0.08	  314.88	    0.00	  575.27	    0.00	    0.00	 4148.48	    0.98	    0.00
21	22	    0.00	    0.00	    0.00	    0.00	    0.00	    0.01	  199.85	  299.74	  308.28	 1314.02	    0.00	    0.00	    0.00	    0.00	  974.66	  499.63	  466.71	   99.95	  307.81	  699.74	    0.65	 4518.44	    0.00	    0.00
22	13	    0.01	    0.00	    0.00	    0.02	    0.00	    0.00	    0.06	    0.05	    0.00	    0.00	    0.00	    0.27	  654.36	    0.00	    0.00	    0.13	    0.00	    0.06	    0.01	    0.30	  797.06	 1166.89	 4610.51	 1176.23
22	21	  136.86	    0.01	   34.21	    1.16	    0.13	    0.00	    0.00	    0.00	    0.00	    0.00	  403.90	  239.97	  714.29	  755.49	    0.00	    0.00	    0.00	    0.00	    0.00	    0.00	    0.00	    0.00	 6586.92	  780.36
22	23	    0.01	    0.00	    0.00	    0.03	    0.00	    0.01	    0.02	    0.04	    0.15	  308.10	  997.97	    0.07	    0.00	 1349.87	  399.35	    0.09	   83.62	    0.00	  139.11	    0.24	    0.06	 1252.54	 3302.57	    0.00
23	12	    0.00	    0.00	    0.00	    0.00	    0.00	    0.00	  322.34	    0.00	    0.00	    0.00	    0.00	    0.00	    0.00	  550.37	  683.15	  599.43	    0.04	  100.40	  292.98	 1099.86	 1201.79	 2499.87	 1902.82	 1800.06
23	20	  363.14	    0.06	   65.79	  199.96	    3.03	    0.03	    0.00	    0.00	    0.00	    0.00	  398.85	 1161.75	 3735.58	  399.50	    0.00	    0.00	    0.00	    0.00	    0.00	    0.00	    0.00	    0.00	  699.75	 3243.35
23	22	  436.76	    0.01	  134.19	    2.08	    0.39	    0.39	    0.23	    0.35	    0.00	    0.00	    0.05	  939.96	 2168.28	    0.00	    0.00	    0.59	    0.00	    0.12	    0.00	    0.80	 1496.47	    0.99	    0.00	 2656.59
