i	j	o17d13l43
0	1	 4496.86
0	2	 8115.41
1	0	 4516.40
1	5	 5969.12
2	0	 8095.86
2	3	14026.28
2	11	10034.49
3	2	14044.06
3	4	18021.35
3	10	 5210.48
4	3	18042.35
4	5	 8796.89
4	8	15790.70
5	1	 5988.67
5	4	 8803.91
5	7	12493.49
6	7	12096.96
6	17	15779.42
7	5	12520.06
7	6	12047.67
7	8	 6877.86
7	15	 8384.10
8	4	15804.68
8	7	 6838.26
8	9	21752.32
9	8	21826.69
9	10	17722.74
9	14	23130.54
9	15	11047.27
9	16	 8100.07
10	3	 5307.26
10	9	17603.87
10	11	 8370.73
10	13	 9779.49
11	2	 9997.16
11	10	 8404.92
11	12	12304.86
12	11	12401.73
12	23	11113.32
13	10	 9823.20
13	14	 9037.84
13	22	 8405.24
14	9	23204.92
14	13	 9079.43
14	18	19045.93
14	21	18405.82
15	7	 8400.98
15	9	11065.82
15	16	11678.27
15	17	15265.48
16	9	 8100.40
16	15	11678.42
16	18	 9945.32
17	6	15828.71
17	15	15300.75
17	19	18975.86
18	14	19045.17
18	16	 9945.80
18	19	 8692.05
19	17	18960.43
19	18	 8691.78
19	20	 6292.35
19	21	 7102.54
20	19	 6278.21
20	21	 8583.80
20	23	10308.04
21	14	18422.53
21	19	 7000.98
21	20	 8620.31
21	22	 9665.63
22	13	 8407.37
22	21	 9617.29
22	23	 7899.02
23	12	11110.19
23	20	10257.38
23	22	 7852.80
