i	j	       0	       1	       2	       3	       4	       5	       6	       7	       8	       9	      10	      11	      12	      13	      14	      15	      16	      17	      18	      19	      20	      21	      22	      23
0	1	 2600.32	    0.00	  266.23	  200.03	   16.40	    0.00	    0.01	    0.02	   32.79	   98.55	  200.03	  475.79	  460.80	  100.01	   16.35	    0.02	    0.02	    0.00	    0.02	    0.00	    0.01	    0.07	    0.07	   28.69
0	2	 6199.68	 1163.71	    0.00	    0.00	    0.00	  236.77	  143.11	  249.87	    0.00	    0.00	    0.00	    0.00	    0.00	    0.00	    0.00	   89.91	    0.00	   35.70	    0.00	    0.02	    0.00	    0.00	    0.00	    0.00
1	0	    0.00	 1263.71	    0.00	    0.00	    0.00	  536.77	  643.09	 1049.83	    0.00	    0.00	    0.00	    0.00	    0.00	    0.00	    0.00	  589.89	    0.91	  135.70	    0.03	  300.01	    0.00	    0.02	    0.00	    0.00
1	5	 2500.32	 2736.29	  166.23	    0.05	    0.00	    0.00	    0.00	    0.00	    0.00	    0.00	    0.05	  375.79	  160.80	    0.02	    0.00	    0.00	    0.00	    0.00	    0.00	    0.00	    0.01	    0.03	    0.07	   28.69
2	0	    0.00	    0.00	  366.23	  700.03	  216.40	    0.00	    0.03	    0.05	  532.79	 1398.55	  700.03	  675.79	  960.80	  400.01	  516.35	    0.04	  399.11	    0.00	  299.99	    0.02	  100.01	  400.05	  300.07	  128.69
2	3	 4499.15	  663.47	 1933.62	    0.00	    0.00	    0.00	    0.00	    0.00	    0.00	    0.00	    0.00	 3754.24	 2492.18	    0.09	    0.00	    0.00	    0.00	    0.00	    0.00	    0.00	  203.10	    0.12	    2.58	  471.00
2	11	 1600.53	  400.24	  500.15	 1602.17	  403.28	  500.42	  767.71	 1200.00	 1399.65	  666.30	    0.44	    0.00	    0.00	    0.10	   54.85	  531.59	  187.80	  199.53	   23.51	    0.10	    0.00	    0.00	    0.00	    0.00
3	2	    0.00	    0.00	    0.00	 2502.20	  719.68	  563.65	  724.63	 1150.18	 2032.44	 2364.75	 1000.25	    0.00	    0.00	  499.95	  671.12	  641.72	  686.87	  163.83	  323.48	    0.09	    0.00	    0.03	    0.02	    0.00
3	4	 3196.83	  163.28	 1333.16	 6696.11	    0.00	    0.00	    0.00	    0.00	    0.00	    0.00	  905.62	 3153.95	 1891.93	  200.03	    0.02	    0.00	    0.00	    0.00	    0.01	    0.00	    3.13	    0.02	  199.90	  270.97
3	10	  802.32	  300.23	  400.45	 2401.68	  699.66	  599.60	    0.29	    4.21	    0.30	    0.17	    0.00	    0.29	    0.25	    0.07	    0.06	    0.19	    0.04	    0.08	    0.02	    0.03	    0.02	    0.05	    0.05	    0.03
4	3	    0.00	    0.05	    0.00	    0.00	 1919.34	 1563.25	 1124.91	 1854.39	 2732.73	 3563.93	    0.00	    0.00	    0.00	    0.00	 1169.98	 1441.90	 1186.62	  263.91	  523.02	  300.12	    0.06	  399.06	    0.00	    0.00
4	5	    0.00	    0.00	  524.59	 2142.18	 1266.68	    0.00	    0.02	    0.03	  567.35	 1301.39	  405.39	 1454.03	  578.78	  100.03	  283.39	    0.04	    0.04	    0.00	    0.06	    0.01	    0.01	    0.00	   99.90	   71.30
4	8	 2996.83	  899.57	  708.57	 4053.93	 2913.98	 1399.90	    0.02	    0.10	    0.00	    0.00	    0.22	 1499.91	 1113.15	    0.00	    0.00	    0.06	    0.00	    0.01	    0.00	    0.02	    0.00	    0.00	    0.00	  199.68
5	1	    0.00	    0.00	    0.00	    0.02	   83.60	  936.77	  843.08	 1449.82	  167.21	  501.45	    0.02	    0.00	    0.00	    0.01	   83.65	  989.87	  200.89	  135.70	  100.01	  400.00	    0.00	   99.98	    0.00	    0.00
5	4	    0.00	  836.33	    0.00	    0.00	    0.00	 3163.15	 1023.24	 1803.10	    0.00	    0.00	    0.00	    0.00	    0.00	    0.00	    0.00	 1468.72	    0.07	  202.03	    0.03	  306.94	    0.09	    0.00	    0.00	    0.00
5	7	 2200.32	 1499.96	  390.82	 1742.21	  983.08	 3500.08	    0.00	    0.00	    0.15	    0.06	    5.42	 1629.82	  539.58	    0.04	    0.00	    0.00	    0.00	    0.00	    0.00	    0.00	    0.00	    0.00	    0.00	    0.00
6	7	    0.00	    0.00	    0.00	    0.00	    0.00	    0.00	 4169.59	    0.00	    0.00	    0.00	    0.00	    0.00	    0.00	  399.73	  599.82	  391.56	  141.68	  999.48	  999.25	 2599.49	  500.03	  799.88	  300.00	  199.99
6	17	  429.41	  335.23	    8.83	  434.68	  121.76	  982.34	 7930.41	 4510.05	  831.51	    0.22	    0.15	  218.04	    0.02	    0.00	    0.00	    0.00	    0.03	    0.00	    0.00	    0.00	    0.00	    0.00	    0.00	    0.00
7	5	    0.00	    0.00	    0.00	    0.00	    0.00	    0.00	 2266.31	 4052.88	    0.00	    0.13	    0.00	    0.00	    0.00	    0.00	    0.26	 3358.55	  700.92	  437.72	  299.97	 1006.93	  100.07	  299.95	    0.03	    0.01
7	6	  929.41	  535.23	  108.83	  834.68	  321.76	 1382.34	    0.00	 5510.05	 1431.46	    3.43	    1.04	  918.04	   66.04	    0.00	    0.00	    0.00	    0.11	    0.00	    0.00	    0.00	    0.00	    0.00	    0.00	    0.00
7	8	    0.00	    0.00	    0.00	    0.00	    0.00	    0.00	  903.29	 3747.02	    0.00	    0.00	    0.00	    0.00	    0.00	    0.00	    0.00	 1276.69	    0.00	  261.88	    0.00	  692.88	    0.00	    0.00	    0.00	    0.00
7	15	  470.99	  564.76	  171.22	  680.50	  425.22	 1317.83	    0.00	 3390.04	  886.59	    0.00	    0.38	  477.76	    0.40	    0.00	    0.00	    0.00	    0.00	    0.00	    0.00	    0.00	    0.00	    0.00	    0.00	    0.00
8	4	    0.00	    0.00	    0.00	    0.00	    0.00	    0.00	  301.71	  551.42	 4100.09	 5865.32	    0.00	    0.00	    0.00	    0.00	 1653.35	  473.28	 1386.59	   61.90	  623.05	   93.22	   96.84	  599.04	    0.00	    0.00
8	7	    0.08	    0.04	   89.23	  472.96	  263.90	    0.09	    0.00	    0.00	 3117.90	 1603.22	  795.99	  365.98	  126.86	    0.00	    0.00	    0.00	    0.23	    0.00	    0.00	    0.00	    0.00	    0.00	    0.00	    0.00
8	9	 2496.75	  699.53	  519.34	 2880.97	 1850.08	  999.81	    1.66	 2395.69	 8982.01	    0.00	    0.05	  533.99	  386.35	    0.00	    0.00	    0.25	    0.00	    0.07	    0.00	    0.00	    0.00	    0.00	    0.00	    0.00
9	8	    0.00	    0.00	    0.00	    0.00	    0.00	    0.00	    0.05	    0.00	    0.00	10268.54	 2195.81	    0.05	    0.05	  600.00	 2653.35	  596.79	 2286.82	    0.07	 1023.05	    0.32	  396.84	 1299.04	  500.00	    0.32
9	10	    0.00	    0.00	    0.00	    0.00	    0.00	    0.00	  499.71	  795.79	 1681.58	 8267.83	    0.00	    0.00	    0.00	    0.00	 1350.73	 1568.53	 1912.31	  199.88	  446.90	  449.07	    1.27	  554.31	    0.00	    0.00
9	14	  799.78	   99.92	   99.98	 1099.31	  597.00	  199.84	    0.00	    0.00	 3118.47	14754.70	 1604.58	  747.03	    5.51	    0.00	    0.00	    0.00	    0.94	    0.00	    0.00	    0.00	    0.00	    0.00	    0.00	    0.00
9	15	    0.00	    0.00	   19.98	   85.02	   53.14	    0.00	    0.00	    0.00	  482.09	 8008.55	 2193.96	  203.60	    0.22	    0.00	    0.00	    0.00	    0.00	    0.00	    0.00	    0.00	    0.00	    0.00	    0.00	    0.00
9	16	  399.66	    0.04	   99.97	  499.84	  199.94	    0.04	    0.09	    0.12	  899.87	 3900.37	 1000.06	  599.81	  499.84	    0.06	    0.13	    0.12	    0.00	    0.05	    0.07	    0.15	    0.05	    0.15	    0.05	    0.03
10	3	    0.00	    0.00	    0.00	    0.00	    0.00	    0.00	    0.00	    0.00	    0.00	    0.99	 3405.87	    0.00	    0.00	 1199.95	    1.22	    0.00	    0.30	    0.00	    0.49	    0.00	    0.00	    0.91	  697.39	    0.00
10	9	    2.69	    0.38	    0.59	    3.20	    0.00	    0.00	    0.00	    0.00	    0.00	    0.00	10894.37	 3016.51	 2019.28	 1227.36	    0.00	    0.00	    0.00	    0.00	    0.00	    0.00	    0.00	    0.00	  380.66	   62.27
10	11	    0.00	    0.00	    0.00	    0.00	    0.00	    0.00	    0.00	    0.00	    0.11	 3233.90	 2400.18	    0.00	    0.00	  715.27	  654.21	  168.72	  912.05	    0.02	  280.17	    0.00	    0.00	    0.00	    0.00	    0.00
10	13	  300.15	  100.03	  100.02	  998.56	  199.69	  199.62	    0.00	    0.00	  281.76	 1033.11	 5599.58	  952.90	   15.53	    0.00	    0.00	    0.00	    0.00	    0.00	    0.00	    0.00	    0.00	    0.00	    0.00	    0.00
11	2	    0.00	    0.00	    0.00	    0.00	    0.00	    0.00	    0.00	    0.00	    0.00	    0.10	    0.22	 4630.03	 3552.98	    0.25	    0.08	    0.00	    0.03	    0.00	    0.01	    0.00	  303.10	  500.14	  402.63	  599.69
11	10	    0.52	    0.18	    0.15	    0.08	    0.03	    0.02	    0.00	    0.00	    0.00	    0.00	    0.00	 5369.13	 3034.56	    0.00	    0.00	    0.00	    0.00	    0.00	    0.00	    0.00	    0.05	    0.00	    0.00	    0.16
11	12	 1400.01	  300.07	  300.00	 1002.09	  203.25	  300.40	   67.79	  600.00	  799.75	 1900.10	 1000.40	 3900.85	    0.00	   15.38	    9.00	    0.30	  499.82	    0.04	    3.67	    0.03	    0.00	    0.00	    0.00	    0.00
12	11	    0.00	    0.00	    0.00	    0.00	    0.00	    0.00	    0.09	    0.00	    0.00	    0.00	    0.00	    0.00	 7887.55	    0.26	    0.03	    0.00	    0.00	    0.49	    0.01	  499.93	  603.15	 1200.14	 1102.63	 1099.85
12	23	  900.01	    0.07	  200.00	  402.09	    3.25	  100.40	    0.00	    0.00	  199.75	    0.10	    0.40	 2600.85	 6712.45	    0.00	    0.00	    0.00	    0.00	    0.00	    0.00	    0.00	    0.00	    0.00	    0.00	    0.00
13	10	    0.00	    0.00	    0.00	    0.00	    0.00	    0.00	    0.00	    0.00	    0.00	    0.00	    0.00	    0.00	    0.00	 4742.51	  704.64	    0.00	    0.00	    0.06	  233.73	  150.90	  398.67	  546.56	 2377.99	  662.08
13	14	    0.16	    0.03	    0.02	    0.24	    0.07	    0.03	    0.00	    0.00	    0.00	    0.00	 1126.48	  252.97	  103.73	 6242.12	    0.00	    0.00	    0.00	    0.00	    0.00	    0.00	    0.00	    0.00	 1174.43	  135.20
13	22	    0.00	    0.00	    0.00	  498.34	   99.62	   99.59	    0.00	    0.00	  183.17	  768.94	 2873.17	    0.00	    0.00	 3115.36	  419.65	    0.00	  210.32	    0.00	  130.38	    0.00	    0.00	    0.00	    0.00	    0.00
14	9	    0.00	    0.00	    0.00	    0.00	    0.00	    0.00	    0.00	    0.00	    0.00	    0.00	    0.00	    0.00	    0.00	 1472.70	 8004.21	    0.30	    1.00	    0.05	 3269.71	 1738.41	 1598.16	 4453.50	 1919.39	  738.08
14	13	    0.00	    0.00	    0.00	    0.00	    0.00	    0.00	  199.75	  399.49	  501.41	 1835.83	    0.07	    0.00	    0.00	    0.00	 2424.09	  699.54	  910.22	   99.93	  664.06	  650.21	    0.82	  692.08	    0.00	    0.00
14	18	  299.94	    0.08	    0.00	  200.02	  100.01	    0.12	    0.02	    0.03	  400.11	 3287.87	  804.48	  300.00	  283.72	 2896.62	 5900.02	    0.06	    0.42	    0.01	    0.00	    0.05	  553.07	 2899.91	  899.98	  256.78
14	21	    0.00	    0.00	    0.00	  399.53	  297.07	    0.00	    0.00	    0.00	 1316.96	 5631.00	  526.52	    0.00	    0.00	  572.80	 5071.68	    0.24	 2499.59	    0.00	 2086.27	    0.00	    0.00	    0.00	    0.00	    0.00
15	7	    0.00	    0.00	    0.00	    0.00	    0.00	    0.00	    0.00	    0.00	    0.00	    0.27	    0.00	    0.00	    0.00	    0.24	    0.44	 6443.68	 1959.13	    0.12	    0.73	    0.32	    0.04	    0.07	    0.03	    0.02
15	9	    0.00	    0.05	    0.00	    0.00	    0.00	    0.07	 2398.02	    0.22	    0.00	    0.00	    0.00	    0.00	    0.00	    0.00	    0.00	 6563.48	    0.58	  899.67	    0.20	 1211.00	    0.00	    0.00	    0.00	    0.00
15	16	    0.36	  200.03	    0.03	    0.17	    0.07	  500.13	 1000.47	 1401.20	    0.12	    0.52	    0.09	    0.19	    0.03	    0.00	    0.00	 5951.44	    0.00	  600.38	    0.00	 1545.17	  358.55	    0.00	    0.00	  130.78
15	17	    0.16	    0.07	    0.00	    0.16	    0.04	    0.27	    0.00	    1.14	    0.44	 3609.44	  794.57	    0.13	    0.04	    0.03	    0.22	 7141.39	 3742.02	    0.00	    0.22	    0.00	    0.00	    0.00	    0.00	    0.00
16	9	    0.00	    0.00	    0.00	    0.00	    0.00	    0.00	    0.18	    0.00	    0.00	    0.00	    0.00	    0.00	    0.00	    0.00	    0.00	    1.39	 8098.49	    0.22	    0.11	    0.13	    0.00	    0.00	    0.00	    0.00
16	15	    0.00	    0.00	    0.00	    0.00	    0.00	    0.00	    0.00	    0.00	    0.00	    1.30	    0.21	    0.00	    0.00	  694.06	 1190.63	    0.00	 8501.61	    0.00	 1290.36	    0.00	    0.05	    0.11	    0.05	    0.03
16	18	    0.03	    0.07	    0.00	    0.02	    0.01	    0.18	    0.38	    1.32	    0.04	    0.16	    0.00	    0.00	    0.00	    0.00	    0.00	 3150.17	 6799.91	    0.21	    0.00	    0.00	    0.00	    0.00	    0.00	    0.00
17	6	    0.00	    0.00	    0.00	    0.00	    0.00	    0.00	    0.00	    0.00	    0.05	 1896.79	  499.11	    0.00	  333.98	  599.73	 1099.82	 1791.56	 1141.59	 1199.48	 1399.25	 3099.49	  700.03	 1299.88	  500.00	  299.99
17	15	   29.53	   35.40	    8.83	   34.81	   21.76	   82.65	 4798.50	  212.51	   31.88	    0.38	    0.12	   18.96	  599.44	    6.21	   10.03	    0.00	    0.12	 2000.16	   10.79	 4356.49	  958.54	 1199.96	  499.98	  430.77
17	19	  300.04	  299.91	    0.00	  300.02	  100.05	  799.97	 2931.91	 3998.68	  600.02	 1012.81	  195.50	    0.10	    0.03	    0.00	    0.00	 4849.83	 2000.48	 1600.36	    0.00	    0.00	    0.00	    0.00	    0.00	    0.00
18	14	    0.00	    0.13	    0.00	    0.00	    0.00	    0.25	  699.68	  999.41	    0.00	    0.00	    0.00	    0.00	    0.00	    0.00	    0.00	 1899.91	 4910.28	  299.96	 6820.04	 3487.59	    0.16	    0.39	    0.16	    0.07
18	16	    0.00	    0.00	    0.00	    0.00	    0.00	    0.00	    0.00	    0.00	    0.05	    0.57	    0.05	    0.00	    0.13	 1394.00	 2690.50	    0.00	    0.00	    0.00	 2990.40	  154.81	  241.45	 1699.96	  599.99	  169.22
18	19	    0.02	    0.00	    0.00	    0.04	    0.02	    0.03	    0.00	    0.00	    0.10	 1487.46	  404.42	    0.00	    0.00	 1202.63	 2409.52	    0.00	  190.04	    0.00	 2989.56	    0.00	    0.00	    0.00	    0.00	    0.00
19	17	    0.00	    0.00	    0.00	    0.00	    0.00	    0.00	    0.00	    0.00	    0.00	    0.32	    0.01	    0.88	 1033.40	  705.90	 1309.63	    0.00	    0.14	    0.00	 1709.81	 7855.98	 1758.57	 2799.84	 1099.99	  730.77
19	18	    0.05	   99.98	    0.00	    0.00	    0.00	  199.99	 1099.28	 1698.06	    0.00	    0.00	    0.00	    0.00	   16.41	    0.01	    0.00	   49.68	    0.00	  599.74	    0.00	 4842.35	   88.54	    0.44	    0.18	   12.51
19	20	    0.00	    0.00	    0.00	    0.04	    0.02	  100.01	  632.67	  600.54	    0.06	    0.05	    0.02	    0.01	    0.03	    0.02	    0.03	 1500.44	  490.20	  200.64	   79.85	 2701.15	    0.00	    0.08	    0.03	    0.02
19	21	    0.00	   99.93	    0.00	    0.02	    0.04	  200.00	  699.96	  800.08	    0.06	    0.22	    0.05	    0.00	    0.00	    0.00	    0.17	 1699.70	    0.25	  399.98	    0.08	 3100.52	    0.18	    0.00	    0.00	    0.00
20	19	    0.00	    0.00	    0.00	    0.00	    0.00	    0.00	    0.00	    0.00	    0.00	    0.11	    0.03	  400.76	 1649.70	    0.08	    0.17	    0.00	    0.07	    0.00	    0.18	    0.00	 3047.29	    0.24	    1.98	 1143.07
20	21	  264.12	    0.03	   66.03	    0.18	    0.00	    0.03	    0.06	    0.08	    0.00	    0.00	    0.00	  462.21	 1470.83	    0.00	    0.00	    0.16	    0.00	    0.03	    0.00	    0.41	 4754.46	    0.00	    0.31	 1599.81
20	23	    0.00	    0.00	    0.00	    0.00	    0.00	    0.02	  432.61	  200.46	    0.14	  483.59	    0.00	    0.00	    0.00	    0.00	  675.97	  900.36	  209.29	  100.60	  251.48	 1500.74	 3198.24	 2352.22	    0.00	    0.00
21	14	    0.00	    0.00	    0.00	    0.00	    0.00	    0.00	    0.09	    0.11	    0.00	    0.00	    0.00	    0.00	  874.48	    0.00	    0.00	    0.22	    0.00	    0.04	    0.00	    1.08	 2951.90	10645.10	 2644.78	 1259.59
21	19	    0.00	    0.00	    0.00	    0.00	    0.00	    0.00	    0.00	    0.00	    0.00	    0.21	    0.13	    0.03	    0.10	    3.22	    0.15	    0.00	    0.00	    0.00	    0.00	    0.00	    0.00	 5200.11	 1798.21	    0.23
21	20	    0.00	    0.00	    0.00	    0.00	   97.11	    0.00	    0.00	    0.00	  300.08	 1683.64	    2.68	    0.00	    0.00	    1.31	 1476.10	    0.08	  319.15	    0.00	  571.81	    0.00	    0.00	 4152.39	    1.00	    0.00
21	22	    0.00	    0.00	    0.00	    0.00	    0.00	    0.03	  199.94	  300.05	  316.94	 1347.37	    0.00	    0.00	    0.00	    0.00	  995.60	  499.80	  480.68	   99.97	  314.54	  699.85	    2.75	 4402.40	    0.00	    0.00
22	13	    0.01	    0.00	    0.00	    0.02	    0.00	    0.00	    0.25	    0.51	    0.00	    0.00	    0.00	    0.07	  688.20	    0.00	    0.19	    0.46	    0.10	    0.13	    0.06	    0.69	  797.84	 1054.48	 4652.42	 1197.28
22	21	  135.88	    0.04	   33.97	    0.27	    0.00	    0.00	    0.00	    0.00	    0.00	    0.00	  576.24	  237.82	  703.76	  631.72	    0.00	    0.00	    0.00	    0.00	    0.00	    0.00	    0.00	    0.00	 6543.68	  760.01
22	23	    0.00	    0.00	    0.00	    0.00	    0.00	    0.00	    0.03	    0.06	    0.11	  316.32	  996.99	    0.00	    0.00	 1383.64	  415.06	    0.20	   90.89	    0.02	  144.86	    0.35	    0.28	 1248.57	 3303.89	    0.00
23	12	    0.00	    0.00	    0.00	    0.00	    0.00	    0.00	  332.29	    0.00	    0.00	    0.00	    0.00	    0.00	    0.00	  584.88	  691.02	  599.70	    0.18	  100.45	  296.34	 1099.90	 1203.15	 2500.14	 1902.63	 1799.85
23	20	  364.11	    0.03	   66.03	  200.14	    2.87	    0.04	    0.00	    0.00	    0.00	    0.00	  397.33	 1162.96	 3720.50	  398.76	    0.00	    0.00	    0.00	    0.00	    0.00	    0.00	    0.00	    0.00	  701.26	 3242.86
23	22	  435.90	    0.04	  133.97	    1.95	    0.38	    0.38	    0.34	    0.52	    0.00	    0.00	    0.05	  937.89	 2191.95	    0.00	    0.00	    0.86	    0.00	    0.17	    0.00	    1.19	 1495.38	    0.65	    0.00	 2657.29
