i	j	       0	       1	       2	       3	       4	       5	       6	       7	       8	       9	      10	      11	      12	      13	      14	      15	      16	      17	      18	      19	      20	      21	      22	      23
0	1	 2600.09	    0.00	  265.83	  200.02	   16.04	    0.00	    0.01	    0.02	   32.07	   96.25	  200.02	  480.67	  458.04	  100.00	   16.11	    0.02	    0.04	    0.00	    0.01	    0.00	    0.01	    0.08	    0.18	   28.56
0	2	 6199.91	 1173.08	    0.00	    0.00	    0.00	  235.66	  138.59	  232.81	    0.00	    0.00	    0.00	    0.00	    0.00	    0.00	    0.00	   95.36	    0.00	   33.15	    0.00	    0.02	    0.00	    0.00	    0.00	    0.00
1	0	    0.00	 1273.08	    0.00	    0.00	    0.00	  535.66	  638.57	 1032.77	    0.00	    0.00	    0.00	    0.00	    0.00	    0.00	    0.00	  595.34	    0.67	  133.14	    0.03	  299.92	    0.00	    0.02	    0.00	    0.00
1	5	 2500.09	 2726.92	  165.83	    0.04	    0.00	    0.00	    0.00	    0.00	    0.00	    0.00	    0.04	  380.67	  158.04	    0.01	    0.00	    0.00	    0.00	    0.00	    0.00	    0.00	    0.01	    0.03	    0.18	   28.56
2	0	    0.00	    0.00	  365.83	  700.02	  216.04	    0.00	    0.03	    0.05	  532.07	 1396.25	  700.02	  680.67	  958.04	  400.00	  516.11	    0.04	  399.37	    0.00	  299.99	    0.10	  100.01	  400.06	  300.18	  128.56
2	3	 4499.90	  672.96	 1934.13	    0.00	    0.00	    0.00	    0.00	    0.00	    0.00	    0.00	    0.00	 3745.63	 2438.05	    0.09	    0.00	    0.00	    0.00	    0.00	    0.00	    0.00	  202.82	    0.10	    2.87	  471.22
2	11	 1600.01	  400.12	  500.04	 1602.00	  406.30	  500.41	  823.00	 1200.00	 1199.89	  692.99	    0.95	    0.00	    0.00	    0.17	   45.71	  546.26	  195.37	  199.54	   19.59	    0.12	    0.00	    0.00	    0.00	    0.00
3	2	    0.00	    0.00	    0.00	 2502.02	  722.33	  564.75	  784.43	 1167.25	 1831.96	 2389.25	 1000.41	    0.00	    0.00	  499.83	  661.77	  650.94	  694.74	  166.39	  319.58	    0.11	    0.00	    0.08	    0.05	    0.00
3	4	 3198.08	  172.88	 1333.81	 6697.20	    0.00	    0.00	    0.00	    0.00	    0.00	    0.12	  905.64	 3144.78	 1837.57	  200.09	    0.05	    0.00	    0.01	    0.00	    0.02	    0.00	    2.88	    0.05	  199.88	  271.26
3	10	  801.82	  300.13	  400.32	 2400.78	  699.84	  599.65	    0.04	    5.10	    1.07	    0.17	    0.00	    0.85	    0.48	    0.07	    0.06	    0.30	    0.04	    0.02	    0.02	    0.03	    0.02	    0.05	    0.06	    0.03
4	3	    0.00	    0.05	    0.00	    0.00	 1922.17	 1564.41	 1184.48	 1872.35	 2533.03	 3589.03	    0.00	    0.00	    0.00	    0.00	 1158.90	 1451.24	 1194.66	  266.41	  518.39	  300.14	    0.03	  399.01	    0.00	    0.00
4	5	    0.00	    0.00	  532.93	 2152.10	 1273.06	    0.00	    0.02	    0.03	  568.09	 1303.69	  405.12	 1475.48	  531.90	  100.02	  283.71	    0.04	    0.04	    0.00	    0.10	    0.01	    0.01	    0.00	   99.82	   71.43
4	8	 2998.08	  899.74	  700.88	 4045.11	 2904.78	 1399.75	    0.03	    0.10	    0.00	    0.00	    0.52	 1469.31	 1105.67	    0.08	    0.00	    0.06	    0.00	    0.01	    0.00	    0.03	    0.00	    0.00	    0.06	  199.83
5	1	    0.00	    0.00	    0.00	    0.02	   83.96	  935.66	  838.56	 1432.75	  167.93	  503.75	    0.02	    0.00	    0.00	    0.01	   83.89	  995.32	  200.63	  133.14	  100.01	  399.92	    0.00	   99.97	    0.00	    0.00
5	4	    0.00	  826.90	    0.00	    0.00	    0.00	 3164.16	 1065.28	 1802.84	    0.00	    0.00	    0.00	    0.00	    0.00	    0.00	    0.00	 1439.26	    0.66	  202.96	    0.03	  301.48	    0.01	    0.00	    0.00	    0.00
5	7	 2200.09	 1500.02	  398.77	 1752.12	  989.09	 3500.18	    0.00	    0.00	    0.16	    0.07	    5.14	 1656.14	  489.94	    0.03	    0.00	    0.00	    0.00	    0.00	    0.00	    0.00	    0.00	    0.00	    0.00	    0.00
6	7	    0.00	    0.00	    0.00	    0.00	    0.00	    0.00	 4228.64	    0.00	    0.00	    0.00	    0.00	    0.00	    0.00	  399.57	  599.20	  356.53	  130.42	  999.37	  998.35	 2598.92	  500.10	  799.76	  299.93	  199.97
6	17	  433.63	  340.38	   10.91	  442.31	  126.47	  994.37	 7871.36	 4541.72	  841.40	    0.64	    0.13	  226.04	    0.12	    0.00	    0.00	    0.00	    0.03	    0.00	    0.00	    0.00	    0.00	    0.00	    0.00	    0.00
7	5	    0.00	    0.00	    0.00	    0.00	    0.00	    0.00	 2303.82	 4035.56	    0.00	    0.13	    0.00	    0.00	    0.00	    0.00	    0.18	 3334.54	  701.25	  436.10	  299.94	 1001.38	  100.00	  299.94	    0.00	    0.01
7	6	  933.63	  540.38	  110.91	  842.31	  326.47	 1394.37	    0.00	 5541.72	 1441.34	    1.99	    0.87	  925.97	    3.30	    0.00	    0.00	    0.00	    0.11	    0.00	    0.00	    0.00	    0.00	    0.00	    0.00	    0.00
7	8	    0.00	    0.00	    0.00	    0.00	    0.00	    0.00	  924.82	 3763.68	    0.00	    0.00	    0.00	    0.00	    0.00	    0.00	    0.00	 1252.66	    0.11	  263.63	    0.00	  698.58	    0.27	    0.00	    0.00	    0.00
7	15	  466.54	  559.68	  173.44	  691.61	  432.24	 1305.90	    0.00	 3359.05	  924.98	    0.00	    0.07	  479.95	    0.26	    0.00	    0.00	    0.00	    0.00	    0.00	    0.00	    0.00	    0.00	    0.00	    0.00	    0.00
8	4	    0.00	    0.00	    0.00	    0.00	    0.00	    0.00	  319.24	  569.65	 3901.11	 5892.60	    0.00	    0.00	    0.00	    0.00	 1642.55	  512.08	 1394.03	   63.46	  618.44	   98.70	   97.14	  598.96	    0.00	    0.00
8	7	    0.08	    0.04	   85.59	  481.80	  269.62	    0.09	    0.00	    0.00	 3166.16	 1601.77	  795.80	  349.77	  113.62	    0.00	    0.00	    0.00	    0.24	    0.00	    0.00	    0.00	    0.00	    0.00	    0.00	    0.00
8	9	 2497.99	  699.70	  515.29	 2863.30	 1835.16	  999.66	    5.92	 2394.13	 9132.73	    0.00	    0.00	  519.59	  392.10	    0.00	    0.00	    0.82	    0.00	    0.28	    0.00	    0.32	    0.00	    0.00	    0.00	    0.00
9	8	    0.00	    0.00	    0.00	    0.00	    0.00	    0.00	    0.32	    0.00	    0.00	10294.37	 2195.27	    0.06	    0.06	  599.93	 2642.55	  660.18	 2294.15	    0.11	 1018.44	    0.41	  396.88	 1298.96	  499.94	    0.17
9	10	    0.00	    0.00	    0.00	    0.00	    0.00	    0.00	  499.89	  794.92	 1733.02	 8389.72	    0.00	    0.00	    0.00	    0.00	 1307.92	 1553.82	 1904.32	  200.05	  433.16	  426.63	    1.95	  507.45	    0.00	    0.00
9	14	  799.83	   99.86	   99.98	 1098.91	  593.86	  199.69	    0.00	    0.00	 3266.06	14500.13	 1879.96	  647.19	    1.67	    0.00	    0.00	    0.00	    0.84	    0.00	    0.00	    0.00	    0.00	    0.00	    0.00	    0.00
9	15	    0.00	    0.00	   15.66	   66.13	   41.33	    0.00	    0.00	    0.00	  433.82	 8115.01	 2189.56	  192.97	    0.11	    0.00	    0.00	    0.00	    0.00	    0.00	    0.00	    0.00	    0.00	    0.00	    0.00	    0.00
9	16	  399.80	    0.02	   99.98	  499.90	  199.96	    0.04	    0.09	    0.12	  899.83	 3900.77	  999.78	  599.89	  499.90	    0.06	    0.13	    0.12	    0.00	    0.05	    0.07	    0.15	    0.05	    0.15	    0.05	    0.03
10	3	    0.00	    0.00	    0.00	    0.00	    0.00	    0.00	    0.00	    0.00	    0.00	    0.51	 3406.05	    0.00	    0.00	 1199.90	    2.98	    0.00	    0.14	    0.00	    1.23	    0.00	    0.05	    1.06	  697.11	    0.06
10	9	    1.63	    0.13	    0.33	    1.64	    0.00	    0.00	    0.00	    0.00	    0.00	    0.00	11164.57	 2920.51	 2009.64	 1116.87	    0.00	    0.00	    0.00	    0.00	    0.00	    0.00	    0.00	    0.00	  355.60	   62.18
10	11	    0.00	    0.00	    0.00	    0.00	    0.00	    0.00	    0.00	    0.00	    0.11	 3207.01	 2400.31	    0.00	    0.00	  719.17	  661.01	  154.38	  904.49	    0.13	  283.27	    0.00	    0.00	    0.00	    0.00	    0.00
10	13	  300.30	  100.04	  100.05	  999.22	  199.86	  199.73	    0.00	    0.03	  333.98	 1182.38	 5329.07	 1052.69	    2.68	    0.00	    0.00	    0.00	    0.05	    0.00	    0.00	    0.00	    0.00	    0.00	    0.00	    0.00
11	2	    0.00	    0.00	    0.00	    0.00	    0.00	    0.00	    0.00	    0.00	    0.00	    0.00	    0.56	 4626.30	 3496.09	    0.43	    0.06	    0.00	    0.00	    0.00	    0.00	    0.09	  302.82	  500.09	  403.00	  599.78
11	10	    0.11	    0.04	    0.06	    0.08	    0.03	    0.07	    0.00	    0.00	    0.00	    0.00	    0.00	 5372.36	 3011.83	    0.00	    0.00	    0.00	    0.00	    0.00	    0.00	    0.00	    0.04	    0.00	    0.00	    0.37
11	12	 1399.89	  300.07	  299.98	 1001.91	  206.27	  300.34	  123.06	  600.00	  600.00	 1900.00	 1000.70	 3901.35	    0.00	   19.18	    6.67	    1.14	  499.86	    0.03	    2.86	    0.04	    0.00	    0.00	    0.00	    0.00
12	11	    0.00	    0.00	    0.00	    0.00	    0.00	    0.00	    0.07	    0.00	    0.00	    0.00	    0.00	    0.00	 7807.93	    0.28	    0.00	    0.51	    0.00	    0.36	    0.00	  500.01	  602.86	 1200.09	 1103.00	 1100.15
12	23	  899.89	    0.07	  199.98	  401.91	    6.27	  100.34	    0.00	    0.00	    0.00	    0.00	    0.70	 2601.35	 6792.07	    0.00	    0.00	    0.00	    0.00	    0.00	    0.00	    0.00	    0.00	    0.00	    0.00	    0.00
13	10	    0.00	    0.00	    0.00	    0.00	    0.00	    0.00	    0.06	    0.00	    0.00	    0.00	    0.00	    0.00	    0.00	 4635.87	  756.01	    0.26	    0.31	    0.06	  251.31	  173.35	  398.05	  593.55	 2352.65	  661.85
13	14	    0.20	    0.03	    0.03	    0.22	    0.06	    0.04	    0.00	    0.00	    0.00	    0.00	 1040.49	  352.87	  101.01	 6243.08	    0.00	    0.00	    0.00	    0.00	    0.00	    0.00	    0.00	    0.00	 1179.32	  127.87
13	22	    0.11	    0.01	    0.03	  499.02	   99.81	   99.69	    0.00	    0.00	  218.66	  797.98	 2688.65	    0.18	    0.00	 3221.05	  445.70	    0.00	  225.96	    0.00	  139.60	    0.00	    0.00	    0.00	    0.00	    0.00
14	9	    0.00	    0.00	    0.00	    0.00	    0.00	    0.00	    0.00	    0.00	    0.00	    0.00	    0.00	    0.00	    0.00	 1583.12	 7950.61	    0.31	    0.82	    0.06	 3251.47	 1756.19	 1598.88	 4406.57	 1944.39	  738.01
14	13	    0.00	    0.00	    0.00	    0.00	    0.00	    0.00	  199.74	  399.47	  484.69	 1715.60	    0.07	    0.00	    0.00	    0.00	 2501.71	  699.81	  926.22	   99.90	  690.90	  672.58	    2.19	  704.15	    0.00	    0.00
14	18	  300.03	    0.06	    0.01	  200.07	  100.03	    0.05	    0.02	    0.03	  400.15	 3182.56	  809.61	  300.06	  283.34	 2896.88	 5899.07	    0.06	    0.43	    0.01	    0.00	    0.05	  579.29	 2899.91	  899.98	  272.18
14	21	    0.00	    0.00	    0.00	  399.06	  293.89	    0.00	    0.00	    0.00	 1481.22	 5601.97	  710.77	    0.00	    0.00	  463.08	 5048.60	    0.24	 2415.88	    0.00	 2047.54	    0.00	    0.00	    0.00	    0.00	    0.00
15	7	    0.00	    0.00	    0.00	    0.00	    0.00	    0.00	    0.00	    0.00	    0.00	    0.28	    0.00	    0.00	    0.00	    0.40	    0.99	 6430.67	 1970.82	    0.36	    1.60	    1.04	    0.16	    0.17	    0.07	    0.05
15	9	    0.00	    0.06	    0.00	    0.00	    0.00	    0.07	 2394.13	    0.92	    0.00	    0.00	    0.00	    0.00	    0.00	    0.00	    0.00	 6611.29	    0.59	  899.61	    0.20	 1170.47	    0.00	    0.00	    0.00	    0.00
15	16	    0.19	  199.98	    0.01	    0.06	    0.03	  500.02	 1000.38	 1400.23	    0.12	    0.53	    0.09	    0.06	    0.00	    0.00	    0.00	 5971.89	    0.00	  600.33	    0.00	 1564.73	  335.12	    0.00	    0.00	  115.31
15	17	    0.02	    0.00	    0.00	    0.02	    0.00	    0.03	    0.00	    0.16	    0.16	 3716.11	  789.94	    0.13	    0.00	    0.03	    0.15	 7086.15	 3748.37	    0.00	    0.49	    0.00	    0.00	    0.00	    0.00	    0.00
16	9	    0.00	    0.00	    0.00	    0.00	    0.00	    0.00	    0.25	    0.00	    0.00	    0.00	    0.00	    0.00	    0.00	    0.00	    0.00	    1.70	 8097.90	    0.26	    0.00	    0.21	    0.00	    0.00	    0.00	    0.00
16	15	    0.00	    0.00	    0.00	    0.00	    0.00	    0.00	    0.00	    0.00	    0.00	    1.51	    0.28	    0.00	    0.00	  689.39	 1182.74	    0.00	 8519.66	    0.00	 1282.42	    0.00	    0.06	    0.11	    0.05	    0.03
16	18	    0.03	    0.02	    0.00	    0.02	    0.01	    0.06	    0.22	    0.35	    0.04	    0.17	    0.00	    0.00	    0.00	    0.00	    0.00	 3170.31	 6782.44	    0.12	    0.00	    0.00	    0.00	    0.00	    0.00	    0.00
17	6	    0.00	    0.00	    0.00	    0.00	    0.00	    0.00	    0.00	    0.00	    0.06	 1898.65	  499.26	    0.07	  396.82	  599.57	 1099.20	 1756.53	 1130.33	 1199.37	 1398.35	 3098.92	  700.10	 1299.76	  499.93	  299.97
17	15	   33.66	   40.36	   10.91	   42.34	   26.46	   94.21	 4794.51	  242.25	   41.49	    0.39	    0.12	   27.26	  599.63	   11.04	   18.40	    0.00	    0.12	 2000.30	   19.87	 4336.24	  935.23	 1200.06	  500.03	  415.33
17	19	  299.99	  300.02	    0.00	  299.99	  100.01	  800.18	 2876.85	 3999.62	  600.01	 1117.93	  190.69	    0.10	    0.08	    0.00	    0.00	 4829.62	 2018.09	 1600.33	    0.00	    0.00	    0.00	    0.00	    0.00	    0.00
18	14	    0.00	    0.16	    0.00	    0.00	    0.00	    0.33	  699.69	  999.42	    0.00	    0.00	    0.00	    0.00	    0.00	    0.00	    0.00	 1900.26	 4842.51	  299.94	 6789.92	 3528.36	    0.16	    0.40	    0.17	    0.07
18	16	    0.04	    0.02	    0.01	    0.05	    0.02	    0.00	    0.00	    0.00	    0.09	    0.39	    0.40	    0.06	    0.10	 1389.33	 2682.61	    0.00	    0.00	    0.00	 2982.34	  135.33	  264.88	 1699.96	  599.99	  184.69
18	19	    0.02	    0.00	    0.00	    0.04	    0.02	    0.03	    0.00	    0.00	    0.10	 1382.34	  409.20	    0.00	    0.00	 1207.56	 2416.46	    0.00	  240.36	    0.00	 3027.74	    0.00	    0.00	    0.00	    0.00	    0.00
19	17	    0.00	    0.00	    0.00	    0.00	    0.00	    0.00	    0.00	    0.00	    0.00	    0.22	    0.01	    1.26	 1096.40	  710.58	 1317.44	    0.00	    0.15	    0.00	 1717.73	 7835.16	 1735.33	 2799.83	 1099.96	  715.30
19	18	    0.00	  100.11	    0.00	    0.00	    0.00	  200.24	 1099.46	 1699.03	    0.00	    0.00	    0.00	    0.00	   16.76	    0.01	    0.00	   29.89	    0.00	  599.81	    0.00	 4863.63	   85.76	    0.45	    0.18	   12.58
19	20	    0.00	    0.00	    0.00	    0.01	    0.02	  100.01	  577.19	  600.26	    0.05	    0.05	    0.02	    0.01	    0.03	    0.02	    0.03	 1499.72	  558.26	  200.43	  110.11	 2700.73	    0.00	    0.08	    0.03	    0.02
19	21	    0.00	   99.91	    0.00	    0.02	    0.01	  199.96	  700.21	  800.33	    0.06	    0.22	    0.05	    0.00	    0.00	    0.00	    0.17	 1700.00	    0.11	  400.09	    0.08	 3100.48	    0.18	    0.00	    0.00	    0.00
20	19	    0.00	    0.00	    0.00	    0.00	    0.00	    0.00	    0.00	    0.00	    0.00	    0.11	    0.03	  401.15	 1713.00	    0.08	    0.17	    0.00	    0.08	    0.00	    0.19	    0.00	 3021.27	    0.25	    0.83	 1127.59
20	21	  259.96	    0.07	   64.99	    0.25	    0.00	    0.03	    0.06	    0.08	    0.00	    0.00	    0.00	  454.93	 1455.88	    0.00	    0.00	    0.16	    0.00	    0.04	    0.00	    0.42	 4780.57	    0.00	    0.00	 1596.55
20	23	    0.00	    0.00	    0.00	    0.00	    0.00	    0.02	  377.13	  200.18	  121.71	  486.84	    0.00	    0.00	    0.00	    0.00	  684.04	  899.64	  214.84	  100.39	  254.48	 1500.30	 3198.16	 2313.68	    0.00	    0.00
21	14	    0.00	    0.00	    0.00	    0.00	    0.00	    0.00	    0.06	    0.08	    0.00	    0.00	    0.00	    0.00	  880.65	    0.00	    0.00	    0.16	    0.00	    0.03	    0.00	    0.47	 2980.20	10610.23	 2664.88	 1282.25
21	19	    0.00	    0.00	    0.00	    0.00	    0.00	    0.00	    0.00	    0.00	    0.00	    0.11	    0.16	    0.03	    0.11	    2.97	    1.01	    0.00	    0.00	    0.00	    0.00	    0.00	    0.00	 5200.11	 1799.34	    0.31
21	20	    0.01	    0.00	    0.00	    0.03	   94.04	    0.00	    0.00	    0.00	  421.66	 1686.90	    1.34	    0.00	    0.00	    0.60	 1484.18	    0.08	  256.65	    0.00	  544.55	    0.00	    0.00	 4113.86	    0.42	    0.00
21	22	    0.00	    0.00	    0.00	    0.00	    0.00	    0.01	  200.21	  300.32	  359.63	 1315.18	    0.00	    0.00	    0.00	    0.00	  963.59	  500.16	  459.34	  100.09	  303.07	  700.43	    0.56	 4475.80	    0.00	    0.00
22	13	    0.01	    0.00	    0.00	    0.02	    0.00	    0.00	    0.33	    0.50	    0.00	    0.00	    0.00	    0.36	  698.34	    0.00	    0.00	    0.44	    0.00	    0.16	    0.01	    0.76	  795.85	 1089.40	 4631.97	 1189.72
22	21	  140.05	    0.02	   35.01	    0.70	    0.15	    0.03	    0.00	    0.00	    0.00	    0.00	  390.68	  245.10	  724.88	  740.49	    0.00	    0.00	    0.00	    0.00	    0.00	    0.00	    0.00	    0.00	 6564.64	  786.02
22	23	    0.01	    0.00	    0.00	    0.03	    0.00	    0.01	    0.02	    0.03	   78.29	  313.16	  998.02	    0.00	    0.00	 1380.57	  409.29	    0.07	   85.30	    0.00	  142.66	    0.14	    0.06	 1287.16	 3303.38	    0.00
23	12	    0.00	    0.00	    0.00	    0.00	    0.00	    0.00	  277.00	    0.00	    0.00	    0.00	    0.00	    0.00	    0.00	  581.10	  693.33	  599.36	    0.14	  100.33	  297.14	 1099.97	 1202.86	 2500.09	 1903.00	 1800.15
23	20	  359.95	    0.06	   64.99	  200.21	    5.93	    0.03	    0.00	    0.00	    0.00	    0.00	  398.67	 1156.07	 3768.86	  399.47	    0.00	    0.00	    0.00	    0.00	    0.00	    0.00	    0.00	    0.00	  700.38	 3224.11
23	22	  439.96	    0.01	  134.99	    1.73	    0.34	    0.34	    0.14	    0.21	    0.00	    0.00	    0.06	  945.28	 2223.22	    0.00	    0.00	    0.35	    0.00	    0.07	    0.00	    0.47	 1495.36	    0.75	    0.00	 2675.74
