i	j	o12d5l34
0	1	 4512.59
0	2	 8123.69
1	0	 4524.72
1	5	 5975.03
2	0	 8111.56
2	3	13922.32
2	11	10042.16
3	2	14052.29
3	4	18118.41
3	10	 5209.28
4	3	18052.72
4	5	 8800.60
4	8	15874.28
5	1	 5987.16
5	4	 8801.70
5	7	12513.50
6	7	12102.00
6	17	15822.04
7	5	12526.73
7	6	12060.16
7	8	 6879.46
7	15	 8389.53
8	4	15807.49
8	7	 6836.13
8	9	21836.84
9	8	21826.73
9	10	17746.39
9	14	23112.51
9	15	11039.23
9	16	 8100.65
10	3	 5504.93
10	9	17533.82
10	11	 8359.33
10	13	 9758.21
11	2	 9900.07
11	10	 8473.00
11	12	12301.54
12	11	12373.11
12	23	11142.06
13	10	 9827.61
13	14	 9015.28
13	22	 8393.38
14	9	23183.16
14	13	 9072.80
14	18	19068.11
14	21	18406.02
15	7	 8404.24
15	9	11070.88
15	16	11687.25
15	17	15302.37
16	9	 8100.81
16	15	11669.98
16	18	 9956.73
17	6	15863.88
17	15	15366.00
17	19	19004.37
18	14	19115.62
18	16	 9939.64
18	19	 8678.00
19	17	19009.84
19	18	 8708.41
19	20	 6309.88
19	21	 7001.37
20	19	 6244.36
20	21	 8611.68
20	23	10300.32
21	14	18386.68
21	19	 7002.76
21	20	 8594.71
21	22	 9646.78
22	13	 8405.26
22	21	 9611.87
22	23	 7908.86
23	12	11113.63
23	20	10251.77
23	22	 7885.84
