i	j	o23d16n1l75
0	1	 4496.54
0	2	 8119.53
1	0	 4520.05
1	5	 5967.84
2	0	 8096.03
2	3	14024.90
2	11	10035.24
3	2	14042.99
3	4	18021.59
3	10	 5209.80
4	3	18040.20
4	5	 8797.16
4	8	15790.24
5	1	 5991.34
5	4	 8805.38
5	7	12493.35
6	7	12104.15
6	17	15800.86
7	5	12525.08
7	6	12043.67
7	8	 6880.47
7	15	 8384.85
8	4	15800.63
8	7	 6834.45
8	9	21755.48
9	8	21819.85
9	10	17730.12
9	14	23128.54
9	15	11045.84
9	16	 8100.71
10	3	 5309.28
10	9	17601.67
10	11	 8366.56
10	13	 9780.71
11	2	 9993.65
11	10	 8400.21
11	12	12303.18
12	11	12395.24
12	23	11118.84
13	10	 9818.08
13	14	 9034.14
13	22	 8399.79
14	9	23195.03
14	13	 9078.79
14	18	19085.71
14	21	18402.04
15	7	 8402.11
15	9	11072.17
15	16	11688.10
15	17	15289.31
16	9	 8100.71
16	15	11676.69
16	18	 9951.85
17	6	15861.35
17	15	15344.32
17	19	18989.61
18	14	19118.85
18	16	 9940.44
18	19	 8685.51
19	17	19005.10
19	18	 8707.23
19	20	 6303.31
19	21	 7003.44
20	19	 6242.58
20	21	 8617.49
20	23	10306.07
21	14	18380.06
21	19	 7001.39
21	20	 8606.67
21	22	 9659.87
22	13	 8392.50
22	21	 9625.01
22	23	 7901.25
23	12	11110.89
23	20	10256.16
23	22	 7859.10
