i	j	       0	       1	       2	       3	       4	       5	       6	       7	       8	       9	      10	      11	      12	      13	      14	      15	      16	      17	      18	      19	      20	      21	      22	      23
0	1	 2600.42	    0.00	  269.15	  200.02	   15.80	    0.00	    0.01	    0.01	   31.59	   94.78	  200.02	  475.37	  462.11	  100.00	   15.81	    0.01	    0.03	    0.00	    0.03	    0.00	    0.01	    0.16	    0.20	   29.52
0	2	 6199.58	 1170.23	    0.00	    0.00	    0.00	  248.11	  140.69	  242.79	    0.00	    0.00	    0.00	    0.00	    0.00	    0.00	    0.00	   83.73	    0.00	   34.41	    0.00	    0.02	    0.00	    0.00	    0.00	    0.00
1	0	    0.00	 1270.23	    0.00	    0.00	    0.00	  548.11	  640.60	 1042.65	    0.00	    0.00	    0.00	    0.00	    0.00	    0.00	    0.00	  583.64	    0.22	  134.40	    0.02	  299.87	    0.00	    0.02	    0.00	    0.00
1	5	 2500.42	 2729.77	  169.15	    0.04	    0.00	    0.00	    0.00	    0.00	    0.00	    0.00	    0.04	  375.37	  162.11	    0.01	    0.00	    0.00	    0.00	    0.00	    0.00	    0.00	    0.01	    0.03	    0.20	   29.52
2	0	    0.00	    0.00	  369.15	  700.02	  215.80	    0.00	    0.09	    0.15	  531.59	 1394.78	  700.02	  675.37	  962.11	  400.00	  515.81	    0.10	  399.82	    0.02	  300.00	    0.15	  100.01	  400.14	  300.20	  129.52
2	3	 4498.94	  669.86	 1930.55	    0.00	    0.00	    0.00	    0.00	    0.00	    0.00	    0.00	    0.00	 3746.66	 2501.01	    0.08	    0.00	    0.03	    0.00	    0.00	    0.00	    0.00	  203.04	    0.30	    2.00	  470.18
2	11	 1600.64	  400.37	  500.30	 1601.81	  403.95	  500.39	  768.56	 1200.00	 1399.78	  678.14	    0.60	    0.00	    0.00	    0.24	   51.52	  518.07	  191.27	  199.33	   22.08	    0.21	    0.00	    0.09	    0.09	    0.00
3	2	    0.00	    0.00	    0.00	 2501.83	  719.75	  552.28	  727.97	 1157.36	 2031.38	 2372.92	 1000.46	    0.00	    0.00	  500.12	  667.28	  634.44	  691.08	  164.93	  322.08	    0.24	    0.02	    0.17	    0.15	    0.01
3	4	 3197.03	  170.02	 1330.32	 6695.86	    0.00	    0.00	    0.00	    0.00	    0.00	    0.00	  906.69	 3146.37	 1900.77	  200.01	    0.07	    0.00	    0.00	    0.00	    0.05	    0.00	    3.10	    0.04	  199.79	  270.20
3	10	  801.91	  299.88	  400.23	 2402.31	  699.99	  599.79	    0.21	    4.89	    0.41	    0.15	    0.00	    0.29	    0.24	    0.06	    0.05	    0.10	    0.04	    0.01	    0.01	    0.02	    0.01	    0.04	    0.05	    0.02
4	3	    0.00	    0.04	    0.00	    0.00	 1919.74	 1552.07	 1128.17	 1862.26	 2731.79	 3572.94	    0.00	    0.00	    0.00	    0.00	 1166.43	 1434.33	 1190.80	  264.95	  521.70	  300.27	    0.03	  399.33	    0.00	    0.00
4	5	    0.00	    0.00	  526.32	 2127.40	 1258.80	    0.00	    0.01	    0.03	  568.53	 1305.16	  406.54	 1463.92	  584.59	  100.02	  283.86	    0.03	    0.04	    0.00	    0.04	    0.01	    0.01	    0.00	   99.79	   70.47
4	8	 2997.03	  899.84	  703.99	 4068.46	 2921.47	 1399.74	    0.02	    0.09	    0.00	    0.00	    0.16	 1482.45	 1116.18	    0.00	    0.00	    0.05	    0.00	    0.01	    0.00	    0.02	    0.01	    0.00	    0.00	  199.73
5	1	    0.00	    0.00	    0.00	    0.02	   84.20	  948.11	  840.60	 1442.64	  168.41	  505.22	    0.02	    0.00	    0.00	    0.01	   84.19	  983.63	  200.18	  134.40	  100.00	  399.87	    0.00	   99.88	    0.00	    0.00
5	4	    0.00	  829.86	    0.00	    0.00	    0.00	 3151.81	  981.06	 1728.32	    0.00	    0.00	    0.00	    0.00	    0.00	    0.00	    0.00	 1626.14	    0.06	  193.71	    0.02	  293.38	    0.04	    0.00	    0.00	    0.00
5	7	 2200.42	 1499.92	  395.47	 1727.42	  974.59	 3500.08	    0.00	    0.00	    0.13	    0.06	    6.56	 1639.29	  546.70	    0.02	    0.00	    0.00	    0.00	    0.00	    0.00	    0.00	    0.00	    0.00	    0.00	    0.00
6	7	    0.00	    0.00	    0.00	    0.00	    0.00	    0.00	 4171.10	    0.00	    0.00	    0.00	    0.00	    0.00	    0.00	  399.80	  599.93	  398.04	  136.29	  999.21	  999.35	 2599.50	  500.03	  799.89	  299.98	  199.99
6	17	  429.34	  335.30	    8.40	  432.50	  120.45	  982.64	 7928.90	 4511.73	  825.25	    0.82	    0.14	  222.86	    0.11	    0.00	    0.00	    0.00	    0.02	    0.00	    0.00	    0.00	    0.00	    0.00	    0.00	    0.00
7	5	    0.00	    0.00	    0.00	    0.00	    0.00	    0.00	 2221.64	 3970.93	    0.00	    0.11	    0.00	    0.00	    0.00	    0.00	    0.33	 3509.73	  700.21	  428.10	  299.98	  993.24	  100.03	  299.86	    0.00	    0.01
7	6	  929.34	  535.30	  108.40	  832.50	  320.45	 1382.64	    0.00	 5511.73	 1425.20	    5.90	    2.08	  922.59	   66.54	    0.00	    0.00	    0.00	    0.10	    0.00	    0.00	    0.00	    0.00	    0.00	    0.00	    0.00
7	8	    0.00	    0.00	    0.00	    0.00	    0.00	    0.00	  949.46	 3829.02	    0.00	    0.00	    0.00	    0.00	    0.00	    0.00	    0.00	 1125.60	    0.00	  271.21	    0.00	  706.53	    0.04	    0.09	    0.00	    0.00
7	15	  471.15	  564.65	  172.48	  681.14	  425.69	 1317.52	    0.00	 3388.32	  894.56	    0.00	    0.05	  469.78	    0.73	    0.00	    0.00	    0.00	    0.00	    0.00	    0.00	    0.00	    0.00	    0.00	    0.00	    0.00
8	4	    0.00	    0.00	    0.00	    0.00	    0.00	    0.00	  347.15	  634.05	 4100.32	 5878.10	    0.00	    0.00	    0.00	    0.00	 1650.22	  308.27	 1390.77	   71.25	  621.68	  106.91	   96.91	  599.28	    0.00	    0.00
8	7	    0.07	    0.04	   85.41	  486.21	  271.54	    0.08	    0.00	    0.00	 3119.64	 1605.72	  795.57	  353.08	  120.57	    0.00	    0.00	    0.00	    0.20	    0.00	    0.00	    0.00	    0.00	    0.00	    0.00	    0.00
8	9	 2496.96	  699.80	  518.58	 2882.25	 1849.93	  999.66	    2.38	 2395.06	 8980.04	    0.00	    0.00	  529.67	  395.87	    0.00	    0.00	    0.22	    0.00	    0.06	    0.00	    0.00	    0.00	    0.00	    0.00	    0.00
9	8	    0.00	    0.00	    0.00	    0.00	    0.00	    0.00	    0.05	    0.00	    0.00	10283.82	 2195.41	    0.30	    0.26	  600.00	 2650.22	  582.84	 2290.97	    0.09	 1021.68	    0.36	  396.86	 1299.19	  500.00	    0.27
9	10	    0.00	    0.00	    0.00	    0.00	    0.00	    0.00	  499.73	  795.14	 1716.94	 8388.05	    0.00	    0.00	    0.00	    0.00	 1273.02	 1582.19	 1908.60	  199.97	  420.51	  421.69	    2.78	  518.85	    0.00	    0.00
9	14	  799.84	   99.92	   99.98	 1098.59	  596.14	  199.80	    0.00	    0.00	 3082.72	14594.07	 1897.28	  657.20	    3.42	    0.00	    0.00	    0.00	    0.72	    0.00	    0.00	    0.00	    0.00	    0.00	    0.00	    0.00
9	15	    0.00	    0.00	   19.12	   86.37	   53.98	    0.00	    0.00	    0.00	  480.66	 8033.41	 2165.13	  206.00	    0.10	    0.00	    0.00	    0.00	    0.00	    0.00	    0.00	    0.00	    0.00	    0.00	    0.00	    0.00
9	16	  399.35	    0.01	   99.98	  499.91	  199.97	    0.04	    0.07	    0.10	  899.72	 3900.65	 1000.09	  599.99	  499.99	    0.09	    0.11	    0.10	    0.00	    0.04	    0.06	    0.13	    0.04	    0.13	    0.04	    0.02
10	3	    0.00	    0.00	    0.00	    0.00	    0.00	    0.00	    0.00	    0.00	    0.00	    0.13	 3407.15	    0.00	    0.00	 1200.11	    0.98	    0.18	    0.33	    0.00	    0.44	    0.00	    0.05	    0.64	  697.99	    0.05
10	9	    2.23	    0.08	    0.51	    2.62	    0.16	    0.11	    0.00	    0.00	    0.00	    0.00	11157.91	 2933.81	 2007.91	 1105.54	    0.00	    0.00	    0.00	    0.00	    0.00	    0.00	    0.00	    0.00	  341.32	   52.93
10	11	    0.00	    0.00	    0.00	    0.00	    0.00	    0.00	    0.00	    0.00	    0.10	 3221.86	 2400.76	    0.00	    0.00	  719.17	  653.69	  182.40	  908.69	    0.02	  279.73	    0.00	    0.00	    0.00	    0.00	    0.00
10	13	  300.34	  100.04	  100.05	  999.76	  199.85	  199.75	    0.00	    0.03	  317.26	 1166.20	 5334.18	 1043.16	   18.28	    0.00	    0.00	    0.00	    0.04	    0.00	    0.00	    0.00	    0.00	    0.00	    0.00	    0.00
11	2	    0.00	    0.00	    0.00	    0.00	    0.00	    0.00	    0.00	    0.00	    0.00	    0.00	    0.17	 4622.04	 3563.12	    0.21	    0.05	    0.03	    0.00	    0.00	    0.00	    0.10	  303.03	  500.36	  402.15	  599.69
11	10	    0.65	    0.24	    0.33	    0.07	    0.02	    0.07	    0.00	    0.00	    0.00	    0.00	    0.00	 5376.68	 3025.95	    0.00	    0.00	    0.00	    0.00	    0.00	    0.00	    0.00	    0.04	    0.00	    0.00	    0.47
11	12	 1399.99	  300.12	  299.98	 1001.74	  203.93	  300.32	   68.56	  600.00	  799.88	 1900.00	 1001.20	 3901.29	    0.00	   19.33	    5.22	    1.14	  499.96	    0.05	    1.83	    0.08	    0.00	    0.00	    0.00	    0.00
12	11	    0.00	    0.00	    0.00	    0.00	    0.00	    0.00	    0.00	    0.00	    0.00	    0.00	    0.00	    0.00	 7889.06	    0.13	    0.06	    0.70	    0.00	    0.71	    0.03	  499.97	  603.07	 1200.26	 1102.06	 1100.16
12	23	  899.99	    0.12	  199.98	  401.74	    3.93	  100.32	    0.00	    0.00	  199.88	    0.00	    1.20	 2601.29	 6710.94	    0.00	    0.00	    0.00	    0.00	    0.00	    0.00	    0.00	    0.00	    0.00	    0.00	    0.00
13	10	    0.00	    0.00	    0.00	    0.00	    0.00	    0.00	    0.07	    0.00	    0.00	    0.00	    0.00	    0.00	    0.00	 4624.76	  781.60	    0.29	    0.41	    0.03	  259.64	  178.28	  397.22	  581.75	 2339.26	  652.50
13	14	    0.19	    0.03	    0.03	    0.20	    0.06	    0.04	    0.00	    0.00	    0.00	    0.00	 1021.14	  342.81	   97.79	 6266.81	    0.00	    0.00	    0.00	    0.00	    0.00	    0.00	    0.00	    0.00	 1183.01	  123.67
13	22	    0.16	    0.01	    0.03	  499.57	   99.80	   99.71	    0.00	    0.00	  185.04	  781.46	 2713.10	    0.37	    0.45	 3208.43	  449.40	    0.11	  222.37	    0.00	  138.61	    0.00	    0.00	    0.00	    0.00	    0.00
14	9	    0.00	    0.00	    0.00	    0.00	    0.00	    0.00	    0.00	    0.00	    0.00	    0.00	    0.00	    0.00	    0.00	 1594.55	 7923.35	    0.27	    0.77	    0.05	 3242.07	 1712.03	 1599.69	 4418.16	 1958.73	  747.36
14	13	    0.00	    0.00	    0.00	    0.00	    0.00	    0.00	  199.54	  398.95	  467.79	 1715.26	    0.06	    0.00	    0.00	    0.00	 2531.00	  700.29	  922.75	   99.76	  698.24	  676.54	    0.30	  668.13	    0.00	    0.00
14	18	  300.03	    0.09	    0.01	  200.06	  100.03	    0.11	    0.02	    0.03	  400.14	 3260.33	  832.54	  300.06	  279.75	 2896.45	 5899.93	    0.05	    0.37	    0.01	    0.00	    0.05	  557.70	 2899.61	  899.87	  259.37
14	21	    0.00	    0.00	    0.00	  398.72	  296.17	    0.00	    0.00	    0.00	 1314.80	 5618.49	  685.82	    0.00	    0.00	  475.81	 5045.72	    0.21	 2485.35	    0.00	 2082.32	    0.00	    0.00	    0.00	    0.00	    0.00
15	7	    0.00	    0.00	    0.00	    0.00	    0.00	    0.00	    0.00	    0.00	    0.00	    0.24	    0.00	    0.00	    0.00	    0.18	    0.40	 6437.29	 1963.81	    0.10	    0.62	    0.27	    0.04	    0.07	    0.03	    0.02
15	9	    0.00	    0.05	    0.00	    0.00	    0.00	    0.06	 2397.31	    0.19	    0.00	    0.00	    0.00	    0.00	    0.00	    0.00	    0.00	 6563.61	    0.51	  899.84	    0.18	 1209.69	    0.00	    0.00	    0.00	    0.00
15	16	    0.64	  199.98	    0.01	    0.06	    0.02	  500.02	 1000.39	 1400.30	    0.22	    0.46	    0.08	    0.05	    0.00	    0.00	    0.00	 5958.20	    0.00	  600.27	    0.00	 1542.23	  356.58	    0.31	    0.11	  127.39
15	17	    0.03	    0.02	    0.00	    0.03	    0.01	    0.07	    0.00	    0.29	    0.18	 3634.36	  765.46	    0.09	    0.03	    0.02	    0.15	 7140.90	 3742.79	    0.00	    0.15	    0.00	    0.00	    0.00	    0.00	    0.00
16	9	    0.00	    0.00	    0.00	    0.00	    0.00	    0.00	    0.17	    0.00	    0.00	    0.00	    0.00	    0.00	    0.00	    0.00	    0.00	    1.04	 8099.01	    0.16	    0.00	    0.46	    0.00	    0.00	    0.00	    0.00
16	15	    0.00	    0.00	    0.00	    0.00	    0.00	    0.00	    0.00	    0.00	    0.00	    1.32	    0.26	    0.09	    0.08	  692.52	 1187.98	    0.00	 8507.01	    0.00	 1287.39	    0.00	    0.05	    0.10	    0.04	    0.02
16	18	    0.02	    0.02	    0.00	    0.02	    0.01	    0.06	    0.30	    0.41	    0.03	    0.14	    0.00	    0.00	    0.00	    0.00	    0.00	 3157.27	 6793.98	    0.15	    0.00	    0.00	    0.00	    0.00	    0.00	    0.00
17	6	    0.00	    0.00	    0.00	    0.00	    0.00	    0.00	    0.00	    0.00	    0.05	 1894.92	  498.06	    0.27	  333.57	  599.80	 1099.93	 1798.04	 1136.22	 1199.21	 1399.35	 3099.50	  700.03	 1299.89	  499.98	  299.99
17	15	   29.52	   35.40	    8.40	   32.58	   20.36	   82.63	 4797.70	  212.47	   25.19	    0.33	    0.10	   24.26	  599.12	    7.68	   12.57	    0.00	    0.10	 2000.22	   13.56	 4352.19	  956.58	 1200.28	  500.10	  427.39
17	19	  299.85	  299.92	    0.00	  299.95	  100.09	  800.08	 2931.20	 3999.56	  600.20	 1040.13	  167.46	    0.19	    0.02	    0.00	    0.00	 4842.86	 2006.62	 1600.57	    0.00	    0.00	    0.00	    0.00	    0.00	    0.00
18	14	    0.00	    0.14	    0.00	    0.00	    0.00	    0.28	  699.48	  998.90	    0.00	    0.00	    0.00	    0.00	    0.00	    0.00	    0.00	 1900.65	 4908.52	  299.79	 6822.64	 3488.01	    0.14	    0.34	    0.14	    0.06
18	16	    0.04	    0.02	    0.01	    0.05	    0.02	    0.00	    0.00	    0.00	    0.08	    0.36	    0.09	    0.06	    0.09	 1392.44	 2687.87	    0.00	    0.00	    0.00	 2987.32	  158.11	  243.42	 1699.66	  599.88	  172.61
18	19	    0.01	    0.00	    0.00	    0.03	    0.01	    0.02	    0.00	    0.00	    0.08	 1460.11	  432.44	    0.00	    0.00	 1204.02	 2412.06	    0.00	  185.83	    0.00	 2990.04	    0.00	    0.00	    0.00	    0.00	    0.00
19	17	    0.00	    0.00	    0.00	    0.00	    0.00	    0.00	    0.00	    0.00	    0.00	    0.19	    0.02	    1.77	 1032.57	  707.45	 1312.34	    0.00	    0.13	    0.00	 1712.77	 7851.69	 1756.60	 2800.17	 1100.07	  727.38
19	18	    0.00	  100.06	    0.00	    0.00	    0.00	  200.13	 1099.16	 1698.46	    0.00	    0.00	    0.00	    0.00	   20.34	    0.01	    0.00	   43.33	    0.00	  599.62	    0.00	 4846.07	   85.85	    0.39	    0.16	   13.30
19	20	    0.00	    0.00	    0.00	    0.01	    0.11	  100.01	  631.78	  600.50	    0.14	    0.04	    0.01	    0.01	    0.02	    0.01	    0.03	 1500.30	  492.17	  200.84	   77.36	 2701.19	    0.00	    0.07	    0.03	    0.02
19	21	    0.00	   99.87	    0.00	    0.01	    0.01	  199.96	  700.26	  800.60	    0.14	    0.19	    0.04	    0.00	    0.00	    0.00	    0.15	 1699.22	    0.21	  400.12	    0.07	 3101.05	    0.16	    0.00	    0.00	    0.00
20	19	    0.10	    0.00	    0.00	    0.00	    0.00	    0.00	    0.00	    0.00	    0.00	    0.09	    0.02	  401.37	 1652.54	    0.07	    0.15	    0.00	    0.06	    0.00	    0.16	    0.00	 3042.62	    0.21	    5.61	 1140.01
20	21	  262.28	    0.11	   65.57	    0.19	    0.00	    0.03	    0.05	    0.07	    0.00	    0.00	    0.00	  458.99	 1465.29	    0.00	    0.00	    0.14	    0.00	    0.03	    0.00	    0.36	 4759.00	    0.00	    0.00	 1607.86
20	23	    0.00	    0.00	    0.00	    0.00	    0.00	    0.02	  431.73	  200.43	    0.02	  489.09	    0.00	    0.00	    0.00	    0.00	  678.41	  900.24	  211.86	  100.81	  252.60	 1500.82	 3198.39	 2341.42	    0.00	    0.00
21	14	    0.00	    0.00	    0.00	    0.00	    0.00	    0.00	    0.08	    0.08	    0.00	    0.00	    0.00	    0.05	  878.53	    0.00	    0.00	    0.16	    0.00	    0.04	    0.00	    0.60	 2957.56	10585.56	 2675.44	 1283.00
21	19	    0.04	    0.00	    0.00	    0.04	    0.01	    0.00	    0.00	    0.00	    0.00	    0.09	    0.15	    0.22	    0.37	    3.39	    0.31	    0.00	    0.00	    0.00	    0.00	    0.00	    0.00	 5200.41	 1794.65	    0.68
21	20	    0.01	    0.00	    0.00	    0.03	   96.28	    0.00	    0.00	    0.00	  299.88	 1689.10	    2.49	    0.04	    0.08	    2.04	 1478.53	    0.07	  319.76	    0.00	  575.40	    0.00	    0.00	 4141.57	    2.50	    0.07
21	22	    0.00	    0.00	    0.00	    0.00	    0.00	    0.01	  200.23	  300.59	  315.07	 1329.49	    0.00	    0.00	    0.00	    0.00	  967.02	  499.34	  465.81	  100.11	  306.99	  700.81	    1.60	 4472.46	    0.00	    0.00
22	13	    0.01	    0.00	    0.00	    0.02	    0.00	    0.00	    0.53	    1.02	    0.00	    0.00	    0.00	    0.03	  679.96	    0.00	    0.00	    0.11	    0.00	    0.26	    0.01	    1.74	  796.91	 1113.62	 4622.27	 1176.17
22	21	  137.77	    0.02	   34.43	    1.14	    0.12	    0.03	    0.00	    0.00	    0.00	    0.00	  416.78	  241.32	  713.69	  729.62	    0.00	    0.00	    0.00	    0.00	    0.00	    0.00	    0.00	    0.00	 6572.59	  775.89
22	23	    0.01	    0.00	    0.00	    0.03	    0.00	    0.01	    0.02	    0.04	    0.11	  310.95	  996.37	    0.07	    0.00	 1378.81	  416.43	    0.11	   88.18	    0.00	  145.59	    0.14	    0.05	 1258.92	 3305.14	    0.00
23	12	    0.00	    0.00	    0.00	    0.00	    0.00	    0.00	  331.44	    0.00	    0.00	    0.00	    0.00	    0.00	    0.00	  580.80	  694.84	  599.57	    0.04	  100.65	  298.19	 1099.89	 1203.07	 2500.26	 1902.06	 1800.16
23	20	  362.36	    0.11	   65.57	  200.16	    3.61	    0.03	    0.00	    0.00	    0.01	    0.04	  397.51	 1160.32	 3717.73	  398.01	    0.00	    0.00	    0.00	    0.00	    0.00	    0.00	    0.00	    0.00	  703.08	 3247.79
23	22	  437.64	    0.01	  134.41	    1.61	    0.32	    0.32	    0.31	    0.47	    0.00	    0.00	    0.05	  941.04	 2193.21	    0.00	    0.00	    0.78	    0.00	    0.16	    0.00	    1.08	 1495.37	    0.08	    0.00	 2652.05
