i	j	o16d3l10
0	1	 4485.80
0	2	 8078.21
1	0	 4479.26
1	5	 5983.66
2	0	 8084.75
2	3	13995.00
2	11	10275.71
3	2	14296.84
3	4	17992.02
3	10	 5211.36
4	3	17801.31
4	5	 8803.10
4	8	15782.02
5	1	 5977.12
5	4	 8794.95
5	7	12488.39
6	7	12069.70
6	17	15810.95
7	5	12473.70
7	6	12046.07
7	8	 6888.99
7	15	 8386.32
8	4	15599.46
8	7	 6843.83
8	9	21734.14
9	8	21606.42
9	10	17896.71
9	14	23156.78
9	15	11049.45
9	16	 8100.37
10	3	 5803.92
10	9	17553.32
10	11	 8184.94
10	13	 9751.44
11	2	 9980.41
11	10	 8421.36
11	12	12361.77
12	11	12402.88
12	23	11111.91
13	10	 9864.20
13	14	 9052.08
13	22	 8364.55
14	9	23235.23
14	13	 9125.55
14	18	19085.65
14	21	18378.55
15	7	 8393.16
15	9	11086.63
15	16	11693.38
15	17	15263.53
16	9	 8100.41
16	15	11671.20
16	18	 9957.88
17	6	15834.59
17	15	15329.72
17	19	18998.87
18	14	19146.26
18	16	 9935.73
18	19	 8677.00
19	17	18988.69
19	18	 8715.47
19	20	 6305.17
19	21	 7002.60
20	19	 6233.06
20	21	 8642.47
20	23	10314.59
21	14	18369.86
21	19	 7003.00
21	20	 8612.87
21	22	 9690.61
22	13	 8403.84
22	21	 9652.72
22	23	 7835.34
23	12	11053.02
23	20	10272.08
23	22	 7836.75
