i	j	o17d3l22
0	1	 4498.17
0	2	 8121.10
1	0	 4521.10
1	5	 5969.02
2	0	 8098.17
2	3	14016.81
2	11	10032.77
3	2	14039.75
3	4	18014.76
3	10	 5210.85
4	3	18039.86
4	5	 8796.69
4	8	15783.74
5	1	 5991.95
5	4	 8803.27
5	7	12494.37
6	7	12103.75
6	17	15798.97
7	5	12523.88
7	6	12042.09
7	8	 6881.27
7	15	 8387.70
8	4	15802.26
8	7	 6835.42
8	9	21747.19
9	8	21819.86
9	10	17725.84
9	14	23128.98
9	15	11047.52
9	16	 8100.61
10	3	 5308.69
10	9	17605.45
10	11	 8367.79
10	13	 9775.73
11	2	 9986.89
11	10	 8405.11
11	12	12300.72
12	11	12392.17
12	23	11119.58
13	10	 9815.86
13	14	 9037.05
13	22	 8398.43
14	9	23195.18
14	13	 9082.45
14	18	19082.27
14	21	18402.42
15	7	 8401.41
15	9	11073.54
15	16	11688.79
15	17	15290.44
16	9	 8101.46
16	15	11676.61
16	18	 9952.73
17	6	15860.63
17	15	15342.35
17	19	18994.13
18	14	19116.34
18	16	 9941.40
18	19	 8683.95
19	17	19007.69
19	18	 8706.68
19	20	 6304.27
19	21	 7002.98
20	19	 6243.01
20	21	 8616.29
20	23	10306.65
21	14	18379.95
21	19	 7000.54
21	20	 8605.96
21	22	 9659.43
22	13	 8393.16
22	21	 9624.18
22	23	 7900.95
23	12	11111.03
23	20	10255.72
23	22	 7860.43
