i	j	       0	       1	       2	       3	       4	       5	       6	       7	       8	       9	      10	      11	      12	      13	      14	      15	      16	      17	      18	      19	      20	      21	      22	      23
0	1	 2100.86	    0.00	  352.81	  200.00	   19.82	    0.00	    0.01	    0.02	   39.63	  118.92	  200.00	  742.99	  560.67	   99.99	   19.81	    0.02	    0.02	    0.00	    0.04	    0.00	    0.00	    0.07	    0.15	   37.71
0	2	 6699.14	 1128.25	    0.00	    0.00	    0.00	  237.96	  149.27	  258.01	    0.00	    0.00	    0.00	    0.00	    0.00	    0.00	    0.00	  106.66	    0.00	   36.79	    0.00	    0.02	    0.00	    0.00	    0.00	    0.00
1	0	    0.00	 1228.25	    0.00	    0.00	    0.00	  537.96	  649.25	 1057.98	    0.00	    0.00	    0.00	    0.00	    0.00	    0.00	    0.00	  606.64	    0.34	  136.79	    0.05	  300.01	    0.00	    0.02	    0.00	    0.00
1	5	 2000.86	 2771.75	  252.81	    0.02	    0.00	    0.00	    0.00	    0.00	    0.00	    0.00	    0.02	  642.99	  260.67	    0.00	    0.00	    0.00	    0.00	    0.00	    0.00	    0.00	    0.00	    0.01	    0.15	   37.71
2	0	    0.00	    0.00	  452.81	  700.00	  219.82	    0.00	    0.03	    0.05	  539.63	 1418.92	  700.00	  942.99	 1060.67	  399.99	  519.81	    0.04	  399.68	    0.00	  299.99	    0.02	  100.00	  400.05	  300.15	  137.71
2	3	 4998.73	  628.09	 1847.06	    0.00	    0.00	    0.11	    0.00	    0.00	    0.00	    0.00	    0.00	 3486.73	 2391.91	    0.09	    0.00	    0.00	    0.00	    0.00	    0.00	    0.00	  202.77	    0.17	    1.97	  462.13
2	11	 1600.41	  400.15	  500.13	 1601.99	  403.85	  500.30	  769.05	 1200.00	 1399.80	  662.79	    0.36	    0.00	    0.00	    0.09	   49.39	  538.29	  186.94	  199.33	   21.17	    0.16	    0.00	    0.00	    0.00	    0.00
3	2	    0.00	    0.00	    0.00	 2501.99	  723.67	  562.46	  719.82	 1142.04	 2039.43	 2381.61	 1000.17	    0.00	    0.00	  499.93	  669.11	  631.67	  686.59	  162.55	  321.14	    0.16	    0.02	    0.10	    0.06	    0.00
3	4	 3696.20	  128.21	 1246.64	 6695.77	    0.00	    0.00	    0.00	    0.00	    0.00	    0.08	  906.51	 2886.67	 1791.86	  200.00	    0.02	    0.00	    0.03	    0.00	    0.00	    0.00	    2.91	    0.16	  199.73	  262.14
3	10	  802.53	  299.93	  400.42	 2402.24	  699.65	  599.59	    0.36	    4.18	    0.06	    0.18	    0.00	    0.06	    0.04	    0.07	    0.06	    0.13	    0.04	    0.02	    0.02	    0.03	    0.02	    0.05	    0.06	    0.03
4	3	    0.00	    0.05	    0.00	    0.00	 1923.32	 1561.93	 1120.18	 1846.22	 2739.49	 3580.80	    0.00	    0.00	    0.00	    0.00	 1168.66	 1431.80	 1186.28	  262.56	  520.98	  300.18	    0.03	  399.13	    0.00	    0.00
4	5	    0.00	    0.00	  481.63	 2282.78	 1342.37	    0.00	    0.02	    0.04	  560.37	 1280.94	  405.89	 1365.76	  536.44	  100.01	  279.81	    0.04	    0.04	    0.00	    0.05	    0.01	    0.02	    0.03	   99.73	   62.26
4	8	 3496.20	  899.87	  665.01	 3912.99	 2834.31	 1399.77	    0.03	    0.12	    0.00	    0.00	    0.62	 1320.92	 1055.42	    0.00	    0.00	    0.07	    0.00	    0.01	    0.00	    0.03	    0.00	    0.00	    0.00	  199.88
5	1	    0.00	    0.00	    0.00	    0.02	   80.18	  937.96	  849.24	 1457.96	  160.37	  481.08	    0.02	    0.00	    0.00	    0.01	   80.19	 1006.62	  200.32	  136.79	  100.01	  400.00	    0.00	   99.96	    0.00	    0.00
5	4	    0.00	  871.70	    0.00	    0.00	    0.00	 3161.70	 1018.81	 1793.04	    0.00	    0.00	    0.00	    0.00	    0.00	    0.00	    0.00	 1453.20	    0.08	  200.31	    0.03	  306.41	    0.06	    0.00	    0.00	    0.00
5	7	 1700.86	 1500.05	  434.44	 1882.78	 1062.19	 3500.34	    0.00	    0.00	    0.00	    0.00	    5.89	 1808.74	  597.11	    0.00	    0.00	    0.00	    0.00	    0.00	    0.00	    0.00	    0.00	    0.00	    0.00	    0.00
6	7	    0.00	    0.00	    0.00	    0.00	    0.00	    0.00	 4173.27	    0.00	    0.00	    0.23	    0.00	    0.00	    0.00	  399.92	  600.20	  397.91	  135.72	  999.20	  999.72	 2599.47	  500.06	  799.83	  300.07	  200.01
6	17	  408.97	  338.14	    8.65	  432.94	  120.67	  989.27	 7926.73	 4528.15	  824.84	    0.60	    0.14	  220.27	    0.11	    0.00	    0.00	    0.00	    0.00	    0.00	    0.00	    0.00	    0.00	    0.00	    0.00	    0.00
7	5	    0.00	    0.00	    0.00	    0.00	    0.00	    0.00	 2268.03	 4050.97	    0.00	    0.13	    0.00	    0.00	    0.00	    0.00	    0.38	 3359.78	  700.35	  437.10	  299.99	 1006.40	  100.04	  299.92	    0.12	    0.03
7	6	  908.97	  538.14	  108.65	  832.94	  320.67	 1389.27	    0.00	 5528.15	 1424.70	    4.19	    1.43	  920.16	   66.85	    0.00	    0.00	    0.00	    0.09	    0.00	    0.00	    0.00	    0.00	    0.00	    0.00	    0.00
7	8	    0.00	    0.00	    0.00	    0.00	    0.00	    0.00	  905.24	 3748.96	    0.00	    0.00	    0.00	    0.00	    0.00	    0.00	    0.00	 1273.52	    0.00	  262.23	    0.00	  693.39	    0.08	    0.00	    0.00	    0.00
7	15	  353.84	  561.95	  175.62	  687.81	  429.86	 1311.17	    0.00	 3371.93	  987.98	    0.55	    0.17	  502.02	    0.44	    0.00	    0.00	    0.00	    0.00	    0.00	    0.00	    0.00	    0.00	    0.00	    0.00	    0.00
8	4	    0.00	    0.00	    0.00	    0.00	    0.00	    0.00	  301.41	  553.33	 4099.86	 5861.67	    0.00	    0.00	    0.00	    0.00	 1648.45	  478.71	 1386.22	   62.26	  621.00	   93.82	   97.08	  599.00	    0.00	    0.00
8	7	  361.95	    0.04	   49.83	  337.97	  188.34	    0.10	    0.00	    0.00	 3212.68	 1604.37	  795.71	  213.44	   70.18	    0.00	    0.00	    0.00	    0.21	    0.00	    0.00	    0.00	    0.00	    0.00	    0.00	    0.00
8	9	 2634.25	  699.82	  515.18	 2875.02	 1845.97	  999.68	    3.91	 2395.74	 8887.46	    0.00	    0.00	  507.54	  385.30	    0.00	    0.00	    0.26	    0.00	    0.07	    0.00	    0.00	    0.00	    0.00	    0.00	    0.00
9	8	    0.00	    0.00	    0.00	    0.00	    0.00	    0.00	    0.06	    0.00	    0.00	10266.03	 2195.09	    0.06	    0.06	  600.00	 2648.45	  605.39	 2286.43	    0.10	 1021.00	    0.39	  397.01	 1299.00	  500.00	    0.12
9	10	    0.00	    0.00	    0.00	    0.00	    0.00	    0.00	  499.64	  795.85	 1717.45	 8412.91	    0.00	    0.00	    0.00	    0.00	 1285.51	 1562.21	 1913.44	  200.00	  425.39	  431.36	    1.78	  483.15	    0.00	    0.00
9	14	  799.45	   99.83	   99.93	 1098.31	  596.42	  199.71	    0.00	    0.00	 3082.84	14581.78	 1911.33	  653.20	    4.69	    0.00	    0.00	    0.00	    0.86	    0.00	    0.00	    0.00	    0.00	    0.00	    0.00	    0.00
9	15	  138.11	    0.00	   15.73	   79.30	   49.56	    0.00	    0.00	    0.00	  387.25	 8037.63	 2163.48	  176.11	    0.25	    0.00	    0.00	    0.00	    0.00	    0.00	    0.00	    0.00	    0.00	    0.00	    0.00	    0.00
9	16	  399.05	    0.05	   99.99	  499.95	  199.98	    0.04	    0.09	    0.13	  899.91	 3901.65	 1000.39	  599.94	  499.87	    0.06	    0.13	    0.12	    0.00	    0.05	    0.08	    0.15	    0.05	    0.15	    0.05	    0.03
10	3	    0.00	    0.00	    0.00	    0.00	    0.00	    0.00	    0.00	    0.00	    0.00	    1.07	 3406.67	    0.00	    0.00	 1199.91	    0.53	    0.00	    0.39	    0.00	    0.18	    0.00	    0.14	    1.00	  697.88	    0.03
10	9	    2.36	    0.00	    0.48	    2.54	    0.00	    0.00	    0.00	    0.00	    0.00	    0.00	11170.29	 2921.78	 2019.57	 1120.51	    0.00	    0.00	    0.00	    0.00	    0.00	    0.00	    0.00	    0.00	  317.58	   50.22
10	11	    0.00	    0.00	    0.00	    0.00	    0.00	    0.00	    0.00	    0.00	    0.11	 3237.31	 2400.06	    0.00	    0.00	  717.01	  656.31	  162.34	  913.04	    0.02	  281.25	    0.00	    0.00	    0.00	    0.00	    0.00
10	13	  300.54	  100.03	  100.07	  999.79	  199.67	  199.61	    0.00	    0.03	  317.40	 1174.71	 5322.98	 1046.60	   17.20	    0.00	    0.00	    0.00	    0.05	    0.00	    0.00	    0.00	    0.00	    0.00	    0.00	    0.00
11	2	    0.00	    0.00	    0.00	    0.00	    0.00	    0.00	    0.00	    0.00	    0.00	    0.10	    0.19	 4629.72	 3552.58	    0.25	    0.08	    0.00	    0.03	    0.00	    0.01	    0.00	  302.75	  500.13	  402.06	  599.85
11	10	    0.36	    0.10	    0.12	    0.09	    0.03	    0.02	    0.00	    0.00	    0.00	    0.00	    0.00	 5368.32	 3036.73	    0.00	    0.00	    0.00	    0.00	    0.00	    0.00	    0.00	    0.14	    0.00	    0.00	    0.21
11	12	 1400.04	  300.06	  300.00	 1001.90	  203.83	  300.28	   69.05	  600.00	  799.91	 1900.00	 1000.23	 3901.96	    0.00	   17.03	    6.02	    0.78	  499.95	    0.03	    2.58	    0.00	    0.00	    0.00	    0.00	    0.00
12	11	    0.00	    0.00	    0.00	    0.00	    0.00	    0.00	    0.00	    0.00	    0.00	    0.00	    0.00	    0.00	 7889.31	    0.18	    0.40	    0.14	    0.00	    0.68	    0.17	  499.84	  602.90	 1200.13	 1102.06	 1100.06
12	23	  900.04	    0.06	  200.00	  401.90	    3.83	  100.28	    0.00	    0.00	  199.91	    0.00	    0.23	 2601.96	 6710.69	    0.00	    0.00	    0.00	    0.00	    0.00	    0.00	    0.00	    0.00	    0.00	    0.00	    0.00
13	10	    0.00	    0.00	    0.00	    0.00	    0.00	    0.00	    0.00	    0.00	    0.00	    0.00	    0.00	    0.00	    0.00	 4637.35	  771.27	    0.00	    0.00	    0.00	  256.03	  168.61	  398.20	  617.80	 2315.40	  650.01
13	14	    0.54	    0.05	    0.07	    0.62	    0.00	    0.00	    0.00	    0.00	    0.00	    0.00	 1028.86	  346.64	   89.10	 6244.09	    0.00	    0.00	    0.00	    0.00	    0.00	    0.00	    0.00	    0.00	 1211.26	  117.20
13	22	    0.06	    0.00	    0.01	  499.19	   99.68	   99.63	    0.00	    0.00	  196.39	  809.47	 2694.19	    0.10	    0.00	 3218.56	  430.22	    0.00	  217.81	    0.00	  133.82	    0.00	    0.00	    0.00	    0.00	    0.00
14	9	    0.00	    0.00	    0.00	    0.00	    0.00	    0.00	    0.00	    0.00	    0.00	    0.00	    0.00	    0.00	    0.00	 1579.56	 7934.10	    0.32	    1.16	    0.06	 3246.08	 1722.01	 1598.84	 4382.30	 1982.47	  749.93
14	13	    0.00	    0.00	    0.00	    0.00	    0.00	    0.00	  199.56	  399.12	  478.99	 1734.76	    0.07	    0.00	    0.00	    0.00	 2501.49	  698.93	  917.76	   99.78	  689.84	  667.06	    0.38	  692.10	    0.00	    0.00
14	18	  299.99	    0.04	    0.00	  200.02	  100.01	    0.07	    0.02	    0.03	  400.28	 3256.54	  834.37	  300.00	  278.90	 2897.20	 5899.93	    0.06	    0.44	    0.01	    0.00	    0.05	  555.00	 2899.91	  899.98	  259.74
14	21	    0.00	    0.00	    0.00	  398.90	  296.41	    0.00	    0.00	    0.00	 1303.58	 5590.48	  705.76	    0.00	    0.00	  467.33	 5064.48	    0.25	 2486.72	    0.00	 2090.31	    0.00	    0.00	    0.00	    0.00	    0.00
15	7	    0.00	    0.00	    0.00	    0.00	    0.00	    0.00	    0.00	    0.00	    0.00	    0.28	    0.00	    0.00	    0.00	    0.08	    0.18	 6435.39	 1964.51	    0.13	    0.28	    0.32	    0.05	    0.09	    0.04	    0.02
15	9	    0.00	    0.06	    0.00	    0.00	    0.00	    0.08	 2395.65	    0.23	    0.00	    0.00	    0.00	    0.00	    0.00	    0.00	    0.00	 6566.43	    0.60	  899.92	    0.21	 1209.69	    0.00	    0.00	    0.00	    0.00
15	16	    0.98	  199.99	    0.01	    0.07	    0.03	  500.02	 1000.38	 1400.30	    0.12	    0.54	    0.09	    0.06	    0.08	    0.00	    0.00	 5955.04	    0.00	  600.19	    0.00	 1556.14	  349.27	    0.00	    0.00	  125.33
15	17	    0.02	    0.00	    0.00	    0.02	    0.00	    0.03	    0.00	    0.14	    0.44	 3639.77	  764.54	    0.05	    0.00	    0.03	    0.27	 7143.14	 3739.17	    0.00	    0.32	    0.00	    0.00	    0.00	    0.00	    0.00
16	9	    0.00	    0.00	    0.00	    0.00	    0.00	    0.00	    0.22	    0.00	    0.00	    0.00	    0.00	    0.00	    0.00	    0.00	    0.00	    0.71	 8098.96	    0.11	    0.17	    0.22	    0.00	    0.00	    0.00	    0.00
16	15	    0.00	    0.00	    0.00	    0.00	    0.00	    0.00	    0.00	    0.00	    0.00	    2.02	    0.87	    0.00	    0.00	  692.58	 1189.02	    0.00	 8504.16	    0.00	 1288.51	    0.00	    0.06	    0.11	    0.05	    0.03
16	18	    0.03	    0.03	    0.00	    0.02	    0.01	    0.07	    0.25	    0.43	    0.04	    0.17	    0.00	    0.00	    0.00	    0.00	    0.00	 3154.45	 6796.88	    0.14	    0.00	    0.00	    0.00	    0.00	    0.00	    0.00
17	6	    0.00	    0.00	    0.00	    0.00	    0.00	    0.00	    0.00	    0.00	    0.14	 1896.64	  498.71	    0.11	  333.26	  599.92	 1100.20	 1797.91	 1135.63	 1199.20	 1399.72	 3099.47	  700.06	 1299.83	  500.07	  300.01
17	15	    9.05	   38.10	    8.65	   32.97	   20.61	   88.96	 4796.04	  228.75	   25.33	    0.39	    0.13	   21.98	  599.39	    7.54	   11.43	    0.00	    0.12	 2000.23	   12.29	 4366.15	  949.27	 1199.98	  500.00	  425.33
17	19	  299.94	  300.05	    0.00	  299.99	  100.07	  800.33	 2930.70	 3999.54	  599.81	 1043.57	  165.93	    0.05	    0.04	    0.00	    0.00	 4845.23	 2003.57	 1600.57	    0.00	    0.00	    0.00	    0.00	    0.00	    0.00
18	14	    0.00	    0.16	    0.00	    0.00	    0.00	    0.37	  699.48	  999.05	    0.00	    0.00	    0.00	    0.00	    0.00	    0.00	    0.00	 1899.36	 4905.22	  299.80	 6826.23	 3488.55	    0.17	    0.41	    0.17	    0.08
18	16	    0.00	    0.00	    0.00	    0.00	    0.00	    0.00	    0.00	    0.00	    0.00	    0.00	    0.38	    0.00	    0.05	 1392.51	 2688.88	    0.00	    0.00	    0.00	 2988.61	  143.92	  250.73	 1699.96	  599.99	  174.67
18	19	    0.02	    0.00	    0.00	    0.04	    0.02	    0.03	    0.00	    0.00	    0.32	 1456.71	  433.98	    0.00	    0.00	 1204.70	 2411.05	    0.00	  192.10	    0.00	 2985.16	    0.00	    0.00	    0.00	    0.00	    0.00
19	17	    0.00	    0.00	    0.00	    0.00	    0.00	    0.00	    0.00	    0.00	    0.00	    0.23	    0.09	    1.82	 1032.58	  707.42	 1311.36	    0.00	    0.15	    0.00	 1711.69	 7865.63	 1749.33	 2799.81	 1100.07	  725.33
19	18	    0.00	  100.09	    0.00	    0.00	    0.00	  200.25	 1099.21	 1698.58	    0.00	    0.00	    0.00	    0.00	   21.15	    0.01	    0.00	   44.84	    0.00	  599.65	    0.00	 4832.42	   95.90	    0.46	    0.19	   15.00
19	20	    0.00	    0.00	    0.00	    0.01	    0.08	  100.00	  631.43	  600.84	    0.06	    0.05	    0.02	    0.01	    0.03	    0.02	    0.04	 1500.55	  495.48	  200.94	   73.58	 2701.56	    0.00	    0.08	    0.03	    0.02
19	21	    0.00	   99.96	    0.00	    0.02	    0.01	  200.11	  700.06	  800.12	    0.06	    0.23	    0.05	    0.00	    0.00	    0.00	    0.18	 1699.83	    0.11	  399.97	    0.08	 3100.40	    0.19	    0.00	    0.00	    0.00
20	19	    0.05	    0.00	    0.00	    0.00	    0.00	    0.00	    0.00	    0.00	    0.00	    0.11	    0.14	  401.75	 1653.60	    0.28	    0.18	    0.00	    0.08	    0.00	    0.19	    0.00	 3045.42	    0.25	    2.46	 1140.10
20	21	  262.57	    0.03	   65.64	    0.20	    0.03	    0.04	    0.06	    0.08	    0.00	    0.00	    0.00	  459.66	 1464.23	    0.00	    0.00	    0.17	    0.00	    0.04	    0.00	    0.43	 4756.41	    0.00	    0.76	 1606.31
20	23	    0.00	    0.00	    0.00	    0.00	    0.00	    0.02	  431.37	  200.76	    0.03	  488.60	    0.00	    0.00	    0.00	    0.00	  685.90	  900.47	  213.08	  100.91	  253.23	 1501.13	 3198.16	 2332.22	    0.00	    0.00
21	14	    0.00	    0.00	    0.00	    0.00	    0.00	    0.00	    0.10	    0.10	    0.00	    0.00	    0.00	    0.16	  885.11	    0.00	    0.00	    0.20	    0.00	    0.05	    0.00	    0.57	 2954.05	10573.90	 2671.03	 1292.39
21	19	    0.00	    0.00	    0.00	    0.00	    0.00	    0.00	    0.00	    0.00	    0.00	    0.12	    0.10	    0.03	    0.11	    2.48	    0.35	    0.00	    0.00	    0.00	    0.00	    0.00	    0.00	 5200.10	 1797.83	    0.26
21	20	    0.01	    0.00	    0.00	    0.01	   96.47	    0.00	    0.00	    0.00	  299.95	 1688.60	    3.29	    0.00	    0.00	    0.92	 1486.04	    0.09	  317.67	    0.00	  579.84	    0.00	    0.00	 4132.39	    0.95	    0.00
21	22	    0.00	    0.00	    0.00	    0.00	    0.00	    0.15	  200.02	  300.10	  303.68	 1301.99	    0.00	    0.00	    0.00	    0.00	  978.27	  499.96	  469.17	   99.96	  310.55	  700.26	    2.55	 4493.61	    0.00	    0.00
22	13	    0.06	    0.02	    0.02	    0.02	    0.00	    0.02	    0.44	    0.86	    0.00	    0.00	    0.00	    0.13	  671.90	    0.00	    0.00	    1.07	    0.00	    0.22	    0.01	    1.55	  797.82	 1125.70	 4626.66	 1167.21
22	21	  137.44	    0.01	   34.36	    0.89	    0.02	    0.00	    0.00	    0.00	    0.00	    0.00	  397.58	  240.53	  720.99	  736.07	    0.00	    0.00	    0.00	    0.00	    0.00	    0.00	    0.00	    0.00	 6569.03	  786.35
22	23	    0.00	    0.00	    0.00	    0.01	    0.00	    0.01	    0.16	    0.12	    0.07	  311.46	  996.66	    0.00	    0.00	 1382.50	  408.49	    0.35	   86.97	    0.03	  144.36	    0.72	    0.28	 1268.00	 3304.31	    0.00
23	12	    0.00	    0.00	    0.00	    0.00	    0.00	    0.00	  330.95	    0.00	    0.00	    0.00	    0.00	    0.00	    0.00	  583.16	  694.39	  599.37	    0.05	  100.65	  297.60	 1099.84	 1202.90	 2500.13	 1902.06	 1800.06
23	20	  362.61	    0.03	   65.64	  200.18	    3.48	    0.06	    0.00	    0.00	    0.01	    0.06	  396.83	 1161.40	 3717.80	  399.34	    0.00	    0.00	    0.00	    0.00	    0.00	    0.00	    0.00	    0.00	  702.25	 3246.38
23	22	  437.44	    0.03	  134.36	    1.74	    0.34	    0.25	    0.58	    0.87	    0.00	    0.00	    0.06	  940.57	 2192.89	    0.00	    0.00	    1.46	    0.00	    0.29	    0.00	    2.02	 1495.55	    0.10	    0.00	 2653.56
