i	j	       0	       1	       2	       3	       4	       5	       6	       7	       8	       9	      10	      11	      12	      13	      14	      15	      16	      17	      18	      19	      20	      21	      22	      23
0	1	 1980.77	 4664.28	   24.77	 1930.31	    2.45	 3385.36	 1203.69	    0.00	 2407.36	  601.84	   49.54	   24.77	  300.00	    2.45	    0.00	 1655.08	    0.00	  320.97	    0.00	  697.12	    0.00	  356.11	    0.00	    0.00
0	2	 2154.92	 1842.13	  951.36	 2057.86	    0.00	  656.22	  323.24	   44.64	  123.83	  225.69	    0.00	    0.00	    0.00	    0.00	  628.48	 1128.46	    0.00	  249.74	    0.00	  400.20	    0.00	  427.33	    0.00	    0.00
1	0	  189.71	  990.77	    0.00	  114.48	  264.94	 1695.91	  522.32	  242.79	 1013.98	  300.92	    0.00	  411.35	    0.00	    0.00	    0.00	  423.98	   99.08	   32.16	   74.31	  156.92	    0.00	  131.23	    0.00	   64.17
1	5	  150.46	    0.00	    0.00	    0.00	  526.62	    0.00	 1203.69	 1880.77	 5040.44	 1805.52	    0.00	 1615.24	    0.00	    0.00	    0.00	 1314.32	    0.00	  329.97	    0.00	  630.89	    0.00	  516.02	    0.00	  359.21
2	0	   12.24	    0.00	   49.54	  173.38	  214.69	    0.00	  300.92	  538.86	  123.85	  848.61	 1615.01	 1027.97	  800.00	  139.74	  123.85	  740.21	    0.00	   93.38	    0.00	  243.84	   24.77	  421.59	   74.31	  227.07
2	3	 1280.37	  807.66	  758.45	    0.00	    0.00	    0.00	  376.15	  467.85	    0.00	  451.38	 1220.15	  232.44	 1727.26	  660.61	 2423.84	 2633.07	    0.00	  733.20	    0.00	 1034.12	   49.54	  997.11	    0.00	   49.54
2	11	  849.78	  388.73	  742.57	  359.01	   99.08	   99.08	  585.30	  554.05	    0.00	    0.00	  840.28	    0.00	    0.00	  647.79	  777.12	    0.00	 3143.14	 5959.73	 1725.83	    0.00	  665.00	    0.00	  213.62	    0.00
3	2	    0.00	  193.21	  795.05	  581.94	  175.83	   17.14	  905.22	  879.61	  148.62	    0.00	 1386.64	    0.00	    0.00	 1095.98	 1382.71	    0.00	    0.00	 3379.21	 3080.53	 4131.52	 2787.42	 2563.99	  380.09	    0.00
3	4	 1181.01	  624.13	  349.22	 2291.29	  400.64	    0.00	 1053.23	 1529.10	    0.00	    0.00	 2179.56	  510.72	 1127.26	  150.74	    0.00	    0.00	    0.00	  639.63	    0.00	 1091.01	    0.00	  671.27	 3109.23	 2364.13
3	10	   73.46	    0.00	    0.00	    0.00	 1051.45	    0.00	  480.91	 1758.05	    0.00	    0.00	 2660.81	  979.77	    0.00	  377.92	    0.00	    0.00	    0.00	    0.00	    0.00	    0.00	    0.00	    0.00	 4392.89	 1203.69
4	3	  150.46	    0.00	    0.00	    0.00	  826.29	  116.22	  101.53	  945.28	  999.08	  297.23	    0.00	  300.92	    0.00	    0.00	    0.00	  198.15	  123.85	   24.77	   44.64	   74.31	    0.00	    0.00	    0.00	  601.83
4	5	  372.12	    0.15	    0.11	  296.93	  522.55	 2802.82	    0.00	    0.00	 2351.43	    0.00	    0.00	 1066.49	  902.77	    0.00	    0.00	 1212.73	    0.00	  168.76	    0.00	  695.38	    0.00	  325.25	    0.00	  259.29
4	8	 1455.56	  599.21	  324.34	 2290.29	 1936.01	 2807.53	    0.00	    0.00	 1421.70	    0.00	    0.00	  476.17	   24.49	    0.00	    0.00	  414.50	    0.00	    0.00	    0.00	   51.74	    0.00	    0.00	    0.00	   88.63
5	1	   75.23	    0.00	    0.00	    0.00	  323.24	  329.63	  195.70	  718.02	  200.00	  148.62	    0.00	   75.23	    0.00	   22.32	   24.77	  222.92	  449.53	   24.77	   99.08	   99.08	    0.00	   24.77	    0.00	    0.00
5	4	   12.24	    0.00	    0.00	    0.00	  388.39	 1100.20	  209.03	  838.41	    0.00	    0.00	  897.73	  213.44	    0.00	   62.99	    0.00	  322.00	  607.62	   24.77	   66.96	   99.08	    0.00	    0.00	 1261.64	    0.00
5	7	    0.00	   91.62	  467.78	    0.00	    0.00	  452.63	  387.01	  445.85	    0.00	    0.00	 1047.70	    0.00	  752.31	  768.70	 1021.57	    0.00	  301.23	    0.00	 2467.34	    0.00	 1015.97	    0.00	  402.28	    0.00
6	7	    0.00	    0.00	    0.00	    0.00	  300.91	    0.00	  843.87	  511.78	    0.00	    0.00	  887.93	    0.00	   19.59	  150.46	    0.00	    0.00	   92.62	  148.62	  526.61	  495.38	  123.85	  198.15	 1137.46	   74.31
6	17	    0.00	   27.60	  102.83	    2.45	    0.00	  111.32	 2439.30	  915.47	    4.90	    0.00	  198.08	    0.00	    0.00	  102.83	  155.37	    0.00	  752.30	    0.00	  333.44	    0.00	  193.17	    0.00	   42.71	    0.00
7	5	   74.19	   98.93	   74.19	   98.93	  297.47	    0.00	  470.69	 1107.38	  148.62	  346.77	  500.07	   49.46	   49.54	  122.32	   74.31	  767.85	 1181.00	   74.31	  441.26	  272.46	   24.77	   74.31	  500.99	   24.77
7	6	   12.25	    4.90	  228.14	   12.25	    4.90	  210.40	    0.00	 1040.31	   19.59	    0.00	  225.69	    0.00	  400.00	  300.92	  236.04	    0.00	 1956.00	    0.00	  762.65	    0.00	  516.27	    0.00	   64.88	    0.00
7	8	    0.00	    0.00	    0.00	    0.00	   75.23	  150.46	   14.69	  198.15	    0.00	    0.00	    0.00	    0.00	    0.00	    0.00	    0.00	    0.00	  376.15	    0.00	   75.23	    0.00	    0.00	    0.00	   75.21	    0.00
7	15	    0.00	    0.00	    0.00	    0.00	  300.92	   44.08	    0.00	 2041.15	    0.00	    0.00	  300.91	    0.00	    0.00	   75.23	    0.00	    0.00	  601.85	    0.00	  225.69	    0.00	    0.00	    0.00	  451.38	    0.00
8	4	    0.00	    0.00	    0.00	    0.00	  225.69	    0.00	    0.00	    0.00	  670.61	  544.92	    0.00	   75.23	    0.00	    0.00	   49.54	    0.00	  242.83	    0.00	    2.45	    0.00	   24.77	   49.54	    0.00	    0.00
8	7	  300.97	  202.90	  126.18	  300.93	  292.14	  359.77	    0.00	    0.00	  575.67	   73.47	   29.39	   78.37	    9.80	    0.00	    0.00	    0.00	  150.46	    0.00	    0.00	    0.00	    0.00	    0.00	    0.00	    0.00
8	9	  698.44	  346.77	  173.38	 1709.36	  812.49	  835.37	    0.00	    0.00	 3126.10	    0.00	    0.00	    0.00	    0.00	    0.00	    0.00	    0.00	    0.00	    0.00	    0.00	    0.00	    0.00	    0.00	    0.00	    0.00
9	8	    0.00	    0.00	    0.00	    0.00	    0.00	    0.00	  133.92	    0.00	    0.00	 1311.93	  376.16	  133.92	  585.31	  148.62	  297.23	  346.77	  240.07	   49.54	  101.53	  148.62	   99.08	  222.92	  123.85	   49.54
9	10	    0.00	    0.00	    0.00	  582.22	  170.94	  146.17	  280.09	  332.08	  904.22	 3275.00	    0.00	    0.00	    0.00	    0.00	    0.00	  703.61	  421.08	   94.18	    0.00	    0.00	    0.00	    0.00	    0.00	    0.00
9	14	   19.59	    4.90	    2.45	  284.71	  131.19	  133.92	    0.00	    0.00	  556.89	 2279.54	    0.00	    0.00	    0.00	    0.00	    0.00	    0.00	    0.00	    0.00	    0.00	    0.00	    0.00	    0.00	    0.00	    0.00
9	15	  334.80	  178.56	   89.28	  513.37	  245.52	  357.12	    0.00	    0.00	  915.13	 4062.28	  937.45	  669.61	  853.15	    0.00	    0.00	    0.00	    0.00	    0.00	    0.00	    0.00	    0.00	    0.00	    0.00	    0.00
9	16	   22.04	   14.69	    7.35	   31.84	   17.14	    0.00	    0.00	    0.00	   56.33	  266.94	   73.47	   31.84	    0.00	    0.00	    0.00	    0.00	    0.00	    0.00	    0.00	    0.00	    0.00	    0.00	    0.00	    0.00
10	3	    0.00	    0.00	    0.00	    0.00	    0.00	    0.00	    0.00	    0.00	    0.00	    0.00	  495.38	    0.00	    0.00	  148.62	  123.85	    0.00	    0.00	    0.00	    4.90	    0.00	    0.00	   99.08	  148.62	    0.00
10	9	    0.00	    0.00	    0.00	    0.00	    0.00	    0.00	    0.00	    0.00	    0.00	    0.00	 2353.08	 1330.75	 3338.45	  668.77	    0.00	    0.00	    0.00	    0.00	    0.00	    0.00	    0.00	    0.00	    0.00	    0.00
10	11	    0.00	    0.00	    0.00	    0.00	    0.00	    0.00	  156.24	  133.92	  297.23	 1362.31	  842.15	    0.00	    0.00	  274.91	  290.16	  356.84	  173.38	   44.64	   66.96	    0.00	    0.00	    0.00	    0.00	    0.00
10	13	  252.87	   69.41	   47.09	  235.45	   47.09	   47.09	    0.00	    0.00	  260.22	  921.92	 1832.92	  396.59	    0.00	    0.00	    0.00	    0.00	    0.00	    0.00	    0.00	    0.00	    0.00	    0.00	    0.00	    0.00
11	2	    0.00	    0.00	    0.00	    0.00	    0.00	    0.00	    0.00	    0.00	    0.00	  396.31	  247.69	  356.29	 2627.26	  101.53	  148.62	   49.54	   24.77	    0.00	    0.00	    0.00	   74.31	  123.85	   99.08	   74.31
11	10	  376.72	  118.95	  121.40	    0.00	    0.00	    0.00	    0.00	    0.00	    0.00	    0.00	    0.00	 2074.11	 4338.45	    0.00	    0.00	    0.00	    0.00	    0.00	    0.00	    0.00	    0.00	    0.00	    0.00	    0.00
11	12	  423.53	  123.85	   74.31	  210.40	   49.54	   49.54	    0.00	    0.00	  148.62	  470.62	  247.69	 1012.53	    0.00	    0.00	    0.00	  133.92	    0.00	    0.00	    0.00	    0.00	    0.00	    0.00	    0.00	    0.00
12	11	    0.00	    0.00	    0.00	    0.00	    0.00	    0.00	   17.14	    0.00	    0.00	    0.00	    0.00	    0.00	 8265.71	    0.00	   31.84	    0.00	    0.00	    4.90	    7.35	  123.85	  148.62	  297.23	  272.46	  198.15
12	23	  299.68	   49.54	   49.54	   61.78	    0.00	    0.00	    0.00	    0.00	    0.00	    0.00	    0.00	  690.53	 6334.29	    0.00	    0.00	    0.00	    0.00	    0.00	    0.00	    0.00	    0.00	    0.00	    0.00	    0.00
13	10	    0.00	    0.00	    0.00	    0.00	    0.00	    0.00	    0.00	    0.00	    0.00	    0.00	    0.00	    0.00	    0.00	 1488.60	  760.78	    0.00	    0.00	    0.00	  170.94	  148.62	   99.08	  371.54	  470.62	  148.62
13	14	  178.56	   44.64	   22.32	    0.00	    0.00	    0.00	    0.00	    0.00	    0.00	    0.00	  839.98	  223.20	    0.00	 1355.24	    0.00	    0.00	    0.00	    0.00	    0.00	    0.00	    0.00	    0.00	    0.00	    0.00
13	22	    0.00	    0.00	    0.00	  111.60	   22.32	   22.32	    0.00	    0.00	  111.60	  401.76	  596.63	    0.00	    0.00	  648.62	    0.00	    0.00	    0.00	    0.00	    0.00	    0.00	    0.00	    0.00	    0.00	    0.00
14	9	    0.00	    0.00	    0.00	    0.00	    0.00	    0.00	    0.00	    0.00	    0.00	    0.00	    0.00	    0.00	    0.00	    0.00	 1288.00	    0.00	    0.00	    0.00	   56.33	    1.17	  396.31	  866.92	  569.69	  247.69
14	13	    0.00	    0.00	    0.00	    0.00	    0.00	    0.00	   49.54	   99.08	    0.00	    0.00	    0.00	    0.00	    0.00	    0.00	 1082.78	  173.38	  173.38	   24.77	  245.24	  272.46	    0.00	    0.00	    0.00	    0.00
14	18	   74.31	   24.77	    0.00	   12.25	    4.90	    0.00	    0.00	    0.00	   24.49	  105.31	  247.69	   74.31	  800.00	  765.40	 1535.69	    0.00	    0.00	    0.00	    0.00	    0.00	  381.61	 1015.54	  346.77	  166.04
14	21	    0.00	    0.00	    0.00	  148.62	   76.76	   89.28	    0.00	    0.00	  309.48	 1183.47	  245.52	    0.00	    0.00	  267.84	 1394.15	  658.13	  916.46	    0.00	  577.04	    0.00	    0.00	    0.00	    0.00	    0.00
15	7	    0.00	    0.00	    0.00	    0.00	    0.00	    0.00	    0.00	    0.00	    0.00	  669.61	  267.84	  178.56	  267.84	  146.17	  222.92	 1312.77	  775.47	    0.00	  388.96	    0.00	    0.00	    0.00	    0.00	    0.00
15	9	    0.00	    0.00	    0.00	    0.00	    0.00	    0.00	  884.62	  728.38	    0.00	    0.00	    0.00	    0.00	    0.00	    0.00	    0.00	 2140.23	 1450.82	  317.10	  491.05	  766.67	    0.00	    0.00	    0.00	    0.00
15	16	   89.28	   44.64	   22.32	  156.24	   66.96	  178.28	  520.15	  767.85	  290.16	 1272.25	  223.20	  133.92	    0.00	    0.00	    0.00	 2144.28	    0.00	  297.23	    0.00	    0.00	    0.00	    0.00	    0.00	    0.00
15	17	  133.92	   44.64	   22.32	  178.56	   66.96	    0.00	    0.00	    0.00	  312.48	 1202.01	  148.62	  200.88	    0.00	   66.96	  156.24	  867.49	  396.31	    0.00	  156.24	    0.00	    0.00	    0.00	    0.00	    0.00
16	9	    0.00	    0.00	    0.00	    0.00	    0.00	    0.00	    0.00	    0.00	    0.00	    0.00	    0.00	    0.00	    0.00	    0.00	    0.00	    0.00	  176.33	    0.00	    0.00	    0.00	    0.00	    0.00	    0.00	    0.00
16	15	   12.25	    9.80	    4.90	   19.59	   12.25	    0.00	    0.00	    0.00	   34.29	  171.43	   48.98	   17.14	    0.00	  386.51	  676.40	    0.00	 3316.13	    0.00	 1358.25	    0.00	  133.92	  297.23	  123.85	   66.96
16	18	    0.00	    0.00	    0.00	   44.64	   22.32	   54.44	  272.46	  421.08	   89.28	  401.76	    0.00	    0.00	    0.00	    0.00	    0.00	 1450.74	 2303.54	  148.62	    0.00	    0.00	    0.00	    0.00	    0.00	    0.00
17	6	  111.60	   44.64	   22.32	   89.28	   44.64	    0.00	    0.00	    0.00	  133.92	  470.62	  123.85	  173.38	   19.59	   49.54	  123.85	  346.77	  247.69	  198.15	   99.08	  619.23	  173.38	  322.00	  148.62	   99.08
17	15	    0.00	    0.00	    0.00	    0.00	    0.00	    0.00	 1751.55	    0.00	    0.00	    0.00	    0.00	    0.00	   14.69	    0.00	    0.00	    0.00	    0.00	  738.18	    0.00	 1162.98	   14.69	    0.00	    0.00	    7.35
17	19	    0.00	    0.00	    0.00	   66.96	   22.32	   86.55	  487.76	  718.31	  133.92	  558.01	    0.00	    0.00	    0.00	    0.00	    0.00	  396.88	    0.00	  252.59	    0.00	    0.00	    0.00	    0.00	    0.00	    0.00
18	14	    0.00	    0.00	    0.00	    0.00	    0.00	    4.90	  173.38	  247.69	    0.00	    0.00	    0.00	    0.00	    0.00	    0.00	    0.00	 1128.74	 1461.39	   74.31	 1076.76	  546.10	    0.00	    0.00	    0.00	    0.00
18	16	    0.00	    0.00	    0.00	    0.00	    0.00	    0.00	    0.00	    0.00	    0.00	    0.00	    0.00	    0.00	  500.00	  559.90	 1047.93	    0.00	    0.00	    0.00	 1779.32	  421.08	  282.54	  718.31	  272.46	  141.27
18	19	    0.00	    0.00	    0.00	    7.35	    2.45	    0.00	    0.00	    0.00	   14.69	   61.23	  148.62	    0.00	    0.00	  131.19	  289.60	    0.00	  421.08	    0.00	  314.37	    0.00	    0.00	    0.00	    0.00	    0.00
19	17	    2.45	    0.00	    0.00	    0.00	    0.00	    0.00	    0.00	    0.00	    0.00	    0.00	    0.00	   22.04	  134.29	    7.35	   17.14	    0.00	    0.00	    0.00	   17.14	 1881.29	  212.85	  396.31	  173.38	  106.42
19	18	    0.00	    0.00	    0.00	    0.00	    0.00	    0.00	    0.00	    0.00	    0.00	    0.00	    0.00	    0.00	    0.00	    0.00	    0.00	    0.00	    0.00	    0.00	    0.00	 1264.41	    0.00	    0.00	    0.00	    0.00
19	20	    0.00	    0.00	    0.00	    0.00	    0.00	    4.90	  190.53	  297.23	    0.00	    0.00	    0.00	    0.00	    0.00	    0.00	    0.00	    0.57	    0.00	   54.44	    0.00	  668.77	    0.00	    0.00	    0.00	    0.00
19	21	    0.00	    0.00	    0.00	    0.00	    0.00	    7.35	  173.38	  198.15	    0.00	    0.00	    0.00	    0.00	    0.00	    0.00	    0.00	    0.00	    0.00	   99.08	    0.00	  767.85	    0.00	    0.00	    0.00	    0.00
20	19	   76.76	   24.77	    0.00	    0.00	    0.00	    0.00	    0.00	    0.00	    0.00	    0.00	    0.00	  121.12	  734.29	    0.00	    0.00	    0.00	    0.00	    0.00	    0.00	    0.00	  510.08	    0.00	    0.00	  205.50
20	21	   89.28	   22.32	   22.32	    0.00	    0.00	    0.00	    0.00	    0.00	    0.00	    0.00	    0.00	  156.24	 2731.43	    0.00	    0.00	    0.00	    0.00	    0.00	    0.00	    0.00	 1421.92	    0.00	    0.00	  714.25
20	23	    0.00	    0.00	    0.00	    0.00	    0.00	   24.77	  140.99	  198.15	   49.54	  198.15	    0.00	    0.00	    0.00	    0.00	  304.30	   89.00	  198.15	   29.67	  106.42	  371.54	  792.62	  891.69	    0.00	    0.00
21	14	    0.00	    0.00	    0.00	    0.00	    0.00	    0.00	    0.00	    0.00	    0.00	    0.00	    0.00	   24.49	 1500.00	    0.00	    0.00	    0.00	    0.00	    0.00	    0.00	    0.00	  976.08	 2526.46	 1164.15	  512.81
21	19	    0.00	    0.00	    0.00	    0.00	    0.00	    0.00	    0.00	    0.00	    0.00	    0.00	    0.00	    0.00	    0.00	    0.00	    0.00	    0.00	    0.00	    0.00	    0.00	    0.00	    0.00	  990.77	  346.77	    0.00
21	20	    0.00	    0.00	    0.00	   49.54	   24.77	   44.64	    0.00	    0.00	  123.85	  495.38	    9.64	    0.00	    0.00	    9.64	  502.45	  237.05	  346.77	    0.00	  205.50	    0.00	    0.00	 1337.54	   16.88	    0.00
21	22	    0.00	    0.00	    0.00	    0.00	    2.45	    2.45	   49.54	   74.31	   12.25	   44.08	    0.00	    0.00	    0.00	    0.00	  247.69	  123.85	  148.62	   24.77	   74.31	  173.38	    0.00	 1188.92	    0.00	    0.00
22	13	    0.00	    0.00	    0.00	    0.00	    0.00	    0.00	    0.00	    0.00	    0.00	    0.00	    0.00	    0.00	  600.00	    0.00	    0.00	    0.00	    0.00	    0.00	    0.00	    0.00	  198.15	  668.77	  743.08	  247.69
22	21	    9.80	    2.45	    2.45	    0.00	    0.00	    0.00	    0.00	    0.00	    0.00	    0.00	   36.58	   41.63	   68.57	   39.03	    0.00	    0.00	    0.00	    0.00	    0.00	    0.00	    0.00	    0.00	 2047.96	   71.02
22	23	    0.00	    0.00	    0.00	    0.00	    0.00	    0.00	    0.00	    0.00	    0.00	    0.00	  238.05	    0.00	    0.00	  337.12	    0.00	    0.00	    0.00	    0.00	    0.00	    0.00	    0.00	    0.00	  800.51	    0.00
23	12	    0.00	    0.00	    0.00	    0.00	    0.00	    0.00	  116.22	  148.62	    0.00	    0.00	    0.00	    0.00	    0.00	  148.62	  205.22	   14.69	  123.85	   29.67	   81.65	  272.46	  297.23	  619.23	  470.62	  371.54
23	20	  190.81	   47.09	   22.32	    0.00	    0.00	    0.00	    0.00	    0.00	    0.00	    0.00	   89.43	  351.67	 4065.71	   89.43	    0.00	    0.00	    0.00	    0.00	    0.00	    0.00	    0.00	    0.00	  156.51	 1043.59
23	22	   84.10	    2.45	   27.22	   12.25	    0.00	    0.00	    0.00	    0.00	    0.00	    0.00	    0.00	  215.02	 1468.57	    0.00	    0.00	    0.00	    0.00	    0.00	    0.00	    0.00	  371.54	    0.00	    0.00	  492.10
