i	j	o23d9l42
0	1	 4494.72
0	2	 8118.64
1	0	 4519.19
1	5	 5967.02
2	0	 8094.17
2	3	14022.02
2	11	10040.43
3	2	14046.34
3	4	18021.00
3	10	 5209.60
4	3	18045.24
4	5	 8797.54
4	8	15788.22
5	1	 5991.49
5	4	 8805.79
5	7	12492.68
6	7	12102.24
6	17	15808.03
7	5	12525.40
7	6	12042.39
7	8	 6880.41
7	15	 8384.99
8	4	15804.22
8	7	 6834.19
8	9	21750.88
9	8	21820.66
9	10	17729.53
9	14	23128.79
9	15	11046.69
9	16	 8100.19
10	3	 5309.68
10	9	17607.12
10	11	 8365.15
10	13	 9779.30
11	2	 9991.64
11	10	 8404.34
11	12	12305.12
12	11	12395.52
12	23	11120.35
13	10	 9817.77
13	14	 9033.97
13	22	 8397.85
14	9	23197.26
14	13	 9077.08
14	18	19085.27
14	21	18400.43
15	7	 8404.06
15	9	11070.04
15	16	11685.75
15	17	15295.89
16	9	 8100.56
16	15	11675.18
16	18	 9951.25
17	6	15867.88
17	15	15348.89
17	19	18999.13
18	14	19118.80
18	16	 9941.04
18	19	 8681.36
19	17	19011.99
19	18	 8704.69
19	20	 6307.23
19	21	 7002.27
20	19	 6243.05
20	21	 8619.05
20	23	10306.24
21	14	18378.48
21	19	 7002.63
21	20	 8604.93
21	22	 9657.87
22	13	 8393.22
22	21	 9622.17
22	23	 7899.77
23	12	11110.75
23	20	10256.18
23	22	 7859.43
