i	j	       0	       1	       2	       3	       4	       5	       6	       7	       8	       9	      10	      11	      12	      13	      14	      15	      16	      17	      18	      19	      20	      21	      22	      23
0	1	 2599.81	    0.00	  276.54	  200.02	   12.95	    0.00	    0.01	  400.00	   25.89	   77.73	  200.02	  487.10	  468.53	  100.00	   13.01	    0.02	    0.03	    0.00	    0.01	    0.00	    0.01	    0.10	    0.15	   30.95
0	2	 6200.19	 1198.71	    0.00	    0.00	    0.00	  301.10	  218.94	  373.66	    0.00	    0.00	    0.00	    0.00	    0.00	    0.00	    0.00	  171.94	    0.00	   53.28	    0.00	    0.02	    0.00	    0.00	    0.00	    0.00
1	0	    0.00	 1298.71	    0.00	    0.00	    0.00	  601.10	  718.92	 1173.63	    0.00	    0.00	    0.00	    0.00	    0.00	    0.00	    0.00	  671.92	    0.20	  153.27	    0.03	  299.98	    0.00	    0.02	    0.00	    0.00
1	5	 2499.81	 2701.29	  176.54	    0.03	    0.00	    0.00	    0.00	    0.00	    0.00	    0.00	    0.03	  387.10	  168.53	    0.01	    0.00	    0.00	    0.00	    0.00	    0.00	    0.00	    0.01	    0.03	    0.15	   30.95
2	0	    0.00	    0.00	  376.54	  700.02	  212.95	    0.00	    0.03	  400.03	  525.89	 1377.73	  700.02	  687.10	  968.53	  400.00	  513.01	    0.04	  399.84	    0.00	  299.99	    0.04	  100.00	  400.09	  300.15	  130.95
2	3	 4500.19	  698.58	 1923.44	    0.00	    0.00	    0.03	    0.00	    0.00	    0.00	    0.00	    0.00	 3738.93	 2485.18	    0.08	    0.00	    0.00	    0.00	    0.00	    0.00	    0.00	  202.52	    0.02	    3.23	  468.80
2	11	 1599.99	  400.13	  500.03	 1601.40	  402.57	  500.37	  774.07	 1200.00	 1399.22	  648.32	    1.03	    0.00	    0.00	    0.17	   43.58	  564.76	  182.86	  199.57	   18.68	    0.17	    0.00	    0.09	    0.09	    0.00
3	2	    0.00	    0.00	    0.00	 2501.41	  715.52	  499.31	  655.16	 1426.37	 2025.11	 2326.05	 1000.38	    0.00	    0.00	  499.78	  656.54	  592.85	  682.70	  146.30	  318.66	    0.16	    0.02	    0.19	    0.17	    0.01
3	4	 3198.80	  198.41	 1323.24	 6697.43	    0.00	    0.00	    0.00	    0.00	    0.00	    0.10	  905.12	 3138.70	 1885.05	  200.09	    0.06	    0.00	    0.01	    0.00	    0.02	    0.00	    2.57	    0.05	  199.91	  268.85
3	10	  801.40	  300.22	  400.19	 2401.15	  699.90	  599.73	    0.13	    5.91	    0.41	    0.16	    0.00	    0.23	    0.13	    0.06	    0.05	    0.11	    0.04	    0.02	    0.02	    0.02	    0.02	    0.04	    0.05	    0.02
4	3	    0.00	    0.04	    0.00	    0.00	 1915.42	 1499.00	 1055.29	 2132.28	 2725.52	 3525.88	    0.00	    0.00	    0.00	    0.00	 1153.94	 1392.96	 1182.41	  246.31	  517.55	  300.19	    0.03	  399.06	    0.00	    0.00
4	5	    0.00	    0.00	  520.15	 2127.39	 1261.66	    0.00	    0.02	    0.03	  574.25	 1322.22	  404.61	 1459.87	  571.18	  100.02	  286.62	    0.04	    0.04	    0.00	    0.04	    0.01	    0.01	    0.00	   99.84	   69.04
4	8	 2998.80	  899.81	  703.10	 4070.04	 2922.92	 1400.06	    0.02	    0.10	    0.00	    0.00	    0.52	 1478.82	 1113.87	    0.08	    0.00	    0.06	    0.00	    0.01	    0.00	    0.02	    0.00	    0.00	    0.07	  199.81
5	1	    0.00	    0.00	    0.00	    0.02	   87.05	 1001.10	  918.91	 1173.63	  174.11	  522.27	    0.02	    0.00	    0.00	    0.01	   86.99	 1071.91	  200.16	  153.27	  100.01	  399.98	    0.00	   99.94	    0.00	    0.00
5	4	    0.00	  801.45	    0.00	    0.00	    0.00	 3099.06	  968.44	 2011.92	    0.00	    0.00	    0.00	    0.00	    0.00	    0.00	    0.00	 1431.08	    0.09	  188.30	    0.03	  305.70	    0.00	    0.00	    0.00	    0.00
5	7	 2199.81	 1499.85	  396.68	 1727.41	  974.61	 3499.85	    0.00	    0.00	    0.14	    0.06	    4.62	 1646.98	  539.70	    0.02	    0.00	    0.00	    0.00	    0.00	    0.00	    0.00	    0.00	    0.00	    0.00	    0.00
6	7	    0.00	    0.00	    0.00	    0.00	    0.00	    0.00	 4175.99	    0.00	    0.00	    0.00	    0.00	    0.00	    0.00	  399.88	  599.95	  389.54	  139.49	  999.81	  999.32	 2600.02	  500.21	  799.93	  299.98	  199.99
6	17	  429.45	  335.18	    8.60	  432.76	  120.54	  982.34	 7924.01	 4511.60	  830.09	    0.63	    0.12	  220.41	    0.15	    0.00	    0.00	    0.00	    0.02	    0.00	    0.00	    0.00	    0.00	    0.00	    0.00	    0.00
7	5	    0.00	    0.00	    0.00	    0.00	    0.00	    0.00	 2287.33	 3985.52	    0.00	    0.12	    0.00	    0.00	    0.00	    0.00	    0.37	 3402.95	  700.22	  441.57	  300.00	 1005.66	   99.99	  299.91	    0.00	    0.01
7	6	  929.45	  535.18	  108.60	  832.76	  320.54	 1382.34	    0.00	 5511.60	 1430.04	    6.42	    1.69	  920.35	   60.50	    0.00	    0.00	    0.00	    0.10	    0.00	    0.00	    0.00	    0.00	    0.00	    0.00	    0.00
7	8	    0.00	    0.00	    0.00	    0.00	    0.00	    0.00	  888.66	 3814.41	    0.00	    0.00	    0.00	    0.00	    0.00	    0.00	    0.00	 1227.19	    0.00	  258.36	    0.00	  694.69	    0.26	    0.09	    0.00	    0.00
7	15	  470.73	  564.70	  172.93	  681.85	  426.14	 1317.60	    0.00	 3388.47	  884.43	    0.00	    0.06	  480.10	    0.28	    0.00	    0.00	    0.00	    0.00	    0.00	    0.00	    0.00	    0.00	    0.00	    0.00	    0.00
8	4	    0.00	    0.00	    0.00	    0.00	    0.00	    0.00	  286.89	  620.48	 4099.77	 5847.99	    0.00	    0.00	    0.00	    0.00	 1640.49	  461.97	 1382.34	   58.03	  617.54	   94.52	   97.46	  599.02	    0.00	    0.00
8	7	    0.36	    0.04	   84.84	  487.21	  272.07	    0.09	    0.00	    0.00	 3114.33	 1606.22	  797.13	  353.47	  121.08	    0.00	    0.00	    0.00	    0.22	    0.00	    0.00	    0.00	    0.00	    0.00	    0.00	    0.00
8	9	 2498.43	  699.77	  518.25	 2882.84	 1850.85	  999.97	    1.84	 2394.02	 8985.90	    0.00	    0.00	  525.40	  392.85	    0.00	    0.00	    0.24	    0.00	    0.36	    0.00	    0.33	    0.16	    0.00	    0.00	    0.00
9	8	    0.00	    0.00	    0.00	    0.00	    0.00	    0.00	    0.05	    0.00	    0.00	10254.21	 2196.61	    0.05	    0.05	  599.93	 2640.49	  634.96	 2282.56	    0.02	 1017.54	    0.14	  397.35	 1298.92	  499.93	    0.19
9	10	    0.00	    0.00	    0.00	    0.00	    0.00	    0.00	  499.87	  794.11	 1717.19	 8423.37	    0.00	    0.00	    0.00	    0.00	 1302.43	 1535.24	 1917.08	  200.02	  431.21	  424.06	    1.70	  479.57	    0.00	    0.00
9	14	  799.22	   99.97	   99.90	 1098.01	  597.46	  200.00	    0.00	    0.00	 3083.11	14584.32	 1910.97	  648.21	    5.55	    0.00	    0.00	    0.00	    0.77	    0.00	    0.00	    0.00	    0.00	    0.00	    0.00	    0.00
9	15	    0.00	    0.00	   18.48	   85.48	   53.42	    0.00	    0.00	    0.00	  485.75	 8037.37	 2167.61	  198.79	    0.27	    0.00	    0.00	    0.00	    0.00	    0.00	    0.00	    0.00	    0.00	    0.00	    0.00	    0.00
9	16	  399.80	    0.02	   99.98	  499.91	  199.97	    0.04	    0.08	    0.11	  899.85	 3900.73	  999.78	  599.82	  499.85	    0.06	    0.12	    0.11	    0.00	    0.05	    0.07	    0.14	    0.05	    0.14	    0.05	    0.02
10	3	    0.00	    0.00	    0.00	    0.00	    0.00	    0.00	    0.00	    0.00	    0.00	    0.43	 3405.51	    0.00	    0.00	 1199.86	    2.72	    0.00	    0.34	    0.00	    1.15	    0.00	    0.05	    1.19	  696.90	    0.08
10	9	    0.59	    0.17	    0.12	    0.57	    0.00	    0.00	    0.00	    0.00	    0.00	    0.00	11174.97	 2921.47	 2012.88	 1122.17	    0.00	    0.00	    0.00	    0.00	    0.00	    0.00	    0.00	    0.00	  327.70	   45.73
10	11	    0.00	    0.00	    0.00	    0.00	    0.00	    0.00	    0.00	    0.00	    0.10	 3251.68	 2400.88	    0.00	    0.00	  713.89	  661.06	  135.53	  917.10	    0.06	  283.29	    0.00	    0.00	    0.04	    0.04	    0.00
10	13	  300.91	  100.09	  100.13	 1000.66	  199.92	  199.79	    0.00	    0.02	  317.49	 1171.42	 5318.64	 1051.02	   19.98	    0.00	    0.00	    0.00	    0.04	    0.00	    0.00	    0.00	    0.00	    0.00	    0.00	    0.00
11	2	    0.00	    0.00	    0.00	    0.00	    0.00	    0.00	    0.00	    0.00	    0.00	    0.00	    0.66	 4626.03	 3553.71	    0.47	    0.05	    0.00	    0.00	    0.00	    0.00	    0.03	  302.51	  500.02	  403.30	  599.74
11	10	    0.10	    0.04	    0.05	    0.08	    0.02	    0.06	    0.00	    0.00	    0.00	    0.00	    0.00	 5372.26	 3032.72	    0.00	    0.00	    0.00	    0.00	    0.00	    0.00	    0.00	    0.03	    0.00	    0.00	    0.66
11	12	 1399.89	  300.09	  299.98	 1001.32	  202.55	  300.31	   74.13	  600.00	  799.32	 1900.00	 1001.24	 3901.71	    0.00	   14.38	    4.59	    0.35	  499.96	    0.03	    1.97	    0.03	    0.00	    0.00	    0.00	    0.00
12	11	    0.00	    0.00	    0.00	    0.00	    0.00	    0.00	    0.06	    0.00	    0.00	    0.00	    0.00	    0.00	 7886.43	    0.79	    0.00	    0.06	    0.00	    0.39	    0.00	  499.89	  602.55	 1199.89	 1103.17	 1100.40
12	23	  899.89	    0.09	  199.98	  401.32	    2.55	  100.31	    0.00	    0.00	  199.32	    0.00	    1.24	 2601.71	 6713.57	    0.00	    0.00	    0.00	    0.00	    0.00	    0.00	    0.00	    0.00	    0.00	    0.00	    0.00
13	10	    0.00	    0.00	    0.00	    0.00	    0.00	    0.00	    0.00	    0.00	    0.00	    0.00	    0.00	    0.00	    0.00	 4635.85	  761.29	    0.18	    0.35	    0.03	  253.22	  175.92	  398.30	  621.61	 2324.59	  645.12
13	14	    0.80	    0.08	    0.10	    0.94	    0.06	    0.06	    0.00	    0.00	    0.00	    0.00	 1049.82	  351.29	   91.64	 6229.72	    0.00	    0.00	    0.00	    0.00	    0.00	    0.00	    0.00	    0.00	 1187.34	  123.91
13	22	    0.12	    0.01	    0.03	  499.75	   99.87	   99.73	    0.00	    0.00	  191.97	  810.41	 2668.89	    0.29	    0.35	 3234.43	  438.87	    0.00	  216.26	    0.00	  137.11	    0.00	    0.00	    0.00	    0.00	    0.00
14	9	    0.00	    0.00	    0.00	    0.00	    0.00	    0.00	    0.00	    0.00	    0.00	    0.00	    0.00	    0.00	    0.00	 1577.81	 7943.04	    0.28	    2.54	    0.05	 3248.63	 1718.00	 1598.95	 4378.63	 1972.29	  754.49
14	13	    0.00	    0.00	    0.00	    0.00	    0.00	    0.00	  199.60	  399.20	  474.48	 1738.99	    0.06	    0.00	    0.00	    0.00	 2500.16	  700.06	  916.57	   99.80	  690.31	  674.82	    0.76	  683.88	    0.00	    0.00
14	18	  300.03	    0.09	    0.01	  200.06	  100.02	    0.14	    0.02	    0.03	  400.13	 3255.79	  830.23	  300.13	  279.90	 2896.79	 5900.14	    0.05	    0.39	    0.01	    0.00	    0.05	  564.59	 2899.92	  899.98	  255.42
14	21	    0.00	    0.00	    0.00	  398.88	  297.49	    0.00	    0.00	    0.00	 1308.50	 5589.54	  730.50	    0.00	    0.00	  455.12	 5056.65	    0.22	 2486.83	    0.00	 2082.29	    0.00	    0.00	    0.00	    0.00	    0.00
15	7	    0.00	    0.00	    0.00	    0.00	    0.00	    0.00	    0.00	    0.00	    0.00	    0.25	    0.00	    0.00	    0.00	    0.10	    0.42	 6440.61	 1960.61	    0.11	    0.68	    0.33	    0.04	    0.07	    0.03	    0.02
15	9	    0.00	    0.05	    0.00	    0.00	    0.00	    0.07	 2397.97	    0.20	    0.00	    0.00	    0.00	    0.00	    0.00	    0.00	    0.00	 6567.39	    0.54	  899.60	    0.19	 1205.83	    0.00	    0.00	    0.00	    0.00
15	16	    0.19	  199.98	    0.01	    0.06	    0.03	  499.99	 1000.31	 1400.23	    0.11	    0.48	    0.08	    0.05	    0.00	    0.00	    0.00	 5963.34	    0.00	  600.15	    0.00	 1545.77	  346.08	    0.00	    0.00	  130.80
15	17	    0.02	    0.00	    0.00	    0.02	    0.00	    0.02	    0.00	    0.14	    0.38	 3638.38	  767.96	    0.12	    0.00	    0.03	    0.38	 7128.67	 3750.14	    0.00	    0.38	    0.00	    0.00	    0.00	    0.00	    0.00
16	9	    0.00	    0.00	    0.00	    0.00	    0.00	    0.00	    0.18	    0.00	    0.00	    0.00	    0.00	    0.00	    0.00	    0.00	    0.00	    2.40	 8097.33	    0.08	    0.00	    0.18	    0.00	    0.00	    0.00	    0.00
16	15	    0.00	    0.00	    0.00	    0.00	    0.00	    0.00	    0.00	    0.00	    0.00	    1.39	    0.27	    0.00	    0.00	  690.65	 1186.23	    0.00	 8511.19	    0.00	 1285.53	    0.00	    0.05	    0.10	    0.04	    0.03
16	18	    0.03	    0.02	    0.00	    0.02	    0.01	    0.03	    0.21	    0.34	    0.03	    0.15	    0.00	    0.00	    0.00	    0.00	    0.00	 3161.04	 6791.48	    0.12	    0.00	    0.00	    0.00	    0.00	    0.00	    0.00
17	6	    0.00	    0.00	    0.00	    0.00	    0.00	    0.00	    0.00	    0.00	    0.05	 1894.21	  498.43	    0.06	  339.65	  599.88	 1099.95	 1789.54	 1139.41	 1199.81	 1399.32	 3100.02	  700.21	 1299.93	  499.98	  299.99
17	15	   29.47	   35.34	    8.60	   32.74	   20.47	   82.49	 4798.29	  212.10	   30.30	    0.35	    0.11	   21.28	  599.45	    9.47	   14.57	    0.00	    0.11	 1999.86	   15.72	 4351.93	  946.07	 1199.97	  499.99	  430.80
17	19	  299.99	  299.85	    0.00	  300.03	  100.08	  799.87	 2925.72	 3999.64	  600.11	 1044.64	  169.56	    0.16	    0.08	    0.00	    0.00	 4839.13	 2010.78	 1600.33	    0.00	    0.00	    0.00	    0.00	    0.00	    0.00
18	14	    0.00	    0.04	    0.00	    0.00	    0.00	    0.07	  699.56	  999.16	    0.00	    0.00	    0.00	    0.00	    0.00	    0.00	    0.00	 1900.46	 4905.57	  299.84	 6821.23	 3492.44	    0.15	    0.36	    0.15	    0.07
18	16	    0.03	    0.02	    0.01	    0.04	    0.02	    0.00	    0.00	    0.00	    0.08	    0.34	    0.40	    0.13	    0.15	 1390.60	 2686.11	    0.00	    0.00	    0.00	 2985.46	  154.27	  253.92	 1699.97	  599.99	  169.20
18	19	    0.02	    0.00	    0.00	    0.04	    0.02	    0.02	    0.00	    0.00	    0.09	 1455.61	  429.83	    0.00	    0.00	 1206.20	 2414.03	    0.00	  186.30	    0.00	 2993.31	    0.00	    0.00	    0.00	    0.00	    0.00
19	17	    0.00	    0.00	    0.00	    0.00	    0.00	    0.00	    0.00	    0.00	    0.00	    0.20	    0.01	    0.97	 1039.03	  709.32	 1314.14	    0.00	    0.13	    0.00	 1714.66	 7851.95	 1746.28	 2799.90	 1099.96	  730.79
19	18	    0.00	   99.95	    0.00	    0.00	    0.00	  199.93	 1099.33	 1698.79	    0.00	    0.00	    0.00	    0.00	   20.25	    0.01	    0.00	   39.37	    0.00	  599.71	    0.00	 4846.66	   89.48	    0.41	    0.16	   13.85
19	20	    0.00	    0.00	    0.00	    0.05	    0.09	  100.01	  626.13	  600.27	    0.15	    0.05	    0.02	    0.01	    0.02	    0.02	    0.03	 1500.10	  496.92	  200.48	   78.75	 2700.56	    0.00	    0.07	    0.03	    0.02
19	21	    0.00	   99.90	    0.00	    0.02	    0.01	  199.96	  700.26	  800.58	    0.05	    0.20	    0.04	    0.00	    0.00	    0.00	    0.16	 1699.66	    0.10	  400.14	    0.07	 3100.82	    0.17	    0.00	    0.00	    0.00
20	19	    0.00	    0.00	    0.00	    0.00	    0.00	    0.00	    0.00	    0.00	    0.00	    0.10	    0.02	  400.80	 1659.12	    0.08	    0.16	    0.00	    0.07	    0.00	    0.17	    0.00	 3035.94	    0.23	    1.78	 1144.36
20	21	  261.87	    0.08	   65.47	    0.28	    0.00	    0.03	    0.06	    0.07	    0.00	    0.00	    0.00	  458.90	 1463.26	    0.00	    0.00	    0.15	    0.00	    0.03	    0.00	    0.39	 4764.17	    0.00	    0.00	 1602.03
20	23	    0.00	    0.00	    0.00	    0.00	    0.00	    0.02	  426.07	  200.20	    0.37	  486.29	    0.00	    0.00	    0.00	    0.00	  686.45	  900.03	  211.14	  100.45	  254.45	 1500.18	 3199.90	 2340.83	    0.00	    0.00
21	14	    0.00	    0.00	    0.00	    0.00	    0.00	    0.00	    0.06	    0.08	    0.00	    0.00	    0.00	    0.62	  882.70	    0.00	    0.00	    0.15	    0.00	    0.03	    0.00	    0.43	 2964.15	10562.07	 2684.77	 1285.93
21	19	    0.00	    0.00	    0.00	    0.00	    0.00	    0.00	    0.00	    0.00	    0.00	    0.10	    0.67	    0.03	    0.10	    3.07	    0.14	    0.00	    0.00	    0.00	    0.00	    0.00	    0.00	 5200.16	 1798.37	    0.30
21	20	    0.01	    0.00	    0.00	    0.09	   97.61	    0.00	    0.00	    0.00	  300.22	 1686.34	    1.95	    0.04	    0.08	    0.67	 1486.58	    0.08	  314.29	    0.00	  575.88	    0.00	    0.00	 4140.99	    0.73	    0.00
21	22	    0.00	    0.00	    0.00	    0.00	    0.00	    0.01	  200.26	  300.57	  308.33	 1303.30	    0.00	    0.00	    0.00	    0.00	  970.09	  499.80	  472.64	  100.15	  306.48	  700.78	    0.18	 4496.79	    0.00	    0.00
22	13	    0.01	    0.00	    0.00	    0.02	    0.00	    0.00	    0.40	    0.77	    0.00	    0.00	    0.00	    0.56	  672.02	    0.00	    0.00	    0.12	    0.00	    0.23	    0.01	    1.10	  797.54	 1137.73	 4611.93	 1169.03
22	21	  138.14	    0.03	   34.53	    0.91	    0.12	    0.03	    0.00	    0.00	    0.00	    0.00	  372.07	  241.79	  719.62	  748.62	    0.00	    0.00	    0.00	    0.00	    0.00	    0.00	    0.00	    0.00	 6583.88	  784.20
22	23	    0.01	    0.00	    0.00	    0.09	    0.00	    0.01	    0.03	    0.05	    0.31	  313.71	  996.87	    0.07	    0.00	 1385.81	  408.96	    0.10	   88.90	    0.00	  143.58	    0.25	    0.05	 1259.14	 3304.19	    0.00
23	12	    0.00	    0.00	    0.00	    0.00	    0.00	    0.00	  325.93	    0.00	    0.00	    0.00	    0.00	    0.00	    0.00	  586.41	  695.41	  599.71	    0.04	  100.37	  298.03	 1099.86	 1202.55	 2499.89	 1903.17	 1800.40
23	20	  361.85	    0.07	   65.47	  200.14	    2.30	    0.03	    0.00	    0.00	    0.00	    0.00	  398.06	 1159.64	 3722.28	  399.39	    0.00	    0.00	    0.00	    0.00	    0.00	    0.00	    0.00	    0.00	  701.02	 3246.37
23	22	  438.05	    0.02	  134.51	    1.27	    0.25	    0.31	    0.17	    0.25	    0.00	    0.00	    0.05	  942.13	 2191.29	    0.00	    0.00	    0.42	    0.00	    0.08	    0.00	    0.57	 1497.41	    0.09	    0.00	 2653.23
