i	j	       0	       1	       2	       3	       4	       5	       6	       7	       8	       9	      10	      11	      12	      13	      14	      15	      16	      17	      18	      19	      20	      21	      22	      23
0	1	 2600.40	    0.00	  340.58	  200.00	   20.43	    0.00	    0.01	    0.02	   40.87	  122.64	  200.00	  675.31	  535.21	  100.00	   20.45	    0.02	    0.04	    0.00	    0.02	    0.00	    0.01	    0.10	    0.13	   38.12
0	2	 6199.60	 1522.81	    0.00	    0.00	    0.00	  237.55	  150.85	  263.19	    0.00	    0.00	    0.00	    0.00	    0.00	    0.00	    0.00	  105.61	    0.00	   37.37	    0.00	    0.02	    0.00	    0.00	    0.00	    0.00
1	0	    0.00	 1622.81	    0.00	    0.00	    0.00	  537.55	  650.83	 1063.15	    0.00	    0.00	    0.00	    0.00	    0.00	    0.00	    0.00	  605.54	    0.87	  137.36	    0.03	  299.98	    0.01	    0.02	    0.00	    0.00
1	5	 2500.40	 2377.19	  240.58	    0.02	    0.00	    0.00	    0.00	    0.00	    0.00	    0.00	    0.02	  575.31	  235.21	    0.00	    0.00	    0.00	    0.00	    0.00	    0.00	    0.00	    0.01	    0.01	    0.13	   38.12
2	0	    0.00	    0.00	  440.58	  700.00	  220.43	    0.00	    0.03	    0.05	  540.87	 1422.64	  700.00	  875.31	 1035.21	  400.00	  520.45	    0.08	  399.17	    0.00	  299.99	    0.04	  100.00	  400.08	  300.13	  138.12
2	3	 4499.43	 1022.60	 1859.27	    0.00	    0.00	    0.04	    0.00	    0.00	    0.00	    0.00	    0.00	 3546.16	 2426.15	    0.09	    0.00	    0.00	    0.00	    0.00	    0.00	    0.00	  202.16	    0.17	    1.97	  461.50
2	11	 1600.18	  400.22	  500.15	 1602.05	  403.21	  500.45	  768.17	 1200.00	 1399.64	  659.96	    0.44	    0.00	    0.00	    0.14	   53.31	  538.02	  186.14	  199.24	   22.85	    0.18	    0.00	    0.00	    0.00	    0.00
3	2	    0.00	    0.00	    0.00	 2502.05	  723.65	  562.94	  717.35	 1136.86	 2040.51	 2382.60	 1000.02	    0.00	    0.00	  499.86	  673.70	  632.50	  685.31	  161.88	  322.84	    0.17	    0.00	    0.05	    0.04	    0.00
3	4	 3198.98	  522.69	 1259.33	 6698.87	    0.00	    0.00	    0.00	    0.00	    0.00	    0.13	  903.77	 2944.68	 1825.46	  200.09	    0.07	    0.00	    0.01	    0.00	    0.02	    0.00	    2.29	    0.11	  199.92	  261.59
3	10	  800.44	  299.95	  399.94	 2399.08	  699.89	  599.65	    0.13	    6.73	    1.55	    0.17	    0.00	    1.47	    0.69	    0.07	    0.06	    0.27	    0.04	    0.04	    0.02	    0.03	    0.02	    0.05	    0.06	    0.03
4	3	    0.00	    0.05	    0.00	    0.00	 1923.54	 1562.55	 1117.48	 1843.59	 2742.05	 3579.01	    0.00	    0.00	    0.00	    0.00	 1172.01	 1432.56	 1184.48	  261.90	  522.10	  300.13	    0.03	  399.16	    0.00	    0.00
4	5	    0.00	  400.00	  461.87	 2107.10	 1242.94	    0.00	    0.02	    0.03	  559.29	 1277.30	  402.97	 1285.99	  518.52	  100.03	  279.23	    0.04	    0.09	    0.00	    0.04	    0.01	    0.00	    0.02	   99.86	   61.86
4	8	 2998.98	  900.00	  697.46	 4091.78	 2933.52	 1400.07	    0.03	    0.11	    0.00	    0.00	    0.79	 1458.69	 1106.94	    0.06	    0.00	    0.06	    0.00	    0.01	    0.00	    0.03	    0.00	    0.00	    0.05	  199.73
5	1	    0.00	    0.00	    0.00	    0.02	   79.57	  937.55	  850.82	 1463.14	  159.13	  477.36	    0.02	    0.00	    0.00	    0.01	   79.55	 1005.52	  200.83	  137.36	  100.01	  399.98	    0.01	   99.93	    0.00	    0.00
5	4	    0.00	  877.36	    0.00	    0.00	    0.00	 3162.62	 1018.76	 1791.11	    0.00	    0.00	    0.00	    0.00	    0.00	    0.00	    0.00	 1450.06	    0.27	  200.56	    0.03	  304.24	    0.12	    0.00	    0.00	    0.00
5	7	 2200.40	 1499.83	  402.45	 1707.09	  963.37	 3499.83	    0.00	    0.00	    0.16	    0.07	    2.97	 1661.30	  553.72	    0.03	    0.00	    0.00	    0.00	    0.00	    0.00	    0.00	    0.00	    0.00	    0.00	    0.00
6	7	    0.00	    0.00	    0.00	    0.00	    0.00	    0.00	 4172.42	    0.00	    0.00	    0.00	    0.00	    0.00	    0.00	  399.87	  600.15	  396.74	  135.20	  999.50	  999.72	 2599.58	  500.23	  799.87	  299.99	  200.00
6	17	  429.18	  334.89	    9.35	  437.36	  123.36	  981.69	 7927.58	 4509.99	  825.49	    0.56	    0.13	  222.50	    0.08	    0.00	    0.00	    0.00	    0.03	    0.00	    0.00	    0.00	    0.00	    0.00	    0.00	    0.00
7	5	    0.00	    0.00	    0.00	    0.00	    0.00	    0.00	 2269.57	 4054.22	    0.00	    0.13	    0.00	    0.00	    0.00	    0.00	    0.32	 3355.54	  701.02	  437.92	  300.00	 1004.20	  100.11	  299.90	    0.00	    0.01
7	6	  929.18	  534.89	  109.35	  837.36	  323.36	 1381.69	    0.00	 5509.99	 1425.43	    2.04	    0.58	  922.44	   64.55	    0.00	    0.00	    0.00	    0.11	    0.00	    0.00	    0.00	    0.00	    0.00	    0.00	    0.00
7	8	    0.00	    0.00	    0.00	    0.00	    0.00	    0.00	  902.86	 3745.76	    0.00	    0.00	    0.00	    0.00	    0.00	    0.00	    0.00	 1279.75	    0.00	  261.64	    0.00	  695.52	    0.13	    0.00	    0.00	    0.00
7	15	  471.29	  564.98	  173.45	  678.61	  424.11	 1318.23	    0.00	 3390.04	  895.48	    0.46	    0.07	  469.07	    0.14	    0.00	    0.00	    0.00	    0.00	    0.00	    0.00	    0.00	    0.00	    0.00	    0.00	    0.00
8	4	    0.00	    0.00	    0.00	    0.00	    0.00	    0.00	  298.76	  552.62	 4101.35	 5856.18	    0.00	    0.00	    0.00	    0.00	 1651.17	  482.60	 1384.28	   61.35	  622.09	   95.94	   97.63	  599.07	    0.00	    0.00
8	7	    0.08	    0.04	   80.35	  508.87	  284.10	    0.09	    0.00	    0.00	 3120.75	 1602.29	  797.67	  330.20	  110.96	    0.00	    0.00	    0.00	    0.24	    0.00	    0.00	    0.00	    0.00	    0.00	    0.00	    0.00
8	9	 2498.90	  699.96	  517.11	 2882.91	 1849.42	  999.98	    4.18	 2393.24	 8977.90	    0.00	    0.00	  528.54	  396.04	    0.00	    0.00	    0.26	    0.00	    0.47	    0.00	    0.26	    0.00	    0.00	    0.00	    0.00
9	8	    0.00	    0.00	    0.00	    0.00	    0.00	    0.00	    0.06	    0.00	    0.00	10258.47	 2196.88	    0.06	    0.06	  599.94	 2651.17	  603.04	 2284.51	    0.17	 1022.09	    0.65	  397.50	 1299.07	  499.95	    0.27
9	10	    0.00	    0.00	    0.00	    0.00	    0.00	    0.00	  499.85	  793.34	 1713.83	 8399.00	    0.00	    0.00	    0.00	    0.00	 1292.34	 1561.93	 1914.55	  200.05	  427.46	  429.40	    0.78	  495.55	    0.00	    0.00
9	14	  799.40	  100.00	   99.93	 1098.96	  596.91	  200.01	    0.00	    0.00	 3084.86	14605.91	 1887.55	  650.27	    5.44	    0.00	    0.00	    0.00	    0.84	    0.00	    0.00	    0.00	    0.00	    0.00	    0.00	    0.00
9	15	    0.05	    0.00	   17.21	   84.09	   52.55	    0.00	    0.00	    0.00	  479.38	 8036.35	 2169.57	  207.93	    0.11	    0.00	    0.00	    0.00	    0.00	    0.00	    0.00	    0.00	    0.00	    0.00	    0.00	    0.00
9	16	  399.46	    0.02	   99.97	  499.86	  199.96	    0.04	    0.09	    0.12	  899.84	 3900.27	  999.82	  599.83	  499.86	    0.06	    0.13	    0.12	    0.00	    0.05	    0.07	    0.15	    0.05	    0.15	    0.05	    0.03
10	3	    0.00	    0.00	    0.00	    0.00	    0.00	    0.00	    0.00	    0.00	    0.00	    3.89	 3403.78	    0.00	    0.00	 1199.93	    1.82	    0.21	    0.89	    0.02	    0.77	    0.06	    0.12	    0.88	  698.04	    0.12
10	9	    0.00	    0.00	    0.00	    0.00	    0.00	    0.00	    0.00	    0.00	    0.00	    0.00	11153.83	 2929.54	 2009.42	 1129.19	    0.00	    0.00	    0.00	    0.00	    0.00	    0.00	    0.00	    0.00	  329.84	   51.29
10	11	    0.00	    0.00	    0.00	    0.00	    0.00	    0.00	    0.15	    0.00	    0.11	 3240.04	 2400.53	    0.00	    0.00	  715.15	  653.96	  161.99	  913.81	    0.14	  280.24	    0.00	    0.00	    0.00	    0.00	    0.00
10	13	  300.84	  100.10	  100.14	  999.16	  199.92	  199.72	    0.00	    0.07	  315.27	 1155.24	 5341.86	 1049.70	   16.88	    0.00	    0.00	    0.00	    0.00	    0.00	    0.00	    0.00	    0.00	    0.00	    0.00	    0.00
11	2	    0.00	    0.00	    0.00	    0.00	    0.00	    0.00	    0.00	    0.00	    0.00	    0.00	    0.42	 4621.46	 3561.36	    0.36	    0.06	    0.00	    0.00	    0.00	    0.00	    0.03	  302.15	  500.20	  402.06	  599.62
11	10	    0.40	    0.15	    0.20	    0.08	    0.03	    0.07	    0.00	    0.00	    0.00	    0.00	    0.00	 5377.77	 3025.60	    0.00	    0.00	    0.00	    0.00	    0.00	    0.00	    0.00	    0.04	    0.00	    0.00	    0.35
11	12	 1399.78	  300.07	  299.95	 1001.97	  203.19	  300.38	   68.38	  600.00	  799.75	 1900.00	 1000.55	 3900.77	    0.00	   15.73	    7.44	    0.57	  499.95	    0.03	    3.19	    0.04	    0.00	    0.00	    0.00	    0.00
12	11	    0.00	    0.00	    0.00	    0.00	    0.00	    0.00	    0.06	    0.00	    0.00	    0.00	    0.00	    0.00	 7886.96	    0.81	    0.24	    0.56	    0.00	    0.65	    0.10	  499.89	  602.19	 1200.20	 1102.06	 1099.97
12	23	  899.78	    0.07	  199.95	  401.97	    3.19	  100.38	    0.00	    0.00	  199.75	    0.00	    0.55	 2600.77	 6713.04	    0.00	    0.00	    0.00	    0.00	    0.00	    0.00	    0.00	    0.00	    0.00	    0.00	    0.00
13	10	    0.00	    0.00	    0.00	    0.00	    0.00	    0.00	    0.17	    0.00	    0.00	    0.00	    0.00	    0.00	    0.00	 4644.20	  763.38	    0.00	    0.11	    0.07	  253.53	  170.63	  399.29	  605.28	 2327.83	  651.03
13	14	    0.76	    0.11	    0.13	    0.78	    0.22	    0.10	    0.00	    0.00	    0.00	    0.00	 1049.35	  349.85	   93.07	 6223.72	    0.00	    0.00	    0.00	    0.00	    0.00	    0.00	    0.00	    0.00	 1203.38	  117.86
13	22	    0.09	    0.00	    0.02	  498.40	   99.70	   99.62	    0.00	    0.00	  190.33	  787.91	 2692.58	    0.15	    0.00	 3232.08	  437.50	    0.00	  222.42	    0.00	  136.32	    0.00	    0.00	    0.00	    0.00	    0.00
14	9	    0.00	    0.00	    0.00	    0.00	    0.00	    0.00	    0.00	    0.00	    0.00	    0.00	    0.00	    0.00	    0.00	 1570.81	 7943.63	    0.31	    0.80	    0.06	 3249.42	 1717.13	 1598.33	 4394.77	 1970.16	  749.00
14	13	    0.00	    0.00	    0.00	    0.00	    0.00	    0.00	  199.57	  399.14	  475.06	 1732.67	    0.07	    0.00	    0.00	    0.00	 2500.88	  699.62	  922.53	   99.79	  689.84	  669.27	    0.73	  690.83	    0.00	    0.00
14	18	  300.03	    0.11	    0.02	  200.12	  100.03	    0.12	    0.02	    0.03	  400.14	 3261.20	  829.86	  300.12	  282.09	 2897.59	 5900.06	    0.06	    0.43	    0.01	    0.00	    0.05	  554.32	 2899.91	  899.98	  258.58
14	21	    0.13	    0.00	    0.03	  399.62	  297.10	    0.00	    0.00	    0.00	 1309.65	 5612.04	  706.98	    0.00	    0.00	  455.33	 5055.42	    0.24	 2483.97	    0.00	 2083.41	    0.00	    0.00	    0.00	    0.00	    0.00
15	7	    0.00	    0.00	    0.00	    0.00	    0.00	    0.00	    0.00	    0.00	    0.00	    0.28	    0.00	    0.00	    0.00	    0.10	    0.17	 6438.56	 1965.69	    0.06	    0.28	    0.14	    0.02	    0.03	    0.01	    0.01
15	9	    0.00	    0.06	    0.00	    0.00	    0.00	    0.07	 2395.59	    0.22	    0.00	    0.00	    0.00	    0.00	    0.00	    0.00	    0.00	 6563.45	    0.59	  899.66	    0.20	 1212.59	    0.00	    0.00	    0.00	    0.00
15	16	    0.53	  199.99	    0.01	    0.06	    0.03	  500.01	 1000.23	 1400.20	    0.12	    0.52	    0.09	    0.06	    0.00	    0.00	    0.00	 5960.86	    0.00	  600.10	    0.00	 1543.29	  352.14	    0.00	    0.00	  128.98
15	17	    0.02	    0.00	    0.00	    0.02	    0.00	    0.03	    0.00	    0.16	    0.16	 3637.38	  769.93	    0.13	    0.00	    0.03	    0.06	 7137.13	 3744.61	    0.00	    0.06	    0.00	    0.00	    0.00	    0.00	    0.00
16	9	    0.00	    0.00	    0.00	    0.00	    0.00	    0.00	    0.22	    0.00	    0.00	    0.00	    0.00	    0.00	    0.00	    0.00	    0.00	    1.07	 8098.51	    0.10	    0.00	    0.22	    0.00	    0.00	    0.00	    0.00
16	15	    0.00	    0.00	    0.00	    0.00	    0.00	    0.00	    0.00	    0.00	    0.00	    0.99	    0.25	    0.00	    0.00	  692.09	 1186.93	    0.00	 8510.77	    0.00	 1286.22	    0.00	    0.06	    0.11	    0.05	    0.03
16	18	    0.03	    0.03	    0.00	    0.02	    0.01	    0.06	    0.10	    0.32	    0.04	    0.17	    0.00	    0.00	    0.00	    0.00	    0.00	 3159.91	 6790.71	    0.06	    0.00	    0.00	    0.00	    0.00	    0.00	    0.00
17	6	    0.00	    0.00	    0.00	    0.00	    0.00	    0.00	    0.00	    0.00	    0.06	 1898.52	  499.55	    0.06	  335.54	  599.87	 1100.15	 1796.74	 1135.11	 1199.50	 1399.72	 3099.58	  700.23	 1299.87	  499.99	  300.00
17	15	   29.21	   35.08	    9.35	   37.39	   23.37	   81.88	 4795.83	  210.55	   25.43	    0.38	    0.12	   23.19	  599.76	    8.03	   13.31	    0.00	    0.12	 1999.81	   14.33	 4356.02	  952.10	 1199.92	  499.97	  428.96
17	19	  299.99	  299.82	    0.00	  299.99	  100.00	  799.83	 2931.75	 3999.60	  600.17	 1039.26	  170.39	    0.09	    0.06	    0.00	    0.00	 4840.39	 2009.55	 1600.69	    0.00	    0.00	    0.00	    0.00	    0.00	    0.00
18	14	    0.00	    0.01	    0.00	    0.00	    0.00	    0.02	  699.53	  999.09	    0.00	    0.00	    0.00	    0.00	    0.00	    0.00	    0.00	 1900.06	 4906.89	  299.82	 6822.68	 3485.97	    0.16	    0.40	    0.17	    0.07
18	16	    0.04	    0.02	    0.02	    0.10	    0.02	    0.00	    0.00	    0.00	    0.08	    0.36	    0.34	    0.12	    0.14	 1392.03	 2686.80	    0.00	    0.00	    0.00	 2986.15	  156.79	  247.86	 1699.96	  599.99	  171.02
18	19	    0.02	    0.00	    0.00	    0.04	    0.02	    0.03	    0.00	    0.00	    0.10	 1461.01	  429.51	    0.00	    0.00	 1205.57	 2413.26	    0.00	  184.25	    0.00	 2991.17	    0.00	    0.00	    0.00	    0.00	    0.00
19	17	    0.00	    0.00	    0.00	    0.00	    0.00	    0.00	    0.00	    0.00	    0.00	    0.22	    0.01	    0.71	 1035.27	  707.88	 1313.39	    0.00	    0.15	    0.00	 1713.98	 7855.60	 1752.33	 2799.79	 1099.96	  728.97
19	18	    0.00	   99.89	    0.00	    0.00	    0.00	  199.86	 1099.41	 1698.73	    0.00	    0.00	    0.00	    0.00	   18.05	    0.01	    0.00	   40.10	    0.00	  599.75	    0.00	 4842.71	   93.70	    0.45	    0.18	   12.51
19	20	    0.00	    0.00	    0.00	    0.01	    0.00	  100.01	  632.08	  600.56	    0.21	    0.05	    0.02	    0.01	    0.03	    0.02	    0.03	 1500.67	  493.62	  200.82	   77.30	 2700.92	    0.00	    0.08	    0.03	    0.02
19	21	    0.00	   99.93	    0.00	    0.02	    0.01	  199.98	  700.26	  800.31	    0.06	    0.22	    0.05	    0.00	    0.00	    0.00	    0.17	 1699.62	    0.11	  400.12	    0.08	 3100.78	    0.18	    0.00	    0.00	    0.00
20	19	    0.00	    0.00	    0.00	    0.00	    0.00	    0.00	    0.00	    0.00	    0.00	    0.11	    0.03	  400.61	 1653.18	    0.08	    0.17	    0.00	    0.08	    0.00	    0.19	    0.00	 3046.22	    0.25	    1.22	 1141.32
20	21	  262.54	    0.05	   65.64	    0.27	    0.00	    0.03	    0.06	    0.08	    0.00	    0.00	    0.00	  459.68	 1466.42	    0.00	    0.00	    0.16	    0.00	    0.04	    0.00	    0.42	 4754.53	    0.00	    0.00	 1605.03
20	23	    0.00	    0.00	    0.00	    0.00	    0.00	    0.02	  432.02	  200.48	    0.03	  489.07	    0.00	    0.00	    0.00	    0.00	  683.64	  900.59	  212.90	  100.78	  252.39	 1500.49	 3199.25	 2335.39	    0.00	    0.00
21	14	    0.00	    0.00	    0.00	    0.00	    0.00	    0.00	    0.06	    0.08	    0.00	    0.00	    0.00	    0.00	  883.59	    0.00	    0.00	    0.16	    0.00	    0.03	    0.00	    0.48	 2953.22	10585.12	 2666.59	 1289.65
21	19	    0.00	    0.00	    0.00	    0.00	    0.00	    0.00	    0.00	    0.00	    0.00	    0.11	    0.14	    0.03	    0.11	    2.25	    0.16	    0.00	    0.00	    0.00	    0.00	    0.00	    0.00	 5200.07	 1798.95	    0.19
21	20	    0.01	    0.00	    0.00	    0.02	   97.15	    0.00	    0.00	    0.00	  299.82	 1689.13	    2.64	    0.00	    0.00	    0.73	 1483.78	    0.08	  319.36	    0.00	  575.28	    0.00	    0.00	 4135.56	    0.71	    0.00
21	22	    0.00	    0.00	    0.00	    0.00	    0.00	    0.01	  200.26	  300.30	  309.89	 1323.02	    0.00	    0.00	    0.00	    0.00	  971.65	  499.78	  464.72	  100.12	  308.21	  700.72	    1.49	 4479.25	    0.00	    0.00
22	13	    0.01	    0.00	    0.00	    0.02	    0.00	    0.00	    0.60	    0.79	    0.00	    0.00	    0.00	    0.29	  676.19	    0.00	    0.00	    0.38	    0.00	    0.28	    0.01	    1.36	  798.55	 1114.44	 4631.21	 1168.89
22	21	  137.33	    0.02	   34.33	    0.11	    0.05	    0.00	    0.00	    0.00	    0.00	    0.00	  395.76	  240.35	  717.27	  747.66	    0.00	    0.00	    0.00	    0.00	    0.00	    0.00	    0.00	    0.00	 6566.25	  784.80
22	23	    0.01	    0.00	    0.00	    0.02	    0.00	    0.01	    0.06	    0.12	    0.22	  310.93	  996.88	    0.00	    0.00	 1384.42	  409.15	    0.41	   87.14	    0.04	  144.52	    0.75	    0.06	 1265.35	 3302.54	    0.00
23	12	    0.00	    0.00	    0.00	    0.00	    0.00	    0.00	  331.68	    0.00	    0.00	    0.00	    0.00	    0.00	    0.00	  585.08	  692.79	  599.99	    0.05	  100.62	  296.91	 1099.85	 1202.19	 2500.20	 1902.06	 1799.97
23	20	  362.53	    0.05	   65.64	  200.24	    2.85	    0.03	    0.00	    0.00	    0.00	    0.00	  397.37	 1160.28	 3719.58	  399.34	    0.00	    0.00	    0.00	    0.00	    0.00	    0.00	    0.00	    0.00	  700.48	 3246.33
23	22	  437.26	    0.02	  134.31	    1.75	    0.34	    0.38	    0.40	    0.60	    0.00	    0.00	    0.06	  940.49	 2193.46	    0.00	    0.00	    1.01	    0.00	    0.20	    0.00	    1.39	 1497.12	    0.54	    0.00	 2653.69
