i	j	o14d5l11
0	1	 4304.47
0	2	 7931.07
1	0	 4331.26
1	5	 5967.23
2	0	 7904.28
2	3	14025.72
2	11	10041.67
3	2	14046.57
3	4	18022.08
3	10	 5210.13
4	3	18045.62
4	5	 8797.17
4	8	15783.38
5	1	 5994.02
5	4	 8802.70
5	7	12501.17
6	7	12121.49
6	17	15946.81
7	5	12533.50
7	6	12059.06
7	8	 6897.48
7	15	 8389.14
8	4	15801.39
8	7	 6846.96
8	9	21736.57
9	8	21804.06
9	10	17723.32
9	14	23107.19
9	15	11057.98
9	16	 8100.74
10	3	 5307.44
10	9	17602.87
10	11	 8362.01
10	13	 9772.74
11	2	 9994.02
11	10	 8401.05
11	12	12304.97
12	11	12396.36
12	23	11115.49
13	10	 9810.55
13	14	 9034.21
13	22	 8397.05
14	9	23170.67
14	13	 9079.15
14	18	19252.30
14	21	18402.59
15	7	 8409.54
15	9	11082.23
15	16	11707.20
15	17	15265.29
16	9	 8100.96
16	15	11695.92
16	18	 9956.48
17	6	16009.24
17	15	15321.22
17	19	19147.02
18	14	19283.34
18	16	 9945.43
18	19	 8704.16
19	17	19165.39
19	18	 8724.14
19	20	 6303.64
19	21	 7002.50
20	19	 6242.30
20	21	 8617.35
20	23	10305.33
21	14	18379.96
21	19	 7002.21
21	20	 8605.43
21	22	 9657.83
22	13	 8389.92
22	21	 9622.99
22	23	 7898.65
23	12	11106.88
23	20	10255.90
23	22	 7856.68
