i	j	o11d17l34
0	1	 4496.48
0	2	 8119.14
1	0	 4519.86
1	5	 5968.43
2	0	 8095.76
2	3	14018.68
2	11	10040.40
3	2	14046.38
3	4	18013.41
3	10	 5212.54
4	3	18045.61
4	5	 8793.69
4	8	15785.67
5	1	 5991.82
5	4	 8805.24
5	7	12489.67
6	7	12100.84
6	17	15615.69
7	5	12524.60
7	6	12043.56
7	8	 6880.96
7	15	 8382.08
8	4	15806.33
8	7	 6835.95
8	9	21744.52
9	8	21820.17
9	10	17724.52
9	14	23130.59
9	15	11046.14
9	16	 8100.77
10	3	 5308.03
10	9	17607.47
10	11	 8364.13
10	13	 9778.64
11	2	 9989.32
11	10	 8404.88
11	12	12502.48
12	11	12592.15
12	23	11120.82
13	10	 9816.33
13	14	 9037.24
13	22	 8394.87
14	9	23197.72
14	13	 9078.47
14	18	19084.25
14	21	18403.23
15	7	 8404.74
15	9	11071.79
15	16	11685.39
15	17	15295.57
16	9	 8100.69
16	15	11674.93
16	18	 9952.65
17	6	15672.97
17	15	15354.34
17	19	18996.19
18	14	19116.67
18	16	 9942.11
18	19	 8682.28
19	17	19012.24
19	18	 8704.16
19	20	 6307.39
19	21	 7001.98
20	19	 6245.64
20	21	 8614.39
20	23	10307.63
21	14	18379.17
21	19	 7001.66
21	20	 8606.81
21	22	 9659.04
22	13	 8391.33
22	21	 9627.08
22	23	 7898.52
23	12	11110.49
23	20	10253.46
23	22	 7863.02
