i	j	       0	       1	       2	       3	       4	       5	       6	       7	       8	       9	      10	      11	      12	      13	      14	      15	      16	      17	      18	      19	      20	      21	      22	      23
0	1	 2600.15	    0.00	  266.50	  200.02	   16.12	    0.00	    0.01	    0.02	   32.23	   96.74	  200.02	  477.97	  459.78	  100.00	   16.16	    0.02	    0.03	    0.00	    0.03	    0.00	    0.01	    0.07	    0.14	   28.86
0	2	 6199.85	 1166.38	    0.00	    0.00	    0.00	  235.15	  139.58	  242.60	    0.00	    0.00	    0.00	    0.00	    0.00	    0.00	    0.00	  101.34	    0.00	   34.41	    0.00	    0.02	    0.00	    0.00	    0.00	    0.00
1	0	    0.00	 1266.38	    0.00	    0.00	    0.00	  535.15	  639.56	 1042.57	    0.00	    0.00	    0.00	    0.00	    0.00	    0.00	    0.00	  601.32	    0.50	  134.41	    0.03	  300.01	    0.00	    0.02	    0.00	    0.00
1	5	 2500.15	 2733.62	  166.50	    0.04	    0.00	    0.00	    0.00	    0.00	    0.00	    0.00	    0.04	  377.97	  159.78	    0.01	    0.00	    0.00	    0.00	    0.00	    0.00	    0.00	    0.01	    0.03	    0.14	   28.86
2	0	    0.00	    0.00	  366.50	  700.02	  216.12	    0.00	    0.03	    0.05	  532.23	 1396.74	  700.02	  677.97	  959.78	  400.00	  516.16	    0.03	  399.53	    0.00	  300.01	    0.02	  100.00	  400.06	  300.14	  128.86
2	3	 4499.08	  666.04	 1933.23	    0.00	    0.00	    0.00	    0.00	    0.00	    0.00	    0.00	    0.00	 3740.17	 2506.20	    0.08	    0.00	    0.00	    0.00	    0.00	    0.00	    0.00	  202.36	    0.24	    2.76	  470.75
2	11	 1600.77	  400.34	  500.28	 1602.48	  402.73	  500.51	  771.15	 1200.00	 1399.76	  662.05	    0.40	    0.00	    0.00	    0.13	   47.14	  541.43	  186.73	  199.34	   20.20	    0.12	    0.00	    0.00	    0.00	    0.00
3	2	    0.00	    0.00	    0.00	 2502.50	  718.85	  565.37	  731.60	 1157.45	 2032.00	 2358.79	  999.96	    0.00	    0.00	  499.85	  663.18	  640.12	  686.26	  164.93	  320.17	    0.12	    0.01	    0.16	    0.04	    0.00
3	4	 3197.29	  165.82	 1333.01	 6696.26	    0.00	    0.00	    0.00	    0.00	    0.00	    0.12	  905.17	 3139.68	 1905.80	  200.08	    0.15	    0.00	    0.01	    0.00	    0.04	    0.00	    2.47	    0.08	  199.90	  270.82
3	10	  801.79	  300.26	  400.21	 2401.25	  699.77	  599.55	    0.60	    4.93	    0.05	    0.16	    0.00	    0.50	    0.40	    0.06	    0.05	    0.25	    0.04	    0.01	    0.02	    0.02	    0.02	    0.04	    0.05	    0.02
4	3	    0.00	    0.04	    0.00	    0.00	 1918.61	 1564.91	 1132.19	 1862.38	 2732.05	 3558.59	    0.00	    0.00	    0.00	    0.00	 1160.68	 1440.37	 1186.19	  264.94	  519.11	  300.14	    0.04	  398.70	    0.00	    0.00
4	5	    0.00	    0.00	  528.07	 2137.81	 1264.63	    0.00	    0.02	    0.03	  567.90	 1303.20	  404.74	 1454.42	  581.87	  100.02	  283.45	    0.03	    0.04	    0.00	    0.07	    0.01	    0.01	    0.00	   99.85	   71.12
4	8	 2997.29	  899.49	  704.94	 4058.45	 2916.76	 1399.88	    0.02	    0.09	    0.00	    0.00	    0.43	 1485.25	 1123.93	    0.06	    0.00	    0.05	    0.00	    0.01	    0.00	    0.02	    0.00	    0.00	    0.05	  199.70
5	1	    0.00	    0.00	    0.00	    0.02	   83.88	  935.15	  839.55	 1442.55	  167.77	  503.26	    0.02	    0.00	    0.00	    0.01	   83.84	 1001.31	  200.47	  134.41	   99.99	  400.00	    0.00	   99.97	    0.00	    0.00
5	4	    0.00	  833.71	    0.00	    0.00	    0.00	 3164.79	 1025.81	 1803.92	    0.00	    0.00	    0.00	    0.00	    0.00	    0.00	    0.00	 1468.04	    0.17	  202.07	    0.03	  305.68	    0.02	    0.03	    0.00	    0.00
5	7	 2200.15	 1499.91	  394.57	 1737.83	  980.75	 3500.06	    0.00	    0.00	    0.14	    0.06	    4.76	 1632.39	  541.65	    0.03	    0.00	    0.00	    0.00	    0.00	    0.00	    0.00	    0.00	    0.00	    0.00	    0.00
6	7	    0.00	    0.00	    0.00	    0.00	    0.00	    0.00	 4174.61	    0.00	    0.00	    0.00	    0.00	    0.00	    0.00	  399.80	  600.09	  381.15	  149.56	  999.46	  998.97	 2599.76	  500.27	  799.94	  299.99	  200.00
6	17	  430.83	  336.91	    7.45	  429.91	  118.74	  986.42	 7925.39	 4521.71	  823.09	    0.52	    0.12	  217.51	    0.07	    0.00	    0.00	    0.00	    0.02	    0.00	    0.00	    0.00	    0.00	    0.00	    0.00	    0.00
7	5	    0.00	    0.00	    0.00	    0.00	    0.00	    0.00	 2265.35	 4046.44	    0.00	    0.12	    0.00	    0.00	    0.00	    0.00	    0.38	 3369.32	  700.60	  436.47	  299.94	 1005.68	  100.01	  299.97	    0.00	    0.01
7	6	  930.83	  536.91	  107.45	  829.91	  318.74	 1386.42	    0.00	 5521.71	 1423.04	    3.60	    1.75	  917.29	   62.11	    0.00	    0.00	    0.00	    0.10	    0.00	    0.00	    0.00	    0.00	    0.00	    0.00	    0.00
7	8	    0.00	    0.00	    0.00	    0.00	    0.00	    0.00	  909.26	 3752.79	    0.00	    0.00	    0.00	    0.00	    0.00	    0.00	    0.00	 1262.52	    0.00	  263.03	    0.00	  694.21	    0.28	    0.00	    0.00	    0.00
7	15	  469.40	  563.04	  173.84	  692.26	  432.64	 1313.73	    0.00	 3379.06	  887.63	    0.00	    0.06	  474.86	    0.23	    0.00	    0.00	    0.00	    0.00	    0.00	    0.00	    0.00	    0.00	    0.00	    0.00	    0.00
8	4	    0.00	    0.00	    0.00	    0.00	    0.00	    0.00	  306.42	  558.58	 4099.96	 5861.67	    0.00	    0.00	    0.00	    0.00	 1643.98	  472.42	 1386.04	   62.88	  619.11	   94.49	   97.56	  598.59	    0.00	    0.00
8	7	    0.07	    0.04	   86.72	  484.34	  270.64	    0.09	    0.00	    0.00	 3110.53	 1603.40	  797.05	  359.76	  120.69	    0.00	    0.00	    0.00	    0.21	    0.00	    0.00	    0.00	    0.00	    0.00	    0.00	    0.00
8	9	 2497.21	  699.45	  518.22	 2874.11	 1846.12	  999.79	    2.99	 2394.30	 8989.51	    0.00	    0.00	  525.54	  403.29	    0.00	    0.00	    0.67	    0.00	    0.29	    0.00	    0.25	    0.00	    0.00	    0.00	    0.00
9	8	    0.00	    0.00	    0.00	    0.00	    0.00	    0.00	    0.13	    0.00	    0.00	10265.07	 2196.63	    0.05	    0.05	  599.94	 2643.98	  610.51	 2286.26	    0.13	 1019.11	    0.51	  397.28	 1298.59	  499.95	    0.30
9	10	    0.00	    0.00	    0.00	    0.00	    0.00	    0.00	  499.40	  795.10	 1713.11	 8394.91	    0.00	    0.00	    0.00	    0.00	 1295.54	 1557.26	 1913.26	  199.98	  428.63	  427.48	    1.88	  500.90	    0.00	    0.00
9	14	  798.29	   99.82	   99.79	 1097.32	  597.40	  199.82	    0.00	    0.00	 3087.04	14604.47	 1891.66	  647.63	    6.63	    0.00	    0.00	    0.00	    0.76	    0.00	    0.00	    0.00	    0.00	    0.00	    0.00	    0.00
9	15	    0.00	    0.00	   18.72	   78.01	   48.76	    0.00	    0.00	    0.00	  489.51	 8035.32	 2170.14	  207.10	    0.81	    0.00	    0.00	    0.00	    0.00	    0.00	    0.00	    0.00	    0.00	    0.00	    0.00	    0.00
9	16	  399.75	    0.02	   99.98	  499.91	  199.97	    0.04	    0.08	    0.11	  899.84	 3900.23	  999.83	  599.90	  499.91	    0.06	    0.12	    0.11	    0.00	    0.05	    0.07	    0.13	    0.05	    0.13	    0.05	    0.02
10	3	    0.00	    0.00	    0.00	    0.00	    0.00	    0.00	    0.00	    0.00	    0.00	    0.48	 3405.13	    0.00	    0.00	 1199.90	    2.71	    0.00	    0.13	    0.00	    1.12	    0.00	    0.10	    1.35	  697.23	    0.09
10	9	    0.82	    0.34	    0.27	    1.14	    0.00	    0.00	    0.00	    0.00	    0.00	    0.00	11158.25	 2929.14	 2004.12	 1117.41	    0.00	    0.00	    0.00	    0.00	    0.00	    0.00	    0.00	    0.00	  337.72	   56.00
10	11	    0.00	    0.00	    0.00	    0.00	    0.00	    0.00	    0.00	    0.00	    0.10	 3237.95	 2400.51	    0.00	    0.00	  715.26	  659.82	  157.51	  913.23	    0.02	  282.77	    0.00	    0.00	    0.00	    0.00	    0.00
10	13	  301.95	  100.21	  100.28	 1000.18	  199.79	  199.61	    0.00	    0.03	  313.07	 1156.64	 5336.11	 1052.64	   16.44	    0.00	    0.00	    0.00	    0.05	    0.00	    0.00	    0.00	    0.00	    0.00	    0.00	    0.00
11	2	    0.00	    0.00	    0.00	    0.00	    0.00	    0.00	    0.00	    0.00	    0.00	    0.00	    0.46	 4618.14	 3565.98	    0.37	    0.13	    0.00	    0.00	    0.00	    0.04	    0.00	  302.35	  500.13	  402.86	  599.62
11	10	    0.99	    0.28	    0.34	    0.08	    0.02	    0.06	    0.00	    0.00	    0.00	    0.00	    0.00	 5381.27	 3020.16	    0.00	    0.00	    0.00	    0.00	    0.00	    0.00	    0.00	    0.04	    0.00	    0.00	    0.30
11	12	 1399.78	  300.06	  299.94	 1002.40	  202.70	  300.45	   71.15	  600.00	  799.86	 1900.00	 1000.46	 3900.59	    0.00	   15.15	    6.84	    0.41	  499.96	    0.02	    2.93	    0.00	    0.00	    0.00	    0.00	    0.00
12	11	    0.00	    0.00	    0.00	    0.00	    0.00	    0.00	    0.00	    0.00	    0.00	    0.00	    0.00	    0.00	 7886.14	    0.13	    0.00	    1.47	    0.00	    0.67	    0.00	  499.88	  602.39	 1200.13	 1102.86	 1099.92
12	23	  899.78	    0.06	  199.94	  402.40	    2.70	  100.45	    0.00	    0.00	  199.86	    0.00	    0.46	 2600.59	 6713.86	    0.00	    0.00	    0.00	    0.00	    0.00	    0.00	    0.00	    0.00	    0.00	    0.00	    0.00
13	10	    0.00	    0.00	    0.00	    0.00	    0.00	    0.00	    0.00	    0.00	    0.00	    0.00	    0.00	    0.00	    0.00	 4632.51	  766.94	    0.00	    0.10	    0.03	  255.25	  172.50	  398.17	  600.40	 2334.90	  655.77
13	14	    1.74	    0.21	    0.22	    1.78	    0.09	    0.06	    0.00	    0.00	    0.00	    0.00	 1056.78	  352.35	   95.54	 6241.35	    0.00	    0.00	    0.00	    0.00	    0.00	    0.00	    0.00	    0.00	 1162.02	  126.09
13	22	    0.22	    0.00	    0.06	  498.42	   99.71	   99.56	    0.00	    0.00	  192.36	  804.51	 2679.38	    0.31	    0.00	 3226.14	  438.66	    0.00	  221.25	    0.00	  137.36	    0.00	    0.00	    0.00	    0.00	    0.00
14	9	    0.00	    0.00	    0.00	    0.00	    0.00	    0.00	    0.00	    0.00	    0.00	    0.00	    0.00	    0.00	    0.00	 1582.59	 7939.64	    0.28	    0.74	    0.05	 3247.62	 1718.73	 1599.20	 4399.63	 1962.28	  744.33
14	13	    0.00	    0.00	    0.00	    0.00	    0.00	    0.00	  199.73	  399.45	  479.29	 1747.87	    0.06	    0.00	    0.00	    0.00	 2505.60	  699.50	  921.31	   99.86	  692.59	  671.73	    0.71	  664.99	    0.00	    0.00
14	18	  300.03	    0.07	    0.01	  200.06	  100.02	    0.07	    0.02	    0.03	  400.14	 3261.16	  828.12	  300.05	  281.05	 2898.13	 5898.68	    0.05	    0.39	    0.01	    0.00	    0.05	  558.25	 2899.92	  899.98	  258.59
14	21	    0.00	    0.00	    0.00	  399.03	  297.45	    0.00	    0.00	    0.00	 1307.61	 5595.44	  720.26	    0.00	    0.00	  460.63	 5056.08	    0.22	 2483.12	    0.00	 2083.59	    0.00	    0.00	    0.00	    0.00	    0.00
15	7	    0.00	    0.00	    0.00	    0.00	    0.00	    0.00	    0.00	    0.00	    0.00	    0.25	    0.00	    0.00	    0.00	    0.18	    0.29	 6450.68	 1950.93	    0.04	    0.97	    0.12	    0.02	    0.03	    0.01	    0.01
15	9	    0.00	    0.05	    0.00	    0.00	    0.00	    0.07	 2396.38	    0.90	    0.00	    0.00	    0.00	    0.00	    0.00	    0.00	    0.00	 6565.36	    1.42	  899.73	    0.18	 1208.94	    0.00	    0.00	    0.00	    0.00
15	16	    0.24	  199.98	    0.01	    0.06	    0.03	  499.99	 1000.25	 1400.06	    0.11	    0.48	    0.08	    0.05	    0.00	    0.00	    0.00	 5957.73	    0.00	  600.09	    0.00	 1544.88	  354.84	    0.00	    0.00	  128.57
15	17	    0.02	    0.00	    0.00	    0.02	    0.00	    0.02	    0.00	    0.14	    0.15	 3635.84	  770.46	    0.49	    0.11	    0.09	    0.21	 7126.22	 3752.62	    0.00	    0.21	    0.00	    0.00	    0.00	    0.00	    0.00
16	9	    0.00	    0.00	    0.00	    0.00	    0.00	    0.00	    0.23	    0.00	    0.00	    0.00	    0.00	    0.00	    0.00	    0.00	    0.00	    1.57	 8098.12	    0.09	    0.00	    0.21	    0.00	    0.00	    0.00	    0.00
16	15	    0.00	    0.00	    0.00	    0.00	    0.00	    0.00	    0.00	    0.00	    0.00	    0.90	    0.24	    0.00	    0.00	  693.41	 1188.75	    0.00	 8504.86	    0.00	 1288.71	    0.00	    0.05	    0.10	    0.04	    0.03
16	18	    0.03	    0.02	    0.00	    0.02	    0.01	    0.03	    0.09	    0.17	    0.03	    0.15	    0.00	    0.00	    0.00	    0.00	    0.00	 3156.27	 6797.01	    0.05	    0.00	    0.00	    0.00	    0.00	    0.00	    0.00
17	6	    0.00	    0.00	    0.00	    0.00	    0.00	    0.00	    0.00	    0.00	    0.05	 1896.93	  498.37	    0.22	  337.96	  599.80	 1100.09	 1781.15	 1149.48	 1199.46	 1398.97	 3099.76	  700.27	 1299.94	  499.99	  300.00
17	15	   30.85	   36.99	    7.45	   29.80	   18.63	   86.35	 4796.63	  222.04	   23.11	    0.35	    0.11	   18.59	  599.07	    6.86	   11.75	    0.00	    0.11	 1999.87	   12.65	 4353.94	  954.81	 1199.93	  499.97	  428.55
17	19	  299.99	  299.92	    0.00	  300.13	  100.12	  800.09	 2928.76	 3999.80	  600.07	 1039.28	  172.12	    0.14	    0.00	    0.00	    0.00	 4845.07	 2003.19	 1600.67	    0.00	    0.00	    0.00	    0.00	    0.00	    0.00
18	14	    0.00	    0.04	    0.00	    0.00	    0.00	    0.20	  699.69	  999.40	    0.00	    0.00	    0.00	    0.00	    0.00	    0.00	    0.00	 1899.90	 4904.79	  299.90	 6823.81	 3490.08	    0.15	    0.36	    0.15	    0.07
18	16	    0.04	    0.02	    0.01	    0.04	    0.02	    0.00	    0.00	    0.00	    0.08	    0.35	    0.33	    0.05	    0.09	 1393.36	 2688.63	    0.00	    0.00	    0.00	 2988.65	  155.19	  245.16	 1699.97	  599.99	  171.43
18	19	    0.02	    0.00	    0.00	    0.03	    0.02	    0.02	    0.00	    0.00	    0.09	 1460.96	  427.80	    0.00	    0.00	 1204.79	 2410.05	    0.00	  192.61	    0.00	 2987.55	    0.00	    0.00	    0.00	    0.00	    0.00
19	17	    0.00	    0.00	    0.00	    0.00	    0.00	    0.00	    0.00	    0.00	    0.00	    0.20	    0.01	    0.95	 1036.84	  706.56	 1311.63	    0.00	    0.13	    0.00	 1711.41	 7853.70	 1755.08	 2799.87	 1099.96	  728.56
19	18	    0.00	   99.97	    0.00	    0.00	    0.00	  200.12	 1099.58	 1699.21	    0.00	    0.00	    0.00	    0.00	   19.03	    0.01	    0.00	   43.58	    0.00	  599.84	    0.00	 4845.22	   87.06	    0.41	    0.16	   12.90
19	20	    0.00	    0.00	    0.00	    0.01	    0.06	  100.01	  629.15	  600.43	    0.11	    0.05	    0.02	    0.01	    0.02	    0.02	    0.03	 1501.72	  495.26	  200.80	   76.23	 2700.93	    0.00	    0.07	    0.03	    0.02
19	21	    0.00	   99.94	    0.00	    0.15	    0.08	  199.98	  700.03	  800.17	    0.05	    0.20	    0.04	    0.00	    0.00	    0.00	    0.16	 1699.77	    0.48	  400.03	    0.07	 3100.14	    0.17	    0.00	    0.00	    0.00
20	19	    0.00	    0.00	    0.00	    0.00	    0.00	    0.00	    0.00	    0.00	    0.00	    0.10	    0.02	  400.79	 1655.80	    0.08	    0.16	    0.00	    0.07	    0.00	    0.17	    0.00	 3042.30	    0.23	    1.46	 1141.32
20	21	  263.39	    0.04	   65.85	    0.17	    0.00	    0.03	    0.06	    0.07	    0.00	    0.00	    0.00	  460.93	 1467.16	    0.00	    0.00	    0.15	    0.00	    0.03	    0.00	    0.38	 4758.22	    0.00	    0.00	 1600.61
20	23	    0.00	    0.00	    0.00	    0.00	    0.00	    0.02	  429.09	  200.36	    0.02	  486.04	    0.00	    0.00	    0.00	    0.00	  682.52	  901.64	  211.65	  100.77	  252.28	 1500.55	 3199.47	 2340.74	    0.00	    0.00
21	14	    0.00	    0.00	    0.00	    0.00	    0.00	    0.00	    0.06	    0.08	    0.00	    0.00	    0.00	    0.07	  878.88	    0.00	    0.00	    0.15	    0.00	    0.03	    0.00	    0.43	 2958.01	10564.17	 2700.10	 1276.76
21	19	    0.00	    0.00	    0.00	    0.00	    0.00	    0.00	    0.00	    0.00	    0.00	    0.10	    0.13	    0.03	    0.10	    1.72	    1.61	    0.00	    0.00	    0.00	    0.00	    0.00	    0.00	 5200.12	 1798.70	    0.17
21	20	    0.00	    0.00	    0.00	    0.02	   97.68	    0.00	    0.00	    0.00	  299.92	 1686.10	    2.42	    0.00	    0.00	    0.37	 1482.65	    0.08	  316.47	    0.00	  576.22	    0.00	    0.00	 4140.90	    0.36	    0.00
21	22	    0.00	    0.00	    0.00	    0.00	    0.00	    0.01	  200.03	  300.16	  307.75	 1309.45	    0.00	    0.00	    0.00	    0.00	  971.98	  499.91	  467.13	  100.03	  307.44	  700.10	    0.37	 4494.81	    0.00	    0.00
22	13	    0.01	    0.00	    0.00	    0.02	    0.00	    0.00	    0.27	    0.52	    0.00	    0.00	    0.00	    0.03	  679.10	    0.00	    0.00	    0.50	    0.00	    0.16	    0.01	    0.77	  797.46	 1135.41	 4596.91	 1181.86
22	21	  136.61	    0.01	   34.15	    0.66	    0.16	    0.00	    0.00	    0.00	    0.00	    0.00	  382.25	  239.16	  711.81	  741.47	    0.00	    0.00	    0.00	    0.00	    0.00	    0.00	    0.00	    0.00	 6599.15	  776.31
22	23	    0.00	    0.00	    0.00	    0.11	    0.02	    0.03	    0.02	    0.05	    0.11	  313.96	  997.19	    0.00	    0.00	 1384.67	  410.64	    0.10	   88.39	    0.00	  144.78	    0.26	    0.05	 1259.48	 3303.93	    0.00
23	12	    0.00	    0.00	    0.00	    0.00	    0.00	    0.00	  328.85	    0.00	    0.00	    0.00	    0.00	    0.00	    0.00	  584.98	  693.16	  601.06	    0.04	  100.64	  297.07	 1099.88	 1202.39	 2500.13	 1902.86	 1799.92
23	20	  363.39	    0.04	   65.85	  200.14	    2.26	    0.03	    0.00	    0.00	    0.00	    0.00	  397.59	 1161.71	 3722.94	  399.69	    0.00	    0.00	    0.00	    0.00	    0.00	    0.00	    0.00	    0.00	  701.07	 3241.91
23	22	  436.40	    0.02	  134.09	    2.37	    0.47	    0.47	    0.27	    0.41	    0.00	    0.00	    0.05	  938.88	 2190.91	    0.00	    0.00	    0.68	    0.00	    0.13	    0.00	    0.93	 1497.14	    0.08	    0.00	 2658.17
