i	j	       0	       1	       2	       3	       4	       5	       6	       7	       8	       9	      10	      11	      12	      13	      14	      15	      16	      17	      18	      19	      20	      21	      22	      23
0	1	 1515.03	    0.00	   43.40	 1501.82	   42.42	 2547.03	  905.62	    0.00	 1811.22	  452.81	   86.80	   43.40	 1828.21	   13.77	    0.00	 1245.22	    0.00	  241.48	    0.00	  524.49	    0.00	  267.93	    0.00	    0.00
0	2	 3775.71	 2032.16	  715.77	 1548.26	    0.00	  613.20	  256.03	   59.26	   93.16	  169.80	    0.00	    0.00	  509.41	    0.00	  472.85	  849.01	    0.00	  187.90	    0.00	  301.10	    0.00	  321.51	    0.00	    0.00
1	0	  142.73	 2132.16	    0.00	   86.13	  199.33	 1469.72	  529.63	  406.45	  762.89	  226.40	    0.00	  309.49	  396.80	    0.00	    0.00	  442.81	  169.70	   48.96	   88.89	  192.35	    0.00	   98.73	    0.00	   48.28
1	5	  113.20	 1867.84	    0.00	    0.00	  396.21	    0.00	  905.62	 1415.03	 3792.26	 1358.41	    0.00	 1215.25	 2294.00	    0.00	    0.00	  988.85	    0.00	  248.26	    0.00	  474.66	    0.00	  388.23	    0.00	  270.26
2	0	    9.21	    0.00	   86.80	  303.79	  251.64	    0.00	  226.40	  405.42	  216.99	  960.39	 1388.42	  847.70	 1997.71	  191.36	  216.99	  556.91	    3.90	   70.26	   41.31	  183.46	   43.40	  416.24	  130.20	  195.60
2	3	 1855.06	  992.63	  875.43	    0.00	    0.00	    0.00	  283.01	  351.99	    0.00	  339.60	  918.00	  380.58	 1141.55	  497.02	 1823.62	 1981.03	    0.00	  551.63	    0.00	  778.04	   86.80	  750.19	    0.00	   86.80
2	11	 1877.25	  939.54	  897.73	 1203.32	  200.16	  203.22	  440.36	  488.42	   11.69	    0.00	  632.20	    0.00	    0.00	  487.37	  584.68	    0.00	 2364.79	 4483.90	 1298.46	    0.00	  500.33	    0.00	  160.72	    0.00
3	2	    0.00	    0.00	  598.17	 1593.91	  372.78	   96.39	  692.98	  757.21	  272.08	  220.32	 1180.96	    0.00	    0.00	  893.43	 1046.15	   27.54	   17.67	 2542.40	 2320.61	 3108.41	 2097.16	 1929.06	  285.96	    0.00
3	4	 1656.49	  905.83	  518.01	 3440.36	  301.43	    0.00	  792.41	 1150.44	    0.00	    0.00	 1818.72	  441.37	   88.75	  139.15	    0.00	    0.00	    0.00	  481.23	    0.00	  820.84	    0.00	  505.04	 2364.04	 1778.69
3	10	   55.27	  169.80	    0.00	    0.00	  791.07	    0.00	  361.82	 1322.70	    0.00	    0.00	 2001.90	  737.15	    0.00	  284.34	    0.00	    0.00	    0.00	    0.00	    0.00	    0.00	    0.00	    0.00	 3305.06	  905.62
4	3	  113.20	  283.01	    0.00	    0.00	  985.98	  269.99	  187.37	  979.96	 1085.29	  741.11	    0.00	  226.40	    0.00	    0.00	   74.70	  374.73	  234.66	   43.40	   30.46	  130.20	    0.00	   55.08	    0.00	  452.80
4	5	  339.71	   64.82	   46.18	  300.77	  434.27	 2108.74	    0.00	    0.00	 1774.98	   13.64	   55.08	  835.72	  855.55	    0.97	    0.00	  912.42	    0.00	  126.97	    0.00	  523.18	    0.00	  244.71	    0.00	  195.08
4	8	 1753.79	  910.81	  428.43	 3238.42	 2561.72	 2903.61	    0.00	    0.00	 1069.64	    0.00	    0.00	  332.52	  623.92	    0.00	    0.00	  311.85	    0.00	    0.00	    0.00	   38.93	    0.00	    0.00	    0.00	   66.68
5	1	   56.60	    0.00	    0.00	    0.00	  227.38	  540.82	  333.42	  863.05	  200.00	  260.39	    0.00	   56.60	    0.00	   29.63	   43.40	  390.59	  482.89	   43.40	  132.29	  173.60	    0.00	   43.40	    0.00	    0.00
5	4	    9.21	  452.81	    0.00	    0.00	  292.21	 1851.15	  317.78	 1023.37	    0.00	    0.00	  675.42	  160.59	    0.00	   47.39	    0.00	  206.55	  339.60	   43.40	    0.00	  173.60	    0.00	    0.00	  949.21	    0.00
5	7	   18.51	 1198.36	  356.81	   22.41	   12.66	  906.35	  291.18	  335.44	    0.00	    0.00	  788.25	    5.85	    0.00	  578.34	  768.59	    0.00	  226.63	    0.00	 1856.35	    0.00	  764.38	    0.00	  302.66	    0.00
6	7	    0.00	    0.00	    0.00	    0.00	  226.39	    0.00	 1730.32	  385.04	    0.00	    0.00	  668.05	    0.00	  345.24	  181.08	  123.93	    0.00	   69.68	  287.93	  533.91	  867.98	  216.99	  347.19	  954.84	  130.20
6	17	    0.97	   56.60	   77.37	   16.69	    0.97	  192.78	 3736.20	 1715.29	   27.54	    0.00	  149.03	    0.00	    0.00	   77.37	  116.90	    0.00	  566.00	    0.00	  250.87	    0.00	  145.34	    0.00	   32.13	    0.00
7	5	   88.89	  118.52	   88.89	  118.52	  229.06	    0.00	  799.87	 1746.67	  254.55	  593.95	  420.21	   59.26	   84.85	  128.65	  130.20	  987.73	 1039.49	  130.20	  388.88	  477.39	   43.40	  130.20	  401.69	   43.40
7	6	    5.85	  171.75	  170.78	   71.77	   28.51	  366.38	    0.00	 2056.85	  110.16	  261.63	  238.65	    0.00	    0.00	  226.40	  177.59	    0.00	 1471.63	    0.00	  573.80	    0.00	  388.42	    0.00	   48.82	    0.00
7	8	    0.00	    0.00	    0.00	    0.00	   56.60	  113.20	  413.10	  677.67	    0.00	    0.00	    0.00	    0.00	    0.00	    0.00	    0.00	  179.14	  283.00	   27.54	   56.60	    0.00	    0.00	    0.00	   56.58	    0.00
7	15	    4.87	  796.31	    1.95	    7.79	  231.27	  192.78	    0.00	 2954.92	   13.64	    0.00	  226.40	    0.00	    0.00	   56.60	    0.00	    0.00	  452.81	    0.00	  169.80	    0.00	    0.00	    0.00	  339.60	    0.00
8	4	    0.00	    0.00	    0.00	    0.00	  169.80	    0.00	    0.00	    0.00	 1042.11	 1188.74	    0.00	   56.60	    0.00	    0.00	  161.49	  385.18	  491.26	    0.00	   73.86	    0.00	   43.40	  141.88	    0.00	    0.00
8	7	  440.61	  288.21	  173.74	  491.79	  365.90	  270.68	    0.00	    0.00	  883.02	  661.09	  179.01	  121.05	  113.20	    0.00	    0.00	    0.00	  113.20	    0.00	    0.00	    0.00	    0.00	    0.00	    0.00	    0.00
8	9	  846.17	  422.60	  211.30	 2362.62	 1372.21	 1320.77	  330.48	  330.48	 5376.18	    0.00	    0.00	    0.00	    0.00	    0.00	    0.00	    0.00	    0.00	    0.00	    0.00	    0.00	    0.00	    0.00	    0.00	    0.00
9	8	    0.00	    0.00	    0.00	    0.00	    0.00	    0.00	  177.77	    0.00	    0.00	 3065.00	  786.60	  337.17	  260.39	  260.39	  595.48	  813.62	  712.05	   59.26	  247.46	  260.39	  173.60	  445.67	  216.99	   86.80
9	10	    0.00	    0.00	    0.00	  562.95	  260.39	  203.22	  424.40	  524.96	 1377.08	 4813.96	    0.00	    0.00	    0.00	    0.00	    0.00	 1052.02	  724.01	  146.06	    0.00	    0.00	    0.00	    0.00	    0.00	    0.00
9	14	    0.00	    0.00	    0.00	  426.21	  260.39	  177.77	    0.00	    0.00	 1266.07	 5112.42	    0.00	    0.00	    0.00	    0.00	    0.00	    0.00	    0.00	    0.00	    0.00	    0.00	    0.00	    0.00	    0.00	    0.00
9	15	  444.43	  237.03	  118.52	  681.46	  325.92	  592.58	    0.00	    0.00	 1214.79	 5392.46	 1422.19	  888.87	  177.77	    0.00	    0.00	    0.00	    0.00	    0.00	    0.00	    0.00	    0.00	    0.00	    0.00	    0.00
9	16	   55.08	   27.54	   13.77	  171.22	   91.52	    0.00	    0.00	    0.00	  303.07	 1232.48	  330.48	   82.62	    0.00	    0.00	    0.00	    0.00	    0.00	    0.00	    0.00	    0.00	    0.00	    0.00	    0.00	    0.00
10	3	    0.00	    0.00	    0.00	    0.00	    0.00	    0.00	    0.00	    0.00	    0.00	    0.00	 1060.76	    0.00	    0.00	  330.22	  148.14	    0.00	    0.00	    0.00	   59.26	    0.00	    0.00	  118.52	  260.39	    0.00
10	9	  217.53	  102.37	   51.18	    0.00	    0.00	    0.00	    0.00	    0.00	    0.00	    0.00	 4231.82	 2176.63	 1262.75	 1145.47	    0.00	    0.00	    0.00	    0.00	    0.00	    0.00	    0.00	    0.00	  681.46	    0.00
10	11	    0.00	    0.00	    0.00	    0.00	    0.00	    0.00	  207.40	  177.77	  509.10	 2166.62	 1337.86	    0.00	    0.00	  415.49	  385.18	  444.43	  290.02	   59.26	   88.89	    0.00	    0.00	    0.00	    0.00	    0.00
10	13	  367.23	  159.26	   73.03	  216.99	   43.40	   29.63	    0.00	    0.00	  260.39	  911.38	 3047.52	  600.08	    0.00	    0.00	    0.00	    0.00	    0.00	    0.00	    0.00	    0.00	    0.00	    0.00	    0.00	    0.00
11	2	    0.00	    0.00	    0.00	    0.00	    0.00	    0.00	    0.00	    0.00	    0.00	  474.06	  296.29	  597.57	  739.73	  118.52	  254.55	   59.26	   29.63	    0.00	   38.39	    0.00	  130.20	  216.99	  173.60	  130.20
11	10	  801.75	  291.82	  254.41	  261.63	    0.00	    0.00	    0.00	    0.00	    0.00	    0.00	    0.00	 3384.30	 1696.74	    0.00	    0.00	    0.00	    0.00	    0.00	    0.00	    0.00	    0.00	    0.00	    0.00	    0.00
11	12	  988.70	  547.71	  182.35	  681.30	  113.36	  116.43	    0.00	    0.00	  260.39	  824.58	  433.99	 2050.58	    0.00	    0.00	    0.00	  177.77	    0.00	    0.00	    0.00	    0.00	    0.00	    0.00	    0.00	    0.00
12	11	    0.00	    0.00	    0.00	    0.00	    0.00	    0.00	   96.39	    0.00	    0.00	    0.00	    0.00	    0.00	 3000.65	    6.82	  173.17	   96.39	    0.00	   27.54	   79.70	  216.99	  260.39	  520.79	  477.39	  347.19
12	23	  771.70	  247.71	  138.96	  420.90	   26.57	   29.63	    0.00	    0.00	    0.00	    0.00	    0.00	 1486.39	 3335.59	    0.00	    0.00	    0.00	    0.00	    0.00	    0.00	    0.00	    0.00	    0.00	    0.00	    0.00
13	10	    0.00	    0.00	    0.00	    0.00	    0.00	    0.00	    0.00	    0.00	    0.00	    0.00	    0.00	    0.00	    0.00	 2585.56	 1140.91	    0.00	    0.00	    0.00	  321.74	  260.39	  173.60	  595.90	 1506.04	  260.39
13	14	  237.03	   59.26	   29.63	    0.00	    0.00	    0.00	    0.00	    0.00	    0.00	    0.00	 1203.49	  296.29	    0.00	 2276.66	    0.00	    0.00	    0.00	    0.00	    0.00	    0.00	    0.00	    0.00	    0.00	    0.00
13	22	    0.00	    0.00	    0.00	    0.00	    0.00	    0.00	    0.00	    0.00	    0.00	    0.00	 1149.65	    0.00	    0.00	 1257.03	    0.00	    0.00	    0.00	    0.00	    0.00	    0.00	    0.00	    0.00	    0.00	    0.00
14	9	    0.00	    0.00	    0.00	    0.00	    0.00	    0.00	    0.00	    0.00	    0.00	    0.00	    0.00	    0.00	    0.00	   26.30	 2331.44	    0.00	    0.00	    0.00	  347.17	  426.87	  694.38	 1574.04	  316.71	  433.99
14	13	    0.00	    0.00	    0.00	    0.00	    0.00	   13.77	   86.80	  173.60	    0.00	    0.00	    0.00	    0.00	    0.00	    0.00	 1705.09	  303.79	  303.79	   43.40	  451.94	  477.39	    0.00	  799.98	    0.00	    0.00
14	18	  130.20	   43.40	    0.00	   27.54	   26.57	    0.00	    0.00	    0.00	  137.70	  598.93	  269.99	  130.20	  347.19	 1330.62	 2690.73	    0.00	    0.00	    0.00	    0.00	    0.00	  611.76	 1614.12	  538.73	  262.48
14	21	    0.00	    0.00	    0.00	  181.67	  147.03	  118.52	    0.00	    0.00	  737.78	 2777.53	  325.92	    0.00	    0.00	  355.55	 2560.11	  770.35	 1605.76	    0.00	 1077.87	    0.00	    0.00	    0.00	    0.00	    0.00
15	7	    0.00	    0.00	    0.00	    0.00	    0.00	    0.00	    0.00	    0.00	    0.00	  888.87	  355.55	  237.03	    0.00	  177.77	  266.66	 2121.65	 1081.08	    0.00	  385.18	    0.00	    0.00	    0.00	    0.00	    0.00
15	9	    0.00	  339.61	    0.00	    0.00	    0.00	    0.00	 1096.27	  888.87	    0.00	    0.00	    0.00	    0.00	    0.00	    0.00	    0.00	 3033.03	 2133.28	  393.94	  681.46	  918.50	    0.00	    0.00	    0.00	    0.00
15	16	  118.52	  285.66	   29.63	  207.40	   88.89	  276.25	  759.91	 1111.28	  385.18	 1688.85	  296.29	  177.77	    0.00	    0.00	    0.00	 4116.45	    0.00	  553.33	    0.00	    0.00	    0.00	    0.00	    0.00	    0.00
15	17	  177.77	   59.26	   29.63	  237.03	   88.89	  118.52	    0.00	    0.00	  414.80	 1600.64	  355.55	  266.66	    0.00	   88.89	  207.40	 2055.99	  694.38	    0.00	  207.40	    0.00	    0.00	    0.00	    0.00	    0.00
16	9	    0.00	    0.00	    0.00	    0.00	    0.00	    0.00	    0.00	    0.00	    0.00	    0.00	    0.00	    0.00	    0.00	    0.00	    0.00	  742.16	  995.34	  115.16	    0.00	    0.00	    0.00	    0.00	    0.00	    0.00
16	15	    0.00	    0.00	    0.00	  102.37	   63.98	    0.00	    0.00	    0.00	  179.14	  695.45	  192.78	    0.00	    0.00	  563.63	  983.16	    0.00	 5123.91	    0.00	 1825.56	    0.00	  177.77	  355.55	  148.14	   88.89
16	18	    0.00	  113.20	    0.00	   59.26	   29.63	   59.26	  325.92	  503.69	  118.52	  533.32	    0.00	    0.00	    0.00	    0.00	    0.00	 2159.12	 4036.10	  177.77	    0.00	    0.00	    0.00	    0.00	    0.00	    0.00
17	6	  212.12	   84.85	   42.42	  118.52	   59.26	    0.00	    0.00	    0.00	  177.77	  562.95	  148.14	  303.79	  518.84	  154.67	  340.92	  607.59	  433.99	  374.73	  311.30	 1084.97	  303.79	  564.19	  260.39	  173.60
17	15	   63.98	   51.18	   25.59	    0.00	    0.00	    0.00	 2463.76	    0.00	    0.00	    0.00	    0.00	   96.39	   82.62	    6.82	   11.69	    0.00	    0.00	 1164.27	   12.66	 1612.88	   82.62	  165.24	   68.85	   41.31
17	19	    0.00	   56.60	    0.00	   91.81	   30.60	  267.90	 1072.44	 1492.66	  177.77	  740.72	  177.77	    0.00	    0.00	    0.00	    0.00	 1231.41	    0.00	  544.15	    0.00	    0.00	    0.00	    0.00	    0.00	    0.00
18	14	    0.00	   56.60	    0.00	    0.00	    0.00	   41.31	  303.79	  433.99	    0.00	    0.00	    0.00	    0.00	    0.00	    0.00	    0.00	 1594.93	 2560.54	  130.20	 2224.18	 1381.65	    0.00	    0.00	    0.00	    0.00
18	16	    0.00	    0.00	    0.00	    0.00	    0.00	    0.00	    0.00	    0.00	    0.00	    0.00	    0.00	    0.00	  216.99	  867.43	 1634.14	    0.00	    0.00	    0.00	 2563.35	  737.78	  438.17	 1093.33	  408.54	  219.08
18	19	    0.00	    0.00	    0.00	    0.00	   12.80	    0.00	    0.00	    0.00	   82.62	  351.07	   96.39	    0.00	    0.00	  333.00	  709.40	    0.00	  737.78	    0.00	  767.54	    0.00	    0.00	    0.00	    0.00	    0.00
19	17	  140.75	   76.77	   38.39	    0.00	    0.00	    0.00	    0.00	    0.00	    0.00	    6.82	   13.77	  220.32	  644.86	  116.01	  232.01	    0.00	    0.00	    0.00	  246.76	 2871.45	  429.81	  859.62	  372.64	  214.91
19	18	    0.00	    0.00	    0.00	    0.00	    0.00	   68.85	  151.47	  234.09	    0.00	    0.00	    0.00	    0.00	    0.00	    0.00	    0.00	    0.00	    0.00	   82.62	    0.00	 2640.22	    0.00	    0.00	    0.00	    0.00
19	20	    0.00	    0.00	    0.00	    0.00	    0.00	   27.54	  400.18	  520.79	    0.00	    0.00	    0.00	    0.00	    0.00	    0.00	    0.00	  302.94	    0.00	  114.34	    0.00	 1171.77	    0.00	    0.00	    0.00	    0.00
19	21	    0.00	    0.00	    0.00	    0.00	    0.00	   41.31	  303.79	  347.19	    0.00	    0.00	    0.00	    0.00	    0.00	    0.00	    0.00	  234.09	    0.00	  173.60	    0.00	 1345.37	    0.00	    0.00	    0.00	    0.00
20	19	  270.95	  120.17	   38.39	   38.39	    0.00	    0.00	    0.00	    0.00	    0.00	    0.00	    0.00	  393.92	  905.25	    0.00	    0.00	    0.00	    0.00	    0.00	    0.00	    0.00	  950.60	    0.00	    0.00	  388.50
20	21	  272.07	  124.62	   55.22	   51.18	    0.00	    0.00	    0.00	    0.00	    0.00	    0.00	    0.00	  424.93	 1187.89	    0.00	    0.00	    0.00	    0.00	    0.00	    0.00	    0.00	 2434.52	    0.00	    0.00	 1319.20
20	23	    0.00	    0.00	    0.00	    0.00	    0.00	   13.77	  313.38	  347.19	   84.85	  339.40	    0.00	    0.00	    0.00	    0.00	  633.02	  309.21	  339.40	   70.94	  246.47	  650.98	 1388.77	 1527.29	    0.00	    0.00
21	14	  110.16	   27.54	   13.77	    0.00	    0.00	    0.00	    0.00	    0.00	    0.00	    0.00	    0.00	  137.70	  650.98	    0.00	    0.00	    0.00	    0.00	    0.00	    0.00	    0.00	 1653.34	 5116.51	 1289.44	  870.07
21	19	    0.00	    0.00	    0.00	    0.00	    0.00	    0.00	    0.00	    0.00	    0.00	    0.00	    0.00	    0.00	    0.00	    0.00	    0.00	    0.00	    0.00	    0.00	    0.00	    0.00	    0.00	 1901.20	  676.44	    0.00
21	20	    0.00	    0.00	    0.00	   59.26	   30.60	   29.63	    0.00	    0.00	  215.05	  860.19	    3.90	    0.00	    0.00	    3.90	  980.21	  266.66	  599.79	    0.00	  420.07	    0.00	    0.00	 2308.47	    6.82	    0.00
21	22	    0.00	    0.00	    0.00	    0.00	   29.63	   43.40	   86.80	  130.20	  218.94	  788.97	    0.00	    0.00	    0.00	    0.00	  451.53	  216.99	  268.19	   43.40	  137.02	  303.79	    0.00	 1263.16	    0.00	    0.00
22	13	    0.00	    0.00	    0.00	    0.00	    0.00	    0.00	    0.00	    0.00	    0.00	    0.00	    0.00	    0.00	  260.39	    0.00	    0.00	    0.00	    0.00	    0.00	    0.00	    0.00	  347.19	  316.71	 1983.43	  433.99
22	21	   11.69	    2.92	    1.95	    0.00	    0.00	    0.00	    0.00	    0.00	    0.00	    0.00	  155.37	   16.56	   27.28	  169.14	    0.00	    0.00	    0.00	    0.00	    0.00	    0.00	    0.00	    0.00	 2884.07	   28.25
22	23	    0.00	    0.00	    0.00	    0.00	    0.00	    0.00	    0.00	    0.00	    1.95	    7.79	  430.09	    0.00	    0.00	  610.51	   17.54	    0.00	    7.79	    0.00	    6.82	    0.00	    0.00	   35.07	 1425.35	    0.00
23	12	    0.00	    0.00	    0.00	    0.00	    0.00	    0.00	  269.99	  260.39	    0.00	    0.00	    0.00	    0.00	    0.00	  267.21	  476.96	  179.01	  216.99	   70.94	  209.89	  477.39	  520.79	 1084.97	  824.58	  650.98
23	20	  586.42	  244.79	   93.61	  117.11	   12.80	    0.00	    0.00	    0.00	    0.00	    0.00	  169.70	  949.04	 2353.54	  169.70	    0.00	    0.00	    0.00	    0.00	    0.00	    0.00	    0.00	    0.00	  296.97	 1924.70
23	22	  141.89	    2.92	   45.35	  216.99	   13.77	    0.00	    0.00	    0.00	    0.00	    0.00	    0.00	  320.35	  634.86	    0.00	    0.00	    0.00	    0.00	    0.00	    0.00	    0.00	  650.98	    0.00	    0.00	  766.03
