i	j	       0	       1	       2	       3	       4	       5	       6	       7	       8	       9	      10	      11	      12	      13	      14	      15	      16	      17	      18	      19	      20	      21	      22	      23
0	1	 2600.16	    0.00	  279.49	  199.98	   17.15	    0.00	    0.01	    0.02	   34.30	  102.93	  199.98	  503.31	  470.64	   99.99	   17.16	    0.02	    0.02	    0.00	    0.02	    0.00	    0.01	    0.14	    0.26	   29.77
0	2	 6199.84	 1167.14	    0.00	    0.00	    0.00	  238.48	  151.80	  249.04	    0.00	    0.00	    0.00	    0.00	    0.00	    0.00	    0.00	   94.43	    0.00	   35.44	    0.00	    0.00	    0.00	    0.00	    0.00	    0.00
1	0	    0.00	 1267.14	    0.00	    0.00	    0.00	  538.48	  651.77	 1049.00	    0.00	    0.00	    0.00	    0.00	    0.00	    0.00	    0.00	  594.40	    0.68	  135.44	    0.03	  299.93	    0.00	    0.00	    0.00	    0.00
1	5	 2500.16	 2732.86	  179.49	    0.00	    0.00	    0.00	    0.00	    0.00	    0.00	    0.00	    0.00	  403.31	  170.64	    0.00	    0.00	    0.00	    0.00	    0.00	    0.00	    0.00	    0.01	    0.04	    0.26	   29.77
2	0	    0.00	    0.00	  379.49	  699.98	  217.15	    0.00	    0.03	    0.06	  534.30	 1402.93	  699.98	  703.31	  970.64	  399.99	  517.16	    0.04	  399.34	    0.00	  299.99	    0.07	  100.01	  400.14	  300.26	  129.77
2	3	 4499.64	  667.00	 1920.39	    0.00	    0.00	    0.05	    0.00	    0.00	    0.00	    0.00	    0.00	 3941.43	 2586.05	    0.00	    0.00	    0.00	    0.00	    0.00	    0.00	    0.00	  205.26	    0.15	    3.50	  470.04
2	11	 1600.19	  400.13	  500.12	 1604.07	  500.69	  500.95	  872.10	 1200.00	 1399.77	  627.59	    1.21	    0.00	    0.00	    0.31	   53.66	  518.84	  176.95	  199.18	   23.00	    0.09	    0.00	    0.00	    0.00	    0.00
3	2	    0.00	    0.00	    0.00	 2504.05	  817.84	  562.51	  820.34	 1151.02	 2034.07	 2330.40	 1000.77	    0.00	    0.00	  500.03	  670.73	  624.46	  676.25	  163.75	  322.97	    0.11	    0.00	    0.04	    0.03	    0.00
3	4	 3196.79	  167.07	 1319.98	 6695.41	    0.00	    0.00	    0.00	    0.00	    0.00	    0.09	  906.69	 3341.20	 1985.84	  200.03	    0.06	    0.00	    0.03	    0.00	    0.02	    0.00	    5.27	    0.05	  199.74	  270.01
3	10	  802.85	  299.99	  400.40	 2400.54	  699.51	  599.21	    0.09	    4.87	    0.25	    0.19	    0.00	    0.23	    0.21	    0.08	    0.07	    0.42	    0.05	    0.02	    0.02	    0.03	    0.02	    0.05	    0.06	    0.03
4	3	    0.00	    0.05	    0.00	    0.00	 2017.35	 1561.68	 1220.42	 1855.88	 2734.32	 3529.50	    0.00	    0.00	    0.00	    0.10	 1168.69	 1424.88	 1175.97	  263.77	  522.11	  300.14	    0.03	  398.44	    0.00	    0.00
4	5	    0.00	    0.00	  527.39	 2178.16	 1286.95	    0.00	    0.02	    0.04	  565.85	 1297.00	  405.81	 1463.68	  524.01	  100.04	  282.73	    0.04	    0.05	    0.00	    0.08	    0.01	    0.01	    0.00	   99.74	   70.21
4	8	 2996.79	  899.84	  692.59	 4017.25	 2795.70	 1399.78	    0.03	    0.12	    0.00	    0.00	    0.88	 1677.52	 1261.82	    0.00	    0.00	    0.07	    0.00	    0.01	    0.00	    0.03	    0.00	    0.00	    0.00	  199.80
5	1	    0.00	    0.00	    0.00	    0.02	   82.85	  938.48	  851.76	 1448.98	  165.70	  497.07	    0.02	    0.00	    0.00	    0.01	   82.84	  994.38	  200.66	  135.44	  100.01	  399.93	    0.00	   99.89	    0.00	    0.00
5	4	    0.00	  832.82	    0.00	    0.00	    0.00	 3161.46	 1093.86	 1782.55	    0.00	    0.00	    0.00	    0.00	    0.00	    0.00	    0.00	 1427.89	    0.41	  199.64	    0.03	  301.87	    0.01	    0.00	    0.00	    0.00
5	7	 2200.16	 1500.04	  406.89	 1778.14	 1004.10	 3500.05	    0.00	    0.00	    0.18	    0.08	    5.79	 1666.99	  494.65	    0.03	    0.00	    0.00	    0.00	    0.00	    0.00	    0.00	    0.00	    0.00	    0.00	    0.00
6	7	    0.00	    0.00	    0.00	    0.00	    0.00	    0.00	 4277.65	    0.00	    0.00	    0.00	    0.00	    0.00	    0.00	  399.70	  599.39	  326.77	  115.80	  998.86	  998.77	 2598.77	  499.95	  799.66	  299.93	  199.96
6	17	  438.60	  346.36	   13.40	  452.12	  132.64	 1008.18	 7822.35	 4577.52	  852.56	    0.66	    0.16	  188.27	    0.20	    0.00	    0.00	    0.00	    0.03	    0.00	    0.00	    0.00	    0.00	    0.00	    0.00	    0.00
7	5	    0.00	    0.00	    0.00	    0.00	    0.00	    0.00	 2345.61	 4031.50	    0.03	    0.15	    0.00	    0.00	    0.00	    0.00	    0.11	 3322.22	  701.02	  435.07	  299.97	 1001.78	   99.98	  299.86	    0.00	    0.02
7	6	  938.60	  546.36	  113.40	  852.12	  332.64	 1408.18	    0.00	 5577.52	 1452.50	    3.01	    0.99	  888.18	    1.95	    0.00	    0.00	    0.00	    0.13	    0.00	    0.00	    0.00	    0.00	    0.00	    0.00	    0.00
7	8	    0.00	    0.00	    0.00	    0.00	    0.00	    0.00	  932.05	 3768.39	    0.00	    0.00	    0.00	    0.00	    0.00	    0.00	    0.00	 1222.37	    0.12	  264.15	    0.00	  697.74	    0.09	    0.00	    0.00	    0.00
7	15	  461.66	  553.72	  175.32	  697.04	  435.62	 1291.98	    0.00	 3322.59	  970.54	    0.00	    0.07	  501.47	    0.09	    0.00	    0.00	    0.00	    0.00	    0.00	    0.00	    0.00	    0.00	    0.00	    0.00	    0.00
8	4	    0.00	    0.00	    0.00	    0.00	    0.00	    0.00	  326.61	  573.49	 4100.17	 5826.42	    0.00	    0.00	    0.00	    0.11	 1651.36	  497.10	 1375.58	   64.14	  622.14	   98.31	   94.77	  598.39	    0.00	    0.00
8	7	    0.09	    0.05	   81.84	  471.02	  264.17	    0.11	    0.00	    0.00	 3222.89	 1602.76	  795.28	  322.66	  107.38	    0.00	    0.00	    0.00	    0.26	    0.00	    0.00	    0.00	    0.00	    0.00	    0.00	    0.00
8	9	 2496.70	  699.79	  510.75	 2846.22	 1731.54	  999.68	    5.53	 2395.02	 8876.94	    0.00	    0.00	  754.92	  554.50	    0.00	    0.00	    0.85	    0.00	    0.16	    0.00	    0.00	    0.00	    0.00	    0.00	    0.00
9	8	    0.00	    0.00	    0.00	    0.00	    0.00	    0.00	    0.06	    0.00	    0.00	10229.18	 2194.40	    0.06	    0.06	  600.11	 2651.36	  675.51	 2275.73	    0.14	 1022.14	    0.55	  394.68	 1298.39	  500.00	    0.20
9	10	    0.00	    0.00	    0.00	    0.00	    0.00	    0.00	  499.85	  795.13	 1675.97	 8285.50	    0.00	    0.00	    0.00	    0.00	 1294.55	 1581.42	 1923.16	  200.03	  427.23	  422.90	    2.86	  520.67	    0.00	    0.00
9	14	  798.92	   99.93	   99.88	 1097.57	  500.04	  199.87	    0.00	    0.00	 3124.09	14571.01	 2079.87	  712.19	    5.08	    0.00	    0.00	    0.00	    0.94	    0.00	    0.00	    0.00	    0.00	    0.00	    0.00	    0.00
9	15	    0.00	    0.00	   11.28	   50.90	   31.76	    0.00	    0.00	    0.00	  377.23	 8214.17	 2244.56	  134.20	    0.25	    0.00	    0.00	    0.00	    0.00	    0.00	    0.00	    0.00	    0.00	    0.00	    0.00	    0.00
9	16	  399.64	    0.02	   99.96	  499.79	  199.92	    0.05	    0.10	    0.14	  899.66	 3900.14	  999.92	  599.84	  499.87	    0.12	    0.15	    0.14	    0.00	    0.06	    0.08	    0.17	    0.06	    0.17	    0.06	    0.03
10	3	    0.00	    0.00	    0.00	    0.00	    0.00	    0.00	    0.00	    0.00	    0.00	    1.19	 3407.45	    0.00	    0.00	 1200.03	    2.17	    0.00	    0.36	    0.00	    0.89	    0.00	    0.00	    1.55	  696.33	    0.00
10	9	    1.86	    0.10	    0.37	    2.04	    0.19	    0.15	    0.00	    0.00	    0.00	    0.00	11418.76	 2691.37	 1850.75	 1135.82	    0.00	    0.00	    0.00	    0.00	    0.00	    0.00	    0.00	    0.00	  346.67	   62.39
10	11	    0.00	    0.00	    0.00	    0.00	    0.00	    0.00	    0.00	    0.00	    0.19	 3272.82	 2399.91	    0.00	    0.00	  716.74	  652.21	  181.84	  922.97	    0.10	  279.49	    0.00	    0.00	    0.00	    0.00	    0.00
10	13	  301.28	  100.00	  100.17	  998.58	  199.34	  199.14	    0.00	    0.00	  276.03	 1011.69	 5073.87	  988.10	  596.28	    0.00	    0.00	    0.00	    0.00	    0.00	    0.00	    0.00	    0.00	    0.00	    0.00	    0.00
11	2	    0.00	    0.00	    0.00	    0.00	    0.00	    0.00	    0.00	    0.00	    0.00	    0.11	    0.42	 4844.74	 3656.69	    0.28	    0.09	    0.00	    0.03	    0.00	    0.01	    0.05	  305.27	  500.26	  403.73	  599.81
11	10	    0.29	    0.11	    0.14	    0.07	    0.02	    0.08	    0.00	    0.00	    0.00	    0.00	    0.00	 5079.24	 3446.82	    0.00	    0.00	    0.00	    0.00	    0.00	    0.00	    0.00	    0.05	    0.00	    0.00	    0.21
11	12	 1399.91	  300.03	  299.98	 1004.00	  300.67	  300.86	  172.53	  600.00	  799.96	 1900.30	 1000.70	 3976.02	    0.00	   17.11	    5.78	    1.02	  499.88	    0.02	    2.48	    0.03	    0.00	    0.00	    0.00	    0.00
12	11	    0.00	    0.00	    0.00	    0.00	    0.00	    0.00	    0.43	    0.00	    0.00	    0.00	    0.00	    0.00	 8403.51	    0.34	    0.00	    0.34	    0.00	    0.74	    0.00	  499.99	  605.32	 1200.26	 1103.73	 1100.02
12	23	  899.91	    0.03	  199.98	  404.00	  100.67	  100.86	    0.00	    0.00	  199.96	    0.30	    0.70	 2676.02	 6196.49	    0.00	    0.00	    0.00	    0.00	    0.00	    0.00	    0.00	    0.00	    0.00	    0.00	    0.00
13	10	    0.00	    0.00	    0.00	    0.00	    0.00	    0.00	    0.06	    0.00	    0.00	    0.00	    0.00	    0.00	    0.00	 4652.52	  759.76	    0.00	    0.13	    0.04	  253.14	  177.07	  397.07	  580.83	 2342.94	  662.15
13	14	    1.19	    0.00	    0.15	    1.33	    0.02	    0.00	    0.00	    0.00	    0.00	    0.00	  926.11	  287.87	   97.57	 6318.73	    0.00	    0.00	    0.00	    0.00	    0.00	    0.00	    0.00	    0.00	 1207.35	  131.16
13	22	    0.10	    0.00	    0.03	  497.30	   99.34	   99.15	    0.00	    0.00	  172.28	  700.90	 2547.84	    0.27	  593.92	 3128.75	  369.25	    0.00	  192.56	    0.00	  113.55	    0.00	    0.00	    0.00	    0.00	    0.00
14	9	    0.00	    0.00	    0.00	    0.00	    0.00	    0.00	    0.09	    0.00	    0.00	    0.00	    0.00	    0.00	    0.00	 1564.41	 7946.05	    0.35	    0.00	    0.10	 3249.22	 1799.38	 1597.60	 4419.22	 1953.38	  737.84
14	13	    0.00	    0.00	    0.00	    0.02	    0.01	    0.00	  199.72	  399.32	  496.25	 1789.21	    0.00	    0.00	    0.00	    0.00	 2429.01	  699.63	  892.69	   99.86	  666.68	  676.15	    1.14	  695.64	    0.00	    0.00
14	18	  300.11	    0.06	    0.03	  200.18	  100.06	    0.12	    0.02	    0.03	  400.31	 3083.06	  754.15	  300.19	  291.46	 2896.65	 5899.41	    0.06	    0.49	    0.01	    0.00	    0.06	  626.79	 2899.77	  899.93	  292.92
14	21	    0.00	    0.00	    0.00	  398.70	  199.98	    0.00	    0.00	    0.00	 1327.53	 5698.74	  851.84	    0.00	    5.87	  557.68	 5125.52	    0.27	 2374.29	    0.00	 2032.56	    0.00	    0.00	    0.00	    0.00	    0.00
15	7	    0.00	    0.00	    0.00	    0.00	    0.00	    0.00	    0.00	    0.00	    0.00	    0.32	    0.00	    0.00	    0.00	    0.27	    0.72	 6417.83	 1985.19	    0.36	    1.20	    0.75	    0.13	    0.20	    0.08	    0.05
15	9	    0.00	    0.06	    0.00	    0.00	    0.00	    0.08	 2394.39	    0.25	    0.00	    0.00	    0.00	    0.00	    0.00	    0.00	    0.00	 6655.33	    0.67	  899.92	    0.23	 1124.23	    0.00	    0.00	    0.00	    0.00
15	16	    0.27	  200.02	    0.01	    0.07	    0.03	  500.02	 1000.02	 1400.17	    0.14	    0.60	    0.11	    0.06	    0.00	    0.00	    0.00	 5978.94	    0.00	  600.06	    0.00	 1579.13	  312.09	    0.13	    0.05	   99.89
15	17	    0.05	    0.02	    0.00	    0.17	    0.04	    0.08	    0.00	    0.40	    0.49	 3815.31	  845.01	    0.21	    0.01	    0.15	    0.44	 7047.90	 3736.75	    0.00	    0.44	    0.00	    0.00	    0.00	    0.00	    0.00
16	9	    0.00	    0.00	    0.00	    0.00	    0.00	    0.00	    0.00	    0.00	    0.00	    0.00	    0.00	    0.00	    0.00	    0.00	    0.00	    0.55	 8099.16	    0.05	    0.00	    0.00	    0.00	    0.00	    0.00	    0.00
16	15	    0.00	    0.00	    0.00	    0.00	    0.00	    0.00	    0.00	    0.00	    0.00	    1.62	    0.34	    0.09	    0.08	  684.22	 1174.55	    0.00	 8522.48	    0.00	 1273.11	    0.00	    0.06	    0.13	    0.05	    0.03
16	18	    0.03	    0.04	    0.00	    0.02	    0.02	    0.07	    0.12	    0.31	    0.07	    0.32	    0.00	    0.00	    0.00	    0.00	    0.00	 3178.53	 6778.36	    0.06	    0.00	    0.00	    0.00	    0.00	    0.00	    0.00
17	6	    0.00	    0.00	    0.00	    0.00	    0.00	    0.00	    0.00	    0.00	    0.06	 1897.65	  499.17	    0.09	  398.25	  599.70	 1099.39	 1726.77	 1115.70	 1198.86	 1398.77	 3098.77	  699.95	 1299.66	  499.93	  299.96
17	15	   38.66	   46.38	   13.40	   52.31	   32.69	  108.21	 4794.41	  278.24	   52.86	    0.43	    0.14	   64.52	  599.60	   16.20	   26.61	    0.00	    0.14	 2000.35	   28.76	 4304.11	  912.16	 1200.20	  500.07	  399.91
17	19	  299.99	  300.01	    0.00	  299.99	  100.00	  800.05	 2827.94	 3999.69	  600.13	 1218.14	  245.86	    0.05	    0.19	    0.00	    0.00	 4821.14	 2021.11	 1600.80	    0.00	    0.00	    0.00	    0.00	    0.00	    0.00
18	14	    0.00	    0.13	    0.00	    0.00	    0.00	    0.26	  699.64	  999.26	    0.00	    0.00	    0.00	    0.00	    0.00	    0.00	    0.00	 1900.14	 4766.52	  299.88	 6748.46	 3574.79	    0.19	    0.45	    0.19	    0.08
18	16	    0.12	    0.00	    0.03	    0.15	    0.06	    0.00	    0.00	    0.00	    0.28	    1.20	    0.31	    0.19	    0.21	 1384.10	 2674.41	    0.00	    0.00	    0.00	 2973.03	  120.70	  287.91	 1699.83	  599.95	  200.12
18	19	    0.02	    0.00	    0.00	    0.04	    0.02	    0.03	    0.00	    0.00	    0.10	 1282.18	  353.84	    0.00	    0.03	 1212.55	 2425.01	    0.00	  312.32	    0.00	 3078.51	    0.00	    0.00	    0.00	    0.00	    0.00
19	17	    0.00	    0.00	    0.00	    0.00	    0.00	    0.00	    0.00	    0.00	    0.00	    0.25	    0.00	   76.18	 1097.83	  715.75	 1325.55	    0.00	    0.17	    0.00	 1727.09	 7802.88	 1712.10	 2799.86	 1100.00	  699.87
19	18	    0.00	  100.04	    0.00	    0.00	    0.00	  200.10	 1099.50	 1698.92	    0.00	    0.00	    0.00	    0.00	    8.78	    0.00	    0.00	   21.54	    0.00	  599.81	    0.00	 4895.43	   61.31	    0.51	    0.20	    7.28
19	20	    0.00	    0.00	    0.00	    0.01	    0.00	  100.00	  528.17	  600.34	    0.17	    0.06	    0.02	    0.01	    0.22	    0.02	    0.04	 1499.89	  633.22	  200.87	  151.54	 2701.05	    0.00	    0.09	    0.03	    0.02
19	21	    0.00	   99.97	    0.00	    0.02	    0.01	  199.98	  700.27	  800.43	    0.06	    0.25	    0.05	    0.00	    0.00	    0.00	    0.19	 1699.71	    0.13	  400.12	    0.09	 3100.63	    0.21	    0.00	    0.00	    0.00
20	19	    0.00	    0.00	    0.00	    0.00	    0.00	    0.00	    0.00	    0.00	    0.00	    0.12	    0.03	  476.06	 1706.42	    0.29	    0.19	    0.00	    0.08	    0.00	    0.21	    0.00	 2973.63	    0.26	    1.71	 1106.84
20	21	  248.99	    0.02	   62.25	    0.43	    0.00	    0.04	    0.13	    0.15	    0.00	    0.00	    0.00	  435.73	 1404.12	    0.00	    0.00	    0.34	    0.00	    0.08	    0.00	    0.78	 4826.98	    0.00	    0.84	 1540.51
20	23	    0.00	    0.00	    0.00	    0.00	    0.00	    0.02	  328.05	  200.22	    0.03	  517.44	    0.00	    0.00	    0.00	    0.00	  723.08	  899.69	  230.74	  100.80	  273.23	 1500.36	 3199.39	 2444.39	    0.00	    0.00
21	14	    0.00	    0.00	    0.00	    0.00	    0.00	    0.00	    0.20	    0.09	    0.00	    0.00	    0.00	    0.12	  894.68	    0.00	    0.00	    0.18	    0.00	    0.08	    0.00	    0.80	 3025.34	10614.19	 2645.77	 1299.53
21	19	    0.00	    0.00	    0.00	    0.00	    0.00	    0.00	    0.00	    0.00	    0.00	    0.12	    0.34	    0.09	    0.18	    2.93	    0.59	    0.00	    0.00	    0.00	    0.00	    0.00	    0.00	 5200.20	 1798.53	    0.34
21	20	    0.01	    0.00	    0.00	    0.03	    0.05	    0.01	    0.02	    0.03	  299.84	 1717.50	    3.83	    0.04	    6.22	    1.02	 1523.23	    0.14	  197.60	    0.01	  521.89	    0.09	    0.00	 4244.56	    0.84	    0.00
21	22	    0.00	    0.00	    0.00	    0.00	    0.00	    0.01	  200.19	  300.46	  327.75	 1381.37	    0.00	    0.00	    0.00	    0.00	 1001.90	  500.00	  476.82	  100.10	  310.76	  700.52	    1.85	 4341.05	    0.00	    0.00
22	13	    0.01	    0.00	    0.00	    0.02	    0.00	    0.00	    0.34	    0.68	    0.00	    0.00	    0.08	    0.03	  695.21	    0.00	    0.00	    0.37	    0.00	    0.19	    0.01	    0.92	  795.92	 1085.18	 4650.29	 1193.31
22	21	  151.02	    0.01	   37.75	    0.88	    0.05	    0.00	    0.00	    0.00	    0.00	    0.00	  252.28	  264.52	  791.10	  646.27	    0.00	    0.00	    0.00	    0.00	    0.00	    0.00	    0.00	    0.00	 6544.30	  859.36
22	23	    0.00	    0.00	    0.00	    0.03	    0.00	    0.01	    0.02	    0.03	    0.03	  282.27	  995.62	    0.00	  593.56	 1382.48	  371.15	    0.05	   69.38	    0.00	  124.30	    0.17	    0.07	 1155.87	 3305.41	    0.00
23	12	    0.00	    0.00	    0.00	    0.00	    0.00	    0.00	  227.90	    0.00	    0.00	    0.00	    0.00	    0.00	    0.00	  583.23	  694.22	  599.32	    0.12	  100.72	  297.52	 1099.96	 1205.32	 2500.26	 1903.73	 1800.02
23	20	  348.97	    0.01	   62.25	  200.40	   99.95	    0.04	    0.00	    0.00	    0.01	    0.00	  396.18	 1211.74	 3704.10	  399.25	    0.00	    0.00	    0.00	    0.00	    0.00	    0.00	    0.00	    0.00	  701.68	 3147.32
23	22	  450.93	    0.01	  137.73	    3.63	    0.72	    0.85	    0.17	    0.25	    0.00	    0.00	    0.14	  964.28	 2285.95	    0.00	    0.00	    0.42	    0.00	    0.08	    0.00	    0.57	 1494.15	    0.00	    0.00	 2752.66
