i	j	       0	       1	       2	       3	       4	       5	       6	       7	       8	       9	      10	      11	      12	      13	      14	      15	      16	      17	      18	      19	      20	      21	      22	      23
0	1	 2600.54	    0.00	  266.56	  199.98	   16.79	    0.00	    0.01	    0.02	   33.59	  100.81	  199.98	  470.99	  461.55	  100.00	   16.80	    0.02	    0.02	    0.00	    0.02	    0.00	    0.01	    0.06	    0.08	   28.83
0	2	 6199.46	 1161.61	    0.00	    0.00	    0.00	  232.91	  142.05	  248.31	    0.00	    0.00	    0.00	    0.00	    0.00	    0.00	    0.00	   99.76	    0.00	   35.38	    0.00	    0.02	    0.00	    0.00	    0.00	    0.00
1	0	    0.00	 1261.61	    0.00	    0.00	    0.00	  532.91	  642.03	 1048.28	    0.00	    0.00	    0.00	    0.00	    0.00	    0.00	    0.00	  599.74	    0.51	  135.38	    0.03	  300.01	    0.00	    0.02	    0.00	    0.00
1	5	 2500.54	 2738.39	  166.56	    0.00	    0.00	    0.00	    0.00	    0.00	    0.00	    0.00	    0.00	  370.99	  161.55	    0.00	    0.00	    0.00	    0.00	    0.00	    0.00	    0.00	    0.01	    0.03	    0.08	   28.83
2	0	    0.00	    0.00	  366.56	  699.98	  216.79	    0.00	    0.03	    0.05	  533.59	 1400.81	  699.98	  670.99	  961.55	  400.00	  516.80	    0.04	  399.50	    0.00	  299.99	    0.02	  100.01	  400.04	  300.08	  128.83
2	3	 4499.24	  661.44	 1933.37	    0.00	    0.00	    0.00	    0.00	    0.00	    0.00	    0.00	    0.00	 3749.86	 2499.21	    0.09	    0.00	    0.00	    0.00	    0.00	    0.00	    0.00	  203.33	    0.36	    2.15	  470.77
2	11	 1600.22	  400.17	  500.08	 1601.37	  402.38	  500.35	  768.81	 1200.00	 1399.60	  665.12	    1.13	    0.00	    0.00	    0.00	   53.84	  531.26	  187.42	  199.58	   23.07	    0.08	    0.00	    0.00	    0.00	    0.00
3	2	    0.00	    0.00	    0.00	 2501.35	  719.17	  567.44	  726.80	 1151.74	 2033.19	 2365.92	 1000.72	    0.00	    0.00	  499.70	  670.58	  631.54	  686.93	  164.20	  323.06	    0.07	    0.00	    0.00	    0.00	    0.00
3	4	 3198.13	  161.53	 1333.19	 6697.97	    0.00	    0.00	    0.00	    0.00	    0.00	    0.13	  905.02	 3149.39	 1898.88	  200.00	    0.01	    0.00	    0.01	    0.00	    0.01	    0.00	    3.35	    0.02	  199.88	  270.74
3	10	  801.10	  299.96	  400.18	 2400.69	  699.91	  599.73	    0.52	    4.02	    0.21	    0.17	    0.00	    0.47	    0.32	    0.07	    0.06	    0.12	    0.04	    0.10	    0.02	    0.03	    0.02	    0.05	    0.05	    0.03
4	3	    0.00	    0.05	    0.00	    0.00	 1919.08	 1567.17	 1127.31	 1855.76	 2733.40	 3565.71	    0.00	    0.00	    0.00	    0.00	 1168.75	 1431.66	 1186.85	  264.30	  522.29	  300.10	    0.04	  398.84	    0.00	    0.00
4	5	    0.00	    0.00	  528.84	 2125.27	 1256.52	    0.00	    0.02	    0.03	  566.56	 1299.13	  403.65	 1478.93	  581.54	  100.00	  282.86	    0.04	    0.23	    0.00	    0.12	    0.01	    0.01	    0.00	   99.88	   71.15
4	8	 2998.13	  900.04	  704.34	 4072.70	 2924.40	 1400.17	    0.02	    0.10	    0.00	    0.00	    1.37	 1470.46	 1117.34	    0.00	    0.00	    0.06	    0.00	    0.01	    0.00	    0.02	    0.01	    0.00	    0.00	  199.59
5	1	    0.00	    0.00	    0.00	    0.02	   83.21	  932.91	  842.02	 1448.26	  166.41	  499.19	    0.02	    0.00	    0.00	    0.01	   83.20	  999.72	  200.50	  135.38	  100.01	  400.00	    0.00	   99.99	    0.00	    0.00
5	4	    0.00	  838.55	    0.00	    0.00	    0.00	 3167.34	 1026.25	 1803.66	    0.00	    0.00	    0.00	    0.00	    0.00	    0.00	    0.00	 1456.55	    0.62	  202.36	    0.03	  306.34	    0.01	    0.01	    0.00	    0.00
5	7	 2200.54	 1499.84	  395.40	 1725.25	  973.31	 3499.75	    0.00	    0.00	    0.15	    0.06	    3.64	 1649.92	  543.09	    0.00	    0.00	    0.00	    0.00	    0.00	    0.00	    0.00	    0.00	    0.00	    0.00	    0.00
6	7	    0.00	    0.00	    0.00	    0.00	    0.00	    0.00	 4173.32	    0.00	    0.00	    0.00	    0.00	    0.00	    0.00	  399.92	  600.00	  390.40	  142.61	  999.60	  999.36	 2599.67	  499.98	  799.88	  300.01	  199.99
6	17	  430.85	  336.95	    7.74	  429.46	  118.50	  986.34	 7926.68	 4521.63	  824.63	    0.22	    0.13	  216.77	    0.03	    0.00	    0.00	    0.00	    0.00	    0.00	    0.00	    0.00	    0.00	    0.00	    0.00	    0.00
7	5	    0.00	    0.00	    0.00	    0.00	    0.00	    0.00	 2268.26	 4051.89	    0.00	    0.13	    0.00	    0.00	    0.00	    0.00	    0.34	 3356.23	  700.88	  437.74	  299.92	 1006.33	  100.00	  299.97	    0.04	    0.01
7	6	  930.85	  536.95	  107.74	  829.46	  318.50	 1386.34	    0.00	 5521.63	 1424.58	    1.45	    1.30	  916.77	   65.20	    0.00	    0.00	    0.00	    0.08	    0.00	    0.00	    0.00	    0.00	    0.00	    0.00	    0.00
7	8	    0.00	    0.00	    0.00	    0.00	    0.00	    0.00	  905.07	 3748.01	    0.00	    0.00	    0.00	    0.00	    0.00	    0.00	    0.00	 1277.24	    0.00	  261.99	    0.00	  693.68	    0.03	    0.00	    0.00	    0.00
7	15	  469.77	  562.93	  172.82	  678.58	  424.04	 1313.49	    0.00	 3378.47	  901.61	    0.55	    0.31	  485.70	    0.46	    0.00	    0.00	    0.00	    0.00	    0.00	    0.00	    0.00	    0.00	    0.00	    0.00	    0.00
8	4	    0.00	    0.00	    0.00	    0.00	    0.00	    0.00	  301.10	  552.23	 4099.95	 5864.71	    0.00	    0.00	    0.00	    0.00	 1651.60	  475.20	 1386.45	   61.95	  622.38	   93.79	   96.70	  598.81	    0.00	    0.00
8	7	    0.08	    0.04	   85.16	  482.78	  269.24	    0.09	    0.00	    0.00	 3126.04	 1601.79	  797.98	  352.55	  122.57	    0.00	    0.00	    0.00	    0.20	    0.00	    0.00	    0.00	    0.00	    0.00	    0.00	    0.00
8	9	 2498.05	  699.99	  519.19	 2889.91	 1855.16	 1000.08	    4.05	 2395.88	 8974.00	    0.00	    0.00	  518.00	  394.87	    0.00	    0.00	    0.25	    0.00	    0.14	    0.00	    0.27	    0.00	    0.00	    0.00	    0.00
9	8	    0.00	    0.00	    0.00	    0.00	    0.00	    0.00	    0.05	    0.00	    0.00	10266.50	 2196.61	    0.10	    0.10	  600.00	 2651.60	  598.16	 2286.65	    0.09	 1022.38	    0.36	  396.65	 1298.81	  500.00	    0.41
9	10	    0.00	    0.00	    0.00	    0.00	    0.00	    0.00	  499.67	  795.98	 1733.71	 8461.03	    0.00	    0.00	    0.00	    0.00	 1243.92	 1569.15	 1912.28	  199.98	  411.19	  416.87	    0.57	  482.61	    0.00	    0.00
9	14	  799.77	   99.99	   99.97	 1099.17	  597.72	  200.02	    0.00	    0.00	 3066.38	14538.23	 1952.72	  672.00	    2.41	    0.00	    0.00	    0.00	    0.81	    0.00	    0.00	    0.00	    0.00	    0.00	    0.00	    0.00
9	15	    0.00	    0.00	   19.47	   92.11	   57.57	    0.00	    0.00	    0.00	  474.00	 8034.41	 2172.31	  196.93	    0.05	    0.00	    0.00	    0.00	    0.00	    0.00	    0.00	    0.00	    0.00	    0.00	    0.00	    0.00
9	16	  399.39	    0.10	   99.97	  499.87	  199.95	    0.19	    0.08	    0.12	  899.92	 3899.83	  999.76	  599.86	  499.88	    0.06	    0.13	    0.12	    0.00	    0.05	    0.07	    0.14	    0.05	    0.14	    0.05	    0.03
10	3	    0.00	    0.00	    0.00	    0.00	    0.00	    0.00	    0.00	    0.00	    0.00	    0.51	 3405.74	    0.00	    0.00	 1199.68	    1.90	    0.00	    0.14	    0.00	    0.79	    0.00	    0.00	    0.86	  697.78	    0.00
10	9	    1.11	    0.04	    0.23	    1.23	    0.07	    0.06	    0.00	    0.00	    0.00	    0.00	11221.40	 2950.88	 2007.57	 1280.83	    0.00	    0.00	    0.00	    0.00	    0.00	    0.00	    0.00	    0.00	   87.17	   52.71
10	11	    0.00	    0.00	    0.00	    0.00	    0.00	    0.00	    0.19	    0.00	    0.11	 3234.88	 2399.69	    0.00	    0.00	  718.12	  652.03	  169.41	  912.48	    0.07	  279.42	    0.00	    0.00	    0.00	    0.00	    0.00
10	13	  300.28	  100.02	  100.04	  999.52	  199.86	  199.70	    0.00	    0.00	  333.81	 1225.80	 5273.18	 1027.42	   17.92	    0.00	    0.00	    0.00	    0.05	    0.00	    0.00	    0.00	    0.00	    0.00	    0.00	    0.00
11	2	    0.00	    0.00	    0.00	    0.00	    0.00	    0.00	    0.00	    0.00	    0.00	    0.00	    0.39	 4620.85	 3560.75	    0.38	    0.05	    0.00	    0.00	    0.00	    0.00	    0.00	  303.33	  500.40	  402.23	  599.60
11	10	    0.29	    0.11	    0.09	    0.06	    0.02	    0.02	    0.00	    0.00	    0.00	    0.00	    0.00	 5377.83	 3025.17	    0.00	    0.00	    0.00	    0.00	    0.00	    0.00	    0.00	    0.00	    0.00	    0.09	    0.04
11	12	 1399.93	  300.06	  299.99	 1001.31	  202.36	  300.33	   69.00	  600.00	  799.71	 1900.00	 1000.42	 3901.32	    0.00	   18.24	    5.91	    0.75	  499.90	    0.02	    2.53	    0.00	    0.00	    0.00	    0.00	    0.00
12	11	    0.00	    0.00	    0.00	    0.00	    0.00	    0.00	    0.00	    0.00	    0.00	    0.00	    0.00	    0.00	 7885.93	    0.50	    0.10	    0.08	    0.00	    0.36	    0.04	  499.92	  603.33	 1200.40	 1102.32	 1099.64
12	23	  899.93	    0.06	  199.99	  401.31	    2.36	  100.33	    0.00	    0.00	  199.71	    0.00	    0.42	 2601.32	 6714.07	    0.00	    0.00	    0.00	    0.00	    0.00	    0.00	    0.00	    0.00	    0.00	    0.00	    0.00
13	10	    0.00	    0.00	    0.00	    0.00	    0.00	    0.00	    0.00	    0.00	    0.00	    0.00	    0.00	    0.00	    0.00	 4798.57	  809.95	    0.15	    0.34	    0.00	  269.00	  183.11	  399.42	  618.20	 2084.81	  652.64
13	14	    0.27	    0.03	    0.04	    0.33	    0.04	    0.01	    0.00	    0.00	    0.00	    0.00	  988.32	  327.55	  116.46	 6065.40	    0.00	    0.00	    0.00	    0.00	    0.00	    0.00	    0.00	    0.00	 1378.49	  158.29
13	22	    0.03	    0.00	    0.01	  499.23	   99.84	   99.69	    0.00	    0.00	  192.24	  798.32	 2684.92	    0.00	    0.00	 3236.03	  433.03	    0.00	  218.25	    0.00	  134.87	    0.00	    0.00	    0.00	    0.00	    0.00
14	9	    0.00	    0.00	    0.00	    0.00	    0.00	    0.00	    0.00	    0.00	    0.00	    0.00	    0.00	    0.00	    0.00	 1419.23	 7895.64	    0.30	    0.65	    0.05	 3233.45	 1707.10	 1597.27	 4381.57	 2212.88	  747.73
14	13	    0.00	    0.00	    0.00	    0.00	    0.00	    0.00	  199.76	  399.52	  458.43	 1672.52	    0.07	    0.00	    0.00	    0.00	 2542.88	  699.63	  918.54	   99.88	  703.84	  682.05	    1.28	  700.41	    0.00	    0.00
14	18	  299.99	    0.06	    0.00	  200.02	  100.01	    0.11	    0.02	    0.03	  400.06	 3263.99	  826.12	  300.05	  279.64	 2896.23	 5900.11	    0.06	    0.42	    0.01	    0.00	    0.05	  557.35	 2899.91	  900.04	  259.08
14	21	    0.05	    0.00	    0.01	  399.48	  297.74	    0.00	    0.00	    0.00	 1307.89	 5601.72	  714.85	    0.08	    0.00	  449.95	 5061.37	    0.23	 2484.51	    0.00	 2087.79	    0.00	    0.00	    0.00	    0.00	    0.00
15	7	    0.00	    0.00	    0.00	    0.00	    0.00	    0.00	    0.00	    0.00	    0.00	    0.27	    0.00	    0.00	    0.00	    0.08	    0.35	 6443.07	 1958.15	    0.13	    0.55	    0.34	    0.05	    0.08	    0.03	    0.02
15	9	    0.00	    0.05	    0.00	    0.00	    0.00	    0.07	 2395.52	    0.22	    0.00	    0.00	    0.00	    0.00	    0.00	    0.00	    0.00	 6565.81	    0.58	  899.83	    0.20	 1209.78	    0.00	    0.00	    0.00	    0.00
15	16	    0.63	  199.93	    0.03	    0.15	    0.06	  499.87	 1000.38	 1400.27	    0.12	    0.51	    0.09	    0.12	    0.05	    0.00	    0.00	 5979.18	    0.00	  600.16	    0.00	 1532.54	  346.97	    0.00	    0.00	  127.24
15	17	    0.09	    0.04	    0.00	    0.09	    0.02	    0.17	    0.00	    0.71	    0.52	 3634.72	  772.65	    0.15	    0.11	    0.03	    0.28	 7111.94	 3769.88	    0.00	    0.28	    0.00	    0.00	    0.00	    0.00	    0.00
16	9	    0.00	    0.00	    0.00	    0.00	    0.00	    0.00	    0.25	    0.00	    0.00	    0.00	    0.00	    0.00	    0.00	    0.00	    0.00	    1.06	 8098.52	    0.09	    0.00	    0.22	    0.00	    0.00	    0.00	    0.00
16	15	    0.00	    0.00	    0.00	    0.00	    0.00	    0.00	    0.00	    0.00	    0.00	    0.18	    0.00	    0.00	    0.00	  687.87	 1180.85	    0.00	 8528.49	    0.00	 1279.69	    0.00	    0.05	    0.11	    0.10	    0.03
16	18	    0.03	    0.03	    0.00	    0.02	    0.01	    0.06	    0.22	    0.39	    0.04	    0.16	    0.00	    0.00	    0.00	    0.00	    0.00	 3178.23	 6772.98	    0.12	    0.00	    0.00	    0.00	    0.00	    0.00	    0.00
17	6	    0.00	    0.00	    0.00	    0.00	    0.00	    0.00	    0.00	    0.00	    0.05	 1898.77	  498.83	    0.00	  334.83	  599.92	 1100.00	 1790.40	 1142.53	 1199.60	 1399.36	 3099.67	  699.98	 1299.88	  500.01	  299.99
17	15	   30.95	   37.10	    7.74	   29.56	   18.47	   86.62	 4795.90	  222.72	   25.03	    0.37	    0.12	   17.63	  599.65	   12.24	   19.77	    0.00	    0.12	 2000.12	   21.34	 4342.66	  946.97	 1199.98	  499.93	  427.23
17	19	  299.99	  299.89	    0.00	  299.99	  100.05	  799.89	 2930.78	 3999.61	  600.07	 1036.12	  173.92	    0.09	    0.09	    0.00	    0.00	 4821.54	 2027.38	 1600.28	    0.00	    0.00	    0.00	    0.00	    0.00	    0.00
18	14	    0.00	    0.04	    0.00	    0.00	    0.00	    0.07	  699.68	  999.45	    0.00	    0.00	    0.00	    0.00	    0.00	    0.00	    0.00	 1900.03	 4903.30	  299.90	 6825.07	 3488.71	    0.16	    0.39	    0.16	    0.06
18	16	    0.00	    0.00	    0.00	    0.00	    0.00	    0.00	    0.00	    0.00	    0.00	    0.00	    0.15	    0.02	    0.07	 1387.81	 2680.73	    0.00	    0.00	    0.00	 2979.62	  167.54	  253.03	 1699.96	  600.05	  172.76
18	19	    0.02	    0.00	    0.00	    0.04	    0.02	    0.03	    0.00	    0.00	    0.10	 1464.15	  425.97	    0.03	    0.00	 1208.42	 2419.38	    0.00	  170.10	    0.00	 2995.31	    0.00	    0.00	    0.00	    0.00	    0.00
19	17	    0.00	    0.00	    0.00	    0.00	    0.00	    0.00	    0.00	    0.00	    0.00	    0.32	    0.09	    0.80	 1034.44	  712.13	 1319.49	    0.00	    0.14	    0.00	 1720.43	 7842.33	 1746.95	 2799.86	 1099.94	  727.22
19	18	    0.00	   99.95	    0.00	    0.00	    0.00	  199.93	 1099.45	 1699.03	    0.00	    0.00	    0.00	    0.00	   20.43	    0.00	    0.00	   21.74	    0.00	  599.77	    0.00	 4856.19	   95.84	    0.44	    0.18	   13.75
19	20	    0.00	    0.00	    0.00	    0.01	    0.00	  100.01	  631.14	  600.19	    0.11	    0.05	    0.02	    0.01	    0.03	    0.02	    0.03	 1499.57	  497.30	  200.42	   74.98	 2700.36	    0.00	    0.08	    0.03	    0.02
19	21	    0.00	   99.94	    0.00	    0.02	    0.06	  199.98	  700.19	  800.39	    0.06	    0.22	    0.05	    0.00	    0.00	    0.00	    0.17	 1700.23	    0.11	  400.09	    0.08	 3101.11	    0.18	    0.00	    0.00	    0.00
20	19	    0.00	    0.00	    0.00	    0.00	    0.00	    0.00	    0.00	    0.00	    0.00	    0.11	    0.03	  400.56	 1654.30	    0.08	    0.17	    0.00	    0.07	    0.00	    0.18	    0.00	 3042.97	    0.25	    2.65	 1140.48
20	21	  263.95	    0.04	   65.99	    0.14	    0.00	    0.01	    0.06	    0.08	    0.00	    0.00	    0.00	  462.19	 1465.20	    0.00	    0.00	    0.16	    0.00	    0.03	    0.00	    0.38	 4757.31	    0.00	    0.09	 1600.48
20	23	    0.00	    0.00	    0.00	    0.00	    0.00	    0.01	  431.08	  200.12	    0.19	  486.13	    0.00	    0.00	    0.00	    0.00	  680.46	  899.50	  211.65	  100.38	  250.10	 1499.99	 3199.72	 2347.28	    0.00	    0.00
21	14	    0.00	    0.00	    0.00	    0.00	    0.00	    0.00	    0.09	    0.10	    0.00	    0.00	    0.00	    0.58	  860.76	    0.00	    0.00	    0.19	    0.00	    0.04	    0.00	    0.50	 2955.74	10581.51	 2734.26	 1248.46
21	19	    0.00	    0.00	    0.00	    0.00	    0.00	    0.00	    0.00	    0.00	    0.00	    0.21	    0.23	    0.14	    0.50	    3.65	    0.15	    0.00	    0.00	    0.00	    0.00	    0.00	    0.00	 5200.12	 1797.49	    0.51
21	20	    0.01	    0.00	    0.00	    0.02	   97.88	    0.00	    0.00	    0.00	  300.09	 1686.19	    1.72	    0.00	    0.00	    0.62	 1480.60	    0.08	  314.42	    0.00	  575.30	    0.00	    0.00	 4147.45	    0.24	    0.00
21	22	    0.00	    0.00	    0.00	    0.00	    0.00	    0.01	  200.16	  300.37	  307.85	 1315.54	    0.00	    0.00	    0.00	    0.00	  980.79	  500.35	  470.20	  100.08	  312.57	  700.99	    1.75	 4470.92	    0.00	    0.00
22	13	    0.03	    0.01	    0.01	    0.04	    0.00	    0.01	    0.24	    0.48	    0.00	    0.00	    0.00	    0.13	  698.54	    0.00	    0.09	    0.52	    0.00	    0.12	    0.03	    1.05	  798.14	 1117.79	 4563.30	 1210.93
22	21	  136.00	    0.02	   34.00	    0.39	    0.07	    0.02	    0.00	    0.00	    0.00	    0.00	  387.06	  238.45	  696.06	  754.32	    0.00	    0.00	    0.00	    0.00	    0.00	    0.00	    0.00	    0.00	 6631.91	  748.49
22	23	    0.00	    0.00	    0.00	    0.02	    0.00	    0.01	    0.03	    0.05	    0.10	  313.87	  997.92	    0.00	    0.00	 1381.71	  413.73	    0.10	   88.45	    0.02	  147.41	    0.34	    0.06	 1253.21	 3304.79	    0.00
23	12	    0.00	    0.00	    0.00	    0.00	    0.00	    0.00	  331.00	    0.00	    0.00	    0.00	    0.00	    0.00	    0.00	  582.26	  694.19	  599.32	    0.10	  100.34	  297.51	 1099.92	 1203.33	 2500.40	 1902.32	 1799.64
23	20	  363.94	    0.04	   65.99	  200.11	    2.12	    0.01	    0.00	    0.00	    0.00	    0.00	  398.29	 1162.73	 3719.48	  399.45	    0.00	    0.00	    0.00	    0.00	    0.00	    0.00	    0.00	    0.00	  702.47	 3240.94
23	22	  436.00	    0.03	  134.00	    1.22	    0.24	    0.34	    0.11	    0.17	    0.00	    0.00	    0.05	  938.59	 2194.60	    0.00	    0.00	    0.28	    0.00	    0.05	    0.00	    0.40	 1496.45	    0.09	    0.00	 2659.42
