i	j	       1	       2	       3	       4	       5	       6	       7	       8	       9	      10	      11	      12	      13	      14	      15	      16	      17	      18	      19	      20	      21	      22	      23	      24
1	2	 2599.90	    0.00	  413.23	  199.97	   84.33	    0.00	    0.01	    0.03	  168.65	  506.00	  199.97	  950.90	  611.95	   99.99	   84.38	    0.03	    0.10	    0.00	   84.15	    0.01	    0.00	    0.08	    5.08	   40.16
1	3	 6200.10	 2111.38	    0.00	    0.00	    0.00	  381.68	  352.74	  616.14	    0.00	    0.00	    0.00	    0.00	    0.00	    0.00	    0.00	  363.75	    0.00	   63.48	    0.00	    0.04	    0.00	    0.00	    0.00	    0.00
2	1	    0.00	 2211.38	    0.00	    0.00	    0.00	  681.68	  852.71	 1416.09	    0.00	    0.00	    0.00	    0.00	    0.00	    0.00	    0.00	  863.72	    0.06	  163.47	    0.04	  300.02	    0.00	    0.00	    0.00	    0.00
2	6	 2499.90	 1788.62	  313.23	    0.00	    0.00	    0.00	    0.00	    0.00	    0.00	    0.00	    0.00	  850.90	  311.95	    0.01	    0.00	    0.00	    0.00	    0.00	    0.00	    0.00	    0.00	    0.00	    5.08	   40.16
3	1	    0.00	    0.00	  513.23	  699.97	  284.33	    0.00	    0.05	    0.08	  668.65	 1806.00	  699.97	 1150.90	 1111.95	  399.99	  584.38	    0.06	  400.05	    0.01	  384.11	    0.03	  100.00	  400.08	  305.08	  140.16
3	4	 4499.77	 1579.43	 1786.61	    0.00	    0.00	    0.00	    0.00	    0.00	    0.00	    0.00	    0.00	 3483.09	 2462.82	    0.14	    0.00	    0.00	    0.00	    0.00	    0.00	    0.03	  299.96	    1.21	   67.88	  459.67
3	12	 1600.33	  431.95	  500.17	 1606.10	  500.97	  501.35	  701.34	 1200.06	 1399.78	  892.73	    0.29	    0.00	    0.00	    0.00	   93.36	  636.82	  251.80	  148.80	   40.01	    0.07	    0.00	    0.00	    0.00	    0.00
4	3	    0.00	    0.00	    0.00	 2506.08	  885.30	  419.67	  448.64	  784.00	 2168.43	 2998.57	 1000.05	    0.00	    0.00	  499.74	  777.61	  473.13	  751.80	   85.33	  424.10	    0.05	    0.01	    0.00	    0.00	    0.00
4	5	 3194.95	 1077.95	 1185.84	 6691.94	    0.00	    0.00	    0.00	    0.00	    0.00	    0.13	  907.59	 2883.00	 1862.75	  200.00	    0.03	    0.00	    0.05	    0.00	    0.02	    0.00	   99.97	    0.10	  194.92	  259.63
4	11	  804.82	  301.54	  400.77	 2401.98	  699.42	  598.91	    1.09	   87.30	    0.62	    0.27	    0.00	    0.09	    0.07	    0.11	    0.09	    0.21	    0.07	    0.01	    0.03	    0.04	    0.03	    0.07	    0.09	    0.04
5	4	    0.00	    0.07	    0.00	    0.00	 2084.72	 1418.58	  849.73	 1571.30	 2869.05	 4198.05	    0.00	    0.00	    0.00	    0.00	 1276.92	 1273.19	 1251.58	  185.34	  623.77	  300.05	    0.05	  397.34	    0.00	    0.00
5	6	    0.00	    0.00	  475.96	 2581.74	 1448.90	    0.00	    0.03	    0.05	  431.35	  893.81	  407.30	 1305.30	  476.47	  100.01	  215.58	    0.06	    0.32	    0.01	  214.59	    0.02	    0.01	    0.01	   94.92	   59.82
5	9	 2994.95	 1198.16	  609.88	 3610.20	 2566.38	 2099.35	    0.03	    0.27	    0.00	    0.00	    0.28	 1377.69	 1186.28	    0.00	    0.00	    0.08	    0.00	    0.01	    0.00	    0.00	    0.00	    0.00	    0.00	  199.81
6	2	    0.00	    0.00	    0.00	    0.03	   15.67	 1081.68	 1052.70	 1816.06	   31.35	   94.00	    0.03	    0.00	    0.00	    0.01	   15.62	 1263.69	  199.95	  163.47	   15.89	  400.01	    0.00	   99.92	    0.00	    0.00
6	5	    0.00	  220.28	    0.00	    0.00	    0.00	 3717.93	  948.09	 1879.17	    0.00	    0.00	    0.00	    0.00	    0.00	    0.00	    0.00	 1606.72	    0.11	  170.34	    0.04	  360.48	    0.01	    0.00	    0.00	    0.00
6	8	 2199.90	 1168.35	  489.18	 2181.71	 1233.22	 2800.39	    0.00	    0.00	    0.00	    0.00	    7.28	 1956.21	  588.42	    0.00	    0.00	    0.00	    0.00	    0.00	    0.00	    0.00	    0.00	    0.00	    0.00	    0.00
7	8	    0.00	    0.00	    0.00	    0.00	    0.00	    0.00	 4280.54	    0.00	    0.00	    0.00	    0.00	    0.00	    0.00	  399.92	  599.87	  754.51	  213.20	  949.13	  701.07	 2599.92	  500.32	  800.03	  300.01	  200.01
7	18	  400.05	  168.36	    0.03	  400.01	  100.10	  700.45	 7819.46	 4342.43	  799.99	    0.49	    0.12	    0.78	    0.02	    0.00	    0.00	    0.00	    0.00	    0.00	    0.00	    0.00	    0.00	    0.00	    0.00	    0.00
8	6	    0.00	    0.00	    0.00	    0.00	    0.00	    0.00	 2400.75	 4495.17	    0.00	    0.19	    0.00	    0.00	    0.00	    0.00	    0.04	 3770.35	  699.74	  433.81	    1.34	 1060.47	  100.00	  299.91	    0.00	    0.01
8	7	  900.05	  368.36	  100.03	  800.01	  300.10	 1100.45	    0.00	 5342.43	 1399.91	  530.44	  140.07	  700.78	    0.59	    0.00	    0.00	    0.00	    0.00	    0.00	    0.00	    0.00	    0.00	    0.00	    0.00	    0.00
8	9	    0.00	    0.00	    0.00	    0.00	    0.00	    0.00	  879.99	 4661.86	    0.00	    0.00	    0.00	    0.00	    0.00	    0.00	    0.00	 1563.13	    0.00	  215.37	    0.00	  639.57	    0.36	    0.17	    0.03	    0.01
8	16	  499.98	  400.06	  199.96	  799.86	  499.91	  900.09	    0.00	 2200.53	 1398.72	    0.00	    0.32	  698.42	    0.83	    0.00	    0.00	    0.00	    0.00	    0.00	    0.00	    0.00	    0.00	    0.00	    0.00	    0.00
9	5	    0.00	    0.00	    0.00	    0.00	    0.00	    0.00	  101.71	  192.45	 4100.40	 6091.73	    0.00	    0.00	    0.00	    0.01	 1692.47	  166.60	 1451.74	   15.02	  938.30	   39.59	    0.07	  597.26	    0.00	    0.00
9	8	    0.13	    0.07	   10.81	  118.16	   66.79	    0.15	    0.00	    0.00	 3598.63	 2130.22	  933.11	   42.99	   12.99	    0.00	    0.04	    0.00	    0.10	    0.00	    0.05	    0.00	    0.00	    0.00	    0.00	    0.00
9	10	 2494.82	  998.09	  499.07	 2792.04	 1699.59	 1699.20	  178.44	 3669.68	 8500.96	    0.00	    0.00	  734.78	  573.37	    0.00	    0.00	    0.56	    0.00	    0.45	    0.00	    0.28	    0.12	    0.00	    0.00	    0.00
10	9	    0.00	    0.00	    0.00	    0.00	    0.00	    0.00	    0.13	    0.00	    0.00	11021.95	 2332.83	    0.08	    0.08	  600.01	 2692.52	    3.96	 2351.84	    0.09	 1338.35	    0.30	  299.83	 1297.08	  499.97	    0.18
10	11	    0.00	    0.00	    0.00	    0.00	    0.00	    0.00	  498.88	  712.70	 1640.96	 7886.48	    0.00	    0.00	    0.00	    0.00	 1521.19	 1400.48	 1848.45	  200.03	  517.85	  599.55	   52.87	  498.91	    0.00	    0.00
10	15	  798.72	  199.78	   99.86	 1096.15	  499.94	  399.83	    0.06	    1.14	 3158.90	13595.02	 1864.73	  745.45	  387.32	    0.00	    0.00	    0.25	    0.00	    0.01	    0.00	    0.00	    0.00	    0.00	    0.00	    0.00
10	16	    0.00	    0.00	    0.01	    0.04	    0.03	    0.00	    0.00	    0.00	    1.38	 8797.72	 2355.77	    0.40	    0.08	    0.00	    0.00	    0.00	    0.00	    0.00	    0.00	    0.00	    0.00	    0.00	    0.00	    0.00
10	17	  399.88	  199.91	   99.97	  499.85	  199.94	  499.78	    0.31	 1356.43	  899.73	 3898.83	  999.70	  599.82	  499.78	    0.22	    0.46	    3.19	    0.00	    0.19	    0.34	    0.53	    0.19	    0.53	    0.19	    0.09
11	4	    0.00	    0.00	    0.00	    0.00	    0.00	    0.00	    0.00	    0.00	    0.00	    0.92	 3407.63	    0.00	    0.00	 1199.70	    0.80	    0.15	    0.34	    0.00	    0.37	    0.02	    0.00	    1.62	  627.12	    0.00
11	10	    3.77	    1.50	    0.76	    4.00	    0.32	    0.28	    0.00	    0.00	    0.00	    0.00	11453.03	 2610.98	 2213.90	 1079.28	    0.00	    0.00	    0.00	    0.00	    0.00	    0.00	    0.00	    0.00	  237.29	   48.15
11	12	    0.00	    0.00	    0.00	    0.00	    0.00	    0.00	    0.00	    0.00	    0.17	 3007.43	 2400.63	    0.00	    0.00	 1015.66	  847.78	    0.52	  848.19	    0.06	  363.30	    0.00	    0.00	    0.00	    0.00	    0.00
11	14	  301.49	  100.20	  100.20	  998.08	  199.14	  198.67	    0.00	    0.06	  241.41	  878.40	 5038.71	  954.35	  551.31	    0.00	    0.00	    0.10	    0.00	    0.01	    0.00	    0.00	    0.00	    0.00	    0.00	    0.00
12	3	    0.00	    0.00	    0.00	    0.00	    0.00	    0.00	    0.00	    0.00	    0.00	    0.16	    0.22	 4833.99	 3674.77	    0.40	    0.13	    0.00	    0.05	    0.00	    0.03	    0.03	  399.95	  501.29	  472.96	  599.83
12	11	    0.44	    0.16	    0.20	    0.10	    0.04	    0.03	    0.00	    0.06	    0.00	    0.00	    0.00	 4965.24	 3765.15	    0.00	    0.00	    0.00	    0.00	    0.00	    0.00	    0.00	    0.14	    0.00	    0.00	    1.19
12	13	 1399.89	  331.79	  299.97	 1006.00	  300.94	  301.32	    1.45	  600.00	  799.94	 1900.00	 1000.70	 4100.76	    0.00	  315.62	  241.00	    0.56	  499.93	    0.02	  103.29	    0.00	    0.00	    0.00	    0.00	    0.00
13	12	    0.00	    0.00	    0.00	    0.00	    0.00	    0.00	    0.11	    0.00	    0.00	    0.00	    0.00	    0.00	 8739.91	    0.36	    0.00	   63.21	    0.00	   51.16	    0.00	  499.96	  700.09	 1201.29	 1172.96	 1101.02
13	24	  899.89	   31.79	  199.97	  406.00	  100.94	  101.32	    0.00	    0.00	  199.94	    0.00	    0.70	 2800.76	 5860.09	    0.00	    0.00	    0.00	    0.00	    0.00	    0.00	    0.00	    0.00	    0.00	    0.00	    0.00
14	11	    0.00	    0.00	    0.00	    0.00	    0.00	    0.00	    0.03	    0.00	    0.00	    0.00	    0.00	    0.00	    0.00	 4894.53	  727.29	    0.08	    0.00	    0.03	  245.80	    0.43	  346.97	  602.63	 2164.33	  646.92
14	15	    1.38	    0.22	    0.17	    1.45	    0.03	    0.04	    0.00	    0.00	    0.00	    0.00	  773.03	  254.73	  201.07	 6176.51	    0.00	    0.00	    0.00	    0.00	    0.00	    0.00	    0.00	    0.00	 1510.29	  284.99
14	23	    0.15	    0.00	    0.04	  496.70	   99.12	   98.64	    0.00	    0.00	  245.75	 1018.18	 2665.78	    0.00	    0.00	 3028.96	  566.06	    0.00	  314.28	    0.00	  174.23	    0.00	    0.00	    0.00	    0.00	    0.00
15	10	    0.00	    0.00	    0.00	    0.00	    0.00	    0.00	    0.37	    0.11	    0.00	    0.00	    0.00	    0.00	    0.00	 1620.95	 8214.17	    0.91	    0.00	    0.15	 3656.24	    2.95	 1552.77	 4396.52	 2062.86	  752.12
15	14	    0.00	    0.00	    0.00	    0.03	    0.01	    0.01	   74.19	  148.33	  604.34	 2239.78	    0.11	    0.00	    0.00	    0.00	 2593.36	  259.57	 1014.28	   37.08	  720.03	  185.56	   31.74	  837.23	    0.00	    0.00
15	19	  300.10	  100.03	    0.03	  200.18	  100.07	  200.01	    0.60	    0.42	  400.33	 1973.21	  503.07	  300.18	  300.22	 2839.52	 5897.67	    0.69	    0.00	    0.38	    0.00	    1.26	  999.80	 2899.64	  899.88	  399.92
15	22	    0.00	    0.00	    0.00	  397.38	  199.89	    0.01	    0.00	    0.00	 1254.23	 5382.04	  734.59	    0.00	    0.00	  416.04	 4694.80	    0.00	 2885.75	    0.00	 2022.47	    0.00	    0.00	    0.00	    0.00	    0.00
16	8	    0.00	    0.00	    0.00	    0.00	    0.00	    0.00	    0.20	    0.00	    0.00	    0.41	    0.00	    0.00	    0.00	    0.08	    0.12	 6778.98	 1886.44	    0.04	    0.22	    0.12	    0.04	    0.06	    0.02	    0.01
16	10	    0.00	    0.10	    0.00	    0.00	    0.00	    0.14	 2220.57	    0.47	    0.00	    0.00	    0.00	    0.00	    0.00	    0.00	    0.00	 5806.40	    0.88	  899.72	    0.30	 3097.15	    0.00	    0.00	    0.00	    0.00
16	17	    0.00	    0.00	    0.00	    0.00	    0.00	    0.00	    0.00	    0.00	    0.00	    0.00	    0.00	    0.00	    0.00	    0.00	    0.00	    0.00	    0.00	    0.00	    0.00	    0.00	    0.00	    0.00	    0.00	    0.00
16	18	    0.08	    0.04	    0.00	    0.03	    0.01	    0.13	    0.00	    0.52	    0.31	 4397.60	  956.19	    0.04	    0.00	    0.04	    0.10	13514.62	 3512.40	    0.00	    0.10	    0.00	    0.00	    0.00	    0.00	    0.00
17	10	    0.00	    0.00	    0.00	    0.00	    0.00	    0.00	    0.00	    0.00	    0.00	    0.00	    0.00	    0.00	    0.00	    0.00	    0.00	    0.00	 8099.41	    0.00	    0.00	    0.00	    0.00	    0.00	    0.00	    0.00
17	16	    0.00	    0.00	    0.00	    0.00	    0.00	    0.00	    0.00	    0.00	    0.00	    0.00	    0.00	    0.00	    0.00	    0.19	    0.39	    0.00	 8199.33	    0.00	    0.80	    0.00	    0.08	    0.17	    0.07	    0.04
17	19	    0.00	    0.00	    0.00	    0.00	    0.00	    0.00	    0.00	    0.00	    0.00	    0.00	    0.00	    0.00	    0.00	    0.00	    0.00	    0.00	 7101.26	    0.00	    0.00	    0.00	    0.00	    0.00	    0.00	    0.00
18	7	    0.00	    0.00	    0.00	    0.00	    0.00	    0.00	    0.00	    0.00	    0.08	 1370.05	  360.05	    0.00	  399.43	  599.92	 1099.87	 2154.51	 1213.20	 1149.13	 1101.07	 3099.92	  700.32	 1300.03	  500.01	  300.01
18	16	    0.10	    0.08	    0.03	    0.12	    0.08	    0.18	 3620.77	    0.45	    0.21	    0.30	    0.09	    1.22	  599.09	  699.93	 1199.83	    0.00	    0.39	 1399.76	 1299.82	 4697.27	  599.95	 1199.89	  499.95	  299.97
18	20	  300.03	  168.32	    0.00	  299.92	  100.04	  600.40	 3998.69	 4042.50	  600.01	 2327.93	  496.19	    0.00	    0.00	    0.00	    0.00	10860.11	 1699.51	 2251.10	    0.00	    0.00	    0.00	    0.00	    0.00	    0.00
19	15	    0.00	    0.01	    0.00	    0.00	    0.00	    0.02	  250.05	  322.07	    0.00	    0.00	    0.00	    0.00	    0.00	    0.00	    0.00	  630.83	 5400.04	  102.81	 7198.74	  560.65	    0.00	    0.00	    0.00	    0.00
19	17	    0.12	    0.09	    0.03	    0.15	    0.06	    0.22	  999.69	   43.57	    0.27	    1.17	    0.30	    0.18	    0.22	  699.98	 1499.92	 2796.81	    0.00	  599.81	 1700.46	 1699.47	  599.90	 1699.64	  599.88	  299.95
19	20	    0.03	    0.01	    0.00	    0.03	    0.01	    0.03	    0.00	    0.00	    0.06	  172.04	  102.77	    0.00	    0.00	 1839.55	 3597.75	    0.00	    1.22	    0.00	 3900.81	    0.00	    0.00	    0.00	    0.00	    0.00
20	18	    0.00	    0.00	    0.00	    0.00	    0.00	    0.00	    0.00	    0.00	    0.00	    0.18	    0.02	  200.39	 1098.50	 1399.81	 2499.61	    0.00	    0.70	    0.00	 2700.79	 8197.19	 1400.28	 2799.92	 1099.96	  599.99
20	19	    0.05	    0.07	    0.00	    0.00	    0.00	    0.25	 1649.14	 1065.23	    0.00	    0.00	    0.00	    0.00	    0.00	    0.00	    0.00	 4726.96	    0.00	 1002.25	    0.00	 3458.87	    0.10	    0.00	    0.00	    0.03
20	21	    0.01	    0.01	    0.00	    0.01	    0.01	  100.31	  826.98	  812.30	    0.07	    0.15	    0.03	    0.00	    0.00	    0.00	    0.05	 1923.80	    0.16	  315.42	    0.05	 3109.76	    0.00	    0.00	    0.00	    0.00
20	22	    0.00	   68.25	    0.00	    0.00	    0.04	  199.86	 1022.57	 1264.97	    0.00	    0.00	    0.00	    0.00	    0.00	    0.00	    0.00	 2609.35	    0.30	  533.43	    0.19	 3734.18	    0.00	    0.00	    0.00	    0.00
21	20	    0.00	    0.00	    0.00	    0.00	    0.00	    0.00	    0.00	    0.00	    0.00	    0.00	    0.00	  600.28	 1698.27	    0.13	    0.00	    0.00	    0.00	    0.00	    0.00	    0.00	 2600.37	    0.71	    2.47	  999.72
21	22	  257.70	   21.95	   64.43	    0.93	    0.00	    0.31	    0.81	    0.82	    0.00	    0.00	    0.00	  450.98	 1119.75	    0.00	    0.00	    1.94	    0.00	    0.48	    0.00	    3.97	 5356.83	    0.00	    0.00	 1609.12
21	24	    0.00	    0.00	    0.00	    0.00	    0.00	    0.03	  626.22	  411.57	    0.04	  370.66	    0.00	    0.00	    0.00	    0.00	  409.38	 1322.01	  142.17	  214.97	  141.62	 1906.06	 3042.79	 1994.14	    0.00	    0.00
22	15	    0.00	    0.03	    0.00	    0.00	    0.00	    0.15	  325.06	  425.65	    0.00	    0.00	    0.00	    0.00	  411.83	    0.00	    0.00	  830.09	    0.00	  134.78	    0.00	  729.12	 3384.31	10733.39	 2452.46	 1267.05
22	20	    0.00	    0.00	    0.00	    0.06	    0.00	    0.00	    0.00	    0.00	    0.00	    0.36	    1.10	    0.11	    0.24	   60.13	    1.92	    0.00	    0.43	    0.00	    0.23	    0.00	    0.00	 5199.21	 1797.50	    0.29
22	21	    0.00	    0.00	    0.00	    0.04	    0.03	    0.02	    0.05	    0.09	  299.97	 1570.51	   26.00	    0.02	    0.04	    6.01	 1209.33	    0.14	  742.01	    0.02	  541.57	    0.28	    0.00	 3794.85	    6.40	    0.03
22	23	    0.00	    0.00	    0.00	    0.00	    0.00	    0.02	  198.28	  340.04	  254.26	 1211.17	    0.00	    0.00	    0.00	    0.00	  883.55	  581.06	  443.62	   99.11	  280.86	  608.76	  172.52	 4672.56	    0.00	    0.00
23	14	    0.04	    0.01	    0.01	    0.04	    0.01	    0.00	  125.84	  251.62	    0.00	    0.00	    0.00	    0.37	  249.75	    0.00	    0.00	  440.41	    0.00	   62.93	    0.00	  314.86	  715.23	  965.40	 4774.61	 1331.91
23	22	  142.30	    9.84	   35.57	    1.80	    0.10	    0.00	    0.00	    0.00	    0.00	    0.00	  392.51	  249.15	  592.36	  850.10	    0.00	    0.00	    0.00	    0.00	    0.00	    0.00	    0.00	    0.00	 6356.36	  758.26
23	24	    0.00	    0.00	    0.00	    0.00	    0.00	    0.00	    0.09	    0.06	    0.01	  429.34	  973.36	    0.00	    0.00	 1078.86	  449.62	    0.09	  157.90	    0.02	  155.09	    0.41	    0.09	 1607.15	 3369.03	    0.00
24	13	    0.00	    0.00	    0.00	    0.00	    0.00	    0.00	  398.66	    0.00	    0.00	    0.00	    0.00	    0.00	    0.00	  284.74	  459.00	  662.66	    0.07	  151.14	  196.71	 1099.96	 1300.09	 2501.29	 1972.96	 1801.02
24	21	  357.70	   21.94	   64.43	  200.87	   99.95	    0.01	    0.00	    0.00	    0.00	    0.00	  373.97	 1351.24	 3417.97	  394.12	    0.00	    0.00	    0.00	    0.00	    0.00	    0.00	    0.00	    0.00	  696.06	 3108.80
24	23	  442.19	    9.85	  135.55	    5.13	    0.99	    1.34	  127.65	  211.63	    0.00	    0.00	    0.09	  949.52	 1642.11	    0.00	    0.00	  359.44	    0.00	   63.84	    0.00	  406.52	 1242.80	    0.00	    0.00	 2790.17
