i	j	o21d4l22
0	1	 4494.10
0	2	 8123.50
1	0	 4523.45
1	5	 5966.82
2	0	 8094.15
2	3	14012.41
2	11	10056.68
3	2	14058.26
3	4	18047.63
3	10	 5208.52
4	3	18058.33
4	5	 8795.92
4	8	15783.38
5	1	 5996.17
5	4	 8804.80
5	7	12490.04
6	7	12117.55
6	17	15851.44
7	5	12528.28
7	6	12039.77
7	8	 6896.40
7	15	 8383.55
8	4	15785.19
8	7	 6832.76
8	9	21750.33
9	8	21788.50
9	10	17742.95
9	14	23130.39
9	15	11043.52
9	16	 8100.98
10	3	 5343.67
10	9	17599.27
10	11	 8348.44
10	13	 9775.20
11	2	 9981.48
11	10	 8402.26
11	12	12303.75
12	11	12382.37
12	23	11129.57
13	10	 9812.86
13	14	 9037.22
13	22	 8376.96
14	9	23174.44
14	13	 9084.57
14	18	19146.67
14	21	18396.74
15	7	 8407.65
15	9	11082.14
15	16	11696.48
15	17	15173.41
16	9	 8100.16
16	15	11669.41
16	18	 9961.30
17	6	15929.22
17	15	15263.21
17	19	19028.01
18	14	19227.94
18	16	 9933.40
18	19	 8671.34
19	17	19095.59
19	18	 8724.71
19	20	 6330.67
19	21	 7003.78
20	19	 6186.56
20	21	 8671.03
20	23	10307.91
21	14	18306.86
21	19	 7168.83
21	20	 8581.01
21	22	 9651.72
22	13	 8367.27
22	21	 9636.89
22	23	 7896.15
23	12	11108.19
23	20	10253.82
23	22	 7871.62
