i	j	       0	       1	       2	       3	       4	       5	       6	       7	       8	       9	      10	      11	      12	      13	      14	      15	      16	      17	      18	      19	      20	      21	      22	      23
0	1	 2600.41	    0.00	  280.06	  200.02	   15.57	    0.00	    0.01	    0.01	   31.14	   93.56	  200.02	  494.42	  472.66	  100.00	   15.60	    0.01	    0.05	    0.00	    0.02	    0.01	    0.01	    0.07	    0.09	   29.47
0	2	 6199.59	 1164.98	    0.00	    0.00	    0.00	  243.29	  143.84	  241.08	    0.00	    0.00	    0.00	    0.00	    0.00	    0.00	    0.00	   86.05	    0.00	   34.44	    0.00	    0.01	    0.00	    0.00	    0.00	    0.00
1	0	    0.00	 1264.98	    0.00	    0.00	    0.00	  543.25	  643.77	 1040.96	    0.00	    0.00	    0.00	    0.00	    0.00	    0.00	    0.00	  585.98	    0.59	  134.43	    0.02	  299.97	    0.00	    0.01	    0.00	    0.00
1	5	 2500.41	 2735.02	  180.06	    0.03	    0.00	    0.00	    0.00	    0.00	    0.00	    0.00	    0.03	  394.42	  172.66	    0.01	    0.00	    0.00	    0.00	    0.00	    0.00	    0.00	    0.01	    0.02	    0.09	   29.47
2	0	    0.00	    0.00	  380.06	  700.02	  215.57	    0.04	    0.08	    0.13	  531.14	 1393.56	  700.02	  694.42	  972.66	  400.00	  515.60	    0.09	  399.46	    0.01	  300.00	    0.06	  100.00	  400.06	  300.09	  129.47
2	3	 4498.97	  664.61	 1919.60	    0.00	    0.00	    0.00	    0.00	    0.00	    0.00	    0.00	    0.00	 3909.37	 2593.53	    0.06	    0.00	    0.00	    0.00	    0.00	    0.00	    0.00	  201.80	    0.00	    1.57	  470.18
2	11	 1600.62	  400.36	  500.34	 1603.02	  500.47	  500.74	  821.36	 1200.00	 1399.96	  632.91	    0.32	    0.00	    0.00	    0.07	   57.69	  516.89	  178.51	  199.86	   24.72	    0.07	    0.00	    0.00	    0.00	    0.00
3	2	    0.00	    0.00	    0.00	 2503.04	  816.04	  557.49	  777.60	 1159.05	 2031.10	 2326.41	  999.42	    0.00	    0.00	  499.57	  673.23	  630.92	  677.95	  165.43	  324.72	    0.11	    0.01	    0.09	    0.06	    0.01
3	4	 3197.91	  164.55	 1319.64	 6697.36	    0.00	    0.00	    0.00	    0.00	    0.00	    0.21	  903.98	 3309.15	 1993.35	  200.02	    0.06	    0.06	    0.02	    0.00	    0.04	    0.01	    1.90	    0.11	  199.91	  270.20
3	10	  801.07	  300.09	  399.97	 2399.60	  699.67	  599.43	    0.15	    4.68	    0.04	    0.11	    0.00	    0.22	    0.18	    0.05	    0.04	    0.38	    0.03	    0.05	    0.01	    0.02	    0.01	    0.03	    0.04	    0.02
4	3	    0.00	    0.03	    0.00	    0.00	 2015.71	 1556.93	 1177.75	 1863.73	 2731.14	 3524.93	    0.00	    0.00	    0.00	    0.00	 1172.69	 1431.12	 1177.50	  265.46	  524.49	  300.05	    0.07	  398.96	    0.00	    0.00
4	5	    0.00	    0.00	  526.75	 2197.96	 1299.89	    0.00	    0.01	    0.02	  568.96	 1306.39	  403.86	 1421.57	  521.78	  100.02	  284.38	    0.03	    0.03	    0.00	    0.12	    0.01	    0.01	    0.02	   99.91	   70.52
4	8	 2997.91	  899.60	  692.88	 3999.39	 2784.40	 1399.78	    0.02	    0.07	    0.00	    0.00	    0.12	 1687.59	 1271.57	    0.00	    0.00	    0.04	    0.00	    0.01	    0.00	    0.02	    0.01	    0.00	    0.00	  199.68
5	1	    0.00	    0.00	    0.00	    0.01	   84.43	  943.25	  843.76	 1440.95	  168.86	  506.44	    0.01	    0.00	    0.00	    0.01	   84.40	  985.97	  200.54	  134.43	  100.00	  399.96	    0.00	   99.96	    0.00	    0.00
5	4	    0.00	  835.08	    0.00	    0.00	    0.00	 3156.71	 1065.10	 1803.79	    0.00	    0.00	    0.00	    0.00	    0.00	    0.00	    0.00	 1432.91	    0.05	  202.78	    0.02	  303.43	    0.10	    0.00	    0.00	    0.00
5	7	 2200.41	 1499.95	  406.81	 1797.98	 1015.45	 3500.04	    0.00	    0.00	    0.10	    0.04	    3.87	 1615.98	  494.43	    0.03	    0.00	    0.00	    0.00	    0.00	    0.00	    0.00	    0.00	    0.00	    0.00	    0.00
6	7	    0.00	    0.00	    0.00	    0.00	    0.00	    0.00	 4224.25	    0.00	    0.00	    0.00	    0.00	    0.00	    0.00	  399.83	  599.69	  327.16	  124.48	  999.84	  999.45	 2599.66	  500.41	  799.95	  299.98	  200.00
6	17	  439.19	  347.00	   12.30	  446.96	  129.39	 1009.87	 7875.75	 4581.70	  845.77	    0.15	    0.09	  158.61	    0.00	    0.00	    0.00	    0.00	    0.02	    0.00	    0.00	    0.00	    0.00	    0.00	    0.00	    0.00
7	5	    0.00	    0.00	    0.00	    0.00	    0.00	    0.00	 2308.85	 4044.72	    0.00	    0.09	    0.00	    0.00	    0.00	    0.00	    0.03	 3318.85	  700.56	  437.21	  299.89	 1003.38	  100.09	  299.92	    0.00	    0.01
7	6	  939.19	  547.00	  112.30	  846.96	  329.39	 1409.87	    0.00	 5581.70	 1445.74	    3.07	    0.99	  858.61	    0.71	    0.00	    0.00	    0.00	    0.07	    0.00	    0.00	    0.00	    0.00	    0.00	    0.00	    0.00
7	8	    0.00	    0.00	    0.00	    0.00	    0.00	    0.00	  915.40	 3755.23	    0.00	    0.00	    0.00	    0.00	    0.00	    0.00	    0.00	 1227.60	    0.00	  262.71	    0.00	  696.51	    0.35	    0.08	    0.00	    0.00
7	15	  461.27	  552.97	  177.47	  708.54	  442.88	 1290.24	    0.00	 3318.36	  982.83	    0.00	    0.04	  467.82	    0.19	    0.00	    0.00	    0.00	    0.00	    0.00	    0.00	    0.00	    0.00	    0.00	    0.00	    0.00
8	4	    0.00	    0.00	    0.00	    0.00	    0.00	    0.00	  312.68	  560.03	 4100.10	 5831.11	    0.00	    0.00	    0.00	    0.00	 1657.01	  498.21	 1377.45	   62.68	  624.56	   96.63	   98.09	  598.87	    0.00	    0.00
8	7	    0.05	    0.03	   82.95	  457.52	  256.81	    0.06	    0.00	    0.00	 3228.47	 1602.92	  797.16	  310.45	  106.47	    0.00	    0.00	    0.00	    0.15	    0.00	    0.00	    0.00	    0.00	    0.00	    0.00	    0.00
8	9	 2497.85	  699.57	  509.93	 2841.87	 1727.59	  999.72	    2.77	 2395.27	 8871.43	    0.00	    0.00	  777.17	  565.14	    0.00	    0.00	    0.17	    0.00	    0.04	    0.00	    0.00	    0.00	    0.00	    0.00	    0.00
9	8	    0.00	    0.00	    0.00	    0.00	    0.00	    0.00	    0.04	    0.00	    0.00	10234.03	 2197.04	    0.04	    0.04	  600.00	 2657.01	  670.74	 2277.61	    0.01	 1024.56	    0.10	  397.73	 1298.79	  500.00	    0.32
9	10	    0.00	    0.00	    0.00	    0.00	    0.00	    0.00	  499.79	  795.33	 1677.43	 8288.49	    0.00	    0.00	    0.00	    0.00	 1363.86	 1582.86	 1921.57	  199.93	  450.57	  441.56	    1.12	  468.90	    0.00	    0.00
9	14	  799.47	   99.86	   99.95	 1098.58	  500.06	  199.84	    0.00	    0.00	 3122.66	14563.96	 2081.31	  725.19	    0.55	    0.00	    0.00	    0.00	    0.55	    0.00	    0.00	    0.00	    0.00	    0.00	    0.00	    0.00
9	15	    0.00	    0.00	   10.21	   44.40	   27.75	    0.00	    0.00	    0.00	  371.69	 8212.42	 2242.64	  134.36	    0.08	    0.00	    0.00	    0.00	    0.00	    0.00	    0.00	    0.00	    0.00	    0.00	    0.00	    0.00
9	16	  399.37	    0.01	   99.98	  499.90	  199.92	    0.03	    0.06	    0.08	  899.64	 3901.10	 1000.16	  599.87	  499.88	    0.07	    0.09	    0.08	    0.00	    0.03	    0.05	    0.10	    0.03	    0.10	    0.03	    0.02
10	3	    0.00	    0.00	    0.00	    0.00	    0.00	    0.00	    0.00	    0.00	    0.00	    1.81	 3403.39	    0.00	    0.00	 1199.58	    0.64	    0.24	    0.51	    0.02	    0.28	    0.10	    0.05	    1.28	  698.44	    0.05
10	9	    0.99	    0.26	    0.22	    1.00	    0.14	    0.10	    0.00	    0.00	    0.00	    0.00	11421.15	 2682.29	 1835.41	 1193.01	    0.00	    0.00	    0.00	    0.00	    0.00	    0.00	    0.14	    0.31	  379.28	   57.62
10	11	    0.00	    0.00	    0.00	    0.00	    0.00	    0.00	    0.13	    0.00	    0.11	 3267.15	 2401.59	    0.00	    0.00	  703.26	  643.78	  183.56	  921.48	    0.05	  275.89	    0.13	    0.11	    0.24	    0.18	    0.06
10	13	  300.79	  100.10	  100.11	  998.64	  199.54	  199.35	    0.00	    0.02	  277.36	 1019.64	 5073.87	  975.26	  600.42	    0.00	    0.00	    0.00	    0.03	    0.00	    0.00	    0.00	    0.00	    0.00	    0.00	    0.00
11	2	    0.00	    0.00	    0.00	    0.00	    0.00	    0.00	    0.00	    0.00	    0.00	    0.06	    0.93	 4803.79	 3666.18	    0.56	    0.05	    0.00	    0.02	    0.00	    0.01	    0.00	  301.79	  499.97	  401.59	  599.64
11	10	    0.72	    0.27	    0.36	    0.04	    0.01	    0.01	    0.00	    0.00	    0.00	    0.00	    0.00	 5057.34	 3435.65	    0.00	    0.00	    0.00	    0.00	    0.00	    0.00	    0.00	    0.03	    0.00	    0.00	    0.52
11	12	 1399.90	  300.10	  299.98	 1002.98	  300.46	  300.73	  121.54	  600.00	  800.07	 1900.00	 1000.99	 4038.88	    0.00	    2.87	    1.43	    0.45	  499.97	    0.02	    0.61	    0.09	    0.07	    0.15	    0.10	    0.00
12	11	    0.00	    0.00	    0.00	    0.00	    0.00	    0.00	    0.05	    0.00	    0.00	    0.00	    0.00	    0.00	 8401.84	    0.10	    0.02	    0.00	    0.00	    0.12	    0.01	  499.89	  601.78	 1199.89	 1101.51	 1100.10
12	23	  899.90	    0.10	  199.98	  402.98	  100.46	  100.73	    0.00	    0.00	  200.07	    0.00	    0.99	 2738.88	 6198.16	    0.00	    0.00	    0.00	    0.00	    0.00	    0.00	    0.00	    0.00	    0.00	    0.00	    0.00
13	10	    0.00	    0.00	    0.00	    0.00	    0.00	    0.00	    0.19	    0.00	    0.00	    0.00	    0.00	    0.00	    0.00	 4695.80	  680.52	    0.56	    0.42	    0.08	  225.58	  158.65	  399.14	  632.89	 2377.86	  657.19
13	14	    0.66	    0.09	    0.08	    0.72	    0.05	    0.06	    0.00	    0.00	    0.00	    0.00	  866.40	  274.97	  130.30	 6172.96	    0.00	    0.00	    0.00	    0.00	    0.00	    0.00	    0.00	    0.00	 1374.68	  180.19
13	22	    0.14	    0.01	    0.02	  497.95	   99.50	   99.30	    0.00	    0.00	  188.43	  793.66	 2607.51	    0.31	    0.32	 3231.24	  468.31	    0.00	  229.55	    0.00	  144.73	    0.00	    0.00	    0.00	    0.00	    0.00
14	9	    0.00	    0.00	    0.00	    0.00	    0.00	    0.00	    0.00	    0.00	    0.00	    0.00	    0.00	    0.00	    0.00	 1507.06	 8020.95	    0.21	    0.60	    0.04	 3275.04	 1837.00	 1598.74	 4367.47	 1920.75	  742.72
14	13	    0.00	    0.00	    0.00	    0.01	    0.01	    0.00	  199.64	  399.27	  511.07	 1874.02	    0.00	    0.00	    0.02	    0.00	 2448.83	  699.96	  929.94	   99.82	  670.30	  656.93	    0.95	  585.22	    0.00	    0.00
14	18	  300.13	    0.03	    0.03	  200.17	  100.07	    0.06	    0.01	    0.02	  400.34	 3083.64	  756.08	  300.20	  298.20	 2897.23	 5899.87	    0.04	    0.29	    0.01	    0.00	    0.03	  735.34	 2899.68	  899.97	  339.72
14	21	    0.00	    0.00	    0.00	  399.11	  200.03	    0.00	    0.00	    0.00	 1311.26	 5606.30	  791.63	    0.00	    0.00	  468.67	 5030.35	    0.16	 2431.73	    0.00	 2056.61	    0.00	    0.00	    0.00	    0.00	    0.00
15	7	    0.00	    0.00	    0.00	    0.00	    0.00	    0.00	    0.00	    0.00	    0.00	    0.18	    0.00	    0.00	    0.00	    0.14	    0.34	 6419.29	 1976.00	    0.08	    0.44	    0.22	    0.03	    0.05	    0.02	    0.01
15	9	    0.00	    0.04	    0.00	    0.00	    0.00	    0.05	 2396.98	    0.15	    0.00	    0.00	    0.00	    0.00	    0.00	    0.00	    0.00	 6652.45	    0.39	  899.76	    0.13	 1104.37	    0.00	    0.00	    0.00	    0.00
15	16	    0.57	  200.02	    0.01	    0.04	    0.02	  500.04	 1000.24	 1400.56	    0.08	    0.35	    0.06	    0.04	    0.00	    0.00	    0.00	 5963.88	    0.00	  600.20	    0.00	 1633.71	  241.80	    0.27	    0.02	   57.93
15	17	    0.03	    0.01	    0.00	    0.03	    0.01	    0.05	    0.00	    0.25	    0.14	 3814.80	  843.25	    0.09	    0.03	    0.02	    0.13	 7064.38	 3727.62	    0.00	    0.13	    0.00	    0.00	    0.00	    0.00	    0.00
16	9	    0.00	    0.00	    0.00	    0.00	    0.00	    0.00	    0.12	    0.00	    0.00	    0.00	    0.00	    0.00	    0.00	    0.00	    0.00	    0.86	 8098.73	    0.14	    0.00	    0.39	    0.00	    0.00	    0.00	    0.00
16	15	    0.06	    0.00	    0.02	    0.10	    0.00	    0.00	    0.00	    0.00	    0.00	    2.66	    0.56	    0.11	    0.08	  672.33	 1154.18	    0.00	 8503.93	    0.00	 1250.60	    0.00	    0.04	    0.07	    0.03	    0.02
16	18	    0.02	    0.03	    0.00	    0.01	    0.01	    0.07	    0.17	    0.64	    0.02	    0.11	    0.00	    0.00	    0.00	    0.00	    0.00	 3163.09	 6797.34	    0.10	    0.00	    0.00	    0.00	    0.00	    0.00	    0.00
17	6	    0.00	    0.00	    0.00	    0.00	    0.00	    0.00	    0.00	    0.00	    0.04	 1897.08	  499.09	    0.00	  399.29	  599.83	 1099.69	 1727.16	 1124.42	 1199.84	 1399.45	 3099.66	  700.41	 1299.95	  499.98	  300.00
17	15	   39.26	   47.10	   12.30	   47.04	   29.40	  109.90	 4797.22	  282.60	   45.69	    0.25	    0.08	   97.83	  599.68	   27.83	   46.28	    0.00	    0.08	 2000.04	   50.10	 4338.30	  841.80	 1200.24	  500.01	  357.92
17	19	  299.96	  299.92	    0.00	  299.96	  100.00	  800.01	 2878.52	 3999.34	  600.18	 1217.76	  244.17	    0.03	    0.02	    0.00	    0.00	 4837.22	 2003.23	 1600.12	    0.00	    0.00	    0.00	    0.00	    0.00	    0.00
18	14	    0.00	    0.08	    0.00	    0.00	    0.00	    0.17	  699.59	  999.21	    0.00	    0.00	    0.00	    0.00	    0.00	    0.00	    0.00	 1900.21	 4862.01	  299.84	 6801.96	 3593.62	    0.11	    0.27	    0.11	    0.05
18	16	    0.14	    0.00	    0.03	    0.17	    0.07	    0.00	    0.00	    0.00	    0.30	    1.32	    0.34	    0.20	    0.20	 1372.26	 2654.10	    0.00	    0.00	    0.00	 2950.55	   66.59	  358.20	 1699.71	  599.97	  242.07
18	19	    0.01	    0.00	    0.00	    0.01	    0.01	    0.02	    0.00	    0.00	    0.06	 1282.43	  355.75	    0.00	    0.00	 1224.98	 2445.77	    0.00	  235.61	    0.00	 3047.49	    0.00	    0.00	    0.00	    0.00	    0.00
19	17	    0.00	    0.00	    0.00	    0.00	    0.00	    0.00	    0.00	    0.00	    0.00	    0.15	    0.00	  139.15	 1098.95	  727.65	 1345.85	    0.00	    0.10	    0.00	 1749.43	 7837.97	 1642.21	 2800.19	 1099.99	  657.92
19	18	    0.00	  100.02	    0.00	    0.00	    0.00	  200.06	 1099.40	 1698.55	    0.00	    0.00	    0.00	    0.00	    2.00	    0.01	    0.00	   37.09	    0.00	  599.73	    0.00	 4860.17	   22.97	    0.30	    0.12	    2.40
19	20	    0.00	    0.00	    0.00	    0.01	    0.00	  100.01	  578.65	  600.34	    0.12	    0.03	    0.01	    0.01	    0.02	    0.01	    0.02	 1499.92	  538.43	  200.20	   98.13	 2700.13	    0.00	    0.05	    0.02	    0.01
19	21	    0.00	   99.89	    0.00	    0.00	    0.01	  199.96	  700.47	  800.45	    0.12	    0.15	    0.03	    0.00	    0.00	    0.00	    0.11	 1700.22	    0.36	  400.18	    0.05	 3101.74	    0.12	    0.00	    0.00	    0.00
20	19	    0.00	    0.00	    0.00	    0.00	    0.00	    0.00	    0.00	    0.00	    0.00	    0.07	    0.02	  539.07	 1700.82	    0.05	    0.11	    0.00	    0.05	    0.00	    0.12	    0.00	 2865.30	    0.16	    2.32	 1060.10
20	21	  242.13	    0.09	   60.53	    0.17	    0.00	    0.02	    0.04	    0.05	    0.00	    0.00	    0.00	  423.73	 1351.06	    0.00	    0.00	    0.11	    0.00	    0.02	    0.00	    0.27	 4939.38	    0.00	    0.78	 1506.99
20	23	    0.00	    0.00	    0.00	    0.00	    0.00	    0.01	  378.61	  200.29	    0.02	  492.87	    0.00	    0.00	    0.00	    0.00	  690.47	  899.86	  218.35	  100.18	  258.01	 1499.85	 3195.31	 2395.82	    0.00	    0.00
21	14	    0.00	    0.00	    0.00	    0.00	    0.00	    0.00	    0.06	    0.08	    0.00	    0.00	    0.00	    0.04	  867.37	    0.00	    0.00	    0.15	    0.00	    0.03	    0.00	    0.34	 3134.92	10452.11	 2445.93	 1302.20
21	19	    0.04	    0.00	    0.00	    0.04	    0.00	    0.00	    0.00	    0.00	    0.00	    0.07	    0.11	    0.07	    0.13	    2.64	    0.10	    0.00	    0.00	    0.00	    0.00	    0.00	    0.00	 5200.38	 1797.82	    0.24
21	20	    0.01	    0.00	    0.00	    0.02	    0.08	    0.00	    0.00	    0.00	  299.89	 1692.90	    2.45	    0.04	    0.00	    0.79	 1490.56	    0.06	  279.96	    0.00	  559.99	    0.00	    0.00	 4195.93	    0.78	    0.00
21	22	    0.00	    0.00	    0.00	    0.00	    0.00	    0.01	  200.45	  300.43	  311.48	 1313.47	    0.00	    0.00	    0.00	    0.00	  939.81	  500.28	  452.14	  100.18	  296.67	  701.67	    4.59	 4551.58	    0.00	    0.00
22	13	    0.01	    0.00	    0.00	    0.01	    0.00	    0.00	    0.56	    0.71	    0.00	    0.00	    0.05	    0.02	  130.18	    0.00	    0.00	    0.60	    0.00	    0.27	    0.01	    1.72	  798.19	 1247.67	 4852.54	 1237.37
22	21	  157.91	    0.02	   39.47	    0.79	    0.04	    0.02	    0.00	    0.00	    0.00	    0.00	  310.90	  276.41	  816.44	  734.76	    0.00	    0.00	    0.00	    0.00	    0.00	    0.00	    0.00	    0.00	 6343.75	  895.45
22	23	    0.01	    0.00	    0.00	    0.02	    0.00	    0.01	    0.19	    0.15	    0.08	  307.13	  996.65	    0.06	    0.00	 1396.48	  408.12	    0.41	   81.68	    0.06	  141.39	    0.95	    0.10	 1203.97	 3303.71	    0.00
23	12	    0.00	    0.00	    0.00	    0.00	    0.00	    0.00	  278.51	    0.00	    0.00	    0.00	    0.00	    0.00	    0.00	  597.23	  698.59	  599.55	    0.03	  100.10	  299.39	 1099.80	 1201.71	 2499.73	 1901.42	 1800.10
23	20	  342.12	    0.09	   60.53	  200.14	   99.92	    0.02	    0.00	    0.00	    0.00	    0.00	  397.55	 1262.76	 3651.86	  399.25	    0.00	    0.00	    0.00	    0.00	    0.00	    0.00	    0.00	    0.00	  702.29	 3067.07
23	22	  457.79	    0.01	  139.45	    2.87	    0.54	    0.73	    0.29	    0.43	    0.16	    0.00	    0.08	  976.18	 1746.30	    0.00	    0.00	    0.72	    0.00	    0.14	    0.00	    1.00	 1493.70	    0.06	    0.00	 2832.83
