i	j	       0	       1	       2	       3	       4	       5	       6	       7	       8	       9	      10	      11	      12	      13	      14	      15	      16	      17	      18	      19	      20	      21	      22	      23
0	1	 2600.88	    0.00	  267.34	  200.03	   16.33	    0.00	    0.01	    0.02	   32.65	   97.96	  200.03	  473.41	  461.09	  100.01	   16.31	    0.02	    0.02	    0.00	    0.03	    0.00	    0.01	    0.06	    0.13	   29.10
0	2	 6199.12	 1164.52	    0.00	    0.00	    0.00	  229.13	  130.48	  226.21	    0.00	    0.00	    0.00	    0.00	    0.00	    0.00	    0.00	  138.17	    0.00	   32.03	    0.00	    0.02	    0.00	    0.00	    0.00	    0.00
1	0	    0.00	 1264.52	    0.00	    0.00	    0.00	  529.13	  630.46	 1026.18	    0.00	    0.00	    0.00	    0.00	    0.00	    0.00	    0.00	  638.15	    0.46	  132.03	    0.03	  300.01	    0.01	    0.02	    0.00	    0.00
1	5	 2500.88	 2735.48	  167.34	    0.05	    0.00	    0.00	    0.00	    0.00	    0.00	    0.00	    0.05	  373.41	  161.09	    0.02	    0.00	    0.00	    0.00	    0.00	    0.00	    0.00	    0.01	    0.03	    0.13	   29.10
2	0	    0.00	    0.00	  367.34	  700.03	  216.33	    0.00	    0.03	    0.05	  532.65	 1397.96	  700.03	  673.41	  961.09	  400.01	  516.31	    0.03	  399.56	    0.00	  300.00	    0.02	  100.00	  400.05	  300.13	  129.10
2	3	 4498.65	  664.28	 1932.42	    0.00	    0.00	    0.00	    0.00	    0.00	    0.00	    0.00	    0.00	 3750.69	 2498.58	    0.08	    0.00	    0.00	    0.00	    0.00	    0.00	    0.04	  202.39	    0.06	    2.50	  470.72
2	11	 1600.47	  400.24	  500.24	 1602.22	  403.50	  500.45	  768.10	 1200.00	 1399.42	  551.00	    0.17	    0.00	    0.00	    0.00	   39.93	  699.03	  155.41	  199.39	   17.11	    0.25	    0.00	    0.00	    0.00	    0.00
3	2	    0.00	    0.00	    0.00	 2502.25	  719.83	  571.32	  737.65	 1173.84	 2032.07	 2248.96	 1000.17	    0.00	    0.00	  499.94	  656.19	  760.90	  654.96	  167.36	  317.11	    0.24	    0.00	    0.03	    0.03	    0.00
3	4	 3197.34	  164.28	 1332.33	 6697.35	    0.00	    0.00	    0.00	    0.00	    0.00	    0.00	  903.47	 3149.93	 1898.17	  200.01	    0.04	    0.00	    0.00	    0.00	    0.03	    0.00	    2.45	    0.06	  199.86	  270.71
3	10	  801.31	  300.04	  400.09	 2400.40	  699.83	  599.63	    0.20	    4.32	    0.05	    0.15	    0.00	    0.75	    0.40	    0.06	    0.05	    0.10	    0.04	    0.08	    0.02	    0.02	    0.02	    0.04	    0.05	    0.02
4	3	    0.00	    0.04	    0.00	    0.00	 1919.65	 1570.94	 1137.86	 1878.15	 2732.13	 3447.73	    0.00	    0.00	    0.00	    0.00	 1154.20	 1561.00	 1154.68	  267.44	  516.26	  300.23	    0.03	  399.23	    0.00	    0.00
4	5	    0.00	    0.00	  526.12	 2133.74	 1262.05	    0.00	    0.02	    0.03	  567.46	 1302.11	  403.00	 1467.09	  582.18	  100.02	  283.53	    0.03	    0.04	    0.00	    0.19	    0.01	    0.01	    0.02	   99.86	   70.89
4	8	 2997.34	  899.84	  706.21	 4063.61	 2918.30	 1400.02	    0.02	    0.08	    0.00	    0.00	    0.47	 1482.84	 1115.99	    0.00	    0.00	    0.04	    0.00	    0.01	    0.00	    0.02	    0.00	    0.00	    0.00	  199.83
5	1	    0.00	    0.00	    0.00	    0.02	   83.67	  929.13	  830.45	 1426.16	  167.35	  502.04	    0.02	    0.00	    0.00	    0.01	   83.69	 1038.13	  200.44	  132.03	  100.00	  400.00	    0.01	   99.98	    0.00	    0.00
5	4	    0.00	  835.60	    0.00	    0.00	    0.00	 3170.96	 1013.93	 1785.69	    0.00	    0.00	    0.00	    0.00	    0.00	    0.00	    0.00	 1495.21	    0.07	  200.88	    0.03	  300.82	    0.04	    0.06	    0.00	    0.00
5	7	 2200.88	 1499.89	  393.46	 1733.77	  978.37	 3499.91	    0.00	    0.00	    0.11	    0.19	    3.03	 1640.51	  543.28	    0.03	    0.00	    0.00	    0.00	    0.00	    0.00	    0.00	    0.00	    0.00	    0.00	    0.00
6	7	    0.00	    0.00	    0.00	    0.00	    0.00	    0.00	 4171.74	    0.00	    0.00	    0.00	    0.00	    0.00	    0.00	  399.66	  599.53	  403.37	  134.11	  999.41	  998.98	 2599.46	  500.21	  799.91	  299.98	  199.99
6	17	  431.14	  337.26	    8.06	  430.28	  118.96	  987.05	 7928.26	 4523.27	  818.55	    0.19	    0.11	  218.68	    0.00	    0.00	    0.00	    0.00	    0.02	    0.00	    0.00	    0.00	    0.00	    0.00	    0.00	    0.00
7	5	    0.00	    0.00	    0.00	    0.00	    0.00	    0.00	 2244.37	 4011.83	    0.00	    0.12	    0.00	    0.00	    0.00	    0.00	    0.17	 3433.30	  700.47	  432.90	  299.83	 1000.81	  100.03	  299.98	    0.00	    0.01
7	6	  931.14	  537.26	  108.06	  830.28	  318.96	 1387.05	    0.00	 5523.27	 1418.50	    3.59	    0.98	  918.68	   67.98	    0.00	    0.00	    0.00	    0.10	    0.00	    0.00	    0.00	    0.00	    0.00	    0.00	    0.00
7	8	    0.00	    0.00	    0.00	    0.00	    0.00	    0.00	  927.53	 3787.07	    0.00	    0.00	    0.00	    0.00	    0.00	    0.00	    0.00	 1203.54	    0.00	  266.62	    0.00	  698.98	    0.26	    0.00	    0.00	    0.00
7	15	  469.81	  562.67	  172.42	  684.85	  428.02	 1312.94	    0.00	 3377.83	  892.60	    0.14	    0.18	  483.44	    0.17	    0.00	    0.00	    0.00	    0.00	    0.00	    0.00	    0.00	    0.00	    0.00	    0.00	    0.00
8	4	    0.00	    0.00	    0.00	    0.00	    0.00	    0.00	  323.96	  592.57	 4099.59	 5749.84	    0.00	    0.00	    0.00	    0.00	 1637.68	  565.87	 1354.65	   66.57	  616.39	   99.44	   97.55	  599.14	    0.00	    0.00
8	7	    0.07	    0.04	   87.03	  481.36	  268.60	    0.09	    0.00	    0.00	 3110.98	 1603.40	  798.13	  361.62	  124.87	    0.04	    0.00	    0.00	    0.21	    0.00	    0.00	    0.00	    0.00	    0.00	    0.00	    0.00
8	9	 2497.26	  699.80	  519.19	 2882.25	 1849.70	  999.93	    3.64	 2394.58	 8989.43	    0.00	    0.00	  521.27	  391.17	    0.00	    0.00	    1.14	    0.00	    0.26	    0.00	    0.28	    0.00	    0.00	    0.00	    0.00
9	8	    0.00	    0.00	    0.00	    0.00	    0.00	    0.00	    0.05	    0.00	    0.00	10153.24	 2197.66	    0.05	    0.05	  600.05	 2637.68	  763.44	 2254.86	    0.21	 1016.39	    0.72	  397.29	 1299.14	  500.00	    0.17
9	10	    0.00	    0.00	    0.00	    0.00	    0.00	    0.00	  499.80	  795.68	 1718.21	 8518.54	    0.00	    0.00	    0.00	    0.00	 1300.61	 1400.09	 1944.67	  199.91	  430.94	  434.01	    1.83	  482.31	    0.00	    0.00
9	14	  798.93	   99.89	   99.86	 1098.28	  596.82	  200.05	    0.00	    0.00	 3082.27	14591.51	 1906.81	  647.77	    5.24	    0.00	    0.00	    0.00	    0.74	    0.00	    0.00	    0.00	    0.00	    0.00	    0.00	    0.00
9	15	    0.00	    0.00	   19.53	   84.95	   53.09	    0.00	    0.00	    0.00	  489.02	 8036.02	 2165.79	  197.44	    0.30	    0.00	    0.00	    0.00	    0.00	    0.00	    0.00	    0.00	    0.00	    0.00	    0.00	    0.00
9	16	  399.06	    0.04	   99.99	  499.93	  199.95	    0.04	    0.08	    0.11	  899.92	 3900.69	  999.66	  599.91	  499.84	    0.13	    0.11	    0.21	    0.00	    0.05	    0.07	    0.13	    0.05	    0.13	    0.05	    0.02
10	3	    0.00	    0.00	    0.00	    0.00	    0.00	    0.00	    0.00	    0.00	    0.00	    1.38	 3403.64	    0.00	    0.00	 1199.93	    2.09	    0.00	    0.32	    0.00	    0.91	    0.00	    0.05	    0.84	  697.44	    0.02
10	9	    0.73	    0.08	    0.19	    0.91	    0.17	    0.09	    0.00	    0.00	    0.00	    0.00	11169.91	 2923.90	 2014.25	 1132.91	    0.00	    0.00	    0.00	    0.00	    0.00	    0.00	    0.00	    0.00	  307.14	   54.17
10	11	    0.00	    0.00	    0.00	    0.00	    0.00	    0.00	    0.00	    0.00	    0.10	 3349.00	 2400.05	    0.00	    0.00	  718.69	  666.67	    0.19	  944.49	    0.02	  285.69	    0.00	    0.00	    0.04	    0.04	    0.00
10	13	  301.05	  100.14	  100.13	  999.56	  199.68	  199.56	    0.00	    0.00	  318.16	 1168.31	 5326.40	 1051.90	   13.30	    0.00	    0.00	    0.00	    0.04	    0.00	    0.00	    0.00	    0.00	    0.00	    0.00	    0.00
11	2	    0.00	    0.00	    0.00	    0.00	    0.00	    0.00	    0.00	    0.00	    0.00	    0.00	    0.03	 4624.10	 3559.67	    0.15	    0.05	    0.00	    0.00	    0.00	    0.00	    0.04	  302.39	  500.08	  402.61	  599.82
11	10	    0.47	    0.17	    0.23	    0.07	    0.02	    0.02	    0.00	    0.00	    0.00	    0.00	    0.00	 5375.05	 3027.16	    0.00	    0.00	    0.00	    0.00	    0.00	    0.00	    0.00	    0.05	    0.00	    0.00	    0.50
11	12	 1400.01	  300.06	  300.00	 1002.15	  203.48	  300.43	   68.19	  600.00	  799.52	 1900.00	 1000.19	 3900.85	    0.00	   18.66	    6.55	    0.55	  499.89	    0.08	    2.81	    0.04	    0.00	    0.00	    0.00	    0.00
12	11	    0.00	    0.00	    0.00	    0.00	    0.00	    0.00	    0.09	    0.00	    0.00	    0.00	    0.00	    0.00	 7886.83	    0.13	    0.00	    1.33	    0.00	    0.68	    0.00	  499.83	  602.44	 1200.04	 1102.57	 1100.32
12	23	  900.01	    0.06	  200.00	  402.15	    3.48	  100.43	    0.00	    0.00	  199.52	    0.00	    0.19	 2600.85	 6713.17	    0.00	    0.00	    0.00	    0.00	    0.00	    0.00	    0.00	    0.00	    0.00	    0.00	    0.00
13	10	    0.00	    0.00	    0.00	    0.00	    0.00	    0.00	    0.00	    0.00	    0.00	    0.00	    0.00	    0.00	    0.00	 4651.46	  768.09	    0.00	    0.14	    0.02	  255.64	  165.96	  398.15	  618.53	 2304.57	  653.66
13	14	    1.06	    0.14	    0.14	    1.28	    0.00	    0.00	    0.00	    0.00	    0.00	    0.00	 1048.43	  352.17	   92.27	 6230.83	    0.00	    0.00	    0.00	    0.00	    0.00	    0.00	    0.00	    0.00	 1190.14	  122.27
13	22	    0.00	    0.00	    0.00	  498.30	   99.68	   99.57	    0.00	    0.00	  194.21	  810.86	 2678.03	    0.00	    0.00	 3217.71	  443.74	    0.00	  220.59	    0.00	  136.75	    0.00	    0.00	    0.00	    0.00	    0.00
14	9	    0.00	    0.00	    0.00	    0.00	    0.00	    0.00	    0.06	    0.00	    0.00	    0.00	    0.00	    0.00	    0.00	 1567.27	 7938.41	    0.28	    0.96	    0.07	 3246.97	 1720.55	 1599.17	 4381.58	 1992.90	  746.03
14	13	    0.00	    0.00	    0.00	    0.00	    0.00	    0.02	  199.68	  399.41	  476.05	 1742.55	    0.06	    0.00	    0.00	    0.00	 2511.83	  699.63	  920.69	   99.84	  692.38	  665.04	    0.31	  675.59	    0.00	    0.00
14	18	  299.99	    0.04	    0.00	  200.02	  100.01	    0.10	    0.02	    0.03	  400.06	 3259.82	  833.41	  300.00	  283.11	 2897.62	 5899.98	    0.05	    0.39	    0.01	    0.00	    0.05	  550.70	 2899.93	  899.92	  259.14
14	21	    0.00	    0.00	    0.00	  399.54	  296.81	    0.00	    0.00	    0.00	 1306.17	 5589.15	  721.76	    0.00	    0.00	  465.94	 5049.79	    0.22	 2490.01	    0.00	 2081.45	    0.00	    0.00	    0.00	    0.00	    0.00
15	7	    0.00	    0.00	    0.00	    0.00	    0.00	    0.00	    0.16	    0.00	    0.00	    0.25	    0.00	    0.00	    0.00	    0.27	    0.63	 6433.47	 1966.26	    0.11	    0.85	    0.33	    0.08	    0.07	    0.03	    0.02
15	9	    0.00	    0.05	    0.00	    0.00	    0.00	    0.07	 2396.07	    1.21	    0.00	    0.00	    0.00	    0.00	    0.00	    0.00	    0.00	 6561.02	    0.54	  899.78	    0.19	 1213.88	    0.00	    0.00	    0.00	    0.00
15	16	    0.96	  200.02	    0.01	    0.09	    0.06	  500.11	 1000.27	 1400.72	    0.11	    0.48	    0.08	    0.09	    0.03	    0.00	    0.00	 5962.76	    0.00	  600.12	    0.00	 1537.27	  354.28	    0.00	    0.07	  130.22
15	17	    0.08	    0.04	    0.00	    0.08	    0.03	    0.18	    0.00	    0.68	    0.32	 3636.77	  766.36	    0.10	    0.01	    0.03	    0.33	 7142.74	 3745.79	    0.00	    0.33	    0.00	    0.00	    0.00	    0.00	    0.00
16	9	    0.00	    0.00	    0.00	    0.00	    0.00	    0.00	    0.15	    0.00	    0.00	    0.00	    0.00	    0.00	    0.00	    0.00	    0.00	    1.30	 8098.77	    0.06	    0.24	    0.16	    0.00	    0.00	    0.00	    0.00
16	15	    0.00	    0.00	    0.00	    0.00	    0.00	    0.00	    0.00	    0.00	    0.00	    1.02	    0.17	    0.00	    0.00	  691.03	 1186.19	    0.00	 8512.48	    0.00	 1285.43	    0.00	    0.05	    0.10	    0.04	    0.03
16	18	    0.03	    0.06	    0.00	    0.02	    0.01	    0.15	    0.19	    0.83	    0.03	    0.15	    0.00	    0.00	    0.00	    0.00	    0.00	 3161.68	 6788.75	    0.11	    0.00	    0.00	    0.00	    0.00	    0.00	    0.00
17	6	    0.00	    0.00	    0.00	    0.00	    0.00	    0.00	    0.00	    0.00	    0.05	 1896.61	  499.13	    0.00	  332.02	  599.66	 1099.53	 1803.37	 1134.03	 1199.41	 1398.98	 3099.46	  700.21	 1299.91	  499.98	  299.99
17	15	   31.23	   37.44	    8.06	   30.37	   18.98	   87.42	 4796.50	  224.78	   18.80	    0.34	    0.30	   19.30	  599.57	    9.26	   14.77	    0.00	    0.11	 2000.01	   15.94	 4351.48	  954.30	 1199.97	  500.05	  430.22
17	19	  299.99	  299.86	    0.00	  299.99	  100.01	  799.82	 2931.77	 3999.17	  600.01	 1040.30	  167.32	    0.04	    0.00	    0.00	    0.00	 4839.37	 2011.80	 1600.59	    0.00	    0.00	    0.00	    0.00	    0.00	    0.00
18	14	    0.00	    0.01	    0.00	    0.00	    0.00	    0.05	  699.62	  999.33	    0.00	    0.00	    0.00	    0.00	    0.00	    0.00	    0.00	 1899.97	 4911.31	  299.86	 6820.80	 3485.19	    0.15	    0.36	    0.15	    0.07
18	16	    0.00	    0.00	    0.00	    0.00	    0.00	    0.00	    0.00	    0.00	    0.00	    0.00	    0.43	    0.00	    0.13	 1390.90	 2686.08	    0.00	    0.00	    0.00	 2985.60	  162.76	  245.73	 1699.97	  599.93	  169.78
18	19	    0.02	    0.00	    0.00	    0.03	    0.02	    0.02	    0.00	    0.00	    0.09	 1459.97	  432.98	    0.00	    0.00	 1206.73	 2413.90	    0.00	  177.82	    0.00	 2993.60	    0.00	    0.00	    0.00	    0.00	    0.00
19	17	    0.00	    0.00	    0.00	    0.00	    0.00	    0.00	    0.00	    0.00	    0.00	    0.28	    0.28	    0.56	 1031.59	  708.90	 1313.97	    0.00	    0.13	    0.00	 1714.59	 7850.93	 1754.51	 2799.88	 1100.03	  730.21
19	18	    0.00	   99.92	    0.00	    0.00	    0.00	  199.83	 1099.41	 1698.48	    0.00	    0.00	    0.00	    0.00	   17.02	    0.01	    0.00	   38.24	    0.00	  599.75	    0.00	 4847.90	   95.17	    0.41	    0.16	   10.71
19	20	    0.00	    0.00	    0.00	    0.01	    0.00	  100.00	  632.12	  600.28	    0.05	    0.05	    0.02	    0.01	    0.02	    0.02	    0.03	 1501.23	  489.26	  200.72	   79.09	 2700.72	    0.00	    0.07	    0.03	    0.02
19	21	    0.00	   99.94	    0.00	    0.02	    0.02	  200.01	  700.24	  800.42	    0.05	    0.20	    0.04	    0.00	    0.00	    0.00	    0.15	 1699.91	    0.30	  400.12	    0.07	 3100.44	    0.17	    0.00	    0.00	    0.00
20	19	    0.00	    0.00	    0.00	    0.00	    0.00	    0.00	    0.00	    0.00	    0.00	    0.09	    0.02	  400.51	 1648.50	    0.24	    0.15	    0.00	    0.06	    0.00	    0.16	    0.00	 3049.85	    0.21	    1.32	 1140.71
20	21	  263.01	    0.03	   65.75	    0.05	    0.00	    0.03	    0.12	    0.13	    0.00	    0.00	    0.00	  460.27	 1469.09	    0.13	    0.00	    0.29	    0.00	    0.07	    0.00	    0.66	 4750.69	    0.00	    0.38	 1606.16
20	23	    0.00	    0.00	    0.00	    0.00	    0.00	    0.02	  432.02	  200.18	    0.29	  483.11	    0.00	    0.00	    0.00	    0.00	  677.35	  901.06	  209.85	  100.66	  250.52	 1500.13	 3199.46	 2351.02	    0.00	    0.00
21	14	    0.00	    0.01	    0.00	    0.00	    0.00	    0.01	    0.14	    0.11	    0.00	    0.00	    0.00	    0.06	  885.60	    0.00	    0.00	    0.21	    0.00	    0.06	    0.00	    0.45	 2950.03	10556.74	 2702.53	 1282.83
21	19	    0.00	    0.00	    0.00	    0.00	    0.00	    0.00	    0.00	    0.00	    0.00	    0.16	    0.02	    0.03	    0.13	    1.96	    0.11	    0.00	    0.00	    0.00	    0.00	    0.00	    0.00	 5200.15	 1798.90	    0.22
21	20	    0.00	    0.00	    0.00	    0.00	   96.93	    0.01	    0.01	    0.03	  300.25	 1683.15	    1.54	    0.00	    0.00	    0.62	 1477.47	    0.11	  320.66	    0.01	  571.58	    0.08	    0.00	 4151.16	    0.64	    0.00
21	22	    0.00	    0.00	    0.00	    0.00	    0.00	    0.03	  200.20	  300.42	  305.97	 1306.04	    0.00	    0.00	    0.00	    0.00	  972.36	  500.09	  469.66	  100.12	  309.94	  700.58	    0.82	 4491.95	    0.00	    0.00
22	13	    0.01	    0.00	    0.00	    0.02	    0.00	    0.00	    0.32	    0.59	    0.00	    0.00	    0.00	    0.26	  678.96	    0.00	    0.00	    0.37	    0.00	    0.18	    0.01	    0.92	  797.84	 1142.94	 4594.72	 1175.93
22	21	  136.99	    0.04	   34.25	    0.39	    0.10	    0.00	    0.00	    0.00	    0.00	    0.00	  379.76	  239.82	  716.64	  736.50	    0.00	    0.00	    0.00	    0.00	    0.00	    0.00	    0.00	    0.00	 6601.68	  776.90
22	23	    0.00	    0.00	    0.00	    0.00	    0.00	    0.00	    0.01	    0.03	    0.18	  316.89	  998.33	    0.00	    0.00	 1381.20	  416.10	    0.06	   90.25	    0.00	  146.68	    0.12	    0.05	 1249.09	 3303.60	    0.00
23	12	    0.00	    0.00	    0.00	    0.00	    0.00	    0.00	  331.90	    0.00	    0.00	    0.00	    0.00	    0.00	    0.00	  581.47	  693.45	  600.78	    0.11	  100.60	  297.19	 1099.79	 1202.44	 2500.04	 1902.57	 1800.32
23	20	  363.01	    0.02	   65.75	  200.04	    3.06	    0.04	    0.00	    0.00	    0.00	    0.00	  398.46	 1160.77	 3717.57	  399.74	    0.00	    0.00	    0.00	    0.00	    0.00	    0.00	    0.00	    0.00	  701.04	 3246.85
23	22	  437.00	    0.04	  134.25	    2.11	    0.41	    0.40	    0.13	    0.20	    0.00	    0.00	    0.05	  940.08	 2195.61	    0.00	    0.00	    0.34	    0.00	    0.07	    0.00	    0.46	 1497.07	    0.08	    0.00	 2652.83
