i	j	o5d2l7
0	1	 4495.21
0	2	 8119.56
1	0	 4520.52
1	5	 5967.14
2	0	 8094.25
2	3	14019.52
2	11	10037.88
3	2	14042.98
3	4	18018.45
3	10	 5209.70
4	3	18044.47
4	5	 8798.20
4	8	15786.32
5	1	 5992.45
5	4	 8801.08
5	7	12493.50
6	7	12100.46
6	17	15797.04
7	5	12521.70
7	6	12041.59
7	8	 6885.96
7	15	 8387.18
8	4	15809.45
8	7	 6834.82
8	9	21748.14
9	8	21820.14
9	10	17724.59
9	14	23130.95
9	15	11045.29
9	16	 8100.44
10	3	 5307.13
10	9	17604.84
10	11	 8363.84
10	13	 9777.03
11	2	 9989.12
11	10	 8403.96
11	12	12302.62
12	11	12393.98
12	23	11120.28
13	10	 9814.59
13	14	 9035.62
13	22	 8397.39
14	9	23196.22
14	13	 9079.17
14	18	19083.22
14	21	18406.93
15	7	 8407.64
15	9	11071.85
15	16	11688.19
15	17	15282.96
16	9	 8100.36
16	15	11677.78
16	18	 9952.85
17	6	15855.90
17	15	15340.40
17	19	18986.28
18	14	19116.24
18	16	 9942.35
18	19	 8685.46
19	17	19002.58
19	18	 8707.98
19	20	 6304.16
19	21	 7004.04
20	19	 6243.48
20	21	 8617.43
20	23	10305.98
21	14	18382.74
21	19	 7003.54
21	20	 8605.99
21	22	 9659.68
22	13	 8391.40
22	21	 9623.55
22	23	 7900.53
23	12	11111.64
23	20	10256.74
23	22	 7858.41
