i	j	       0	       1	       2	       3	       4	       5	       6	       7	       8	       9	      10	      11	      12	      13	      14	      15	      16	      17	      18	      19	      20	      21	      22	      23
0	1	 2599.81	    0.00	  271.32	  200.02	   16.65	    0.00	    0.01	    0.02	   33.31	  100.21	  200.02	  486.62	  467.16	  100.01	   16.72	    0.02	    0.02	    0.00	    0.02	    0.00	    0.01	    0.09	    0.35	   29.19
0	2	 6200.19	 1173.80	    0.00	    0.00	    0.00	  236.99	  145.29	  252.82	    0.00	    0.00	    0.00	    0.00	    0.00	    0.00	    0.00	  100.46	    0.00	   35.90	    0.00	    0.00	    0.00	    0.00	    0.00	    0.00
1	0	    0.00	 1273.80	    0.00	    0.00	    0.00	  536.99	  645.26	 1052.79	    0.00	    0.00	    0.00	    0.00	    0.00	    0.00	    0.00	  600.44	    0.45	  135.89	    0.03	  299.99	    0.00	    0.00	    0.00	    0.00
1	5	 2499.81	 2726.20	  171.32	    0.04	    0.00	    0.00	    0.00	    0.00	    0.00	    0.00	    0.04	  386.62	  167.16	    0.02	    0.00	    0.00	    0.00	    0.00	    0.00	    0.00	    0.01	    0.02	    0.35	   29.19
2	0	    0.00	    0.00	  371.32	  700.02	  216.65	    0.00	    0.03	    0.05	  533.31	 1400.21	  700.02	  686.62	  967.16	  400.01	  516.72	    0.04	  399.57	    0.00	  299.99	    0.02	  100.01	  400.09	  300.35	  129.19
2	3	 4500.18	  673.67	 1928.64	    0.00	    0.00	    0.04	    0.00	    0.00	    0.00	    0.00	    0.00	 3796.79	 2540.93	    0.09	    0.00	    0.00	    0.00	    0.00	    0.00	    0.00	  202.51	    0.02	    2.71	  470.48
2	11	 1600.01	  400.13	  500.04	 1602.31	  403.02	  500.47	  775.41	 1200.00	 1399.28	  732.99	    1.33	    0.00	    0.00	    0.46	   57.94	  543.86	  206.74	  199.50	   24.83	    0.20	    0.00	    0.00	    0.00	    0.00
3	2	    0.00	    0.00	    0.00	 2502.33	  719.67	  563.53	  730.15	 1147.23	 2032.59	 2433.20	 1000.43	    0.00	    0.00	  499.95	  674.60	  643.43	  706.31	  163.60	  324.82	    0.22	    0.00	    0.10	    0.08	    0.00
3	4	 3198.47	  173.56	 1328.46	 6697.20	    0.00	    0.00	    0.00	    0.00	    0.00	    0.08	  905.84	 3195.94	 1940.43	  200.10	    0.03	    0.00	    0.03	    0.00	    0.02	    0.00	    2.54	    0.05	  199.71	  270.51
3	10	  801.71	  300.16	  400.18	 2400.47	  699.78	  599.62	    0.54	    6.05	    0.06	    0.18	    0.00	    0.85	    0.51	    0.07	    0.06	    0.31	    0.04	    0.10	    0.02	    0.03	    0.02	    0.05	    0.06	    0.03
4	3	    0.00	    0.05	    0.00	    0.00	 1919.45	 1563.10	 1130.69	 1853.28	 2732.65	 3631.57	    0.00	    0.00	    0.00	    0.00	 1172.81	 1443.74	 1205.81	  263.70	  524.08	  300.25	    0.03	  399.13	    0.00	    0.00
4	5	    0.00	    0.00	  525.38	 2133.98	 1262.10	    0.00	    0.02	    0.04	  566.86	 1299.81	  404.38	 1457.07	  592.79	  100.03	  283.01	    0.04	    0.04	    0.00	    0.02	    0.01	    0.01	    0.01	   99.65	   70.79
4	8	 2998.47	  899.79	  703.09	 4063.21	 2918.45	 1399.92	    0.03	    0.11	    0.00	    0.00	    1.46	 1538.87	 1147.64	    0.08	    0.00	    0.06	    0.00	    0.01	    0.00	    0.03	    0.00	    0.00	    0.06	  199.72
5	1	    0.00	    0.00	    0.00	    0.02	   83.35	  936.99	  845.26	 1452.77	  166.69	  499.79	    0.02	    0.00	    0.00	    0.01	   83.28	 1000.42	  200.43	  135.89	  100.01	  399.98	    0.00	   99.93	    0.00	    0.00
5	4	    0.00	  826.28	    0.00	    0.00	    0.00	 3163.02	 1035.15	 1809.78	    0.00	    0.00	    0.00	    0.00	    0.00	    0.00	    0.00	 1461.90	    0.32	  202.89	    0.03	  307.29	    0.02	    0.00	    0.00	    0.00
5	7	 2199.81	 1499.92	  396.69	 1734.01	  978.75	 3499.99	    0.00	    0.00	    0.16	    0.16	    4.41	 1643.69	  559.95	    0.03	    0.00	    0.00	    0.00	    0.00	    0.00	    0.00	    0.00	    0.00	    0.00	    0.00
6	7	    0.00	    0.00	    0.00	    0.00	    0.00	    0.00	 4179.20	    0.00	    0.00	    0.00	    0.00	    0.00	    0.00	  399.91	  600.00	  403.65	  144.01	  999.78	  999.63	 2599.69	  499.98	  799.81	  299.97	  199.99
6	17	  430.56	  336.65	    8.89	  435.02	  121.94	  985.66	 7920.80	 4519.08	  821.46	    0.64	    0.13	  222.42	    0.05	    0.00	    0.00	    0.00	    0.03	    0.00	    0.00	    0.00	    0.00	    0.00	    0.00	    0.00
7	5	    0.00	    0.00	    0.00	    0.00	    0.00	    0.00	 2280.39	 4062.52	    0.00	    0.13	    0.00	    0.00	    0.00	    0.00	    0.27	 3362.29	  700.71	  438.78	  300.02	 1007.26	  100.00	  299.90	    0.00	    0.01
7	6	  930.56	  536.65	  108.89	  835.02	  321.94	 1385.66	    0.00	 5519.08	 1421.40	    2.98	    0.70	  922.14	   80.33	    0.00	    0.00	    0.00	    0.12	    0.00	    0.00	    0.00	    0.00	    0.00	    0.00	    0.00
7	8	    0.00	    0.00	    0.00	    0.00	    0.00	    0.00	  898.81	 3737.46	    0.00	    0.00	    0.00	    0.00	    0.00	    0.00	    0.00	 1295.86	    0.00	  261.14	    0.00	  692.81	    0.04	    0.00	    0.00	    0.00
7	15	  469.62	  563.32	  174.03	  690.15	  431.28	 1314.43	    0.00	 3380.94	  891.67	    0.00	    0.06	  475.88	    0.32	    0.00	    0.00	    0.00	    0.00	    0.00	    0.00	    0.00	    0.00	    0.00	    0.00	    0.00
8	4	    0.00	    0.00	    0.00	    0.00	    0.00	    0.00	  295.59	  543.64	 4099.50	 5931.31	    0.00	    0.00	    0.00	    0.00	 1655.79	  481.94	 1405.50	   60.82	  624.06	   92.99	   97.48	  599.09	    0.00	    0.00
8	7	    0.37	    0.04	   86.23	  491.17	  274.46	    0.10	    0.00	    0.00	 3112.90	 1602.67	  796.36	  354.32	  120.69	    0.00	    0.00	    0.00	    0.24	    0.00	    0.00	    0.00	    0.00	    0.00	    0.00	    0.00
8	9	 2498.10	  699.74	  516.86	 2872.05	 1843.98	  999.82	    3.31	 2393.92	 8987.59	    0.00	    0.00	  584.61	  427.01	    0.00	    0.00	    0.26	    0.00	    0.34	    0.00	    0.00	    0.00	    0.00	    0.00	    0.00
9	8	    0.00	    0.00	    0.00	    0.00	    0.00	    0.00	    0.06	    0.00	    0.00	10333.98	 2194.90	    0.06	    0.06	  599.93	 2655.79	  586.27	 2305.74	    0.02	 1024.06	    0.16	  397.44	 1299.09	  499.94	    0.28
9	10	    0.00	    0.00	    0.00	    0.00	    0.00	    0.00	  499.46	  794.03	 1752.03	 8477.88	    0.00	    0.00	    0.00	    0.00	 1336.69	 1556.40	 1893.66	  200.02	  441.68	  441.86	    1.52	  585.79	    0.00	    0.00
9	14	  798.31	   99.78	   99.79	 1097.22	  597.19	  199.85	    0.00	    0.00	 3048.54	14447.88	 2043.21	  686.21	   10.17	    0.00	    0.00	    0.00	    0.86	    0.00	    0.00	    0.00	    0.00	    0.00	    0.00	    0.00
9	15	    0.00	    0.00	   17.08	   74.93	   46.83	    0.00	    0.00	    0.00	  487.21	 8039.52	 2178.70	  201.68	    0.12	    0.00	    0.00	    0.00	    0.00	    0.00	    0.00	    0.00	    0.00	    0.00	    0.00	    0.00
9	16	  399.79	    0.02	   99.98	  499.90	  199.96	    0.04	    0.09	    0.12	  899.82	 3900.74	  999.60	  599.74	  499.79	    0.12	    0.13	    0.12	    0.00	    0.05	    0.08	    0.15	    0.05	    0.15	    0.05	    0.03
10	3	    0.00	    0.00	    0.00	    0.00	    0.00	    0.00	    0.00	    0.00	    0.00	    1.89	 3406.27	    0.00	    0.00	 1200.02	    1.89	    0.00	    0.57	    0.00	    0.77	    0.00	    0.03	    1.06	  697.14	    0.06
10	9	    0.00	    0.00	    0.00	    0.00	    0.00	    0.00	    0.00	    0.00	    0.00	    0.00	11316.41	 2903.08	 1983.12	 1188.90	    0.00	    0.00	    0.00	    0.00	    0.00	    0.00	    0.00	    0.00	  404.10	   64.00
10	11	    0.00	    0.00	    0.00	    0.00	    0.00	    0.00	    0.00	    0.00	    0.17	 3167.01	 2400.59	    0.00	    0.00	  735.23	  651.79	  156.71	  893.21	    0.12	  279.11	    0.00	    0.00	    0.00	    0.00	    0.00
10	13	  301.83	  100.21	  100.24	 1000.55	  199.81	  199.69	    0.00	    0.08	  351.92	 1309.16	 5176.74	 1014.10	   26.02	    0.00	    0.00	    0.00	    0.05	    0.00	    0.00	    0.00	    0.00	    0.00	    0.00	    0.00
11	2	    0.00	    0.00	    0.00	    0.00	    0.00	    0.00	    0.00	    0.00	    0.00	    0.00	    0.92	 4683.41	 3608.10	    0.61	    0.06	    0.00	    0.00	    0.00	    0.00	    0.00	  302.51	  500.01	  402.98	  599.67
11	10	    0.12	    0.05	    0.06	    0.08	    0.03	    0.07	    0.00	    0.00	    0.00	    0.00	    0.00	 5316.33	 3008.64	    0.00	    0.00	    0.00	    0.00	    0.00	    0.00	    0.00	    0.04	    0.00	    0.00	    0.45
11	12	 1399.89	  300.08	  299.98	 1002.23	  202.99	  300.40	   75.64	  600.00	  799.45	 1900.00	 1000.99	 3900.26	    0.00	   35.55	    9.67	    0.56	  499.95	    0.03	    3.94	    0.08	    0.00	    0.00	    0.00	    0.00
12	11	    0.00	    0.00	    0.00	    0.00	    0.00	    0.00	    0.23	    0.00	    0.00	    0.00	    0.00	    0.00	 7916.73	    0.46	    0.00	    0.00	    0.00	    0.42	    0.00	  499.87	  602.56	 1200.01	 1102.98	 1100.12
12	23	  899.89	    0.08	  199.98	  402.23	    2.99	  100.40	    0.00	    0.00	  199.45	    0.00	    0.99	 2600.26	 6683.27	    0.00	    0.00	    0.00	    0.00	    0.00	    0.00	    0.00	    0.00	    0.00	    0.00	    0.00
13	10	    0.00	    0.00	    0.00	    0.00	    0.00	    0.00	    0.00	    0.00	    0.00	    0.00	    0.00	    0.00	    0.00	 4724.08	  716.92	    0.00	    0.13	    0.00	  238.18	  158.11	  398.44	  515.22	 2401.18	  663.59
13	14	    1.73	    0.20	    0.22	    1.83	    0.06	    0.07	    0.00	    0.00	    0.00	    0.00	 1011.81	  313.91	  105.01	 6297.76	    0.00	    0.00	    0.00	    0.00	    0.00	    0.00	    0.00	    0.00	 1292.02	  142.45
13	22	    0.12	    0.01	    0.03	  498.75	   99.75	   99.63	    0.00	    0.00	  222.83	  937.24	 2565.00	    0.22	    0.00	 3078.16	  487.53	    0.00	  242.11	    0.00	  152.24	    0.00	    0.00	    0.00	    0.00	    0.00
14	9	    0.00	    0.00	    0.00	    0.00	    0.00	    0.00	    0.00	    0.00	    0.00	    0.00	    0.00	    0.00	    0.00	 1511.15	 7992.62	    0.32	    0.87	    0.06	 3265.60	 1709.77	 1599.02	 4485.02	 1895.89	  736.31
14	13	    0.00	    0.00	    0.00	    0.00	    0.00	    0.00	  199.50	  399.01	  470.91	 1728.08	    0.07	    0.00	    0.00	    0.00	 2504.45	  699.69	  942.18	   99.75	  690.42	  656.72	    0.38	  818.56	    0.00	    0.00
14	18	  300.03	    0.06	    0.01	  200.07	  100.03	    0.08	    0.02	    0.03	  400.16	 3257.10	  820.77	  300.20	  282.76	 2898.22	 5900.01	    0.06	    0.44	    0.01	    0.00	    0.05	  520.73	 2899.91	  899.98	  263.27
14	21	    0.00	    0.00	    0.00	  398.97	  297.22	    0.00	    0.00	    0.00	 1277.47	 5462.70	  834.18	    0.00	    0.00	  588.40	 5002.92	    0.25	 2451.75	    0.00	 2061.73	    0.00	    0.00	    0.00	    0.00	    0.00
15	7	    0.00	    0.00	    0.00	    0.00	    0.00	    0.00	    0.00	    0.00	    0.00	    0.29	    0.00	    0.00	    0.00	    0.06	    0.26	 6454.50	 1956.57	    0.14	    0.39	    0.38	    0.06	    0.09	    0.04	    0.02
15	9	    0.00	    0.06	    0.00	    0.00	    0.00	    0.08	 2396.07	    0.23	    0.00	    0.00	    0.00	    0.00	    0.00	    0.00	    0.00	 6541.00	    0.61	  899.59	    0.21	 1232.21	    0.00	    0.00	    0.00	    0.00
15	16	    0.19	  200.01	    0.01	    0.07	    0.03	  500.05	 1000.37	 1400.75	    0.12	    0.55	    0.10	    0.06	    0.00	    0.00	    0.00	 5961.87	    0.00	  600.17	    0.00	 1527.46	  376.20	    0.00	    0.00	  122.80
15	17	    0.14	    0.06	    0.00	    0.14	    0.03	    0.24	    0.00	    0.94	    0.41	 3640.61	  779.13	    0.14	    0.00	    0.03	    0.16	 7142.62	 3753.86	    0.00	    0.16	    0.00	    0.00	    0.00	    0.00	    0.00
16	9	    0.00	    0.00	    0.00	    0.00	    0.00	    0.00	    0.23	    0.00	    0.00	    0.00	    0.00	    0.00	    0.00	    0.00	    0.00	    1.22	 8098.78	    0.10	    0.00	    0.19	    0.00	    0.00	    0.00	    0.00
16	15	    0.00	    0.00	    0.00	    0.00	    0.00	    0.00	    0.00	    0.00	    0.00	    1.53	    0.34	    0.00	    0.00	  692.62	 1187.58	    0.00	 8510.92	    0.00	 1286.90	    0.00	    0.06	    0.12	    0.05	    0.03
16	18	    0.03	    0.05	    0.00	    0.02	    0.01	    0.10	    0.22	    0.88	    0.04	    0.17	    0.00	    0.00	    0.00	    0.00	    0.00	 3160.78	 6790.29	    0.12	    0.00	    0.00	    0.00	    0.00	    0.00	    0.00
17	6	    0.00	    0.00	    0.00	    0.00	    0.00	    0.00	    0.00	    0.00	    0.06	 1897.66	  499.43	    0.29	  319.72	  599.91	 1100.00	 1803.65	 1143.93	 1199.78	 1399.63	 3099.69	  699.98	 1299.81	  499.97	  299.99
17	15	   30.71	   36.81	    8.89	   35.12	   21.95	   85.94	 4796.43	  220.98	   21.66	    0.39	    0.12	   22.65	  599.57	    7.47	   12.85	    0.00	    0.12	 1999.91	   13.86	 4360.06	  976.20	 1199.98	  499.99	  422.79
17	19	  299.99	  299.90	    0.00	  300.04	  100.02	  799.96	 2924.37	 3999.04	  600.15	 1043.43	  179.81	    0.21	    0.00	    0.00	    0.00	 4838.97	 2009.99	 1600.32	    0.00	    0.00	    0.00	    0.00	    0.00	    0.00
18	14	    0.00	    0.08	    0.00	    0.00	    0.00	    0.16	  699.46	  998.96	    0.00	    0.00	    0.00	    0.00	    0.00	    0.00	    0.00	 1900.16	 4894.39	  299.79	 6817.76	 3466.07	    0.17	    0.42	    0.17	    0.08
18	16	    0.04	    0.02	    0.01	    0.05	    0.02	    0.00	    0.00	    0.00	    0.10	    0.42	    0.64	    0.20	    0.21	 1392.50	 2687.44	    0.00	    0.00	    0.00	 2986.83	  172.58	  223.80	 1699.96	  599.99	  177.21
18	19	    0.02	    0.00	    0.00	    0.04	    0.02	    0.03	    0.00	    0.00	    0.10	 1456.86	  420.12	    0.00	    0.00	 1205.73	 2412.57	    0.00	  196.35	    0.00	 2995.41	    0.00	    0.00	    0.00	    0.00	    0.00
19	17	    0.00	    0.00	    0.00	    0.00	    0.00	    0.00	    0.00	    0.00	    0.00	    0.23	    0.10	    0.58	 1019.24	  707.35	 1312.69	    0.00	    0.15	    0.00	 1713.33	 7859.75	 1776.18	 2799.78	 1099.96	  722.78
19	18	    0.00	  100.00	    0.00	    0.00	    0.00	  200.01	 1099.22	 1698.05	    0.00	    0.00	    0.00	    0.00	   17.45	    0.01	    0.00	   39.32	    0.00	  599.66	    0.00	 4838.59	  103.24	    0.48	    0.19	   14.01
19	20	    0.00	    0.00	    0.00	    0.06	    0.03	  100.02	  624.83	  600.37	    0.19	    0.05	    0.02	    0.01	    0.03	    0.02	    0.04	 1500.02	  506.15	  200.51	   82.20	 2700.72	    0.00	    0.08	    0.03	    0.02
19	21	    0.00	   99.91	    0.00	    0.02	    0.01	  199.95	  700.31	  800.62	    0.06	    0.23	    0.05	    0.00	    0.00	    0.00	    0.18	 1699.64	    0.12	  400.15	    0.07	 3100.94	    0.19	    0.00	    0.00	    0.03
20	19	    0.00	    0.00	    0.00	    0.00	    0.00	    0.00	    0.00	    0.00	    0.00	    0.11	    0.03	  400.35	 1636.37	    0.08	    0.17	    0.00	    0.08	    0.00	    0.19	    0.00	 3079.61	    0.23	    2.13	 1136.26
20	21	  225.94	    0.07	   56.49	    0.32	    0.00	    0.03	    0.06	    0.08	    0.00	    0.00	    0.00	  395.40	 1245.23	    0.00	    0.00	    0.16	    0.00	    0.04	    0.00	    0.42	 4720.41	    0.00	    0.00	 2039.29
20	23	    0.00	    0.00	    0.00	    0.00	    0.00	    0.02	  424.77	  200.29	    0.24	  490.49	    0.00	    0.00	    0.00	    0.00	  693.70	  899.94	  215.12	  100.48	  257.74	 1500.30	 3199.97	 2402.16	    0.00	    0.00
21	14	    0.00	    0.00	    0.00	    0.00	    0.00	    0.00	    0.06	    0.08	    0.00	    0.00	    0.00	    0.08	  867.59	    0.00	    0.00	    0.16	    0.00	    0.03	    0.00	    0.48	 2919.96	10803.07	 2503.68	 1257.05
21	19	    0.00	    0.00	    0.00	    0.00	    0.00	    0.00	    0.00	    0.00	    0.00	    0.11	    0.21	    0.03	    0.35	    1.57	    0.16	    0.00	    0.00	    0.00	    0.00	    0.00	    0.00	 5200.11	 1798.04	    0.59
21	20	    0.01	    0.00	    0.00	    0.03	   97.37	    0.00	    0.00	    0.00	  300.04	 1690.55	    1.97	    0.04	    0.08	    0.94	 1493.84	    0.09	  309.04	    0.00	  575.73	    0.00	    0.00	 4202.31	    0.99	    0.06
21	22	    0.00	    0.00	    0.00	    0.00	    0.00	    0.01	  200.31	  300.61	  277.49	 1172.27	    0.00	    0.00	    0.00	    0.00	  909.10	  499.80	  442.83	  100.15	  286.08	  700.89	    0.65	 4194.51	    0.00	  700.00
22	13	    0.01	    0.00	    0.00	    0.02	    0.00	    0.00	    0.50	    0.91	    0.00	    0.00	    0.00	    0.03	  678.99	    0.00	    0.00	    0.31	    0.00	    0.25	    0.00	    1.39	  798.06	  896.66	 4793.20	 1206.04
22	21	  174.07	    0.03	   43.51	    0.72	    0.14	    0.03	    0.00	    0.00	    0.00	    0.00	  267.95	  304.74	  922.78	  614.11	    0.00	    0.00	    0.00	    0.00	    0.00	    0.00	    0.00	    0.00	 6402.71	 1018.38
22	23	    0.01	    0.00	    0.00	    0.03	    0.00	    0.01	    0.01	    0.02	    0.32	  309.51	  997.10	    0.00	    0.00	 1364.04	  396.62	    0.03	   84.93	    0.00	  138.32	    0.11	    0.06	 1197.94	 3304.09	    0.00
23	12	    0.00	    0.00	    0.00	    0.00	    0.00	    0.00	  324.59	    0.00	    0.00	    0.00	    0.00	    0.00	    0.00	  564.92	  690.33	  599.44	    0.05	  100.38	  296.06	 1099.80	 1202.56	 2500.01	 1902.98	 1800.12
23	20	  325.93	    0.06	   56.49	  200.23	    2.60	    0.04	    0.00	    0.00	    0.01	    0.00	  398.03	 1095.70	 3481.49	  399.12	    0.00	    0.00	    0.00	    0.00	    0.00	    0.00	    0.00	    0.00	  701.11	 3675.46
23	22	  473.98	    0.02	  143.49	    2.02	    0.40	    0.40	    0.19	    0.31	    0.00	    0.00	    0.06	 1004.56	 2401.77	    0.00	    0.00	    0.53	    0.00	    0.10	    0.00	    0.61	 1497.48	    0.09	    0.00	 2224.42
