i	j	o15d13l43
0	1	 4511.56
0	2	 8100.87
1	0	 4501.11
1	5	 5989.46
2	0	 8111.32
2	3	14037.58
2	11	10023.38
3	2	14043.73
3	4	18036.08
3	10	 5207.84
4	3	18042.33
4	5	 8797.49
4	8	15807.21
5	1	 5979.01
5	4	 8800.06
5	7	12509.09
6	7	12049.09
6	17	15820.82
7	5	12501.20
7	6	12069.17
7	8	 6838.77
7	15	 8398.04
8	4	15810.89
8	7	 6856.96
8	9	21749.79
9	8	21871.66
9	10	17713.74
9	14	23122.29
9	15	11062.50
9	16	 8101.05
10	3	 5307.74
10	9	17606.42
10	11	 8384.37
10	13	 9775.96
11	2	10027.67
11	10	 8412.06
11	12	12309.78
12	11	12441.76
12	23	11074.43
13	10	 9840.86
13	14	 9037.01
13	22	 8479.29
14	9	23274.38
14	13	 9072.01
14	18	18819.46
14	21	18439.02
15	7	 8392.05
15	9	11040.03
15	16	11363.35
15	17	15660.29
16	9	 8100.63
16	15	11426.86
16	18	 9573.36
17	6	15800.74
17	15	15568.33
17	19	19417.76
18	14	18642.77
18	16	 9636.45
18	19	 8764.50
19	17	19205.71
19	18	 8650.90
19	20	 6183.17
19	21	 7698.04
20	19	 6454.41
20	21	 8407.79
20	23	10307.58
21	14	18702.78
21	19	 7001.15
21	20	 8725.33
21	22	 9695.15
22	13	 8509.20
22	21	 9579.56
22	23	 7898.43
23	12	11106.41
23	20	10261.29
23	22	 7812.75
