i	j	       0	       1	       2	       3	       4	       5	       6	       7	       8	       9	      10	      11	      12	      13	      14	      15	      16	      17	      18	      19	      20	      21	      22	      23
0	1	 1724.69	 4029.21	   35.01	 1694.72	   35.01	 2924.42	 1039.80	    0.00	 2079.59	  519.90	   15.16	   35.01	 2054.65	    7.58	    0.00	 1429.73	    0.00	  277.27	    0.00	  602.20	    0.00	  307.62	    0.00	    0.00
0	2	 3046.07	 2122.32	  821.83	 1777.67	    0.00	  431.90	  259.95	    0.00	  106.97	  194.96	    0.00	    0.00	  584.89	    0.00	  542.91	  974.81	    0.00	  215.74	    0.00	  345.71	    0.00	  369.15	    0.00	    0.00
1	0	  163.88	 1400.49	    0.00	   98.89	  228.87	 1370.88	  500.00	  280.10	  875.92	  259.95	    0.00	  355.34	  455.59	    0.00	    0.00	  434.33	  109.74	   41.39	  277.27	  176.41	    0.00	  113.36	    0.00	   55.43
1	5	  129.98	    0.00	    0.00	    0.00	  454.91	    0.00	 1039.80	 1624.69	 4354.16	 1559.69	    0.00	 1395.31	 2633.90	    0.00	    0.00	 1135.36	    0.00	  285.04	    0.00	  544.99	    0.00	  445.76	    0.00	  310.30
2	0	   10.58	    0.00	   70.02	  245.09	  245.59	    0.00	  259.95	  465.49	  175.06	  910.07	 1435.56	  928.85	 2175.17	  167.03	  175.06	  639.42	   30.31	   80.67	   22.73	  210.64	   35.01	  418.65	  105.04	  209.77
2	3	 1578.52	  957.30	  819.02	    0.00	    0.00	    0.00	  324.94	  404.15	    0.00	  389.92	 1054.02	  295.26	 1190.39	  570.67	 2093.82	 2274.56	    0.00	  633.37	    0.00	  893.32	   70.02	  861.35	    0.00	   70.02
2	11	 1432.54	  593.59	  831.63	  879.24	  147.63	  140.05	  505.61	  511.39	    0.00	    0.00	  725.87	    0.00	    0.00	  559.59	  671.31	    0.00	 2715.19	 5148.28	    0.00	    0.00	  574.46	    0.00	  184.53	    0.00
3	2	    0.00	  166.90	  686.80	 1194.35	  287.68	  245.09	  814.86	  858.42	  210.07	  121.25	 1200.15	    0.00	    0.00	  947.91	 1194.44	   15.16	   37.89	 2919.11	    0.00	 3568.99	 2407.90	 2214.89	  328.33	    0.00
3	4	 1424.61	  771.52	  438.28	 2867.08	  346.09	    0.00	  909.82	 1320.90	    0.00	    0.00	 1951.80	  453.95	   70.49	  143.84	    0.00	    0.00	    0.00	  552.54	    0.00	  942.46	    0.00	  579.87	 2699.50	 2042.24
3	10	   63.46	    0.00	    0.00	    0.00	  908.29	    0.00	  415.43	 1518.68	    0.00	    0.00	 2298.52	  846.37	    0.00	  326.47	    0.00	    0.00	    0.00	    0.00	    0.00	    0.00	    0.00	    0.00	 3794.77	 1039.80
4	3	  129.97	    0.00	    0.00	    0.00	  917.65	  385.14	  175.06	 1010.45	 1040.05	  541.40	    0.00	  259.95	    0.00	    0.00	    1.15	  295.26	  212.95	   35.01	  130.44	  105.04	    0.00	    0.92	    0.00	  519.89
4	5	  347.09	   31.70	   23.43	  291.30	  469.26	 2421.20	    0.00	    0.00	 2031.27	    0.00	    0.92	  936.37	  980.54	    0.00	    0.00	 1047.61	    0.00	  145.79	    0.00	  600.70	    0.00	  280.97	    0.00	  223.98
4	8	 1608.91	  704.81	  379.84	 2763.34	 2281.24	 1849.04	    0.00	    0.00	 1228.13	    0.00	    0.00	  381.79	  716.37	    0.00	    0.00	  358.06	    0.00	    0.00	    0.00	   44.69	    0.00	    0.00	    0.00	   76.56
5	1	   64.99	    0.00	    0.00	    0.00	  259.95	  245.09	  245.09	  745.08	  200.00	  210.07	   54.87	   64.99	    0.00	   27.43	   35.01	  315.11	  439.70	   35.01	  377.27	  140.05	    0.00	   35.01	    0.00	    0.00
5	4	   10.58	    0.00	    0.00	    0.00	  335.51	  686.15	  295.16	  986.21	    0.00	    0.00	  775.50	  184.38	    0.00	   54.41	    0.00	  470.32	  581.96	   35.01	  194.96	  140.05	    0.00	    0.00	 1089.86	    0.00
5	7	    3.00	   80.53	  404.78	    4.62	    2.77	 1729.70	  334.32	  385.15	    0.00	    0.00	  905.05	    0.00	    0.00	  664.04	  882.48	    0.00	  260.21	    0.00	    0.00	    0.00	  877.64	    0.00	  347.51	    0.00
6	7	    0.00	    0.00	    0.00	    0.00	  259.94	    0.00	 1319.32	  442.10	    0.00	    0.00	  767.03	    0.00	  279.64	  167.87	   68.20	    0.00	   80.00	  225.23	   75.78	  700.25	  175.06	  280.10	 1037.05	  105.04
6	17	    0.00	   23.84	   88.83	    7.58	    0.00	  316.27	 3164.31	 1230.45	   15.16	    0.00	  171.11	    0.00	    0.00	   88.83	  134.22	    0.00	  649.87	    0.00	    0.00	    0.00	  166.87	    0.00	   36.89	    0.00
7	5	   82.30	  109.74	   82.30	  109.74	  249.83	    0.00	  651.68	 1452.31	  210.07	  490.17	  540.39	   54.87	   69.56	  127.43	  105.04	 1100.54	 1196.73	  105.04	  772.23	  385.14	   35.01	  105.04	  446.39	   35.01
7	6	    1.15	    0.46	  195.19	   37.89	   15.16	  456.31	    0.00	 1474.44	   60.62	  143.98	  232.85	    0.00	    0.00	  259.95	  203.90	    0.00	 1689.68	    0.00	    0.00	    0.00	  445.97	    0.00	   56.05	    0.00
7	8	    0.00	    0.00	    0.00	    0.00	   64.99	  129.98	  221.80	  461.97	    0.00	    0.00	    0.00	    0.00	    0.00	    0.00	    0.00	    0.00	  324.94	   15.16	    0.00	    0.00	    0.00	    0.00	   64.97	    0.00
7	15	    0.00	    0.00	    0.00	   60.62	  297.84	  993.29	    0.00	 2674.76	  106.09	    0.00	  259.94	    0.00	    0.00	   64.99	    0.00	    0.00	  519.90	    0.00	    0.00	    0.00	    0.00	    0.00	  389.92	    0.00
8	4	    0.00	    0.00	    0.00	    0.00	  194.96	    0.00	    0.00	    0.00	  865.23	  891.52	    0.00	   64.98	    0.00	    0.00	   71.18	    0.00	  285.90	    0.00	   35.47	    0.00	   35.01	   70.95	    0.00	    0.00
8	7	  374.70	  248.86	  151.87	  462.87	  359.34	  310.79	    0.00	    0.00	  837.70	  371.33	  127.90	   96.31	  129.97	    0.00	    0.00	    0.00	  129.98	    0.00	    0.00	    0.00	    0.00	    0.00	    0.00	    0.00
8	9	  772.08	  385.93	  192.96	 1963.28	 1094.78	   90.94	  176.33	  181.87	 4279.85	    0.00	    0.00	    0.00	    0.00	    0.00	    0.00	    0.00	    0.00	    0.00	    0.00	    0.00	    0.00	    0.00	    0.00	    0.00
9	8	    0.00	    0.00	    0.00	    0.00	    0.00	    0.00	  164.61	    0.00	    0.00	 2243.19	  618.08	  255.54	  210.07	  210.07	  421.30	  490.17	  406.05	   54.87	  435.47	  210.07	  140.05	  316.03	  175.06	   70.02
9	10	    0.00	    0.00	    0.00	  521.25	  237.51	  140.05	  367.10	  444.70	 1257.57	 4434.00	    0.00	    0.00	    0.00	    0.00	    0.00	  903.30	  587.63	  124.89	    0.00	    0.00	    0.00	    0.00	    0.00	    0.00
9	14	    0.00	    0.00	    0.00	  353.00	  190.22	    0.00	    0.00	    0.00	  848.93	 3473.33	    0.00	    0.00	    0.00	    0.00	    0.00	    0.00	    0.00	    0.00	    0.00	    0.00	    0.00	    0.00	    0.00	    0.00
9	15	  411.51	  219.47	  109.74	  630.99	  301.78	    0.00	    0.00	    0.00	 1124.80	 4993.03	 1371.71	  823.03	  164.61	  438.95	    0.00	    0.00	    0.00	    0.00	    0.00	    0.00	    0.00	    0.00	    0.00	    0.00
9	16	   30.31	   15.16	    7.58	   37.89	   15.16	    0.00	    0.00	    0.00	   68.20	  682.03	  181.87	   45.47	    0.00	    0.00	    0.00	    0.00	    0.00	    0.00	    0.00	    0.00	    0.00	    0.00	    0.00	    0.00
10	3	    0.00	    0.00	    0.00	    0.00	    0.00	    0.00	    0.00	    0.00	    0.00	    0.00	  703.48	    0.00	    0.00	  211.23	  173.91	    0.00	    0.00	    0.00	   69.56	    0.00	    0.00	  139.13	  210.07	    0.00
10	9	  124.90	   58.78	   29.39	    0.00	    0.00	    0.00	    0.00	    0.00	    0.00	    0.00	 3537.15	 1824.29	 1039.91	 1384.28	    0.00	    0.00	    0.00	    0.00	    0.00	    0.00	    0.00	    0.00	    0.00	    0.00
10	11	    0.00	    0.00	    0.00	    0.00	    0.00	    0.00	  192.04	  164.61	  420.15	 1804.43	 1133.24	    0.00	    0.00	  391.56	  356.65	  413.13	  237.51	   54.87	    0.00	    0.00	    0.00	    0.00	    0.00	    0.00
10	13	  324.51	   89.88	   62.45	  175.06	   62.45	    0.00	    0.00	    0.00	  347.25	 1229.08	 2433.89	  519.43	    0.00	    0.00	    0.00	    0.00	    0.00	    0.00	    0.00	    0.00	    0.00	    0.00	    0.00	    0.00
11	2	    0.00	    0.00	    0.00	    0.00	    0.00	    0.00	    0.00	    0.00	    0.00	  438.95	  292.95	  470.32	  595.67	  146.47	  210.07	   54.87	   27.43	    0.00	   22.73	    0.00	  105.04	  175.06	  140.05	  105.04
11	10	  624.48	  218.68	  196.87	  143.98	    0.00	    0.00	    0.00	    0.00	    0.00	    0.00	    0.00	 2833.89	 1390.04	    0.00	    0.00	    0.00	    0.00	    0.00	    0.00	    0.00	    0.00	    0.00	    0.00	    0.00
11	12	  738.04	  235.22	  135.12	  525.19	   77.60	   70.02	    0.00	    0.00	  210.07	  665.23	  350.12	 1562.51	    0.00	    0.00	    0.00	  164.61	    0.00	    0.00	    0.00	    0.00	    0.00	    0.00	    0.00	    0.00
12	11	    0.00	    0.00	    0.00	    0.00	    0.00	    0.00	   53.05	    0.00	    0.00	    0.00	    0.00	    0.00	 2440.87	    0.00	   98.52	   51.43	    0.00	   15.16	  322.73	  175.06	  210.07	  420.15	  385.14	  280.10
12	23	  562.98	  130.19	  100.11	  315.11	    7.58	    0.00	    0.00	    0.00	    0.00	    0.00	    0.00	 1107.35	 2670.93	    0.00	    0.00	    0.00	    0.00	    0.00	    0.00	    0.00	    0.00	    0.00	    0.00	    0.00
13	10	    0.00	    0.00	    0.00	    0.00	    0.00	    0.00	    0.00	    0.00	    0.00	    0.00	    0.00	    0.00	    0.00	 2547.27	 1020.73	    0.00	    0.00	    0.00	  469.56	  210.07	  140.05	  524.26	  665.23	  210.07
13	14	  219.47	   54.87	   27.43	    0.00	    0.00	    0.00	    0.00	    0.00	    0.00	    0.00	  683.27	  274.34	    0.00	 1094.02	    0.00	    0.00	    0.00	    0.00	    0.00	    0.00	    0.00	    0.00	    0.00	    0.00
13	22	    0.00	    0.00	    0.00	    0.00	   27.43	    0.00	    0.00	    0.00	  137.17	  493.82	 1190.42	    0.00	    0.00	 1295.46	    0.00	    0.00	    0.00	    0.00	    0.00	    0.00	    0.00	    0.00	    0.00	    0.00
14	9	    0.00	    0.00	    0.00	    0.00	    0.00	    0.00	    0.00	    0.00	    0.00	    0.00	    0.00	    0.00	    0.00	    0.00	 1821.80	    0.00	    0.00	    0.00	  805.75	  234.92	  560.20	 1226.36	  805.28	  350.12
14	13	    0.00	    0.00	    0.00	    0.00	    0.00	   35.01	   70.02	  140.05	    0.00	    0.00	    0.00	    0.00	    0.00	    0.00	 1475.89	  245.09	  245.09	   35.01	  769.56	  385.14	    0.00	    0.00	    0.00	    0.00
14	18	  105.04	   35.01	    0.00	   37.89	   15.16	    0.00	    0.00	    0.00	   75.78	  325.86	  193.10	  105.04	  280.10	  638.86	 2170.77	    0.00	    0.00	    0.00	    0.00	    0.00	  350.12	 1015.36	  315.11	  140.05
14	21	    0.00	    0.00	    0.00	  140.05	  105.04	    0.00	    0.00	    0.00	  458.04	 1746.97	    0.00	    0.00	    0.00	    0.00	 2024.19	  713.29	 1295.46	    0.00	 2622.73	    0.00	    0.00	    0.00	    0.00	    0.00
15	7	    0.00	    0.00	    0.00	    0.00	    0.00	    0.00	    0.00	    0.00	    0.00	  823.03	  384.08	  219.47	    0.00	  164.61	  246.91	 1870.81	 1037.04	    0.00	 1396.45	    0.00	    0.00	    0.00	    0.00	    0.00
15	9	    0.00	    0.00	    0.00	    0.00	    0.00	  329.21	 1020.61	  823.03	    0.00	    0.00	    0.00	    0.00	    0.00	    0.00	    0.00	 2405.01	 1783.23	  358.72	 1429.73	  850.46	    0.00	    0.00	    0.00	    0.00
15	16	  109.74	   54.87	   27.43	  192.04	   82.30	  348.97	  651.90	 1081.46	  356.65	 1563.75	  274.34	  164.61	    0.00	    0.00	    0.00	 3343.04	    0.00	  440.81	    0.00	    0.00	    0.00	    0.00	    0.00	    0.00
15	17	  164.61	   54.87	   27.43	  219.47	   82.30	    0.00	    0.00	    0.00	  384.08	 1452.19	  329.21	  246.91	    0.00	   82.30	    0.00	 1519.36	  560.20	    0.00	  454.91	    0.00	    0.00	    0.00	    0.00	    0.00
16	9	    0.00	    0.00	    0.00	    0.00	    0.00	    0.00	    0.00	    0.00	    0.00	    0.00	    0.00	    0.00	    0.00	    0.00	    0.00	  529.00	  575.94	   66.13	    0.00	    0.00	    0.00	    0.00	    0.00	    0.00
16	15	    0.00	    0.00	    0.00	    0.00	    0.00	    0.00	    0.00	    0.00	    0.00	  386.48	  106.09	    0.00	    0.00	    0.00	  576.12	    0.00	 4360.81	    0.00	 4482.57	    0.00	    0.00	    0.00	    0.00	    0.00
16	18	    0.00	    0.00	    0.00	   54.87	   27.43	  173.91	  301.78	  591.29	  109.74	  493.82	    0.00	    0.00	    0.00	    0.00	    0.00	 1833.69	 3256.15	  164.61	    0.00	    0.00	    0.00	    0.00	    0.00	    0.00
17	6	  173.91	   69.56	   34.78	  109.74	   54.87	    0.00	    0.00	    0.00	  164.61	  521.25	  137.17	  245.09	  419.69	  107.92	  243.26	  490.17	  350.12	  295.26	  475.78	  875.31	  245.09	  455.16	  210.07	  140.05
17	15	   37.89	   30.31	   15.16	    0.00	    0.00	    0.00	 2162.68	    0.00	    0.00	    0.00	    0.00	   53.05	   45.47	   53.05	   90.94	    0.00	    0.00	  974.59	   98.52	 1410.66	  210.07	  420.15	  175.06	  105.04
17	19	    0.00	    0.00	    0.00	   82.30	   27.43	  281.25	  801.64	 1019.28	  164.61	  685.86	  164.61	    0.00	    0.00	    0.00	    0.00	  854.13	    0.00	  410.75	    0.00	    0.00	    0.00	    0.00	    0.00	    0.00
18	14	    0.00	    0.00	    0.00	    0.00	    0.00	  105.04	  245.09	  350.12	    0.00	    0.00	    0.00	    0.00	    0.00	    0.00	    0.00	 1378.53	 2065.73	  105.04	 4998.04	 1005.19	    0.00	    0.00	    0.00	    0.00
18	16	    0.00	    0.00	    0.00	    0.00	    0.00	    0.00	    0.00	    0.00	    0.00	    0.00	    0.00	    0.00	  175.06	  245.09	 1101.30	    0.00	    0.00	    0.00	 6182.57	  595.21	  210.07	  595.21	  210.07	  105.04
18	19	    0.00	    0.00	    0.00	   22.73	    7.58	    0.00	    0.00	    0.00	   45.47	  189.45	   53.05	    0.00	    0.00	  288.73	  789.36	    0.00	  595.21	    0.00	 1619.38	    0.00	    0.00	    0.00	    0.00	    0.00
19	17	   82.20	   45.01	   22.50	    0.00	    0.00	    0.00	    0.00	    0.00	    0.00	    0.00	    7.58	  121.25	  500.17	  113.67	  404.23	    0.00	    0.00	    0.00	  419.38	 2426.02	  490.17	  980.35	  420.15	  245.09
19	18	    0.00	    0.00	    0.00	    0.00	    0.00	    1.15	   83.36	    3.92	    0.00	    0.00	    0.00	    0.00	    0.00	    0.00	    0.00	    0.00	    0.00	   45.47	    0.00	 2020.55	    0.00	    0.00	    0.00	    0.00
19	20	    0.00	    0.00	    0.00	    0.00	    0.00	   70.02	  298.13	  420.15	    0.00	    0.00	    0.00	    0.00	    0.00	    0.00	    0.00	  165.10	    0.00	   85.18	    0.00	  945.33	    0.00	    0.00	    0.00	    0.00
19	21	    0.00	    0.00	    0.00	    0.00	    0.00	  105.04	  245.09	  280.10	    0.00	    0.00	    0.00	    0.00	    0.00	    0.00	    0.00	  128.83	    0.00	  140.05	    0.00	 1085.38	    0.00	    0.00	    0.00	    0.00
20	19	  187.24	   80.02	   22.50	    0.00	    0.00	    0.00	    0.00	    0.00	    0.00	    0.00	    0.00	  261.30	  710.24	    0.00	    0.00	    0.00	    0.00	    0.00	    0.00	    0.00	  910.32	    0.00	    0.00	  385.14
20	21	  200.67	   50.17	   42.59	    0.00	    0.00	    0.00	    0.00	    0.00	    0.00	    0.00	    0.00	  320.87	  980.35	    0.00	    0.00	    0.00	    0.00	    0.00	    0.00	    0.00	 1820.64	    0.00	    0.00	 1015.36
20	23	    0.00	    0.00	    0.00	    0.00	    0.00	   35.01	  228.11	  280.10	   70.02	  280.10	    0.00	    0.00	    0.00	    0.00	  483.65	  201.94	  280.10	   50.17	  722.73	  525.19	 1120.40	 1260.44	    0.00	    0.00
21	14	   60.62	   15.16	    7.58	    0.00	    0.00	    0.00	    0.00	    0.00	    0.00	    0.00	    0.00	   75.78	  525.19	    0.00	    0.00	    0.00	    0.00	    0.00	    0.00	    0.00	 1190.42	 3152.03	 1470.52	  630.22
21	19	    0.00	    0.00	    0.00	    0.00	    0.00	    0.00	    0.00	    0.00	    0.00	    0.00	    0.00	    0.00	    0.00	    0.00	    0.00	    0.00	    0.00	    0.00	    0.00	    0.00	    0.00	 1820.64	  665.23	    0.00
21	20	    0.00	    0.00	    0.00	    0.00	   35.01	    0.00	    0.00	    0.00	  175.06	  700.25	    0.00	    0.00	    0.00	    0.00	  763.75	  246.91	  490.17	    0.00	 1122.73	    0.00	    0.00	 1890.67	    0.00	    0.00
21	22	    0.00	    0.00	    0.00	    0.00	    0.00	   35.01	   70.02	  105.04	   37.89	  136.41	    0.00	    0.00	    0.00	    0.00	  350.12	  175.06	  210.07	   35.01	  300.00	  245.09	    0.00	 1679.67	    0.00	    0.00
22	13	    0.00	    0.00	    0.00	    0.00	    0.00	    0.00	    0.00	    0.00	    0.00	    0.00	    0.00	    0.00	  210.07	    0.00	    0.00	    0.00	    0.00	    0.00	    0.00	    0.00	  280.10	  944.41	 1050.37	  350.12
22	21	    0.00	    0.00	    0.00	    0.00	    0.00	    0.00	    0.00	    0.00	    0.00	    0.00	  385.14	    0.00	    0.00	  420.15	    0.00	    0.00	    0.00	    0.00	    0.00	    0.00	    0.00	    0.00	 2871.01	    0.00
22	23	    0.00	    0.00	    0.00	    0.00	    0.00	    0.00	    0.00	    0.00	    0.00	    0.00	  350.12	    0.00	    0.00	  490.17	    0.00	    0.00	    0.00	    0.00	    0.00	    0.00	    0.00	    0.00	 1155.41	    0.00
23	12	    0.00	    0.00	    0.00	    0.00	    0.00	    0.00	  193.10	  210.07	    0.00	    0.00	    0.00	    0.00	    0.00	  210.07	  343.60	   96.90	  175.06	   50.17	  622.73	  385.14	  420.15	  875.31	  665.23	  525.19
23	20	  422.93	  130.19	   65.09	   70.02	    0.00	    0.00	    0.00	    0.00	    0.00	    0.00	  140.05	  687.20	 1900.66	  140.05	    0.00	    0.00	    0.00	    0.00	    0.00	    0.00	    0.00	    0.00	  245.09	 1575.56
23	22	  105.04	    0.00	   35.01	  175.06	    7.58	    0.00	    0.00	    0.00	    0.00	    0.00	    0.00	  245.09	  490.17	    0.00	    0.00	    0.00	    0.00	    0.00	    0.00	    0.00	  525.19	    0.00	    0.00	  595.21
