i	j	o20d10
1	2	 4489.32
1	3	 8117.55
2	1	 4518.83
2	6	 5965.45
3	1	 8088.04
3	4	14016.90
3	12	10033.96
4	3	14037.56
4	5	18015.05
4	11	 5209.80
5	4	18035.20
5	6	 8797.32
5	9	15785.23
6	2	 5994.96
6	5	 8804.36
6	8	12486.09
7	8	12095.29
7	18	15879.46
8	6	12522.64
8	7	12030.15
8	9	 6873.72
8	16	 8385.00
9	5	15798.34
9	8	 6829.00
9	10	21758.58
10	9	21826.98
10	11	17783.42
10	15	23116.74
10	16	11041.12
10	17	 8100.08
11	4	 5310.30
11	10	17659.88
11	12	 8337.88
11	14	 9776.02
12	3	 9983.79
12	11	 8379.34
12	13	12271.71
13	12	12362.99
13	24	11153.44
14	11	 9811.53
14	15	 9062.49
14	23	 8379.46
15	10	23182.40
15	14	 9106.31
15	19	19009.24
15	22	18362.92
16	8	 8401.12
16	10	11066.94
16	17	11694.84
16	18	15349.24
17	10	 8100.54
17	16	11683.22
17	19	 9955.15
18	7	15944.61
18	16	15402.79
18	20	19063.54
19	15	19042.54
19	17	 9943.99
19	20	 8691.68
20	18	19082.24
20	19	 8713.83
20	21	 6395.00
20	22	 7002.43
21	20	 6334.22
21	22	 8818.81
21	24	10205.49
22	15	18339.09
22	20	 7004.06
22	21	 8806.99
22	23	 9684.30
23	14	 8371.16
23	22	 9650.27
23	24	 7639.14
24	13	11144.73
24	21	10156.54
24	23	 7596.81
