i	j	o17d20l55
0	1	 4497.32
0	2	 8119.39
1	0	 4520.24
1	5	 5968.45
2	0	 8096.47
2	3	14018.55
2	11	10037.07
3	2	14044.77
3	4	18013.74
3	10	 5209.84
4	3	18043.74
4	5	 8795.31
4	8	15783.85
5	1	 5991.37
5	4	 8804.20
5	7	12492.38
6	7	12101.31
6	17	15870.18
7	5	12524.20
7	6	12039.47
7	8	 6885.48
7	15	 8390.52
8	4	15804.95
8	7	 6837.54
8	9	21750.29
9	8	21823.46
9	10	17725.20
9	14	23126.78
9	15	11047.45
9	16	 8100.81
10	3	 5306.05
10	9	17606.53
10	11	 8364.63
10	13	 9778.25
11	2	 9987.94
11	10	 8405.73
11	12	12301.73
12	11	12393.68
12	23	11119.18
13	10	 9814.70
13	14	 9038.03
13	22	 8402.22
14	9	23194.05
14	13	 9083.21
14	18	19086.72
14	21	18406.03
15	7	 8408.43
15	9	11072.18
15	16	11697.06
15	17	15454.21
16	9	 8100.65
16	15	11685.89
16	18	 9958.43
17	6	15932.03
17	15	15508.01
17	19	19062.33
18	14	19120.51
18	16	 9947.11
18	19	 8690.92
19	17	19077.97
19	18	 8713.37
19	20	 6298.35
19	21	 7002.63
20	19	 6236.62
20	21	 8623.88
20	23	10303.59
21	14	18384.69
21	19	 7002.46
21	20	 8609.97
21	22	 9659.42
22	13	 8393.51
22	21	 9623.99
22	23	 7903.88
23	12	11111.14
23	20	10255.78
23	22	 7859.73
