i	j	       0	       1	       2	       3	       4	       5	       6	       7	       8	       9	      10	      11	      12	      13	      14	      15	      16	      17	      18	      19	      20	      21	      22	      23
0	1	 2600.50	    0.00	  267.24	  200.02	   17.09	    0.00	    0.01	    0.02	   34.19	  102.61	  200.02	  471.51	  461.80	  100.00	   17.11	    0.02	    0.04	    0.00	    0.01	    0.00	    0.01	    0.10	    0.05	   28.91
0	2	 6199.50	 1177.68	    0.00	    0.00	    0.00	  240.31	  142.81	  250.03	    0.00	    0.00	    0.00	    0.00	    0.00	    0.00	    0.00	  110.18	    0.00	   35.62	    0.00	    0.02	    0.00	    0.00	    0.00	    0.00
1	0	    0.00	 1277.68	    0.00	    0.00	    0.00	  540.31	  642.79	 1049.99	    0.00	    0.00	    0.00	    0.00	    0.00	    0.00	    0.00	  610.11	    0.19	  135.62	    0.03	  299.98	    0.00	    0.02	    0.00	    0.00
1	5	 2500.50	 2722.32	  167.24	    0.04	    0.00	    0.00	    0.00	    0.00	    0.00	    0.00	    0.04	  371.51	  161.80	    0.01	    0.00	    0.00	    0.00	    0.00	    0.00	    0.00	    0.01	    0.03	    0.05	   28.91
2	0	    0.00	    0.00	  367.24	  700.02	  217.09	    0.00	    0.03	    0.05	  534.19	 1402.61	  700.02	  671.51	  961.80	  400.00	  517.11	    0.08	  399.85	    0.00	  299.99	    0.04	  100.00	  400.09	  300.05	  128.91
2	3	 4499.48	  677.58	 1932.72	    0.00	    0.00	    0.04	    0.00	    0.00	    0.00	    0.00	    0.00	 3747.07	 2517.93	    0.09	    0.00	    0.00	    0.00	    0.00	    0.00	    0.00	  202.88	    0.10	    1.51	  470.58
2	11	 1600.02	  400.10	  500.04	 1602.32	  402.91	  500.39	  766.43	 1200.00	 1399.62	  683.89	    0.86	    0.00	    0.00	    0.14	   51.15	  568.18	  131.59	  199.73	   21.92	    0.20	    0.00	    0.00	    0.00	    0.00
3	2	    0.00	    0.00	    0.00	 2502.34	  720.00	  560.12	  723.64	 1150.02	 2033.81	 2386.49	 1000.44	    0.00	    0.00	  499.85	  668.20	  658.08	  631.44	  164.11	  321.91	    0.20	    0.00	    0.05	    0.04	    0.00
3	4	 3197.72	  177.40	 1332.47	 6696.91	    0.00	    0.00	    0.00	    0.00	    0.00	    0.12	  904.96	 3146.37	 1917.50	  200.08	    0.05	    0.00	    0.01	    0.00	    0.02	    0.00	    2.97	    0.04	  199.99	  270.61
3	10	  801.76	  300.22	  400.24	 2400.75	  699.67	  599.59	    0.37	    5.99	    0.75	    0.17	    0.00	    0.70	    0.42	    0.07	    0.06	    0.26	    0.04	    0.07	    0.02	    0.03	    0.02	    0.05	    0.05	    0.03
4	3	    0.00	    0.05	    0.00	    0.00	 1919.67	 1559.67	 1124.01	 1856.02	 2734.56	 3586.28	    0.00	    0.00	    0.00	    0.00	 1166.13	 1458.34	 1131.36	  264.17	  521.04	  300.22	    0.08	  399.05	    0.00	    0.00
4	5	    0.00	    0.00	  527.44	 2123.71	 1255.65	    0.00	    0.02	    0.03	  565.96	 1297.33	  404.55	 1459.86	  601.15	  100.02	  282.76	    0.04	    0.04	    0.00	    0.09	    0.01	    0.01	    0.00	   99.94	   71.08
4	8	 2997.72	  899.76	  705.04	 4073.21	 2924.69	 1400.03	    0.03	    0.10	    0.00	    0.00	    0.40	 1486.50	 1116.36	    0.06	    0.00	    0.06	    0.00	    0.01	    0.00	    0.03	    0.01	    0.00	    0.05	  199.53
5	1	    0.00	    0.00	    0.00	    0.02	   82.91	  940.31	  842.78	 1449.98	  165.81	  497.39	    0.02	    0.00	    0.00	    0.01	   82.89	 1010.10	  200.15	  135.62	  100.01	  399.98	    0.00	   99.94	    0.00	    0.00
5	4	    0.00	  822.41	    0.00	    0.00	    0.00	 3159.70	 1025.10	 1807.59	    0.00	    0.00	    0.00	    0.00	    0.00	    0.00	    0.00	 1485.06	    0.67	  202.20	    0.03	  309.55	    0.08	    0.00	    0.00	    0.00
5	7	 2200.50	 1499.91	  394.68	 1723.73	  972.74	 3499.99	    0.00	    0.00	    0.15	    0.07	    4.57	 1631.37	  562.95	    0.03	    0.00	    0.00	    0.00	    0.00	    0.00	    0.00	    0.00	    0.00	    0.00	    0.00
6	7	    0.00	    0.00	    0.00	    0.00	    0.00	    0.00	 4172.78	    0.00	    0.00	    0.00	    0.00	    0.00	    0.00	  399.64	  599.36	  471.04	  156.82	  999.47	  998.69	 2599.06	  499.96	  799.75	  299.94	  199.97
6	17	  427.50	  332.83	    8.18	  432.18	  120.20	  976.85	 7927.22	 4496.52	  825.11	    0.55	    0.13	  218.37	    0.06	    0.00	    0.00	    0.00	    0.03	    0.00	    0.00	    0.00	    0.00	    0.00	    0.00	    0.00
7	5	    0.00	    0.00	    0.00	    0.00	    0.00	    0.00	 2267.87	 4057.54	    0.00	    0.13	    0.00	    0.00	    0.00	    0.00	    0.14	 3395.12	  700.78	  437.81	  299.95	 1009.51	  100.07	  299.91	    0.00	    0.01
7	6	  927.50	  532.83	  108.18	  832.18	  320.20	 1376.85	    0.00	 5496.52	 1425.06	    3.84	    1.00	  917.95	   84.49	    0.00	    0.00	    0.00	    0.11	    0.00	    0.00	    0.00	    0.00	    0.00	    0.00	    0.00
7	8	    0.00	    0.00	    0.00	    0.00	    0.00	    0.00	  904.91	 3742.03	    0.00	    0.00	    0.00	    0.00	    0.00	    0.00	    0.00	 1366.84	    0.00	  261.97	    0.00	  690.42	    0.03	    0.07	    0.00	    0.00
7	15	  473.08	  567.12	  172.53	  682.35	  426.45	 1323.23	    0.00	 3403.91	  865.33	    0.00	    0.06	  469.22	    0.73	    0.00	    0.00	    0.00	    0.00	    0.00	    0.00	    0.00	    0.00	    0.00	    0.00	    0.00
8	4	    0.00	    0.00	    0.00	    0.00	    0.00	    0.00	  298.95	  548.56	 4100.52	 5883.49	    0.00	    0.00	    0.00	    0.00	 1648.83	  473.38	 1330.72	   61.99	  621.09	   90.71	   97.05	  599.00	    0.00	    0.00
8	7	    0.08	    0.04	   86.02	  490.80	  273.90	    0.09	    0.00	    0.00	 3090.24	 1603.63	  796.49	  355.80	  122.27	    0.00	    0.00	    0.00	    0.23	    0.00	    0.00	    0.00	    0.00	    0.00	    0.00	    0.00
8	9	 2497.64	  699.72	  519.01	 2882.41	 1850.78	  999.93	    6.18	 2393.57	 9009.24	    0.00	    0.00	  530.75	  394.14	    0.00	    0.00	    0.71	    0.00	    0.14	    0.00	    0.26	    0.00	    0.00	    0.00	    0.00
9	8	    0.00	    0.00	    0.00	    0.00	    0.00	    0.00	    0.19	    0.00	    0.00	10287.12	 2196.08	    0.05	    0.05	  599.94	 2648.83	  507.19	 2230.95	    0.14	 1021.09	    0.53	  397.01	 1298.93	  499.95	    0.47
9	10	    0.00	    0.00	    0.00	    0.00	    0.00	    0.00	  499.63	  794.03	 1726.60	 8415.17	    0.00	    0.00	    0.00	    0.00	 1331.58	 1532.56	 1772.95	  199.93	  440.61	  450.77	    1.16	  527.30	    0.00	    0.00
9	14	  798.97	   99.93	   99.87	 1097.80	  597.37	  199.96	    0.00	    0.00	 3072.91	14600.23	 1915.93	  653.67	    2.37	    0.00	    0.00	    0.00	    0.82	    0.00	    0.00	    0.00	    0.00	    0.00	    0.00	    0.00
9	15	    0.00	    0.00	   19.30	   85.53	   53.45	    0.00	    0.00	    0.00	  509.90	 7996.79	 2158.92	  211.90	    0.11	    0.00	    0.00	    0.00	    0.00	    0.00	    0.00	    0.00	    0.00	    0.00	    0.00	    0.00
9	16	  399.40	    0.02	   99.98	  499.91	  199.96	    0.04	    0.09	    0.12	  899.84	 3900.69	  999.82	  599.89	  499.91	    0.06	    0.13	    0.12	    0.00	    0.05	    0.07	    0.15	    0.05	    0.15	    0.05	    0.03
10	3	    0.00	    0.00	    0.00	    0.00	    0.00	    0.00	    0.00	    0.00	    0.00	    0.50	 3405.39	    0.00	    0.00	 1199.91	    2.18	    0.00	    0.13	    0.00	    0.90	    0.00	    0.03	    1.00	  698.58	    0.05
10	9	    0.74	    0.18	    0.15	    0.83	    0.00	    0.00	    0.00	    0.00	    0.00	    0.00	11170.75	 2934.76	 2008.30	 1122.63	    0.00	    0.00	    0.00	    0.00	    0.00	    0.00	    0.00	    0.00	  338.98	   53.34
10	11	    0.00	    0.00	    0.00	    0.00	    0.00	    0.00	    0.00	    0.00	    0.11	 3216.11	 2400.16	    0.00	    0.00	  702.99	  649.90	  132.83	  968.36	    0.02	  278.51	    0.00	    0.00	    0.00	    0.00	    0.00
10	13	  301.13	  100.09	  100.15	 1000.01	  199.69	  199.66	    0.00	    0.03	  327.24	 1198.72	 5323.70	 1046.47	    8.37	    0.00	    0.00	    0.00	    0.05	    0.00	    0.00	    0.00	    0.00	    0.00	    0.00	    0.00
11	2	    0.00	    0.00	    0.00	    0.00	    0.00	    0.00	    0.00	    0.00	    0.00	    0.00	    0.45	 4618.58	 3579.73	    0.37	    0.05	    0.00	    0.00	    0.00	    0.00	    0.03	  302.88	  500.13	  401.53	  599.49
11	10	    0.11	    0.04	    0.05	    0.08	    0.03	    0.07	    0.00	    0.00	    0.00	    0.00	    0.00	 5380.52	 3016.24	    0.00	    0.00	    0.00	    0.00	    0.00	    0.00	    0.00	    0.04	    0.00	    0.00	    0.60
11	12	 1399.91	  300.06	  299.98	 1002.23	  202.88	  300.32	   66.78	  600.00	  799.72	 1900.00	 1000.58	 3900.90	    0.00	    3.37	    1.00	    1.07	  499.95	    0.05	    0.43	    0.00	    0.00	    0.00	    0.00	    0.00
12	11	    0.00	    0.00	    0.00	    0.00	    0.00	    0.00	    0.35	    0.00	    0.00	    0.00	    0.00	    0.00	 7895.97	    0.62	    0.00	    0.06	    0.00	    0.31	    0.00	  499.83	  602.91	 1200.13	 1101.53	 1100.09
12	23	  899.91	    0.06	  199.98	  402.23	    2.88	  100.32	    0.00	    0.00	  199.72	    0.00	    0.58	 2600.90	 6704.03	    0.00	    0.00	    0.00	    0.00	    0.00	    0.00	    0.00	    0.00	    0.00	    0.00	    0.00
13	10	    0.00	    0.00	    0.00	    0.00	    0.00	    0.00	    0.00	    0.00	    0.00	    0.00	    0.00	    0.00	    0.00	 4625.47	  720.44	    0.00	  195.56	    0.02	  238.78	  149.20	  398.82	  573.65	 2337.51	  652.77
13	14	    1.05	    0.08	    0.14	    1.18	    0.02	    0.01	    0.00	    0.00	    0.00	    0.00	 1056.11	  346.32	   91.35	 6235.39	    0.00	    0.00	    0.00	    0.00	    0.00	    0.00	    0.00	    0.00	 1164.45	  120.42
13	22	    0.09	    0.01	    0.02	  498.85	   99.68	   99.65	    0.00	    0.00	  195.19	  807.75	 2667.65	    0.18	    0.00	 3239.14	  426.30	    0.00	  214.00	    0.00	  132.96	    0.00	    0.00	    0.00	    0.00	    0.00
14	9	    0.00	    0.00	    0.00	    0.00	    0.00	    0.00	    0.00	    0.00	    0.00	    0.00	    0.00	    0.00	    0.00	 1577.37	 7980.55	    0.30	  404.79	    0.05	 3261.57	 1536.48	 1598.22	 4426.37	 1961.01	  747.15
14	13	    0.00	    0.00	    0.00	    0.00	    0.00	    0.00	  199.67	  399.34	  467.95	 1709.03	    0.07	    0.00	    0.00	    0.00	 2446.74	  699.69	 1109.51	   99.84	  671.73	  647.98	    1.04	  641.71	    0.00	    0.00
14	18	  300.03	    0.06	    0.01	  200.07	  100.03	    0.05	    0.02	    0.03	  400.14	 3299.01	  839.58	  300.06	  283.08	 2897.93	 5899.89	    0.06	    0.42	    0.01	    0.00	    0.05	  542.07	 2899.91	  899.98	  241.21
14	21	    0.00	    0.00	    0.00	  398.91	  297.36	    0.00	    0.00	    0.00	 1304.82	 5592.20	  732.39	    0.00	    0.00	  460.10	 5072.83	    0.23	 2405.25	    0.00	 2120.80	    0.00	    0.00	    0.00	    0.00	    0.00
15	7	    0.00	    0.00	    0.00	    0.00	    0.00	    0.00	    0.00	    0.00	    0.00	    0.27	    0.00	    0.00	    0.00	    0.34	    0.78	 6490.92	 1943.83	    0.32	    1.26	    0.87	    0.13	    0.24	    0.06	    0.04
15	9	    0.00	    0.05	    0.00	    0.00	    0.00	    0.07	 2393.49	    0.58	    0.00	    0.00	    0.00	    0.00	    0.00	    0.00	    0.00	 6435.78	    0.71	  899.51	    0.20	 1414.50	    0.00	    0.00	    0.00	    0.00
15	16	    0.59	  200.07	    0.01	    0.06	    0.03	  500.18	 1000.26	 1401.28	    0.12	    0.51	    0.09	    0.05	    0.00	    0.00	    0.00	 5739.87	    0.00	  600.43	    0.00	 1564.74	  377.72	    0.00	    0.00	  146.24
15	17	    0.02	    0.00	    0.00	    0.02	    0.00	    0.03	    0.00	    0.15	    0.16	 3597.78	  759.26	    0.13	    0.00	    0.03	    0.14	 7433.42	 3967.42	    0.00	    0.14	    0.00	    0.00	    0.00	    0.00	    0.00
16	9	    0.00	    0.00	    0.00	    0.00	    0.00	    0.00	    0.24	    0.00	    0.00	    0.00	    0.00	    0.00	    0.00	    0.00	    0.00	    3.08	 7499.22	    0.43	    0.00	    0.21	    0.00	    0.00	    0.00	    0.00
16	15	    0.00	    0.00	    0.00	    0.00	    0.00	    0.00	    0.00	    0.00	    0.00	    1.40	    0.10	    0.00	    0.00	  673.55	 1155.11	    0.00	 8711.85	    0.00	 1252.03	    0.00	    0.05	    0.11	    0.05	    0.03
16	18	    0.03	    0.10	    0.00	    0.02	    0.01	    0.22	    0.10	    1.40	    0.04	    0.16	    0.00	    0.00	    0.00	    0.00	    0.00	 2936.91	 7188.94	    0.05	    0.00	    0.00	    0.00	    0.00	    0.00	    0.00
17	6	    0.00	    0.00	    0.00	    0.00	    0.00	    0.00	    0.00	    0.00	    0.05	 1896.71	  499.13	    0.42	  315.57	  599.64	 1099.36	 1871.04	 1156.74	 1199.47	 1398.69	 3099.06	  699.96	 1299.75	  499.94	  299.97
17	15	   27.53	   33.00	    8.18	   32.21	   20.13	   77.04	 4793.74	  198.10	   25.04	    0.38	    0.27	   19.06	  599.17	   26.82	   45.81	    0.00	    0.12	 2000.25	   49.57	 4580.12	  977.80	 1200.13	  500.02	  446.26
17	19	  299.99	  299.83	    0.00	  299.99	  100.07	  799.83	 2933.47	 3998.57	  600.17	 1001.46	  160.20	    0.13	    0.00	    0.00	    0.00	 5062.38	 2210.73	 1600.28	    0.00	    0.00	    0.00	    0.00	    0.00	    0.00
18	14	    0.00	    0.04	    0.00	    0.00	    0.00	    0.08	  699.63	  999.29	    0.00	    0.00	    0.00	    0.00	    0.00	    0.00	    0.00	 1900.12	 5419.15	  299.87	 6854.10	 3284.05	    0.16	    0.39	    0.16	    0.07
18	16	    0.04	    0.02	    0.01	    0.05	    0.02	    0.00	    0.00	    0.00	    0.08	    0.36	    0.20	    0.06	    0.09	 1373.49	 2654.98	    0.00	    0.00	    0.00	 2951.96	  135.32	  222.28	 1699.96	  599.99	  153.76
18	19	    0.02	    0.00	    0.00	    0.04	    0.02	    0.03	    0.00	    0.00	    0.10	 1498.81	  439.38	    0.00	    0.00	 1224.45	 2444.91	    0.00	   70.21	    0.00	 2993.94	    0.00	    0.00	    0.00	    0.00	    0.00
19	17	    0.00	    0.00	    0.00	    0.00	    0.00	    0.00	    0.00	    0.00	    0.00	    0.21	    0.21	    1.11	 1014.67	  726.42	 1345.03	    0.00	    0.14	    0.00	 1748.12	 8079.17	 1777.77	 2799.88	 1099.96	  746.23
19	18	    0.00	   99.90	    0.00	    0.00	    0.00	  199.83	 1099.51	 1697.86	    0.00	    0.00	    0.00	    0.00	   17.01	    0.01	    0.00	  263.15	    0.00	  599.81	    0.00	 4619.32	   80.37	    0.44	    0.18	   12.62
19	20	    0.00	    0.00	    0.00	    0.01	    0.08	  100.01	  633.88	  600.44	    0.21	    0.05	    0.02	    0.01	    0.03	    0.02	    0.03	 1499.66	  580.76	  200.43	   45.93	 2700.86	    0.00	    0.08	    0.03	    0.02
19	21	    0.00	   99.93	    0.00	    0.02	    0.01	  200.02	  700.08	  800.27	    0.06	    0.22	    0.05	    0.00	    0.00	    0.00	    0.17	 1699.57	    0.11	  400.04	    0.08	 3100.64	    0.18	    0.00	    0.00	    0.00
20	19	    0.00	    0.00	    0.00	    0.00	    0.00	    0.00	    0.00	    0.00	    0.00	    0.11	    0.03	  400.96	 1631.54	    0.08	    0.17	    0.00	    0.07	    0.00	    0.18	    0.00	 3058.32	    0.24	    1.87	 1158.59
20	21	  264.31	    0.05	   66.08	    0.40	    0.00	    0.03	    0.06	    0.08	    0.00	    0.00	    0.00	  462.55	 1472.68	    0.00	    0.00	    0.16	    0.00	    0.03	    0.00	    0.41	 4743.20	    0.00	    0.00	 1590.93
20	23	    0.00	    0.00	    0.00	    0.00	    0.00	    0.02	  433.82	  200.36	    0.03	  487.04	    0.00	    0.00	    0.00	    0.00	  686.42	  899.58	  217.45	  100.39	  251.73	 1500.45	 3198.49	 2349.14	    0.00	    0.00
21	14	    0.00	    0.00	    0.00	    0.00	    0.00	    0.00	    0.06	    0.08	    0.00	    0.00	    0.00	    0.07	  889.36	    0.00	    0.00	    0.16	    0.00	    0.03	    0.00	    0.46	 2941.17	10567.61	 2696.38	 1267.87
21	19	    0.00	    0.00	    0.00	    0.00	    0.00	    0.00	    0.00	    0.00	    0.00	    0.11	    0.66	    0.03	    0.17	    1.92	    0.15	    0.00	    0.00	    0.00	    0.00	    0.00	    0.00	 5200.15	 1798.29	    0.28
21	20	    0.01	    0.00	    0.00	    0.02	   97.41	    0.00	    0.00	    0.00	  299.82	 1687.10	    2.21	    0.03	    0.00	    1.21	 1486.55	    0.08	  236.76	    0.00	  605.98	    0.00	    0.00	 4149.31	    1.27	    0.00
21	22	    0.00	    0.00	    0.00	    0.00	    0.00	    0.06	  200.08	  300.27	  305.06	 1305.21	    0.00	    0.00	    0.00	    0.00	  986.29	  499.72	  468.60	  100.05	  314.90	  700.59	    2.20	 4482.93	    0.00	    0.00
22	13	    0.01	    0.00	    0.00	    0.02	    0.00	    0.00	    0.33	    0.63	    0.00	    0.00	    0.00	    0.03	  682.98	    0.00	    0.00	    0.31	    0.00	    0.19	    0.01	    1.22	  797.78	 1131.94	 4601.96	 1173.19
22	21	  135.70	    0.02	   33.92	    0.69	    0.04	    0.02	    0.00	    0.00	    0.00	    0.00	  370.43	  237.58	  716.85	  743.03	    0.00	    0.00	    0.00	    0.00	    0.00	    0.00	    0.00	    0.00	 6595.94	  777.22
22	23	    0.01	    0.00	    0.00	    0.02	    0.00	    0.01	    0.03	    0.07	    0.25	  312.96	  997.28	    0.00	    0.00	 1396.11	  412.59	    0.13	   82.60	    0.00	  147.84	    0.35	    0.06	 1251.08	 3302.10	    0.00
23	12	    0.00	    0.00	    0.00	    0.00	    0.00	    0.00	  333.57	    0.00	    0.00	    0.00	    0.00	    0.00	    0.00	  597.25	  699.00	  599.00	    0.05	  100.26	  299.57	 1099.83	 1202.91	 2500.13	 1901.53	 1800.09
23	20	  364.30	    0.05	   66.08	  200.37	    2.51	    0.03	    0.00	    0.00	    0.00	    0.00	  397.80	 1163.46	 3704.19	  398.86	    0.00	    0.00	    0.00	    0.00	    0.00	    0.00	    0.00	    0.00	  700.58	 3249.49
23	22	  435.63	    0.01	  133.91	    1.88	    0.37	    0.31	    0.28	    0.43	    0.00	    0.00	    0.05	  937.44	 2199.84	    0.00	    0.00	    0.71	    0.00	    0.14	    0.00	    0.98	 1495.63	    0.09	    0.00	 2650.42
