i	j	o21d8l66
0	1	 4497.60
0	2	 8159.78
1	0	 4560.12
1	5	 5948.41
2	0	 8097.27
2	3	14011.16
2	11	10071.90
3	2	14058.53
3	4	18009.06
3	10	 5209.94
4	3	18058.50
4	5	 8789.51
4	8	15765.36
5	1	 6010.92
5	4	 8811.44
5	7	12486.79
6	7	12205.63
6	17	15930.67
7	5	12571.23
7	6	12041.49
7	8	 6957.39
7	15	 8377.92
8	4	15792.86
8	7	 6832.00
8	9	21730.92
9	8	21733.03
9	10	17742.33
9	14	23111.53
9	15	11044.15
9	16	 8100.44
10	3	 5307.88
10	9	17601.40
10	11	 8342.50
10	13	 9771.91
11	2	 9962.01
11	10	 8394.67
11	12	12315.74
12	11	12358.02
12	23	11155.74
13	10	 9776.75
13	14	 9033.85
13	22	 8323.61
14	9	23072.36
14	13	 9083.97
14	18	19313.02
14	21	18390.51
15	7	 8423.61
15	9	11126.24
15	16	11722.13
15	17	14796.55
16	9	 8100.56
16	15	11665.07
16	18	 9971.48
17	6	16094.81
17	15	14981.39
17	19	19091.24
18	14	19564.46
18	16	 9914.54
18	19	 8650.59
19	17	19340.23
19	18	 8845.10
19	20	 6379.50
19	21	 7004.41
20	19	 6027.29
20	21	 8826.15
20	23	10291.72
21	14	18050.01
21	19	 7700.12
21	20	 8518.99
21	22	 9619.19
22	13	 8278.33
22	21	 9667.25
22	23	 7902.57
23	12	11098.02
23	20	10246.66
23	22	 7905.35
