i	j	       0	       1	       2	       3	       4	       5	       6	       7	       8	       9	      10	      11	      12	      13	      14	      15	      16	      17	      18	      19	      20	      21	      22	      23
0	1	 2599.68	    0.00	  265.23	  199.98	   16.67	    0.00	    0.01	    0.02	   33.34	  100.03	  199.98	  476.28	  460.46	  100.00	   16.66	    0.02	    0.06	    0.00	    0.03	    0.00	    0.00	    0.08	    0.20	   28.76
0	2	 6200.32	 1161.86	    0.00	    0.00	    0.00	  235.24	  142.78	  248.72	    0.00	    0.00	    0.00	    0.00	    0.00	    0.00	    0.00	   98.36	    0.00	   35.29	    0.00	    0.02	    0.00	    0.00	    0.00	    0.00
1	0	    0.00	 1261.86	    0.00	    0.00	    0.00	  535.18	  642.66	 1048.51	    0.00	    0.00	    0.00	    0.00	    0.00	    0.00	    0.00	  598.24	    0.06	  135.27	    0.04	  299.94	    0.00	    0.01	    0.00	    0.00
1	5	 2499.68	 2738.14	  165.23	    0.00	    0.00	    0.00	    0.00	    0.00	    0.00	    0.00	    0.00	  376.28	  160.46	    0.00	    0.00	    0.00	    0.00	    0.00	    0.00	    0.00	    0.00	    0.01	    0.20	   28.76
2	0	    0.00	    0.00	  365.23	  699.98	  216.67	    0.06	    0.13	    0.22	  533.34	 1400.03	  699.98	  676.28	  960.46	  400.00	  516.66	    0.14	  400.00	    0.03	  299.99	    0.08	  100.00	  400.07	  300.20	  128.76
2	3	 4499.65	  661.46	 1934.41	    0.00	    0.00	    0.10	    0.00	    0.00	    0.00	    0.00	    0.00	 3751.30	 2495.17	    0.08	    0.00	    0.00	    0.00	    0.00	    0.00	    0.00	  203.12	    0.36	    2.76	  470.82
2	11	 1600.67	  400.40	  500.35	 1601.35	  402.64	  500.29	  773.11	 1200.00	 1399.54	  654.89	    0.93	    0.00	    0.00	    0.08	   50.08	  547.19	  184.48	  199.20	   21.37	    0.04	    0.00	    0.00	    0.00	    0.00
3	2	    0.00	    0.00	    0.00	 2501.33	  719.31	  565.21	  730.47	 1151.50	 2032.88	 2354.85	 1000.76	    0.00	    0.00	  499.80	  666.67	  648.97	  684.45	  163.93	  321.35	    0.04	    0.00	    0.00	    0.00	    0.00
3	4	 3198.82	  161.87	 1334.49	 6697.79	    0.00	    0.00	    0.00	    0.00	    0.00	    0.06	  905.86	 3150.95	 1894.92	  200.21	    0.01	    0.00	    0.02	    0.00	    0.00	    0.00	    3.14	    0.04	  199.79	  270.80
3	10	  800.83	  299.82	  399.92	 2400.88	  699.80	  599.73	    0.35	    6.19	    0.88	    0.15	    0.00	    0.35	    0.25	    0.06	    0.05	    0.20	    0.04	    0.02	    0.02	    0.02	    0.02	    0.04	    0.05	    0.02
4	3	    0.00	    0.23	    0.00	    0.00	 1919.11	 1564.85	 1130.81	 1857.69	 2733.76	 3553.74	    0.00	    0.00	    0.00	    0.00	 1165.91	 1449.17	 1184.12	  263.95	  521.04	  300.06	    0.03	  398.59	    0.00	    0.00
4	5	    0.00	    0.00	  527.63	 2136.19	 1262.91	    0.00	    0.02	    0.03	  566.66	 1299.86	  404.92	 1464.34	  578.90	  100.00	  283.08	    0.03	    0.04	    0.00	    0.05	    0.01	    0.02	    0.02	   99.79	   71.23
4	8	 2998.82	  899.93	  706.87	 4061.59	 2917.98	 1400.07	    0.02	    0.10	    0.00	    0.00	    0.95	 1486.60	 1116.02	    0.21	    0.00	    0.06	    0.00	    0.01	    0.00	    0.00	    0.00	    0.00	    0.00	  199.57
5	1	    0.00	    0.00	    0.00	    0.02	   83.33	  935.18	  842.65	 1448.50	  166.66	  499.97	    0.02	    0.00	    0.00	    0.01	   83.34	  998.22	  200.00	  135.27	  100.01	  399.94	    0.00	   99.94	    0.00	    0.00
5	4	    0.00	  838.29	    0.00	    0.00	    0.00	 3164.91	 1026.15	 1800.54	    0.00	    0.00	    0.00	    0.00	    0.00	    0.00	    0.00	 1468.06	    0.19	  202.00	    0.02	  304.70	    0.12	    0.02	    0.00	    0.00
5	7	 2199.68	 1499.85	  392.86	 1736.18	  979.58	 3499.91	    0.00	    0.00	    0.00	    0.00	    4.90	 1640.62	  539.37	    0.00	    0.00	    0.00	    0.00	    0.00	    0.00	    0.00	    0.00	    0.00	    0.00	    0.00
6	7	    0.00	    0.00	    0.00	    0.00	    0.00	    0.00	 4177.42	    0.00	    0.00	    0.19	    0.00	    0.00	    0.00	  399.92	  599.90	  388.94	  136.18	  999.13	  999.41	 2599.56	  500.11	  799.83	  299.97	  199.99
6	17	  430.65	  336.58	    8.67	  433.92	  121.25	  985.62	 7922.58	 4518.52	  823.56	    0.13	    0.11	  219.76	    0.06	    0.00	    0.00	    0.00	    0.00	    0.00	    0.00	    0.00	    0.00	    0.00	    0.00	    0.00
7	5	    0.00	    0.00	    0.00	    0.00	    0.00	    0.00	 2268.79	 4049.01	    0.00	    0.11	    0.00	    0.00	    0.00	    0.00	    0.26	 3366.24	  700.15	  437.26	  299.99	 1004.63	  100.10	  299.93	    0.01	    0.01
7	6	  930.55	  536.54	  108.65	  833.84	  321.20	 1385.53	    0.00	 5518.31	 1423.31	    2.07	    0.47	  919.61	   62.81	    0.00	    0.00	    0.00	    0.07	    0.00	    0.00	    0.00	    0.00	    0.00	    0.00	    0.00
7	8	    0.00	    0.00	    0.00	    0.00	    0.00	    0.00	  908.92	 3750.48	    0.00	    0.00	    0.00	    0.00	    0.00	    0.00	    0.00	 1263.15	    0.00	  261.98	    0.00	  695.17	    0.06	    0.00	    0.00	    0.00
7	15	  469.76	  563.35	  172.32	  682.65	  426.57	 1314.46	    0.00	 3382.20	  886.60	    0.51	    0.16	  487.59	    0.64	    0.00	    0.00	    0.00	    0.00	    0.00	    0.00	    0.00	    0.00	    0.00	    0.00	    0.00
8	4	    0.00	    0.00	    0.00	    0.00	    0.00	    0.00	  304.70	  557.28	 4100.42	 5853.54	    0.00	    0.00	    0.00	    0.00	 1648.98	  481.21	 1383.94	   61.97	  621.06	   95.37	   96.79	  598.55	    0.00	    0.00
8	7	    0.63	    0.04	   88.10	  480.31	  268.19	    0.08	    0.00	    0.00	 3109.90	 1602.26	  795.73	  366.58	  124.08	    0.03	    0.02	    0.00	    0.18	    0.00	    0.00	    0.00	    0.00	    0.00	    0.00	    0.00
8	9	 2498.19	  699.89	  518.76	 2881.28	 1849.79	  999.98	    4.34	 2393.30	 8989.68	    0.00	    0.00	  520.11	  392.02	    0.00	    0.00	    0.20	    0.00	    0.05	    0.00	    0.00	    0.00	    0.00	    0.00	    0.00
9	8	    0.00	    0.00	    0.00	    0.00	    0.00	    0.00	    0.09	    0.00	    0.00	10255.80	 2194.78	    0.09	    0.09	  599.82	 2649.01	  618.21	 2284.12	    0.03	 1021.06	    0.20	  396.73	 1298.55	  500.00	    0.43
9	10	    0.00	    0.00	    0.00	    0.00	    0.00	    0.00	  499.63	  793.84	 1715.98	 8417.62	    0.00	    0.00	    0.00	    0.00	 1278.76	 1552.75	 1915.42	  199.99	  422.85	  420.89	    2.08	  507.31	    0.00	    0.00
9	14	  799.41	   99.95	   99.95	 1098.93	  597.63	  200.06	    0.00	    0.00	 3083.53	14583.81	 1904.06	  654.81	    5.62	    0.00	    0.00	    0.00	    0.72	    0.00	    0.00	    0.00	    0.00	    0.00	    0.00	    0.00
9	15	    0.00	    0.00	   19.07	   83.70	   52.32	    0.00	    0.00	    0.00	  490.49	 8043.09	 2168.10	  190.04	    0.25	    0.00	    0.00	    0.00	    0.00	    0.00	    0.00	    0.00	    0.00	    0.00	    0.00	    0.00
9	16	  399.71	    0.04	   99.97	  499.85	  199.94	    0.04	    0.07	    0.10	  899.68	 3899.68	  999.92	  599.82	  499.85	    0.05	    0.11	    0.11	    0.00	    0.04	    0.06	    0.13	    0.04	    0.13	    0.04	    0.02
10	3	    0.00	    0.00	    0.00	    0.00	    0.00	    0.00	    0.00	    0.00	    0.00	    1.32	 3406.62	    0.00	    0.00	 1199.99	    0.82	    0.00	    0.40	    0.00	    0.33	    0.00	    0.00	    1.14	  697.07	    0.00
10	9	    0.92	    0.05	    0.22	    1.20	    0.10	    0.05	    0.00	    0.00	    0.00	    0.00	11166.86	 2924.64	 2013.79	 1099.42	    0.00	    0.00	    0.00	    0.00	    0.00	    0.00	    0.00	    0.00	  340.44	   55.54
10	11	    0.00	    0.00	    0.00	    0.00	    0.00	    0.00	    0.00	    0.00	    0.14	 3245.28	 2399.44	    0.00	    0.00	  715.54	  656.42	  152.96	  915.27	    0.02	  281.07	    0.00	    0.00	    0.00	    0.00	    0.00
10	13	  300.68	  100.05	  100.07	  999.75	  199.73	  199.69	    0.00	    0.03	  316.71	 1171.17	 5327.08	 1045.05	   17.92	    0.00	    0.00	    0.00	    0.00	    0.00	    0.00	    0.00	    0.00	    0.00	    0.00	    0.00
11	2	    0.00	    0.00	    0.00	    0.00	    0.00	    0.00	    0.00	    0.00	    0.00	    0.08	    0.16	 4627.58	 3555.63	    0.36	    0.07	    0.00	    0.02	    0.00	    0.01	    0.06	  303.12	  500.43	  402.97	  599.58
11	10	    0.77	    0.28	    0.37	    0.07	    0.02	    0.02	    0.00	    0.00	    0.00	    0.00	    0.00	 5369.34	 3031.46	    0.00	    0.00	    0.00	    0.00	    0.00	    0.00	    0.00	    0.03	    0.00	    0.00	    0.28
11	12	 1399.90	  300.12	  299.98	 1001.28	  202.62	  300.28	   73.11	  600.00	  799.68	 1900.10	 1000.21	 3903.08	    0.00	   16.57	    6.63	    0.36	  499.85	    0.05	    2.51	    0.00	    0.00	    0.00	    0.00	    0.00
12	11	    0.00	    0.00	    0.00	    0.00	    0.00	    0.00	    0.00	    0.00	    0.00	    0.00	    0.00	    0.00	 7887.10	    1.31	    0.20	    0.21	    0.13	    0.84	    0.08	  500.03	  603.15	 1200.43	 1102.97	 1099.87
12	23	  899.90	    0.12	  199.98	  401.28	    2.62	  100.28	    0.00	    0.00	  199.68	    0.10	    0.21	 2603.08	 6712.90	    0.00	    0.00	    0.00	    0.00	    0.00	    0.00	    0.00	    0.00	    0.00	    0.00	    0.00
13	10	    0.00	    0.00	    0.00	    0.00	    0.00	    0.00	    0.02	    0.00	    0.00	    0.00	    0.00	    0.00	    0.00	 4614.88	  778.43	    0.00	    0.21	    0.01	  258.53	  179.09	  397.88	  593.79	 2337.46	  655.24
13	14	    0.75	    0.09	    0.10	    0.91	    0.00	    0.00	    0.00	    0.00	    0.00	    0.00	 1041.32	  345.19	  105.97	 6263.96	    0.00	    0.00	    0.00	    0.00	    0.00	    0.00	    0.00	    0.00	 1139.80	  139.93
13	22	    0.05	    0.00	    0.01	  498.97	   99.77	   99.75	    0.00	    0.00	  191.07	  807.75	 2686.58	    0.12	    0.00	 3221.16	  439.39	    0.00	  216.19	    0.00	  136.98	    0.00	    0.00	    0.00	    0.00	    0.00
14	9	    0.00	    0.00	    0.00	    0.00	    0.00	    0.00	    0.08	    0.00	    0.00	    0.00	    0.00	    0.00	    0.00	 1600.45	 7927.88	    0.28	    0.00	    0.08	 3243.80	 1713.73	 1598.85	 4405.98	 1959.61	  744.91
14	13	    0.06	    0.02	    0.02	    0.13	    0.05	    0.05	  199.45	  399.13	  474.35	 1736.59	    0.81	    0.00	    0.00	    0.00	 2517.83	  699.92	  916.40	   99.72	  695.50	  677.51	    0.27	  662.17	    0.00	    0.00
14	18	  299.99	    0.03	    0.00	  200.02	  100.01	    0.05	    0.03	    0.02	  400.06	 3255.05	  831.12	  300.00	  278.84	 2897.63	 5900.04	    0.05	    0.38	    0.02	    0.00	    0.09	  567.25	 2899.93	  899.98	  252.85
14	21	    0.10	    0.00	    0.02	  399.69	  297.58	    0.00	    0.00	    0.00	 1309.13	 5592.17	  713.44	    0.00	    0.00	  465.87	 5054.25	    0.21	 2487.58	    0.00	 2081.56	    0.00	    0.00	    0.00	    0.00	    0.00
15	7	    0.00	    0.00	    0.00	    0.00	    0.00	    0.00	    0.29	    0.00	    0.00	    0.24	    0.00	    0.00	    0.00	    0.05	    0.33	 6440.45	 1963.87	    0.12	    0.58	    0.23	    0.05	    0.09	    0.04	    0.02
15	9	    0.00	    0.05	    0.00	    0.00	    0.00	    0.06	 2395.38	    0.64	    0.00	    0.00	    0.00	    0.00	    0.00	    0.00	    0.00	 6570.40	    0.52	  899.93	    0.18	 1207.48	    0.00	    0.00	    0.00	    0.00
15	16	    0.32	  200.10	    0.03	    0.16	    0.07	  500.25	 1000.23	 1402.10	    0.36	    0.46	    0.08	    0.18	    0.11	    0.00	    0.00	 5954.04	    0.00	  600.13	    0.00	 1550.83	  342.91	    0.00	    0.00	  133.61
15	17	    0.22	    0.10	    0.02	    0.24	    0.09	    0.28	    0.00	    0.94	    1.15	 3643.22	  768.27	    0.31	    0.11	    0.02	    0.29	 7135.11	 3741.37	    0.00	    0.29	    0.00	    0.00	    0.00	    0.00	    0.00
16	9	    0.00	    0.00	    0.00	    0.00	    0.00	    0.00	    0.00	    0.00	    0.00	    0.00	    0.00	    0.00	    0.00	    0.00	    0.00	    0.18	 8099.73	    0.00	    0.00	    0.00	    0.00	    0.00	    0.00	    0.00
16	15	    0.00	    0.00	    0.00	    0.00	    0.00	    0.00	    0.00	    0.00	    0.00	    0.00	    0.00	    0.00	    0.00	  693.26	 1189.31	    0.00	 8505.64	    0.00	 1288.84	    0.00	    0.05	    0.10	    0.04	    0.02
16	18	    0.02	    0.14	    0.00	    0.02	    0.01	    0.29	    0.31	    2.21	    0.03	    0.15	    0.00	    0.00	    0.00	    0.00	    0.00	 3153.96	 6794.62	    0.18	    0.00	    0.26	    0.00	    0.00	    0.00	    0.00
17	6	    0.11	    0.04	    0.02	    0.09	    0.04	    0.09	    0.00	    0.21	    0.25	 1898.26	  499.64	    0.15	  337.24	  599.92	 1099.90	 1788.94	 1136.11	 1199.13	 1399.41	 3099.56	  700.11	 1299.83	  499.97	  299.99
17	15	   30.78	   36.89	    8.67	   34.05	   21.28	   86.13	 4795.90	  221.48	   24.41	    0.32	    0.10	   22.86	  599.33	    6.81	   11.32	    0.00	    0.11	 2000.18	   12.20	 4358.54	  942.91	 1200.00	  500.00	  433.60
17	19	  299.99	  299.74	    0.00	  300.03	  100.02	  799.68	 2926.68	 3997.77	  600.04	 1045.15	  168.83	    0.10	    0.02	    0.00	    0.00	 4846.17	 2005.28	 1600.70	    0.00	    0.00	    0.00	    0.00	    0.00	    0.00
18	14	    0.00	    0.01	    0.00	    0.00	    0.00	    0.03	  699.19	  999.08	    0.00	    0.00	    0.00	    0.00	    0.00	    0.00	    0.00	 1900.31	 4903.65	  299.67	 6820.86	 3489.94	    0.15	    0.36	    0.15	    0.06
18	16	    0.00	    0.00	    0.00	    0.00	    0.00	    0.00	    0.00	    0.00	    0.00	    0.00	    0.00	    0.00	    0.04	 1393.21	 2689.20	    0.00	    0.00	    0.00	 2988.78	  149.31	  257.10	 1699.97	  600.00	  166.40
18	19	    0.02	    0.00	    0.00	    0.03	    0.02	    0.02	    0.00	    0.00	    0.09	 1455.20	  431.12	    0.00	    0.00	 1204.43	 2410.84	    0.00	  191.36	    0.00	 2990.37	    0.00	    0.00	    0.00	    0.00	    0.00
19	17	    0.00	    0.00	    0.00	    0.00	    0.00	    0.00	    0.00	    0.00	    0.00	    0.38	    0.18	    3.04	 1036.43	  706.71	 1310.92	    0.00	    0.13	    0.00	 1711.32	 7858.10	 1743.02	 2799.83	 1099.97	  733.59
19	18	    0.00	   99.85	    0.00	    0.00	    0.00	  199.72	 1098.85	 1696.85	    0.00	    0.00	    0.00	    0.00	   21.20	    0.01	    0.00	   46.31	    0.00	  599.47	    0.00	 4838.90	   90.00	    0.40	    0.16	   13.61
19	20	    0.00	    0.00	    0.00	    0.05	    0.03	  100.00	  627.07	  600.34	    0.08	    0.05	    0.02	    0.01	    0.02	    0.02	    0.03	 1500.28	  496.47	  200.88	   79.12	 2700.71	    0.00	    0.07	    0.03	    0.02
19	21	    0.00	   99.90	    0.00	    0.02	    0.01	  199.98	  700.76	  800.58	    0.05	    0.20	    0.04	    0.00	    0.00	    0.00	    0.15	 1699.58	    0.10	  400.35	    0.07	 3102.29	    0.00	    0.00	    0.00	    0.00
20	19	    0.00	    0.00	    0.00	    0.00	    0.00	    0.00	    0.00	    0.00	    0.00	    0.27	    0.02	  402.90	 1657.46	    0.07	    0.14	    0.00	    0.06	    0.00	    0.15	    0.00	 3033.02	    0.20	    0.28	 1146.84
20	21	    0.00	    0.10	   70.84	    0.00	    0.00	    0.03	    0.11	    0.12	    0.00	    0.00	    0.00	  495.87	 1566.76	    0.00	    0.00	    0.28	    0.00	    0.06	    0.00	    0.62	 4767.51	    0.00	    0.00	 1715.08
20	23	    0.00	    0.00	    0.00	    0.00	    0.00	    0.02	  426.97	  200.24	    0.09	  487.39	    0.00	    0.00	    0.00	    0.00	  684.66	  900.12	  213.17	  100.82	  254.34	 1500.16	 3199.48	 2338.79	    0.00	    0.00
21	14	    0.00	    0.00	    0.00	    0.00	    0.00	    0.00	    0.37	    0.07	    0.00	    0.00	    0.00	    0.00	  867.24	    0.00	    0.00	    0.14	    0.00	    0.16	    0.00	    1.39	 2966.22	10567.72	 2719.64	 1257.76
21	19	    0.00	    0.00	    0.00	    0.00	    0.00	    0.00	    0.00	    0.00	    0.00	    0.00	    0.27	    0.05	    0.17	    2.24	    0.12	    0.00	    0.00	    0.00	    0.00	    0.00	    0.00	 5200.09	 1799.87	    0.38
21	20	    0.00	    0.00	    0.00	    0.01	   97.61	    0.01	    0.01	    0.03	  300.01	 1687.57	    1.70	    0.00	    0.00	    0.46	 1484.77	    0.11	  316.76	    0.01	  575.36	    0.08	    0.00	 4138.92	    0.43	    0.00
21	22	    0.00	    0.00	    0.00	    0.00	    0.00	    0.01	  200.49	  300.60	  309.17	 1304.80	    0.00	    0.00	    0.00	    0.00	  969.52	  499.82	  470.92	  100.25	  306.26	  701.44	    1.28	 4493.26	    0.00	    0.00
22	13	    0.05	    0.02	    0.02	    0.00	    0.00	    0.01	    0.57	    0.84	    0.00	    0.00	    0.00	    0.26	  688.05	    0.00	    0.00	    0.08	    0.00	    0.28	    0.01	    1.57	  797.61	 1131.62	 4577.26	 1195.17
22	21	  399.90	    0.00	   29.14	    0.31	    0.03	    0.00	    0.00	    0.00	    0.00	    0.00	  388.48	  204.19	  600.65	  736.82	    0.00	    0.00	    0.00	    0.00	    0.00	    0.00	    0.00	    0.00	 6619.94	  643.06
22	23	    0.00	    0.00	    0.00	    0.01	    0.00	    0.01	    0.12	    0.07	    0.24	  312.56	  998.14	    0.00	    0.00	 1384.34	  408.91	    0.26	   87.11	    0.07	  143.23	    0.58	    0.44	 1261.72	 3302.79	    0.00
23	12	    0.00	    0.00	    0.00	    0.00	    0.00	    0.00	  326.89	    0.00	    0.00	    0.00	    0.00	    0.00	    0.00	  584.74	  693.57	  599.85	    0.28	  100.78	  297.57	 1100.03	 1203.15	 2500.43	 1902.97	 1799.87
23	20	  100.00	    0.10	   70.84	  199.94	    2.36	    0.04	    0.00	    0.00	    0.01	    0.05	  398.31	 1198.76	 3824.20	  399.60	    0.00	    0.00	    0.00	    0.00	    0.00	    0.00	    0.00	    0.00	  699.83	 3361.90
23	22	  699.90	    0.02	  129.14	    1.36	    0.25	    0.26	    0.21	    0.31	    0.00	    0.00	    0.05	  904.33	 2088.70	    0.00	    0.00	    0.52	    0.00	    0.10	    0.00	    0.72	 1496.77	    0.07	    0.00	 2538.23
