i	j	o11d6l12
0	1	 4495.94
0	2	 8118.68
1	0	 4519.28
1	5	 5968.58
2	0	 8095.34
2	3	14018.71
2	11	10037.08
3	2	14044.27
3	4	18017.28
3	10	 5209.30
4	3	18044.46
4	5	 8797.25
4	8	15785.75
5	1	 5991.91
5	4	 8803.41
5	7	12493.97
6	7	12106.32
6	17	15802.31
7	5	12523.46
7	6	12042.98
7	8	 6883.87
7	15	 8386.78
8	4	15806.76
8	7	 6835.74
8	9	21748.10
9	8	21820.97
9	10	17724.53
9	14	23126.42
9	15	11046.66
9	16	 8100.77
10	3	 5307.69
10	9	17603.81
10	11	 8364.33
10	13	 9779.28
11	2	 9988.19
11	10	 8404.93
11	12	12303.02
12	11	12394.73
12	23	11119.35
13	10	 9816.34
13	14	 9035.04
13	22	 8398.62
14	9	23193.93
14	13	 9080.26
14	18	19084.03
14	21	18401.40
15	7	 8401.08
15	9	11072.69
15	16	11687.03
15	17	15293.38
16	9	 8100.82
16	15	11674.90
16	18	 9953.46
17	6	15865.64
17	15	15345.83
17	19	18991.73
18	14	19116.74
18	16	 9941.39
18	19	 8686.49
19	17	19007.53
19	18	 8707.13
19	20	 6306.38
19	21	 7000.69
20	19	 6241.48
20	21	 8617.54
20	23	10306.84
21	14	18381.43
21	19	 7002.02
21	20	 8603.71
21	22	 9658.69
22	13	 8390.45
22	21	 9626.22
22	23	 7902.26
23	12	11111.06
23	20	10255.76
23	22	 7861.62
