i	j	o22d4l30
0	1	 4495.05
0	2	 8126.69
1	0	 4527.07
1	5	 5968.66
2	0	 8094.67
2	3	14113.86
2	11	10083.95
3	2	14081.12
3	4	18010.27
3	10	 5209.69
4	3	18079.00
4	5	 8796.12
4	8	15781.54
5	1	 6000.68
5	4	 8805.26
5	7	12491.12
6	7	12107.40
6	17	15780.03
7	5	12532.27
7	6	12042.25
7	8	 6883.38
7	15	 8384.70
8	4	15841.14
8	7	 6835.79
8	9	21743.30
9	8	21855.31
9	10	17698.40
9	14	23117.40
9	15	11045.65
9	16	 8101.05
10	3	 5208.21
10	9	17621.84
10	11	 8400.17
10	13	 9781.92
11	2	10084.68
11	10	 8400.12
11	12	12383.42
12	11	12484.09
12	23	11129.47
13	10	 9803.93
13	14	 9034.80
13	22	 8378.82
14	9	23182.87
14	13	 9070.56
14	18	19108.41
14	21	18365.08
15	7	 8408.31
15	9	11069.48
15	16	11685.44
15	17	15270.53
16	9	 8100.33
16	15	11676.68
16	18	 9950.43
17	6	15845.18
17	15	15326.71
17	19	18967.85
18	14	19136.39
18	16	 9940.95
18	19	 8686.18
19	17	18989.18
19	18	 8704.69
19	20	 6281.71
19	21	 7001.25
20	19	 6221.11
20	21	 8636.46
20	23	10301.14
21	14	18338.33
21	19	 7001.67
21	20	 8625.57
21	22	 9657.13
22	13	 8365.07
22	21	 9619.92
22	23	 7924.94
23	12	11130.14
23	20	10251.44
23	22	 7873.97
