i	j	o9d5l25
0	1	 4474.77
0	2	 8047.83
1	0	 4448.81
1	5	 6037.60
2	0	 8073.80
2	3	13921.25
2	11	10406.25
3	2	14392.12
3	4	18717.45
3	10	 5212.00
4	3	18397.97
4	5	 8807.55
4	8	15767.77
5	1	 6011.63
5	4	 8792.42
5	7	12482.75
6	7	12045.00
6	17	15818.49
7	5	12441.66
7	6	12042.34
7	8	 6889.50
7	15	 8384.36
8	4	15463.42
8	7	 6843.96
8	9	21722.27
9	8	21472.37
9	10	18004.83
9	14	23174.60
9	15	11051.54
9	16	 8100.85
10	3	 6102.35
10	9	17524.75
10	11	 8084.58
10	13	 9737.09
11	2	 9961.34
11	10	 8440.42
11	12	12389.67
12	11	12400.62
12	23	11111.72
13	10	 9891.52
13	14	 9069.11
13	22	 8345.19
14	9	23260.38
14	13	 9156.26
14	18	19090.92
14	21	18364.37
15	7	 8386.15
15	9	11096.06
15	16	11697.04
15	17	15246.16
16	9	 8100.73
16	15	11671.02
16	18	 9958.92
17	6	15821.16
17	15	15318.48
17	19	19006.15
18	14	19164.75
18	16	 9932.79
18	19	 8673.49
19	17	18981.14
19	18	 8721.19
19	20	 6309.87
19	21	 7002.38
20	19	 6233.91
20	21	 8655.39
20	23	10325.05
21	14	18363.46
21	19	 7001.02
21	20	 8619.73
21	22	 9709.40
22	13	 8412.47
22	21	 9671.48
22	23	 7795.86
23	12	11022.66
23	20	10284.75
23	22	 7825.21
