i	j	       0	       1	       2	       3	       4	       5	       6	       7	       8	       9	      10	      11	      12	      13	      14	      15	      16	      17	      18	      19	      20	      21	      22	      23
0	1	 2600.78	    0.00	  267.50	  200.02	   15.94	    0.00	    0.01	    0.02	   31.87	   95.84	  200.02	  475.43	  462.33	  100.01	   15.92	    0.02	    0.04	    0.00	    0.01	    0.00	    0.01	    0.08	    0.09	   29.27
0	2	 6199.22	 1168.30	    0.00	    0.00	    0.00	  229.80	  138.83	  242.02	    0.00	    0.00	    0.00	    0.00	    0.00	    0.00	    0.00	  106.62	    0.00	   34.58	    0.00	    0.02	    0.00	    0.00	    0.00	    0.00
1	0	    0.00	 1268.30	    0.00	    0.00	    0.00	  529.80	  638.81	 1041.99	    0.00	    0.00	    0.00	    0.00	    0.00	    0.00	    0.00	  606.60	    0.46	  134.57	    0.03	  299.98	    0.00	    0.02	    0.00	    0.00
1	5	 2500.78	 2731.70	  167.50	    0.04	    0.00	    0.00	    0.00	    0.00	    0.00	    0.00	    0.04	  375.43	  162.33	    0.01	    0.00	    0.00	    0.00	    0.00	    0.00	    0.00	    0.01	    0.03	    0.09	   29.27
2	0	    0.00	    0.00	  367.50	  700.02	  215.94	    0.00	    0.03	    0.05	  531.87	 1395.84	  700.02	  675.43	  962.33	  400.01	  515.92	    0.04	  399.58	    0.00	  299.99	    0.05	  100.01	  400.07	  300.09	  129.27
2	3	 4498.84	  668.01	 1932.28	    0.00	    0.00	    0.00	    0.00	    0.00	    0.00	    0.00	    0.00	 3749.60	 2495.32	    0.09	    0.00	    0.00	    0.00	    0.00	    0.00	    0.00	  203.24	    0.11	    3.80	  470.34
2	11	 1600.37	  400.29	  500.22	 1602.01	  402.77	  500.35	  775.67	 1200.00	 1399.64	  650.53	    1.03	    0.00	    0.00	    0.09	   48.38	  553.94	  183.42	  199.67	   20.73	    0.12	    0.00	    0.00	    0.00	    0.00
3	2	    0.00	    0.00	    0.00	 2502.03	  718.71	  570.55	  736.87	 1158.03	 2031.51	 2346.36	 1000.26	    0.00	    0.00	  499.49	  664.24	  647.36	  683.00	  165.09	  320.72	    0.11	    0.00	    0.08	    0.05	    0.00
3	4	 3197.38	  167.78	 1332.06	 6696.19	    0.00	    0.00	    0.00	    0.00	    0.00	    0.12	  904.85	 3149.24	 1895.02	  200.02	    0.08	    0.00	    0.01	    0.00	    0.02	    0.00	    3.31	    0.05	  199.90	  270.36
3	10	  801.46	  300.27	  400.22	 2401.78	  699.90	  599.76	    0.39	    7.71	    0.42	    0.17	    0.00	    0.36	    0.30	    0.07	    0.06	    0.12	    0.04	    0.02	    0.02	    0.03	    0.02	    0.05	    0.06	    0.03
4	3	    0.00	    0.05	    0.00	    0.00	 1918.61	 1570.31	 1137.27	 1865.74	 2731.93	 3543.83	    0.00	    0.00	    0.00	    0.00	 1161.34	 1447.48	 1182.36	  265.11	  519.52	  300.14	    0.03	  398.96	    0.00	    0.00
4	5	    0.00	    0.00	  529.22	 2127.49	 1258.94	    0.00	    0.02	    0.03	  568.29	 1304.10	  404.66	 1468.87	  580.16	  100.02	  283.79	    0.04	    0.04	    0.00	    0.04	    0.01	    0.01	    0.00	   99.90	   70.72
4	8	 2997.38	  899.55	  702.83	 4068.70	 2922.45	 1399.75	    0.03	    0.11	    0.00	    0.00	    0.18	 1480.37	 1114.86	    0.00	    0.00	    0.06	    0.00	    0.01	    0.00	    0.03	    0.00	    0.00	    0.00	  199.64
5	1	    0.00	    0.00	    0.00	    0.02	   84.06	  929.80	  838.80	 1441.97	  168.13	  504.16	    0.02	    0.00	    0.00	    0.01	   84.08	 1006.58	  200.42	  134.57	  100.01	  399.97	    0.00	   99.96	    0.00	    0.00
5	4	    0.00	  831.81	    0.00	    0.00	    0.00	 3170.06	 1031.29	 1806.27	    0.00	    0.00	    0.00	    0.00	    0.00	    0.00	    0.00	 1456.15	    0.14	  202.29	    0.03	  305.32	    0.00	    0.06	    0.00	    0.00
5	7	 2200.78	 1499.89	  396.73	 1727.51	  974.87	 3500.14	    0.00	    0.00	    0.16	    0.07	    4.69	 1644.30	  542.49	    0.03	    0.00	    0.00	    0.00	    0.00	    0.00	    0.00	    0.00	    0.00	    0.00	    0.00
6	7	    0.00	    0.00	    0.00	    0.00	    0.00	    0.00	 4180.45	    0.00	    0.00	    0.00	    0.00	    0.00	    0.00	  399.87	  600.06	  378.25	  143.42	  999.89	  999.62	 2599.58	  500.05	  799.91	  299.97	  199.99
6	17	  436.71	  343.94	   10.11	  439.75	  124.89	  902.94	 7919.55	 4563.84	  830.62	    0.66	    0.15	  223.75	    0.06	    0.00	    0.00	    0.00	    0.03	    0.00	    0.00	    0.00	    0.00	    0.00	    0.00	    0.00
7	5	    0.00	    0.00	    0.00	    0.00	    0.00	    0.00	 2270.07	 4048.21	    0.00	    0.13	    0.00	    0.00	    0.00	    0.00	    0.29	 3362.70	  700.51	  436.86	  300.00	 1005.28	   99.99	  300.00	    0.00	    0.01
7	6	  936.71	  543.94	  110.11	  839.75	  324.89	 1302.94	    0.00	 5563.84	 1430.57	    3.20	    0.87	  923.75	   60.62	    0.00	    0.00	    0.00	    0.12	    0.00	    0.00	    0.00	    0.00	    0.00	    0.00	    0.00
7	8	    0.00	    0.00	    0.00	    0.00	    0.00	    0.00	  910.38	 3751.72	    0.00	    0.00	    0.00	    0.00	    0.00	    0.00	    0.00	 1262.16	    0.00	  263.16	    0.00	  694.67	    0.11	    0.00	    0.00	    0.00
7	15	  464.16	  555.99	  170.66	  673.41	  420.89	 1397.29	    0.00	 3336.24	  896.03	    0.00	    0.07	  472.03	    0.38	    0.00	    0.00	    0.00	    0.00	    0.00	    0.00	    0.00	    0.00	    0.00	    0.00	    0.00
8	4	    0.00	    0.00	    0.00	    0.00	    0.00	    0.00	  306.02	  559.61	 4100.21	 5847.82	    0.00	    0.00	    0.00	    0.00	 1645.05	  491.43	 1382.25	   62.83	  619.51	   94.85	   96.73	  598.85	    0.00	    0.00
8	7	    0.08	    0.04	   84.04	  485.65	  270.91	    0.09	    0.00	    0.00	 3126.44	 1602.98	  796.25	  351.48	  118.52	    0.05	    0.00	    0.00	    0.24	    0.00	    0.00	    0.00	    0.00	    0.00	    0.00	    0.00
8	9	 2497.30	  699.51	  518.79	 2883.05	 1851.55	  999.66	    4.44	 2392.22	 8973.35	    0.00	    0.00	  528.94	  396.40	    0.00	    0.00	    0.26	    0.00	    0.36	    0.00	    0.00	    0.00	    0.00	    0.00	    0.00
9	8	    0.00	    0.00	    0.00	    0.00	    0.00	    0.00	    0.06	    0.00	    0.00	10250.80	 2196.07	    0.06	    0.06	  600.06	 2645.05	  629.47	 2282.49	    0.02	 1019.51	    0.16	  396.62	 1298.85	  500.00	    0.36
9	10	    0.00	    0.00	    0.00	    0.00	    0.00	    0.00	  499.61	  792.32	 1722.12	 8452.00	    0.00	    0.00	    0.00	    0.00	 1264.40	 1546.41	 1917.04	  199.97	  418.43	  418.96	    2.14	  491.66	    0.00	    0.00
9	14	  799.23	   99.88	   99.91	 1097.67	  597.44	  199.80	    0.00	    0.00	 3077.58	14559.63	 1932.56	  661.90	    4.49	    0.00	    0.00	    0.00	    0.85	    0.00	    0.00	    0.00	    0.00	    0.00	    0.00	    0.00
9	15	    0.00	    0.00	   19.24	   86.89	   54.31	    0.00	    0.00	    0.00	  473.83	 8036.83	 2171.20	  203.21	    0.38	    0.00	    0.00	    0.00	    0.00	    0.00	    0.00	    0.00	    0.00	    0.00	    0.00	    0.00
9	16	  399.11	    0.02	   99.98	  499.90	  199.93	    0.04	    0.09	    0.12	  899.82	 3900.74	 1000.09	  599.88	  499.76	    0.11	    0.13	    0.12	    0.00	    0.05	    0.07	    0.15	    0.05	    0.15	    0.05	    0.03
10	3	    0.00	    0.00	    0.00	    0.00	    0.00	    0.00	    0.00	    0.00	    0.00	    2.82	 3405.11	    0.00	    0.00	 1199.48	    3.05	    0.00	    0.70	    0.00	    1.24	    0.00	    0.06	    1.10	  696.22	    0.04
10	9	    1.04	    0.34	    0.34	    1.41	    0.13	    0.11	    0.00	    0.00	    0.00	    0.00	11199.91	 2936.11	 2008.28	 1053.23	    0.00	    0.00	    0.00	    0.00	    0.00	    0.00	    0.00	    0.00	  344.70	   60.83
10	11	    0.00	    0.00	    0.00	    0.00	    0.00	    0.00	    0.00	    0.00	    0.11	 3249.47	 2400.40	    0.00	    0.00	  710.04	  659.58	  146.72	  916.47	    0.02	  282.65	    0.00	    0.00	    0.00	    0.00	    0.00
10	13	  300.90	  100.12	  100.13	 1000.45	  199.79	  199.73	    0.00	    0.03	  322.42	 1199.88	 5294.58	 1038.42	   21.53	    0.00	    0.00	    0.00	    0.04	    0.00	    0.00	    0.00	    0.00	    0.00	    0.00	    0.00
11	2	    0.00	    0.00	    0.00	    0.00	    0.00	    0.00	    0.00	    0.00	    0.00	    0.00	    0.79	 4625.03	 3557.65	    0.70	    0.06	    0.00	    0.00	    0.00	    0.00	    0.03	  303.24	  500.10	  403.83	  599.61
11	10	    0.48	    0.18	    0.24	    0.09	    0.03	    0.07	    0.00	    0.00	    0.00	    0.00	    0.00	 5374.16	 3029.51	    0.00	    0.00	    0.00	    0.00	    0.00	    0.00	    0.00	    0.04	    0.00	    0.00	    0.52
11	12	 1399.89	  300.11	  299.98	 1001.92	  202.74	  300.28	   75.74	  600.00	  799.75	 1900.00	 1000.64	 3900.81	    0.00	   10.10	    7.90	    0.73	  499.89	    0.02	    3.39	    0.04	    0.00	    0.00	    0.00	    0.00
12	11	    0.00	    0.00	    0.00	    0.00	    0.00	    0.00	    0.07	    0.00	    0.00	    0.00	    0.00	    0.00	 7887.16	    0.67	    0.00	    0.07	    0.00	    0.33	    0.00	  499.95	  603.28	 1200.10	 1103.83	 1100.13
12	23	  899.89	    0.11	  199.98	  401.92	    2.74	  100.28	    0.00	    0.00	  199.75	    0.00	    0.64	 2600.81	 6712.84	    0.00	    0.00	    0.00	    0.00	    0.00	    0.00	    0.00	    0.00	    0.00	    0.00	    0.00
13	10	    0.00	    0.00	    0.00	    0.00	    0.00	    0.00	    0.00	    0.00	    0.00	    0.00	    0.00	    0.00	    0.00	 4562.68	  798.17	    0.19	    0.13	    0.03	  265.44	  181.01	  397.87	  609.40	 2340.86	  660.32
13	14	    0.80	    0.11	    0.10	    0.74	    0.06	    0.04	    0.00	    0.00	    0.00	    0.00	  996.84	  338.10	  106.97	 6293.29	    0.00	    0.00	    0.00	    0.00	    0.00	    0.00	    0.00	    0.00	 1164.99	  133.94
13	22	    0.12	    0.01	    0.03	  499.73	   99.74	   99.69	    0.00	    0.00	  192.76	  805.54	 2697.80	    0.35	    0.36	 3244.03	  418.10	    0.00	  211.05	    0.00	  129.90	    0.00	    0.00	    0.00	    0.00	    0.00
14	9	    0.00	    0.00	    0.00	    0.00	    0.00	    0.00	    0.00	    0.00	    0.00	    0.00	    0.00	    0.00	    0.00	 1646.93	 7909.58	    0.31	    0.85	    0.06	 3237.81	 1717.17	 1598.81	 4390.66	 1955.35	  739.56
14	13	    0.00	    0.00	    0.00	    0.00	    0.00	    0.00	  199.75	  399.50	  470.33	 1705.66	    0.07	    0.00	    0.00	    0.00	 2516.27	  699.41	  911.14	   99.88	  695.33	  680.28	    1.50	  701.27	    0.00	    0.00
14	18	  300.03	    0.09	    0.01	  200.07	  100.03	    0.12	    0.02	    0.03	  400.15	 3259.56	  827.37	  300.06	  282.03	 2896.79	 5900.03	    0.06	    0.43	    0.01	    0.00	    0.05	  556.75	 2899.91	  899.98	  264.22
14	21	    0.00	    0.00	    0.00	  398.34	  297.46	    0.00	    0.00	    0.00	 1307.09	 5594.41	  701.96	    0.00	    0.00	  449.56	 5074.13	    0.24	 2485.28	    0.00	 2094.45	    0.00	    0.00	    0.00	    0.00	    0.00
15	7	    0.00	    0.00	    0.00	    0.00	    0.00	    0.00	    0.00	    0.00	    0.00	    0.28	    0.00	    0.00	    0.00	    0.06	    0.23	 6446.61	 1956.97	    0.13	    0.38	    0.37	    0.05	    0.08	    0.03	    0.02
15	9	    0.00	    0.06	    0.00	    0.00	    0.00	    0.07	 2395.07	    0.22	    0.00	    0.00	    0.00	    0.00	    0.00	    0.00	    0.00	 6574.27	    0.60	  899.54	    0.21	 1201.90	    0.00	    0.00	    0.00	    0.00
15	16	    0.88	  199.98	    0.01	    0.07	    0.05	  500.02	 1000.37	 1400.24	    0.12	    0.53	    0.09	    0.06	    0.00	    0.00	    0.00	 5968.13	    0.00	  600.16	    0.00	 1548.69	  345.29	    0.00	    0.00	  123.80
15	17	    0.02	    0.00	    0.00	    0.02	    0.00	  100.02	    0.00	    0.16	    0.53	 3637.91	  771.58	    0.15	    0.00	    0.03	    0.16	 7110.98	 3757.00	    0.00	    0.16	    0.00	    0.00	    0.00	    0.00	    0.00
16	9	    0.00	    0.00	    0.00	    0.00	    0.00	    0.00	    0.24	    0.00	    0.00	    0.00	    0.00	    0.00	    0.00	    0.00	    0.00	    1.15	 8098.93	    0.09	    0.00	    0.20	    0.00	    0.00	    0.00	    0.00
16	15	    0.00	    0.00	    0.00	    0.00	    0.00	    0.00	    0.00	    0.00	    0.00	    1.50	    0.28	    0.00	    0.00	  690.78	 1185.36	    0.00	 8514.44	    0.00	 1284.52	    0.00	    0.06	    0.11	    0.05	    0.03
16	18	    0.03	    0.02	    0.00	    0.02	    0.01	    0.06	    0.22	    0.36	    0.04	    0.17	    0.00	    0.00	    0.00	    0.00	    0.00	 3167.10	 6786.63	    0.12	    0.00	    0.00	    0.00	    0.00	    0.00	    0.00
17	6	    0.00	    0.00	    0.00	    0.00	    0.00	    0.00	    0.00	    0.00	    0.06	 1897.46	  499.28	    0.00	  339.44	  599.87	 1100.06	 1778.25	 1143.33	 1199.89	 1399.62	 3099.58	  700.05	 1299.91	  499.97	  299.99
17	15	   36.74	   44.05	   10.11	   39.78	   24.86	  102.82	 4795.44	  264.39	   30.80	    0.39	    0.12	   24.96	  599.24	    9.31	   15.03	    0.00	    0.12	 1999.83	   16.22	 4350.96	  945.29	 1199.97	  499.99	  423.79
17	19	  299.99	  299.90	    0.00	  299.99	  100.03	  800.14	 2924.11	 3999.61	  600.30	 1040.94	  172.33	    0.02	    0.00	    0.00	    0.00	 4832.73	 2013.72	 1600.28	    0.00	    0.00	    0.00	    0.00	    0.00	    0.00
18	14	    0.00	    0.10	    0.00	    0.00	    0.00	    0.29	  699.71	  999.45	    0.00	    0.00	    0.00	    0.00	    0.00	    0.00	    0.00	 1899.85	 4896.86	  299.91	 6827.59	 3497.03	    0.16	    0.40	    0.17	    0.07
18	16	    0.04	    0.02	    0.01	    0.05	    0.02	    0.00	    0.00	    0.00	    0.09	    0.40	    0.10	    0.06	    0.24	 1390.67	 2685.22	    0.00	    0.00	    0.00	 2984.45	  151.36	  254.71	 1699.96	  599.99	  176.20
18	19	    0.02	    0.00	    0.00	    0.04	    0.02	    0.03	    0.00	    0.00	    0.10	 1459.33	  427.27	    0.00	    0.00	 1206.13	 2414.81	    0.00	  190.20	    0.00	 2987.96	    0.00	    0.00	    0.00	    0.00	    0.00
19	17	    0.00	    0.00	    0.00	    0.00	    0.00	    0.00	    0.00	    0.00	    0.00	    0.22	    0.00	    1.08	 1038.62	  709.15	 1314.93	    0.00	    0.15	    0.00	 1715.68	 7850.54	 1745.33	 2799.88	 1099.96	  723.78
19	18	    0.00	  100.01	    0.00	    0.00	    0.00	  200.14	 1099.47	 1699.05	    0.00	    0.00	    0.00	    0.00	   18.21	    0.01	    0.00	   32.69	    0.00	  599.78	    0.00	 4848.33	   98.12	    0.46	    0.18	   12.05
19	20	    0.00	    0.00	    0.00	    0.01	    0.04	  100.01	  624.66	  600.48	    0.25	    0.05	    0.02	    0.01	    0.03	    0.02	    0.03	 1500.06	  503.74	  200.49	   72.39	 2701.18	    0.00	    0.08	    0.03	    0.02
19	21	    0.00	   99.88	    0.00	    0.02	    0.01	  200.02	  699.98	  800.08	    0.15	    0.23	    0.05	    0.00	    0.00	    0.00	    0.17	 1699.98	    0.11	  400.01	    0.08	 3099.94	    0.19	    0.00	    0.00	    0.00
20	19	    0.00	    0.00	    0.00	    0.00	    0.00	    0.00	    0.00	    0.00	    0.00	    0.11	    0.03	  400.99	 1656.67	    0.09	    0.18	    0.00	    0.08	    0.00	    0.19	    0.00	 3043.64	    0.25	    2.37	 1135.54
20	21	  263.71	    0.09	   65.93	    0.38	    0.00	    0.03	    0.06	    0.08	    0.00	    0.00	    0.00	  461.49	 1465.85	    0.00	    0.00	    0.17	    0.00	    0.04	    0.00	    0.43	 4757.95	    0.00	    0.00	 1605.97
20	23	    0.00	    0.00	    0.00	    0.00	    0.00	    0.02	  424.59	  200.39	    0.03	  485.88	    0.00	    0.00	    0.00	    0.00	  680.87	  899.98	  211.56	  100.45	  253.18	 1500.75	 3198.41	 2349.95	    0.00	    0.00
21	14	    0.00	    0.00	    0.00	    0.00	    0.00	    0.00	    0.06	    0.09	    0.00	    0.00	    0.00	    0.06	  870.57	    0.00	    0.00	    0.17	    0.00	    0.03	    0.00	    0.48	 2956.90	10591.43	 2690.18	 1269.77
21	19	    0.00	    0.00	    0.00	    0.00	    0.00	    0.00	    0.00	    0.00	    0.00	    0.11	    0.44	    0.08	    0.19	    2.96	    0.16	    0.00	    0.00	    0.00	    0.00	    0.00	    0.00	 5200.16	 1797.80	    0.32
21	20	    0.01	    0.00	    0.00	    0.03	   97.52	    0.00	    0.00	    0.00	  299.78	 1685.94	    1.64	    0.04	    0.00	    0.88	 1481.01	    0.08	  307.89	    0.00	  580.98	    0.00	    0.00	 4150.13	    1.26	    0.00
21	22	    0.00	    0.00	    0.00	    0.00	    0.00	    0.05	  199.98	  300.08	  307.47	 1308.58	    0.00	    0.00	    0.00	    0.00	  993.13	  500.14	  477.51	  100.02	  313.55	  699.89	    1.23	 4458.27	    0.00	    0.00
22	13	    0.01	    0.00	    0.00	    0.02	    0.00	    0.00	    0.25	    0.47	    0.00	    0.00	    0.00	    0.03	  685.79	    0.00	    0.00	    0.78	    0.00	    0.15	    0.01	    0.73	  796.36	 1108.13	 4605.85	 1194.26
22	21	  136.31	    0.03	   34.07	    1.29	    0.05	    0.00	    0.00	    0.00	    0.00	    0.00	  400.08	  238.70	  704.91	  754.27	    0.00	    0.00	    0.00	    0.00	    0.00	    0.00	    0.00	    0.00	 6589.23	  764.12
22	23	    0.01	    0.00	    0.00	    0.03	    0.00	    0.01	    0.02	    0.03	    0.22	  314.12	  997.78	    0.07	    0.00	 1389.76	  411.22	    0.07	   88.56	    0.00	  143.43	    0.13	    0.06	 1251.47	 3304.91	    0.00
23	12	    0.00	    0.00	    0.00	    0.00	    0.00	    0.00	  324.33	    0.00	    0.00	    0.00	    0.00	    0.00	    0.00	  590.57	  692.10	  599.34	    0.11	  100.32	  296.61	 1099.92	 1203.28	 2500.10	 1903.83	 1800.13
23	20	  363.69	    0.09	   65.93	  200.35	    2.43	    0.04	    0.00	    0.00	    0.00	    0.00	  398.37	 1162.42	 3722.49	  399.19	    0.00	    0.00	    0.00	    0.00	    0.00	    0.00	    0.00	    0.00	  701.08	 3241.49
23	22	  436.21	    0.02	  134.05	    1.60	    0.31	    0.27	    0.28	    0.42	    0.00	    0.00	    0.06	  938.45	 2190.35	    0.00	    0.00	    0.71	    0.00	    0.14	    0.00	    0.97	 1495.20	    1.33	    0.00	 2658.38
