i	j	       0	       1	       2	       3	       4	       5	       6	       7	       8	       9	      10	      11	      12	      13	      14	      15	      16	      17	      18	      19	      20	      21	      22	      23
0	1	 2600.48	    0.00	  266.37	  199.98	   16.01	    0.00	    0.01	    0.02	   32.02	   96.11	  199.98	  477.77	  459.45	  100.00	   15.97	    0.02	    0.04	    0.00	    0.02	    0.00	    0.01	    0.11	    0.15	   29.11
0	2	 6199.52	 1171.52	    0.00	    0.00	    0.00	  226.39	  141.42	  247.46	    0.00	    0.00	    0.00	    0.00	    0.00	    0.00	    0.00	  110.28	    0.00	   35.28	    0.00	    0.02	    0.00	    0.00	    0.00	    0.00
1	0	    0.00	 1271.52	    0.00	    0.00	    0.00	  526.39	  641.34	 1047.33	    0.00	    0.00	    0.00	    0.00	    0.00	    0.00	    0.00	  610.20	    0.08	  135.26	    0.03	  299.97	    0.00	    0.02	    0.00	    0.00
1	5	 2500.48	 2728.48	  166.37	    0.00	    0.00	    0.00	    0.00	    0.00	    0.00	    0.00	    0.00	  377.77	  159.45	    0.00	    0.00	    0.00	    0.00	    0.00	    0.00	    0.00	    0.01	    0.03	    0.15	   29.11
2	0	    0.00	    0.00	  366.37	  699.98	  216.01	    0.00	    0.09	    0.15	  532.02	 1396.11	  699.98	  677.77	  959.45	  400.00	  515.97	    0.10	  399.96	    0.02	  299.99	    0.05	  100.01	  400.09	  300.15	  129.11
2	3	 4499.13	  671.32	 1933.40	    0.00	    0.00	    0.00	    0.00	    0.00	    0.00	    0.00	    0.00	 3789.69	 2455.05	    0.09	    0.00	    0.00	    0.00	    0.00	    0.00	    0.00	  203.57	    0.22	    2.20	  470.66
2	11	 1600.40	  400.21	  500.22	 1602.46	  403.96	  500.54	  710.06	 1200.00	 1399.68	  702.90	    1.00	    0.00	    0.00	    0.37	   52.61	  565.57	  198.25	  199.45	   22.55	    0.07	    0.00	    0.00	    0.00	    0.00
3	2	    0.00	    0.00	    0.00	 2502.44	  719.98	  574.15	  668.73	 1152.69	 2031.70	 2399.01	 1000.21	    0.00	    0.00	  499.92	  668.53	  655.39	  698.21	  164.19	  322.54	    0.11	    0.00	    0.03	    0.08	    0.00
3	4	 3197.66	  171.44	 1333.21	 6696.55	    0.00	    0.00	    0.00	    0.00	    0.00	    0.12	  904.61	 3189.32	 1854.74	  200.03	    0.03	    0.00	    0.00	    0.00	    0.01	    0.00	    3.58	    0.02	  199.85	  270.64
3	10	  801.47	  299.93	  400.19	 2401.02	  699.84	  599.60	    0.29	    5.92	    0.06	    0.17	    0.00	    0.37	    0.30	    0.07	    0.06	    0.21	    0.04	    0.02	    0.02	    0.03	    0.02	    0.05	    0.05	    0.03
4	3	    0.00	    0.05	    0.00	    0.00	 1919.82	 1573.74	 1069.02	 1858.61	 2731.76	 3597.37	    0.00	    0.00	    0.00	    0.00	 1167.34	 1455.59	 1197.76	  264.21	  522.04	  300.13	    0.03	  398.96	    0.00	    0.00
4	5	    0.00	    0.00	  531.80	 2137.18	 1264.32	    0.00	    0.02	    0.03	  568.12	 1303.83	  404.43	 1496.29	  534.55	  100.03	  283.43	    0.04	    0.04	    0.00	    0.06	    0.01	    0.02	    0.00	   99.85	   70.88
4	8	 2997.66	  899.76	  701.42	 4059.37	 2915.86	 1399.61	    0.02	    0.10	    0.00	    0.00	    0.18	 1493.03	 1120.19	    0.00	    0.00	    0.06	    0.00	    0.01	    0.00	    0.02	    0.00	    0.00	    0.00	  199.76
5	1	    0.00	    0.00	    0.00	    0.02	   83.99	  926.39	  841.33	 1447.31	  167.98	  503.89	    0.02	    0.00	    0.00	    0.01	   84.03	 1010.18	  200.04	  135.26	  100.01	  399.97	    0.00	   99.94	    0.00	    0.00
5	4	    0.00	  828.37	    0.00	    0.00	    0.00	 3173.35	  981.28	 1821.58	    0.00	    0.00	    0.00	    0.00	    0.00	    0.00	    0.00	 1489.94	    0.13	  203.92	    0.03	  308.58	    0.01	    0.04	    0.00	    0.00
5	7	 2200.48	 1500.11	  398.17	 1737.16	  980.33	 3500.25	    0.00	    0.00	    0.14	    0.06	    4.42	 1674.06	  494.00	    0.03	    0.00	    0.00	    0.00	    0.00	    0.00	    0.00	    0.00	    0.00	    0.00	    0.00
6	7	    0.00	    0.00	    0.00	    0.00	    0.00	    0.00	 4117.38	    0.00	    0.00	    0.00	    0.00	    0.00	    0.00	  399.81	  600.25	  456.86	  152.78	  999.43	  999.45	 2599.64	  500.01	  799.92	  299.99	  200.01
6	17	  432.85	  339.54	    9.05	  435.50	  122.24	  992.26	 7982.62	 4536.04	  831.08	    0.63	    0.13	  219.93	    0.04	    0.00	    0.00	    0.00	    0.03	    0.00	    0.00	    0.00	    0.00	    0.00	    0.00	    0.00
7	5	    0.00	    0.00	    0.00	    0.00	    0.00	    0.00	 2222.59	 4068.86	    0.00	    0.13	    0.00	    0.00	    0.00	    0.00	    0.60	 3400.08	  700.12	  439.18	  299.98	 1008.54	   99.98	  299.95	    0.00	    0.01
7	6	  932.85	  539.54	  109.05	  835.50	  322.24	 1392.26	    0.00	 5536.04	 1431.03	    2.72	    1.34	  919.64	    5.44	    0.00	    0.00	    0.00	    0.11	    0.00	    0.00	    0.00	    0.00	    0.00	    0.00	    0.00
7	8	    0.00	    0.00	    0.00	    0.00	    0.00	    0.00	  894.99	 3730.55	    0.00	    0.00	    0.00	    0.00	    0.00	    0.00	    0.00	 1325.41	    0.00	  260.30	    0.00	  691.23	    0.04	    0.00	    0.00	    0.00
7	15	  467.70	  560.61	  171.17	  678.07	  423.79	 1308.09	    0.00	 3364.54	  914.08	    0.00	    0.06	  499.94	    0.56	    0.00	    0.00	    0.00	    0.00	    0.00	    0.00	    0.00	    0.00	    0.00	    0.00	    0.00
8	4	    0.00	    0.00	    0.00	    0.00	    0.00	    0.00	  287.78	  537.16	 4099.88	 5901.08	    0.00	    0.00	    0.00	    0.00	 1650.75	  465.75	 1397.67	   60.30	  622.07	   91.59	   96.46	  598.90	    0.00	    0.00
8	7	    0.08	    0.04	   82.04	  476.41	  265.70	    0.09	    0.00	    0.00	 3144.96	 1602.41	  796.99	  345.52	  112.00	    0.00	    0.00	    0.00	    0.23	    0.00	    0.00	    0.00	    0.00	    0.00	    0.00	    0.00
8	9	 2497.58	  699.71	  519.38	 2882.96	 1850.17	  999.52	    7.29	 2393.49	 8955.16	    0.00	    0.00	  547.64	  408.33	    0.00	    0.00	    0.25	    0.00	    0.09	    0.00	    0.00	    0.00	    0.00	    0.00	    0.00
9	8	    0.00	    0.00	    0.00	    0.00	    0.00	    0.00	    0.05	    0.00	    0.00	10303.49	 2196.81	    0.13	    0.13	  600.00	 2650.75	  540.54	 2297.91	    0.08	 1022.07	    0.34	  396.42	 1298.90	  500.00	    0.24
9	10	    0.00	    0.00	    0.00	    0.00	    0.00	    0.00	  499.71	  794.08	 1713.82	 8354.35	    0.00	    0.00	    0.00	    0.00	 1328.51	 1533.65	 1902.16	  199.99	  440.08	  447.87	    1.20	  509.05	    0.00	    0.00
9	14	  799.84	   99.83	   99.98	 1098.62	  596.30	  199.65	    0.00	    0.00	 3086.35	14579.89	 1907.78	  666.07	    7.88	    0.00	    0.00	    0.00	    0.82	    0.03	    0.00	    0.00	    0.00	    0.00	    0.00	    0.00
9	15	    0.00	    0.00	   19.80	   86.48	   54.05	    0.00	    0.00	    0.00	  455.14	 8061.37	 2188.63	  178.75	    0.12	    0.00	    0.00	    0.00	    0.00	    0.00	    0.00	    0.00	    0.00	    0.00	    0.00	    0.00
9	16	  399.36	    0.02	   99.97	  499.84	  199.94	    0.04	    0.09	    0.12	  899.84	 3900.90	  999.77	  599.80	  499.84	    0.11	    0.13	    0.12	    0.00	    0.05	    0.07	    0.15	    0.05	    0.15	    0.05	    0.03
10	3	    0.00	    0.00	    0.00	    0.00	    0.00	    0.00	    0.00	    0.00	    0.00	    1.92	 3404.82	    0.00	    0.00	 1199.92	    1.27	    0.00	    0.50	    0.00	    0.52	    0.00	    0.00	    0.91	  697.78	    0.00
10	9	    1.62	    0.08	    0.37	    1.98	    0.13	    0.10	    0.00	    0.00	    0.00	    0.00	11192.99	 2897.11	 1999.64	 1126.15	    0.00	    0.00	    0.00	    0.00	    0.00	    0.00	    0.00	    0.00	  327.72	   48.92
10	11	    0.00	    0.00	    0.00	    0.00	    0.00	    0.00	    0.00	    0.00	    0.19	 3197.10	 2400.42	    0.00	    0.00	  769.03	  674.87	  133.86	  901.70	    0.02	  288.65	    0.00	    0.00	    0.05	    0.05	    0.00
10	13	  300.34	  100.03	  100.06	  999.12	  199.74	  199.57	    0.00	    0.00	  313.70	 1155.50	 5301.77	 1034.24	   78.44	    0.00	    0.00	    0.00	    0.00	    0.00	    0.00	    0.00	    0.00	    0.00	    0.00	    0.00
11	2	    0.00	    0.00	    0.00	    0.00	    0.00	    0.00	    0.00	    0.00	    0.00	    0.00	    0.77	 4667.46	 3514.50	    0.53	    0.05	    0.00	    0.00	    0.00	    0.00	    0.00	  303.57	  500.28	  402.27	  599.77
11	10	    0.49	    0.18	    0.24	    0.08	    0.03	    0.08	    0.00	    0.00	    0.00	    0.00	    0.00	 5330.99	 3077.78	    0.00	    0.00	    0.00	    0.00	    0.00	    0.00	    0.00	    0.04	    0.00	    0.00	    0.16
11	12	 1399.91	  300.02	  299.98	 1002.37	  203.94	  300.46	   10.14	  600.00	  799.86	 1900.00	 1000.65	 3901.56	    0.00	   69.01	   27.43	    0.62	  499.95	    0.04	   11.20	    0.00	    0.00	    0.00	    0.00	    0.00
12	11	    0.00	    0.00	    0.00	    0.00	    0.00	    0.00	    0.08	    0.00	    0.00	    0.00	    0.00	    0.00	 7892.28	    0.14	    0.00	    1.19	    0.00	    0.57	    0.00	  499.93	  603.62	 1200.23	 1102.22	 1099.93
12	23	  899.91	    0.02	  199.98	  402.37	    3.94	  100.46	    0.00	    0.00	  199.86	    0.00	    0.65	 2601.56	 6707.72	    0.00	    0.00	    0.00	    0.00	    0.00	    0.00	    0.00	    0.00	    0.00	    0.00	    0.00
13	10	    0.00	    0.00	    0.00	    0.00	    0.00	    0.00	    0.00	    0.00	    0.00	    0.00	    0.00	    0.00	    0.00	 4695.04	  747.57	    0.00	    0.00	    0.01	  249.07	  152.10	  398.73	  591.86	 2325.49	  648.74
13	14	    0.25	    0.03	    0.04	    0.28	    0.05	    0.03	    0.00	    0.00	    0.00	    0.00	  987.91	  334.00	  113.80	 6205.39	    0.00	    0.00	    0.00	    0.00	    0.00	    0.00	    0.00	    0.00	 1241.45	  147.45
13	22	    0.10	    0.01	    0.03	  498.86	   99.69	   99.55	    0.00	    0.00	  196.79	  821.50	 2713.93	    0.27	    0.42	 3199.57	  447.59	    0.00	  227.51	    0.00	  138.96	    0.00	    0.00	    0.00	    0.00	    0.00
14	9	    0.00	    0.00	    0.00	    0.00	    0.00	    0.00	    0.08	    0.00	    0.00	    0.00	    0.00	    0.00	    0.00	 1573.96	 7979.39	    0.30	    0.00	    0.08	 3262.02	 1625.88	 1597.68	 4408.10	 1972.34	  751.34
14	13	    0.00	    0.00	    0.00	    0.00	    0.00	    0.00	  199.48	  398.96	  483.10	 1766.01	    0.07	    0.00	    0.00	    0.00	 2495.16	  698.81	  927.51	   99.74	  688.02	  650.75	    0.46	  671.03	    0.00	    0.00
14	18	  300.08	    0.06	    0.02	  200.14	  100.02	    0.09	    0.02	    0.03	  400.13	 3235.45	  810.08	  300.14	  288.11	 2895.33	 5900.12	    0.06	    0.42	    0.03	    0.00	    0.05	  623.85	 2899.80	  899.94	  285.37
14	21	    0.00	    0.00	    0.00	  398.76	  296.33	    0.00	    0.00	    0.00	 1303.12	 5578.44	  685.54	    0.00	    0.00	  436.09	 5025.33	    0.24	 2415.60	  299.99	 2095.35	    0.00	    0.00	    0.00	    0.00	    0.00
15	7	    0.00	    0.00	    0.00	    0.00	    0.00	    0.00	    0.20	    0.00	    0.00	    0.38	    0.00	    0.00	    0.00	    0.16	    0.34	 6468.63	 1947.22	    0.05	    0.53	    0.12	    0.02	    0.03	    0.01	    0.01
15	9	    0.00	    0.05	    0.00	    0.00	    0.00	    0.07	 2392.49	    0.71	    0.00	    0.00	    0.00	    0.00	    0.00	    0.00	    0.00	 6473.57	    0.58	  899.97	    0.20	 1322.47	    0.00	    0.00	    0.00	    0.00
15	16	    0.57	  200.01	    0.01	    0.06	    0.05	  500.04	 1000.13	 1400.31	    0.12	    0.52	    0.09	    0.05	    0.00	    0.00	    0.00	 5799.97	    0.00	  900.04	    0.00	 1509.22	  306.73	    0.11	    0.04	  103.83
15	17	    0.04	    0.02	    0.00	    0.04	    0.01	    0.07	    0.00	    0.34	    0.21	 3662.42	  789.00	    0.10	    0.01	    0.03	    0.15	 7357.82	 3872.78	    0.00	    0.15	    0.00	    0.00	    0.00	    0.00	    0.00
16	9	    0.00	    0.00	    0.00	    0.00	    0.00	    0.00	    0.00	    0.00	    0.00	    0.00	    0.00	    0.00	    0.00	    0.00	    0.00	    0.18	 8100.31	    0.00	    0.00	    0.00	    0.00	    0.00	    0.00	    0.00
16	15	    0.00	    0.00	    0.00	    0.00	    0.00	    0.00	    0.00	    0.00	    0.00	    1.57	    0.28	    0.00	    0.00	  668.56	 1146.98	    0.00	 8620.47	    0.00	 1242.99	    0.00	    0.05	    0.11	    0.05	    0.03
16	18	    0.03	    0.03	    0.00	    0.02	    0.02	    0.09	    0.21	    0.43	    0.06	    0.28	    0.00	    0.00	    0.00	    0.00	    0.00	 2999.91	 6679.22	  300.09	    0.00	    0.00	    0.00	    0.00	    0.00	    0.00
17	6	    0.00	    0.00	    0.00	    0.00	    0.00	    0.00	    0.00	    0.00	    0.05	 1897.90	  498.79	    0.29	  394.60	  599.81	 1100.25	 1856.86	 1152.69	 1199.43	 1399.45	 3099.64	  700.01	 1299.92	  499.99	  300.01
17	15	   32.91	   39.47	    9.05	   35.55	   22.22	   92.10	 4792.82	  236.82	   31.11	    0.38	    0.12	   21.47	  599.33	   31.63	   53.51	    0.00	    0.12	 2300.06	   57.89	 4431.81	  906.69	 1200.03	  500.01	  403.81
17	19	  299.99	  300.08	    0.00	  299.99	  100.03	  800.23	 2989.80	 3999.57	  600.13	 1064.98	  190.23	    0.04	    0.00	    0.00	    0.00	 5000.96	 2120.14	 1300.51	    0.00	    0.00	    0.00	    0.00	    0.00	    0.00
18	14	    0.00	    0.21	    0.00	    0.00	    0.00	    0.42	  699.41	  998.91	    0.00	    0.00	    0.00	    0.00	    0.00	    0.00	    0.00	 1899.25	 4842.71	  599.74	 6845.39	 3375.85	    0.16	    0.39	    0.16	    0.07
18	16	    0.10	    0.00	    0.02	    0.12	    0.02	    0.00	    0.00	    0.00	    0.10	    0.44	    0.42	    0.14	    0.16	 1368.46	 2646.85	    0.00	    0.00	    0.00	 2942.92	  190.64	  293.27	 1699.85	  599.95	  196.17
18	19	    0.02	    0.00	    0.00	    0.04	    0.02	    0.03	    0.00	    0.00	    0.10	 1435.29	  409.67	    0.00	    0.00	 1226.89	 2453.26	    0.00	  136.93	    0.01	 3011.69	    0.00	    0.00	    0.00	    0.00	    0.00
19	17	    0.00	    0.00	    0.00	    0.00	    0.00	    0.00	    0.00	    0.00	    0.00	    0.21	    0.01	    1.77	 1093.88	  731.41	 1353.61	    0.00	    0.14	    0.00	 1757.19	 7931.45	 1706.70	 2799.95	 1100.00	  703.82
19	18	    0.00	  100.12	    0.00	    0.00	    0.00	  200.26	 1099.18	 1698.45	    0.00	    0.00	    0.00	    0.00	   12.06	    0.01	    0.00	  199.28	    0.00	  599.63	    0.00	 4766.43	   69.58	    0.44	    0.18	   10.87
19	20	    0.00	    0.00	    0.00	    0.01	    0.03	  100.00	  690.27	  600.46	    0.08	    0.05	    0.02	    0.01	    0.03	    0.02	    0.03	 1501.32	  556.68	  200.66	   54.60	 2701.18	    0.00	    0.08	    0.03	    0.02
19	21	    0.00	   99.96	    0.00	    0.02	    0.01	  199.98	  700.35	  800.66	    0.15	    0.22	    0.05	    0.00	    0.00	    0.00	    0.17	 1700.36	    0.32	  100.22	    0.08	 3100.93	    0.18	    0.00	    0.00	    0.00
20	19	    0.00	    0.00	    0.00	    0.00	    0.00	    0.00	    0.00	    0.00	    0.00	    0.11	    0.03	  401.66	 1705.78	    0.08	    0.17	    0.00	    0.07	    0.00	    0.18	    0.00	 2976.46	    0.24	    3.32	 1114.40
20	21	  259.09	    0.02	   64.77	    0.60	    0.00	    0.03	    0.12	    0.13	    0.00	    0.00	    0.00	  453.40	 1448.98	    0.00	    0.00	    0.30	    0.00	    0.02	    0.00	    0.68	 4824.96	    0.00	    0.00	 1606.26
20	23	    0.00	    0.00	    0.00	    0.00	    0.00	    0.02	  490.17	  200.35	    0.13	  478.38	    0.00	    0.00	    0.00	    0.00	  666.94	  901.15	  216.60	  100.65	  245.59	 1500.58	 3198.58	 2305.49	    0.00	    0.00
21	14	    0.00	    0.00	    0.00	    0.00	    0.00	    0.00	    0.17	    0.08	    0.00	    0.00	    0.00	    0.07	  866.43	    0.00	    0.00	    0.16	    0.00	    0.07	    0.00	    0.83	 3021.83	10578.54	 2630.66	 1289.20
21	19	    0.00	    0.00	    0.00	    0.00	    0.00	    0.00	    0.00	    0.00	    0.00	    0.10	    0.15	    0.08	    0.18	    4.47	    0.38	    0.00	    0.00	    0.00	    0.00	    0.00	    0.00	 5200.23	 1796.88	    0.31
21	20	    0.01	    0.00	    0.00	    0.03	   96.39	    0.01	    0.01	    0.03	  300.04	 1678.43	    1.80	    0.04	    0.08	    1.14	 1467.08	    0.12	  260.00	    0.01	  591.17	    0.08	    0.00	 4105.66	    1.14	    0.06
21	22	    0.00	    0.00	    0.00	    0.00	    0.00	    0.01	  200.29	  300.68	  303.23	 1300.12	    0.00	    0.00	    0.00	    0.00	  958.04	  500.61	  455.93	  100.15	  304.27	  700.71	    3.31	 4515.57	    0.00	    0.00
22	13	    0.01	    0.00	    0.00	    0.02	    0.00	    0.00	    0.52	    1.04	    0.00	    0.00	    0.00	    0.03	  635.78	    0.00	    0.00	    1.19	    0.00	    0.27	    0.01	    1.36	  798.28	 1120.83	 4666.94	 1196.19
22	21	  140.93	    0.02	   35.23	    0.65	    0.05	    0.00	    0.00	    0.00	    0.00	    0.00	  416.36	  246.78	  717.70	  769.51	    0.00	    0.00	    0.00	    0.00	    0.00	    0.00	    0.00	    0.00	 6528.69	  783.31
22	23	    0.00	    0.00	    0.00	    0.03	    0.00	    0.01	    0.01	    0.03	    0.02	  321.62	  997.62	    0.00	    0.00	 1330.07	  405.75	    0.07	   83.52	    0.00	  143.25	    0.17	    0.06	 1295.26	 3304.37	    0.00
23	12	    0.00	    0.00	    0.00	    0.00	    0.00	    0.00	  389.94	    0.00	    0.00	    0.00	    0.00	    0.00	    0.00	  531.14	  672.57	  600.57	    0.05	  100.53	  288.80	 1099.93	 1203.62	 2500.23	 1902.22	 1799.93
23	20	  359.07	    0.01	   64.77	  200.57	    3.58	    0.04	    0.00	    0.00	    0.01	    0.00	  398.21	 1155.01	 3754.67	  398.93	    0.00	    0.00	    0.00	    0.00	    0.00	    0.00	    0.00	    0.00	  702.15	 3220.57
23	22	  440.84	    0.01	  135.21	    1.83	    0.36	    0.45	    0.24	    0.38	    0.00	    0.00	    0.05	  946.55	 2153.06	    0.00	    0.13	    0.64	    0.08	    0.12	    0.04	    0.82	 1495.02	    0.51	    0.00	 2679.50
