i	j	o1d14l27
0	1	 4400.26
0	2	 8023.43
1	0	 4424.23
1	5	 5966.60
2	0	 7999.46
2	3	14021.22
2	11	10035.02
3	2	14043.46
3	4	18019.00
3	10	 5208.16
4	3	18041.70
4	5	 8796.26
4	8	15784.76
5	1	 5990.57
5	4	 8804.09
5	7	12495.38
6	7	12110.20
6	17	15890.80
7	5	12527.17
7	6	12051.61
7	8	 6886.24
7	15	 8386.73
8	4	15799.63
8	7	 6842.38
8	9	21740.62
9	8	21811.63
9	10	17725.88
9	14	23119.96
9	15	11049.97
9	16	 8100.57
10	3	 5307.71
10	9	17603.67
10	11	 8366.43
10	13	 9775.50
11	2	 9988.80
11	10	 8404.69
11	12	12302.73
12	11	12394.78
12	23	11118.63
13	10	 9814.57
13	14	 9037.19
13	22	 8395.67
14	9	23186.50
14	13	 9080.88
14	18	19168.25
14	21	18403.33
15	7	 8403.79
15	9	11076.46
15	16	11692.17
15	17	15290.25
16	9	 8100.78
16	15	11681.37
16	18	 9954.12
17	6	15949.40
17	15	15344.59
17	19	19080.68
18	14	19202.73
18	16	 9943.53
18	19	 8689.84
19	17	19093.61
19	18	 8713.73
19	20	 6306.38
19	21	 7003.47
20	19	 6244.05
20	21	 8616.49
20	23	10307.36
21	14	18379.08
21	19	 7002.62
21	20	 8603.70
21	22	 9659.63
22	13	 8391.06
22	21	 9621.75
22	23	 7900.28
23	12	11110.67
23	20	10257.81
23	22	 7857.78
