i	j	o15d14l55
0	1	 4495.57
0	2	 8120.32
1	0	 4521.12
1	5	 5968.63
2	0	 8094.77
2	3	14019.89
2	11	10036.58
3	2	14039.55
3	4	18015.03
3	10	 5209.83
4	3	18036.95
4	5	 8795.52
4	8	15786.81
5	1	 5994.19
5	4	 8805.12
5	7	12491.27
6	7	12104.23
6	17	15796.43
7	5	12526.42
7	6	12041.24
7	8	 6881.68
7	15	 8388.55
8	4	15799.14
8	7	 6838.44
8	9	21749.60
9	8	21818.69
9	10	17727.22
9	14	23127.73
9	15	11045.89
9	16	 8100.36
10	3	 5307.56
10	9	17602.90
10	11	 8366.85
10	13	 9778.23
11	2	 9991.37
11	10	 8402.07
11	12	12302.32
12	11	12392.33
12	23	11120.45
13	10	 9816.42
13	14	 9039.44
13	22	 8397.66
14	9	23195.80
14	13	 9081.93
14	18	19084.81
14	21	18404.94
15	7	 8403.95
15	9	11071.19
15	16	11689.05
15	17	15287.13
16	9	 8100.39
16	15	11677.60
16	18	 9952.47
17	6	15859.42
17	15	15339.28
17	19	18988.15
18	14	19119.42
18	16	 9941.05
18	19	 8683.84
19	17	19003.29
19	18	 8707.01
19	20	 6305.22
19	21	 7000.82
20	19	 6242.66
20	21	 8618.54
20	23	10304.38
21	14	18380.90
21	19	 7001.70
21	20	 8604.25
21	22	 9661.55
22	13	 8393.36
22	21	 9624.11
22	23	 7903.58
23	12	11110.47
23	20	10256.11
23	22	 7861.84
