i	j	       0	       1	       2	       3	       4	       5	       6	       7	       8	       9	      10	      11	      12	      13	      14	      15	      16	      17	      18	      19	      20	      21	      22	      23
0	1	 1786.64	 4182.84	   32.53	 1751.71	    5.06	 3035.93	 1079.45	    0.00	 2158.88	  539.72	   10.12	   32.53	 2121.55	    5.06	    0.00	 1484.24	    0.00	  287.84	    0.00	  625.16	    0.00	  319.35	    0.00	    0.00
0	2	 2830.49	 2054.54	  853.17	 1845.45	    0.00	  668.16	  297.34	   54.95	  111.05	  202.40	    0.00	    0.00	  607.19	    0.00	  563.61	 1011.98	    0.00	  223.96	    0.00	  358.90	    0.00	  383.22	    0.00	    0.00
1	0	  170.13	 1301.38	    0.00	  102.66	  237.59	 1631.50	  527.47	  315.22	  909.32	  269.86	    0.00	  368.89	  472.96	    0.00	    0.00	  431.83	  130.14	   39.16	   82.42	  171.69	    0.00	  117.68	    0.00	   57.55
1	5	  134.93	    0.00	    0.00	    0.00	  472.26	    0.00	 1079.45	 1686.64	 4520.18	 1619.16	    0.00	 1448.52	 2734.33	    0.00	    0.00	 1178.65	    0.00	  295.91	    0.00	  565.77	    0.00	  462.76	    0.00	  322.13
2	0	   10.98	    0.00	   65.07	  227.74	  216.04	    0.00	  269.86	  483.24	  162.67	  895.20	 1465.62	  952.83	 2227.61	  159.15	  162.67	  663.81	    0.00	   83.74	   15.18	  218.68	   32.53	  419.36	  300.00	  213.95
2	3	 1517.70	  927.80	  807.72	    0.00	    0.00	    0.00	  337.33	  419.56	    0.00	  404.79	 1094.21	  270.40	 1204.79	  592.42	 2173.66	 2361.29	    0.00	  657.52	    0.00	  927.38	   65.07	  894.19	  100.00	   65.07
2	11	 1280.26	  537.33	  806.73	  628.28	  135.20	  157.61	  560.31	  544.42	    0.00	    0.00	  753.55	    0.00	    0.00	  580.92	  696.91	    0.00	 2818.71	 5344.58	 1547.69	    0.00	  596.36	    0.00	    0.00	    0.00
3	2	    0.00	  173.27	  712.99	  921.09	  237.86	   35.43	  850.08	  842.11	  195.21	   80.98	 1243.51	    0.00	    0.00	  982.85	 1239.99	   10.12	    5.06	 3030.41	 2762.56	 3705.07	 2499.71	 2299.34	    0.00	    0.00
3	4	 1376.99	  742.57	  420.09	 2756.74	  359.29	    0.00	  944.51	 1371.27	    0.00	    0.00	 2006.20	  458.03	   65.07	  145.51	    0.00	    0.00	    0.00	  573.61	    0.00	  978.40	    0.00	  601.99	  167.47	 2120.11
3	10	   65.88	    0.00	    0.00	   96.16	  973.29	   25.31	  431.27	 1576.59	    0.00	    0.00	 2386.16	  878.64	    0.00	  338.92	    0.00	    0.00	    0.00	    0.00	    0.00	    0.00	    0.00	    0.00	    0.00	 1079.45
4	3	  134.93	    0.00	    0.00	    0.00	  903.16	  190.87	  170.63	  973.25	 1030.14	  471.39	    0.00	  269.86	    0.00	    0.00	   25.31	  270.40	  167.73	   32.53	   65.07	   97.60	    0.00	   20.24	    0.00	  539.71
4	5	  348.79	   20.24	   15.18	  286.39	  478.66	 2513.52	    0.00	    0.00	 2108.72	    0.00	    0.00	  966.46	 1017.45	    0.00	    0.00	 1087.55	    0.00	  151.34	    0.00	  623.60	    0.00	  291.68	   67.47	  232.53
4	8	 1587.47	  689.79	  372.37	 2684.13	 2193.60	 2372.37	    0.00	    0.00	 1274.96	    0.00	    0.00	  396.35	  743.68	    0.00	    0.00	  371.71	    0.00	    0.00	    0.00	   46.40	    0.00	    0.00	    0.00	   79.48
5	1	   67.47	    0.00	    0.00	    0.00	  297.33	  447.53	  255.21	  782.68	  200.00	  195.21	   54.95	   67.47	    0.00	   27.47	   32.53	  292.81	  465.06	   32.53	  114.95	  130.14	    0.00	   32.53	    0.00	    0.00
5	4	   10.98	    0.00	    0.00	    0.00	  348.30	  948.56	  287.68	  929.02	    0.00	    0.00	  805.07	  191.41	    0.00	   56.48	    0.00	  433.07	  597.10	   32.53	   82.42	  130.14	    0.00	    0.00	    0.00	    0.00
5	7	    0.00	   82.17	  419.49	    0.00	    0.00	 1076.53	  347.07	  399.83	    0.00	    0.00	  939.56	    0.00	    0.00	  689.36	  916.12	    0.00	  270.13	    0.00	 2212.67	    0.00	  911.10	    0.00	    0.00	    0.00
6	7	    0.00	    0.00	    0.00	    0.00	  269.85	    0.00	 1098.40	  458.95	    0.00	    0.00	  796.28	    0.00	  260.28	  135.09	    0.28	    0.00	   83.06	  205.33	  472.57	  650.69	  162.67	  260.28	  332.53	   97.60
6	17	    0.00	   24.75	   92.22	    5.06	    0.00	  155.44	 3094.83	 1120.91	   10.12	    0.00	  177.64	    0.00	    0.00	   92.22	  139.34	    0.00	  674.65	    0.00	  299.02	    0.00	  173.23	    0.00	    0.00	    0.00
7	5	   82.42	  109.89	   82.42	  109.89	  284.81	    0.00	  643.33	 1391.57	  195.21	  455.48	  544.68	   54.95	   65.07	  127.47	   97.60	 1018.69	 1224.83	   97.60	  464.83	  357.88	   32.53	   97.60	   32.53	   32.53
7	6	    0.16	    0.06	  202.43	   25.31	   10.12	  285.58	    0.00	 1336.08	   40.49	   96.16	  227.70	    0.00	    0.00	  269.86	  211.68	    0.00	 1754.10	    0.00	  683.93	    0.00	  462.98	    0.00	    0.00	    0.00
7	8	    0.00	    0.00	    0.00	    0.00	   67.47	  134.93	   30.37	  381.74	    0.00	    0.00	    0.00	    0.00	    0.00	    0.00	    0.00	    0.00	  337.33	   10.12	   67.47	    0.00	    0.00	    0.00	    0.00	    0.00
7	15	    0.00	    0.00	    0.00	    0.00	  269.86	  530.67	    0.00	 2548.52	    0.00	    0.00	  269.85	    0.00	    0.00	   67.46	    0.00	    0.00	  539.72	    0.00	  202.40	    0.00	    0.00	    0.00	    0.00	    0.00
8	4	    0.00	    0.00	    0.00	    0.00	  202.40	    0.00	    0.00	    0.00	  818.15	  796.74	    0.00	   67.46	    0.00	    0.00	   90.37	    0.00	  242.88	    0.00	   15.18	    0.00	   32.53	   85.31	    0.00	    0.00
8	7	  357.54	  240.09	  147.52	  377.63	  337.37	  322.64	    0.00	    0.00	  683.68	  248.00	   86.04	   83.14	  134.93	    0.00	    0.00	    0.00	  134.93	    0.00	    0.00	    0.00	    0.00	    0.00	    0.00	    0.00
8	9	  769.25	  384.63	  192.31	 1983.15	 1028.09	  562.48	    0.00	  121.47	 4091.38	    0.00	    0.00	    0.00	    0.00	    0.00	    0.00	    0.00	    0.00	    0.00	    0.00	    0.00	    0.00	    0.00	    0.00	    0.00
9	8	    0.00	    0.00	    0.00	    0.00	    0.00	    0.00	  164.84	    0.00	    0.00	 1955.69	  541.52	  225.57	  195.21	  195.21	  415.72	  455.48	  333.30	   54.95	  145.32	  195.21	  130.14	  313.05	  500.00	   65.07
9	10	    0.00	    0.00	    0.00	  521.99	  192.31	  164.84	  354.98	  425.11	 1178.47	 4187.53	    0.00	    0.00	    0.00	    0.00	    0.00	  903.01	  548.02	  120.02	    0.00	  164.84	    0.00	    0.00	    0.00	    0.00
9	14	    0.00	    0.00	    0.00	  373.06	  172.79	  137.37	    0.00	    0.00	  759.14	 3106.69	    0.00	    0.00	    0.00	    0.00	    0.00	    0.00	    0.00	    0.00	    0.00	    0.00	    0.00	    0.00	    0.00	    0.00
9	15	  412.10	  219.79	  109.89	  631.89	  302.21	    0.00	    0.00	    0.00	 1126.40	 5000.14	 1208.82	  824.20	  164.84	    0.00	    0.00	    0.00	    0.00	    0.00	    0.00	    0.00	    0.00	    0.00	    0.00	    0.00
9	16	   20.24	   10.12	    5.06	   65.79	   35.43	    0.00	    0.00	    0.00	  116.41	  455.50	  126.53	   30.37	    0.00	    0.00	    0.00	    0.00	    0.00	    0.00	    0.00	    0.00	    0.00	    0.00	    0.00	    0.00
10	3	    0.00	    0.00	    0.00	    0.00	    0.00	    0.00	    0.00	    0.00	    0.00	    0.00	  650.69	    0.00	    0.00	  195.21	  137.37	    0.00	    0.00	    0.00	    0.00	    0.00	    0.00	  109.89	  567.47	    0.00
10	9	   86.04	   40.49	   20.24	    0.00	    0.00	    0.00	    0.00	    0.00	    0.00	    0.00	 3145.72	 1730.83	  978.20	  741.78	    0.00	    0.00	    0.00	    0.00	    0.00	    0.00	    0.00	    0.00	 1551.71	    0.00
10	11	    0.00	    0.00	    0.00	    0.00	    0.00	    0.00	  192.31	  164.84	  390.41	 1708.41	 1051.22	    0.00	    0.00	  362.94	    0.00	  447.53	  222.68	   54.95	    0.00	    0.00	    0.00	    0.00	    0.00	    0.00
10	13	  317.39	   87.48	   60.01	  162.67	   60.01	   60.01	    0.00	    0.00	  332.57	 1177.74	 2407.55	  502.47	    0.00	    0.00	    0.00	    0.00	    0.00	    0.00	    0.00	    0.00	    0.00	    0.00	    0.00	    0.00
11	2	    0.00	    0.00	    0.00	    0.00	    0.00	    0.00	    0.00	    0.00	    0.00	  439.57	  270.40	  433.07	  553.08	  135.20	  195.21	   54.95	   27.47	    0.00	   15.18	    0.00	   97.60	  162.67	  500.00	   97.60
11	10	  566.10	  193.04	  177.86	    0.00	    0.00	    0.00	    0.00	    0.00	    0.00	    0.00	    0.00	 2688.78	 1303.54	    0.00	    0.00	    0.00	    0.00	    0.00	    0.00	    0.00	    0.00	    0.00	    0.00	    0.00
11	12	  649.09	  203.10	  117.82	  433.07	   70.13	   92.54	    0.00	   30.37	  195.21	  618.15	  325.34	 1400.43	    0.00	    0.00	    0.00	  164.84	    0.00	    0.00	    0.00	    0.00	    0.00	    0.00	    0.00	    0.00
12	11	    0.00	    0.00	    0.00	    0.00	    0.00	    0.00	    0.00	    0.00	    0.00	    0.00	    0.00	    0.00	 2279.58	    0.00	  422.95	    0.00	    0.00	   10.12	  112.79	  162.67	  195.21	  390.41	 1200.00	  260.28
12	23	  486.42	  105.49	   85.28	  237.86	    5.06	   27.47	    0.00	    0.00	    0.00	    0.00	    0.00	  977.48	 2470.45	    0.00	    0.00	    0.00	    0.00	    0.00	    0.00	    0.00	    0.00	    0.00	    0.00	    0.00
13	10	    0.00	    0.00	    0.00	    0.00	    0.00	    0.00	    0.00	    0.00	    0.00	    0.00	    0.00	    0.00	    0.00	 1820.48	  592.85	    0.00	    0.00	    0.00	  130.14	   30.37	  130.14	  467.77	 3419.17	  195.21
13	14	  219.79	   54.95	   27.47	    0.00	    0.00	    0.00	    0.00	    0.00	    0.00	    0.00	 1138.70	  274.73	    0.00	 1953.52	    0.00	    0.00	    0.00	    0.00	    0.00	    0.00	    0.00	    0.00	    0.00	    0.00
13	22	    0.00	    0.00	    0.00	    0.00	   27.47	   27.47	    0.00	    0.00	  137.37	  494.52	  748.29	    0.00	    0.00	  813.36	    0.00	    0.00	    0.00	    0.00	    0.00	    0.00	    0.00	    0.00	    0.00	    0.00
14	9	    0.00	    0.00	    0.00	    0.00	    0.00	    0.00	    0.00	    0.00	    0.00	    0.00	    0.00	    0.00	    0.00	  136.65	 1717.09	    0.00	    0.00	    0.00	  126.53	  156.90	  520.55	 1158.95	  748.29	  325.34
14	13	    0.00	    0.00	    0.00	    0.00	    0.00	    0.00	   65.07	  130.14	    0.00	    0.00	    0.00	    0.00	    0.00	    0.00	 1015.80	  227.74	  227.74	   32.53	  227.74	  193.04	    0.00	  858.18	    0.00	    0.00
14	18	   97.60	   32.53	    0.00	   25.31	   10.12	    0.00	    0.00	    0.00	   50.61	  217.63	  325.34	   97.60	  260.28	 1003.51	 2017.13	    0.00	    0.00	    0.00	    0.00	    0.00	  490.18	 1273.18	 1374.69	  212.56
14	21	    0.00	    0.00	    0.00	  185.08	   97.60	   82.42	    0.00	    0.00	  415.72	 1587.68	  357.88	    0.00	    0.00	  390.41	 2212.34	  714.31	 1203.77	    0.00	  861.08	    0.00	    0.00	    0.00	    0.00	    0.00
15	7	    0.00	    0.00	    0.00	    0.00	    0.00	    0.00	    0.00	    0.00	    0.00	  824.20	  384.63	  219.79	    0.00	  189.99	  292.52	 1734.45	 1005.67	    0.00	  489.87	    0.00	    0.00	    0.00	    0.00	    0.00
15	9	    0.00	    0.00	    0.00	    0.00	    0.00	    0.00	 1137.98	  824.20	    0.00	    0.00	    0.00	    0.00	    0.00	    0.00	    0.00	 2790.00	 1785.76	  402.70	  604.41	 1016.51	    0.00	    0.00	    0.00	    0.00
15	16	  109.89	   54.95	   27.47	  192.31	   82.42	  237.86	  627.55	 1008.57	  357.15	 1565.98	  274.73	  164.84	    0.00	    0.00	    0.00	 2666.37	    0.00	  360.05	    0.00	    0.00	    0.00	    0.00	    0.00	    0.00
15	17	  164.84	   54.95	   27.47	  219.79	   82.42	    0.00	    0.00	    0.00	  384.63	 1436.57	  169.90	  247.26	    0.00	   82.42	  192.31	 1300.66	  520.55	    0.00	  192.31	    0.00	    0.00	    0.00	    0.00	    0.00
16	9	    0.00	    0.00	    0.00	    0.00	    0.00	    0.00	    0.00	    0.00	    0.00	    0.00	    0.00	    0.00	    0.00	    0.00	    0.00	    0.00	  364.40	    0.00	    0.00	    0.00	    0.00	    0.00	    0.00	    0.00
16	15	    0.00	    0.00	    0.00	   40.49	   25.31	    0.00	    0.00	    0.00	   70.86	  258.12	   75.92	    0.00	    0.00	  500.15	  875.25	    0.00	 4222.95	    0.00	 1709.54	    0.00	  164.84	  329.68	  474.69	   82.42
16	18	    0.00	    0.00	    0.00	   54.95	   27.47	   75.19	  302.21	  553.08	  109.89	  494.52	    0.00	    0.00	    0.00	    0.00	    0.00	 1755.41	 3025.70	  164.84	    0.00	    0.00	    0.00	    0.00	    0.00	    0.00
17	6	  162.51	   65.01	   32.50	  109.89	   54.95	    0.00	    0.00	    0.00	  164.84	  521.99	  137.37	  227.74	  390.41	   65.23	  162.96	  455.48	  325.34	  270.40	  130.45	  813.36	  227.74	  422.95	  532.53	  130.14
17	15	   25.31	   20.24	   10.12	    0.00	    0.00	    0.00	 2221.01	    0.00	    0.00	    0.00	    0.00	   35.43	   30.37	    0.00	    0.00	    0.00	    0.00	  925.42	    0.00	 1537.06	   30.37	   60.73	   25.31	   15.18
17	19	    0.00	    0.00	    0.00	   82.42	   27.47	  122.91	  673.83	  913.13	  164.84	  686.83	    0.00	    0.00	    0.00	    0.00	    0.00	  682.51	    0.00	  365.83	    0.00	    0.00	    0.00	    0.00	    0.00	    0.00
18	14	    0.00	    0.00	    0.00	    0.00	    0.00	   10.12	  227.74	  325.34	    0.00	    0.00	    0.00	    0.00	    0.00	    0.00	    0.00	 1332.46	 1919.53	   97.60	 1475.62	  707.81	    0.00	    0.00	    0.00	    0.00
18	16	    0.00	    0.00	    0.00	    0.00	    0.00	    0.00	    0.00	    0.00	    0.00	    0.00	    0.00	    0.00	  162.67	  727.89	 1363.27	    0.00	    0.00	    0.00	 2262.62	  553.08	  360.05	  882.76	 1074.69	  180.02
18	19	    0.00	    0.00	    0.00	   15.18	    5.06	    0.00	    0.00	    0.00	   30.37	  126.53	  195.21	    0.00	    0.00	  178.01	  393.59	    0.00	  553.08	    0.00	  426.16	    0.00	    0.00	    0.00	    0.00	    0.00
19	17	   55.51	   30.30	   15.15	    0.00	    0.00	    0.00	    0.00	    0.00	    0.00	    0.00	    0.00	   80.98	  453.31	   15.34	   35.71	    0.00	    0.00	    0.00	   35.74	 2480.56	  290.64	  581.28	  657.84	  145.32
19	18	    0.00	    0.00	    0.00	    0.00	    0.00	    0.00	   55.67	    0.00	    0.00	    0.00	    0.00	    0.00	    0.00	    0.00	    0.00	    0.00	    0.00	   30.37	    0.00	 1651.31	    0.00	    0.00	    0.00	    0.00
19	20	    0.00	    0.00	    0.00	    0.00	    0.00	   10.12	  227.74	  360.05	    0.00	    0.00	    0.00	    0.00	    0.00	    0.00	    0.00	   75.92	    0.00	   75.19	    0.00	  878.43	    0.00	    0.00	    0.00	    0.00
19	21	    0.00	    0.00	    0.00	    0.00	    0.00	   15.18	  227.74	  260.28	    0.00	    0.00	    0.00	    0.00	    0.00	    0.00	    0.00	   86.04	    0.00	  130.14	    0.00	 1008.57	    0.00	    0.00	    0.00	    0.00
20	19	  153.12	   62.84	   15.15	    0.00	    0.00	    0.00	    0.00	    0.00	    0.00	    0.00	    0.00	  211.12	  648.52	    0.00	    0.00	    0.00	    0.00	    0.00	    0.00	    0.00	  681.05	    0.00	    0.00	  275.46
20	21	  170.63	   42.66	   37.60	    0.00	    0.00	    0.00	    0.00	    0.00	    0.00	    0.00	    0.00	  278.35	  910.96	    0.00	    0.00	    0.00	    0.00	    0.00	    0.00	    0.00	 1856.63	    0.00	    0.00	 1025.92
20	23	    0.00	    0.00	    0.00	    0.00	    0.00	    5.06	  162.67	  229.91	   65.07	  260.28	    0.00	    0.00	    0.00	    0.00	  780.83	  127.97	  260.28	   42.66	  242.92	  488.02	 1041.10	 1171.24	    0.00	    0.00
21	14	   40.49	   10.12	    5.06	    0.00	    0.00	    0.00	    0.00	    0.00	    0.00	    0.00	    0.00	   50.61	  488.02	    0.00	    0.00	    0.00	    0.00	    0.00	    0.00	    0.00	 1271.01	 4136.20	 3122.99	  668.04
21	19	    0.00	    0.00	    0.00	    0.00	    0.00	    0.00	    0.00	    0.00	    0.00	    0.00	    0.00	    0.00	    0.00	    0.00	    0.00	    0.00	    0.00	    0.00	    0.00	    0.00	    0.00	 1362.11	 1357.84	    0.00
21	20	    0.00	    0.00	    0.00	   54.95	   32.53	   27.47	    0.00	    0.00	  162.67	  650.69	    0.00	    0.00	    0.00	    0.00	 1041.10	  247.26	  455.48	    0.00	  373.06	    0.00	    0.00	 1756.86	    0.00	    0.00
21	22	    0.00	    0.00	    0.00	    0.00	    0.00	    5.06	   65.07	   97.60	   25.31	   91.10	    0.00	    0.00	    0.00	    0.00	  325.34	  162.67	  195.21	   32.53	   97.60	  227.74	    0.00	  683.22	    0.00	    0.00
22	13	    0.00	    0.00	    0.00	    0.00	    0.00	    0.00	    0.00	    0.00	    0.00	    0.00	    0.00	    0.00	  195.21	    0.00	    0.00	    0.00	    0.00	    0.00	    0.00	    0.00	  260.28	    0.00	 4519.17	  325.34
22	21	    0.00	    0.00	    0.00	    0.00	    0.00	    0.00	    0.00	    0.00	    0.00	    0.00	    0.00	    0.00	    0.00	    0.00	    0.00	    0.00	    0.00	    0.00	    0.00	    0.00	    0.00	    0.00	 6580.83	    0.00
22	23	    0.00	    0.00	    0.00	    0.00	    0.00	    0.00	    0.00	    0.00	    0.00	    0.00	  325.34	    0.00	    0.00	  455.48	    0.00	    0.00	    0.00	    0.00	    0.00	    0.00	    0.00	    0.00	 3400.00	    0.00
23	12	    0.00	    0.00	    0.00	    0.00	    0.00	    0.00	  130.14	  164.84	    0.00	    0.00	    0.00	    0.00	    0.00	  195.21	  650.69	   30.37	  162.67	   42.66	  210.39	  357.88	  390.41	  813.36	 2000.00	  488.02
23	20	  356.28	  105.49	   52.75	   10.12	    0.00	    0.00	    0.00	    0.00	    0.00	    0.00	  130.14	  587.07	 1754.69	  130.14	    0.00	    0.00	    0.00	    0.00	    0.00	    0.00	    0.00	    0.00	  700.00	 1464.05
23	22	   97.60	    0.00	   32.53	  162.67	    5.06	    0.00	    0.00	    0.00	    0.00	    0.00	    0.00	  227.74	  455.48	    0.00	    0.00	    0.00	    0.00	    0.00	    0.00	    0.00	  488.02	    0.00	    0.00	  553.08
