i	j	       0	       1	       2	       3	       4	       5	       6	       7	       8	       9	      10	      11	      12	      13	      14	      15	      16	      17	      18	      19	      20	      21	      22	      23
0	1	 2600.62	    0.00	  269.70	  200.02	   16.01	    0.00	    0.01	    0.02	   32.03	   96.08	  200.02	  479.33	  462.80	  100.01	   16.03	    0.02	    0.04	    0.00	    0.02	    0.00	    0.01	    0.12	    0.16	   29.76
0	2	 6199.38	 1181.19	    0.00	    0.00	    0.00	  236.10	  139.73	  243.22	    0.00	    0.00	    0.00	    0.00	    0.00	    0.00	    0.00	   99.98	    0.00	   34.49	    0.00	    0.02	    0.00	    0.00	    0.00	    0.00
1	0	    0.00	 1281.19	    0.00	    0.00	    0.00	  536.10	  639.71	 1043.19	    0.00	    0.00	    0.00	    0.00	    0.00	    0.00	    0.00	  599.96	    0.31	  134.48	    0.03	  300.01	    0.00	    0.02	    0.00	    0.00
1	5	 2500.62	 2718.81	  169.70	    0.04	    0.00	    0.00	    0.00	    0.00	    0.00	    0.00	    0.04	  379.33	  162.80	    0.02	    0.00	    0.00	    0.00	    0.00	    0.00	    0.00	    0.01	    0.03	    0.16	   29.76
2	0	    0.00	    0.00	  369.70	  700.02	  216.01	    0.00	    0.03	    0.06	  532.03	 1396.08	  700.02	  679.33	  962.80	  400.01	  516.03	    0.04	  399.73	    0.00	  299.99	    0.02	  100.01	  400.10	  300.16	  129.76
2	3	 4498.91	  680.84	 1930.03	    0.00	    0.00	    0.00	    0.00	    0.00	    0.00	    0.00	    0.00	 3755.57	 2504.16	    0.31	    0.00	    0.00	    0.00	    0.00	    0.00	    0.00	  203.14	    0.26	    2.47	  469.94
2	11	 1600.47	  400.34	  500.27	 1601.21	  402.73	  500.31	  770.16	 1200.00	 1399.63	  639.20	    0.72	    0.00	    0.00	    0.28	   46.44	  541.14	  180.29	  199.37	   19.90	    0.15	    0.04	    0.10	    0.10	    0.00
3	2	    0.00	    0.00	    0.00	 2501.23	  718.75	  564.21	  730.46	 1156.83	 2031.66	 2335.28	 1000.55	    0.00	    0.00	  500.13	  662.41	  641.20	  680.02	  164.89	  319.89	    0.15	    0.06	    0.19	    0.16	    0.01
3	4	 3198.51	  180.96	 1330.15	 6697.54	    0.00	    0.00	    0.00	    0.00	    0.00	    0.08	  905.19	 3155.16	 1903.83	  100.24	    0.10	    0.00	    0.03	    0.00	    0.03	    0.00	    3.19	    0.06	  199.84	  269.96
3	10	  800.40	  299.93	  399.88	 2401.23	  700.00	  599.85	    0.78	    7.24	    0.86	    0.18	    0.00	    0.41	    0.34	    0.07	    0.06	    0.13	    0.05	    0.02	    0.02	    0.03	    0.02	    0.05	    0.06	    0.03
4	3	    0.00	    0.05	    0.00	    0.00	 1918.75	 1564.06	 1131.24	 1864.07	 2732.52	 3534.18	    0.00	    0.00	    0.00	    0.00	 1160.81	 1441.33	 1179.52	  264.90	  519.19	  300.18	    0.03	  399.27	    0.00	    0.00
4	5	    0.00	    0.00	  527.20	 2125.65	 1257.80	    0.00	    0.02	    0.04	  568.14	 1303.94	  405.00	 1470.15	  582.98	  100.02	  283.43	    0.04	    0.05	    0.00	    0.02	    0.01	    0.01	    0.00	   99.84	   70.22
4	8	 2998.51	  899.90	  702.95	 4071.88	 2923.45	 1399.95	    0.03	    0.11	    0.00	    0.00	    0.19	 1485.01	 1120.85	    0.00	    0.00	    0.06	    0.00	    0.01	    0.00	    0.03	    0.00	    0.00	    0.00	  199.73
5	1	    0.00	    0.00	    0.00	    0.02	   83.99	  936.10	  839.70	 1443.17	  167.97	  503.92	    0.02	    0.00	    0.00	    0.01	   83.97	  999.94	  200.27	  134.48	  100.01	  400.01	    0.00	   99.93	    0.00	    0.00
5	4	    0.00	  818.99	    0.00	    0.00	    0.00	 3164.01	 1032.06	 1819.06	    0.00	    0.00	    0.00	    0.00	    0.00	    0.00	    0.00	 1462.75	    0.11	  204.30	    0.03	  304.56	    0.08	    0.00	    0.00	    0.00
5	7	 2200.62	 1499.82	  396.90	 1725.68	  973.81	 3499.89	    0.00	    0.00	    0.16	    0.16	    5.02	 1649.48	  545.78	    0.03	    0.00	    0.00	    0.00	    0.00	    0.00	    0.00	    0.00	    0.00	    0.00	    0.00
6	7	    0.00	    0.00	    0.00	    0.00	    0.00	    0.00	 4175.17	    0.00	    0.00	    0.00	    0.00	    0.00	    0.00	  399.86	  600.11	  400.90	  140.65	  999.68	  999.32	 2600.01	  500.14	  799.81	  299.97	  199.99
6	17	  431.43	  337.60	    7.86	  430.00	  118.80	  988.07	 7924.83	 4526.23	  823.77	    0.70	    0.14	  214.48	    0.02	    0.00	    0.00	    0.00	    0.03	    0.00	    0.00	    0.00	    0.00	    0.00	    0.00	    0.00
7	5	    0.00	    0.00	    0.00	    0.00	    0.00	    0.00	 2271.74	 4062.20	    0.00	    0.14	    0.00	    0.00	    0.00	    0.00	    0.54	 3362.65	  700.33	  438.77	  300.02	 1004.55	  100.06	  299.90	    0.00	    0.01
7	6	  931.43	  537.60	  107.86	  830.00	  318.80	 1388.07	    0.00	 5526.23	 1423.71	    2.88	    1.65	  914.41	   64.09	    0.00	    0.00	    0.00	    0.12	    0.00	    0.00	    0.00	    0.00	    0.00	    0.00	    0.00
7	8	    0.00	    0.00	    0.00	    0.00	    0.00	    0.00	  903.44	 3737.73	    0.00	    0.00	    0.00	    0.00	    0.00	    0.00	    0.00	 1282.90	    0.00	  261.05	    0.00	  695.83	    0.14	    0.00	    0.00	    0.00
7	15	  469.27	  562.28	  172.17	  683.07	  426.93	 1311.92	    0.00	 3373.85	  908.03	    0.00	    0.06	  477.70	    0.40	    0.00	    0.00	    0.00	    0.00	    0.00	    0.00	    0.00	    0.00	    0.00	    0.00	    0.00
8	4	    0.00	    0.00	    0.00	    0.00	    0.00	    0.00	  299.23	  545.15	 4100.66	 5838.03	    0.00	    0.00	    0.00	   99.78	 1644.15	  478.68	 1379.43	   60.62	  619.16	   95.66	   96.77	  599.21	    0.00	    0.00
8	7	    0.09	    0.05	   83.13	  487.40	  271.92	    0.10	    0.00	    0.00	 3131.57	 1602.56	  796.70	  342.63	  118.71	    0.06	    0.00	    0.00	    0.25	    0.00	    0.00	    0.00	    0.00	    0.00	    0.00	    0.00
8	9	 2498.42	  699.86	  519.81	 2884.49	 1851.53	  999.85	    4.29	 2392.68	 8967.77	    0.00	    0.00	  542.53	  402.28	    0.00	    0.00	    0.27	    0.00	    0.46	    0.00	    0.36	    0.00	    0.00	    0.00	    0.00
9	8	    0.00	    0.00	    0.00	    0.00	    0.00	    0.00	    0.06	    0.00	    0.00	10240.59	 2196.50	    0.15	    0.15	  699.84	 2644.15	  595.99	 2279.68	    0.02	 1019.16	    0.17	  396.64	 1299.21	  500.00	    0.27
9	10	    0.00	    0.00	    0.00	    0.00	    0.00	    0.00	  499.15	  792.79	 1715.80	 8432.05	    0.00	    0.00	    0.00	    0.00	 1288.45	 1558.51	 1919.80	  199.97	  426.28	  430.32	    2.22	  464.24	    0.00	    0.00
9	14	  799.52	   99.98	   99.94	 1097.98	  597.38	  200.00	    0.00	    0.00	 3083.65	14596.67	 1900.22	  644.43	    3.35	    0.00	    0.00	    0.00	    0.90	    0.00	    0.00	    0.00	    0.00	    0.00	    0.00	    0.00
9	15	    0.05	    0.00	   19.98	   86.98	   54.36	    0.00	    0.00	    0.00	  468.51	 8029.93	 2177.17	  207.43	    0.12	    0.00	    0.00	    0.00	    0.00	    0.00	    0.00	    0.00	    0.00	    0.00	    0.00	    0.00
9	16	  399.21	    0.02	   99.98	  499.90	  199.93	    0.05	    0.09	    0.13	  899.82	 3900.75	 1000.10	  599.88	  499.90	    0.12	    0.14	    0.13	    0.00	    0.06	    0.08	    0.16	    0.06	    0.16	    0.06	    0.03
10	3	    0.00	    0.00	    0.00	    0.00	    0.00	    0.00	    0.00	    0.00	    0.00	    1.38	 3405.74	    0.00	    0.00	 1100.14	    1.76	    0.00	    0.58	    0.00	    0.74	    0.00	    0.10	    0.77	  697.59	    0.06
10	9	    0.37	    0.09	    0.09	    0.37	    0.14	    0.11	    0.00	    0.00	    0.00	    0.00	11174.00	 2909.35	 2001.23	 1118.24	    0.00	    0.00	    0.00	    0.00	    0.00	    0.00	    0.00	    0.00	  388.91	   58.81
10	11	    0.00	    0.00	    0.00	    0.00	    0.00	    0.00	    0.00	    0.00	    0.12	 3260.88	 2400.50	    0.00	    0.00	  712.47	  657.59	  158.84	  919.66	    0.02	  281.80	    0.00	    0.00	    0.00	    0.00	    0.00
10	13	  300.63	  100.07	  100.09	 1000.95	  199.89	  199.81	    0.00	    0.03	  316.54	 1169.98	 5319.76	 1055.62	   21.33	    0.00	    0.00	    0.00	    0.00	    0.00	    0.00	    0.00	    0.00	    0.00	    0.00	    0.00
11	2	    0.00	    0.00	    0.00	    0.00	    0.00	    0.00	    0.00	    0.00	    0.00	    0.00	    0.19	 4634.90	 3566.97	    0.46	    0.06	    0.00	    0.00	    0.00	    0.00	    0.00	  303.13	  500.28	  402.57	  599.69
11	10	    0.59	    0.22	    0.30	    0.09	    0.03	    0.08	    0.00	    0.00	    0.00	    0.00	    0.00	 5364.57	 3022.22	    0.00	    0.00	    0.00	    0.00	    0.00	    0.00	    0.00	    0.04	    0.00	    0.00	    0.42
11	12	 1399.88	  300.12	  299.98	 1001.12	  202.71	  300.23	   70.23	  600.00	  799.75	 1900.08	 1001.02	 3900.53	    0.00	   12.91	    4.22	    0.68	  499.95	    0.10	    1.81	    0.00	    0.00	    0.00	    0.00	    0.00
12	11	    0.00	    0.00	    0.00	    0.00	    0.00	    0.00	    0.07	    0.00	    0.00	    0.00	    0.00	    0.00	 7889.19	    0.62	    0.25	    0.69	    0.00	    0.72	    0.11	  499.85	  603.13	 1200.18	 1102.47	 1100.11
12	23	  899.88	    0.12	  199.98	  401.12	    2.71	  100.23	    0.00	    0.00	  199.75	    0.08	    1.02	 2600.53	 6710.81	    0.00	    0.00	    0.00	    0.00	    0.00	    0.00	    0.00	    0.00	    0.00	    0.00	    0.00
13	10	    0.00	    0.00	    0.00	    0.00	    0.00	    0.00	    0.07	    0.00	    0.00	    0.00	    0.00	    0.00	    0.00	 4530.77	  770.83	    0.20	    0.39	    0.03	  256.25	  169.65	  397.82	  636.48	 2386.44	  658.43
13	14	    0.51	    0.06	    0.07	    0.49	    0.06	    0.04	    0.00	    0.00	    0.00	    0.00	 1027.01	  355.56	   88.98	 6352.49	    0.00	    0.00	    0.00	    0.00	    0.00	    0.00	    0.00	    0.00	 1114.68	  112.73
13	22	    0.13	    0.01	    0.03	  500.48	   99.83	   99.78	    0.00	    0.00	  190.84	  801.47	 2692.83	    0.37	    0.39	 3216.73	  441.21	    0.00	  219.81	    0.00	  136.54	    0.00	    0.00	    0.00	    0.00	    0.00
14	9	    0.00	    0.00	    0.00	    0.00	    0.00	    0.00	    0.00	    0.00	    0.00	    0.00	    0.00	    0.00	    0.00	 1681.72	 7932.74	    0.33	    0.88	    0.06	 3245.29	 1710.06	 1598.91	 4363.61	 1911.14	  741.48
14	13	    0.00	    0.00	    0.00	    0.00	    0.00	    0.00	  199.67	  399.33	  474.30	 1731.49	    0.07	    0.00	    0.00	    0.00	 2512.04	  699.83	  920.20	   99.83	  692.77	  668.66	    1.40	  688.34	    0.00	    0.00
14	18	  300.03	    0.05	    0.01	  200.07	  100.03	    0.06	    0.02	    0.03	  400.16	 3266.80	  820.65	  300.06	  281.91	 2896.92	 5900.27	    0.06	    0.46	    0.01	    0.00	    0.06	  554.07	 2899.91	  899.98	  255.04
14	21	    0.00	    0.00	    0.00	  398.39	  297.41	    0.00	    0.00	    0.00	 1309.19	 5598.38	  706.49	    0.00	    0.00	  473.86	 5054.95	    0.26	 2482.39	    0.00	 2085.33	    0.00	    0.00	    0.00	    0.00	    0.00
15	7	    0.00	    0.00	    0.00	    0.00	    0.00	    0.00	    0.00	    0.00	    0.00	    0.30	    0.00	    0.00	    0.00	    0.06	    0.42	 6444.66	 1959.55	    0.14	    0.70	    0.37	    0.05	    0.09	    0.04	    0.02
15	9	    0.00	    0.06	    0.00	    0.00	    0.00	    0.08	 2394.78	    0.24	    0.00	    0.00	    0.00	    0.00	    0.00	    0.00	    0.00	 6552.77	    0.63	  899.44	    0.22	 1220.05	    0.00	    0.00	    0.00	    0.00
15	16	    0.77	  199.99	    0.01	    0.07	    0.06	  500.02	 1000.37	 1400.26	    0.13	    0.57	    0.10	    0.06	    0.00	    0.00	    0.00	 5960.65	    0.00	  600.17	    0.00	 1536.24	  355.09	    0.00	    0.00	  130.55
15	17	    0.02	    0.00	    0.00	    0.02	    0.00	    0.03	    0.00	    0.16	    0.18	 3631.03	  777.58	    0.14	    0.00	    0.03	    0.37	 7141.92	 3750.02	    0.00	    0.37	    0.00	    0.00	    0.00	    0.00	    0.00
16	9	    0.00	    0.00	    0.00	    0.00	    0.00	    0.00	    0.22	    0.00	    0.00	    0.00	    0.00	    0.00	    0.00	    0.00	    0.00	    1.25	 8098.87	    0.10	    0.00	    0.18	    0.00	    0.00	    0.00	    0.00
16	15	    0.00	    0.00	    0.00	    0.00	    0.00	    0.00	    0.00	    0.00	    0.00	    1.55	    0.31	    0.00	    0.00	  691.38	 1186.84	    0.00	 8510.07	    0.00	 1286.24	    0.00	    0.06	    0.12	    0.05	    0.03
16	18	    0.03	    0.03	    0.00	    0.02	    0.01	    0.07	    0.24	    0.39	    0.04	    0.18	    0.00	    0.00	    0.00	    0.00	    0.00	 3159.53	 6791.06	    0.13	    0.00	    0.00	    0.00	    0.00	    0.00	    0.00
17	6	    0.00	    0.00	    0.00	    0.00	    0.00	    0.00	    0.00	    0.00	    0.06	 1897.82	  498.49	    0.07	  335.93	  599.86	 1100.11	 1800.90	 1140.55	 1199.68	 1399.32	 3100.01	  700.14	 1299.81	  499.97	  299.99
17	15	   31.47	   37.78	    7.86	   30.03	   18.77	   88.21	 4795.15	  226.81	   23.77	    0.41	    0.13	   15.07	  599.48	    8.71	   13.95	    0.00	    0.13	 1999.75	   15.05	 4356.66	  955.08	 1199.97	  499.99	  430.54
17	19	  299.99	  299.82	    0.00	  299.99	  100.04	  799.89	 2929.68	 3999.58	  600.12	 1033.74	  179.12	    0.02	    0.00	    0.00	    0.00	 4841.02	 2009.52	 1600.57	    0.00	    0.00	    0.00	    0.00	    0.00	    0.00
18	14	    0.00	    0.01	    0.00	    0.00	    0.00	    0.02	  699.62	  999.28	    0.00	    0.00	    0.00	    0.00	    0.00	    0.00	    0.00	 1900.31	 4903.03	  299.87	 6823.39	 3478.28	    0.17	    0.43	    0.18	    0.08
18	16	    0.04	    0.02	    0.01	    0.05	    0.02	    0.00	    0.00	    0.00	    0.10	    0.41	    0.11	    0.06	    0.10	 1391.27	 2686.70	    0.00	    0.00	    0.00	 2986.16	  163.78	  244.92	 1699.96	  599.99	  169.45
18	19	    0.02	    0.00	    0.00	    0.04	    0.02	    0.03	    0.00	    0.00	    0.11	 1466.56	  420.55	    0.00	    0.00	 1205.66	 2413.57	    0.00	  188.48	    0.00	 2990.45	    0.00	    0.00	    0.00	    0.00	    0.00
19	17	    0.00	    0.00	    0.00	    0.00	    0.00	    0.00	    0.00	    0.00	    0.00	    0.23	    0.02	    0.54	 1035.38	  708.53	 1313.69	    0.00	    0.16	    0.00	 1714.00	 7856.67	 1755.23	 2799.78	 1099.96	  730.53
19	18	    0.00	   99.95	    0.00	    0.00	    0.00	  199.92	 1099.36	 1698.86	    0.00	    0.00	    0.00	    0.00	   18.19	    0.01	    0.00	   40.72	    0.00	  599.73	    0.00	 4842.00	   91.02	    0.48	    0.19	   14.49
19	20	    0.00	    0.00	    0.00	    0.01	    0.04	  100.01	  630.14	  600.40	    0.06	    0.06	    0.02	    0.01	    0.03	    0.02	    0.04	 1500.62	  497.81	  200.79	   76.56	 2700.50	    0.00	    0.08	    0.03	    0.02
19	21	    0.00	   99.87	    0.00	    0.02	    0.01	  199.98	  700.18	  800.33	    0.16	    0.24	    0.05	    0.00	    0.00	    0.00	    0.18	 1699.68	    0.12	  400.05	    0.09	 3100.84	    0.20	    0.00	    0.00	    0.00
20	19	    0.00	    0.00	    0.00	    0.00	    0.00	    0.00	    0.00	    0.00	    0.00	    0.12	    0.03	  400.30	 1652.93	    0.09	    0.18	    0.00	    0.08	    0.00	    0.20	    0.00	 3046.45	    0.26	    2.07	 1144.35
20	21	  262.23	    0.11	   65.56	    0.00	    0.00	    0.03	    0.07	    0.08	    0.00	    0.00	    0.00	  458.90	 1469.11	    0.00	    0.00	    0.17	    0.00	    0.04	    0.00	    0.45	 4756.32	    0.00	    0.00	 1605.74
20	23	    0.00	    0.00	    0.00	    0.00	    0.00	    0.02	  430.07	  200.32	    0.03	  484.06	    0.00	    0.00	    0.00	    0.00	  683.50	  900.54	  212.75	  100.75	  253.65	 1500.05	 3197.23	 2352.22	    0.00	    0.00
21	14	    0.00	    0.00	    0.00	    0.00	    0.00	    0.00	    0.07	    0.09	    0.00	    0.00	    0.00	    0.07	  889.59	    0.00	    0.00	    0.17	    0.00	    0.03	    0.00	    0.50	 2954.21	10551.43	 2696.27	 1283.71
21	19	    0.00	    0.00	    0.00	    0.00	    0.00	    0.00	    0.00	    0.00	    0.00	    0.11	    0.39	    0.23	    0.67	    2.81	    0.16	    0.00	    0.00	    0.00	    0.00	    0.00	    0.00	 5200.08	 1798.11	    0.70
21	20	    0.01	    0.00	    0.00	    0.03	   97.48	    0.00	    0.00	    0.00	  299.97	 1684.12	    1.55	    0.04	    0.00	    0.88	 1483.64	    0.09	  315.02	    0.00	  577.29	    0.00	    0.00	 4152.40	    0.35	    0.00
21	22	    0.00	    0.00	    0.00	    0.00	    0.00	    0.01	  200.18	  300.32	  309.38	 1314.38	    0.00	    0.00	    0.00	    0.00	  971.32	  499.85	  467.48	  100.05	  308.12	  700.79	    2.31	 4496.10	    0.00	    0.00
22	13	    0.01	    0.00	    0.00	    0.02	    0.00	    0.00	    0.41	    0.64	    0.00	    0.00	    0.00	    0.31	  668.04	    0.00	    0.00	    0.37	    0.00	    0.20	    0.01	    0.99	  796.42	 1148.13	 4601.12	 1171.15
22	21	  137.79	    0.02	   34.44	    1.62	    0.06	    0.00	    0.00	    0.00	    0.00	    0.00	  395.39	  241.45	  721.15	  729.83	    0.00	    0.00	    0.00	    0.00	    0.00	    0.00	    0.00	    0.00	 6594.72	  778.68
22	23	    0.01	    0.00	    0.00	    0.03	    0.00	    0.01	    0.06	    0.12	    0.22	  315.85	  997.50	    0.07	    0.00	 1386.90	  412.54	    0.21	   87.30	    0.00	  144.65	    0.80	    0.22	 1248.84	 3304.16	    0.00
23	12	    0.00	    0.00	    0.00	    0.00	    0.00	    0.00	  329.84	    0.00	    0.00	    0.00	    0.00	    0.00	    0.00	  587.71	  696.03	  600.02	    0.05	  100.61	  298.30	 1099.85	 1203.13	 2500.18	 1902.47	 1800.11
23	20	  362.21	    0.11	   65.56	  199.96	    2.48	    0.04	    0.00	    0.00	    0.00	    0.00	  398.46	 1159.14	 3722.01	  399.19	    0.00	    0.00	    0.00	    0.00	    0.00	    0.00	    0.00	    0.00	  701.69	 3250.06
23	22	  437.68	    0.01	  134.42	    1.19	    0.23	    0.23	    0.29	    0.44	    0.00	    0.00	    0.06	  941.46	 2188.80	    0.00	    0.00	    0.74	    0.00	    0.15	    0.00	    1.01	 1494.33	    0.88	    0.00	 2649.83
