i	j	       0	       1	       2	       3	       4	       5	       6	       7	       8	       9	      10	      11	      12	      13	      14	      15	      16	      17	      18	      19	      20	      21	      22	      23
0	1	 2600.54	    0.00	  270.54	  200.03	   16.80	    0.00	    0.01	    0.02	   33.60	  100.84	  200.03	  481.76	  461.96	  100.01	   16.82	    0.02	    0.04	    0.00	    0.02	    0.00	    0.01	    0.09	    0.19	   29.41
0	2	 6199.46	 1170.96	    0.00	    0.00	    0.00	  239.20	  139.24	  240.85	    0.00	    0.00	    0.00	    0.00	    0.00	    0.00	    0.00	   99.69	    0.00	   34.41	    0.00	    0.02	    0.00	    0.00	    0.00	    0.00
1	0	    0.00	 1270.96	    0.00	    0.00	    0.00	  539.20	  639.22	 1040.82	    0.00	    0.00	    0.00	    0.00	    0.00	    0.00	    0.00	  599.67	    0.76	  134.41	    0.03	  299.98	    0.00	    0.02	    0.00	    0.00
1	5	 2500.54	 2729.04	  170.54	    0.05	    0.00	    0.00	    0.00	    0.00	    0.00	    0.00	    0.05	  381.76	  161.96	    0.02	    0.00	    0.00	    0.00	    0.00	    0.00	    0.00	    0.01	    0.03	    0.19	   29.41
2	0	    0.00	    0.00	  370.54	  700.03	  216.80	    0.00	    0.03	    0.06	  533.60	 1400.84	  700.03	  681.76	  961.96	  400.01	  516.82	    0.04	  399.28	    0.00	  299.99	    0.05	  100.01	  400.07	  300.19	  129.41
2	3	 4499.68	  470.87	 1929.47	    0.00	    0.00	    0.00	    0.00	    0.00	    0.00	    0.00	    0.00	 3822.64	 2523.89	    0.10	    0.00	    0.00	    0.00	    0.00	    0.00	    0.00	  203.00	    0.13	    3.02	  469.53
2	11	 1599.79	  600.09	  499.99	 1601.54	  403.56	  500.32	  777.87	 1200.00	 1399.40	  654.09	    0.58	    0.00	    0.00	    0.20	   53.01	  544.10	  184.49	  199.65	   22.72	    0.13	    0.00	    0.00	    0.00	    0.00
3	2	    0.00	    0.00	    0.00	 2501.57	  720.35	  561.11	  738.66	 1159.20	 2033.00	 2354.92	  999.95	    0.00	    0.00	  499.81	  669.77	  644.46	  683.77	  165.24	  322.71	    0.12	    0.00	    0.09	    0.06	    0.00
3	4	 3197.37	  170.51	 1329.10	 6696.05	    0.00	    0.00	    0.00	    0.00	    0.00	    0.13	  905.67	 3221.62	 1923.24	  200.11	    0.09	    0.00	    0.01	    0.00	    0.02	    0.00	    3.09	    0.06	  199.88	  269.58
3	10	  802.31	  100.39	  400.37	 2402.38	  699.85	  599.70	    0.13	    6.53	    1.07	    0.19	    0.00	    1.02	    0.65	    0.07	    0.07	    0.13	    0.05	    0.02	    0.02	    0.03	    0.02	    0.05	    0.06	    0.03
4	3	    0.00	    0.03	    0.00	    0.00	 1920.20	 1560.81	 1138.79	 1865.73	 2734.07	 3553.65	    0.00	    0.00	    0.00	    0.00	 1168.13	 1444.59	 1183.13	  265.26	  522.01	  300.15	    0.04	  398.57	    0.00	    0.00
4	5	    0.00	    0.00	  527.40	 2140.42	 1265.85	    0.00	    0.02	    0.04	  566.57	 1299.10	  405.25	 1470.69	  572.19	  100.02	  282.92	    0.04	    0.05	    0.00	    0.05	    0.01	    0.01	    0.00	   99.80	   70.58
4	8	 2997.37	  899.65	  701.70	 4055.63	 2913.95	 1400.06	    0.03	    0.11	    0.00	    0.00	    0.42	 1550.93	 1151.05	    0.09	    0.00	    0.07	    0.00	    0.01	    0.00	    0.03	    0.00	    0.00	    0.08	  199.01
5	1	    0.00	    0.00	    0.00	    0.02	   83.20	  939.20	  839.21	 1440.80	  166.40	  499.16	    0.02	    0.00	    0.00	    0.01	   83.18	  999.65	  200.72	  134.41	  100.01	  399.97	    0.00	   99.96	    0.00	    0.00
5	4	    0.00	  829.17	    0.00	    0.00	    0.00	 3160.88	 1034.08	 1803.60	    0.00	    0.00	    0.00	    0.00	    0.00	    0.00	    0.00	 1465.46	    0.11	  202.13	    0.03	  305.46	    0.01	    0.00	    0.00	    0.00
5	7	 2200.54	 1499.87	  397.94	 1740.45	  982.65	 3499.92	    0.00	    0.00	    0.17	    0.08	    5.28	 1652.45	  534.14	    0.03	    0.00	    0.00	    0.00	    0.00	    0.00	    0.00	    0.00	    0.00	    0.00	    0.00
6	7	    0.00	    0.00	    0.00	    0.00	    0.00	    0.00	 4180.13	    0.00	    0.00	    0.00	    0.00	    0.00	    0.00	  399.85	  599.75	  387.80	  134.77	  999.91	  999.15	 2599.93	  500.06	  799.94	  299.97	  199.99
6	17	  432.25	  338.28	    8.37	  433.41	  120.97	  989.57	 7919.87	 4529.88	  825.62	    0.75	    0.14	  219.15	    0.11	    0.00	    0.00	    0.00	    0.03	    0.00	    0.00	    0.00	    0.00	    0.00	    0.00	    0.00
7	5	    0.00	    0.00	    0.00	    0.00	    0.00	    0.00	 2273.26	 4044.36	    0.00	    0.14	    0.00	    0.00	    0.00	    0.00	    0.26	 3365.07	  700.78	  436.54	  300.00	 1005.41	  100.00	  299.93	    0.00	    0.01
7	6	  932.25	  538.28	  108.37	  833.41	  320.97	 1389.57	    0.00	 5529.88	 1425.56	    5.79	    1.72	  919.15	   52.99	    0.00	    0.00	    0.00	    0.12	    0.00	    0.00	    0.00	    0.00	    0.00	    0.00	    0.00
7	8	    0.00	    0.00	    0.00	    0.00	    0.00	    0.00	  906.87	 3755.56	    0.00	    0.00	    0.00	    0.00	    0.00	    0.00	    0.00	 1259.04	    0.00	  263.52	    0.00	  694.93	    0.12	    0.11	    0.00	    0.00
7	15	  468.38	  561.64	  175.25	  694.58	  434.08	 1310.45	    0.00	 3370.20	  882.95	    0.00	    0.07	  492.80	    0.18	    0.00	    0.00	    0.00	    0.00	    0.00	    0.00	    0.00	    0.00	    0.00	    0.00	    0.00
8	4	    0.00	    0.00	    0.00	    0.00	    0.00	    0.00	  304.76	  562.28	 4100.64	 5852.61	    0.00	    0.00	    0.00	    0.00	 1650.96	  479.23	 1383.05	   63.14	  622.01	   94.74	   96.95	  598.52	    0.00	    0.00
8	7	    0.09	    0.05	   85.68	  487.54	  272.40	    0.10	    0.00	    0.00	 3108.34	 1605.55	  796.51	  359.50	  119.03	    0.00	    0.00	    0.00	    0.26	    0.00	    0.00	    0.00	    0.00	    0.00	    0.00	    0.00
8	9	 2497.28	  699.60	  516.01	 2868.09	 1841.54	  999.96	    2.20	 2393.39	 8991.02	    0.00	    0.00	  591.49	  432.08	    0.00	    0.00	    0.28	    0.00	    0.40	    0.00	    0.39	    0.00	    0.00	    0.00	    0.00
9	8	    0.00	    0.00	    0.00	    0.00	    0.00	    0.00	    0.06	    0.00	    0.00	10258.16	 2196.10	    0.06	    0.06	  599.91	 2650.96	  620.40	 2283.31	    0.02	 1022.01	    0.17	  396.83	 1298.41	  499.92	    0.99
9	10	    0.00	    0.00	    0.00	    0.00	    0.00	    0.00	  499.87	  793.50	 1714.73	 8401.70	    0.00	    0.00	    0.00	    0.00	 1292.17	 1555.79	 1915.68	  199.97	  427.40	  428.81	    2.35	  513.63	    0.00	    0.00
9	14	  798.44	   99.85	   99.81	 1097.04	  596.55	  199.99	    0.00	    0.00	 3084.77	14588.09	 1887.81	  657.31	    2.54	    0.00	    0.00	    0.00	    0.91	    0.00	    0.00	    0.00	    0.00	    0.00	    0.00	    0.00
9	15	    0.00	    0.00	   16.39	   72.07	   45.04	    0.00	    0.00	    0.00	  491.72	 8051.17	 2176.81	  186.53	    0.13	    0.00	    0.00	    0.00	    0.00	    0.00	    0.00	    0.00	    0.00	    0.00	    0.00	    0.00
9	16	  399.46	    0.02	   99.96	  499.81	  199.96	    0.05	    0.09	    0.13	  899.81	 3900.88	  999.74	  599.78	  499.81	    0.12	    0.14	    0.13	    0.00	    0.06	    0.08	    0.16	    0.06	    0.16	    0.06	    0.03
10	3	    0.00	    0.00	    0.00	    0.00	    0.00	    0.00	    0.00	    0.00	    0.00	    1.59	 3405.61	    0.00	    0.00	 1199.90	    1.80	    0.00	    0.70	    0.00	    0.73	    0.00	    0.07	    1.50	  696.99	    0.08
10	9	    0.63	    0.21	    0.15	    0.83	    0.00	    0.00	    0.00	    0.00	    0.00	    0.00	11160.45	 2852.18	 1970.46	 1153.06	    0.00	    0.00	    0.00	    0.00	    0.00	    0.00	    0.00	    0.00	  341.40	   54.76
10	11	    0.00	    0.00	    0.00	    0.00	    0.00	    0.00	    0.00	    0.00	    0.12	 3245.91	 2401.14	    0.00	    0.00	  712.12	  649.31	  156.14	  915.46	    0.02	  278.08	    0.00	    0.00	    0.00	    0.00	    0.00
10	13	  301.72	  100.19	  100.25	 1001.64	  199.88	  199.72	    0.00	    0.03	  315.68	 1154.38	 5332.80	 1042.41	    9.67	    0.00	    0.00	    0.00	    0.05	    0.00	    0.00	    0.00	    0.00	    0.00	    0.00	    0.00
11	2	    0.00	    0.00	    0.00	    0.00	    0.00	    0.00	    0.00	    0.00	    0.00	    0.00	    0.65	 4704.40	 3585.85	    0.49	    0.06	    0.00	    0.00	    0.00	    0.00	    0.03	  303.00	  500.11	  403.14	  598.94
11	10	    0.04	  200.00	    0.02	    0.09	    0.03	    0.02	    0.00	    0.00	    0.00	    0.00	    0.00	 5293.58	 2979.48	    0.00	    0.00	    0.00	    0.00	    0.00	    0.00	    0.00	    0.05	    0.00	    0.00	    0.69
11	12	 1399.75	  300.09	  299.97	 1001.45	  203.53	  300.30	   77.95	  600.00	  799.52	 1900.00	 1001.06	 3902.02	    0.00	   12.16	    2.27	    0.62	  499.95	    0.03	    0.80	    0.04	    0.00	    0.00	    0.00	    0.00
12	11	    0.00	    0.00	    0.00	    0.00	    0.00	    0.00	    0.08	    0.00	    0.00	    0.00	    0.00	    0.00	 7865.33	    0.33	    0.00	    0.38	    0.00	    0.36	    0.00	  499.95	  603.05	 1200.11	 1103.14	 1099.63
12	23	  899.75	    0.09	  199.97	  401.45	    3.53	  100.30	    0.00	    0.00	  199.52	    0.00	    1.06	 2602.02	 6734.67	    0.00	    0.00	    0.00	    0.00	    0.00	    0.00	    0.00	    0.00	    0.00	    0.00	    0.00
13	10	    0.00	    0.00	    0.00	    0.00	    0.00	    0.00	    0.00	    0.00	    0.00	    0.00	    0.00	    0.00	    0.00	 4665.01	  758.88	    0.22	    0.49	    0.03	  251.39	  171.16	  397.65	  587.82	 2338.33	  654.12
13	14	    1.59	    0.19	    0.22	    1.73	    0.07	    0.05	    0.00	    0.00	    0.00	    0.00	 1055.79	  342.78	   92.15	 6216.79	    0.00	    0.00	    0.00	    0.00	    0.00	    0.00	    0.00	    0.00	 1187.50	  120.03
13	22	    0.14	    0.00	    0.03	  499.93	   99.81	   99.68	    0.00	    0.00	  193.75	  800.50	 2677.08	    0.22	    0.00	 3218.20	  441.72	    0.00	  224.79	    0.00	  136.26	    0.00	    0.00	    0.00	    0.00	    0.00
14	9	    0.00	    0.00	    0.00	    0.00	    0.00	    0.00	    0.00	    0.00	    0.00	    0.00	    0.00	    0.00	    0.00	 1546.97	 7943.27	    0.34	    0.96	    0.06	 3249.26	 1730.47	 1599.24	 4412.20	 1958.58	  746.27
14	13	    0.00	    0.00	    0.00	    0.00	    0.00	    0.00	  199.62	  399.25	  478.07	 1746.13	    0.07	    0.00	    0.00	    0.00	 2500.60	  699.53	  925.22	   99.81	  687.64	  669.82	    0.24	  666.88	    0.00	    0.00
14	18	  300.03	    0.05	    0.03	  200.16	  100.03	    0.06	    0.02	    0.03	  400.17	 3242.53	  821.53	  300.16	  279.88	 2898.29	 5899.98	    0.06	    0.47	    0.01	    0.00	    0.06	  565.77	 2899.90	  899.98	  260.50
14	21	    0.00	    0.00	    0.00	  398.61	  296.58	    0.00	    0.00	    0.00	 1306.53	 5599.44	  722.00	    0.00	    0.00	  471.53	 5056.14	    0.26	 2477.58	    0.00	 2078.07	    0.00	    0.00	    0.00	    0.00	    0.00
15	7	    0.00	    0.00	    0.00	    0.00	    0.00	    0.00	    0.00	    0.00	    0.00	    0.30	    0.00	    0.00	    0.00	    0.12	    0.51	 6436.31	 1965.89	    0.14	    0.85	    0.42	    0.06	    0.09	    0.04	    0.02
15	9	    0.00	    0.06	    0.00	    0.00	    0.00	    0.08	 2397.56	    0.24	    0.00	    0.00	    0.00	    0.00	    0.00	    0.00	    0.00	 6574.38	    0.64	  899.48	    0.22	 1198.05	    0.00	    0.00	    0.00	    0.00
15	16	    0.52	  199.99	    0.01	    0.07	    0.03	  500.02	 1000.42	 1400.28	    0.13	    0.57	    0.10	    0.06	    0.00	    0.00	    0.00	 5956.38	    0.00	  600.18	    0.00	 1553.50	  349.23	    0.00	    0.00	  126.62
15	17	    0.05	    0.03	    0.00	    0.05	    0.01	    0.09	    0.00	    0.46	    0.54	 3652.43	  777.24	    0.09	    0.01	    0.03	    0.48	 7132.93	 3736.51	    0.00	    0.48	    0.00	    0.00	    0.00	    0.00	    0.00
16	9	    0.00	    0.00	    0.00	    0.00	    0.00	    0.00	    0.27	    0.00	    0.00	    0.00	    0.00	    0.00	    0.00	    0.00	    0.00	    1.33	 8098.30	    0.10	    0.00	    0.23	    0.00	    0.00	    0.00	    0.00
16	15	    0.00	    0.00	    0.00	    0.00	    0.00	    0.00	    0.00	    0.00	    0.00	    1.72	    0.33	    0.00	    0.00	  692.32	 1187.52	    0.00	 8502.91	    0.00	 1287.02	    0.00	    0.06	    0.12	    0.05	    0.03
16	18	    0.03	    0.04	    0.00	    0.02	    0.01	    0.07	    0.25	    0.41	    0.04	    0.18	    0.00	    0.00	    0.00	    0.00	    0.00	 3155.18	 6798.79	    0.14	    0.00	    0.00	    0.00	    0.00	    0.00	    0.00
17	6	    0.00	    0.00	    0.00	    0.00	    0.00	    0.00	    0.00	    0.00	    0.06	 1894.96	  498.43	    0.00	  347.12	  599.85	 1099.75	 1787.80	 1134.67	 1199.91	 1399.15	 3099.93	  700.06	 1299.94	  499.97	  299.99
17	15	   32.19	   38.44	    8.37	   33.47	   20.92	   89.75	 4797.98	  230.77	   26.00	    0.42	    0.13	   20.82	  599.70	    7.83	   13.47	    0.00	    0.13	 1999.81	   14.52	 4351.96	  949.22	 1199.97	  499.99	  426.61
17	19	  300.11	  299.86	    0.00	  299.99	  100.06	  799.92	 2921.88	 3999.56	  600.09	 1058.04	  178.84	    0.08	    0.09	    0.00	    0.00	 4845.13	 2001.90	 1600.28	    0.00	    0.00	    0.00	    0.00	    0.00	    0.00
18	14	    0.00	    0.01	    0.00	    0.00	    0.00	    0.02	  699.43	  999.01	    0.00	    0.00	    0.00	    0.00	    0.00	    0.00	    0.00	 1900.01	 4903.32	  299.79	 6814.97	 3499.52	    0.18	    0.43	    0.18	    0.08
18	16	    0.05	    0.02	    0.03	    0.14	    0.02	    0.00	    0.00	    0.00	    0.10	    0.45	    0.49	    0.16	    0.19	 1392.20	 2687.38	    0.00	    0.00	    0.00	 2986.94	  146.57	  250.78	 1699.96	  599.99	  173.38
18	19	    0.02	    0.00	    0.00	    0.04	    0.02	    0.03	    0.00	    0.00	    0.11	 1442.26	  421.03	    0.00	    0.00	 1206.10	 2412.61	    0.00	  195.94	    0.00	 2998.09	    0.00	    0.00	    0.00	    0.00	    0.00
19	17	    0.00	    0.00	    0.00	    0.00	    0.00	    0.00	    0.00	    0.00	    0.00	    0.24	    0.02	    1.67	 1046.79	  707.65	 1312.74	    0.00	    0.16	    0.00	 1713.20	 7851.89	 1749.29	 2799.92	 1099.95	  726.60
19	18	    0.00	   99.95	    0.00	    0.00	    0.00	  199.92	 1099.16	 1698.57	    0.00	    0.00	    0.00	    0.00	   20.30	    0.01	    0.00	   44.77	    0.00	  599.64	    0.00	 4846.03	   85.18	    0.49	    0.20	   12.96
19	20	    0.00	    0.00	    0.00	    0.01	    0.07	  100.02	  622.50	  600.53	    0.13	    0.06	    0.02	    0.01	    0.03	    0.02	    0.04	 1500.57	  497.64	  200.52	   85.00	 2701.31	    0.00	    0.08	    0.03	    0.02
19	21	    0.12	   99.91	    0.00	    0.02	    0.01	  200.01	  700.23	  800.46	    0.07	    0.24	    0.05	    0.00	    0.00	    0.00	    0.19	 1699.80	    0.12	  400.12	    0.09	 3100.77	    0.20	    0.00	    0.00	    0.00
20	19	    0.00	    0.00	    0.00	    0.00	    0.00	    0.00	    0.00	    0.00	    0.00	    0.12	    0.03	  401.56	 1666.91	    0.09	    0.19	    0.00	    0.08	    0.00	    0.20	    0.00	 3034.67	    0.27	    0.98	 1139.23
20	21	  261.95	    0.08	   65.52	    0.24	    0.00	    0.03	    0.07	    0.09	    0.00	    0.00	    0.00	  458.62	 1461.13	    0.00	    0.00	    0.18	    0.00	    0.04	    0.00	    0.46	 4765.69	    0.00	    0.00	 1597.35
20	23	    0.00	    0.00	    0.00	    0.00	    0.00	    0.02	  422.43	  200.45	    0.27	  485.35	    0.00	    0.00	    0.00	    0.00	  688.23	  900.48	  213.17	  100.48	  254.87	 1500.86	 3199.64	 2334.12	    0.00	    0.00
21	14	    0.00	    0.00	    0.00	    0.00	    0.00	    0.00	    0.22	    0.27	    0.00	    0.00	    0.00	    0.07	  885.20	    0.00	    0.00	    0.18	    0.00	    0.09	    0.00	    0.84	 2965.07	10578.55	 2670.88	 1286.66
21	19	    0.00	    0.00	    0.00	    0.00	    0.00	    0.00	    0.00	    0.00	    0.00	    0.12	    0.18	    0.03	    0.12	    1.49	    0.17	    0.00	    0.00	    0.00	    0.00	    0.00	    0.00	 5200.22	 1799.20	    0.36
21	20	    0.02	    0.00	    0.00	    0.03	   96.65	    0.00	    0.00	    0.00	  300.14	 1685.41	    2.02	    0.00	    0.00	    0.99	 1488.39	    0.09	  315.61	    0.00	  570.07	    0.00	    0.00	 4134.31	    1.21	    0.00
21	22	    0.00	    0.00	    0.00	    0.00	    0.00	    0.04	  200.08	  300.28	  306.46	 1314.15	    0.00	    0.00	    0.00	    0.00	  967.77	  499.97	  462.09	  100.07	  308.09	  700.38	    0.82	 4486.92	    0.00	    0.00
22	13	    0.01	    0.00	    0.00	    0.02	    0.00	    0.00	    0.38	    0.73	    0.00	    0.00	    0.00	    0.59	  682.47	    0.00	    0.00	    0.69	    0.00	    0.22	    0.01	    1.34	  797.41	 1120.94	 4625.83	 1174.15
22	21	  137.95	    0.01	   34.48	    1.16	    0.06	    0.00	    0.00	    0.00	    0.00	    0.00	  380.14	  241.49	  724.19	  730.95	    0.00	    0.00	    0.00	    0.00	    0.00	    0.00	    0.00	    0.00	 6571.28	  789.66
22	23	    0.02	    0.00	    0.00	    0.03	    0.00	    0.02	    0.02	    0.03	    0.21	  314.65	  997.00	    0.00	    0.00	 1387.25	  409.50	    0.08	   86.88	    0.00	  144.33	    0.15	    0.07	 1266.09	 3302.89	    0.00
23	12	    0.00	    0.00	    0.00	    0.00	    0.00	    0.00	  322.13	    0.00	    0.00	    0.00	    0.00	    0.00	    0.00	  588.17	  697.73	  599.76	    0.05	  100.33	  299.20	 1099.91	 1203.05	 2500.11	 1903.14	 1799.63
23	20	  361.93	    0.07	   65.52	  200.20	    3.28	    0.04	    0.00	    0.00	    0.00	    0.00	  397.99	 1160.17	 3728.01	  399.08	    0.00	    0.00	    0.00	    0.00	    0.00	    0.00	    0.00	    0.00	  699.74	 3236.56
23	22	  437.84	    0.01	  134.46	    1.28	    0.25	    0.30	    0.32	    0.48	    0.00	    0.00	    0.06	  941.86	 2206.66	    0.00	    0.00	    0.80	    0.00	    0.16	    0.00	    1.10	 1496.66	    0.10	    0.00	 2663.81
