i	j	n1_l36
1	2	 5052.21
1	3	 6685.74
2	1	 4084.88
2	6	 6521.21
3	1	 7653.07
3	4	16744.52
3	12	 4566.33
4	3	12111.67
4	5	19918.85
4	11	 7433.86
5	4	16913.88
5	6	 8879.79
5	9	17538.86
6	2	 5553.88
6	5	 8716.72
6	8	13799.20
7	8	13422.60
7	18	18564.34
8	6	12668.80
8	7	14668.32
8	9	 7341.82
8	16	 9339.27
9	5	14696.96
9	8	 7908.24
9	10	23432.02
10	9	21256.54
10	11	17188.67
10	15	27458.80
10	16	12092.94
10	17	 8210.36
11	4	 5905.99
11	10	18044.40
11	12	 8134.37
11	14	11833.46
12	3	10166.50
12	11	 9135.58
12	13	    0.00
13	12	 6701.38
13	24	 7899.27
14	11	10260.11
14	15	 8761.21
14	23	11062.89
15	10	25437.39
15	14	 9295.83
15	19	16184.64
15	22	22682.01
16	8	 8888.17
16	10	11589.17
16	17	11811.07
16	18	17483.92
17	10	 7604.34
17	16	12022.79
17	19	10323.46
18	7	17318.61
18	16	16317.33
18	20	24484.91
19	15	16578.15
19	17	 9929.16
19	20	 8935.21
20	18	21972.59
20	19	 8934.42
20	21	 9329.82
20	22	 8427.10
21	20	 7645.42
21	22	 8767.87
21	24	11505.48
22	15	20701.71
22	20	 7498.40
22	21	 9841.29
22	23	10416.81
23	14	 8954.92
23	22	 8581.22
23	24	10433.96
24	13	14500.65
24	21	 8747.66
24	23	 6490.40
