i	j	o13d5l11
0	1	 4494.90
0	2	 8123.61
1	0	 4523.84
1	5	 5973.92
2	0	 8094.67
2	3	14111.84
2	11	10034.02
3	2	14130.14
3	4	18009.86
3	10	 5207.88
4	3	18028.91
4	5	 8797.72
4	8	15786.32
5	1	 6002.86
5	4	 8799.70
5	7	12492.34
6	7	12103.02
6	17	15802.21
7	5	12523.26
7	6	12041.89
7	8	 6883.76
7	15	 8384.54
8	4	15803.39
8	7	 6834.03
8	9	21750.98
9	8	21818.31
9	10	17728.66
9	14	23129.57
9	15	11046.52
9	16	 8100.33
10	3	 5307.12
10	9	17605.34
10	11	 8366.22
10	13	 9779.30
11	2	 9986.78
11	10	 8404.54
11	12	12302.18
12	11	12393.27
12	23	11120.33
13	10	 9816.90
13	14	 9037.54
13	22	 8399.28
14	9	23195.33
14	13	 9081.09
14	18	19084.93
14	21	18404.38
15	7	 8404.06
15	9	11071.65
15	16	11688.33
15	17	15290.23
16	9	 8100.09
16	15	11677.53
16	18	 9952.86
17	6	15863.34
17	15	15345.67
17	19	18987.98
18	14	19119.22
18	16	 9941.82
18	19	 8683.85
19	17	19004.57
19	18	 8707.10
19	20	 6305.16
19	21	 7001.18
20	19	 6241.21
20	21	 8619.25
20	23	10305.89
21	14	18379.40
21	19	 7004.97
21	20	 8605.32
21	22	 9658.36
22	13	 8393.33
22	21	 9623.24
22	23	 7901.78
23	12	11111.43
23	20	10255.87
23	22	 7860.72
