i	j	o5d21l62
0	1	 4498.27
0	2	 8124.44
1	0	 4525.12
1	5	 5968.22
2	0	 8097.59
2	3	14019.70
2	11	10051.05
3	2	14055.08
3	4	18020.69
3	10	 5206.77
4	3	18055.27
4	5	 8792.36
4	8	15789.31
5	1	 5995.08
5	4	 8805.93
5	7	12490.71
6	7	12118.16
6	17	15778.19
7	5	12531.13
7	6	12037.76
7	8	 6892.83
7	15	 8379.45
8	4	15810.33
8	7	 6826.40
8	9	21762.36
9	8	21816.94
9	10	17737.37
9	14	23143.86
9	15	11038.89
9	16	 8100.70
10	3	 5307.57
10	9	17608.76
10	11	 8364.01
10	13	 9781.20
11	2	 9988.82
11	10	 8405.12
11	12	12315.85
12	11	12394.73
12	23	11120.56
13	10	 9812.28
13	14	 9039.58
13	22	 8404.67
14	9	23185.36
14	13	 9084.56
14	18	19064.83
14	21	18454.69
15	7	 8405.90
15	9	11080.70
15	16	11698.50
15	17	15255.60
16	9	 8100.57
16	15	11665.00
16	18	 9963.57
17	6	15858.59
17	15	15357.37
17	19	18942.37
18	14	19162.35
18	16	 9929.94
18	19	 8662.51
19	17	19024.53
19	18	 8726.40
19	20	 6433.32
19	21	 6803.55
20	19	 6280.07
20	21	 8756.90
20	23	10284.85
21	14	18343.66
21	19	 7002.86
21	20	 8654.91
21	22	 9652.51
22	13	 8390.77
22	21	 9638.80
22	23	 7911.14
23	12	11099.44
23	20	10233.58
23	22	 7883.52
