i	j	o22d9l66
0	1	 4494.66
0	2	 8118.12
1	0	 4519.04
1	5	 5965.50
2	0	 8093.74
2	3	14021.28
2	11	10040.70
3	2	14049.76
3	4	18019.78
3	10	 5208.81
4	3	18047.79
4	5	 8796.28
4	8	15788.13
5	1	 5989.88
5	4	 8804.59
5	7	12490.96
6	7	12100.50
6	17	15806.64
7	5	12523.65
7	6	12043.12
7	8	 6881.48
7	15	 8385.17
8	4	15807.83
8	7	 6837.32
8	9	21747.76
9	8	21823.30
9	10	17723.45
9	14	23128.92
9	15	11046.21
9	16	 8100.63
10	3	 5309.28
10	9	17605.07
10	11	 8362.44
10	13	 9778.89
11	2	 9987.83
11	10	 8405.25
11	12	12304.52
12	11	12394.46
12	23	11119.61
13	10	 9818.17
13	14	 9036.85
13	22	 8395.56
14	9	23196.98
14	13	 9078.35
14	18	19084.75
14	21	18405.02
15	7	 8404.64
15	9	11072.08
15	16	11686.82
15	17	15294.10
16	9	 8100.62
16	15	11674.61
16	18	 9952.73
17	6	15864.02
17	15	15351.65
17	19	18993.80
18	14	19119.83
18	16	 9940.51
18	19	 8683.53
19	17	19008.73
19	18	 8706.38
19	20	 6305.01
19	21	 7001.73
20	19	 6241.58
20	21	 8619.44
20	23	10306.90
21	14	18379.50
21	19	 7002.95
21	20	 8606.57
21	22	 9660.40
22	13	 8393.36
22	21	 9623.22
22	23	 7899.02
23	12	11109.55
23	20	10256.35
23	22	 7859.63
