i	j	n1_l72
1	2	 4753.36
1	3	 8597.49
2	1	 4999.86
2	6	 6082.69
3	1	 8350.99
3	4	14898.19
3	12	12388.19
4	3	16458.81
4	5	18886.95
4	11	 5215.80
5	4	19653.19
5	6	 8790.16
5	9	16324.90
6	2	 6329.18
6	5	 8813.17
6	8	12745.07
7	8	12567.14
7	18	16210.71
8	6	13014.58
8	7	12318.94
8	9	 7027.50
8	16	 8486.90
9	5	17068.14
9	8	 6960.47
9	10	22165.81
10	9	22942.01
10	11	17471.44
10	15	23023.43
10	16	11124.94
10	17	 8100.23
11	4	 6110.18
11	10	17257.65
11	12	 9114.99
11	14	 9310.89
12	3	10581.06
12	11	 8801.42
12	13	14703.47
13	12	12682.77
13	24	11237.83
14	11	10405.05
14	15	 9342.34
14	23	 6704.13
15	10	23906.41
15	14	 8393.88
15	19	17849.84
15	22	17305.49
16	8	 8575.25
16	10	11132.17
16	17	11680.49
16	18	16493.79
17	10	 8100.03
17	16	11900.67
17	19	 9795.48
18	7	16458.90
18	16	16369.19
18	20	19733.81
19	15	17233.75
19	17	10015.46
19	20	 9066.56
20	18	19757.39
20	19	 8670.44
20	21	 7498.00
20	22	 7003.76
21	20	 7020.45
21	22	10276.19
21	24	11899.52
22	15	17756.10
22	20	 7008.77
22	21	11802.70
22	23	 8355.88
23	14	 8746.75
23	22	10338.01
23	24	    0.00
24	13	 9117.13
24	21	 9895.47
24	23	 4024.76
