i	j	o9d23l33
0	1	 4493.35
0	2	 8119.66
1	0	 4520.70
1	5	 5964.54
2	0	 8092.31
2	3	14024.20
2	11	10037.52
3	2	14044.66
3	4	18020.14
3	10	 5210.74
4	3	18044.48
4	5	 8795.87
4	8	15788.55
5	1	 5991.90
5	4	 8803.79
5	7	12489.70
6	7	12103.34
6	17	15797.68
7	5	12524.96
7	6	12042.92
7	8	 6883.15
7	15	 8385.84
8	4	15804.98
8	7	 6839.00
8	9	21750.86
9	8	21823.15
9	10	17725.13
9	14	23131.57
9	15	11045.51
9	16	 8100.25
10	3	 5306.86
10	9	17605.53
10	11	 8365.35
10	13	 9777.40
11	2	 9989.71
11	10	 8404.54
11	12	12303.73
12	11	12395.11
12	23	11119.00
13	10	 9814.73
13	14	 9036.20
13	22	 8398.30
14	9	23196.91
14	13	 9079.55
14	18	19084.47
14	21	18405.36
15	7	 8404.84
15	9	11071.59
15	16	11687.62
15	17	15284.43
16	9	 8100.72
16	15	11677.07
16	18	 9952.67
17	6	15858.10
17	15	15340.06
17	19	18987.87
18	14	19117.93
18	16	 9942.59
18	19	 8684.10
19	17	19003.91
19	18	 8707.48
19	20	 6304.60
19	21	 7001.90
20	19	 6242.65
20	21	 8617.73
20	23	10306.84
21	14	18380.59
21	19	 7003.27
21	20	 8606.42
21	22	 9659.13
22	13	 8392.28
22	21	 9624.42
22	23	 7901.96
23	12	11110.38
23	20	10256.20
23	22	 7861.23
