i	j	n1_l26
1	2	 4839.72
1	3	10350.63
2	1	 6756.43
2	6	 5524.24
3	1	 8433.92
3	4	14708.88
3	12	16308.70
4	3	16283.47
4	5	19750.16
4	11	 9820.26
5	4	27357.59
5	6	 8565.89
5	9	16563.51
6	2	 7440.95
6	5	 9027.95
6	8	12908.50
7	8	13283.37
7	18	15408.73
8	6	15287.27
8	7	12397.07
8	9	 5736.69
8	16	 8505.39
9	5	23708.89
9	8	 6893.53
9	10	20301.01
10	9	28703.23
10	11	    0.00
10	15	23899.08
10	16	11240.25
10	17	 8100.03
11	4	 3887.41
11	10	14465.22
11	12	 4753.08
11	14	 8387.33
12	3	12817.40
12	11	 9425.32
12	13	12711.01
13	12	13991.95
13	24	11076.30
14	11	12347.46
14	15	 9499.10
14	23	 7104.43
15	10	20311.58
15	14	11969.16
15	19	19278.67
15	22	18770.17
16	8	 8841.01
16	10	 9667.59
16	17	11390.86
16	18	17872.28
17	10	 7097.18
17	16	11959.06
17	19	10273.21
18	7	16295.03
18	16	16067.05
18	20	21880.03
19	15	19449.88
19	17	 9838.57
19	20	 8829.54
20	18	20861.09
20	19	 8566.11
20	21	 7168.04
20	22	 7383.59
21	20	 6165.51
21	22	 9229.40
21	24	12277.79
22	15	17381.53
22	20	 7003.75
22	21	 9610.49
22	23	11857.32
23	14	 8594.49
23	22	10469.92
23	24	 7491.26
24	13	12257.24
24	21	10894.18
24	23	 7593.93
