i	j	o13d6l59
0	1	 4495.93
0	2	 8119.36
1	0	 4519.74
1	5	 5968.97
2	0	 8095.55
2	3	14019.19
2	11	10037.29
3	2	14043.51
3	4	18017.26
3	10	 5209.81
4	3	18041.79
4	5	 8796.02
4	8	15787.88
5	1	 5992.78
5	4	 8805.33
5	7	12491.78
6	7	12106.19
6	17	15789.88
7	5	12524.89
7	6	12037.31
7	8	 6880.05
7	15	 8390.74
8	4	15803.10
8	7	 6836.26
8	9	21750.86
9	8	21822.30
9	10	17727.96
9	14	23129.39
9	15	11046.31
9	16	 8100.37
10	3	 5309.60
10	9	17605.22
10	11	 8364.14
10	13	 9778.67
11	2	 9989.16
11	10	 8403.04
11	12	12302.17
12	11	12392.94
12	23	11119.49
13	10	 9816.82
13	14	 9037.34
13	22	 8398.11
14	9	23196.74
14	13	 9077.85
14	18	19089.21
14	21	18403.96
15	7	 8398.77
15	9	11072.68
15	16	11690.78
15	17	15481.42
16	9	 8100.83
16	15	11679.85
16	18	 9956.67
17	6	15858.75
17	15	15526.75
17	19	18980.03
18	14	19120.72
18	16	 9946.20
18	19	 8687.77
19	17	18994.23
19	18	 8708.81
19	20	 6301.34
19	21	 7003.58
20	19	 6240.19
20	21	 8619.49
20	23	10305.46
21	14	18380.30
21	19	 6999.97
21	20	 8607.65
21	22	 9661.24
22	13	 8395.75
22	21	 9622.13
22	23	 7901.87
23	12	11110.27
23	20	10256.16
23	22	 7860.40
