i	j	o20d4
0	1	18829.31
0	2	11793.97
1	0	 7035.78
1	5	15932.13
2	0	 9048.03
2	3	14750.94
2	11	16466.65
3	2	19598.14
3	4	17724.32
3	10	11224.63
4	3	 5667.45
4	5	 9816.10
4	8	12877.27
5	1	 3267.17
5	4	 6124.37
5	7	 7772.87
6	7	 6554.97
6	17	 6341.75
7	5	 8357.79
7	6	 5404.18
7	8	 1143.23
7	15	 5028.64
8	4	 2394.73
8	7	 3339.02
8	9	 9607.68
9	8	 6168.76
9	10	 9322.93
9	14	 4836.84
9	15	10462.71
9	16	 1137.39
10	3	 1446.21
10	9	 8210.08
10	11	 5341.07
10	13	 5427.50
11	2	 3086.13
11	10	 5537.58
11	12	 4522.55
12	11	 4584.99
12	23	 4632.60
13	10	 5859.53
13	14	 3582.45
13	22	 2508.87
14	9	 5402.41
14	13	 2782.97
14	18	 7939.00
14	21	 8010.71
15	7	 5283.46
15	9	 8974.73
15	16	 8187.98
15	17	 5526.33
16	9	  479.54
16	15	 9287.63
16	18	 7030.47
17	6	 6013.29
17	15	 5275.51
17	19	 4370.95
18	14	 6660.04
18	16	 7862.63
18	19	 2118.40
19	17	 5541.47
19	18	 1931.86
19	20	 1867.10
19	21	 1964.93
20	19	 3561.96
20	21	 7724.30
20	23	 6464.37
21	14	 9541.31
21	19	 1999.87
21	20	 4078.98
21	22	 3743.73
22	13	 4000.63
22	21	 2835.06
22	23	 2577.56
23	12	 5050.48
23	20	 4647.72
23	22	 3616.10
