i	j	o12d23l38
0	1	 4560.03
0	2	 8137.00
1	0	 4538.09
1	5	 6022.63
2	0	 8158.94
2	3	14310.40
2	11	10195.44
3	2	14193.25
3	4	18306.66
3	10	 5206.15
4	3	18187.33
4	5	 8799.81
4	8	15963.67
5	1	 6000.69
5	4	 8799.52
5	7	12559.78
6	7	12109.64
6	17	15793.85
7	5	12537.56
7	6	12113.43
7	8	 6880.35
7	15	 8408.39
8	4	15844.63
8	7	 6862.27
8	9	21900.07
9	8	21862.95
9	10	17615.79
9	14	23323.58
9	15	11058.41
9	16	 8101.75
10	3	 5308.33
10	9	17492.44
10	11	 8443.38
10	13	 9854.76
11	2	10334.53
11	10	 8541.27
11	12	12776.44
12	11	13113.42
12	23	10742.05
13	10	 9835.71
13	14	 8963.27
13	22	 8546.17
14	9	23298.55
14	13	 9036.74
14	18	18874.58
14	21	18630.97
15	7	 8408.04
15	9	11070.06
15	16	11654.52
15	17	15548.32
16	9	 8101.35
16	15	11639.53
16	18	 9963.99
17	6	15790.06
17	15	15574.61
17	19	19244.26
18	14	18919.07
18	16	 9948.60
18	19	 8645.36
19	17	19166.75
19	18	 8674.46
19	20	 6491.19
19	21	 7004.64
20	19	 6344.95
20	21	 8525.08
20	23	10430.75
21	14	18534.91
21	19	 7002.47
21	20	 8526.15
21	22	 9635.96
22	13	 8453.65
22	21	 9538.81
22	23	 8359.83
23	12	10979.03
23	20	10283.43
23	22	 8170.17
