i	j	       0	       1	       2	       3	       4	       5	       6	       7	       8	       9	      10	      11	      12	      13	      14	      15	      16	      17	      18	      19	      20	      21	      22	      23
0	1	 2600.19	    0.00	  266.51	  199.98	   17.14	    0.00	    0.01	    0.02	   34.28	  103.07	  199.98	  468.32	  459.85	  100.00	   17.18	    0.02	    0.03	    0.00	    0.02	    0.00	    0.01	    0.10	    0.19	   29.28
0	2	 6199.81	 1155.07	    0.00	    0.00	    0.00	  236.74	  142.15	  246.38	    0.00	    0.00	    0.00	    0.00	    0.00	    0.00	    0.00	  104.35	    0.00	   35.20	    0.00	    0.02	    0.00	    0.00	    0.00	    0.00
1	0	    0.00	 1255.07	    0.00	    0.00	    0.00	  536.74	  642.08	 1046.27	    0.00	    0.00	    0.00	    0.00	    0.00	    0.00	    0.00	  604.28	    0.55	  135.19	    0.02	  299.98	    0.00	    0.00	    0.00	    0.00
1	5	 2500.19	 2744.93	  166.51	    0.00	    0.00	    0.00	    0.00	    0.00	    0.00	    0.00	    0.00	  368.32	  159.85	    0.00	    0.00	    0.00	    0.00	    0.00	    0.00	    0.00	    0.01	    0.03	    0.19	   29.28
2	0	    0.00	    0.00	  366.51	  699.98	  217.14	    0.00	    0.08	    0.13	  534.28	 1403.07	  699.98	  668.32	  959.85	  400.00	  517.18	    0.09	  399.48	    0.01	  300.00	    0.05	  100.01	  400.10	  300.19	  129.28
2	3	 4499.36	  654.81	 1933.29	    0.00	    0.00	    0.00	    0.00	    0.00	    0.00	    0.00	    0.00	 3757.03	 2494.99	    0.08	    0.00	    0.00	    0.00	    0.00	    0.00	    0.00	  202.40	    0.12	    2.70	  470.16
2	11	 1600.45	  400.26	  500.20	 1600.65	  403.14	  500.30	  774.90	 1200.00	 1399.57	  663.95	    1.03	    0.00	    0.00	    0.14	   50.12	  533.68	  187.27	  199.18	   21.48	    0.12	    0.00	    0.00	    0.00	    0.00
3	2	    0.00	    0.00	    0.00	 2500.63	  720.28	  563.56	  732.83	 1153.75	 2033.86	 2367.02	  999.97	    0.00	    0.00	  499.56	  667.26	  629.42	  686.75	  163.99	  321.48	    0.15	    0.00	    0.06	    0.04	    0.00
3	4	 3199.13	  154.91	 1333.38	 6698.43	    0.00	    0.00	    0.00	    0.00	    0.00	    0.10	  905.94	 3156.72	 1894.73	  200.02	    0.05	    0.00	    0.01	    0.00	    0.04	    0.00	    2.52	    0.09	  199.80	  270.17
3	10	  800.23	  299.94	  399.91	 2400.94	  700.08	  599.80	    0.33	    5.86	    0.64	    0.15	    0.00	    0.32	    0.26	    0.06	    0.05	    0.10	    0.04	    0.09	    0.02	    0.02	    0.02	    0.04	    0.05	    0.02
4	3	    0.00	    0.04	    0.00	    0.00	 1920.36	 1563.36	 1133.15	 1859.61	 2734.50	 3565.80	    0.00	    0.00	    0.00	    0.00	 1165.04	 1429.52	 1186.38	  264.08	  520.55	  300.17	    0.03	  399.10	    0.00	    0.00
4	5	    0.00	    0.00	  529.41	 2134.81	 1261.88	    0.00	    0.02	    0.03	  565.85	 1296.87	  405.79	 1469.61	  579.38	  100.03	  282.77	    0.03	    0.04	    0.00	    0.04	    0.01	    0.01	    0.00	   99.80	   70.71
4	8	 2999.13	  899.70	  703.96	 4063.62	 2917.76	 1399.46	    0.02	    0.09	    0.00	    0.00	    0.16	 1487.11	 1115.35	    0.00	    0.00	    0.05	    0.00	    0.01	    0.00	    0.02	    0.00	    0.00	    0.00	  199.46
5	1	    0.00	    0.00	    0.00	    0.02	   82.86	  936.74	  842.07	 1446.25	  165.72	  496.93	    0.02	    0.00	    0.00	    0.01	   82.82	 1004.26	  200.52	  135.19	  100.00	  399.97	    0.00	   99.93	    0.00	    0.00
5	4	    0.00	  844.82	    0.00	    0.00	    0.00	 3162.82	 1028.99	 1805.22	    0.00	    0.00	    0.00	    0.00	    0.00	    0.00	    0.00	 1453.31	    0.07	  201.71	    0.02	  306.98	    0.00	    0.00	    0.00	    0.00
5	7	 2200.19	 1500.10	  395.92	 1734.79	  979.02	 3500.44	    0.00	    0.00	    0.13	    0.06	    5.77	 1637.93	  539.22	    0.02	    0.00	    0.00	    0.00	    0.00	    0.00	    0.00	    0.00	    0.00	    0.00	    0.00
6	7	    0.00	    0.00	    0.00	    0.00	    0.00	    0.00	 4180.76	    0.00	    0.00	    0.00	    0.00	    0.00	    0.00	  399.88	  599.80	  390.12	  133.71	  999.13	  999.57	 2599.55	  500.15	  799.88	  299.99	  200.00
6	17	  429.68	  335.72	    9.39	  436.12	  122.69	  983.46	 7919.24	 4511.18	  829.85	    0.28	    0.13	  219.96	    0.16	    0.00	    0.00	    0.00	    0.02	    0.00	    0.00	    0.00	    0.00	    0.00	    0.00	    0.00
7	5	    0.00	    0.00	    0.00	    0.00	    0.00	    0.00	 2271.05	 4051.45	    0.00	    0.11	    0.00	    0.00	    0.00	    0.00	    0.05	 3357.54	  700.54	  436.90	  299.99	 1006.94	   99.99	  299.90	    0.00	    0.01
7	6	  929.68	  535.72	  109.39	  836.12	  322.69	 1383.46	    0.00	 5511.18	 1429.80	    1.10	    1.33	  919.74	   60.05	    0.00	    0.00	    0.00	    0.10	    0.00	    0.00	    0.00	    0.00	    0.00	    0.00	    0.00
7	8	    0.00	    0.00	    0.00	    0.00	    0.00	    0.00	  909.90	 3748.49	    0.00	    0.00	    0.00	    0.00	    0.00	    0.00	    0.00	 1268.38	    0.00	  262.28	    0.00	  692.72	    0.18	    0.00	    0.00	    0.00
7	15	  470.58	  564.42	  174.68	  687.40	  429.57	 1317.07	    0.00	 3388.88	  872.19	    0.46	    0.20	  482.36	    0.13	    0.05	    0.00	    0.00	    0.00	    0.00	    0.00	    0.00	    0.00	    0.00	    0.00	    0.00
8	4	    0.00	    0.00	    0.00	    0.00	    0.00	    0.00	  304.20	  554.50	 4100.34	 5862.57	    0.00	    0.00	    0.00	    0.00	 1647.76	  476.29	 1386.34	   62.37	  620.53	   93.22	   97.51	  599.00	    0.00	    0.00
8	7	    0.07	    0.04	   88.15	  488.73	  273.24	    0.08	    0.00	    0.00	 3101.86	 1601.38	  795.77	  364.17	  120.95	    0.00	    0.00	    0.00	    0.21	    0.00	    0.00	    0.00	    0.00	    0.00	    0.00	    0.00
8	9	 2499.06	  699.66	  515.81	 2874.89	 1844.52	  999.38	    5.77	 2394.07	 8997.80	    0.00	    0.00	  523.05	  394.51	    0.00	    0.00	    0.23	    0.00	    0.13	    0.00	    0.26	    0.00	    0.00	    0.00	    0.00
9	8	    0.00	    0.00	    0.00	    0.00	    0.00	    0.00	    0.05	    0.00	    0.00	10263.95	 2195.61	    0.11	    0.11	  600.00	 2647.76	  608.08	 2286.55	    0.22	 1020.53	    0.74	  397.33	 1299.00	  500.00	    0.54
9	10	    0.00	    0.00	    0.00	    0.00	    0.00	    0.00	  499.67	  794.16	 1722.26	 8427.52	    0.00	    0.00	    0.00	    0.00	 1273.24	 1565.49	 1913.01	  199.83	  421.18	  420.62	    2.29	  487.10	    0.00	    0.00
9	14	  799.65	   99.75	   99.96	 1098.73	  596.86	  199.49	    0.00	    0.00	 3077.42	14565.19	 1928.10	  656.57	    3.98	    0.00	    0.00	    0.00	    0.74	    0.00	    0.00	    0.00	    0.00	    0.00	    0.00	    0.00
9	15	    0.00	    0.00	   15.93	   76.52	   47.83	    0.00	    0.00	    0.00	  498.27	 8043.23	 2168.20	  197.01	    0.10	    0.00	    0.00	    0.00	    0.00	    0.00	    0.00	    0.00	    0.00	    0.00	    0.00	    0.00
9	16	  399.62	    0.02	   99.98	  499.91	  199.94	    0.04	    0.08	    0.11	  899.84	 3900.11	  999.91	  599.90	  499.91	    0.13	    0.12	    0.11	    0.00	    0.05	    0.06	    0.13	    0.05	    0.13	    0.05	    0.02
10	3	    0.00	    0.00	    0.00	    0.00	    0.00	    0.00	    0.00	    0.00	    0.00	    1.47	 3405.91	    0.00	    0.00	 1199.56	    2.32	    0.00	    0.42	    0.00	    0.98	    0.00	    0.11	    0.98	  697.20	    0.03
10	9	    0.21	    0.06	    0.06	    0.27	    0.11	    0.08	    0.00	    0.00	    0.00	    0.00	11191.82	 2930.54	 2009.59	 1076.51	    0.00	    0.00	    0.00	    0.00	    0.00	    0.00	    0.00	    0.00	  341.65	   54.85
10	11	    0.00	    0.00	    0.00	    0.00	    0.00	    0.00	    0.00	    0.00	    0.10	 3236.05	 2400.60	    0.00	    0.00	  715.02	  654.31	  165.74	  912.69	    0.02	  280.40	    0.00	    0.00	    0.00	    0.00	    0.00
10	13	  300.46	  100.04	  100.07	 1000.74	  200.00	  199.78	    0.00	    0.02	  322.80	 1190.15	 5301.66	 1042.88	   21.56	    0.00	    0.00	    0.00	    0.04	    0.00	    0.00	    0.00	    0.00	    0.00	    0.00	    0.00
11	2	    0.00	    0.00	    0.00	    0.00	    0.00	    0.00	    0.00	    0.00	    0.00	    0.00	    1.04	 4625.36	 3554.84	    0.65	    0.05	    0.00	    0.00	    0.00	    0.00	    0.00	  302.41	  500.16	  402.85	  599.44
11	10	    0.44	    0.17	    0.22	    0.07	    0.02	    0.07	    0.00	    0.00	    0.00	    0.00	    0.00	 5373.11	 3030.89	    0.00	    0.00	    0.00	    0.00	    0.00	    0.00	    0.00	    0.04	    0.00	    0.00	    0.31
11	12	 1400.00	  300.10	  299.98	 1000.57	  203.11	  300.23	   74.90	  600.00	  799.67	 1900.00	 1000.59	 3901.53	    0.00	   14.81	    4.38	    0.44	  499.96	    0.02	    1.88	    0.00	    0.00	    0.00	    0.00	    0.00
12	11	    0.00	    0.00	    0.00	    0.00	    0.00	    0.00	    0.00	    0.00	    0.00	    0.00	    0.00	    0.00	 7885.72	    0.31	    0.00	    1.03	    0.00	    0.83	    0.00	  499.88	  602.44	 1200.16	 1102.85	 1099.75
12	23	  900.00	    0.10	  199.98	  400.57	    3.11	  100.23	    0.00	    0.00	  199.67	    0.00	    0.59	 2601.53	 6714.28	    0.00	    0.00	    0.00	    0.00	    0.00	    0.00	    0.00	    0.00	    0.00	    0.00	    0.00
13	10	    0.00	    0.00	    0.00	    0.00	    0.00	    0.00	    0.00	    0.00	    0.00	    0.00	    0.00	    0.00	    0.00	 4591.03	  783.33	    0.15	    0.11	    0.09	  260.18	  179.36	  397.77	  613.84	 2338.79	  654.55
13	14	    0.38	    0.04	    0.05	    0.47	    0.05	    0.03	    0.00	    0.00	    0.00	    0.00	 1016.99	  342.63	   97.74	 6296.65	    0.00	    0.00	    0.00	    0.00	    0.00	    0.00	    0.00	    0.00	 1155.70	  125.29
13	22	    0.09	    0.00	    0.02	  500.29	   99.95	   99.75	    0.00	    0.00	  192.38	  804.61	 2684.74	    0.27	    0.35	 3212.31	  445.35	    0.00	  219.88	    0.00	  138.79	    0.00	    0.00	    0.00	    0.00	    0.00
14	9	    0.00	    0.00	    0.00	    0.00	    0.00	    0.00	    0.00	    0.00	    0.00	    0.00	    0.00	    0.00	    0.00	 1623.62	 7921.11	    0.27	    0.76	    0.05	 3241.59	 1716.00	 1599.67	 4386.23	 1958.40	  745.71
14	13	    0.00	    0.00	    0.00	    0.00	    0.00	    0.00	  199.73	  399.51	  469.58	 1714.46	    0.06	    0.00	    0.00	    0.00	 2528.68	  699.85	  919.94	   99.91	  698.96	  678.45	    1.08	  670.66	    0.00	    0.00
14	18	  300.03	    0.02	    0.01	  200.06	  100.03	    0.05	    0.02	    0.03	  400.14	 3255.39	  830.26	  300.05	  281.40	 2898.22	 5899.55	    0.05	    0.38	    0.01	    0.00	    0.05	  557.44	 2899.83	  899.95	  261.51
14	21	    0.00	    0.00	    0.00	  399.13	  296.87	    0.00	    0.00	    0.00	 1307.71	 5595.33	  714.76	    0.00	    0.00	  474.81	 5050.66	    0.21	 2483.30	    0.00	 2080.87	    0.00	    0.00	    0.00	    0.00	    0.00
15	7	    0.00	    0.00	    0.00	    0.00	    0.00	    0.00	    0.18	    0.00	    0.00	    0.24	    0.00	    0.00	    0.00	    0.15	    0.25	 6435.81	 1966.73	    0.05	    0.41	    0.11	    0.01	    0.03	    0.01	    0.01
15	9	    0.00	    0.05	    0.00	    0.00	    0.00	    0.07	 2393.83	    0.20	    0.00	    0.00	    0.00	    0.00	    0.00	    0.00	    0.00	 6572.23	    0.52	  899.84	    0.18	 1205.05	    0.00	    0.00	    0.00	    0.00
15	16	    0.37	  200.14	    0.01	    0.06	    0.05	  500.27	 1000.43	 1402.37	    0.11	    0.47	    0.08	    0.05	    0.00	    0.00	    0.00	 5953.02	    0.00	  600.22	    0.00	 1556.07	  349.80	    0.10	    0.03	  126.18
15	17	    0.07	    0.05	    0.00	    0.16	    0.04	    0.29	    0.00	    1.15	    0.43	 3644.11	  768.52	    0.07	    0.01	    0.10	    0.24	 7138.94	 3736.83	    0.00	    0.24	    0.00	    0.00	    0.00	    0.00	    0.00
16	9	    0.00	    0.00	    0.00	    0.00	    0.00	    0.00	    0.20	    0.00	    0.00	    0.00	    0.00	    0.00	    0.00	    0.00	    0.00	    0.95	 8099.02	    0.08	    0.00	    0.17	    0.00	    0.00	    0.00	    0.00
16	15	    0.00	    0.00	    0.00	    0.00	    0.00	    0.00	    0.00	    0.00	    0.00	    0.79	    0.08	    0.00	    0.00	  700.18	 1186.43	    0.00	 8503.97	    0.00	 1285.68	    0.00	    0.05	    0.10	    0.04	    0.02
16	18	    0.02	    0.15	    0.00	    0.02	    0.01	    0.30	    0.31	    2.47	    0.03	    0.15	    0.00	    0.00	    0.00	    0.00	    0.00	 3152.18	 6797.00	    0.19	    0.00	    0.00	    0.00	    0.00	    0.00	    0.00
17	6	    0.00	    0.00	    0.00	    0.00	    0.00	    0.00	    0.00	    0.00	    0.05	 1899.17	  498.79	    0.22	  340.12	  599.88	 1099.80	 1790.12	 1133.63	 1199.13	 1399.57	 3099.55	  700.15	 1299.88	  499.99	  300.00
17	15	   29.85	   35.81	    9.39	   36.30	   22.68	   83.55	 4794.44	  214.83	   30.08	    0.34	    0.11	   20.74	  599.78	    0.01	   14.05	    0.00	    0.11	 2000.11	   15.15	 4361.23	  949.76	 1200.02	  500.00	  426.16
17	19	  299.90	  299.96	    0.00	  299.99	  100.04	  800.20	 2924.80	 3997.50	  600.16	 1045.07	  169.74	    0.01	    0.00	    0.00	    0.00	 4848.82	 2003.25	 1600.76	    0.00	    0.00	    0.00	    0.00	    0.00	    0.00
18	14	    0.00	    0.23	    0.00	    0.00	    0.00	    0.53	  699.48	  999.46	    0.00	    0.00	    0.00	    0.00	    0.00	    0.00	    0.00	 1900.24	 4903.63	  299.85	 6821.42	 3493.59	    0.14	    0.35	    0.15	    0.06
18	16	    0.04	    0.00	    0.01	    0.05	    0.02	    0.00	    0.00	    0.00	    0.08	    0.36	    0.09	    0.05	    0.09	 1400.05	 2686.32	    0.00	    0.00	    0.00	 2985.61	  143.97	  250.21	 1699.87	  599.96	  173.82
18	19	    0.02	    0.00	    0.00	    0.03	    0.02	    0.02	    0.00	    0.00	    0.09	 1455.18	  430.17	    0.00	    0.00	 1198.18	 2413.23	    0.00	  193.75	    0.00	 2992.96	    0.00	    0.00	    0.00	    0.00	    0.00
19	17	    0.00	    0.00	    0.00	    0.00	    0.00	    0.00	    0.00	    0.00	    0.00	    0.19	    0.00	    0.95	 1039.72	  699.79	 1313.61	    0.00	    0.13	    0.00	 1714.49	 7860.79	 1749.91	 2799.90	 1100.00	  726.17
19	18	    0.00	  100.06	    0.00	    0.00	    0.00	  200.20	 1099.16	 1696.96	    0.00	    0.00	    0.00	    0.00	   18.69	    0.01	    0.00	   48.01	    0.00	  599.65	    0.00	 4837.52	   92.91	    0.40	    0.16	   12.38
19	20	    0.00	    0.00	    0.00	    0.01	    0.05	  100.01	  625.25	  600.20	    0.19	    0.05	    0.02	    0.01	    0.02	    0.02	    0.03	 1500.86	  496.84	  200.88	   78.57	 2700.49	    0.00	    0.07	    0.03	    0.02
19	21	    0.00	   99.90	    0.00	    0.02	    0.01	  200.00	  700.39	  800.34	    0.05	    0.20	    0.04	    0.00	    0.00	    0.00	    0.15	 1699.95	    0.10	  400.23	    0.07	 3101.20	    0.16	    0.00	    0.00	    0.00
20	19	    0.09	    0.00	    0.00	    0.00	    0.00	    0.00	    0.00	    0.00	    0.00	    0.10	    0.02	  400.88	 1658.28	    0.07	    0.15	    0.00	    0.07	    0.00	    0.17	    0.00	 3042.99	    0.21	    0.90	 1138.30
20	21	  261.38	    0.09	   65.35	    0.15	    0.00	    0.03	    0.06	    0.07	    0.00	    0.00	    0.00	  457.84	 1462.76	    0.00	    0.00	    0.15	    0.00	    0.03	    0.00	    0.37	 4759.10	    0.00	    0.77	 1607.74
20	23	    0.00	    0.00	    0.00	    0.00	    0.00	    0.02	  425.19	  200.13	    0.25	  488.48	    0.00	    0.00	    0.00	    0.00	  682.71	  900.79	  213.32	  100.85	  252.06	 1500.11	 3197.91	 2344.19	    0.00	    0.00
21	14	    0.00	    0.00	    0.00	    0.00	    0.00	    0.00	    0.27	    0.07	    0.00	    0.00	    0.00	    0.85	  879.68	    0.00	    0.00	    0.14	    0.00	    0.12	    0.00	    0.90	 2958.04	10556.37	 2702.50	 1281.86
21	19	    0.00	    0.00	    0.00	    0.00	    0.00	    0.00	    0.00	    0.00	    0.00	    0.09	    0.12	    0.07	    0.16	    1.57	    0.41	    0.00	    0.00	    0.00	    0.00	    0.00	    0.00	 5200.16	 1799.29	    0.27
21	20	    0.01	    0.00	    0.00	    0.02	   96.93	    0.00	    0.00	    0.00	  300.06	 1688.53	    1.09	    0.03	    0.06	    0.73	 1482.83	    0.07	  316.55	    0.00	  573.66	    0.00	    0.00	 4144.33	    0.51	    0.00
21	22	    0.00	    0.00	    0.00	    0.00	    0.00	    0.03	  200.18	  300.34	  307.70	 1306.91	    0.00	    0.00	    0.00	    0.00	  967.56	  500.10	  466.84	  100.14	  307.29	  700.68	    1.22	 4499.14	    0.00	    0.00
22	13	    0.01	    0.00	    0.00	    0.02	    0.00	    0.00	    0.27	    0.47	    0.00	    0.00	    0.00	    0.03	  676.53	    0.00	    0.00	    0.30	    0.00	    0.19	    0.01	    0.91	  796.69	 1143.18	 4594.49	 1179.84
22	21	  138.63	    0.01	   34.65	    0.73	    0.04	    0.00	    0.00	    0.00	    0.00	    0.00	  386.40	  243.11	  717.14	  727.48	    0.00	    0.00	    0.00	    0.00	    0.00	    0.00	    0.00	    0.00	 6601.54	  774.39
22	23	    0.01	    0.00	    0.00	    0.02	    0.00	    0.01	    0.01	    0.01	    0.08	  311.52	  998.38	    0.05	    0.00	 1384.83	  412.91	    0.04	   86.72	    0.00	  146.06	    0.09	    0.05	 1256.05	 3303.97	    0.00
23	12	    0.00	    0.00	    0.00	    0.00	    0.00	    0.00	  325.10	    0.00	    0.00	    0.00	    0.00	    0.00	    0.00	  585.50	  695.62	  600.58	    0.04	  100.81	  298.12	 1099.88	 1202.44	 2500.16	 1902.85	 1799.75
23	20	  361.46	    0.08	   65.35	  200.12	    3.02	    0.03	    0.00	    0.00	    0.00	    0.00	  398.92	 1158.67	 3720.95	  399.33	    0.00	    0.00	    0.00	    0.00	    0.00	    0.00	    0.00	    0.00	  701.12	 3246.02
23	22	  438.56	    0.02	  134.64	    0.47	    0.09	    0.23	    0.10	    0.15	    0.00	    0.00	    0.05	  942.91	 2193.33	    0.00	    0.00	    0.25	    0.00	    0.05	    0.00	    0.33	 1495.52	    0.08	    0.00	 2654.23
