i	j	o3d6l8
0	1	 4493.84
0	2	 8118.90
1	0	 4518.70
1	5	 5993.95
2	0	 8094.04
2	3	14387.62
2	11	10035.27
3	2	14413.88
3	4	17986.77
3	10	 5210.20
4	3	18015.70
4	5	 8795.52
4	8	15783.88
5	1	 6018.80
5	4	 8804.56
5	7	12490.17
6	7	12102.85
6	17	15800.11
7	5	12524.07
7	6	12040.11
7	8	 6881.20
7	15	 8386.26
8	4	15803.76
8	7	 6836.19
8	9	21743.30
9	8	21818.17
9	10	17726.60
9	14	23126.59
9	15	11047.54
9	16	 8100.20
10	3	 5307.54
10	9	17607.51
10	11	 8365.61
10	13	 9778.34
11	2	 9984.15
11	10	 8407.30
11	12	12299.83
12	11	12390.39
12	23	11122.68
13	10	 9814.91
13	14	 9035.03
13	22	 8398.23
14	9	23195.79
14	13	 9078.14
14	18	19085.44
14	21	18404.02
15	7	 8402.43
15	9	11072.05
15	16	11688.07
15	17	15289.64
16	9	 8100.46
16	15	11677.50
16	18	 9951.78
17	6	15862.86
17	15	15340.89
17	19	18991.83
18	14	19117.83
18	16	 9941.47
18	19	 8685.48
19	17	19005.82
19	18	 8707.55
19	20	 6306.92
19	21	 7001.75
20	19	 6244.37
20	21	 8620.24
20	23	10307.78
21	14	18383.94
21	19	 7000.37
21	20	 8607.64
21	22	 9660.53
22	13	 8391.69
22	21	 9626.47
22	23	 7902.83
23	12	11113.23
23	20	10257.82
23	22	 7862.23
