i	j	       0	       1	       2	       3	       4	       5	       6	       7	       8	       9	      10	      11	      12	      13	      14	      15	      16	      17	      18	      19	      20	      21	      22	      23
0	1	 2600.38	    0.00	  250.63	  199.98	    9.04	    0.00	    0.01	    0.02	   18.08	   54.30	  199.98	  454.18	  436.92	   99.99	    9.03	    0.02	    0.02	    0.00	    0.03	    0.00	    0.01	    0.07	    0.11	   27.42
0	2	 6199.62	 1099.82	    0.00	    0.00	    0.00	  231.24	  132.20	  231.32	    0.00	    0.00	    0.00	    0.00	    0.00	    0.00	    0.00	   61.05	    0.00	   32.50	    0.00	    0.02	    0.00	    0.00	    0.00	    0.00
1	0	    0.00	 1199.82	    0.00	    0.00	    0.00	  531.24	  632.18	 1031.29	    0.00	    0.00	    0.00	    0.00	    0.00	    0.00	    0.00	  561.03	    0.39	  132.50	    0.03	  300.01	    0.00	    0.07	    0.00	    0.00
1	5	 2500.38	 2800.18	  150.63	    0.00	    0.00	    0.00	    0.00	    0.00	    0.00	    0.00	    0.00	  354.18	  136.92	    0.00	    0.00	    0.00	    0.00	    0.00	    0.00	    0.00	    0.01	    0.01	    0.11	   27.42
2	0	    0.00	    0.00	  350.63	  699.98	  209.04	    0.00	    0.03	    0.06	  518.08	 1354.30	  699.98	  654.18	  936.92	  399.99	  509.03	    0.04	  399.62	    0.00	  300.00	    0.02	  100.01	  400.00	  300.11	  127.42
2	3	 4499.47	  599.67	 1949.30	    0.00	    0.00	    0.05	    0.00	    0.00	    0.00	    0.00	    0.00	 3888.25	 2418.72	    0.10	    0.00	    0.00	    0.00	    0.00	    0.00	    0.00	  203.18	    0.22	    1.99	  472.09
2	11	 1600.15	  400.15	  500.07	 1601.88	  403.77	  500.45	  700.84	 1200.00	 1399.77	  750.75	    0.97	    0.00	    0.00	    0.22	   60.13	  512.42	  211.66	  198.73	   25.77	    0.18	    0.00	    0.00	    0.00	    0.00
3	2	    0.00	    0.00	    0.00	 2501.86	  712.81	  569.26	  668.67	 1168.73	 2017.85	 2405.05	 1000.38	    0.00	    0.00	  499.87	  669.10	  651.41	  711.29	  166.23	  325.77	    0.17	    0.00	    0.00	    0.00	    0.00
3	4	 3197.28	   99.49	 1348.93	 6696.74	    0.00	    0.00	    0.00	    0.00	    0.00	    0.15	  904.88	 3288.00	 1818.53	  200.10	    0.05	    0.00	    0.02	    0.00	    0.03	    0.00	    3.19	    0.02	  199.93	  272.07
3	10	  802.19	  300.23	  400.37	 2401.40	  699.64	  599.56	    0.34	    1.50	    0.65	    0.19	    0.00	    0.25	    0.18	    0.08	    0.07	    0.14	    0.05	    0.07	    0.02	    0.03	    0.02	    0.05	    0.06	    0.03
4	3	    0.00	    0.05	    0.00	    0.00	 1912.45	 1568.77	 1069.01	 1870.23	 2718.50	 3604.78	    0.00	    0.00	    0.00	    0.00	 1167.76	 1451.54	 1211.19	  266.30	  525.19	  300.20	    0.03	  399.01	    0.00	    0.00
4	5	    0.00	    0.00	  530.93	 2079.59	 1240.28	    0.00	    0.02	    0.04	  581.92	 1345.64	  404.22	 1520.78	  522.77	  100.01	  290.84	    0.04	    0.05	    0.00	    0.18	    0.01	    0.01	    0.09	   99.84	   72.56
4	8	 2997.28	  899.80	  718.00	 4117.15	 2947.27	 1400.19	    0.03	    0.12	    0.00	    0.00	    0.66	 1567.22	 1095.77	    0.10	    0.00	    0.07	    0.00	    0.01	    0.00	    0.03	    0.00	    0.00	    0.09	  199.50
5	1	    0.00	    0.00	    0.00	    0.02	   90.96	  931.24	  832.17	 1431.27	  181.92	  545.70	    0.02	    0.00	    0.00	    0.01	   90.97	  961.01	  200.38	  132.50	  100.00	  400.01	    0.00	  100.01	    0.00	    0.00
5	4	    0.00	  900.36	    0.00	    0.00	    0.00	 3168.96	  980.95	 1832.51	    0.00	    0.00	    0.00	    0.00	    0.00	    0.00	    0.00	 1408.92	    0.08	  205.94	    0.03	  309.00	    0.02	    0.03	    0.00	    0.00
5	7	 2200.38	 1499.82	  381.56	 1679.57	  949.32	 3499.80	    0.00	    0.00	    0.00	    0.08	    4.19	 1674.96	  459.68	    0.00	    0.00	    0.00	    0.00	    0.00	    0.00	    0.00	    0.00	    0.00	    0.00	    0.00
6	7	    0.00	    0.00	    0.00	    0.00	    0.00	    0.00	 4107.46	    0.00	    0.00	  266.68	    0.10	    0.00	    0.00	  399.77	  599.71	  898.67	  349.94	  998.81	  999.32	 2599.42	  499.94	  799.84	  300.01	  199.99
6	17	  452.21	  362.42	   20.76	  482.97	  151.92	 1045.94	 7992.54	 4674.55	  944.37	    0.80	    0.18	  271.80	    0.01	    0.00	    0.00	    0.00	    0.03	    0.00	    0.00	    0.00	    0.00	    0.00	    0.00	    0.00
7	5	    0.00	    0.00	    0.00	    0.00	    0.00	    0.00	 2213.10	 4063.74	    0.00	    0.14	    0.00	    0.00	    0.00	    0.00	    0.12	 3269.89	  700.41	  438.43	  299.85	 1009.00	  100.00	  299.94	    0.05	    0.02
7	6	  952.21	  562.42	  120.76	  882.97	  351.92	 1445.94	    0.00	 5674.55	 1544.23	  329.53	   86.69	  971.80	    2.18	    0.00	    0.00	    0.00	    0.13	    0.00	    0.00	    0.00	    0.00	    0.00	    0.00	    0.00
7	8	    0.00	    0.00	    0.00	    0.00	    0.00	    0.00	  894.61	 3736.18	    0.00	    0.00	    0.00	    0.00	    0.00	    0.00	    0.00	 1050.83	    0.00	  260.54	    0.00	  690.84	    0.00	    0.00	    0.00	    0.00
7	15	  448.27	  537.44	  179.11	  716.51	  447.79	 1253.97	    0.00	 3225.53	 1246.43	    0.63	    0.19	  623.62	    0.40	    0.00	    0.00	    0.00	    0.00	    0.00	    0.00	    0.00	    0.00	    0.00	    0.00	    0.00
8	4	    0.00	    0.00	    0.00	    0.00	    0.00	    0.00	  288.11	  537.88	 4100.42	 5950.26	    0.00	    0.00	    0.00	    0.00	 1658.55	  542.73	 1411.14	   60.38	  625.32	   91.24	   96.83	  599.06	    0.00	    0.00
8	7	    0.09	    0.05	  118.32	  619.91	  350.39	    0.10	    0.00	    0.00	 3590.66	  330.16	  882.59	  520.46	  142.89	    0.03	    0.00	    0.00	    0.26	    0.00	    0.00	    0.00	    0.00	    0.00	    0.00	    0.00
8	9	 2497.19	  699.76	  499.68	 2797.24	 1796.88	 1000.09	    6.59	 2398.43	 8508.92	    0.00	    0.00	  446.82	  352.94	    0.00	    0.00	    0.28	    0.00	    0.26	    0.00	    0.00	    0.00	    0.00	    0.00	    0.00
9	8	    0.00	    0.00	    0.00	    0.00	    0.00	    0.00	    0.06	    0.00	    0.00	 9080.42	 2281.93	    0.06	    0.06	  599.94	 2658.55	  892.11	 2311.40	    0.09	 1025.32	    0.37	  396.83	 1299.06	  499.91	    0.50
9	10	    0.00	    0.00	    0.00	    0.00	    0.00	    0.00	  499.66	  798.54	 1730.06	 8369.94	    0.00	    0.00	    0.00	    0.00	 1300.43	 1587.33	 1888.12	  199.90	  430.07	  421.29	    1.42	  492.02	    0.00	    0.00
9	14	  799.24	  100.02	   99.90	 1098.42	  596.56	  200.12	    0.00	    0.00	 3069.43	14745.91	 1973.11	  659.72	   10.55	    0.00	    0.00	    0.00	    0.93	    0.00	    0.00	    0.00	    0.00	    0.00	    0.00	    0.00
9	15	    0.00	    0.00	    0.13	    0.58	    0.34	    0.00	    0.00	    0.00	    9.53	 9104.00	 2029.30	    4.27	    0.14	    0.00	    0.00	    0.00	    0.00	    0.00	    0.00	    0.00	    0.00	    0.00	    0.00	    0.00
9	16	  399.54	    0.04	   99.99	  499.95	  199.98	    0.05	    0.10	    0.14	  899.91	 3899.73	  999.90	  599.94	  499.95	    0.07	    0.14	    0.13	    0.00	    0.06	    0.08	    0.16	    0.06	    0.16	    0.06	    0.03
10	3	    0.00	    0.00	    0.00	    0.00	    0.00	    0.00	    0.00	    0.00	    0.00	    0.61	 3405.26	    0.00	    0.00	 1199.95	    1.46	    0.00	    0.16	    0.00	    0.62	    0.00	    0.00	    0.83	  698.00	    0.00
10	9	    1.60	    0.24	    0.35	    1.70	    0.00	    0.00	    0.00	    0.00	    0.00	    0.00	11184.23	 2817.17	 2057.77	 1176.26	    0.00	    0.00	    0.00	    0.00	    0.00	    0.00	    0.00	    0.00	  308.89	   49.49
10	11	    0.00	    0.00	    0.00	    0.00	    0.00	    0.00	    0.00	    0.00	    0.12	 3149.25	 2400.18	    0.00	    0.00	  758.37	  655.77	  187.47	  888.12	    0.02	  281.02	    0.00	    0.00	    0.00	    0.00	    0.00
10	13	  300.73	  100.04	  100.09	  999.79	  199.67	  199.64	    0.00	    0.03	  330.58	 1220.26	 5310.33	 1040.16	   50.93	    0.00	    0.00	    0.00	    0.06	    0.00	    0.00	    0.00	    0.00	    0.00	    0.00	    0.00
11	2	    0.00	    0.00	    0.00	    0.00	    0.00	    0.00	    0.00	    0.00	    0.00	    0.00	    0.56	 4742.42	 3455.63	    0.45	    0.06	    0.00	    0.00	    0.00	    0.00	    0.00	  303.19	  500.22	  402.10	  599.52
11	10	    0.14	    0.05	    0.07	    0.09	    0.03	    0.09	    0.00	    0.00	    0.00	    0.00	    0.00	 5257.08	 3108.51	    0.00	    0.00	    0.00	    0.00	    0.00	    0.00	    0.00	    0.05	    0.00	    0.00	    0.38
11	12	 1400.01	  300.10	  300.00	 1001.79	  203.74	  300.36	    0.84	  600.00	  799.89	 1900.00	 1000.59	 3900.49	    0.00	   58.49	   15.84	    0.46	  499.78	    0.04	    6.79	    0.00	    0.00	    0.00	    0.00	    0.00
12	11	    0.00	    0.00	    0.00	    0.00	    0.00	    0.00	    0.00	    0.00	    0.00	    0.00	    0.00	    0.00	 7864.14	    0.35	    0.00	    0.57	    0.00	    1.29	    0.00	  499.82	  603.24	 1200.22	 1102.10	 1099.90
12	23	  900.01	    0.10	  200.00	  401.79	    3.74	  100.36	    0.00	    0.00	  199.89	    0.00	    0.59	 2600.49	 6735.86	    0.00	    0.00	    0.00	    0.00	    0.00	    0.00	    0.00	    0.00	    0.00	    0.00	    0.00
13	10	    0.00	    0.00	    0.00	    0.00	    0.00	    0.00	    0.00	    0.00	    0.00	    0.00	    0.00	    0.00	    0.00	 4734.50	  756.73	    0.00	    0.17	    0.05	  251.55	  178.68	  398.51	  608.75	 2306.83	  649.08
13	14	    0.75	    0.04	    0.10	    1.05	    0.00	    0.00	    0.00	    0.00	    0.00	    0.00	 1028.61	  340.19	  115.66	 6160.59	    0.00	    0.00	    0.00	    0.00	    0.00	    0.00	    0.00	    0.00	 1224.57	  161.98
13	22	    0.00	    0.00	    0.00	  498.76	   99.68	   99.65	    0.00	    0.00	  193.17	  814.94	 2681.80	    0.00	    0.00	 3204.90	  452.48	    0.00	  228.98	    0.00	  141.78	    0.00	    0.00	    0.00	    0.00	    0.00
14	9	    0.00	    0.00	    0.00	    0.00	    0.00	    0.00	    0.00	    0.00	    0.00	    0.00	    0.00	    0.00	    0.00	 1523.74	 7959.13	    0.34	    1.02	    0.06	 3254.92	 1928.97	 1598.31	 4391.24	 1991.08	  751.04
14	13	    0.00	    0.00	    0.00	    0.00	    0.00	    0.00	  199.55	  399.11	  462.60	 1694.68	    0.08	    0.00	    0.00	    0.00	 2509.21	  698.87	  929.09	   99.83	  693.32	  677.54	    1.10	  708.97	    0.00	    0.00
14	18	  299.99	    0.07	    0.00	  200.02	  100.01	    0.14	    0.02	    0.03	  400.07	 3466.15	  883.63	  300.00	  291.83	 2894.89	 5899.84	    0.06	    0.47	    0.01	    0.00	    0.06	  604.86	 2899.90	  899.98	  281.99
14	21	    0.00	    0.00	    0.00	  399.45	  296.54	    0.00	    0.00	    0.00	 1306.77	 5585.08	  718.00	    0.00	    0.00	  441.96	 5031.82	    0.27	 2550.93	    0.00	 2104.92	    0.00	    0.00	    0.00	    0.00	    0.00
15	7	    0.00	    0.00	    0.00	    0.00	    0.00	    0.00	    0.25	    0.00	    0.00	 1333.39	    0.00	    0.00	    0.00	    0.20	    0.41	 5622.05	 1750.33	    0.16	    0.53	    0.42	    0.06	    0.10	    0.04	    0.03
15	9	    0.00	    0.06	    0.00	    0.00	    0.00	    0.08	 2392.93	    0.25	    0.00	    0.00	    0.00	    0.00	    0.00	    0.00	    0.00	 6875.84	    1.84	  899.48	    0.23	  992.59	    0.00	    0.00	    0.00	    0.00
15	16	    0.49	  200.02	    0.01	    0.07	    0.03	  500.08	 1000.50	 1401.11	    0.13	    0.59	    0.10	    0.06	    0.00	    0.00	    0.00	 5995.87	    0.00	  600.35	    0.00	 1599.65	  341.95	    0.00	    0.00	  112.43
15	17	    0.02	    0.00	    0.00	    0.07	    0.02	    0.03	    0.00	    0.18	    0.36	 3371.21	  629.52	    0.08	    0.00	    0.03	    0.07	 7606.23	 4000.96	    0.00	    0.11	    0.00	    0.00	    0.00	    0.00	    0.00
16	9	    0.00	    0.00	    0.00	    0.00	    0.00	    0.00	    0.30	    0.00	    0.00	    0.00	    0.00	    0.00	    0.00	    0.00	    0.00	    3.12	 8097.59	    0.24	    0.33	    0.27	    0.00	    0.00	    0.00	    0.00
16	15	    0.00	    0.00	    0.00	    0.00	    0.00	    0.00	    0.00	    0.00	    0.00	    0.14	    0.00	    0.00	    0.00	  698.51	 1198.05	    0.00	 8553.00	    0.00	 1298.32	    0.00	    0.06	    0.12	    0.05	    0.03
16	18	    0.03	    0.06	    0.00	    0.02	    0.01	    0.13	    0.30	    1.24	    0.04	    0.19	    0.00	    0.00	    0.00	    0.00	    0.00	 3192.89	 6749.41	    0.16	    0.00	    0.00	    0.00	    0.00	    0.00	    0.00
17	6	    0.00	    0.00	    0.00	    0.00	    0.00	    0.00	    0.00	    0.00	    0.14	 1837.94	  413.59	    0.00	  397.83	  599.77	 1099.71	 2298.67	 1349.85	 1198.81	 1399.32	 3099.42	  699.94	 1299.84	  500.01	  299.99
17	15	   52.24	   62.64	   20.76	   83.06	   51.91	  146.23	 4793.68	  376.00	  144.54	    0.42	    0.14	   72.25	  599.47	    1.73	    2.43	    0.00	    0.13	 1999.98	    2.54	 4192.65	  941.95	 1199.98	  499.99	  412.43
17	19	  299.99	  299.78	    0.00	  299.99	  100.02	  799.74	 2998.86	 3998.73	  600.05	  834.04	  116.02	    0.02	    0.00	    0.00	    0.00	 4807.57	 2051.17	 1601.20	    0.00	    0.00	    0.00	    0.00	    0.00	    0.00
18	14	    0.00	    0.01	    0.00	    0.00	    0.00	    0.02	  699.50	  999.05	    0.00	    0.00	    0.00	    0.00	    0.00	    0.00	    0.00	 1899.37	 4980.59	  299.87	 6853.15	 3705.77	    0.18	    0.44	    0.18	    0.08
18	16	    0.00	    0.00	    0.00	    0.00	    0.00	    0.00	    0.00	    0.00	    0.00	    0.00	    0.00	    0.00	    0.05	 1398.44	 2697.90	    0.00	    0.00	    0.00	 2998.57	  100.46	  258.05	 1699.96	  599.99	  187.57
18	19	    0.02	    0.00	    0.00	    0.04	    0.02	    0.03	    0.00	    0.00	    0.11	 1666.34	  483.63	    0.00	    0.00	 1196.47	 2401.93	    0.00	   69.30	    0.00	 2948.28	    0.00	    0.00	    0.00	    0.00	    0.00
19	17	    0.00	    0.00	    0.00	    0.00	    0.00	    0.00	    0.00	    0.00	    0.00	    0.40	    0.04	    0.39	 1097.29	  701.46	 1302.07	    0.00	    0.16	    0.00	 1701.75	 7692.07	 1741.89	 2799.82	 1100.00	  712.42
19	18	    0.00	   99.88	    0.00	    0.00	    0.00	  199.78	 1099.18	 1697.77	    0.00	    0.00	    0.00	    0.00	    8.22	    0.01	    0.00	    6.41	    0.00	  599.69	    0.00	 5006.16	   53.38	    0.50	    0.20	    5.66
19	20	    0.00	    0.00	    0.00	    0.01	    0.03	  100.01	  699.43	  600.40	    0.09	    0.06	    0.02	    0.01	    0.03	    0.02	    0.04	 1500.70	  420.26	  201.40	   46.64	 2700.92	    0.00	    0.09	    0.03	    0.02
19	21	    0.00	   99.90	    0.00	    0.02	    0.01	  199.98	  700.24	  800.55	    0.07	    0.25	    0.05	    0.00	    0.00	    0.00	    0.19	 1700.46	    0.12	  400.11	    0.09	 3100.85	    0.20	    0.00	    0.00	    0.00
20	19	    0.00	    0.00	    0.00	    0.00	    0.00	    0.00	    0.00	    0.00	    0.00	    0.20	    0.03	  400.25	 1704.97	    0.09	    0.19	    0.00	    0.08	    0.00	    0.21	    0.00	 2995.47	    0.26	    3.20	 1117.63
20	21	  259.44	    0.03	   64.86	    0.05	    0.00	    0.03	    0.07	    0.09	    0.00	    0.00	    0.00	  454.02	 1452.37	    0.00	    0.00	    0.18	    0.00	    0.04	    0.00	    0.47	 4805.12	    0.00	    0.00	 1599.35
20	23	    0.00	    0.00	    0.00	    0.00	    0.00	    0.02	  499.36	  200.31	    0.03	  473.37	    0.00	    0.00	    0.00	    0.00	  665.96	  900.61	  201.35	  101.36	  243.89	 1500.45	 3199.41	 2311.80	    0.00	    0.00
21	14	    0.00	    0.00	    0.00	    0.00	    0.00	    0.00	    0.07	    0.09	    0.00	    0.00	    0.00	    0.09	  865.62	    0.00	    0.00	    0.18	    0.00	    0.03	    0.00	    0.80	 3004.09	10599.68	 2666.30	 1270.97
21	19	    0.00	    0.00	    0.00	    0.00	    0.00	    0.00	    0.00	    0.00	    0.00	    0.12	    0.43	    0.14	    0.57	    4.93	    0.18	    0.00	    0.00	    0.00	    0.00	    0.00	    0.00	 5200.14	 1797.03	    0.47
21	20	    0.00	    0.00	    0.00	    0.00	   96.58	    0.00	    0.00	    0.00	  299.92	 1673.51	    2.24	    0.00	    0.00	    1.44	 1466.11	    0.09	  381.17	    0.00	  597.45	    0.00	    0.00	 4111.97	    1.14	    0.00
21	22	    0.00	    0.00	    0.00	    0.00	    0.00	    0.01	  200.24	  300.55	  306.92	 1311.69	    0.00	    0.00	    0.00	    0.00	  965.72	  500.63	  469.89	  100.12	  307.56	  700.52	    1.24	 4488.20	    0.00	    0.00
22	13	    0.01	    0.00	    0.00	    0.02	    0.00	    0.00	    0.45	    0.86	    0.00	    0.00	    0.00	    0.03	  664.73	    0.00	    0.00	    1.13	    0.00	    0.22	    0.01	    1.14	  797.41	 1099.78	 4631.41	 1211.06
22	21	  140.56	    0.06	   35.14	    0.48	    0.03	    0.00	    0.00	    0.00	    0.00	    0.00	  384.62	  246.20	  713.82	  764.42	    0.00	    0.00	    0.00	    0.00	    0.00	    0.00	    0.00	    0.00	 6564.47	  772.09
22	23	    0.00	    0.00	    0.00	    0.00	    0.00	    0.00	    0.01	    0.02	    0.09	  326.63	  997.24	    0.00	    0.00	 1340.49	  418.20	    0.06	   98.87	    0.00	  149.32	    0.12	    0.07	 1289.07	 3304.12	    0.00
23	12	    0.00	    0.00	    0.00	    0.00	    0.00	    0.00	  399.16	    0.00	    0.00	    0.00	    0.00	    0.00	    0.00	  541.86	  684.16	  600.11	    0.22	  101.25	  293.21	 1099.82	 1203.24	 2500.22	 1902.10	 1799.90
23	20	  359.44	    0.03	   64.86	  200.04	    3.39	    0.04	    0.00	    0.00	    0.01	    0.00	  397.77	 1154.26	 3757.31	  398.63	    0.00	    0.00	    0.00	    0.00	    0.00	    0.00	    0.00	    0.00	  702.03	 3216.95
23	22	  440.57	    0.07	  135.14	    1.75	    0.35	    0.34	    0.22	    0.33	    0.00	    0.00	    0.06	  946.24	 2178.55	    0.00	    0.00	    0.55	    0.00	    0.11	    0.00	    0.75	 1496.23	    0.65	    0.00	 2683.15
