i	j	o10d5l30
0	1	 4501.56
0	2	 8152.32
1	0	 4552.03
1	5	 5980.83
2	0	 8101.86
2	3	14408.25
2	11	10244.48
3	2	14210.52
3	4	18008.07
3	10	 5208.23
4	3	18206.55
4	5	 8787.16
4	8	15792.57
5	1	 6031.29
5	4	 8810.98
5	7	12489.83
6	7	12124.33
6	17	15822.40
7	5	12564.12
7	6	12040.12
7	8	 6875.45
7	15	 8381.08
8	4	15967.23
8	7	 6831.37
8	9	21758.32
9	8	21988.90
9	10	17589.43
9	14	23110.02
9	15	11041.69
9	16	 8100.10
10	3	 4912.02
10	9	17646.11
10	11	 8512.83
10	13	 9803.09
11	2	10391.74
11	10	 8396.97
11	12	12255.66
12	11	12387.06
12	23	11125.56
13	10	 9779.42
13	14	 9024.61
13	22	 8421.18
14	9	23168.78
14	13	 9043.23
14	18	19083.10
14	21	18422.25
15	7	 8415.24
15	9	11056.84
15	16	11676.79
15	17	15324.29
16	9	 8100.09
16	15	11673.42
16	18	 9950.48
17	6	15906.62
17	15	15376.97
17	19	19005.77
18	14	19096.94
18	16	 9947.09
18	19	 8680.52
19	17	19042.66
19	18	 8690.98
19	20	 6310.69
19	21	 7000.36
20	19	 6256.92
20	21	 8593.40
20	23	10300.63
21	14	18385.79
21	19	 7001.49
21	20	 8594.28
21	22	 9636.19
22	13	 8378.90
22	21	 9601.73
22	23	 7954.02
23	12	11156.96
23	20	10245.98
23	22	 7877.27
