i	j	       0	       1	       2	       3	       4	       5	       6	       7	       8	       9	      10	      11	      12	      13	      14	      15	      16	      17	      18	      19	      20	      21	      22	      23
0	1	 2600.65	    0.00	  270.49	  200.02	   14.08	    0.00	    0.01	    0.01	   28.16	   84.52	  200.04	  489.89	  465.41	  100.01	   14.13	    0.01	    0.01	    0.00	    0.04	    0.00	    0.01	    0.06	    0.26	   28.92
0	2	 6199.35	 1187.47	    0.00	    0.00	    0.00	  242.04	  133.70	  231.53	    0.00	    0.00	    0.00	    0.00	    0.00	    0.00	    0.00	   92.02	    0.00	   32.53	    0.00	    0.02	    0.00	    0.00	    0.00	    0.00
1	0	    0.00	 1287.47	    0.00	    0.00	    0.00	  542.04	  633.68	 1031.51	    0.00	    0.00	    0.00	    0.00	    0.00	    0.00	    0.00	  592.00	    0.66	  132.53	    0.04	  299.96	    0.00	    0.00	    0.00	    0.00
1	5	 2500.65	 2712.53	  170.49	    0.04	    0.00	    0.00	    0.00	    0.00	    0.00	    0.00	    0.05	  389.89	  165.41	    0.01	    0.00	    0.00	    0.00	    0.00	    0.00	    0.00	    0.01	    0.03	    0.26	   28.92
2	0	    0.00	    0.00	  370.49	  700.02	  214.08	    0.00	    0.02	    0.04	  528.16	 1384.52	  700.04	  689.89	  965.41	  400.01	  514.13	    0.03	  399.35	    0.00	  300.00	    0.06	  100.01	  400.06	  300.26	  128.92
2	3	 4497.03	  686.85	 1629.09	    0.00	    0.00	    0.00	    0.00	    0.00	    0.00	    0.00	    0.07	 3915.40	 2613.38	    0.10	    0.00	    0.00	    0.00	    0.00	    0.00	    0.00	  202.52	    0.37	    2.15	  471.02
2	11	 1602.31	  400.62	  800.42	 1601.96	  403.03	  500.46	  771.31	 1200.00	 1399.71	  667.80	    0.85	    0.00	    0.00	    0.07	   46.24	  536.47	  188.28	  198.68	   19.82	    0.21	    0.00	    0.00	    0.00	    0.00
3	2	    0.00	    0.00	    0.00	 2501.98	  717.11	  558.42	  737.63	 1168.51	 2027.87	 2352.24	 1000.42	    0.00	    0.00	  499.81	  660.30	  644.48	  687.60	  166.14	  319.80	    0.21	    0.00	    0.00	    0.00	    0.00
3	4	 3197.04	  187.04	 1029.30	 6697.10	    0.00	    0.00	    0.00	    0.00	    0.00	    0.00	  906.30	 3314.11	 2012.56	  200.04	    0.01	    0.00	    0.00	    0.00	    0.00	    0.00	    2.55	    0.02	  199.74	  270.91
3	10	  799.99	  299.84	  399.79	 2400.92	  699.78	  599.59	    0.16	    4.15	    0.59	    0.14	    0.00	    1.28	    0.83	    0.06	    0.05	    0.10	    0.04	    0.05	    0.01	    0.02	    0.01	    0.04	    0.05	    0.11
4	3	    0.00	    0.04	    0.00	    0.00	 1916.89	 1558.01	 1137.80	 1872.66	 2728.45	 3551.72	    0.00	    0.00	    0.00	    0.00	 1159.14	 1444.58	 1187.46	  266.20	  519.32	  300.23	    0.04	  399.16	    0.00	    0.00
4	5	    0.00	    0.00	  524.10	 2128.76	 1261.30	    0.00	    0.01	    0.03	  571.97	 1315.43	  404.33	 1456.28	  576.63	  100.01	  285.68	    0.03	    0.04	    0.00	    0.07	    0.01	    0.01	    0.00	   99.74	   71.06
4	8	 2997.04	  899.64	  405.23	 4068.34	 2921.81	 1399.94	    0.02	    0.08	    0.00	    0.00	    1.97	 1657.83	 1235.93	    0.03	    0.00	    0.05	    0.00	    0.01	    0.00	    0.02	    0.00	    0.00	    0.00	  199.84
5	1	    0.00	    0.00	    0.00	    0.02	   85.92	  942.04	  833.67	 1431.49	  171.84	  515.48	    0.02	    0.00	    0.00	    0.01	   85.87	  991.99	  200.65	  132.53	  100.00	  399.96	    0.00	   99.97	    0.00	    0.00
5	4	    0.00	  812.64	    0.03	    0.00	    0.00	 3157.95	 1033.81	 1819.64	    0.00	    0.00	    0.00	    0.00	    0.00	    0.00	    0.00	 1471.19	    0.30	  204.24	    0.02	  305.74	    0.03	    0.00	    0.00	    0.00
5	7	 2200.65	 1499.90	  394.56	 1728.79	  975.38	 3500.02	    0.00	    0.00	    0.13	    0.06	    4.37	 1646.17	  542.04	    0.02	    0.00	    0.00	    0.00	    0.00	    0.00	    0.00	    0.00	    0.00	    0.00	    0.00
6	7	    0.00	    0.00	    0.00	    0.00	    0.00	    0.00	 4175.24	    0.00	    0.00	    0.00	    0.00	    0.00	    0.00	  399.94	  600.04	  392.22	  137.58	  999.01	  999.74	 2599.78	  500.18	  799.87	  299.98	  199.99
6	17	  430.49	  336.48	    8.14	  430.83	  119.34	  985.37	 7924.76	 4518.54	  826.87	    0.32	    0.11	  218.55	    0.00	    0.00	    0.00	    0.00	    0.02	    0.00	    0.00	    0.00	    0.00	    0.00	    0.00	    0.00
7	5	    0.00	    0.00	    0.00	    0.00	    0.00	    0.00	 2267.47	 4051.10	    0.00	    0.11	    0.00	    0.00	    0.00	    0.00	    0.18	 3363.14	  700.92	  436.76	  299.96	 1005.68	  100.02	  299.94	    0.00	    0.01
7	6	  930.49	  536.48	  108.14	  830.83	  319.34	 1385.37	    0.00	 5518.54	 1426.83	    3.45	    0.49	  918.55	   64.05	    0.00	    0.00	    0.00	    0.09	    0.00	    0.00	    0.00	    0.00	    0.00	    0.00	    0.00
7	8	    0.00	    0.00	    0.00	    0.00	    0.00	    0.00	  907.77	 3748.84	    0.00	    0.00	    0.00	    0.00	    0.00	    0.00	    0.00	 1266.46	    0.00	  262.36	    0.00	  694.38	    0.20	    0.00	    0.00	    0.00
7	15	  470.23	  563.46	  172.10	  682.23	  426.34	 1314.72	    0.00	 3381.52	  886.73	    0.43	    0.14	  487.84	    0.38	    0.00	    0.00	    0.00	    0.00	    0.00	    0.00	    0.00	    0.00	    0.00	    0.00	    0.00
8	4	    0.00	    0.00	    0.00	    0.00	    0.00	    0.00	  304.02	  553.13	 4100.42	 5867.15	    0.00	    0.00	    0.00	    0.00	 1644.81	  473.47	 1387.19	   61.97	  619.36	   94.53	   97.47	  599.14	    0.00	    0.00
8	7	    0.07	    0.04	   85.69	  484.28	  270.29	    0.08	    0.00	    0.00	 3113.42	 1603.71	  796.26	  360.22	  122.40	    0.00	    0.00	    0.00	    0.19	    0.00	    0.00	    0.00	    0.00	    0.00	    0.00	    0.00
8	9	 2496.97	  699.61	  219.54	 2884.06	 1851.51	  999.86	    3.82	 2395.79	 8986.15	    0.00	    0.37	  697.68	  513.60	    0.00	    0.00	    0.21	    0.00	    0.41	    0.00	    0.00	    0.00	    0.00	    0.00	    0.00
9	8	    0.00	    0.00	    0.00	    0.00	    0.00	    0.00	    0.05	    0.00	    0.00	10270.85	 2194.65	    0.07	    0.07	  599.97	 2644.81	  607.18	 2287.39	    0.02	 1019.36	    0.13	  397.27	 1299.14	  500.00	    0.16
9	10	    0.00	    0.00	    0.00	    0.00	    0.00	    0.00	  499.84	  795.87	 1719.37	 8404.88	    0.00	    0.00	    0.00	    0.00	 1291.96	 1563.63	 1911.59	  199.96	  428.12	  423.69	    1.64	  486.99	    0.00	    0.00
9	14	  799.22	   99.93	   99.90	 1097.62	  597.19	  199.89	    0.00	    0.00	 3080.18	14584.39	 1908.13	  658.82	    2.77	    0.00	    0.00	    0.00	    0.69	    0.00	    0.00	    0.00	    0.00	    0.00	    0.00	    0.00
9	15	    0.00	    0.00	   19.76	   86.99	   54.37	    0.00	    0.00	    0.00	  486.75	 8038.87	 2166.36	  191.95	    0.11	    0.00	    0.00	    0.00	    0.00	    0.00	    0.00	    0.00	    0.00	    0.00	    0.00	    0.00
9	16	  399.29	    0.03	   99.98	  499.89	  199.96	    0.04	    0.07	    0.10	  899.85	 3901.01	  999.91	  600.01	  499.89	    0.05	    0.11	    0.10	    0.00	    0.04	    0.06	    0.12	    0.04	    0.12	    0.04	    0.02
10	3	    0.00	    0.00	    0.00	    0.00	    0.00	    0.00	    0.00	    0.00	    0.00	    0.66	 3406.66	    0.00	    0.00	 1199.82	    1.22	    0.00	    0.18	    0.00	    0.50	    0.00	    0.00	    0.53	  697.64	    0.00
10	9	    1.54	    0.31	  300.10	    0.44	    0.00	    0.00	    0.00	    0.00	    0.00	    0.00	11168.68	 2753.17	 1889.24	 1128.79	    0.00	    0.00	    0.00	    0.00	    0.00	    0.00	    0.00	    0.00	  317.31	   44.69
10	11	    0.00	    0.00	    0.00	    0.00	    0.00	    0.00	    0.00	    0.00	    0.09	 3232.36	 2400.06	    0.00	    0.00	  714.67	  660.20	  163.73	  911.41	    0.02	  282.92	    0.00	    0.00	    0.00	    0.00	    0.00
10	13	  300.94	  100.11	  100.15	 1000.55	  199.80	  199.65	    0.00	    0.02	  319.87	 1172.00	 5324.61	 1041.62	   19.31	    0.00	    0.00	    0.00	    0.04	    0.00	    0.00	    0.00	    0.00	    0.00	    0.00	    0.00
11	2	    0.00	    0.00	    0.00	    0.00	    0.00	    0.00	    0.00	    0.00	    0.00	    0.08	    0.53	 4805.28	 3678.79	    0.36	    0.07	    0.00	    0.03	    0.00	    0.01	    0.05	  302.53	  500.43	  402.41	  599.94
11	10	    2.49	    0.57	  300.46	    0.07	    0.02	    0.06	    0.00	    0.00	    0.00	    0.00	    0.00	 5193.50	 2907.72	    0.00	    0.00	    0.00	    0.00	    0.00	    0.00	    0.00	    0.00	    0.00	    0.00	    0.00
11	12	 1399.83	  300.05	  299.96	 1001.89	  203.01	  300.39	   71.42	  600.00	  799.80	 1900.08	 1000.37	 3901.21	    0.00	   14.77	    6.54	    0.30	  499.66	    0.04	    2.80	    0.00	    0.00	    0.00	    0.00	    0.00
12	11	    0.00	    0.00	    0.00	    0.00	    0.00	    0.00	    0.11	    0.00	    0.00	    0.00	    0.00	    0.00	 7886.52	    0.39	    0.17	    0.11	    0.00	    1.35	    0.07	  499.83	  602.53	 1200.43	 1102.41	 1099.94
12	23	  899.83	    0.05	  199.96	  401.89	    3.01	  100.39	    0.00	    0.00	  199.80	    0.08	    0.37	 2601.21	 6713.48	    0.00	    0.00	    0.00	    0.00	    0.00	    0.00	    0.00	    0.00	    0.00	    0.00	    0.00
13	10	    0.00	    0.00	    0.00	    0.00	    0.00	    0.00	    0.00	    0.00	    0.00	    0.00	    0.00	    0.00	    0.00	 4643.22	  769.41	    0.00	    0.00	    0.00	  255.29	  176.29	  398.35	  613.50	 2314.91	  644.58
13	14	    0.85	    0.11	    0.13	    0.95	    0.15	    0.04	    0.00	    0.00	    0.00	    0.00	 1034.62	  341.52	   99.46	 6223.75	    0.00	    0.00	    0.00	    0.00	    0.00	    0.00	    0.00	    0.00	 1202.98	  131.08
13	22	    0.10	    0.00	    0.03	  499.62	   99.66	   99.62	    0.00	    0.00	  193.09	  798.84	 2690.04	    0.12	    0.18	 3233.03	  431.73	    0.00	  218.57	    0.00	  134.30	    0.00	    0.00	    0.00	    0.00	    0.00
14	9	    0.00	    0.00	    0.00	    0.00	    0.00	    0.00	    0.00	    0.00	    0.00	    0.00	    0.00	    0.00	    0.00	 1571.23	 7936.88	    0.25	    0.82	    0.05	 3247.24	 1715.68	 1598.95	 4386.25	 1982.73	  755.49
14	13	    0.00	    0.00	    0.00	    0.02	    0.00	    0.00	  199.95	  399.90	  473.22	 1726.85	    0.06	    0.00	    0.00	    0.00	 2501.14	  699.83	  918.53	   99.98	  689.58	  676.15	    0.76	  693.48	    0.00	    0.00
14	18	  299.99	    0.04	    0.01	  200.08	  100.01	    0.04	    0.01	    0.03	  400.05	 3256.42	  832.88	  300.20	  281.07	 2896.99	 5899.97	    0.05	    0.35	    0.01	    0.00	    0.04	  557.65	 2899.93	  899.99	  259.83
14	21	    0.08	    0.00	    0.02	  398.47	  297.32	    0.00	    0.00	    0.00	 1306.91	 5601.12	  709.82	    0.14	    0.00	  455.53	 5062.00	    0.20	 2490.83	    0.00	 2081.51	    0.00	    0.00	    0.00	    0.00	    0.00
15	7	    0.00	    0.00	    0.00	    0.00	    0.00	    0.00	    0.00	    0.00	    0.00	    0.23	    0.00	    0.00	    0.00	    0.05	    0.14	 6437.38	 1963.24	    0.11	    0.22	    0.28	    0.04	    0.07	    0.03	    0.02
15	9	    0.00	    0.05	    0.00	    0.00	    0.00	    0.06	 2395.97	    0.19	    0.00	    0.00	    0.00	    0.00	    0.00	    0.00	    0.00	 6568.25	    0.50	  899.49	    0.17	 1208.08	    0.00	    0.00	    0.00	    0.00
15	16	    0.73	  200.02	    0.01	    0.12	    0.05	  500.10	 1000.26	 1400.76	    0.18	    0.44	    0.08	    0.08	    0.03	    0.00	    0.00	 5966.48	    0.00	  600.12	    0.00	 1540.82	  348.42	    0.00	    0.00	  127.16
15	17	    0.07	    0.04	    0.00	    0.07	    0.02	    0.13	    0.00	    0.60	    0.96	 3640.26	  767.13	    0.11	    0.04	    0.02	    0.05	 7127.88	 3751.24	    0.00	    0.05	    0.00	    0.00	    0.00	    0.00	    0.00
16	9	    0.00	    0.00	    0.00	    0.00	    0.00	    0.00	    0.17	    0.00	    0.00	    0.00	    0.00	    0.00	    0.00	    0.00	    0.00	    2.19	 8098.35	    0.07	    0.13	    0.17	    0.00	    0.00	    0.00	    0.00
16	15	    0.00	    0.00	    0.00	    0.00	    0.00	    0.00	    0.00	    0.00	    0.00	    1.32	    0.40	    0.14	    0.00	  690.84	 1184.86	    0.00	 8514.88	    0.00	 1283.90	    0.00	    0.05	    0.09	    0.04	    0.02
16	18	    0.02	    0.06	    0.00	    0.02	    0.01	    0.14	    0.16	    0.86	    0.03	    0.14	    0.00	    0.00	    0.00	    0.00	    0.00	 3164.40	 6786.77	    0.09	    0.00	    0.00	    0.00	    0.00	    0.00	    0.00
17	6	    0.00	    0.00	    0.00	    0.00	    0.00	    0.00	    0.00	    0.00	    0.05	 1896.87	  499.61	    0.00	  335.95	  599.94	 1100.04	 1792.22	 1137.50	 1199.01	 1399.74	 3099.78	  700.18	 1299.87	  499.98	  299.99
17	15	   30.57	   36.65	    8.14	   30.97	   19.36	   85.57	 4796.23	  220.02	   27.66	    0.31	    0.31	   20.26	  599.58	    9.23	   15.34	    0.00	    0.10	 1999.72	   16.55	 4349.18	  948.42	 1199.98	  499.99	  427.16
17	19	  299.99	  299.86	    0.00	  299.93	  100.00	  799.93	 2928.53	 3999.12	  600.12	 1043.67	  168.07	    0.04	    0.02	    0.00	    0.00	 4835.66	 2013.78	 1601.27	    0.00	    0.00	    0.00	    0.00	    0.00	    0.00
18	14	    0.00	    0.01	    0.00	    0.00	    0.00	    0.03	  699.63	  999.46	    0.00	    0.00	    0.00	    0.00	    0.00	    0.00	    0.00	 1900.13	 4909.84	  299.89	 6818.33	 3490.49	    0.13	    0.33	    0.14	    0.06
18	16	    0.00	    0.00	    0.01	    0.00	    0.00	    0.00	    0.00	    0.00	    0.00	    0.00	    0.41	    0.05	    0.08	 1390.79	 2684.75	    0.00	    0.00	    0.00	 2983.97	  159.23	  251.58	 1699.97	  600.00	  172.84
18	19	    0.01	    0.00	    0.00	    0.09	    0.01	    0.02	    0.00	    0.00	    0.08	 1456.56	  432.46	    0.15	    0.05	 1206.21	 2415.23	    0.00	  177.28	    0.00	 2997.70	    0.00	    0.00	    0.00	    0.00	    0.00
19	17	    0.00	    0.00	    0.00	    0.00	    0.00	    0.00	    0.00	    0.00	    0.00	    0.27	    0.76	    1.64	 1035.51	  709.15	 1315.32	    0.00	    0.12	    0.00	 1716.23	 7848.96	 1748.59	 2799.85	 1099.96	  727.15
19	18	    0.00	   99.91	    0.00	    0.00	    0.00	  199.88	 1099.46	 1698.58	    0.00	    0.00	    0.00	    0.00	   19.07	    0.01	    0.00	   35.69	    0.00	  599.79	    0.00	 4849.68	   94.07	    0.37	    0.15	   13.07
19	20	    0.00	    0.00	    0.00	    0.01	    0.00	  100.07	  628.97	  600.31	    0.07	    0.04	    0.01	    0.01	    0.02	    0.01	    0.03	 1500.33	  490.77	  201.48	   81.55	 2700.71	    0.00	    0.06	    0.02	    0.02
19	21	    0.00	   99.95	    0.00	    0.01	    0.01	  200.01	  700.10	  800.23	    0.13	    0.18	    0.04	    0.00	    0.00	    0.00	    0.14	 1699.65	    0.24	  400.00	    0.07	 3100.65	    0.15	    0.00	    0.00	    0.00
20	19	    0.00	    0.00	    0.00	    0.00	    0.00	    0.00	    0.00	    0.00	    0.00	    0.09	    0.02	  401.43	 1654.46	    0.07	    0.14	    0.00	    0.06	    0.00	    0.15	    0.00	 3042.81	    0.19	    1.44	 1140.09
20	21	  263.75	    0.04	   65.94	    0.05	    0.01	    0.10	    0.19	    0.20	    0.00	    0.00	    0.00	  461.56	 1464.98	    0.00	    0.00	    0.46	    0.00	    0.11	    0.00	    0.99	 4757.33	    0.00	    0.00	 1604.24
20	23	    0.00	    0.00	    0.00	    0.00	    0.00	    0.02	  428.80	  200.14	    0.05	  484.57	    0.00	    0.00	    0.00	    0.00	  681.29	  899.99	  207.18	  101.38	  251.37	 1499.82	 3199.85	 2352.03	    0.00	    0.00
21	14	    0.00	    0.00	    0.00	    0.00	    0.00	    0.09	    0.33	    0.46	    0.00	    0.00	    0.00	    0.00	  878.83	    0.00	    0.00	    0.20	    0.00	    0.14	    0.00	    1.38	 2957.22	10579.33	 2679.60	 1284.18
21	19	    0.00	    0.00	    0.00	    0.00	    0.00	    0.00	    0.00	    0.00	    0.00	    0.18	    0.26	    0.02	    0.07	    2.89	    0.13	    0.00	    0.00	    0.00	    0.00	    0.00	    0.00	 5200.09	 1798.69	    0.15
21	20	    0.00	    0.00	    0.00	    0.13	   97.37	    0.01	    0.02	    0.03	  299.98	 1684.62	    2.38	    0.00	    0.00	    0.53	 1481.40	    0.12	  316.47	    0.01	  569.97	    0.10	    0.00	 4152.15	    0.68	    0.00
21	22	    0.00	    0.00	    0.00	    0.00	    0.00	    0.01	  199.94	  299.93	  307.06	 1316.50	    0.00	    0.00	    0.00	    0.00	  980.61	  499.99	  474.60	   99.96	  311.61	  700.16	    0.27	 4468.42	    0.00	    0.00
22	13	    0.01	    0.00	    0.00	    0.00	    0.00	    0.00	    0.05	    0.08	    0.00	    0.00	    0.00	    0.02	  680.33	    0.00	    0.00	    0.17	    0.00	    0.02	    0.01	    0.14	  797.59	 1120.02	 4617.88	 1175.66
22	21	  136.17	    0.01	   34.04	    1.59	    0.04	    0.00	    0.00	    0.00	    0.00	    0.00	  392.78	  238.32	  713.91	  747.88	    0.00	    0.00	    0.00	    0.00	    0.00	    0.00	    0.00	    0.00	 6578.97	  780.09
22	23	    0.00	    0.00	    0.00	    0.06	    0.00	    0.01	    0.05	    0.10	    0.14	  315.35	  997.31	    0.00	    0.00	 1385.15	  412.35	    0.23	   93.16	    0.01	  145.90	    0.57	    0.05	 1248.48	 3303.15	    0.00
23	12	    0.00	    0.00	    0.00	    0.00	    0.00	    0.00	  328.69	    0.00	    0.00	    0.00	    0.00	    0.00	    0.00	  585.62	  693.64	  599.80	    0.34	  101.31	  297.27	 1099.83	 1202.53	 2500.43	 1902.41	 1799.94
23	20	  363.75	    0.04	   65.94	  199.92	    2.63	    0.03	    0.00	    0.00	    0.00	    0.00	  397.63	 1162.99	 3719.42	  399.53	    0.00	    0.00	    0.00	    0.00	    0.00	    0.00	    0.00	    0.00	  700.74	 3244.31
23	22	  436.08	    0.01	  134.02	    2.03	    0.38	    0.38	    0.16	    0.25	    0.00	    0.00	    0.05	  938.23	 2194.07	    0.00	    0.00	    0.41	    0.00	    0.08	    0.00	    0.56	 1497.37	    0.08	    0.00	 2655.75
