0.000000000000000000e+00 1.000000000000000000e+00 4.543056108883904926e+03
0.000000000000000000e+00 2.000000000000000000e+00 8.203230555697757154e+03
1.000000000000000000e+00 0.000000000000000000e+00 4.661804674658202202e+03
1.000000000000000000e+00 5.000000000000000000e+00 5.821552263649747147e+03
2.000000000000000000e+00 0.000000000000000000e+00 8.084481989923462606e+03
2.000000000000000000e+00 3.000000000000000000e+00 1.505943261645128587e+04
2.000000000000000000e+00 1.100000000000000000e+01 1.110622057093405783e+04
3.000000000000000000e+00 2.000000000000000000e+00 1.508579870238937474e+04
3.000000000000000000e+00 4.000000000000000000e+00 1.862209078391431467e+04
3.000000000000000000e+00 1.000000000000000000e+01 5.758404009167877120e+03
4.000000000000000000e+00 3.000000000000000000e+00 1.859352597873104241e+04
4.000000000000000000e+00 5.000000000000000000e+00 8.684078767915487333e+03
4.000000000000000000e+00 8.000000000000000000e+00 1.616582656537792718e+04
5.000000000000000000e+00 1.000000000000000000e+00 5.940300829424045332e+03
5.000000000000000000e+00 4.000000000000000000e+00 8.648537165674168136e+03
5.000000000000000000e+00 7.000000000000000000e+00 1.239748174214913342e+04
6.000000000000000000e+00 7.000000000000000000e+00 1.258187051530233657e+04
6.000000000000000000e+00 1.700000000000000000e+01 1.567200356252957863e+04
7.000000000000000000e+00 5.000000000000000000e+00 1.248068870568211241e+04
7.000000000000000000e+00 6.000000000000000000e+00 1.246872054195976852e+04
7.000000000000000000e+00 8.000000000000000000e+00 7.148670127387403227e+03
7.000000000000000000e+00 1.500000000000000000e+01 8.138590666344464807e+03
8.000000000000000000e+00 4.000000000000000000e+00 1.617280336243597230e+04
8.000000000000000000e+00 7.000000000000000000e+00 7.065798256803427648e+03
8.000000000000000000e+00 9.000000000000000000e+00 2.217186044620564280e+04
9.000000000000000000e+00 8.000000000000000000e+00 2.219596537267970780e+04
9.000000000000000000e+00 1.000000000000000000e+01 1.766341392432889188e+04
9.000000000000000000e+00 1.400000000000000000e+01 2.294866231940704165e+04
9.000000000000000000e+00 1.500000000000000000e+01 1.105030699335754798e+04
9.000000000000000000e+00 1.600000000000000000e+01 8.159564278841121450e+03
1.000000000000000000e+01 3.000000000000000000e+00 5.913334900289241887e+03
1.000000000000000000e+01 9.000000000000000000e+00 1.749009109997680571e+04
1.000000000000000000e+01 1.100000000000000000e+01 8.199222372954816819e+03
1.000000000000000000e+01 1.300000000000000000e+01 9.992117339059112055e+03
1.100000000000000000e+01 2.000000000000000000e+00 1.096110591922167805e+04
1.100000000000000000e+01 1.000000000000000000e+01 8.303035743099362662e+03
1.100000000000000000e+01 1.200000000000000000e+01 1.321730497805849154e+04
1.200000000000000000e+01 1.100000000000000000e+01 1.327600369649065033e+04
1.200000000000000000e+01 2.300000000000000000e+01 1.108231990332809983e+04
1.300000000000000000e+01 1.000000000000000000e+01 9.969912035683846625e+03
1.300000000000000000e+01 1.400000000000000000e+01 9.176498226800689736e+03
1.300000000000000000e+01 2.200000000000000000e+01 8.299302494926261716e+03
1.400000000000000000e+01 9.000000000000000000e+00 2.306443827730748308e+04
1.400000000000000000e+01 1.300000000000000000e+01 9.032040232012053821e+03
1.400000000000000000e+01 1.800000000000000000e+01 1.892819002707588152e+04
1.400000000000000000e+01 2.100000000000000000e+01 1.820602257661726981e+04
1.500000000000000000e+01 7.000000000000000000e+00 8.191519527118844962e+03
1.500000000000000000e+01 9.000000000000000000e+00 1.103309584480884223e+04
1.500000000000000000e+01 1.600000000000000000e+01 1.146529852129307073e+04
1.500000000000000000e+01 1.700000000000000000e+01 1.582138745594947795e+04
1.600000000000000000e+01 9.000000000000000000e+00 8.158427220315537852e+03
1.600000000000000000e+01 1.500000000000000000e+01 1.148859381336022852e+04
1.600000000000000000e+01 1.800000000000000000e+01 9.917344113399249181e+03
1.700000000000000000e+01 6.000000000000000000e+00 1.578515353587214668e+04
1.700000000000000000e+01 1.500000000000000000e+01 1.583380987610800003e+04
1.700000000000000000e+01 1.900000000000000000e+01 1.930963240916878931e+04
1.800000000000000000e+01 1.400000000000000000e+01 1.904670670545630128e+04
1.800000000000000000e+01 1.600000000000000000e+01 9.939502346940824282e+03
1.800000000000000000e+01 1.900000000000000000e+01 8.562396199182167038e+03
1.900000000000000000e+01 1.700000000000000000e+01 1.933520480266987215e+04
1.900000000000000000e+01 1.800000000000000000e+01 8.703071111104160082e+03
1.900000000000000000e+01 2.000000000000000000e+01 6.424247149111166436e+03
1.900000000000000000e+01 2.100000000000000000e+01 7.063617200014809896e+03
2.000000000000000000e+01 1.900000000000000000e+01 6.306787574156036499e+03
2.000000000000000000e+01 2.100000000000000000e+01 8.824298877121464102e+03
2.000000000000000000e+01 2.300000000000000000e+01 9.919807798023579380e+03
2.100000000000000000e+01 1.400000000000000000e+01 1.795882386134865737e+04
2.100000000000000000e+01 1.900000000000000000e+01 7.247324080393022086e+03
2.100000000000000000e+01 2.000000000000000000e+01 8.512115822948033383e+03
2.100000000000000000e+01 2.200000000000000000e+01 9.876528786423405109e+03
2.200000000000000000e+01 1.300000000000000000e+01 8.421555186339630382e+03
2.200000000000000000e+01 2.100000000000000000e+01 9.500853897359578696e+03
2.200000000000000000e+01 2.300000000000000000e+01 8.123517036903685039e+03
2.300000000000000000e+01 1.200000000000000000e+01 1.104101862176026043e+04
2.300000000000000000e+01 2.000000000000000000e+01 1.011453127724188016e+04
2.300000000000000000e+01 2.200000000000000000e+01 7.870094839253227292e+03
