i	j	       0	       1	       2	       3	       4	       5	       6	       7	       8	       9	      10	      11	      12	      13	      14	      15	      16	      17	      18	      19	      20	      21	      22	      23
0	1	 2599.93	    0.00	  264.24	  200.02	   18.23	    0.00	    0.01	    0.02	   36.47	  109.44	  200.02	  449.52	  460.39	  100.00	   18.16	    0.02	    0.03	    0.00	    0.01	    0.00	    0.01	    0.08	    0.22	   29.10
0	2	 6200.07	 1151.26	    0.00	    0.00	    0.00	  228.88	  142.10	  248.64	    0.00	    0.00	    0.00	    0.00	    0.00	    0.00	    0.00	  112.08	    0.00	   35.37	    0.00	    0.02	    0.00	    0.00	    0.00	    0.00
1	0	    0.00	 1251.26	    0.00	    0.00	    0.00	  528.88	  642.08	 1048.61	    0.00	    0.00	    0.00	    0.00	    0.00	    0.00	    0.00	  612.06	    1.00	  135.37	    0.03	  299.98	    0.00	    0.02	    0.00	    0.00
1	5	 2499.93	 2748.74	  164.24	    0.04	    0.00	    0.00	    0.00	    0.00	    0.00	    0.00	    0.04	  349.52	  160.39	    0.01	    0.00	    0.00	    0.00	    0.00	    0.00	    0.00	    0.01	    0.03	    0.22	   29.10
2	0	    0.00	    0.00	  364.24	  700.02	  218.23	    0.00	    0.03	    0.05	  536.47	 1409.44	  700.02	  649.52	  960.39	  400.00	  518.16	    0.04	  399.03	    0.00	  299.99	    0.04	  100.00	  400.06	  300.22	  129.10
2	3	 4500.07	  651.14	 1935.73	    0.00	    0.00	    0.00	    0.00	    0.00	    0.00	    0.00	    0.00	 3790.26	 2573.98	    0.08	    0.00	    0.00	    0.00	    0.00	    0.00	    0.00	  204.93	    0.02	    2.62	  270.87
2	11	 1600.00	  400.12	  500.03	 1602.29	  403.17	  500.41	  701.24	 1200.00	 1399.50	  648.80	    1.00	    0.00	    0.00	    0.16	   52.16	  555.89	  182.74	  199.37	   22.35	    0.17	    0.00	    0.00	    0.00	    0.00
3	2	    0.00	    0.00	    0.00	 2502.31	  721.40	  571.53	  659.17	 1151.41	 2035.97	 2358.23	 1000.45	    0.00	    0.00	  499.82	  670.27	  643.85	  681.77	  164.00	  322.34	    0.16	    0.00	    0.07	    0.05	    0.00
3	4	 3198.05	  151.10	 1335.35	 6696.71	    0.00	    0.00	    0.00	    0.00	    0.00	    0.11	  907.37	 3189.50	 1973.52	  200.09	    0.07	    0.00	    0.01	    0.00	    0.02	    0.00	    5.11	    0.12	  199.83	   70.91
3	10	  802.02	  300.08	  400.39	 2400.99	  699.67	  599.62	    0.17	    5.61	    0.38	    0.16	    0.00	    0.77	    0.45	    0.06	    0.05	    0.11	    0.04	    0.07	    0.02	    0.02	    0.02	    0.04	    0.05	    0.02
4	3	    0.00	    0.04	    0.00	    0.00	 1921.07	 1571.15	 1059.34	 1857.02	 2736.35	 3558.04	    0.00	    0.00	    0.00	    0.00	 1169.85	 1443.96	 1181.70	  264.07	  522.17	  300.19	    0.03	  399.15	    0.00	    0.00
4	5	    0.00	    0.00	  526.41	 2121.24	 1253.39	    0.00	    0.02	    0.03	  563.68	 1290.51	  406.88	 1460.21	  619.89	  100.02	  281.54	    0.04	    0.04	    0.00	    0.10	    0.01	    0.01	    0.00	   99.77	   70.88
4	8	 2998.05	  899.74	  708.94	 4075.46	 2925.54	 1399.67	    0.02	    0.10	    0.00	    0.00	    0.49	 1529.29	 1153.64	    0.07	    0.00	    0.06	    0.00	    0.01	    0.00	    0.02	    0.00	    0.00	    0.06	    0.02
5	1	    0.00	    0.00	    0.00	    0.02	   81.77	  928.88	  842.07	 1448.59	  163.53	  490.56	    0.02	    0.00	    0.00	    0.01	   81.84	 1012.04	  200.97	  135.37	  100.01	  399.98	    0.00	   99.96	    0.00	    0.00
5	4	    0.00	  848.69	    0.00	    0.00	    0.00	 3170.82	  973.22	 1822.27	    0.00	    0.00	    0.00	    0.00	    0.00	    0.00	    0.00	 1476.42	    0.30	  204.09	    0.03	  309.33	    0.03	    0.05	    0.00	    0.00
5	7	 2199.93	 1500.06	  390.65	 1721.26	  971.62	 3500.31	    0.00	    0.00	    0.14	    0.06	    6.90	 1609.73	  580.27	    0.02	    0.00	    0.00	    0.00	    0.00	    0.00	    0.00	    0.00	    0.00	    0.00	    0.00
6	7	    0.00	    0.00	    0.00	    0.00	    0.00	    0.00	 4102.96	    0.00	    0.00	    0.00	    0.00	    0.00	    0.00	  399.69	  599.80	  464.88	  158.41	  999.15	  999.19	 2599.03	  499.91	  799.83	  299.94	  199.97
6	17	  427.41	  332.83	    8.20	  431.05	  119.53	  976.82	 7997.04	 4496.23	  815.76	    0.60	    0.12	  217.42	    0.14	    0.00	    0.00	    0.00	    0.02	    0.00	    0.00	    0.00	    0.00	    0.00	    0.00	    0.00
7	5	    0.00	    0.00	    0.00	    0.00	    0.00	    0.00	 2215.28	 4070.83	    0.00	    0.12	    0.00	    0.00	    0.00	    0.00	    0.29	 3388.42	  701.23	  439.46	  299.93	 1009.30	  100.02	  299.99	    0.00	    0.01
7	6	  927.41	  532.83	  108.20	  831.05	  319.53	 1376.82	    0.00	 5496.23	 1415.71	    3.78	    1.97	  917.36	  116.50	    0.00	    0.00	    0.00	    0.10	    0.00	    0.00	    0.00	    0.00	    0.00	    0.00	    0.00
7	8	    0.00	    0.00	    0.00	    0.00	    0.00	    0.00	  887.68	 3729.10	    0.00	    0.00	    0.00	    0.00	    0.00	    0.00	    0.00	 1339.31	    0.11	  260.03	    0.00	  690.76	    0.04	    0.00	    0.00	    0.00
7	15	  472.87	  567.27	  172.68	  681.85	  426.27	 1323.58	    0.00	 3403.84	  869.58	    0.00	    0.06	  471.50	    0.27	    0.00	    0.00	    0.00	    0.00	    0.00	    0.00	    0.00	    0.00	    0.00	    0.00	    0.00
8	4	    0.00	    0.00	    0.00	    0.00	    0.00	    0.00	  286.15	  534.87	 4100.03	 5848.44	    0.00	    0.00	    0.00	    0.00	 1651.32	  467.64	 1381.43	   59.99	  622.23	   90.89	   94.90	  598.97	    0.00	    0.00
8	7	    0.34	    0.04	   90.24	  491.64	  274.18	    0.09	    0.00	    0.00	 3085.14	 1603.58	  795.13	  379.13	  136.50	    0.00	    0.00	    0.00	    0.22	    0.00	    0.00	    0.00	    0.00	    0.00	    0.00	    0.00
8	9	 2497.71	  699.70	  518.70	 2883.82	 1851.36	  999.58	    1.60	 2394.32	 9014.83	    0.00	    0.00	  550.21	  417.19	    0.00	    0.00	    0.77	    0.00	    0.15	    0.00	    0.30	    0.00	    0.00	    0.00	    0.00
9	8	    0.00	    0.00	    0.00	    0.00	    0.00	    0.00	    0.05	    0.00	    0.00	10252.02	 2194.64	    0.05	    0.05	  599.93	 2651.32	  529.04	 2281.53	    0.10	 1022.23	    0.41	  394.86	 1298.97	  499.94	  199.98
9	10	    0.00	    0.00	    0.00	    0.00	    0.00	    0.00	  499.95	  794.41	 1710.98	 8402.77	    0.00	    0.00	    0.00	    0.00	 1301.97	 1544.61	 1916.97	  199.98	  430.03	  442.48	    1.80	  507.38	    0.00	    0.00
9	14	  798.96	   99.74	   99.87	 1098.11	  597.07	  199.61	    0.00	    0.00	 3089.17	14632.55	 1890.79	  650.64	    7.24	    0.00	    0.00	    0.00	    0.77	    0.00	    0.00	    0.00	    0.00	    0.00	    0.00	    0.00
9	15	    0.00	    0.00	   19.13	   87.14	   54.33	    0.00	    0.00	    0.00	  514.84	 8011.94	 2153.16	  209.96	    0.41	    0.00	    0.00	    0.00	    0.00	    0.00	    0.00	    0.00	    0.00	    0.00	    0.00	    0.00
9	16	  399.70	    0.02	   99.98	  499.91	  199.97	    0.04	    0.08	    0.11	  899.84	 3900.73	  999.80	  599.90	  499.91	    0.06	    0.12	    0.11	    0.00	    0.05	    0.07	    0.14	    0.05	    0.14	    0.05	    0.02
10	3	    0.00	    0.00	    0.00	    0.00	    0.00	    0.00	    0.00	    0.00	    0.00	    0.46	 3407.83	    0.00	    0.00	 1199.89	    0.55	    0.00	    0.12	    0.00	    0.20	    0.00	    0.17	    1.07	  697.31	    0.06
10	9	    0.96	    0.00	    0.28	    1.34	    0.00	    0.00	    0.00	    0.00	    0.00	    0.00	11138.39	 2910.33	 1990.42	 1179.29	    0.00	    0.00	    0.00	    0.00	    0.00	    0.00	    0.00	    0.00	  348.58	   62.58
10	11	    0.00	    0.00	    0.00	    0.00	    0.00	    0.00	    0.19	    0.00	    0.10	 3251.20	 2400.25	    0.00	    0.00	  702.18	  649.58	  144.89	  916.96	    0.07	  278.37	    0.00	    0.00	    0.00	    0.00	    0.00
10	13	  301.16	  100.12	  100.16	  999.72	  199.70	  199.68	    0.00	    0.02	  311.26	 1151.26	 5353.53	 1049.53	   19.69	    0.00	    0.00	    0.00	    0.04	    0.00	    0.00	    0.00	    0.00	    0.00	    0.00	    0.00
11	2	    0.00	    0.00	    0.00	    0.00	    0.00	    0.00	    0.00	    0.00	    0.00	    0.00	    0.56	 4639.79	 3634.37	    0.42	    0.05	    0.00	    0.00	    0.00	    0.00	    0.03	  304.93	  500.01	  402.79	  399.97
11	10	    0.10	    0.04	    0.05	    0.08	    0.02	    0.06	    0.00	    0.00	    0.00	    0.00	    0.00	 5359.10	 3009.65	    0.00	    0.00	    0.00	    0.00	    0.00	    0.00	    0.00	    0.04	    0.00	    0.00	    0.44
11	12	 1399.90	  300.08	  299.98	 1002.21	  203.14	  300.35	    1.49	  600.00	  799.60	 1900.00	 1000.69	 3901.12	    0.00	    2.21	    1.88	    0.85	  499.70	    0.05	    0.80	    0.04	    0.00	    0.00	    0.00	    0.00
12	11	    0.00	    0.00	    0.00	    0.00	    0.00	    0.00	    0.06	    0.00	    0.00	    0.00	    0.00	    0.00	 7944.02	    0.29	    0.19	    0.06	    0.00	    0.61	    0.08	  499.89	  604.97	 1200.01	 1102.79	  900.41
12	23	  899.90	    0.08	  199.98	  402.21	    3.14	  100.35	    0.00	    0.00	  199.60	    0.00	    0.69	 2601.12	 6655.98	    0.00	    0.00	    0.00	    0.00	    0.00	    0.00	    0.00	    0.00	    0.00	    0.00	    0.00
13	10	    0.00	    0.00	    0.00	    0.00	    0.00	    0.00	    0.06	    0.00	    0.00	    0.00	    0.00	    0.00	    0.00	 4681.30	  748.11	    0.17	    0.12	    0.02	  248.53	  157.50	  398.32	  593.64	 2345.84	  662.18
13	14	    1.06	    0.11	    0.14	    1.41	    0.06	    0.06	    0.00	    0.00	    0.00	    0.00	 1079.80	  349.35	  101.83	 6186.49	    0.00	    0.00	    0.00	    0.00	    0.00	    0.00	    0.00	    0.00	 1178.15	  156.71
13	22	    0.11	    0.01	    0.02	  498.33	   99.64	   99.62	    0.00	    0.00	  195.15	  819.74	 2673.80	    0.21	    0.00	 3232.21	  440.34	    0.00	  220.51	    0.00	  137.34	    0.00	    0.00	    0.00	    0.00	    0.00
14	9	    0.00	    0.00	    0.00	    0.00	    0.00	    0.00	    0.00	    0.00	    0.00	    0.00	    0.00	    0.00	    0.00	 1520.70	 7953.41	    0.28	    0.73	    0.05	 3252.14	 1632.17	 1596.71	 4406.49	 1951.41	  937.42
14	13	    0.00	    0.00	    0.00	    0.00	    0.00	    0.00	  199.55	  399.10	  483.89	 1768.48	    0.06	    0.00	    0.00	    0.00	 2488.45	  699.59	  920.59	   99.78	  685.86	  655.75	    0.50	  690.65	    0.00	    0.00
14	18	  300.03	    0.05	    0.01	  200.06	  100.02	    0.07	    0.02	    0.03	  400.14	 3283.86	  844.90	  300.05	  270.49	 2897.87	 5899.63	    0.05	    0.39	    0.01	    0.00	    0.05	  494.31	 2899.92	  899.98	  234.73
14	21	    0.00	    0.00	    0.00	  399.45	  297.09	    0.00	    0.00	    0.00	 1305.14	 5580.21	  725.63	    0.00	    0.00	  467.92	 5058.51	    0.22	 2525.44	    0.00	 2086.77	    0.00	    0.00	    0.00	    0.00	    0.00
15	7	    0.00	    0.00	    0.00	    0.00	    0.00	    0.00	    0.00	    0.00	    0.00	    0.25	    0.00	    0.00	    0.00	    0.28	    0.49	 6462.86	 1942.82	    0.34	    0.74	    1.03	    0.14	    0.16	    0.07	    0.04
15	9	    0.00	    0.05	    0.00	    0.00	    0.00	    0.07	 2398.26	    0.20	    0.00	    0.00	    0.00	    0.00	    0.00	    0.00	    0.00	 6470.87	    0.54	  899.64	    0.19	 1310.36	    0.00	    0.00	    0.00	    0.00
15	16	    0.29	  199.98	    0.01	    0.06	    0.03	  499.99	 1000.35	 1400.22	    0.11	    0.48	    0.08	    0.05	    0.00	    0.00	    0.00	 5953.66	    0.00	  600.35	    0.00	 1501.48	  384.38	    0.00	    0.00	  144.65
15	17	    0.02	    0.00	    0.00	    0.02	    0.00	    0.02	    0.00	    0.14	    0.15	 3612.95	  753.51	    0.17	    0.00	    0.03	    0.14	 7212.62	 3756.94	    0.00	    0.14	    0.00	    0.00	    0.00	    0.00	    0.00
16	9	    0.00	    0.00	    0.00	    0.00	    0.00	    0.00	    0.22	    0.00	    0.00	    0.00	    0.00	    0.00	    0.00	    0.00	    0.00	    1.84	 8098.00	    0.29	    0.00	    0.19	    0.00	    0.00	    0.00	    0.00
16	15	    0.00	    0.00	    0.00	    0.00	    0.00	    0.00	    0.00	    0.00	    0.00	    1.40	    0.26	    0.00	    0.00	  693.41	 1189.67	    0.00	 8500.19	    0.00	 1289.25	    0.00	    0.05	    0.10	    0.04	    0.03
16	18	    0.03	    0.02	    0.00	    0.02	    0.01	    0.03	    0.20	    0.33	    0.03	    0.15	    0.00	    0.00	    0.00	    0.00	    0.00	 3151.93	 6801.81	    0.11	    0.00	    0.00	    0.00	    0.00	    0.00	    0.00
17	6	    0.00	    0.00	    0.00	    0.00	    0.00	    0.00	    0.00	    0.00	    0.05	 1896.82	  498.15	    0.06	  283.64	  599.69	 1099.80	 1864.88	 1158.33	 1199.15	 1399.19	 3099.03	  699.91	 1299.83	  499.94	  299.97
17	15	   27.43	   32.77	    8.20	   31.08	   19.43	   76.51	 4798.61	  196.72	   15.84	    0.35	    0.11	   18.77	  599.32	    6.90	   10.96	    0.00	    0.11	 2000.33	   11.82	 4412.87	  984.47	 1200.06	  500.02	  444.67
17	19	  299.99	  300.06	    0.00	  299.99	  100.10	  800.33	 2998.43	 3999.65	  600.01	 1016.58	  155.38	    0.06	    0.07	    0.00	    0.00	 4847.74	 1998.66	 1600.52	    0.00	    0.00	    0.00	    0.00	    0.00	    0.00
18	14	    0.00	    0.20	    0.00	    0.00	    0.00	    0.41	  699.51	  999.06	    0.00	    0.00	    0.00	    0.00	    0.00	    0.00	    0.00	 1900.00	 4946.39	  299.81	 6824.77	 3387.54	    0.15	    0.36	    0.15	    0.07
18	16	    0.04	    0.02	    0.01	    0.04	    0.02	    0.00	    0.00	    0.00	    0.08	    0.34	    0.38	    0.05	    0.09	 1393.35	 2689.55	    0.00	    0.00	    0.00	 2989.19	  198.58	  215.62	 1699.97	  599.99	  155.35
18	19	    0.02	    0.00	    0.00	    0.04	    0.02	    0.02	    0.00	    0.00	    0.09	 1483.67	  444.52	    0.00	    0.00	 1204.53	 2410.08	    0.00	  155.81	    0.00	 2986.05	    0.00	    0.00	    0.00	    0.00	    0.00
19	17	    0.00	    0.00	    0.00	    0.00	    0.00	    0.00	    0.00	    0.00	    0.00	    0.20	    0.01	    1.30	  982.89	  706.57	 1310.62	    0.00	    0.13	    0.00	 1710.87	 7911.90	 1784.38	 2799.89	 1099.96	  744.64
19	18	    0.00	  100.15	    0.00	    0.00	    0.00	  200.32	 1099.29	 1698.70	    0.00	    0.00	    0.00	    0.00	   29.60	    0.01	    0.00	   48.02	    0.00	  599.69	    0.00	 4786.07	  121.46	    0.41	    0.16	   20.69
19	20	    0.00	    0.00	    0.00	    0.01	    0.11	  100.01	  698.79	  600.49	    0.05	    0.05	    0.02	    0.01	    0.02	    0.02	    0.03	 1499.77	  454.31	  200.74	   75.28	 2700.48	    0.00	    0.07	    0.03	    0.02
19	21	    0.00	   99.91	    0.00	    0.02	    0.01	  200.02	  700.36	  800.46	    0.05	    0.20	    0.04	    0.00	    0.00	    0.00	    0.16	 1699.96	    0.10	  400.10	    0.07	 3101.56	    0.17	    0.00	    0.00	    0.00
20	19	    0.00	    0.00	    0.00	    0.00	    0.00	    0.00	    0.00	    0.00	    0.00	    0.10	    0.02	  401.22	 1612.34	    0.08	    0.16	    0.00	    0.07	    0.00	    0.17	    0.00	 3106.01	    0.23	    2.52	 1165.06
20	21	  259.06	    0.07	   64.77	    0.21	    0.00	    0.03	    0.06	    0.07	    0.00	    0.00	    0.00	  453.36	 1444.23	    0.00	    0.00	    0.15	    0.00	    0.03	    0.00	    0.39	 4694.45	    0.00	    0.00	 1697.51
20	23	    0.00	    0.00	    0.00	    0.00	    0.00	    0.02	  498.73	  200.42	    0.21	  479.52	    0.00	    0.00	    0.00	    0.00	  677.85	  899.69	  207.63	  100.71	  249.78	 1500.09	 3199.54	 2314.70	    0.00	    0.00
21	14	    0.00	    0.00	    0.00	    0.00	    0.00	    0.00	    0.06	    0.08	    0.00	    0.00	    0.00	    0.06	  861.42	    0.00	    0.00	    0.15	    0.00	    0.03	    0.00	    0.43	 2891.38	10596.69	 2673.09	 1415.38
21	19	    0.00	    0.00	    0.00	    0.00	    0.00	    0.00	    0.00	    0.00	    0.00	    0.10	    0.15	    0.03	    0.10	    1.99	    0.58	    0.00	    0.00	    0.00	    0.00	    0.00	    0.00	 5200.15	 1797.63	    0.29
21	20	    0.01	    0.00	    0.00	    0.02	   97.15	    0.00	    0.00	    0.00	  300.16	 1679.58	    2.87	    0.04	    0.00	    1.12	 1477.98	    0.08	  353.39	    0.00	  574.67	    0.00	    0.00	 4114.86	    0.61	    0.00
21	22	    0.00	    0.00	    0.00	    0.00	    0.00	    0.07	  200.36	  300.45	  305.04	 1300.74	    0.00	    0.00	    0.00	    0.00	  980.12	  500.10	  472.16	  100.10	  312.17	  701.51	    3.24	 4488.31	    0.00	    0.00
22	13	    0.01	    0.00	    0.00	    0.02	    0.00	    0.00	    0.51	    0.87	    0.00	    0.00	    0.00	    0.03	  682.15	    0.00	    0.00	    0.58	    0.00	    0.25	    0.01	    1.75	  797.81	 1103.00	 4623.99	 1218.88
22	21	  140.95	    0.03	   35.23	    0.35	    0.05	    0.02	    0.00	    0.00	    0.00	    0.00	  377.34	  246.77	  717.29	  735.19	    0.00	    0.00	    0.00	    0.00	    0.00	    0.00	    0.00	    0.00	 6571.33	  818.16
22	23	    0.01	    0.00	    0.00	    0.02	    0.00	    0.01	    0.23	    0.16	    0.19	  320.48	  996.51	    0.00	    0.00	 1397.02	  420.46	    0.48	   92.67	    0.04	  149.50	    1.08	    0.05	 1285.40	 3304.68	    0.00
23	12	    0.00	    0.00	    0.00	    0.00	    0.00	    0.00	  398.58	    0.00	    0.00	    0.00	    0.00	    0.00	    0.00	  598.08	  698.31	  599.22	    0.30	  100.56	  299.28	 1099.86	 1204.97	 2500.01	 1902.79	 1600.41
23	20	  359.05	    0.06	   64.77	  200.18	    2.74	    0.03	    0.00	    0.00	    0.00	    0.00	  397.14	 1154.53	 3656.54	  398.94	    0.00	    0.00	    0.00	    0.00	    0.00	    0.00	    0.00	    0.00	  701.88	 3362.54
23	22	  440.86	    0.02	  135.21	    2.06	    0.40	    0.34	    0.38	    0.57	    0.00	    0.00	    0.05	  946.59	 2199.44	    0.00	    0.00	    0.96	    0.00	    0.19	    0.00	    1.32	 1494.63	    0.09	    0.00	 2737.04
