0.000000000000000000e+00 1.000000000000000000e+00 4.497091924610189380e+03
0.000000000000000000e+00 2.000000000000000000e+00 8.119496474593858693e+03
1.000000000000000000e+00 0.000000000000000000e+00 4.520923139942780836e+03
1.000000000000000000e+00 5.000000000000000000e+00 5.968706207640108005e+03
2.000000000000000000e+00 0.000000000000000000e+00 8.095665259261265419e+03
2.000000000000000000e+00 3.000000000000000000e+00 1.401932987259828224e+04
2.000000000000000000e+00 1.100000000000000000e+01 1.003957602777602551e+04
3.000000000000000000e+00 2.000000000000000000e+00 1.404378648575290936e+04
3.000000000000000000e+00 4.000000000000000000e+00 1.801906268834594084e+04
3.000000000000000000e+00 1.000000000000000000e+01 5.209865722237517730e+03
4.000000000000000000e+00 3.000000000000000000e+00 1.804487186551697596e+04
4.000000000000000000e+00 5.000000000000000000e+00 8.795876714086311040e+03
4.000000000000000000e+00 8.000000000000000000e+00 1.578838954240164276e+04
5.000000000000000000e+00 1.000000000000000000e+00 5.992537422972699460e+03
5.000000000000000000e+00 4.000000000000000000e+00 8.802914865392413049e+03
5.000000000000000000e+00 7.000000000000000000e+00 1.249285108003296955e+04
6.000000000000000000e+00 7.000000000000000000e+00 1.210202444072111575e+04
6.000000000000000000e+00 1.700000000000000000e+01 1.579915924003204600e+04
7.000000000000000000e+00 5.000000000000000000e+00 1.252372044667166119e+04
7.000000000000000000e+00 6.000000000000000000e+00 1.204189487188619205e+04
7.000000000000000000e+00 8.000000000000000000e+00 6.883388354402797631e+03
7.000000000000000000e+00 1.500000000000000000e+01 8.385582156383814436e+03
8.000000000000000000e+00 4.000000000000000000e+00 1.580716056826657405e+04
8.000000000000000000e+00 7.000000000000000000e+00 6.834382917189283035e+03
8.000000000000000000e+00 9.000000000000000000e+00 2.174998119561385829e+04
9.000000000000000000e+00 8.000000000000000000e+00 2.181974678426530591e+04
9.000000000000000000e+00 1.000000000000000000e+01 1.772702820842481742e+04
9.000000000000000000e+00 1.400000000000000000e+01 2.313146105005314894e+04
9.000000000000000000e+00 1.500000000000000000e+01 1.104636028301320948e+04
9.000000000000000000e+00 1.600000000000000000e+01 8.100325866964995839e+03
1.000000000000000000e+01 3.000000000000000000e+00 5.308513158221099729e+03
1.000000000000000000e+01 9.000000000000000000e+00 1.760517611284167288e+04
1.000000000000000000e+01 1.100000000000000000e+01 8.365605347537486523e+03
1.000000000000000000e+01 1.300000000000000000e+01 9.776547282648103646e+03
1.100000000000000000e+01 2.000000000000000000e+00 9.991288199288812393e+03
1.100000000000000000e+01 1.000000000000000000e+01 8.403509780214428247e+03
1.100000000000000000e+01 1.200000000000000000e+01 1.230344143153750156e+04
1.200000000000000000e+01 1.100000000000000000e+01 1.239305803572723744e+04
1.200000000000000000e+01 2.300000000000000000e+01 1.112068656885773817e+04
1.300000000000000000e+01 1.000000000000000000e+01 9.815438190371594828e+03
1.300000000000000000e+01 1.400000000000000000e+01 9.036809992577909725e+03
1.300000000000000000e+01 2.200000000000000000e+01 8.396241894899925683e+03
1.400000000000000000e+01 9.000000000000000000e+00 2.319724450692301980e+04
1.400000000000000000e+01 1.300000000000000000e+01 9.079748659825467257e+03
1.400000000000000000e+01 1.800000000000000000e+01 1.908559708634729031e+04
1.400000000000000000e+01 2.100000000000000000e+01 1.840449483565708942e+04
1.500000000000000000e+01 7.000000000000000000e+00 8.405327391401104251e+03
1.500000000000000000e+01 9.000000000000000000e+00 1.107208166606075974e+04
1.500000000000000000e+01 1.600000000000000000e+01 1.168763367884124455e+04
1.500000000000000000e+01 1.700000000000000000e+01 1.528564428485122153e+04
1.600000000000000000e+01 9.000000000000000000e+00 8.100438711282152326e+03
1.600000000000000000e+01 1.500000000000000000e+01 1.167642208221550391e+04
1.600000000000000000e+01 1.800000000000000000e+01 9.952569624353027393e+03
1.700000000000000000e+01 6.000000000000000000e+00 1.585928880886696606e+04
1.700000000000000000e+01 1.500000000000000000e+01 1.534232249954179497e+04
1.700000000000000000e+01 1.900000000000000000e+01 1.898819608289274038e+04
1.800000000000000000e+01 1.400000000000000000e+01 1.911703387850671425e+04
1.800000000000000000e+01 1.600000000000000000e+01 9.941470872044443240e+03
1.800000000000000000e+01 1.900000000000000000e+01 8.686115458109050451e+03
1.900000000000000000e+01 1.700000000000000000e+01 1.900500386641823206e+04
1.900000000000000000e+01 1.800000000000000000e+01 8.706453497959892047e+03
1.900000000000000000e+01 2.000000000000000000e+01 6.305082530488384691e+03
1.900000000000000000e+01 2.100000000000000000e+01 7.002513972592620121e+03
2.000000000000000000e+01 1.900000000000000000e+01 6.242473157447037011e+03
2.000000000000000000e+01 2.100000000000000000e+01 8.619254714561593573e+03
2.000000000000000000e+01 2.300000000000000000e+01 1.030494424059485027e+04
2.100000000000000000e+01 1.400000000000000000e+01 1.838178016761506660e+04
2.100000000000000000e+01 1.900000000000000000e+01 7.002269169010285623e+03
2.100000000000000000e+01 2.000000000000000000e+01 8.605629308097779358e+03
2.100000000000000000e+01 2.200000000000000000e+01 9.658019277700481325e+03
2.200000000000000000e+01 1.300000000000000000e+01 8.392194135375877522e+03
2.200000000000000000e+01 2.100000000000000000e+01 9.621434399612329798e+03
2.200000000000000000e+01 2.300000000000000000e+01 7.900300158420630396e+03
2.300000000000000000e+01 1.200000000000000000e+01 1.111030317304748132e+04
2.300000000000000000e+01 2.000000000000000000e+01 1.025596027401732863e+04
2.300000000000000000e+01 2.200000000000000000e+01 7.859667520808414338e+03
