0.000000000000000000e+00 1.000000000000000000e+00 4.495575293096816495e+03
0.000000000000000000e+00 2.000000000000000000e+00 8.119374628339673109e+03
1.000000000000000000e+00 0.000000000000000000e+00 4.520190392271787459e+03
1.000000000000000000e+00 5.000000000000000000e+00 5.966225708461531212e+03
2.000000000000000000e+00 0.000000000000000000e+00 8.094759529164714877e+03
2.000000000000000000e+00 3.000000000000000000e+00 1.402278214050355564e+04
2.000000000000000000e+00 1.100000000000000000e+01 1.003579197763333104e+04
3.000000000000000000e+00 2.000000000000000000e+00 1.404396711346532902e+04
3.000000000000000000e+00 4.000000000000000000e+00 1.802077512630546698e+04
3.000000000000000000e+00 1.000000000000000000e+01 5.208562230416267084e+03
4.000000000000000000e+00 3.000000000000000000e+00 1.804331571318735951e+04
4.000000000000000000e+00 5.000000000000000000e+00 8.796435709596673405e+03
4.000000000000000000e+00 8.000000000000000000e+00 1.578931393496790224e+04
5.000000000000000000e+00 1.000000000000000000e+00 5.990840807636499449e+03
5.000000000000000000e+00 4.000000000000000000e+00 8.804269596103169533e+03
5.000000000000000000e+00 7.000000000000000000e+00 1.249165387843938515e+04
6.000000000000000000e+00 7.000000000000000000e+00 1.210147995486806940e+04
6.000000000000000000e+00 1.700000000000000000e+01 1.580208243449089059e+04
7.000000000000000000e+00 5.000000000000000000e+00 1.252410286412084315e+04
7.000000000000000000e+00 6.000000000000000000e+00 1.204090274551801667e+04
7.000000000000000000e+00 8.000000000000000000e+00 6.882259769839116416e+03
7.000000000000000000e+00 1.500000000000000000e+01 8.386591038636379380e+03
8.000000000000000000e+00 4.000000000000000000e+00 1.580402063534330227e+04
8.000000000000000000e+00 7.000000000000000000e+00 6.835287282767861143e+03
8.000000000000000000e+00 9.000000000000000000e+00 2.175264817113731260e+04
9.000000000000000000e+00 8.000000000000000000e+00 2.182038238444143281e+04
9.000000000000000000e+00 1.000000000000000000e+01 1.772707903884370171e+04
9.000000000000000000e+00 1.400000000000000000e+01 2.312904900028301927e+04
9.000000000000000000e+00 1.500000000000000000e+01 1.104708458876418808e+04
9.000000000000000000e+00 1.600000000000000000e+01 8.100625649517670354e+03
1.000000000000000000e+01 3.000000000000000000e+00 5.307206616496149763e+03
1.000000000000000000e+01 9.000000000000000000e+00 1.760521841853471778e+04
1.000000000000000000e+01 1.100000000000000000e+01 8.364121229253345518e+03
1.000000000000000000e+01 1.300000000000000000e+01 9.779063682515716209e+03
1.100000000000000000e+01 2.000000000000000000e+00 9.989991905496590334e+03
1.100000000000000000e+01 1.000000000000000000e+01 8.402110889288194812e+03
1.100000000000000000e+01 1.200000000000000000e+01 1.230080196335268374e+04
1.200000000000000000e+01 1.100000000000000000e+01 1.239299155125078141e+04
1.200000000000000000e+01 2.300000000000000000e+01 1.111965103322747927e+04
1.300000000000000000e+01 1.000000000000000000e+01 9.817857788251778402e+03
1.300000000000000000e+01 1.400000000000000000e+01 9.035365291629854255e+03
1.300000000000000000e+01 2.200000000000000000e+01 8.398071991030297795e+03
1.400000000000000000e+01 9.000000000000000000e+00 2.319372310462051973e+04
1.400000000000000000e+01 1.300000000000000000e+01 9.079498208573853844e+03
1.400000000000000000e+01 1.800000000000000000e+01 1.908368751123561015e+04
1.400000000000000000e+01 2.100000000000000000e+01 1.840377445207714845e+04
1.500000000000000000e+01 7.000000000000000000e+00 8.405435302039039016e+03
1.500000000000000000e+01 9.000000000000000000e+00 1.107198894899086554e+04
1.500000000000000000e+01 1.600000000000000000e+01 1.168822534375869691e+04
1.500000000000000000e+01 1.700000000000000000e+01 1.528991190611284583e+04
1.600000000000000000e+01 9.000000000000000000e+00 8.100642018566621118e+03
1.600000000000000000e+01 1.500000000000000000e+01 1.167543252991093323e+04
1.600000000000000000e+01 1.800000000000000000e+01 9.953899890715081710e+03
1.700000000000000000e+01 6.000000000000000000e+00 1.586265964384094696e+04
1.700000000000000000e+01 1.500000000000000000e+01 1.534645334358993568e+04
1.700000000000000000e+01 1.900000000000000000e+01 1.898926504080521408e+04
1.800000000000000000e+01 1.400000000000000000e+01 1.911680241312472572e+04
1.800000000000000000e+01 1.600000000000000000e+01 9.941123445916291530e+03
1.800000000000000000e+01 1.900000000000000000e+01 8.686953853921899281e+03
1.900000000000000000e+01 1.700000000000000000e+01 1.900638368763234394e+04
1.900000000000000000e+01 1.800000000000000000e+01 8.707292311012237406e+03
1.900000000000000000e+01 2.000000000000000000e+01 6.305023215689015160e+03
1.900000000000000000e+01 2.100000000000000000e+01 7.003244731092544498e+03
2.000000000000000000e+01 1.900000000000000000e+01 6.243245478663969152e+03
2.000000000000000000e+01 2.100000000000000000e+01 8.616286448089913392e+03
2.000000000000000000e+01 2.300000000000000000e+01 1.030694044086808026e+04
2.100000000000000000e+01 1.400000000000000000e+01 1.837946657146952930e+04
2.100000000000000000e+01 1.900000000000000000e+01 7.002479572035063029e+03
2.100000000000000000e+01 2.000000000000000000e+01 8.605113179485224464e+03
2.100000000000000000e+01 2.200000000000000000e+01 9.658916093716597970e+03
2.200000000000000000e+01 1.300000000000000000e+01 8.392733179822360398e+03
2.200000000000000000e+01 2.100000000000000000e+01 9.622669785446811147e+03
2.200000000000000000e+01 2.300000000000000000e+01 7.901651174259190157e+03
2.300000000000000000e+01 1.200000000000000000e+01 1.111184062112557694e+04
2.300000000000000000e+01 2.000000000000000000e+01 1.025633597244772318e+04
2.300000000000000000e+01 2.200000000000000000e+01 7.860066054781462299e+03
