i	j	o20d8l42
0	1	 4502.46
0	2	 8126.95
1	0	 4527.49
1	5	 5967.11
2	0	 8101.92
2	3	14024.22
2	11	10038.49
3	2	14044.53
3	4	18022.15
3	10	 5210.70
4	3	18044.02
4	5	 8796.80
4	8	15785.14
5	1	 5992.14
5	4	 8805.34
5	7	12498.83
6	7	12119.78
6	17	15823.38
7	5	12532.40
7	6	12060.99
7	8	 6893.94
7	15	 8386.46
8	4	15798.48
8	7	 6848.23
8	9	21736.74
9	8	21804.37
9	10	17724.06
9	14	23110.11
9	15	11053.99
9	16	 8101.70
10	3	 5309.13
10	9	17600.96
10	11	 8363.57
10	13	 9772.25
11	2	 9993.15
11	10	 8401.61
11	12	12302.39
12	11	12395.10
12	23	11117.42
13	10	 9809.53
13	14	 9034.22
13	22	 8391.37
14	9	23176.72
14	13	 9077.17
14	18	19328.83
14	21	18385.64
15	7	 8406.95
15	9	11079.41
15	16	11683.19
15	17	15043.28
16	9	 8100.41
16	15	11674.04
16	18	 9947.79
17	6	15882.17
17	15	15098.34
17	19	19028.72
18	14	19362.87
18	16	 9937.34
18	19	 8680.72
19	17	19042.56
19	18	 8704.31
19	20	 6330.45
19	21	 7004.80
20	19	 6269.03
20	21	 8595.46
20	23	10310.44
21	14	18361.16
21	19	 7003.65
21	20	 8584.66
21	22	 9658.17
22	13	 8385.70
22	21	 9621.74
22	23	 7895.61
23	12	11110.13
23	20	10259.82
23	22	 7853.52
