0.000000000000000000e+00 1.000000000000000000e+00 4.496051348997539208e+03
0.000000000000000000e+00 2.000000000000000000e+00 8.117424104639439975e+03
1.000000000000000000e+00 0.000000000000000000e+00 4.518023260108911018e+03
1.000000000000000000e+00 5.000000000000000000e+00 5.969040635769963956e+03
2.000000000000000000e+00 0.000000000000000000e+00 8.095452193528079988e+03
2.000000000000000000e+00 3.000000000000000000e+00 1.402195009127847879e+04
2.000000000000000000e+00 1.100000000000000000e+01 1.003883170190087367e+04
3.000000000000000000e+00 2.000000000000000000e+00 1.404609660703740155e+04
3.000000000000000000e+00 4.000000000000000000e+00 1.801770645267028885e+04
3.000000000000000000e+00 1.000000000000000000e+01 5.210410344894825357e+03
4.000000000000000000e+00 3.000000000000000000e+00 1.804317829856604294e+04
4.000000000000000000e+00 5.000000000000000000e+00 8.797013028335564741e+03
4.000000000000000000e+00 8.000000000000000000e+00 1.578723508092428165e+04
5.000000000000000000e+00 1.000000000000000000e+00 5.991012546881332128e+03
5.000000000000000000e+00 4.000000000000000000e+00 8.805120919887756827e+03
5.000000000000000000e+00 7.000000000000000000e+00 1.249346114945848421e+04
6.000000000000000000e+00 7.000000000000000000e+00 1.210366166300946679e+04
6.000000000000000000e+00 1.700000000000000000e+01 1.580116655472426828e+04
7.000000000000000000e+00 5.000000000000000000e+00 1.252354095212204811e+04
7.000000000000000000e+00 6.000000000000000000e+00 1.203995773074847784e+04
7.000000000000000000e+00 8.000000000000000000e+00 6.881601553976169271e+03
7.000000000000000000e+00 1.500000000000000000e+01 8.387014404077053769e+03
8.000000000000000000e+00 4.000000000000000000e+00 1.580459903526784910e+04
8.000000000000000000e+00 7.000000000000000000e+00 6.833050073801165126e+03
8.000000000000000000e+00 9.000000000000000000e+00 2.175074339532594604e+04
9.000000000000000000e+00 8.000000000000000000e+00 2.181955586949449935e+04
9.000000000000000000e+00 1.000000000000000000e+01 1.772736330765810635e+04
9.000000000000000000e+00 1.400000000000000000e+01 2.313263585106682876e+04
9.000000000000000000e+00 1.500000000000000000e+01 1.104504223727200770e+04
9.000000000000000000e+00 1.600000000000000000e+01 8.100953029216122559e+03
1.000000000000000000e+01 3.000000000000000000e+00 5.309085014757981298e+03
1.000000000000000000e+01 9.000000000000000000e+00 1.760522571205150598e+04
1.000000000000000000e+01 1.100000000000000000e+01 8.365468269446857448e+03
1.000000000000000000e+01 1.300000000000000000e+01 9.777797078795723792e+03
1.100000000000000000e+01 2.000000000000000000e+00 9.992713275030606383e+03
1.100000000000000000e+01 1.000000000000000000e+01 8.402876568241787027e+03
1.100000000000000000e+01 1.200000000000000000e+01 1.230312431584964179e+04
1.200000000000000000e+01 1.100000000000000000e+01 1.239441418777428589e+04
1.200000000000000000e+01 2.300000000000000000e+01 1.111956561552524909e+04
1.300000000000000000e+01 1.000000000000000000e+01 9.816925854257371611e+03
1.300000000000000000e+01 1.400000000000000000e+01 9.033440644073916701e+03
1.300000000000000000e+01 2.200000000000000000e+01 8.399019399559336307e+03
1.400000000000000000e+01 9.000000000000000000e+00 2.319699594625025566e+04
1.400000000000000000e+01 1.300000000000000000e+01 9.078228678375086020e+03
1.400000000000000000e+01 1.800000000000000000e+01 1.908450179990510151e+04
1.400000000000000000e+01 2.100000000000000000e+01 1.840269541967126861e+04
1.500000000000000000e+01 7.000000000000000000e+00 8.401941754654635588e+03
1.500000000000000000e+01 9.000000000000000000e+00 1.107176824863853835e+04
1.500000000000000000e+01 1.600000000000000000e+01 1.168899210905812834e+04
1.500000000000000000e+01 1.700000000000000000e+01 1.528730440014765372e+04
1.600000000000000000e+01 9.000000000000000000e+00 8.100816992441303228e+03
1.600000000000000000e+01 1.500000000000000000e+01 1.167780369387491919e+04
1.600000000000000000e+01 1.800000000000000000e+01 9.951730957393650897e+03
1.700000000000000000e+01 6.000000000000000000e+00 1.586487048698526451e+04
1.700000000000000000e+01 1.500000000000000000e+01 1.534014617727498626e+04
1.700000000000000000e+01 1.900000000000000000e+01 1.898852360814405984e+04
1.800000000000000000e+01 1.400000000000000000e+01 1.911848165784227967e+04
1.800000000000000000e+01 1.600000000000000000e+01 9.940406505435608778e+03
1.800000000000000000e+01 1.900000000000000000e+01 8.685062561568465753e+03
1.900000000000000000e+01 1.700000000000000000e+01 1.900506931753236131e+04
1.900000000000000000e+01 1.800000000000000000e+01 8.707717967547629087e+03
1.900000000000000000e+01 2.000000000000000000e+01 6.305046578654138102e+03
1.900000000000000000e+01 2.100000000000000000e+01 7.003881471209539086e+03
2.000000000000000000e+01 1.900000000000000000e+01 6.244111828958269143e+03
2.000000000000000000e+01 2.100000000000000000e+01 8.616454671862076793e+03
2.000000000000000000e+01 2.300000000000000000e+01 1.030762531021266295e+04
2.100000000000000000e+01 1.400000000000000000e+01 1.837786369121866664e+04
2.100000000000000000e+01 1.900000000000000000e+01 7.004017336272873763e+03
2.100000000000000000e+01 2.000000000000000000e+01 8.605956519944740648e+03
2.100000000000000000e+01 2.200000000000000000e+01 9.659270408747051988e+03
2.200000000000000000e+01 1.300000000000000000e+01 8.393360140719814808e+03
2.200000000000000000e+01 2.100000000000000000e+01 9.624076393440445827e+03
2.200000000000000000e+01 2.300000000000000000e+01 7.899778885358158732e+03
2.300000000000000000e+01 1.200000000000000000e+01 1.111085548744989683e+04
2.300000000000000000e+01 2.000000000000000000e+01 1.025718871243413923e+04
2.300000000000000000e+01 2.200000000000000000e+01 7.858925611212034710e+03
