0.000000000000000000e+00 1.000000000000000000e+00 4.403292266625970115e+03
0.000000000000000000e+00 2.000000000000000000e+00 8.026741593347650451e+03
1.000000000000000000e+00 0.000000000000000000e+00 4.426795540148243163e+03
1.000000000000000000e+00 5.000000000000000000e+00 5.958227081227017152e+03
2.000000000000000000e+00 0.000000000000000000e+00 8.003238319825378312e+03
2.000000000000000000e+00 3.000000000000000000e+00 1.396995629740712502e+04
2.000000000000000000e+00 1.100000000000000000e+01 9.974563268825962950e+03
3.000000000000000000e+00 2.000000000000000000e+00 1.399226520861183417e+04
3.000000000000000000e+00 4.000000000000000000e+00 1.796968561486979888e+04
3.000000000000000000e+00 1.000000000000000000e+01 5.209497577944867771e+03
4.000000000000000000e+00 3.000000000000000000e+00 1.799238540126915905e+04
4.000000000000000000e+00 5.000000000000000000e+00 8.797063914110336555e+03
4.000000000000000000e+00 8.000000000000000000e+00 1.582162226515720249e+04
5.000000000000000000e+00 1.000000000000000000e+00 5.981730354749292019e+03
5.000000000000000000e+00 4.000000000000000000e+00 8.804833942806593768e+03
5.000000000000000000e+00 7.000000000000000000e+00 1.239989388927638538e+04
6.000000000000000000e+00 7.000000000000000000e+00 1.298882847068837509e+04
6.000000000000000000e+00 1.700000000000000000e+01 1.542340823968170298e+04
7.000000000000000000e+00 5.000000000000000000e+00 1.243116719149490928e+04
7.000000000000000000e+00 6.000000000000000000e+00 1.293025517466062593e+04
7.000000000000000000e+00 8.000000000000000000e+00 6.738701133889135235e+03
7.000000000000000000e+00 1.500000000000000000e+01 8.663142510030864287e+03
8.000000000000000000e+00 4.000000000000000000e+00 1.583655202286030544e+04
8.000000000000000000e+00 7.000000000000000000e+00 6.693500259972960521e+03
8.000000000000000000e+00 9.000000000000000000e+00 2.192507756955591321e+04
9.000000000000000000e+00 8.000000000000000000e+00 2.199480645334280416e+04
9.000000000000000000e+00 1.000000000000000000e+01 1.775132568473224455e+04
9.000000000000000000e+00 1.400000000000000000e+01 2.323963108081579048e+04
9.000000000000000000e+00 1.500000000000000000e+01 1.109657595893417601e+04
9.000000000000000000e+00 1.600000000000000000e+01 8.100638084472163428e+03
1.000000000000000000e+01 3.000000000000000000e+00 5.309106702750214026e+03
1.000000000000000000e+01 9.000000000000000000e+00 1.762702341042564876e+04
1.000000000000000000e+01 1.100000000000000000e+01 8.387527371639667763e+03
1.000000000000000000e+01 1.300000000000000000e+01 9.814963800863031793e+03
1.100000000000000000e+01 2.000000000000000000e+00 9.928751084098988940e+03
1.100000000000000000e+01 1.000000000000000000e+01 8.425052335232026962e+03
1.100000000000000000e+01 1.200000000000000000e+01 1.226533750386436623e+04
1.200000000000000000e+01 1.100000000000000000e+01 1.235705028272978416e+04
1.200000000000000000e+01 2.300000000000000000e+01 1.115747574058082500e+04
1.300000000000000000e+01 1.000000000000000000e+01 9.852745687769427605e+03
1.300000000000000000e+01 1.400000000000000000e+01 9.046427309873790364e+03
1.300000000000000000e+01 2.200000000000000000e+01 8.407767177566374812e+03
1.400000000000000000e+01 9.000000000000000000e+00 2.330540616345284798e+04
1.400000000000000000e+01 1.300000000000000000e+01 9.090675627801514565e+03
1.400000000000000000e+01 1.800000000000000000e+01 1.925815776579070007e+04
1.400000000000000000e+01 2.100000000000000000e+01 1.842366172819830899e+04
1.500000000000000000e+01 7.000000000000000000e+00 8.681043390137829192e+03
1.500000000000000000e+01 9.000000000000000000e+00 1.112410991803554134e+04
1.500000000000000000e+01 1.600000000000000000e+01 1.171650781281556738e+04
1.500000000000000000e+01 1.700000000000000000e+01 1.474023663565623974e+04
1.600000000000000000e+01 9.000000000000000000e+00 8.101360200827275548e+03
1.600000000000000000e+01 1.500000000000000000e+01 1.170520010822458244e+04
1.600000000000000000e+01 1.800000000000000000e+01 9.940555667533682936e+03
1.700000000000000000e+01 6.000000000000000000e+00 1.548198153570945215e+04
1.700000000000000000e+01 1.500000000000000000e+01 1.479697917945554218e+04
1.700000000000000000e+01 1.900000000000000000e+01 1.895066494916256852e+04
1.800000000000000000e+01 1.400000000000000000e+01 1.929193887261229975e+04
1.800000000000000000e+01 1.600000000000000000e+01 9.929970079297814664e+03
1.800000000000000000e+01 1.900000000000000000e+01 8.714936223403292388e+03
1.900000000000000000e+01 1.700000000000000000e+01 1.896598078898960375e+04
1.900000000000000000e+01 1.800000000000000000e+01 8.738131741989025613e+03
1.900000000000000000e+01 2.000000000000000000e+01 6.313666025836459085e+03
1.900000000000000000e+01 2.100000000000000000e+01 7.002949321460632746e+03
2.000000000000000000e+01 1.900000000000000000e+01 6.251800108859141801e+03
2.000000000000000000e+01 2.100000000000000000e+01 8.622990731849549775e+03
2.000000000000000000e+01 2.300000000000000000e+01 1.032152388236095067e+04
2.100000000000000000e+01 1.400000000000000000e+01 1.839990402194144917e+04
2.100000000000000000e+01 1.900000000000000000e+01 7.003326596850722126e+03
2.100000000000000000e+01 2.000000000000000000e+01 8.611677698004014019e+03
2.100000000000000000e+01 2.200000000000000000e+01 9.669691263652839552e+03
2.200000000000000000e+01 1.300000000000000000e+01 8.401300746545051879e+03
2.200000000000000000e+01 2.100000000000000000e+01 9.634997798940541543e+03
2.200000000000000000e+01 2.300000000000000000e+01 7.923919418879496334e+03
2.300000000000000000e+01 1.200000000000000000e+01 1.114918851944624294e+04
2.300000000000000000e+01 2.000000000000000000e+01 1.027097099922917187e+04
2.300000000000000000e+01 2.200000000000000000e+01 7.882759523145876301e+03
