0.000000000000000000e+00 1.000000000000000000e+00 4.495965178871122589e+03
0.000000000000000000e+00 2.000000000000000000e+00 8.121973775567267694e+03
1.000000000000000000e+00 0.000000000000000000e+00 4.522472485191889973e+03
1.000000000000000000e+00 5.000000000000000000e+00 5.968179235068668277e+03
2.000000000000000000e+00 0.000000000000000000e+00 8.095466469246503948e+03
2.000000000000000000e+00 3.000000000000000000e+00 1.401743397569592344e+04
2.000000000000000000e+00 1.100000000000000000e+01 1.003954865178629188e+04
3.000000000000000000e+00 2.000000000000000000e+00 1.404363998826089846e+04
3.000000000000000000e+00 4.000000000000000000e+00 1.801426935671174942e+04
3.000000000000000000e+00 1.000000000000000000e+01 5.207679136948418090e+03
4.000000000000000000e+00 3.000000000000000000e+00 1.804185605586687234e+04
4.000000000000000000e+00 5.000000000000000000e+00 8.797187491244292687e+03
4.000000000000000000e+00 8.000000000000000000e+00 1.578427310931835927e+04
5.000000000000000000e+00 1.000000000000000000e+00 5.994686541389442027e+03
5.000000000000000000e+00 4.000000000000000000e+00 8.804222397595201983e+03
5.000000000000000000e+00 7.000000000000000000e+00 1.249267131151740796e+04
6.000000000000000000e+00 7.000000000000000000e+00 1.210835234242757906e+04
6.000000000000000000e+00 1.700000000000000000e+01 1.580506388131237873e+04
7.000000000000000000e+00 5.000000000000000000e+00 1.252621352418909919e+04
7.000000000000000000e+00 6.000000000000000000e+00 1.204578130376724948e+04
7.000000000000000000e+00 8.000000000000000000e+00 6.880756768717114937e+03
7.000000000000000000e+00 1.500000000000000000e+01 8.384055709261954689e+03
8.000000000000000000e+00 4.000000000000000000e+00 1.580482490212255652e+04
8.000000000000000000e+00 7.000000000000000000e+00 6.837071079941444623e+03
8.000000000000000000e+00 9.000000000000000000e+00 2.174656522567752472e+04
9.000000000000000000e+00 8.000000000000000000e+00 2.182343132970607257e+04
9.000000000000000000e+00 1.000000000000000000e+01 1.772279875774751054e+04
9.000000000000000000e+00 1.400000000000000000e+01 2.312957297921698409e+04
9.000000000000000000e+00 1.500000000000000000e+01 1.104498599645716968e+04
9.000000000000000000e+00 1.600000000000000000e+01 8.100224854167263402e+03
1.000000000000000000e+01 3.000000000000000000e+00 5.306298450358288392e+03
1.000000000000000000e+01 9.000000000000000000e+00 1.760584343053801422e+04
1.000000000000000000e+01 1.100000000000000000e+01 8.363315661106591506e+03
1.000000000000000000e+01 1.300000000000000000e+01 9.778210154342099486e+03
1.100000000000000000e+01 2.000000000000000000e+00 9.986835332900542198e+03
1.100000000000000000e+01 1.000000000000000000e+01 8.406791274887777035e+03
1.100000000000000000e+01 1.200000000000000000e+01 1.230381442976897597e+04
1.200000000000000000e+01 1.100000000000000000e+01 1.239457672466439726e+04
1.200000000000000000e+01 2.300000000000000000e+01 1.111964994518704771e+04
1.300000000000000000e+01 1.000000000000000000e+01 9.816398526761295216e+03
1.300000000000000000e+01 1.400000000000000000e+01 9.038521209151072981e+03
1.300000000000000000e+01 2.200000000000000000e+01 8.395910281096623294e+03
1.400000000000000000e+01 9.000000000000000000e+00 2.319618409188414807e+04
1.400000000000000000e+01 1.300000000000000000e+01 9.079958581417291498e+03
1.400000000000000000e+01 1.800000000000000000e+01 1.908292065950545293e+04
1.400000000000000000e+01 2.100000000000000000e+01 1.840531898638556595e+04
1.500000000000000000e+01 7.000000000000000000e+00 8.398712572048953007e+03
1.500000000000000000e+01 9.000000000000000000e+00 1.107184076307145915e+04
1.500000000000000000e+01 1.600000000000000000e+01 1.168818303394161558e+04
1.500000000000000000e+01 1.700000000000000000e+01 1.529574057615913262e+04
1.600000000000000000e+01 9.000000000000000000e+00 8.100580406123839566e+03
1.600000000000000000e+01 1.500000000000000000e+01 1.167656202553447474e+04
1.600000000000000000e+01 1.800000000000000000e+01 9.952532969935769870e+03
1.700000000000000000e+01 6.000000000000000000e+00 1.586763491997270285e+04
1.700000000000000000e+01 1.500000000000000000e+01 1.534887321396757761e+04
1.700000000000000000e+01 1.900000000000000000e+01 1.898788473133353909e+04
1.800000000000000000e+01 1.400000000000000000e+01 1.911787310176192113e+04
1.800000000000000000e+01 1.600000000000000000e+01 9.941267513485190648e+03
1.800000000000000000e+01 1.900000000000000000e+01 8.684756779452045521e+03
1.900000000000000000e+01 1.700000000000000000e+01 1.900358840780231549e+04
1.900000000000000000e+01 1.800000000000000000e+01 8.708443765257927225e+03
1.900000000000000000e+01 2.000000000000000000e+01 6.304980461083763657e+03
1.900000000000000000e+01 2.100000000000000000e+01 7.001646221080146461e+03
2.000000000000000000e+01 1.900000000000000000e+01 6.242781610901453860e+03
2.000000000000000000e+01 2.100000000000000000e+01 8.619426062275577351e+03
2.000000000000000000e+01 2.300000000000000000e+01 1.030670009705914526e+04
2.100000000000000000e+01 1.400000000000000000e+01 1.837841502906248206e+04
2.100000000000000000e+01 1.900000000000000000e+01 7.003235733537145279e+03
2.100000000000000000e+01 2.000000000000000000e+01 8.608092064394830231e+03
2.100000000000000000e+01 2.200000000000000000e+01 9.660051935945506557e+03
2.200000000000000000e+01 1.300000000000000000e+01 8.392661281249602325e+03
2.200000000000000000e+01 2.100000000000000000e+01 9.623403493198680735e+03
2.200000000000000000e+01 2.300000000000000000e+01 7.899772612583248701e+03
2.300000000000000000e+01 1.200000000000000000e+01 1.111041224008246718e+04
2.300000000000000000e+01 2.000000000000000000e+01 1.025583524475757804e+04
2.300000000000000000e+01 2.200000000000000000e+01 7.859875169989398273e+03
