0.000000000000000000e+00 1.000000000000000000e+00 4.538151447103371538e+03
0.000000000000000000e+00 2.000000000000000000e+00 8.129543335646732885e+03
1.000000000000000000e+00 0.000000000000000000e+00 4.529353099221178127e+03
1.000000000000000000e+00 5.000000000000000000e+00 6.018613377189675703e+03
2.000000000000000000e+00 0.000000000000000000e+00 8.138341683528929934e+03
2.000000000000000000e+00 3.000000000000000000e+00 1.423226335837682382e+04
2.000000000000000000e+00 1.100000000000000000e+01 1.003937475384183381e+04
3.000000000000000000e+00 2.000000000000000000e+00 1.452919736377462868e+04
3.000000000000000000e+00 4.000000000000000000e+00 1.822716132732657934e+04
3.000000000000000000e+00 1.000000000000000000e+01 5.209183369669205604e+03
4.000000000000000000e+00 3.000000000000000000e+00 1.802948159397985728e+04
4.000000000000000000e+00 5.000000000000000000e+00 8.803153412098919944e+03
4.000000000000000000e+00 8.000000000000000000e+00 1.599879919777610667e+04
5.000000000000000000e+00 1.000000000000000000e+00 6.009815029307486839e+03
5.000000000000000000e+00 4.000000000000000000e+00 8.797773626196312762e+03
5.000000000000000000e+00 7.000000000000000000e+00 1.254140074456121511e+04
6.000000000000000000e+00 7.000000000000000000e+00 1.209621812675661749e+04
6.000000000000000000e+00 1.700000000000000000e+01 1.586892267723847181e+04
7.000000000000000000e+00 5.000000000000000000e+00 1.252722261077639814e+04
7.000000000000000000e+00 6.000000000000000000e+00 1.207623481182017167e+04
7.000000000000000000e+00 8.000000000000000000e+00 6.872710059768436622e+03
7.000000000000000000e+00 1.500000000000000000e+01 8.393983744681368989e+03
8.000000000000000000e+00 4.000000000000000000e+00 1.580649925033200634e+04
8.000000000000000000e+00 7.000000000000000000e+00 6.828765024580196041e+03
8.000000000000000000e+00 9.000000000000000000e+00 2.196933712167385602e+04
9.000000000000000000e+00 8.000000000000000000e+00 2.183309213904150965e+04
9.000000000000000000e+00 1.000000000000000000e+01 1.777893535118564614e+04
9.000000000000000000e+00 1.400000000000000000e+01 2.309569371697854876e+04
9.000000000000000000e+00 1.500000000000000000e+01 1.102773417483564117e+04
9.000000000000000000e+00 1.600000000000000000e+01 8.100676568434299952e+03
1.000000000000000000e+01 3.000000000000000000e+00 5.803797108413727074e+03
1.000000000000000000e+01 9.000000000000000000e+00 1.742588754986424465e+04
1.000000000000000000e+01 1.100000000000000000e+01 8.356339330502189114e+03
1.000000000000000000e+01 1.300000000000000000e+01 9.731303264419464540e+03
1.100000000000000000e+01 2.000000000000000000e+00 9.751239096326224171e+03
1.100000000000000000e+01 1.000000000000000000e+01 8.584266138173135914e+03
1.100000000000000000e+01 1.200000000000000000e+01 1.229643215310841879e+04
1.200000000000000000e+01 1.100000000000000000e+01 1.233622330326374322e+04
1.200000000000000000e+01 2.300000000000000000e+01 1.117681172190908546e+04
1.300000000000000000e+01 1.000000000000000000e+01 9.844942394171644992e+03
1.300000000000000000e+01 1.400000000000000000e+01 8.991715655496542240e+03
1.300000000000000000e+01 2.200000000000000000e+01 8.382373969300831959e+03
1.400000000000000000e+01 9.000000000000000000e+00 2.317381604332704956e+04
1.400000000000000000e+01 1.300000000000000000e+01 9.065410218056131271e+03
1.400000000000000000e+01 1.800000000000000000e+01 1.905162954009201712e+04
1.400000000000000000e+01 2.100000000000000000e+01 1.840686791730864934e+04
1.500000000000000000e+01 7.000000000000000000e+00 8.403767331148377707e+03
1.500000000000000000e+01 9.000000000000000000e+00 1.106623626745080765e+04
1.500000000000000000e+01 1.600000000000000000e+01 1.167959005737207553e+04
1.500000000000000000e+01 1.700000000000000000e+01 1.533180741982245672e+04
1.600000000000000000e+01 9.000000000000000000e+00 8.100854968159709642e+03
1.600000000000000000e+01 1.500000000000000000e+01 1.165811749873884764e+04
1.600000000000000000e+01 1.800000000000000000e+01 9.959471803532171180e+03
1.700000000000000000e+01 6.000000000000000000e+00 1.588890599217491399e+04
1.700000000000000000e+01 1.500000000000000000e+01 1.540156565753785253e+04
1.700000000000000000e+01 1.900000000000000000e+01 1.903955015659089986e+04
1.800000000000000000e+01 1.400000000000000000e+01 1.911156038927713234e+04
1.800000000000000000e+01 1.600000000000000000e+01 9.938177644624363893e+03
1.800000000000000000e+01 1.900000000000000000e+01 8.664628839113480353e+03
1.900000000000000000e+01 1.700000000000000000e+01 1.902929170924271602e+04
1.900000000000000000e+01 1.800000000000000000e+01 8.703265529390793745e+03
1.900000000000000000e+01 2.000000000000000000e+01 6.324565941728373218e+03
1.900000000000000000e+01 2.100000000000000000e+01 7.001390611932005413e+03
2.000000000000000000e+01 1.900000000000000000e+01 6.251384528109502753e+03
2.000000000000000000e+01 2.100000000000000000e+01 8.603536446431509830e+03
2.000000000000000000e+01 2.300000000000000000e+01 1.028970654183983424e+04
2.100000000000000000e+01 1.400000000000000000e+01 1.839875395703153845e+04
2.100000000000000000e+01 1.900000000000000000e+01 7.002950268480023624e+03
2.100000000000000000e+01 2.000000000000000000e+01 8.571602394822299175e+03
2.100000000000000000e+01 2.200000000000000000e+01 9.632810569068980840e+03
2.200000000000000000e+01 1.300000000000000000e+01 8.422318536493428837e+03
2.200000000000000000e+01 2.100000000000000000e+01 9.594322213730705698e+03
2.200000000000000000e+01 2.300000000000000000e+01 7.923990029344711729e+03
2.300000000000000000e+01 1.200000000000000000e+01 1.111660287206441535e+04
2.300000000000000000e+01 2.000000000000000000e+01 1.024845917983018808e+04
2.300000000000000000e+01 2.200000000000000000e+01 7.925446241199023461e+03
