i	j	       0	       1	       2	       3	       4	       5	       6	       7	       8	       9	      10	      11	      12	      13	      14	      15	      16	      17	      18	      19	      20	      21	      22	      23
0	1	 2600.79	    0.00	  267.86	  200.03	   16.97	    0.00	    0.01	    0.02	   33.95	  102.01	  200.03	  488.52	  460.02	  100.01	   17.07	    0.02	    0.04	    0.00	    0.01	    0.00	    0.01	    0.10	    0.06	   28.52
0	2	 6199.21	 1175.68	    0.00	    0.00	    0.00	  230.82	  141.20	  246.77	    0.00	    0.00	    0.00	    0.00	    0.00	    0.00	    0.00	  113.52	    0.00	   35.02	    0.00	    0.02	    0.00	    0.00	    0.00	    0.00
1	0	    0.00	 1275.68	    0.00	    0.00	    0.00	  530.82	  641.12	 1046.64	    0.00	    0.00	    0.00	    0.00	    0.00	    0.00	    0.00	  613.44	    0.08	  135.00	    0.03	  299.97	    0.00	    0.00	    0.00	    0.00
1	5	 2500.79	 2724.32	  167.86	    0.04	    0.00	    0.00	    0.00	    0.00	    0.00	    0.00	    0.04	  388.52	  160.02	    0.01	    0.00	    0.00	    0.00	    0.00	    0.00	    0.00	    0.01	    0.03	    0.06	   28.52
2	0	    0.00	    0.00	  367.86	  700.03	  216.97	    0.00	    0.09	    0.14	  533.95	 1402.01	  700.03	  688.52	  960.02	  400.01	  517.07	    0.10	  399.96	    0.02	  299.99	    0.05	  100.01	  400.10	  300.06	  128.52
2	3	 4498.83	  675.44	 1931.93	    0.00	    0.00	    0.04	    0.00	    0.00	    0.00	    0.00	    0.00	 3799.51	 2459.62	    0.09	    0.00	    0.00	    0.00	    0.00	    0.00	    0.00	  203.10	    0.46	    2.17	  471.42
2	11	 1600.38	  400.24	  500.21	 1602.09	  404.02	  500.47	  701.31	 1200.00	 1399.83	  699.05	    0.98	    0.00	    0.00	    0.37	   60.54	  569.86	  197.17	  199.28	   25.94	    0.07	    0.00	    0.00	    0.00	    0.00
3	2	    0.00	    0.00	    0.00	 2502.12	  720.99	  569.69	  660.19	 1153.37	 2033.78	 2401.06	 1000.25	    0.00	    0.00	  499.93	  677.55	  656.43	  697.13	  164.28	  325.93	    0.10	    0.00	    0.03	    0.07	    0.00
3	4	 3197.54	  175.57	 1331.79	 6696.92	    0.00	    0.00	    0.00	    0.00	    0.00	    0.11	  904.17	 3199.15	 1859.32	  200.02	    0.03	    0.00	    0.00	    0.00	    0.01	    0.00	    3.11	    0.02	  199.91	  271.39
3	10	  801.30	  299.91	  400.14	 2400.97	  699.84	  599.65	    0.90	    3.56	    0.94	    0.16	    0.00	    0.36	    0.30	    0.07	    0.06	    0.21	    0.04	    0.03	    0.02	    0.02	    0.02	    0.05	    0.05	    0.02
4	3	    0.00	    0.04	    0.00	    0.00	 1920.83	 1569.30	 1061.09	 1856.93	 2734.72	 3599.27	    0.00	    0.00	    0.00	    0.00	 1175.68	 1456.64	 1196.66	  264.31	  525.16	  300.13	    0.03	  398.46	    0.00	    0.00
4	5	    0.00	    0.00	  530.58	 2160.16	 1276.64	    0.00	    0.02	    0.03	  566.21	 1297.94	  404.00	 1479.43	  527.37	  100.02	  282.67	    0.04	    0.04	    0.00	    0.08	    0.01	    0.01	    0.00	   99.91	   71.46
4	8	 2997.54	  899.84	  701.21	 4036.75	 2902.53	 1399.79	    0.03	    0.10	    0.00	    0.00	    0.17	 1519.72	 1131.96	    0.00	    0.00	    0.06	    0.00	    0.01	    0.00	    0.03	    0.00	    0.00	    0.00	  199.93
5	1	    0.00	    0.00	    0.00	    0.02	   83.03	  930.82	  841.11	 1446.63	  166.05	  497.99	    0.02	    0.00	    0.00	    0.01	   82.93	 1013.43	  200.04	  135.00	  100.01	  399.97	    0.00	   99.93	    0.00	    0.00
5	4	    0.00	  824.32	    0.00	    0.00	    0.00	 3169.09	  976.83	 1825.28	    0.00	    0.00	    0.00	    0.00	    0.00	    0.00	    0.00	 1494.03	    0.12	  204.91	    0.03	  309.15	    0.01	    0.04	    0.00	    0.00
5	7	 2200.79	 1500.00	  398.44	 1760.19	  993.61	 3500.09	    0.00	    0.00	    0.15	    0.07	    4.03	 1667.95	  487.39	    0.03	    0.00	    0.00	    0.00	    0.00	    0.00	    0.00	    0.00	    0.00	    0.00	    0.00
6	7	    0.00	    0.00	    0.00	    0.00	    0.00	    0.00	 4105.94	    0.00	    0.00	    0.00	    0.00	    0.00	    0.00	  399.81	  599.88	  472.39	  159.96	  999.17	  999.36	 2599.47	  499.94	  799.86	  300.00	  199.99
6	17	  433.73	  340.48	   11.02	  444.04	  127.62	  994.54	 7994.06	 4542.34	  841.96	    0.60	    0.13	  228.13	    0.01	    0.00	    0.00	    0.00	    0.03	    0.00	    0.00	    0.00	    0.00	    0.00	    0.00	    0.00
7	5	    0.00	    0.00	    0.00	    0.00	    0.00	    0.00	 2217.93	 4071.88	    0.00	    0.12	    0.00	    0.00	    0.00	    0.00	    0.27	 3407.42	  700.12	  439.91	  299.96	 1009.11	   99.99	  299.94	    0.03	    0.01
7	6	  933.73	  540.48	  111.02	  844.04	  327.62	 1394.54	    0.00	 5542.34	 1441.91	    3.75	    1.25	  928.13	    1.77	    0.00	    0.00	    0.00	    0.11	    0.00	    0.00	    0.00	    0.00	    0.00	    0.00	    0.00
7	8	    0.00	    0.00	    0.00	    0.00	    0.00	    0.00	  888.02	 3728.03	    0.00	    0.00	    0.00	    0.00	    0.00	    0.00	    0.00	 1347.15	    0.00	  259.40	    0.00	  690.69	    0.00	    0.00	    0.00	    0.00
7	15	  467.14	  559.57	  175.31	  697.34	  435.83	 1305.64	    0.00	 3357.75	  911.56	    0.00	    0.06	  498.32	    0.15	    0.00	    0.00	    0.00	    0.00	    0.00	    0.00	    0.00	    0.00	    0.00	    0.00	    0.00
8	4	    0.00	    0.00	    0.00	    0.00	    0.00	    0.00	  284.30	  531.78	 4100.93	 5897.09	    0.00	    0.00	    0.00	    0.00	 1658.32	  462.70	 1396.58	   59.41	  625.21	   91.01	   96.92	  598.39	    0.00	    0.00
8	7	    0.08	    0.04	   87.90	  481.19	  269.84	    0.09	    0.00	    0.00	 3153.31	 1603.54	  797.28	  358.50	  114.53	    0.00	    0.00	    0.00	    0.23	    0.00	    0.00	    0.00	    0.00	    0.00	    0.00	    0.00
8	9	 2497.46	  699.80	  513.31	 2855.57	 1832.69	  999.70	    3.79	 2396.35	 8945.76	    0.00	    0.00	  561.35	  417.55	    0.00	    0.00	    0.25	    0.00	    0.06	    0.00	    0.00	    0.00	    0.00	    0.00	    0.00
9	8	    0.00	    0.00	    0.00	    0.00	    0.00	    0.00	    0.05	    0.00	    0.00	10300.64	 2197.11	    0.12	    0.12	  600.00	 2658.32	  515.74	 2296.81	    0.07	 1025.21	    0.30	  396.92	 1298.39	  500.00	    0.07
9	10	    0.00	    0.00	    0.00	    0.00	    0.00	    0.00	  499.10	  796.44	 1719.36	 8374.83	    0.00	    0.00	    0.00	    0.00	 1335.08	 1529.80	 1903.25	  199.99	  442.24	  443.06	    1.41	  481.91	    0.00	    0.00
9	14	  799.46	   99.91	   99.94	 1098.29	  596.19	  199.82	    0.04	    0.00	 3079.78	14495.92	 1925.25	  673.00	   20.83	    0.00	    0.00	    0.00	    0.81	    0.00	    0.00	    0.00	    0.00	    0.00	    0.00	    0.00
9	15	    0.00	    0.00	   13.68	   58.68	   36.67	    0.00	    0.00	    0.00	  446.77	 8127.85	 2216.82	  172.57	    0.12	    0.00	    0.00	    0.00	    0.00	    0.00	    0.00	    0.00	    0.00	    0.00	    0.00	    0.00
9	16	  399.10	    0.02	   99.97	  499.84	  199.94	    0.04	    0.08	    0.12	  899.85	 3900.77	  999.78	  599.81	  499.84	    0.10	    0.13	    0.11	    0.00	    0.05	    0.07	    0.14	    0.05	    0.14	    0.05	    0.03
10	3	    0.00	    0.00	    0.00	    0.00	    0.00	    0.00	    0.00	    0.00	    0.00	    2.07	 3404.43	    0.00	    0.00	 1199.93	    1.95	    0.00	    0.51	    0.00	    0.79	    0.00	    0.00	    1.18	  697.86	    0.00
10	9	    1.11	    0.07	    0.27	    1.25	    0.12	    0.09	    0.00	    0.00	    0.00	    0.00	11238.96	 2884.16	 2003.36	 1112.49	    0.00	    0.00	    0.00	    0.00	    0.00	    0.00	    0.00	    0.00	  308.29	   53.71
10	11	    0.00	    0.00	    0.00	    0.00	    0.00	    0.00	    0.00	    0.00	    0.11	 3200.95	 2400.63	    0.00	    0.00	  785.04	  661.93	  130.01	  902.79	    0.02	  283.66	    0.00	    0.00	    0.04	    0.04	    0.00
10	13	  300.65	  100.01	  100.11	  999.80	  199.74	  199.63	    0.00	    0.00	  320.19	 1171.98	 5255.98	 1027.00	   88.04	    0.00	    0.00	    0.00	    0.00	    0.00	    0.00	    0.00	    0.00	    0.00	    0.00	    0.00
11	2	    0.00	    0.00	    0.00	    0.00	    0.00	    0.00	    0.00	    0.00	    0.00	    0.00	    0.76	 4688.03	 3519.64	    0.52	    0.05	    0.00	    0.00	    0.00	    0.00	    0.00	  303.11	  500.53	  402.16	  599.94
11	10	    0.46	    0.17	    0.23	    0.08	    0.03	    0.08	    0.00	    0.00	    0.00	    0.00	    0.00	 5310.81	 3091.11	    0.00	    0.00	    0.00	    0.00	    0.00	    0.00	    0.00	    0.04	    0.00	    0.00	    0.51
11	12	 1399.91	  300.07	  299.98	 1002.01	  203.99	  300.40	    1.38	  600.00	  799.94	 1900.00	 1000.86	 3901.17	    0.00	   85.45	   22.41	    0.45	  499.96	    0.04	    9.60	    0.00	    0.00	    0.00	    0.00	    0.00
12	11	    0.00	    0.00	    0.00	    0.00	    0.00	    0.00	    0.08	    0.00	    0.00	    0.00	    0.00	    0.00	 7910.75	    0.56	    0.00	    0.58	    0.00	    0.74	    0.00	  499.93	  603.15	 1200.49	 1102.12	 1100.45
12	23	  899.91	    0.07	  199.98	  402.01	    3.99	  100.40	    0.00	    0.00	  199.94	    0.00	    0.86	 2601.17	 6689.25	    0.00	    0.00	    0.00	    0.00	    0.00	    0.00	    0.00	    0.00	    0.00	    0.00	    0.00
13	10	    0.00	    0.00	    0.00	    0.00	    0.00	    0.00	    0.00	    0.00	    0.00	    0.00	    0.00	    0.00	    0.00	 4697.39	  728.74	    0.00	    0.00	    0.00	  242.19	  156.92	  398.53	  619.27	 2306.15	  653.18
13	14	    0.57	    0.02	    0.09	    0.60	    0.05	    0.02	    0.00	    0.00	    0.00	    0.00	  974.87	  327.07	  107.65	 6230.46	    0.00	    0.00	    0.00	    0.00	    0.00	    0.00	    0.00	    0.00	 1247.30	  145.77
13	22	    0.09	    0.00	    0.02	  499.23	   99.70	   99.61	    0.00	    0.00	  200.87	  835.28	 2681.17	    0.25	    0.39	 3172.15	  455.69	    0.00	  234.22	    0.00	  143.29	    0.00	    0.00	    0.00	    0.00	    0.00
14	9	    0.00	    0.00	    0.00	    0.00	    0.00	    0.00	    0.08	    0.00	    0.00	    0.00	    0.00	    0.00	    0.00	 1587.62	 7993.53	    0.30	    0.00	    0.08	 3267.32	 1586.18	 1598.38	 4380.45	 1991.76	  746.38
14	13	    0.00	    0.00	    0.00	    0.00	    0.00	    0.00	  199.33	  398.66	  480.68	 1763.31	    0.07	    0.00	    0.00	    0.00	 2484.43	  699.29	  934.22	   99.66	  685.48	  655.18	    0.66	  678.69	    0.00	    0.00
14	18	  300.03	    0.03	    0.02	  200.13	  100.02	    0.05	    0.04	    0.03	  400.13	 3167.95	  781.81	  300.14	  298.11	 2895.81	 5899.79	    0.06	    0.41	    0.01	    0.00	    0.05	  656.92	 2899.81	  899.94	  294.07
14	21	    0.00	    0.00	    0.00	  398.76	  296.22	    0.00	    0.02	    0.00	 1298.98	 5564.67	  718.25	    0.00	    0.00	  447.02	 5022.25	    0.23	 2561.50	    0.00	 2139.34	    0.00	    0.00	    0.00	    0.00	    0.00
15	7	    0.00	    0.00	    0.00	    0.00	    0.00	    0.00	    0.00	    0.00	    0.00	    0.27	    0.00	    0.00	    0.00	    0.17	    0.39	 6482.18	 1940.04	    0.14	    0.61	    0.33	    0.06	    0.08	    0.03	    0.02
15	9	    0.00	    0.05	    0.00	    0.00	    0.00	    0.07	 2395.41	    0.21	    0.00	    0.00	    0.00	    0.00	    0.00	    0.00	    0.00	 6444.93	    0.57	  899.96	    0.20	 1357.31	    0.00	    0.00	    0.00	    0.00
15	16	    0.88	  200.02	    0.01	    0.06	    0.05	  500.04	 1500.08	 1400.30	    0.12	    0.51	    0.09	    0.05	    0.00	    0.00	    0.00	 5568.93	    0.00	  600.06	    0.00	 1596.96	  311.67	    0.11	    0.04	  103.59
15	17	    0.04	    0.02	    0.00	    0.04	    0.01	    0.07	    0.00	    0.34	    0.21	 3728.86	  817.17	    0.10	    0.01	    0.03	    0.15	 7603.96	 3855.72	    0.00	    0.17	    0.00	    0.00	    0.00	    0.00	    0.00
16	9	    0.00	    0.00	    0.00	    0.00	    0.00	    0.00	    0.00	    0.00	    0.00	    0.00	    0.00	    0.00	    0.00	    0.00	    0.00	    0.19	 8100.30	    0.00	    0.00	    0.00	    0.00	    0.00	    0.00	    0.00
16	15	    0.00	    0.00	    0.00	    0.00	    0.00	    0.00	    0.00	    0.00	    0.00	    1.42	    0.26	    0.00	    0.00	  693.70	 1190.97	    0.00	 8596.21	    0.00	 1290.67	    0.00	    0.05	    0.11	    0.04	    0.03
16	18	    0.03	    0.04	    0.00	    0.02	    0.02	    0.08	  500.16	    0.42	    0.06	    0.27	    0.00	    0.00	    0.00	    0.00	    0.00	 2768.86	 6703.49	    0.11	    0.00	    0.00	    0.00	    0.00	    0.00	    0.00
17	6	    0.00	    0.00	    0.00	    0.00	    0.00	    0.00	    0.00	    0.00	    0.05	 1896.84	  498.88	    0.00	  398.24	  599.81	 1099.88	 1872.39	 1159.88	 1199.17	 1399.36	 3099.47	  699.94	 1299.86	  500.00	  299.99
17	15	   33.78	   40.52	   11.02	   44.09	   27.56	   94.54	 5295.49	  243.10	   42.00	    0.37	    0.12	   29.27	  599.75	    6.49	    9.57	    0.00	    0.11	 2000.16	   10.30	 4554.60	  911.67	 1200.08	  500.03	  403.59
17	19	  299.99	  299.97	    0.00	  299.99	  100.08	  800.06	 2498.57	 3999.58	  600.12	 1132.46	  218.31	    0.04	    0.00	    0.00	    0.00	 5231.57	 2095.89	 1600.67	    0.00	    0.00	    0.00	    0.00	    0.00	    0.00
18	14	    0.00	    0.10	    0.00	    0.00	    0.00	    0.21	  699.25	  998.61	    0.00	    0.00	    0.00	    0.00	    0.00	    0.00	    0.00	 1899.72	 4995.32	  299.69	 6892.14	 3340.60	    0.16	    0.38	    0.16	    0.07
18	16	    0.04	    0.00	    0.02	    0.11	    0.02	    0.00	    0.00	    0.00	    0.10	    0.42	    0.39	    0.14	    0.16	 1393.60	 2690.84	    0.00	    0.00	    0.00	 2990.60	  102.90	  288.33	 1699.86	  599.96	  196.41
18	19	    0.02	    0.00	    0.00	    0.04	    0.02	    0.02	  499.98	    0.00	    0.09	 1367.80	  381.41	    0.00	    0.00	 1202.23	 2408.95	    0.00	    8.58	    0.00	 2917.26	    0.00	    0.00	    0.00	    0.00	    0.00
19	17	    0.00	    0.00	    0.00	    0.00	    0.00	    0.00	    0.00	    0.00	    0.00	    0.21	    0.01	    1.08	 1097.96	  706.28	 1309.30	    0.00	    0.14	    0.00	 1709.48	 8054.08	 1711.61	 2799.94	 1100.02	  703.58
19	18	    0.00	  100.04	    0.00	    0.00	    0.00	  200.10	 1099.03	 1698.16	    0.00	    0.00	    0.00	    0.00	    2.04	    0.01	    0.00	  430.80	    0.00	  599.56	    0.00	 4643.44	   31.56	    0.43	    0.17	    2.40
19	20	    0.00	    0.00	    0.00	    0.01	    0.00	  100.00	  699.20	  600.72	    0.07	    0.05	    0.02	    0.01	    0.02	    0.02	    0.03	 1501.31	  404.30	  200.96	    7.88	 2701.77	    0.00	    0.07	    0.03	    0.02
19	21	    0.00	   99.93	    0.00	    0.02	    0.09	  199.99	  700.34	  800.71	    0.14	    0.21	    0.05	    0.00	    0.00	    0.00	    0.16	 1699.46	    0.11	  400.14	    0.08	 3100.71	    0.18	    0.00	    0.00	    0.00
20	19	    0.00	    0.00	    0.00	    0.00	    0.00	    0.00	    0.02	    0.00	    0.00	    0.11	    0.03	  400.97	 1699.86	    0.08	    0.17	    0.00	    0.07	    0.00	    0.18	    0.00	 2943.35	    0.22	    2.40	 1105.71
20	21	  260.33	    0.06	   65.08	    0.28	    0.00	    0.03	    0.11	    0.13	    0.00	    0.00	    0.00	  455.57	 1449.83	    0.00	    0.00	    0.29	    0.00	    0.07	    0.00	    0.67	 4858.55	    0.00	    0.00	 1597.24
20	23	    0.00	    0.00	    0.00	    0.00	    0.00	    0.02	  499.10	  200.61	    0.05	  476.93	    0.00	    0.00	    0.00	    0.00	  664.74	  901.14	  200.11	  100.90	  241.31	 1501.18	 3198.10	 2301.47	    0.00	    0.00
21	14	    0.00	    0.00	    0.00	    0.00	    0.00	    0.00	    0.17	    0.08	    0.00	    0.00	    0.00	    0.06	  869.64	    0.00	    0.00	    0.16	    0.00	    0.07	    0.00	    0.82	 3055.81	10558.56	 2644.24	 1294.61
21	19	    0.00	    0.00	    0.00	    0.00	    0.00	    0.00	    0.00	    0.00	    0.00	    0.11	    0.32	    0.08	    0.17	    4.00	    0.38	    0.00	    0.00	    0.00	    0.00	    0.00	    0.00	 5200.22	 1797.82	    0.30
21	20	    0.01	    0.00	    0.00	    0.02	   96.35	    0.01	    0.03	    0.03	  299.97	 1676.99	    1.20	    0.04	    0.07	    0.90	 1464.87	    0.12	  395.89	    0.01	  633.61	    0.08	    0.00	 4101.62	    1.57	    0.06
21	22	    0.00	    0.00	    0.00	    0.00	    0.00	    0.01	  200.27	  300.73	  299.15	 1287.79	    0.00	    0.00	    0.00	    0.00	  957.16	  499.70	  465.71	  100.13	  305.81	  700.48	    2.91	 4539.59	    0.00	    0.00
22	13	    0.01	    0.00	    0.00	    0.02	    0.00	    0.00	    0.67	    1.34	    0.00	    0.00	    0.00	    0.32	  619.99	    0.00	    0.00	    0.71	    0.00	    0.34	    0.01	    1.74	  797.87	 1140.58	 4653.45	 1198.95
22	21	  139.69	    0.01	   34.92	    0.97	    0.05	    0.00	    0.00	    0.00	    0.00	    0.00	  383.23	  244.61	  720.06	  757.87	    0.00	    0.00	    0.00	    0.00	    0.00	    0.00	    0.00	    0.00	 6543.64	  797.72
22	23	    0.00	    0.00	    0.00	    0.02	    0.00	    0.01	    0.01	    0.03	    0.02	  323.07	  998.00	    0.00	    0.00	 1314.28	  412.97	    0.07	  100.00	    0.00	  149.12	    0.17	    0.06	 1300.01	 3302.92	    0.00
23	12	    0.00	    0.00	    0.00	    0.00	    0.00	    0.00	  398.69	    0.00	    0.00	    0.00	    0.00	    0.00	    0.00	  515.11	  677.59	  600.14	    0.04	  100.70	  290.40	 1099.93	 1203.15	 2500.49	 1902.12	 1800.45
23	20	  360.31	    0.05	   65.08	  200.25	    3.64	    0.04	    0.00	    0.00	    0.01	    0.00	  398.81	 1156.49	 3749.59	  399.17	    0.00	    0.00	    0.00	    0.00	    0.00	    0.00	    0.00	    0.00	  700.80	 3202.87
23	22	  439.60	    0.01	  134.90	    1.79	    0.35	    0.39	    0.42	    0.64	    0.00	    0.00	    0.05	  944.67	 2139.66	    0.00	    0.12	    1.07	    0.07	    0.21	    0.04	    1.42	 1495.01	    1.00	    0.00	 2696.67
