i	j	o11d0l4
0	1	 4690.67
0	2	 8116.74
1	0	 4717.78
1	5	 5989.87
2	0	 8089.64
2	3	14190.33
2	11	10031.08
3	2	14212.62
3	4	18188.63
3	10	 5206.50
4	3	18210.39
4	5	 8797.93
4	8	15783.77
5	1	 6016.97
5	4	 8805.77
5	7	12489.25
6	7	12100.56
6	17	15801.46
7	5	12524.19
7	6	12038.93
7	8	 6880.97
7	15	 8386.90
8	4	15797.69
8	7	 6836.51
8	9	21745.88
9	8	21815.34
9	10	17730.46
9	14	23128.09
9	15	11047.74
9	16	 8100.66
10	3	 5307.03
10	9	17608.84
10	11	 8369.48
10	13	 9777.51
11	2	 9981.68
11	10	 8408.68
11	12	12301.41
12	11	12391.21
12	23	11122.77
13	10	 9817.22
13	14	 9035.62
13	22	 8399.12
14	9	23194.99
14	13	 9081.22
14	18	19084.69
14	21	18405.21
15	7	 8404.68
15	9	11072.33
15	16	11688.69
15	17	15285.50
16	9	 8100.24
16	15	11673.72
16	18	 9954.71
17	6	15863.09
17	15	15342.84
17	19	18989.22
18	14	19121.21
18	16	 9939.33
18	19	 8686.31
19	17	19008.19
19	18	 8707.44
19	20	 6305.87
19	21	 7000.51
20	19	 6244.67
20	21	 8617.92
20	23	10307.62
21	14	18381.19
21	19	 7001.81
21	20	 8607.68
21	22	 9659.45
22	13	 8393.23
22	21	 9626.49
22	23	 7901.45
23	12	11112.58
23	20	10256.66
23	22	 7862.60
