0.000000000000000000e+00 1.000000000000000000e+00 4.503822406504860737e+03
0.000000000000000000e+00 2.000000000000000000e+00 8.077418680506693818e+03
1.000000000000000000e+00 0.000000000000000000e+00 4.478234991241285570e+03
1.000000000000000000e+00 5.000000000000000000e+00 5.995991131067044989e+03
2.000000000000000000e+00 0.000000000000000000e+00 8.103006095770266256e+03
2.000000000000000000e+00 3.000000000000000000e+00 1.408060750789335543e+04
2.000000000000000000e+00 1.100000000000000000e+01 1.004262175596736233e+04
3.000000000000000000e+00 2.000000000000000000e+00 1.407122444504090709e+04
3.000000000000000000e+00 4.000000000000000000e+00 1.807336088988973279e+04
3.000000000000000000e+00 1.000000000000000000e+01 5.211793525317969397e+03
4.000000000000000000e+00 3.000000000000000000e+00 1.806588846395493601e+04
4.000000000000000000e+00 5.000000000000000000e+00 8.806059343526072553e+03
4.000000000000000000e+00 8.000000000000000000e+00 1.583468878475957899e+04
5.000000000000000000e+00 1.000000000000000000e+00 5.970403715803468003e+03
5.000000000000000000e+00 4.000000000000000000e+00 8.797427864561979732e+03
5.000000000000000000e+00 7.000000000000000000e+00 1.251117968152557660e+04
6.000000000000000000e+00 7.000000000000000000e+00 1.200797219343418874e+04
6.000000000000000000e+00 1.700000000000000000e+01 1.566125547558598009e+04
7.000000000000000000e+00 5.000000000000000000e+00 1.247696078729789770e+04
7.000000000000000000e+00 6.000000000000000000e+00 1.207036460855229416e+04
7.000000000000000000e+00 8.000000000000000000e+00 6.798104596983477677e+03
7.000000000000000000e+00 1.500000000000000000e+01 8.388647303815059786e+03
8.000000000000000000e+00 4.000000000000000000e+00 1.583584783778888595e+04
8.000000000000000000e+00 7.000000000000000000e+00 6.847002923748532339e+03
8.000000000000000000e+00 9.000000000000000000e+00 2.178552843572657366e+04
9.000000000000000000e+00 8.000000000000000000e+00 2.193558581552092073e+04
9.000000000000000000e+00 1.000000000000000000e+01 1.769609117845553556e+04
9.000000000000000000e+00 1.400000000000000000e+01 2.317526082925246737e+04
9.000000000000000000e+00 1.500000000000000000e+01 1.105093849425450207e+04
9.000000000000000000e+00 1.600000000000000000e+01 8.100227462595225006e+03
1.000000000000000000e+01 3.000000000000000000e+00 5.309882888400326920e+03
1.000000000000000000e+01 9.000000000000000000e+00 1.760070627601768138e+04
1.000000000000000000e+01 1.100000000000000000e+01 8.407360246880107297e+03
1.000000000000000000e+01 1.300000000000000000e+01 9.792533095532364314e+03
1.100000000000000000e+01 2.000000000000000000e+00 1.007759223408338403e+04
1.100000000000000000e+01 1.000000000000000000e+01 8.428325180882402492e+03
1.100000000000000000e+01 1.200000000000000000e+01 1.235105022290419947e+04
1.200000000000000000e+01 1.100000000000000000e+01 1.250698563502251091e+04
1.200000000000000000e+01 2.300000000000000000e+01 1.102526917157086064e+04
1.300000000000000000e+01 1.000000000000000000e+01 9.874272622174565186e+03
1.300000000000000000e+01 1.400000000000000000e+01 9.032725546052824939e+03
1.300000000000000000e+01 2.200000000000000000e+01 8.489854248094954528e+03
1.400000000000000000e+01 9.000000000000000000e+00 2.336900411759657800e+04
1.400000000000000000e+01 1.300000000000000000e+01 9.062724385868759782e+03
1.400000000000000000e+01 1.800000000000000000e+01 1.865463026637572329e+04
1.400000000000000000e+01 2.100000000000000000e+01 1.839405551893973825e+04
1.500000000000000000e+01 7.000000000000000000e+00 8.367922497940424364e+03
1.500000000000000000e+01 9.000000000000000000e+00 1.100212976460894242e+04
1.500000000000000000e+01 1.600000000000000000e+01 1.155249519566691015e+04
1.500000000000000000e+01 1.700000000000000000e+01 1.512595121769329853e+04
1.600000000000000000e+01 9.000000000000000000e+00 8.100735186128864370e+03
1.600000000000000000e+01 1.500000000000000000e+01 1.165198983110095105e+04
1.600000000000000000e+01 1.800000000000000000e+01 9.885323594170600700e+03
1.700000000000000000e+01 6.000000000000000000e+00 1.559886306046786740e+04
1.700000000000000000e+01 1.500000000000000000e+01 1.495692304673907893e+04
1.700000000000000000e+01 1.900000000000000000e+01 1.892117147768865107e+04
1.800000000000000000e+01 1.400000000000000000e+01 1.835130567340150446e+04
1.800000000000000000e+01 1.600000000000000000e+01 9.985325953138280966e+03
1.800000000000000000e+01 1.900000000000000000e+01 8.715867615583349107e+03
1.900000000000000000e+01 1.700000000000000000e+01 1.858975089161633878e+04
1.900000000000000000e+01 1.800000000000000000e+01 8.512545381576832369e+03
1.900000000000000000e+01 2.000000000000000000e+01 6.179928971326086867e+03
1.900000000000000000e+01 2.100000000000000000e+01 8.096791534540509929e+03
2.000000000000000000e+01 1.900000000000000000e+01 6.639422244705498088e+03
2.000000000000000000e+01 2.100000000000000000e+01 8.219827309516802416e+03
2.000000000000000000e+01 2.300000000000000000e+01 1.031614931967203665e+04
2.100000000000000000e+01 1.400000000000000000e+01 1.882112224007397890e+04
2.100000000000000000e+01 1.900000000000000000e+01 7.002555441082234211e+03
2.100000000000000000e+01 2.000000000000000000e+01 8.726408305483208096e+03
2.100000000000000000e+01 2.200000000000000000e+01 9.712614800335219115e+03
2.200000000000000000e+01 1.300000000000000000e+01 8.541594934921231470e+03
2.200000000000000000e+01 2.100000000000000000e+01 9.552026423977615195e+03
2.200000000000000000e+01 2.300000000000000000e+01 7.863892057433542504e+03
2.300000000000000000e+01 1.200000000000000000e+01 1.108120458368917934e+04
2.300000000000000000e+01 2.000000000000000000e+01 1.026906159708504310e+04
2.300000000000000000e+01 2.200000000000000000e+01 7.755044367902208251e+03
