0.000000000000000000e+00 1.000000000000000000e+00 4.496010572250293080e+03
0.000000000000000000e+00 2.000000000000000000e+00 8.120154873303824388e+03
1.000000000000000000e+00 0.000000000000000000e+00 4.521211915343911642e+03
1.000000000000000000e+00 5.000000000000000000e+00 5.968189174189104051e+03
2.000000000000000000e+00 0.000000000000000000e+00 8.094953530210192184e+03
2.000000000000000000e+00 3.000000000000000000e+00 1.402052176787881581e+04
2.000000000000000000e+00 1.100000000000000000e+01 1.003800597319928966e+04
3.000000000000000000e+00 2.000000000000000000e+00 1.404370520338275128e+04
3.000000000000000000e+00 4.000000000000000000e+00 1.801912142482145646e+04
3.000000000000000000e+00 1.000000000000000000e+01 5.209437286524186675e+03
4.000000000000000000e+00 3.000000000000000000e+00 1.804449482418746993e+04
4.000000000000000000e+00 5.000000000000000000e+00 8.795496828742938305e+03
4.000000000000000000e+00 8.000000000000000000e+00 1.578971094900025491e+04
5.000000000000000000e+00 1.000000000000000000e+00 5.993390517282719884e+03
5.000000000000000000e+00 4.000000000000000000e+00 8.805365144276654974e+03
5.000000000000000000e+00 7.000000000000000000e+00 1.249155952260564300e+04
6.000000000000000000e+00 7.000000000000000000e+00 1.210320855582330842e+04
6.000000000000000000e+00 1.700000000000000000e+01 1.580199552768424110e+04
7.000000000000000000e+00 5.000000000000000000e+00 1.252662918123298368e+04
7.000000000000000000e+00 6.000000000000000000e+00 1.204046490429660116e+04
7.000000000000000000e+00 8.000000000000000000e+00 6.880244270208831949e+03
7.000000000000000000e+00 1.500000000000000000e+01 8.388568656861738418e+03
8.000000000000000000e+00 4.000000000000000000e+00 1.580521603283254262e+04
8.000000000000000000e+00 7.000000000000000000e+00 6.837411585460528840e+03
8.000000000000000000e+00 9.000000000000000000e+00 2.174824831846076268e+04
9.000000000000000000e+00 8.000000000000000000e+00 2.182092071754476638e+04
9.000000000000000000e+00 1.000000000000000000e+01 1.772476367126810874e+04
9.000000000000000000e+00 1.400000000000000000e+01 2.312814988605460530e+04
9.000000000000000000e+00 1.500000000000000000e+01 1.104532848557292709e+04
9.000000000000000000e+00 1.600000000000000000e+01 8.100574785077768865e+03
1.000000000000000000e+01 3.000000000000000000e+00 5.307247322662102306e+03
1.000000000000000000e+01 9.000000000000000000e+00 1.760330117993039676e+04
1.000000000000000000e+01 1.100000000000000000e+01 8.362650994096888098e+03
1.000000000000000000e+01 1.300000000000000000e+01 9.779276638229668606e+03
1.100000000000000000e+01 2.000000000000000000e+00 9.989621194601730167e+03
1.100000000000000000e+01 1.000000000000000000e+01 8.402718471511127063e+03
1.100000000000000000e+01 1.200000000000000000e+01 1.230133002903915985e+04
1.200000000000000000e+01 1.100000000000000000e+01 1.239301272785585206e+04
1.200000000000000000e+01 2.300000000000000000e+01 1.111994265487707889e+04
1.300000000000000000e+01 1.000000000000000000e+01 9.815556705615663304e+03
1.300000000000000000e+01 1.400000000000000000e+01 9.036713411471659128e+03
1.300000000000000000e+01 2.200000000000000000e+01 8.398648350126020887e+03
1.400000000000000000e+01 9.000000000000000000e+00 2.319637585266276437e+04
1.400000000000000000e+01 1.300000000000000000e+01 9.077345910983471185e+03
1.400000000000000000e+01 1.800000000000000000e+01 1.908544199732808192e+04
1.400000000000000000e+01 2.100000000000000000e+01 1.840230356991269218e+04
1.500000000000000000e+01 7.000000000000000000e+00 8.403727348710663136e+03
1.500000000000000000e+01 9.000000000000000000e+00 1.107145377945609107e+04
1.500000000000000000e+01 1.600000000000000000e+01 1.168862942718510385e+04
1.500000000000000000e+01 1.700000000000000000e+01 1.529223389892783962e+04
1.600000000000000000e+01 9.000000000000000000e+00 8.100358415008113298e+03
1.600000000000000000e+01 1.500000000000000000e+01 1.167674841086190463e+04
1.600000000000000000e+01 1.800000000000000000e+01 9.952704501821121085e+03
1.700000000000000000e+01 6.000000000000000000e+00 1.586473917921094653e+04
1.700000000000000000e+01 1.500000000000000000e+01 1.534539890098310752e+04
1.700000000000000000e+01 1.900000000000000000e+01 1.898973736284247207e+04
1.800000000000000000e+01 1.400000000000000000e+01 1.911741736159892389e+04
1.800000000000000000e+01 1.600000000000000000e+01 9.940607115428276302e+03
1.800000000000000000e+01 1.900000000000000000e+01 8.686883512922655427e+03
1.900000000000000000e+01 1.700000000000000000e+01 1.900564601642448179e+04
1.900000000000000000e+01 1.800000000000000000e+01 8.706761490800639876e+03
1.900000000000000000e+01 2.000000000000000000e+01 6.304530604255895923e+03
1.900000000000000000e+01 2.100000000000000000e+01 7.003344509601980462e+03
2.000000000000000000e+01 1.900000000000000000e+01 6.242695947429842818e+03
2.000000000000000000e+01 2.100000000000000000e+01 8.617337336785969455e+03
2.000000000000000000e+01 2.300000000000000000e+01 1.030622105533030845e+04
2.100000000000000000e+01 1.400000000000000000e+01 1.837918667176183226e+04
2.100000000000000000e+01 1.900000000000000000e+01 7.000965797888031375e+03
2.100000000000000000e+01 2.000000000000000000e+01 8.606250667097623591e+03
2.100000000000000000e+01 2.200000000000000000e+01 9.660341825659455935e+03
2.200000000000000000e+01 1.300000000000000000e+01 8.394295918000190795e+03
2.200000000000000000e+01 2.100000000000000000e+01 9.623759546106295602e+03
2.200000000000000000e+01 2.300000000000000000e+01 7.901616895338042013e+03
2.300000000000000000e+01 1.200000000000000000e+01 1.111162535369376747e+04
2.300000000000000000e+01 2.000000000000000000e+01 1.025547306819260848e+04
2.300000000000000000e+01 2.200000000000000000e+01 7.860682183659052498e+03
