i	j	       0	       1	       2	       3	       4	       5	       6	       7	       8	       9	      10	      11	      12	      13	      14	      15	      16	      17	      18	      19	      20	      21	      22	      23
0	1	 2600.20	    0.00	  269.14	  199.98	   16.14	    0.00	    0.01	    0.02	   32.29	   96.86	  199.98	  474.45	  463.29	  100.00	   16.14	    0.02	    0.02	    0.00	    0.02	    0.00	    0.00	    0.07	    0.04	   29.15
0	2	 6199.80	 1166.61	    0.00	    0.00	    0.00	  239.84	  139.77	  242.92	    0.00	    0.00	    0.00	    0.00	    0.00	    0.00	    0.00	   96.82	    0.03	   34.59	    0.00	    0.02	    0.00	    0.00	    0.00	    0.00
1	0	    0.00	 1266.61	    0.00	    0.00	    0.00	  539.84	  639.70	 1042.80	    0.00	    0.00	    0.00	    0.00	    0.00	    0.00	    0.00	  596.75	    0.40	  134.58	    0.03	  299.94	    0.00	    0.02	    0.00	    0.00
1	5	 2500.20	 2733.39	  169.14	    0.00	    0.00	    0.00	    0.00	    0.00	    0.00	    0.00	    0.00	  374.45	  163.29	    0.00	    0.00	    0.00	    0.00	    0.00	    0.00	    0.00	    0.00	    0.01	    0.04	   29.15
2	0	    0.00	    0.00	  369.14	  699.98	  216.14	    0.00	    0.08	    0.13	  532.29	 1396.86	  699.98	  674.45	  963.29	  400.00	  516.14	    0.09	  399.65	    0.01	  299.99	    0.08	  100.00	  400.06	  300.04	  129.15
2	3	 4499.57	  666.42	 1930.78	    0.00	    0.00	    0.10	    0.00	    0.00	    0.00	    0.00	    0.00	 3749.92	 2494.11	    0.09	    0.00	    0.00	    0.00	    0.00	    0.00	    0.00	  202.38	    0.33	    1.97	  470.65
2	11	 1600.23	  400.19	  500.08	 1602.81	  403.33	  500.48	  771.29	 1200.00	 1399.54	  659.12	    0.62	    0.00	    0.00	    0.21	   49.02	  548.52	  185.69	  199.24	   21.01	    0.07	    0.00	    0.00	    0.00	    0.00
3	2	    0.00	    0.00	    0.00	 2502.79	  719.48	  560.73	  731.60	 1157.22	 2031.82	 2355.61	 1000.39	    0.00	    0.00	  500.03	  664.98	  651.78	  685.20	  164.66	  320.94	    0.10	    0.00	    0.00	    0.00	    0.00
3	4	 3198.12	  166.11	 1330.45	 6697.41	    0.00	    0.00	    0.00	    0.00	    0.00	    0.07	  905.13	 3149.35	 1893.79	  200.00	    0.06	    0.00	    0.03	    0.00	    0.03	    0.00	    2.48	    0.07	  199.95	  270.68
3	10	  801.45	  300.35	  400.33	 2399.79	  699.57	  599.50	    0.74	    4.99	    0.20	    0.16	    0.00	    0.57	    0.32	    0.07	    0.06	    0.12	    0.04	    0.02	    0.02	    0.02	    0.02	    0.04	    0.05	    0.02
4	3	    0.00	    0.04	    0.00	    0.00	 1919.04	 1560.13	 1132.34	 1862.20	 2732.03	 3554.53	    0.00	    0.00	    0.00	    0.00	 1163.49	 1451.55	 1184.78	  264.68	  520.30	  300.12	    0.03	  398.68	    0.00	    0.00
4	5	    0.00	    0.00	  526.48	 2132.85	 1261.83	    0.00	    0.02	    0.03	  567.80	 1303.02	  404.95	 1462.12	  579.89	  100.00	  283.59	    0.04	    0.04	    0.00	    0.07	    0.01	    0.01	    0.02	   99.95	   70.84
4	8	 2998.12	  899.48	  703.98	 4064.56	 2919.13	 1399.64	    0.03	    0.11	    0.00	    0.00	    0.17	 1487.23	 1113.90	    0.00	    0.00	    0.06	    0.00	    0.01	    0.00	    0.03	    0.00	    0.00	    0.00	  199.84
5	1	    0.00	    0.00	    0.00	    0.02	   83.86	  939.84	  839.69	 1442.78	  167.71	  503.14	    0.02	    0.00	    0.00	    0.01	   83.86	  996.73	  200.38	  134.58	  100.01	  399.94	    0.00	   99.95	    0.00	    0.00
5	4	    0.00	  833.41	    0.00	    0.00	    0.00	 3159.77	 1027.80	 1804.95	    0.00	    0.00	    0.00	    0.00	    0.00	    0.00	    0.00	 1470.23	    0.27	  202.04	    0.03	  306.15	    0.08	    0.00	    0.00	    0.00
5	7	 2200.20	 1499.98	  395.61	 1732.83	  977.97	 3500.39	    0.00	    0.00	    0.09	    0.00	    4.94	 1636.57	  543.18	    0.00	    0.00	    0.00	    0.00	    0.00	    0.00	    0.00	    0.00	    0.00	    0.00	    0.00
6	7	    0.00	    0.00	    0.00	    0.00	    0.00	    0.00	 4174.66	    0.00	    0.00	    0.17	    0.00	    0.00	    0.00	  399.88	  600.12	  391.88	  138.53	  999.19	  999.74	 2599.69	  500.05	  799.85	  299.97	  199.99
6	17	  431.21	  337.42	    8.17	  432.12	  120.11	  987.63	 7925.34	 4522.74	  820.69	    0.15	    0.12	  214.03	    0.04	    0.00	    0.05	    0.00	    0.00	    0.00	    0.00	    0.00	    0.00	    0.00	    0.00	    0.00
7	5	    0.00	    0.00	    0.00	    0.00	    0.00	    0.00	 2267.47	 4047.70	    0.00	    0.12	    0.00	    0.00	    0.00	    0.00	    0.27	 3366.92	  700.61	  436.62	  299.96	 1006.07	  100.06	  299.92	    0.00	    0.01
7	6	  931.21	  537.42	  108.17	  832.12	  320.11	 1387.63	    0.00	 5522.74	 1420.57	    2.87	    1.15	  914.03	   64.10	    0.00	    0.05	    0.00	    0.08	    0.00	    0.00	    0.00	    0.00	    0.00	    0.00	    0.00
7	8	    0.00	    0.00	    0.00	    0.00	    0.00	    0.00	  907.19	 3752.12	    0.00	    0.00	    0.00	    0.00	    0.00	    0.00	    0.00	 1264.40	    0.00	  262.68	    0.00	  693.90	    0.03	    0.00	    0.00	    0.00
7	15	  469.08	  562.59	  171.60	  681.31	  425.78	 1312.85	    0.00	 3377.45	  909.81	    0.48	    0.15	  473.71	    0.38	    0.00	    0.00	    0.00	    0.00	    0.00	    0.00	    0.00	    0.00	    0.00	    0.00	    0.00
8	4	    0.00	    0.00	    0.00	    0.00	    0.00	    0.00	  304.59	  557.40	 4099.83	 5857.48	    0.00	    0.00	    0.00	    0.00	 1647.02	  481.43	 1384.52	   62.65	  620.31	   94.02	   97.49	  598.62	    0.00	    0.00
8	7	    0.08	    0.04	   84.16	  480.60	  267.91	    0.09	    0.00	    0.00	 3130.30	 1603.03	  796.36	  351.17	  121.30	    0.06	    0.08	    0.00	    0.19	    0.00	    0.00	    0.00	    0.00	    0.00	    0.00	    0.00
8	9	 2498.04	  699.44	  519.82	 2883.96	 1851.22	  999.55	    2.71	 2394.83	 8969.88	    0.00	    0.00	  536.11	  392.66	    0.00	    0.00	    0.22	    0.00	    0.13	    0.00	    0.26	    0.00	    0.00	    0.00	    0.00
9	8	    0.00	    0.00	    0.00	    0.00	    0.00	    0.00	    0.09	    0.00	    0.00	10260.52	 2196.19	    0.05	    0.05	  600.07	 2647.09	  617.19	 2284.71	    0.08	 1020.31	    0.35	  397.46	 1298.62	  500.00	    0.16
9	10	    0.00	    0.00	    0.00	    0.00	    0.00	    0.00	  499.26	  795.01	 1718.71	 8416.52	    0.00	    0.00	    0.00	    0.00	 1277.87	 1552.13	 1914.51	  200.16	  422.76	  430.09	    0.71	  498.48	    0.00	    0.00
9	14	  799.95	   99.83	   99.99	 1099.29	  597.14	  199.64	    0.00	    0.00	 3081.54	14593.50	 1896.92	  654.70	    5.40	    0.00	    0.00	    0.00	    0.77	    0.00	    0.00	    0.00	    0.00	    0.00	    0.00	    0.00
9	15	    0.00	    0.00	   20.24	   86.68	   54.18	    0.00	    0.00	    0.00	  469.70	 8029.81	 2174.49	  210.70	    0.68	    0.00	    0.00	    0.00	    0.00	    0.00	    0.00	    0.00	    0.00	    0.00	    0.00	    0.00
9	16	  399.73	    0.09	   99.99	  499.96	  199.98	    0.04	    0.08	    0.11	  899.92	 3899.66	  999.91	  599.95	  499.96	    0.06	    0.12	    0.11	    0.00	    0.05	    0.07	    0.13	    0.05	    0.13	    0.05	    0.02
10	3	    0.00	    0.00	    0.00	    0.00	    0.00	    0.00	    0.00	    0.00	    0.00	    1.31	 3405.51	    0.00	    0.00	 1200.02	    1.61	    0.35	    0.49	    0.00	    0.69	    0.00	    0.08	    1.11	  698.04	    0.05
10	9	    1.64	    0.44	    0.40	    1.97	    0.08	    0.07	    0.00	    0.00	    0.00	    0.00	11167.51	 2929.28	 2013.44	 1079.15	    0.00	    0.00	    0.00	    0.00	    0.00	    0.00	    0.00	    0.00	  353.70	   59.40
10	11	    0.00	    0.00	    0.00	    0.00	    0.00	    0.00	    0.00	    0.00	    0.11	 3241.25	 2400.01	    0.00	    0.00	  716.20	  655.49	  152.04	  914.17	    0.20	  280.91	    0.09	    0.07	    0.21	    0.19	    0.00
10	13	  300.00	   99.99	   99.99	  997.89	  199.51	  199.45	    0.00	    0.00	  318.80	 1174.13	 5326.97	 1045.20	   17.91	    0.00	    0.00	    0.00	    0.00	    0.00	    0.00	    0.00	    0.00	    0.00	    0.00	    0.00
11	2	    0.00	    0.00	    0.00	    0.00	    0.00	    0.00	    0.00	    0.00	    0.00	    0.36	    0.21	 4624.37	 3557.40	    0.25	    0.18	    0.00	    0.11	    0.00	    0.06	    0.03	  302.38	  500.39	  402.01	  599.80
11	10	    0.19	    0.07	    0.06	    0.07	    0.02	    0.02	    0.00	    0.00	    0.00	    0.00	    0.00	 5373.91	 3031.03	    0.00	    0.00	    0.00	    0.00	    0.00	    0.00	    0.00	    0.29	    0.00	    0.00	    0.43
11	12	 1400.04	  300.12	  300.01	 1002.74	  203.31	  300.46	   71.29	  600.00	  799.64	 1900.00	 1000.41	 3901.71	    0.00	   16.32	    4.33	    0.79	  499.74	    0.01	    1.85	    0.00	    0.00	    0.00	    0.00	    0.00
12	11	    0.00	    0.00	    0.00	    0.00	    0.00	    0.00	    0.00	    0.00	    0.00	    0.00	    0.00	    0.00	 7888.43	    0.17	    0.00	    0.23	    0.00	    0.58	    0.00	  499.88	  602.60	 1200.18	 1101.81	 1100.23
12	23	  900.04	    0.12	  200.01	  402.74	    3.31	  100.46	    0.00	    0.00	  199.64	    0.00	    0.41	 2601.71	 6711.57	    0.00	    0.00	    0.00	    0.00	    0.00	    0.00	    0.00	    0.00	    0.00	    0.00	    0.00
13	10	    0.00	    0.00	    0.00	    0.00	    0.00	    0.00	    0.00	    0.00	    0.00	    0.00	    0.00	    0.00	    0.00	 4595.30	  779.17	    0.15	    0.10	    0.02	  258.82	  169.97	  399.14	  602.79	 2351.89	  658.99
13	14	    0.04	    0.00	    0.01	    0.08	    0.00	    0.00	    0.00	    0.00	    0.00	    0.00	 1038.74	  345.30	   95.23	 6285.24	    0.00	    0.00	    0.00	    0.00	    0.00	    0.00	    0.00	    0.00	 1152.37	  119.90
13	22	    0.00	    0.00	    0.00	  497.89	   99.52	   99.47	    0.00	    0.00	  196.72	  801.80	 2688.46	    0.00	    0.00	 3219.46	  437.04	    0.00	  223.40	    0.00	  135.31	    0.00	    0.00	    0.00	    0.00	    0.00
14	9	    0.00	    0.00	    0.00	    0.00	    0.00	    0.00	    0.00	    0.00	    0.00	    0.00	    0.00	    0.00	    0.00	 1620.97	 7925.08	    0.29	    0.88	    0.05	 3242.82	 1723.09	 1598.22	 4397.24	 1946.34	  740.78
14	13	    0.00	    0.00	    0.00	    0.05	    0.01	    0.01	  199.50	  399.04	  477.91	 1727.67	    0.23	    0.00	    0.00	    0.00	 2516.21	  699.14	  923.50	   99.75	  694.12	  667.97	    1.03	  672.66	    0.00	    0.00
14	18	  299.99	    0.04	    0.00	  200.02	  100.01	    0.08	    0.02	    0.03	  400.06	 3267.34	  824.14	  300.00	  284.46	 2897.11	 5899.79	    0.05	    0.41	    0.01	    0.00	    0.05	  555.91	 2899.92	  899.98	  255.09
14	21	    0.00	    0.00	    0.00	  399.30	  297.12	    0.00	    0.00	    0.00	 1303.57	 5598.49	  711.29	    0.00	    0.00	  467.16	 5058.91	    0.23	 2487.01	    0.00	 2079.78	    0.00	    0.00	    0.00	    0.00	    0.00
15	7	    0.00	    0.00	    0.00	    0.00	    0.00	    0.00	    0.00	    0.00	    0.00	    0.26	    0.00	    0.00	    0.00	    0.05	    0.12	 6439.44	 1961.97	    0.11	    0.23	    0.28	    0.05	    0.08	    0.03	    0.02
15	9	    0.00	    0.05	    0.00	    0.00	    0.00	    0.07	 2396.47	    0.21	    0.00	    0.00	    0.00	    0.00	    0.00	    0.00	    0.00	 6567.86	    0.56	  900.02	    0.19	 1207.06	    0.00	    0.00	    0.00	    0.00
15	16	    0.29	  200.04	    0.01	    0.06	    0.03	  500.26	 1000.36	 1401.80	    0.11	    0.50	    0.09	    0.05	    0.00	    0.00	    0.00	 5951.62	    0.00	  600.15	    0.00	 1533.14	  366.78	    0.00	    0.00	  133.94
15	17	    0.09	    0.04	    0.00	    0.09	    0.02	    0.16	    0.00	    0.76	    0.74	 3629.87	  774.66	    0.05	    0.00	    0.03	    0.06	 7141.07	 3740.64	    0.00	    0.06	    0.00	    0.00	    0.00	    0.00	    0.00
16	9	    0.00	    0.00	    0.00	    0.00	    0.00	    0.00	    0.25	    0.09	    0.00	    0.00	    0.00	    0.00	    0.00	    0.00	    0.00	    1.05	 8098.54	    0.09	    0.13	    0.17	    0.00	    0.00	    0.00	    0.00
16	15	    0.00	    0.00	    0.00	    0.00	    0.00	    0.00	    0.00	    0.00	    0.00	    0.00	    0.00	    0.00	    0.00	  690.95	 1200.05	    0.00	 8503.06	    0.00	 1284.07	    0.00	    0.05	    0.11	    0.04	    0.03
16	18	    0.03	    0.13	    0.00	    0.02	    0.01	    0.30	    0.19	    1.83	    0.04	    0.16	    0.00	    0.00	    0.00	    0.00	    0.00	 3150.69	 6798.40	    0.10	    0.00	    0.00	    0.00	    0.00	    0.00	    0.00
17	6	    0.00	    0.00	    0.00	    0.00	    0.00	    0.00	    0.00	    0.00	    0.12	 1897.45	  498.97	    0.00	  335.94	  599.88	 1100.12	 1791.88	 1138.45	 1199.19	 1399.74	 3099.69	  700.05	 1299.85	  499.97	  299.99
17	15	   31.31	   37.54	    8.17	   32.16	   20.10	   87.63	 4796.83	  225.33	   21.34	    0.35	    0.11	   15.70	  598.94	    9.13	    0.14	    0.00	    0.11	 2000.28	   16.41	 4340.47	  966.77	 1199.97	  499.99	  433.93
17	19	  299.99	  299.93	    0.00	  300.06	  100.03	  800.15	 2928.52	 3998.17	  599.98	 1032.62	  175.70	    0.16	    0.00	    0.00	    0.00	 4849.19	 2002.21	 1600.53	    0.00	    0.00	    0.00	    0.00	    0.00	    0.00
18	14	    0.00	    0.21	    0.00	    0.00	    0.00	    0.45	  699.43	  998.96	    0.00	    0.00	    0.00	    0.00	    0.00	    0.00	    0.00	 1899.50	 4911.04	  299.78	 6816.72	 3490.61	    0.16	    0.38	    0.16	    0.07
18	16	    0.00	    0.00	    0.00	    0.00	    0.00	    0.00	    0.00	    0.00	    0.00	    0.00	    0.00	    0.00	    0.04	 1390.90	 2699.93	    0.00	    0.00	    0.00	 2984.13	  166.89	  233.23	 1699.97	  600.00	  166.07
18	19	    0.02	    0.00	    0.00	    0.04	    0.02	    0.02	    0.00	    0.00	    0.09	 1467.50	  424.14	    0.00	    0.00	 1206.23	 2399.86	    0.00	  187.77	    0.00	 2999.15	    0.00	    0.00	    0.00	    0.00	    0.00
19	17	    0.00	    0.00	    0.00	    0.00	    0.00	    0.00	    0.00	    0.00	    0.00	    0.40	    0.00	    1.77	 1034.85	  708.98	 1300.15	    0.00	    0.14	    0.00	 1716.08	 7840.17	 1766.82	 2799.82	 1099.96	  733.92
19	18	    0.00	  100.04	    0.00	    0.00	    0.00	  200.10	 1099.23	 1697.11	    0.00	    0.00	    0.00	    0.00	   15.58	    0.01	    0.00	   48.76	    0.00	  599.66	    0.00	 4857.46	   77.47	    0.43	    0.17	   11.05
19	20	    0.00	    0.00	    0.00	    0.08	    0.04	  100.04	  628.95	  600.46	    0.01	    0.05	    0.02	    0.01	    0.02	    0.02	    0.03	 1500.19	  489.63	  200.73	   83.15	 2700.77	    0.00	    0.07	    0.03	    0.02
19	21	    0.00	   99.89	    0.00	    0.02	    0.01	  200.04	  700.34	  800.61	    0.06	    0.21	    0.04	    0.00	    0.00	    0.00	    0.16	 1700.25	    0.28	  400.14	    0.08	 3101.60	    0.18	    0.00	    0.00	    0.00
20	19	    0.00	    0.00	    0.00	    0.00	    0.00	    0.00	    0.00	    0.00	    0.00	    0.29	    0.02	  401.59	 1650.35	    0.07	    0.15	    0.00	    0.06	    0.00	    0.16	    0.00	 3044.36	    0.21	    1.04	 1144.81
20	21	  263.80	    0.07	   65.95	    0.17	    0.00	    0.03	    0.11	    0.12	    0.00	    0.00	    0.00	  461.65	 1468.45	    0.00	    0.00	    0.27	    0.00	    0.06	    0.00	    0.62	 4757.09	    0.00	    0.22	 1597.59
20	23	    0.00	    0.00	    0.00	    0.00	    0.00	    0.02	  428.85	  200.35	    0.09	  491.91	    0.00	    0.00	    0.00	    0.00	  685.42	  900.03	  215.11	  100.67	  255.43	 1500.21	 3198.55	 2328.91	    0.00	    0.00
21	14	    0.00	    0.00	    0.00	    0.00	    0.00	    0.00	    0.08	    0.11	    0.00	    0.00	    0.00	    0.00	  883.82	    0.00	    0.00	    0.21	    0.00	    0.04	    0.00	    0.49	 2954.99	10569.44	 2693.80	 1275.91
21	19	    0.00	    0.00	    0.00	    0.00	    0.00	    0.00	    0.00	    0.00	    0.00	    0.26	    0.20	    0.03	    0.10	    2.72	    0.33	    0.00	    0.00	    0.00	    0.00	    0.00	    0.11	 5200.11	 1799.12	    0.18
21	20	    0.00	    0.00	    0.00	    0.00	   97.15	    0.00	    0.01	    0.02	  300.06	 1692.10	    2.17	    0.00	    0.00	    0.90	 1485.50	    0.11	  325.55	    0.01	  572.42	    0.07	    0.00	 4128.96	    0.79	    0.00
21	22	    0.00	    0.00	    0.00	    0.00	    0.00	    0.07	  200.36	  300.60	  303.56	 1306.34	    0.14	    0.00	    0.00	    0.00	  973.25	  500.42	  461.75	  100.16	  307.44	  701.67	    2.16	 4501.48	    0.00	    0.00
22	13	    0.04	    0.01	    0.01	    0.02	    0.00	    0.00	    0.50	    0.96	    0.00	    0.00	    0.00	    0.10	  677.32	    0.00	    0.00	    1.01	    0.00	    0.27	    0.01	    2.00	  798.11	 1130.13	 4604.26	 1178.89
22	21	  136.20	    0.04	   34.05	    0.51	    0.02	    0.00	    0.00	    0.00	    0.00	    0.00	  391.17	  238.38	  715.48	  736.45	    0.00	    0.00	    0.00	    0.00	    0.00	    0.00	    0.00	    0.00	 6593.49	  778.49
22	23	    0.00	    0.00	    0.00	    0.00	    0.00	    0.00	    0.17	    0.12	    0.28	  308.14	  997.47	    0.00	    0.00	 1383.01	  410.29	    0.20	   85.15	    0.05	  142.73	    0.75	    0.06	 1271.43	 3302.26	    0.00
23	12	    0.00	    0.00	    0.00	    0.00	    0.00	    0.00	  328.71	    0.00	    0.00	    0.00	    0.00	    0.00	    0.00	  583.85	  695.67	  599.44	    0.26	  100.56	  298.15	 1099.88	 1202.60	 2500.18	 1901.81	 1800.23
23	20	  363.80	    0.06	   65.95	  200.09	    2.81	    0.01	    0.00	    0.00	    0.01	    0.05	  397.84	 1163.23	 3718.77	  399.16	    0.04	    0.00	    0.00	    0.00	    0.02	    0.00	    0.00	    0.08	  700.45	 3242.38
23	22	  436.24	    0.06	  134.06	    2.65	    0.50	    0.46	    0.31	    0.47	    0.00	    0.00	    0.05	  938.48	 2192.80	    0.00	    0.00	    0.79	    0.00	    0.16	    0.00	    1.09	 1496.01	    0.08	    0.00	 2657.38
