i	j	       0	       1	       2	       3	       4	       5	       6	       7	       8	       9	      10	      11	      12	      13	      14	      15	      16	      17	      18	      19	      20	      21	      22	      23
0	1	 2600.10	    0.00	  273.42	  199.99	   16.59	    0.00	    0.01	    0.01	   33.18	   99.76	  200.02	  486.94	  471.51	  100.01	   16.65	    0.01	    0.04	    0.00	    0.03	    0.00	    0.01	    0.08	    0.24	   29.58
0	2	 6199.90	 1184.99	    0.00	    0.00	    0.00	  232.29	  141.17	  245.71	    0.00	    0.00	    0.00	    0.00	    0.00	    0.00	    0.00	  100.66	    0.00	   34.96	    0.00	    0.02	    0.00	    0.00	    0.00	    0.00
1	0	    0.00	 1284.99	    0.00	    0.00	    0.00	  532.29	  641.10	 1045.60	    0.00	    0.00	    0.00	    0.00	    0.00	    0.00	    0.00	  600.59	    0.51	  134.95	    0.04	  299.97	    0.00	    0.01	    0.00	    0.00
1	5	 2500.10	 2715.01	  173.42	    0.00	    0.00	    0.00	    0.00	    0.00	    0.00	    0.00	    0.04	  386.94	  171.51	    0.01	    0.00	    0.00	    0.00	    0.00	    0.00	    0.00	    0.01	    0.03	    0.24	   29.58
2	0	    0.00	    0.00	  373.42	  699.99	  216.59	    0.00	    0.08	    0.13	  533.18	 1399.76	  700.02	  686.94	  971.51	  400.01	  516.65	    0.09	  399.53	    0.01	  299.99	    0.05	  100.01	  400.06	  300.24	  129.58
2	3	 4499.43	  684.74	 1926.42	    0.00	    0.00	    0.04	    0.00	    0.00	    0.00	    0.00	    0.00	 3756.03	 2369.30	    0.07	    0.00	    0.00	    0.00	    0.00	    0.00	    0.00	  202.58	    0.15	    3.35	  470.34
2	11	 1600.48	  400.25	  500.16	 1601.57	  403.34	  500.46	  759.06	 1199.87	 1399.67	  664.37	    0.34	    0.00	    0.00	    0.09	   52.80	  545.39	  187.15	  199.54	   22.63	    0.09	    0.00	    0.00	    0.00	    0.00
3	2	    0.00	    0.00	    0.00	 2501.55	  719.93	  568.20	  717.97	 1154.29	 2032.85	 2364.05	  999.51	    0.00	    0.00	  499.63	  669.39	  644.81	  686.65	  164.59	  322.61	    0.12	    0.01	    0.09	    0.06	    0.01
3	4	 3197.98	  184.46	 1326.22	 6697.01	    0.00	    0.00	    0.00	    0.00	    0.00	    0.20	  904.86	 3155.83	 1969.04	  200.02	    0.05	    0.00	    0.02	    0.00	    0.03	    0.01	    2.64	    0.11	  199.75	  270.35
3	10	  801.45	  300.32	  400.20	 2401.43	  699.88	  599.66	    0.06	    6.33	    0.61	    0.13	    0.00	    0.20	    0.11	    0.05	    0.05	    0.09	    0.03	    0.01	    0.01	    0.02	    0.01	    0.04	    0.04	    0.02
4	3	    0.00	    0.04	    0.00	    0.00	 1919.82	 1567.83	 1118.03	 1860.61	 2733.47	 3562.61	    0.00	    0.00	    0.00	    0.00	 1167.84	 1444.90	 1186.21	  264.60	  521.97	  300.07	    0.02	  399.15	    0.00	    0.00
4	5	    0.00	    0.00	  521.92	 2123.21	 1255.97	    0.00	    0.01	    0.03	  566.94	 1300.19	  403.63	 1441.56	  632.03	  100.03	  283.30	    0.03	    0.03	    0.00	    0.10	    0.01	    0.02	    0.02	   99.75	   70.41
4	8	 2997.98	  899.48	  704.31	 4073.80	 2924.21	 1399.72	    0.02	    0.08	    0.00	    0.00	    1.23	 1514.26	 1137.16	    0.00	    0.00	    0.05	    0.00	    0.01	    0.00	    0.02	    0.00	    0.00	    0.00	  199.94
5	1	    0.00	    0.00	    0.00	    0.01	   83.41	  932.29	  841.09	 1445.58	  166.82	  500.24	    0.01	    0.00	    0.00	    0.01	   83.35	 1000.58	  200.47	  134.95	  100.01	  399.97	    0.00	   99.96	    0.00	    0.00
5	4	    0.00	  815.06	    0.00	    0.00	    0.00	 3167.54	 1018.88	 1808.23	    0.00	    0.00	    0.00	    0.00	    0.01	    0.00	    0.00	 1483.34	    0.06	  202.96	    0.02	  305.28	    0.01	    0.00	    0.00	    0.00
5	7	 2200.10	 1499.95	  395.34	 1723.20	  972.56	 3500.17	    0.00	    0.00	    0.12	    0.05	    3.66	 1628.51	  603.54	    0.03	    0.00	    0.00	    0.00	    0.00	    0.00	    0.00	    0.00	    0.00	    0.00	    0.00
6	7	    0.00	    0.00	    0.00	    0.00	    0.00	    0.00	 4162.03	    0.00	    0.00	    0.00	    0.00	    0.00	    0.01	  399.89	  599.85	  420.05	  147.17	  999.57	  999.65	 2599.90	  500.27	  799.93	  299.98	  199.99
6	17	  428.86	  334.59	    7.62	  429.99	  118.81	  981.00	 7937.97	 4507.40	  816.76	    0.17	    0.10	  217.93	    0.05	    0.00	    0.00	    0.00	    0.00	    0.00	    0.00	    0.00	    0.00	    0.00	    0.00	    0.00
7	5	    0.00	    0.00	    0.00	    0.00	    0.00	    0.00	 2259.95	 4053.79	    0.00	    0.10	    0.00	    0.00	    0.01	    0.00	    0.05	 3383.88	  700.50	  437.91	  299.93	 1005.24	   99.98	  299.91	    0.00	    0.01
7	6	  928.86	  534.59	  107.62	  829.99	  318.81	 1381.00	    0.00	 5507.40	 1416.72	    3.38	    1.07	  917.86	  140.09	    0.00	    0.00	    0.00	    0.07	    0.00	    0.00	    0.00	    0.00	    0.00	    0.00	    0.00
7	8	    0.00	    0.00	    0.00	    0.00	    0.00	    0.00	  902.07	 3746.16	    0.00	    0.00	    0.00	    0.00	    0.00	    0.00	    0.00	 1297.64	    0.00	  261.76	    0.00	  694.95	    0.33	    0.08	    0.00	    0.00
7	15	  471.30	  565.39	  174.97	  691.54	  432.16	 1319.24	    0.00	 3392.66	  869.85	    0.00	    0.12	  479.08	    0.11	    0.00	    0.00	    0.00	    0.00	    0.00	    0.00	    0.00	    0.00	    0.00	    0.00	    0.00
8	4	    0.00	    0.00	    0.00	    0.00	    0.00	    0.00	  299.19	  552.49	 4100.40	 5862.60	    0.00	    0.00	    0.14	    0.00	 1651.09	  461.64	 1386.16	   61.65	  622.01	   94.81	   97.39	  599.06	    0.00	    0.00
8	7	    0.06	    0.03	   87.26	  498.34	  278.41	    0.07	    0.00	    0.00	 3086.46	 1603.21	  797.53	  368.44	  136.66	    0.00	    0.00	    0.00	    0.16	    0.00	    0.00	    0.00	    0.00	    0.00	    0.00	    0.00
8	9	 2497.92	  699.45	  517.05	 2875.46	 1845.80	  999.64	    2.95	 2393.75	 9013.14	    0.00	    0.00	  545.94	  400.61	    0.00	    0.00	    0.20	    0.00	    0.13	    0.00	    0.28	    0.00	    0.00	    0.00	    0.00
9	8	    0.00	    0.00	    0.00	    0.00	    0.00	    0.00	    0.04	    0.00	    0.00	10265.81	 2196.31	    0.11	    0.25	  600.00	 2651.09	  564.16	 2286.32	    0.01	 1022.01	    0.12	  397.06	 1298.98	  500.00	    0.06
9	10	    0.00	    0.00	    0.00	    0.00	    0.00	    0.00	  499.89	  793.82	 1708.49	 8375.26	    0.00	    0.00	    0.00	    0.00	 1325.81	 1554.79	 1912.89	  199.98	  438.35	  440.42	    1.62	  496.29	    0.00	    0.00
9	14	  799.51	   99.90	   99.94	 1098.58	  596.85	  199.75	    0.00	    0.00	 3090.91	14633.28	 1910.75	  662.96	   12.36	    0.00	    0.00	    0.00	    0.65	    0.00	    0.00	    0.00	    0.00	    0.00	    0.00	    0.00
9	15	    0.00	    0.00	   17.44	   78.64	   49.15	    0.00	    0.00	    0.00	  513.80	 8024.70	 2175.96	  201.73	    0.40	    0.00	    0.00	    0.00	    0.00	    0.00	    0.00	    0.00	    0.00	    0.00	    0.00	    0.00
9	16	  399.85	    0.01	   99.97	  499.83	  199.93	    0.03	    0.07	    0.09	  899.94	 3900.95	 1000.09	  599.90	  499.57	    0.05	    0.10	    0.09	    0.00	    0.04	    0.06	    0.11	    0.04	    0.11	    0.04	    0.02
10	3	    0.00	    0.00	    0.00	    0.00	    0.00	    0.00	    0.00	    0.00	    0.00	    1.78	 3404.37	    0.00	  199.85	 1199.63	    1.65	    0.00	    0.50	    0.00	    0.69	    0.08	    0.06	    0.94	  696.51	    0.04
10	9	    1.44	    0.42	    0.29	    1.59	    0.13	    0.09	    0.00	    0.00	    0.00	    0.00	11183.11	 2918.76	 2011.83	 1096.09	    0.00	    0.00	    0.00	    0.00	    0.00	    0.00	    0.13	    0.29	  281.68	   39.52
10	11	    0.00	    0.00	    0.00	    0.00	    0.00	    0.00	    0.12	    0.13	    0.22	 3235.78	 2400.69	    0.00	    0.00	  710.95	  652.90	  154.88	  912.84	    0.05	  279.80	    0.12	    0.10	    0.22	    0.17	    0.06
10	13	  300.58	  100.06	  100.08	  999.91	  199.77	  199.64	    0.00	    0.02	  308.88	 1137.82	 5311.82	 1037.30	   95.31	    0.00	    0.00	    0.00	    0.03	    0.00	    0.00	    0.00	    0.00	    0.00	    0.00	    0.00
11	2	    0.00	    0.00	    0.00	    0.00	    0.00	    0.00	    0.00	    0.00	    0.00	    0.08	    0.85	 4642.97	 3440.81	    0.53	    0.06	    0.00	    0.02	    0.00	    0.01	    0.00	  302.57	  500.12	  403.53	  599.91
11	10	    0.57	    0.16	    0.17	    0.07	    0.02	    0.07	    0.00	    0.00	    0.00	    0.00	    0.00	 5355.87	 3107.03	    0.00	    0.00	    0.00	    0.00	    0.00	    0.00	    0.00	    0.04	    0.00	    0.00	    0.14
11	12	 1399.91	  300.09	  299.98	 1001.50	  203.32	  300.39	   59.25	  600.00	  799.89	 1900.08	 1000.18	 3901.16	    0.00	   10.62	    5.66	    0.42	  499.96	    0.02	    2.43	    0.10	    0.07	    0.14	    0.09	    0.00
12	11	    0.00	    0.00	    0.00	    0.00	    0.00	    0.00	    0.07	    0.00	    0.00	    0.00	    0.00	    0.00	 7847.84	    0.11	    0.02	    0.15	    0.00	    0.44	    0.01	  499.89	  602.58	 1200.04	 1103.45	 1099.99
12	23	  899.91	    0.09	  199.98	  401.50	    3.32	  100.39	    0.00	    0.00	  199.89	    0.08	    0.18	 2601.16	 6752.16	    0.00	    0.00	    0.00	    0.00	    0.00	    0.00	    0.00	    0.00	    0.00	    0.00	    0.00
13	10	    0.00	    0.00	    0.00	    0.00	    0.00	    0.00	    0.18	    0.00	    0.00	    0.00	    0.00	    0.00	  199.85	 4606.62	  728.70	    0.00	    0.46	    0.06	  242.13	  159.75	  398.63	  605.13	 2278.32	  639.46
13	14	    0.49	    0.07	    0.06	    0.62	    0.03	    0.02	    0.00	    0.00	    0.00	    0.00	 1022.33	  337.08	   88.71	 6251.91	    0.00	    0.00	    0.00	    0.00	    0.00	    0.00	    0.00	    0.00	 1198.93	  118.57
13	22	    0.10	    0.00	    0.02	  499.31	   99.74	   99.62	    0.00	    0.00	  192.17	  793.20	 2689.54	    0.24	    0.30	 3241.47	  431.15	    0.00	  218.83	    0.00	  134.23	    0.00	    0.00	    0.00	    0.00	    0.00
14	9	    0.00	    0.00	    0.00	    0.00	    0.00	    0.00	    0.00	    0.00	    0.00	    0.00	    0.00	    0.00	    0.14	 1603.96	 7977.00	    0.24	    0.80	    0.04	 3260.15	 1663.48	 1598.58	 4395.10	 2018.36	  760.56
14	13	    0.00	    0.00	    0.00	    0.02	    0.00	    0.00	  199.54	  399.09	  483.29	 1755.37	    0.05	    0.00	    0.00	    0.00	 2459.84	  699.90	  919.26	   99.77	  676.34	  658.08	    2.08	  721.22	    0.00	    0.00
14	18	  299.99	    0.03	    0.00	  200.02	  100.01	    0.04	    0.01	    0.02	  400.05	 3271.14	  822.74	  300.04	  271.53	 2897.28	 5899.85	    0.04	    0.33	    0.01	    0.00	    0.04	  513.12	 2899.74	  899.99	  238.29
14	21	    0.00	    0.00	    0.00	  399.17	  296.88	    0.00	    0.00	    0.00	 1307.58	 5606.77	  710.30	    0.00	    0.00	  450.67	 5063.31	    0.19	 2491.00	    0.00	 2089.93	    0.00	    0.00	    0.00	    0.00	    0.00
15	7	    0.00	    0.00	    0.00	    0.00	    0.00	    0.00	    0.00	    0.00	    0.00	    0.22	    0.00	    0.00	    0.00	    0.07	    0.19	 6461.47	 1953.23	    0.10	    0.28	    0.28	    0.04	    0.06	    0.02	    0.02
15	9	    0.00	    0.04	    0.00	    0.00	    0.00	    0.06	 2396.89	    0.17	    0.00	    0.00	    0.00	    0.00	    0.00	    0.00	    0.00	 6517.39	    0.46	  899.79	    0.16	 1276.78	    0.00	    0.00	    0.00	    0.00
15	16	    0.17	  200.00	    0.03	    0.18	    0.07	  500.02	 1000.27	 1400.19	    0.09	    0.41	    0.07	    0.20	    0.02	    0.00	    0.00	 5965.37	    0.00	  600.12	    0.00	 1508.88	  371.40	    0.19	    0.00	  141.36
15	17	    0.03	    0.02	    0.00	    0.03	    0.01	    0.06	    0.00	    0.31	    0.17	 3625.61	  776.27	    0.17	    0.05	    0.05	    0.16	 7155.77	 3757.43	    0.00	    0.16	    0.00	    0.00	    0.00	    0.00	    0.00
16	9	    0.00	    0.00	    0.00	    0.00	    0.00	    0.00	    0.16	    0.00	    0.00	    0.00	    0.00	    0.00	    0.00	    0.00	    0.00	    1.21	 8098.60	    0.07	    0.11	    0.12	    0.00	    0.00	    0.00	    0.00
16	15	    0.00	    0.00	    0.00	    0.00	    0.00	    0.00	    0.00	    0.00	    0.00	    1.23	    0.17	    0.10	    0.08	  691.41	 1185.70	    0.00	 8511.03	    0.00	 1284.79	    0.00	    0.04	    0.09	    0.04	    0.02
16	18	    0.02	    0.01	    0.00	    0.01	    0.01	    0.05	    0.18	    0.29	    0.03	    0.13	    0.00	    0.00	    0.00	    0.00	    0.00	 3164.25	 6790.37	    0.10	    0.00	    0.00	    0.00	    0.00	    0.00	    0.00
17	6	    0.00	    0.00	    0.00	    0.00	    0.00	    0.00	    0.00	    0.00	    0.04	 1896.80	  499.03	    0.07	  259.96	  599.89	 1099.85	 1820.05	 1147.10	 1199.57	 1399.65	 3099.90	  700.27	 1299.93	  499.98	  299.99
17	15	   28.90	   34.67	    7.62	   30.03	   18.77	   80.90	 4797.16	  208.02	   16.60	    0.30	    0.09	   19.46	  599.48	    8.71	   14.65	    0.00	    0.09	 2000.02	   15.81	 4385.95	  971.39	 1200.16	  499.99	  441.35
17	19	  299.99	  299.94	    0.00	  299.99	  100.04	  800.17	 2940.81	 3999.69	  600.29	 1028.94	  177.24	    0.13	    0.03	    0.00	    0.00	 4835.72	 2010.35	 1600.41	    0.00	    0.00	    0.00	    0.00	    0.00	    0.00
18	14	    0.00	    0.07	    0.00	    0.00	    0.00	    0.27	  699.49	  999.02	    0.00	    0.00	    0.00	    0.00	    0.01	    0.00	    0.00	 1900.18	 4910.74	  299.79	 6826.42	 3421.19	    0.13	    0.31	    0.13	    0.06
18	16	    0.00	    0.00	    0.00	    0.00	    0.00	    0.00	    0.00	    0.00	    0.00	    0.00	    0.00	    0.00	    0.48	 1391.37	 2685.60	    0.00	    0.00	    0.00	 2984.85	  191.12	  228.61	 1699.78	  600.00	  158.64
18	19	    0.01	    0.00	    0.00	    0.03	    0.01	    0.02	    0.00	    0.00	    0.08	 1471.27	  422.74	    0.04	    0.07	 1205.92	 2414.25	    0.00	  179.96	    0.00	 2988.73	    0.00	    0.00	    0.00	    0.00	    0.00
19	17	    0.00	    0.00	    0.00	    0.00	    0.00	    0.00	    0.00	    0.00	    0.00	    0.26	    0.00	    1.55	  959.38	  708.55	 1314.34	    0.00	    0.11	    0.00	 1715.30	 7885.85	 1771.67	 2800.09	 1099.97	  741.35
19	18	    0.00	  100.03	    0.00	    0.00	    0.00	  200.20	 1099.29	 1698.71	    0.00	    0.00	    0.00	    0.00	   29.03	    0.01	    0.00	   35.89	    0.00	  599.68	    0.00	 4812.27	  115.62	    0.35	    0.14	   20.41
19	20	    0.00	    0.00	    0.00	    0.01	    0.05	  100.01	  641.19	  600.67	    0.24	    0.04	    0.01	    0.01	    0.02	    0.01	    0.03	 1500.66	  490.05	  200.65	   73.52	 2701.23	    0.00	    0.06	    0.02	    0.02
19	21	    0.00	   99.91	    0.00	    0.01	    0.01	  199.98	  700.33	  800.31	    0.12	    0.17	    0.04	    0.00	    0.00	    0.00	    0.13	 1699.17	    0.21	  400.08	    0.06	 3100.65	    0.14	    0.00	    0.00	    0.00
20	19	    0.00	    0.00	    0.00	    0.00	    0.00	    0.00	    0.00	    0.00	    0.00	    0.09	    0.02	  401.26	 1588.09	    0.07	    0.13	    0.00	    0.06	    0.00	    0.14	    0.00	 3087.43	    0.19	    1.15	 1161.26
20	21	  267.05	    0.08	   66.76	    0.04	    0.00	    0.03	    0.05	    0.06	    0.00	    0.00	    0.00	  467.34	 1480.41	    0.00	    0.00	    0.13	    0.00	    0.03	    0.00	    0.33	 4715.11	    0.00	    0.00	 1620.00
20	23	    0.00	    0.00	    0.00	    0.00	    0.00	    0.01	  441.14	  200.61	    0.02	  486.86	    0.00	    0.00	    0.00	    0.00	  681.61	  900.60	  214.59	  100.62	  251.90	 1500.91	 3197.46	 2324.74	    0.00	    0.00
21	14	    0.00	    0.00	    0.00	    0.00	    0.00	    0.00	    0.07	    0.09	    0.00	    0.00	    0.00	    0.00	  870.59	    0.00	    0.00	    0.18	    0.00	    0.03	    0.00	    0.42	 2913.66	10615.75	 2719.29	 1280.23
21	19	    0.00	    0.00	    0.00	    0.00	    0.00	    0.00	    0.00	    0.00	    0.00	    0.17	    0.05	    0.13	    0.24	    2.59	    0.12	    0.00	    0.00	    0.00	    0.00	    0.00	    0.00	 5200.31	 1798.98	    0.51
21	20	    0.01	    0.00	    0.00	    0.02	   96.93	    0.00	    0.00	    0.00	  299.78	 1686.90	    2.14	    0.03	    0.07	    1.14	 1481.71	    0.06	  324.60	    0.00	  578.53	    0.00	    0.00	 4124.87	    0.69	    0.06
21	22	    0.00	    0.00	    0.00	    0.00	    0.00	    0.01	  200.31	  300.28	  307.92	 1319.87	    0.00	    0.00	    0.00	    0.00	  981.61	  499.24	  466.61	  100.08	  311.47	  700.56	    1.60	 4459.07	    0.00	    0.00
22	13	    0.01	    0.00	    0.00	    0.00	    0.00	    0.00	    0.63	    0.89	    0.00	    0.00	    0.00	    0.02	  793.55	    0.00	    0.00	    0.10	    0.00	    0.28	    0.01	    1.67	  796.55	 1083.91	 4577.25	 1158.03
22	21	  132.96	    0.01	   33.24	    0.80	    0.04	    0.00	    0.00	    0.00	    0.00	    0.00	  391.86	  232.82	  690.49	  753.07	    0.00	    0.00	    0.00	    0.00	    0.00	    0.00	    0.00	    0.00	 6618.95	  760.79
22	23	    0.01	    0.00	    0.00	    0.02	    0.00	    0.01	    0.15	    0.09	    0.09	  313.06	  997.73	    0.06	    0.00	 1388.40	  412.76	    0.31	   85.45	    0.03	  145.69	    0.52	    0.10	 1275.23	 3303.80	    0.00
23	12	    0.00	    0.00	    0.00	    0.00	    0.00	    0.00	  340.81	    0.00	    0.00	    0.00	    0.00	    0.00	    0.00	  589.50	  694.36	  599.73	    0.04	  100.41	  297.58	 1099.79	 1202.51	 2499.90	 1903.36	 1799.99
23	20	  367.04	    0.08	   66.76	  200.01	    3.02	    0.03	    0.00	    0.00	    0.00	    0.00	  397.87	 1168.56	 3668.41	  398.91	    0.00	    0.00	    0.00	    0.00	    0.00	    0.00	    0.00	    0.00	  700.44	 3281.19
23	22	  432.88	    0.01	  133.22	    1.51	    0.30	    0.38	    0.47	    0.71	    0.00	    0.00	    0.04	  932.66	 2283.75	    0.00	    0.00	    1.18	    0.00	    0.23	    0.00	    1.63	 1495.05	    0.07	    0.00	 2618.82
