i	j	       0	       1	       2	       3	       4	       5	       6	       7	       8	       9	      10	      11	      12	      13	      14	      15	      16	      17	      18	      19	      20	      21	      22	      23
0	1	 2600.05	    0.00	  266.28	  199.98	   16.25	    0.00	    0.01	    0.02	   32.50	   97.53	  199.98	  476.79	  460.64	  100.00	   16.26	    0.02	    0.04	    0.00	    0.07	    0.00	    0.01	    0.08	    0.17	   28.59
0	2	 6199.95	 1165.24	    0.00	    0.00	    0.00	  238.32	  139.02	  242.70	    0.00	    0.00	    0.00	    0.00	    0.00	    0.00	    0.00	   99.25	    0.00	   34.54	    0.00	    0.02	    0.00	    0.00	    0.00	    0.00
1	0	    0.00	 1265.24	    0.00	    0.00	    0.00	  538.32	  639.00	 1042.66	    0.00	    0.00	    0.00	    0.00	    0.00	    0.00	    0.00	  599.23	    0.18	  134.54	    0.03	  300.01	    0.00	    0.00	    0.00	    0.00
1	5	 2500.05	 2734.76	  166.28	    0.00	    0.00	    0.00	    0.00	    0.00	    0.00	    0.00	    0.00	  376.79	  160.64	    0.00	    0.00	    0.00	    0.00	    0.00	    0.00	    0.00	    0.01	    0.03	    0.17	   28.59
2	0	    0.00	    0.00	  366.28	  699.98	  216.25	    0.00	    0.03	    0.05	  532.50	 1397.53	  699.98	  676.79	  960.64	  400.00	  516.26	    0.04	  399.86	    0.00	  300.05	    0.02	  100.01	  400.08	  300.17	  128.59
2	3	 4498.62	  664.66	 1933.19	    0.00	    0.00	    0.00	    0.00	    0.00	    0.00	    0.00	    0.00	 3747.51	 2498.20	    0.08	    0.00	    0.00	    0.00	    0.00	    0.00	    0.00	  202.60	    0.02	    2.82	  471.06
2	11	 1601.33	  400.58	  500.53	 1601.76	  403.05	  500.47	  770.58	 1200.00	 1399.66	  669.28	    1.19	    0.00	    0.00	    0.13	   47.79	  532.72	  188.77	  199.63	   20.48	    0.07	    0.00	    0.00	    0.00	    0.00
3	2	    0.00	    0.00	    0.00	 2501.74	  719.30	  562.15	  731.59	 1157.35	 2032.16	 2366.38	 1000.54	    0.00	    0.00	  499.75	  663.86	  633.47	  688.53	  165.09	  320.45	    0.06	    0.00	    0.20	    0.04	    0.00
3	4	 3198.20	  164.78	 1333.34	 6697.46	    0.00	    0.00	    0.00	    0.00	    0.00	    0.11	  904.19	 3147.17	 1897.92	  200.02	    0.25	    0.00	    0.01	    0.00	    0.09	    0.00	    2.70	    0.14	  199.82	  271.12
3	10	  800.41	  299.93	  399.85	 2400.79	  699.99	  599.70	    0.25	    5.53	    1.13	    0.16	    0.00	    0.34	    0.28	    0.06	    0.06	    0.11	    0.04	    0.04	    0.02	    0.02	    0.02	    0.04	    0.05	    0.02
4	3	    0.00	    0.04	    0.00	    0.00	 1919.30	 1561.85	 1131.84	 1862.88	 2733.29	 3565.96	    0.00	    0.00	    0.00	    0.00	 1162.11	 1433.42	 1188.15	  265.12	  519.67	  300.09	    0.03	  399.39	    0.00	    0.00
4	5	    0.00	    0.00	  528.78	 2127.91	 1258.91	    0.00	    0.02	    0.03	  567.64	 1302.41	  404.03	 1467.03	  584.17	  100.03	  283.69	    0.04	    0.04	    0.00	    0.04	    0.01	    0.01	    0.00	   99.82	   71.40
4	8	 2998.20	  899.61	  704.56	 4069.56	 2921.79	 1399.72	    0.02	    0.09	    0.00	    0.00	    0.17	 1480.14	 1113.75	    0.00	    0.00	    0.05	    0.00	    0.01	    0.00	    0.02	    0.00	    0.00	    0.00	  199.72
5	1	    0.00	    0.00	    0.00	    0.02	   83.75	  938.32	  839.00	 1442.65	  167.50	  502.47	    0.02	    0.00	    0.00	    0.01	   83.74	  999.21	  200.14	  134.54	   99.95	  400.00	    0.00	   99.94	    0.00	    0.00
5	4	    0.00	  834.88	    0.00	    0.00	    0.00	 3161.57	 1029.31	 1809.29	    0.00	    0.00	    0.00	    0.00	    0.00	    0.00	    0.00	 1461.00	    0.07	  203.06	    0.03	  305.49	    0.00	    0.00	    0.00	    0.00
5	7	 2200.05	 1499.88	  395.07	 1727.89	  975.16	 3500.10	    0.00	    0.00	    0.14	    0.06	    4.01	 1643.82	  544.81	    0.02	    0.00	    0.00	    0.00	    0.00	    0.00	    0.00	    0.00	    0.00	    0.00	    0.00
6	7	    0.00	    0.00	    0.00	    0.00	    0.00	    0.00	 4175.49	    0.00	    0.00	    0.00	    0.00	    0.00	    0.00	  399.93	  600.05	  396.89	  138.19	  999.65	  999.78	 2599.84	  500.12	  799.96	  299.99	  200.01
6	17	  430.20	  336.13	    8.56	  434.20	  121.42	  984.70	 7924.51	 4516.98	  817.66	    0.28	    0.12	  221.91	    0.04	    0.00	    0.00	    0.00	    0.02	    0.00	    0.00	    0.00	    0.00	    0.00	    0.00	    0.00
7	5	    0.00	    0.00	    0.00	    0.00	    0.00	    0.00	 2268.29	 4051.91	    0.00	    0.12	    0.00	    0.00	    0.00	    0.00	    0.05	 3360.17	  700.17	  437.59	  299.94	 1005.48	   99.99	  299.92	    0.00	    0.01
7	6	  930.20	  536.13	  108.56	  834.20	  321.42	 1384.70	    0.00	 5516.98	 1417.61	    3.44	    1.22	  921.77	   64.35	    0.00	    0.00	    0.00	    0.11	    0.00	    0.00	    0.00	    0.00	    0.00	    0.00	    0.00
7	8	    0.00	    0.00	    0.00	    0.00	    0.00	    0.00	  907.38	 3748.03	    0.00	    0.00	    0.00	    0.00	    0.00	    0.00	    0.00	 1270.54	    0.00	  262.11	    0.00	  694.48	    0.15	    0.07	    0.00	    0.00
7	15	  469.92	  563.79	  173.63	  688.57	  430.35	 1315.49	    0.00	 3383.09	  878.67	    0.44	    0.05	  482.43	    0.32	    0.00	    0.10	    0.00	    0.00	    0.00	    0.00	    0.00	    0.00	    0.00	    0.00	    0.00
8	4	    0.00	    0.00	    0.00	    0.00	    0.00	    0.00	  302.56	  553.71	 4100.93	 5868.26	    0.00	    0.00	    0.00	    0.00	 1645.55	  472.52	 1388.11	   62.08	  619.60	   94.64	   97.33	  599.25	    0.00	    0.00
8	7	    0.08	    0.04	   87.12	  494.88	  276.62	    0.09	    0.00	    0.00	 3096.13	 1603.69	  797.27	  360.38	  119.87	    0.00	    0.00	    0.00	    0.22	    0.00	    0.00	    0.00	    0.00	    0.00	    0.00	    0.00
8	9	 2498.13	  699.57	  517.44	 2874.68	 1845.18	  999.63	    4.89	 2394.41	 9002.94	    0.00	    0.00	  519.82	  393.93	    0.00	    0.00	    0.24	    0.00	    0.13	    0.00	    0.25	    0.00	    0.00	    0.00	    0.00
9	8	    0.00	    0.00	    0.00	    0.00	    0.00	    0.00	    0.05	    0.00	    0.00	10271.94	 2197.10	    0.05	    0.05	  600.00	 2645.55	  602.16	 2288.33	    0.10	 1019.60	    0.39	  397.18	 1299.18	  500.00	    0.28
9	10	    0.00	    0.00	    0.00	    0.00	    0.00	    0.00	  499.75	  794.50	 1718.13	 8410.83	    0.00	    0.00	    0.00	    0.00	 1289.24	 1567.44	 1911.41	  199.91	  426.57	  415.60	    2.81	  490.61	    0.00	    0.00
9	14	  798.99	   99.85	   99.88	 1098.27	  597.03	  199.74	    0.00	    0.00	 3080.94	14586.35	 1906.79	  652.81	    7.19	    0.00	    0.00	    0.00	    0.78	    0.00	    0.00	    0.00	    0.00	    0.00	    0.00	    0.00
9	15	    0.00	    0.00	   17.82	   77.28	   48.30	    0.00	    0.00	    0.00	  504.03	 8030.76	 2174.55	  193.92	    0.32	    0.00	    0.00	    0.00	    0.00	    0.00	    0.00	    0.00	    0.00	    0.00	    0.00	    0.00
9	16	  399.85	    0.02	   99.98	  499.91	  199.94	    0.04	    0.08	    0.11	  899.84	 3900.12	  999.91	  599.89	  499.91	    0.10	    0.12	    0.11	    0.00	    0.05	    0.07	    0.14	    0.05	    0.14	    0.05	    0.02
10	3	    0.00	    0.00	    0.00	    0.00	    0.00	    0.00	    0.00	    0.00	    0.00	    0.69	 3404.73	    0.00	    0.00	 1199.75	    2.06	    0.16	    0.43	    0.00	    0.88	    0.00	    0.09	    0.97	  697.10	    0.09
10	9	    0.71	    0.24	    0.24	    0.78	    0.10	    0.08	    0.00	    0.00	    0.00	    0.00	11178.34	 2926.86	 2013.54	 1108.17	    0.00	    0.00	    0.00	    0.00	    0.00	    0.00	    0.00	    0.00	  326.65	   50.25
10	11	    0.00	    0.00	    0.00	    0.00	    0.00	    0.00	    0.00	    0.00	    0.10	 3231.15	 2400.02	    0.00	    0.00	  716.79	  657.21	  167.53	  911.28	    0.02	  281.66	    0.00	    0.00	    0.00	    0.00	    0.00
10	13	  301.32	  100.18	  100.21	 1000.09	  199.92	  199.69	    0.00	    0.02	  319.16	 1179.15	 5316.90	 1047.43	   14.57	    0.00	    0.00	    0.00	    0.04	    0.00	    0.00	    0.00	    0.00	    0.00	    0.00	    0.00
11	2	    0.00	    0.00	    0.00	    0.00	    0.00	    0.00	    0.00	    0.00	    0.00	    0.44	    0.64	 4624.30	 3558.84	    0.46	    0.19	    0.04	    0.10	    0.00	    0.08	    0.00	  302.61	  499.91	  402.95	  599.65
11	10	    1.62	    0.49	    0.60	    0.08	    0.02	    0.07	    0.00	    0.00	    0.00	    0.00	    0.00	 5373.96	 3027.83	    0.00	    0.00	    0.00	    0.00	    0.00	    0.00	    0.00	    0.04	    0.00	    0.00	    0.30
11	12	 1399.71	  300.09	  299.92	 1001.68	  203.03	  300.40	   70.58	  600.00	  799.76	 1900.00	 1000.58	 3901.74	    0.00	   17.18	    4.81	    0.74	  499.96	    0.05	    2.06	    0.00	    0.00	    0.00	    0.00	    0.00
12	11	    0.00	    0.00	    0.00	    0.00	    0.00	    0.00	    0.00	    0.00	    0.00	    0.00	    0.00	    0.00	 7886.67	    0.72	    0.00	    0.52	    0.00	    0.41	    0.00	  499.93	  602.65	 1199.91	 1102.95	 1099.95
12	23	  899.71	    0.09	  199.92	  401.68	    3.03	  100.40	    0.00	    0.00	  199.76	    0.00	    0.58	 2601.74	 6713.33	    0.00	    0.00	    0.00	    0.00	    0.00	    0.00	    0.00	    0.00	    0.00	    0.00	    0.00
13	10	    0.00	    0.00	    0.00	    0.00	    0.00	    0.00	    0.00	    0.00	    0.00	    0.00	    0.00	    0.00	    0.00	 4624.65	  769.98	    0.14	    0.31	    0.07	  255.95	  184.37	  397.22	  610.32	 2323.69	  650.01
13	14	    1.04	    0.17	    0.13	    1.18	    0.14	    0.09	    0.00	    0.00	    0.00	    0.00	 1035.69	  346.78	   96.72	 6249.18	    0.00	    0.00	    0.00	    0.00	    0.00	    0.00	    0.00	    0.00	 1174.80	  130.29
13	22	    0.30	    0.01	    0.08	  498.93	   99.78	   99.60	    0.00	    0.00	  195.62	  809.28	 2681.28	    0.68	    0.33	 3226.17	  432.07	    0.00	  218.88	    0.00	  134.50	    0.00	    0.00	    0.00	    0.00	    0.00
14	9	    0.00	    0.00	    0.00	    0.00	    0.00	    0.00	    0.00	    0.00	    0.00	    0.00	    0.00	    0.00	    0.00	 1591.94	 7934.91	    0.29	    0.79	    0.05	 3246.05	 1706.59	 1600.04	 4389.92	 1973.40	  750.05
14	13	    0.00	    0.00	    0.00	    0.00	    0.00	    0.00	  199.64	  399.31	  476.47	 1730.13	    0.06	    0.00	    0.00	    0.00	 2502.05	  699.58	  919.15	   99.89	  690.44	  683.28	    1.16	  677.71	    0.00	    0.00
14	18	  300.03	    0.08	    0.01	  200.07	  100.03	    0.05	    0.02	    0.03	  400.14	 3265.55	  823.54	  300.06	  279.49	 2897.82	 5899.87	    0.05	    0.40	    0.01	    0.00	    0.05	  556.75	 2899.82	  899.95	  259.66
14	21	    0.00	    0.00	    0.00	  399.38	  297.14	    0.00	    0.00	    0.00	 1304.33	 5590.66	  718.87	    0.00	    0.00	  459.43	 5063.18	    0.22	 2486.75	    0.00	 2084.76	    0.00	    0.00	    0.00	    0.00	    0.00
15	7	    0.00	    0.00	    0.00	    0.00	    0.00	    0.00	    0.19	    0.00	    0.00	    0.26	    0.00	    0.00	    0.00	    0.05	    0.10	 6433.82	 1961.87	    0.05	    0.16	    0.12	    0.02	    0.03	    0.01	    0.01
15	9	    0.00	    0.05	    0.00	    0.00	    0.00	    0.07	 2394.77	    0.21	    0.00	    0.00	    0.00	    0.00	    0.00	    0.00	    0.00	 6568.23	    0.55	  899.79	    0.19	 1209.10	    0.00	    0.00	    0.00	    0.00
15	16	    0.14	  200.01	    0.01	    0.06	    0.05	  500.05	 1000.54	 1400.57	    0.11	    0.49	    0.09	    0.05	    0.00	    0.00	    0.00	 5956.52	    0.00	  600.25	    0.00	 1550.85	  351.14	    0.10	    0.04	  127.46
15	17	    0.04	    0.02	    0.00	    0.04	    0.01	    0.08	    0.00	    0.37	    0.20	 3631.64	  774.86	    0.13	    0.04	    0.03	    0.06	 7141.42	 3742.39	    0.00	    0.06	    0.00	    0.00	    0.00	    0.00	    0.00
16	9	    0.00	    0.00	    0.00	    0.00	    0.00	    0.00	    0.21	    0.00	    0.00	    0.00	    0.00	    0.00	    0.00	    0.00	    0.00	    0.95	 8099.17	    0.08	    0.00	    0.18	    0.00	    0.00	    0.00	    0.00
16	15	    0.00	    0.00	    0.00	    0.00	    0.00	    0.00	    0.00	    0.00	    0.00	    0.83	    0.09	    0.00	    0.00	  689.57	 1200.04	    0.00	 8504.69	    0.00	 1282.17	    0.00	    0.05	    0.10	    0.04	    0.03
16	18	    0.03	    0.03	    0.00	    0.02	    0.01	    0.09	    0.40	    0.68	    0.03	    0.15	    0.00	    0.00	    0.00	    0.00	    0.00	 3155.68	 6796.14	    0.22	    0.00	    0.00	    0.00	    0.00	    0.00	    0.00
17	6	    0.00	    0.00	    0.00	    0.00	    0.00	    0.00	    0.00	    0.00	    0.05	 1896.84	  498.90	    0.14	  335.69	  599.93	 1100.05	 1796.89	 1138.11	 1199.65	 1399.78	 3099.84	  700.12	 1299.96	  499.99	  300.01
17	15	   30.25	   36.29	    8.56	   34.25	   21.41	   84.71	 4795.50	  218.05	   17.61	    0.36	    0.25	   23.83	  599.40	   10.50	    0.02	    0.00	    0.11	 2000.09	   18.24	 4360.07	  951.10	 1200.02	  500.00	  427.44
17	19	  299.99	  299.86	    0.00	  299.99	  100.03	  800.07	 2929.01	 3999.30	  600.19	 1034.93	  175.98	    0.02	    0.00	    0.00	    0.00	 4844.53	 2004.33	 1600.26	    0.00	    0.00	    0.00	    0.00	    0.00	    0.00
18	14	    0.00	    0.05	    0.00	    0.00	    0.00	    0.22	  699.60	  999.26	    0.00	    0.00	    0.00	    0.00	    0.00	    0.00	    0.00	 1899.99	 4906.30	  299.93	 6821.26	 3489.27	    0.15	    0.37	    0.16	    0.07
18	16	    0.04	    0.00	    0.01	    0.05	    0.02	    0.00	    0.00	    0.00	    0.09	    0.37	    0.10	    0.06	    0.09	 1389.47	 2699.92	    0.00	    0.00	    0.00	 2982.10	  149.20	  248.87	 1699.86	  599.96	  172.54
18	19	    0.02	    0.00	    0.00	    0.04	    0.02	    0.02	    0.00	    0.00	    0.09	 1465.33	  423.45	    0.00	    0.00	 1208.36	 2399.95	    0.00	  190.23	    0.00	 2996.64	    0.00	    0.00	    0.00	    0.00	    0.00
19	17	    0.00	    0.00	    0.00	    0.00	    0.00	    0.00	    0.00	    0.00	    0.00	    0.20	    0.15	    1.94	 1035.01	  710.40	 1300.01	    0.00	    0.14	    0.00	 1717.96	 7859.91	 1751.22	 2799.98	 1100.00	  727.45
19	18	    0.00	   99.95	    0.00	    0.00	    0.00	  200.10	 1099.18	 1698.55	    0.00	    0.00	    0.00	    0.00	   20.60	    0.01	    0.00	   44.25	    0.00	  599.69	    0.00	 4838.41	   92.27	    0.42	    0.17	   12.95
19	20	    0.00	    0.00	    0.00	    0.01	    0.04	  100.01	  629.63	  600.31	    0.23	    0.05	    0.02	    0.01	    0.02	    0.02	    0.03	 1500.23	  494.39	  200.47	   78.78	 2700.89	    0.00	    0.07	    0.03	    0.02
19	21	    0.00	   99.90	    0.00	    0.02	    0.01	  199.98	  700.21	  800.43	    0.06	    0.21	    0.04	    0.00	    0.00	    0.00	    0.16	 1700.05	    0.10	  400.10	    0.08	 3100.78	    0.17	    0.00	    0.00	    0.00
20	19	    0.00	    0.00	    0.00	    0.00	    0.00	    0.00	    0.00	    0.00	    0.00	    0.10	    0.02	  401.72	 1654.98	    0.08	    0.16	    0.00	    0.07	    0.00	    0.17	    0.00	 3043.66	    0.22	    2.51	 1139.78
20	21	  262.17	    0.07	   65.54	    0.08	    0.00	    0.03	    0.06	    0.07	    0.00	    0.00	    0.00	  459.20	 1461.59	    0.00	    0.00	    0.15	    0.00	    0.03	    0.00	    0.39	 4757.82	    0.00	    0.00	 1610.19
20	23	    0.00	    0.00	    0.00	    0.00	    0.00	    0.02	  429.57	  200.23	    0.03	  486.89	    0.00	    0.00	    0.00	    0.00	  687.50	  900.16	  214.82	  100.44	  254.49	 1500.50	 3198.52	 2333.56	    0.00	    0.00
21	14	    0.00	    0.00	    0.00	    0.00	    0.00	    0.00	    0.06	    0.08	    0.00	    0.00	    0.00	    0.46	  875.58	    0.00	    0.00	    0.15	    0.00	    0.03	    0.00	    0.65	 2957.80	10567.08	 2698.39	 1279.36
21	19	    0.00	    0.00	    0.00	    0.00	    0.00	    0.00	    0.00	    0.00	    0.00	    0.09	    0.76	    0.22	    0.64	    2.00	    0.09	    0.00	    0.00	    0.00	    0.00	    0.00	    0.00	 5200.26	 1797.69	    0.64
21	20	    0.01	    0.00	    0.00	    0.02	   97.25	    0.00	    0.00	    0.00	  299.80	 1686.94	    2.30	    0.03	    0.06	    1.13	 1487.63	    0.08	  320.50	    0.00	  575.88	    0.00	    0.00	 4133.71	    0.89	    0.05
21	22	    0.00	    0.00	    0.00	    0.00	    0.00	    0.01	  200.21	  300.43	  304.59	 1303.83	    0.00	    0.00	    0.00	    0.00	  975.62	  500.20	  466.35	  100.10	  308.96	  700.53	    0.19	 4498.96	    0.00	    0.00
22	13	    0.01	    0.00	    0.00	    0.02	    0.00	    0.00	    0.36	    0.66	    0.00	    0.00	    0.00	    0.03	  682.48	    0.00	    0.00	    0.57	    0.00	    0.18	    0.01	    1.09	  796.06	 1132.61	 4598.49	 1180.30
22	21	  137.84	    0.02	   34.46	    0.54	    0.10	    0.00	    0.00	    0.00	    0.00	    0.00	  384.15	  241.51	  714.70	  743.69	    0.00	    0.00	    0.00	    0.00	    0.00	    0.00	    0.00	    0.00	 6596.97	  769.86
22	23	    0.01	    0.00	    0.00	    0.14	    0.03	    0.01	    0.01	    0.02	    0.21	  313.11	  997.18	    0.05	    0.00	 1382.47	  407.69	    0.05	   85.22	    0.00	  143.44	    0.10	    0.06	 1266.85	 3304.54	    0.00
23	12	    0.00	    0.00	    0.00	    0.00	    0.00	    0.00	  329.42	    0.00	    0.00	    0.00	    0.00	    0.00	    0.00	  583.54	  695.19	  599.79	    0.04	  100.36	  297.94	 1099.93	 1202.65	 2499.91	 1902.95	 1799.95
23	20	  362.16	    0.07	   65.54	  200.05	    2.71	    0.03	    0.00	    0.00	    0.00	    0.00	  397.71	 1160.88	 3716.49	  398.94	    0.00	    0.00	    0.00	    0.00	    0.00	    0.00	    0.00	    0.00	  701.59	 3249.89
23	22	  437.56	    0.02	  134.38	    1.77	    0.35	    0.40	    0.16	    0.25	    0.00	    0.00	    0.05	  940.91	 2196.85	    0.00	    0.00	    0.42	    0.00	    0.08	    0.00	    0.66	 1495.93	    0.50	    0.00	 2650.16
