i	j	       0	       1	       2	       3	       4	       5	       6	       7	       8	       9	      10	      11	      12	      13	      14	      15	      16	      17	      18	      19	      20	      21	      22	      23
0	1	 2600.26	    0.00	  265.67	  200.03	   19.62	    0.00	    0.01	    0.02	   39.24	  117.76	  200.03	  484.29	  457.37	  100.01	   19.64	    0.02	    0.04	    0.00	    0.07	    0.00	    0.01	    0.11	    0.12	   27.85
0	2	 6199.74	 1130.56	    0.00	    0.00	    0.00	  171.26	   57.66	  100.87	    0.00	    0.00	    0.00	    0.00	    0.00	    0.00	    0.00	   16.66	    0.00	   14.30	    0.00	    0.00	    0.00	    0.00	    0.00	    0.00
1	0	    0.00	 1230.56	    0.00	    0.00	    0.00	  471.26	  557.64	  900.84	    0.00	    0.00	    0.00	    0.00	    0.00	    0.00	    0.00	  516.64	  399.40	  114.30	    0.03	  299.88	    0.00	    0.00	    0.00	    0.00
1	5	 2500.26	 2769.44	  165.67	    0.04	    0.00	    0.00	    0.00	    0.00	    0.00	    0.00	    0.04	  384.29	  157.37	    0.02	    0.00	    0.00	    0.00	    0.00	    0.00	    0.00	    0.01	    0.01	    0.12	   27.85
2	0	    0.00	    0.00	  365.67	  700.03	  219.62	    0.00	    0.03	    0.05	  539.24	 1417.76	  700.03	  684.29	  957.37	  400.01	  519.64	    0.04	    0.64	    0.00	  300.04	    0.12	  100.01	  400.11	  300.12	  127.85
2	3	 4499.26	  630.33	 1934.10	    0.00	    0.00	    0.00	    0.00	    0.00	    0.00	    0.00	    0.00	 3805.14	 2452.77	    0.09	    0.00	    0.00	    0.00	    0.00	    0.00	    0.00	  201.95	    0.17	    0.88	  471.50
2	11	 1600.48	  400.23	  500.23	 1601.41	  402.26	  500.12	  701.86	 1200.00	 1399.58	  803.03	    0.48	    0.00	    0.00	    0.16	   77.15	  451.19	  225.12	  199.33	   33.06	    0.09	    0.00	    0.00	    0.09	    0.00
3	2	    0.00	    0.00	    0.00	 2501.44	  721.88	  628.86	  744.23	 1299.18	 2038.82	 2520.80	  999.78	    0.00	    0.00	  499.74	  696.73	  634.57	  325.76	  185.03	  333.10	    0.10	    0.00	    0.09	    0.16	    0.00
3	4	 3199.04	  130.48	 1334.23	 6697.96	    0.00	    0.00	    0.00	    0.00	    0.00	    0.11	  906.27	 3204.27	 1852.11	  200.06	    0.07	    0.00	    0.00	    0.00	    0.02	    0.00	    2.00	    0.05	  199.94	  271.53
3	10	  800.23	  299.90	  399.87	 2400.60	  699.92	  599.83	    0.05	    5.04	    0.95	    0.17	    0.00	    0.86	    0.66	    0.07	    0.06	    0.13	    0.04	    0.02	    0.02	    0.03	    0.02	    0.05	    0.06	    0.03
4	3	    0.00	    0.05	    0.00	    0.00	 1921.80	 1628.69	 1144.28	 2004.22	 2739.77	 3720.63	    0.00	    0.00	    0.00	    0.00	 1195.33	 1434.70	  825.45	  285.05	  532.49	  300.13	    0.03	  399.23	    0.00	    0.00
4	5	    0.00	    0.00	  534.22	 2174.59	 1282.16	    0.00	    0.02	    0.03	  560.95	 1282.19	  405.76	 1487.42	  532.35	   99.99	  280.32	    0.04	    0.04	    0.00	    0.23	    0.01	    0.01	    0.02	   99.88	   72.14
4	8	 2999.04	  899.90	  700.01	 4023.37	 2896.04	 1399.99	    0.00	    0.00	    0.00	    0.00	    0.51	 1516.85	 1119.76	    0.07	    0.00	    0.00	    0.00	    0.00	    0.00	    0.00	    0.02	    0.00	    0.06	  199.40
5	1	    0.00	    0.00	    0.00	    0.02	   80.38	  871.26	  757.63	 1300.82	  160.76	  482.24	    0.02	    0.00	    0.00	    0.01	   80.36	  916.63	  599.36	  114.30	   99.96	  399.88	    0.00	   99.90	    0.00	    0.00
5	4	    0.00	  869.47	    0.00	    0.00	    0.00	 3228.68	  986.47	 1837.78	    0.00	    0.00	    0.00	    0.00	    0.00	    0.00	    0.00	 1361.34	    0.09	  209.22	    0.03	  294.04	    0.00	    0.00	    0.00	    0.00
5	7	 2200.26	 1499.97	  399.89	 1774.62	 1001.78	 3500.06	    0.00	    0.00	    0.19	    0.08	    5.79	 1671.71	  489.73	    0.00	    0.00	    0.00	    0.00	    0.00	    0.00	    0.00	    0.00	    0.00	    0.00	    0.00
6	7	    0.00	    0.00	    0.00	    0.00	    0.00	    0.00	 4102.35	    0.00	    0.00	    0.00	    0.00	    0.00	    0.00	  399.74	  599.62	  318.65	  152.04	  999.04	  999.23	 2598.41	  499.70	  799.42	  299.84	  199.90
6	17	  437.77	  345.42	   12.34	  447.93	  129.98	 1006.14	 7997.65	 4572.34	  849.30	    0.88	    0.17	  231.54	    0.00	    0.00	    0.00	    0.00	    0.02	    0.00	    0.00	    0.00	    0.00	    0.00	    0.00	    0.00
7	5	    0.00	    0.00	    0.00	    0.00	    0.00	    0.00	 2144.08	 3938.56	    0.00	    0.13	    0.00	    0.00	    0.00	    0.00	    0.04	 3177.93	 1099.41	  423.52	  299.76	  993.91	   99.98	  299.87	    0.00	    0.01
7	6	  937.77	  545.42	  112.34	  847.93	  329.98	 1406.14	    0.00	 5572.34	 1449.24	    4.07	    1.63	  931.54	    4.84	    0.00	    0.00	    0.00	    0.11	    0.00	    0.00	    0.00	    0.00	    0.00	    0.00	    0.00
7	8	    0.00	    0.00	    0.00	    0.00	    0.00	    0.00	  958.78	 3861.06	    0.00	    0.00	    0.00	    0.00	    0.00	    0.00	    0.00	  956.26	    0.00	  275.99	    0.08	  705.70	    0.00	    0.00	    0.00	    0.00
7	15	  462.57	  554.59	  177.00	  701.06	  438.13	 1294.02	    0.00	 3328.04	  959.79	    0.00	    0.08	  516.37	    0.42	    0.00	    0.00	    0.00	    0.00	    0.00	    0.00	    0.00	    0.00	    0.00	    0.00	    0.00
8	4	    0.00	    0.00	    0.00	    0.00	    0.00	    0.00	  357.82	  666.48	 4100.71	 6002.71	    0.00	    0.00	    0.00	    0.00	 1675.58	  573.39	 1025.41	   75.83	  632.67	  106.10	   98.05	  599.21	    0.00	    0.00
8	7	    0.08	    0.04	   89.46	  474.37	  266.33	    0.09	    0.00	    0.00	 3208.84	 1603.83	  795.93	  376.21	  115.53	    0.00	    0.00	    0.00	    0.23	    0.00	    0.00	    0.00	    0.00	    0.00	    0.00	    0.00
8	9	 2498.95	  699.86	  510.56	 2849.00	 1829.71	  999.89	    1.08	 2394.58	 8890.45	    0.00	    0.00	  540.70	  404.29	    0.00	    0.00	    0.57	    0.00	    0.30	    0.08	    0.13	    0.00	    0.00	    0.00	    0.00
9	8	    0.00	    0.00	    0.00	    0.00	    0.00	    0.00	    0.12	    0.00	    0.00	10406.55	 2195.41	    0.06	    0.06	  599.93	 2675.58	 1017.70	 1925.64	    0.14	 1032.67	    0.53	  398.04	 1299.21	  499.94	    0.60
9	10	    0.00	    0.00	    0.00	    0.00	    0.00	    0.00	  499.95	  794.96	 1715.35	 8261.80	    0.00	    0.00	    0.00	    0.00	 1383.88	 1648.19	 1870.08	  200.00	  458.71	  416.87	    2.26	  530.21	    0.00	    0.00
9	14	  799.44	   99.90	   99.93	 1098.14	  597.84	  199.93	    0.00	    0.00	 3084.19	14383.21	 1948.13	  690.74	   22.72	    0.00	    0.00	    0.00	    0.82	    0.00	    0.00	    0.00	    0.00	    0.00	    0.00	    0.00
9	15	    0.06	    0.00	   10.67	   51.07	   31.92	    0.00	    0.00	    0.00	  391.07	 8247.69	 2243.11	  151.40	    0.06	    0.00	    0.00	    0.00	    0.00	    0.00	    0.00	    0.00	    0.00	    0.00	    0.00	    0.00
9	16	  399.54	    0.02	   99.98	  499.90	  199.96	    0.04	    0.08	    0.12	  899.84	 3900.76	  999.76	  599.88	  499.90	    0.06	    0.13	    0.12	    0.00	    0.05	    0.07	    0.14	    0.05	    0.14	    0.05	    0.03
10	3	    0.00	    0.00	    0.00	    0.00	    0.00	    0.00	    0.00	    0.00	    0.00	    0.44	 3406.06	    0.00	    0.00	 1199.78	    1.53	    0.00	    0.34	    0.00	    0.65	    0.00	    0.04	    0.78	  699.27	    0.06
10	9	    0.08	    0.00	    0.02	    0.10	    0.00	    0.00	    0.00	    0.00	    0.00	    0.00	11286.42	 2901.36	 2018.44	 1008.29	    0.00	    0.00	    0.00	    0.00	    0.00	    0.00	    0.06	    0.00	  261.90	   38.05
10	11	    0.00	    0.00	    0.00	    0.00	    0.00	    0.00	    0.00	    0.00	    0.11	 3096.97	 2401.02	    0.00	    0.00	  826.26	  675.14	  248.32	  872.57	    0.02	  289.32	    0.00	    0.00	    0.04	    0.04	    0.00
10	13	  300.62	  100.08	  100.09	 1000.58	  199.94	  199.85	    0.00	    0.00	  316.18	 1164.56	 5206.51	 1009.38	   85.08	    0.00	    0.00	    0.00	    0.00	    0.00	    0.00	    0.00	    0.00	    0.00	    0.00	    0.00
11	2	    0.00	    0.00	    0.00	    0.00	    0.00	    0.00	    0.00	    0.00	    0.00	    0.00	    0.73	 4689.42	 3510.14	    0.52	    0.06	    0.00	    0.00	    0.00	    0.00	    0.11	  301.96	  500.19	  400.93	  599.35
11	10	    0.47	    0.18	    0.24	    0.08	    0.02	    0.02	    0.00	    0.00	    0.00	    0.00	    0.00	 5309.89	 3102.87	    0.00	    0.00	    0.00	    0.00	    0.00	    0.00	    0.00	    0.22	    0.00	    0.00	    0.54
11	12	 1400.01	  300.05	  299.99	 1001.33	  202.24	  300.10	    2.10	  600.00	  799.69	 1900.00	 1000.77	 3900.69	    0.00	  126.13	   52.23	    0.88	  497.69	    0.08	   22.38	    0.03	    0.00	    0.00	    0.00	    0.00
12	11	    0.00	    0.00	    0.00	    0.00	    0.00	    0.00	    0.25	    0.00	    0.00	    0.00	    0.00	    0.00	 7913.01	    0.22	    0.00	    1.36	    0.00	    0.73	    0.00	  500.05	  602.18	 1200.15	 1100.80	 1099.89
12	23	  900.01	    0.05	  199.99	  401.33	    2.24	  100.10	    0.00	    0.00	  199.69	    0.00	    0.77	 2600.69	 6686.99	    0.00	    0.00	    0.00	    0.00	    0.00	    0.00	    0.00	    0.00	    0.00	    0.00	    0.00
13	10	    0.00	    0.00	    0.00	    0.00	    0.00	    0.00	    0.00	    0.00	    0.00	    0.00	    0.00	    0.00	    0.00	 4634.26	  692.73	    0.00	    2.79	    0.00	  231.24	  183.10	  397.61	  570.56	 2261.16	  637.54
13	14	    0.60	    0.08	    0.08	    0.64	    0.09	    0.06	    0.00	    0.00	    0.00	    0.00	  921.52	  309.33	  100.66	 6325.09	    0.00	    0.00	    0.00	    0.00	    0.00	    0.00	    0.00	    0.00	 1275.96	  129.09
13	22	    0.04	    0.00	    0.01	  499.96	   99.85	   99.80	    0.00	    0.00	  202.26	  839.76	 2685.06	    0.09	    0.00	 3140.65	  443.38	    0.00	  229.14	    0.00	  138.81	    0.00	    0.00	    0.00	    0.00	    0.00
14	9	    0.00	    0.00	    0.00	    0.00	    0.00	    0.00	    0.00	    0.00	    0.00	    0.00	    0.00	    0.00	    0.00	 1691.70	 8059.59	    0.55	    0.44	    0.12	 1491.42	 2312.31	 1600.28	 4429.56	 2038.08	  762.58
14	13	    0.00	    0.00	    0.00	    0.00	    0.00	    0.00	  199.56	  399.11	  486.08	 1775.21	    0.07	    0.00	    0.00	    0.00	 2436.11	  699.08	  931.93	   99.78	  670.03	  681.65	    0.83	  656.70	    0.00	    0.00
14	18	  300.03	    0.04	    0.01	  200.08	  100.03	    0.10	    0.02	    0.03	  400.14	 3047.80	  755.18	  300.07	  300.10	 2897.43	 5898.99	    0.05	    0.43	    0.01	    0.00	    0.05	  525.22	 2899.82	  899.95	  214.73
14	21	    0.00	    0.00	    0.00	  398.70	  297.89	    0.00	    0.00	    0.00	 1297.98	 5560.19	  714.41	    0.00	    0.00	  435.96	 5005.32	    0.25	 2495.72	    0.00	 2138.74	    0.00	    0.00	    0.00	    0.00	    0.00
15	7	    0.00	    0.00	    0.00	    0.00	    0.00	    0.00	    0.51	    0.00	    0.00	    0.28	    0.00	    0.00	    0.00	    0.26	    0.42	 6015.55	 2347.25	    0.47	    0.61	    1.20	    0.28	    0.45	    0.17	    0.11
15	9	    0.00	    0.06	    0.00	    0.00	    0.00	    0.08	 2399.08	    0.50	    0.00	    0.00	    0.00	    0.00	    0.00	    0.00	    0.00	 7064.89	    0.60	  899.77	    0.21	  605.10	    0.00	    0.00	    0.00	    0.00
15	16	    0.45	  200.01	    0.01	    0.07	    0.03	  500.01	 1000.16	 1400.40	    0.12	    0.54	    0.09	    0.06	    0.00	    0.00	    0.00	 5991.03	    0.00	  600.08	    0.00	 1699.29	  474.77	    0.10	    0.04	  185.27
15	17	    0.04	    0.02	    0.00	    0.04	    0.01	    0.07	    0.00	    0.33	    0.22	 3848.70	  843.47	    0.09	    0.01	    0.03	    0.07	 7028.53	 3928.05	    0.00	    0.40	    0.00	    0.00	    0.00	    0.00	    0.00
16	9	    0.00	    0.00	    0.00	    0.00	    0.00	    0.00	    0.00	    0.00	    0.00	    0.00	    0.00	    0.00	    0.00	    0.00	    0.00	    0.00	 7695.49	    0.00	 1799.75	    0.00	    0.00	    0.00	    0.00	    0.00
16	15	    0.00	    0.00	    0.00	    0.00	    0.00	    0.00	    0.00	    0.00	    0.00	    1.46	    0.26	    0.00	    0.00	  509.09	  873.18	    0.00	 9075.78	    0.00	  946.67	    0.00	    0.06	    0.11	    0.05	    0.03
16	18	    0.03	    0.02	    0.00	    0.02	    0.01	    0.05	    0.24	    0.51	    0.06	    0.28	    0.00	    0.00	    0.00	    0.00	    0.00	 3191.15	 6628.72	    0.13	    0.00	    0.00	    0.00	    0.00	    0.00	    0.00
17	6	    0.00	    0.00	    0.00	    0.00	    0.00	    0.00	    0.00	    0.00	    0.06	 1896.81	  498.53	    0.00	  395.16	  599.74	 1099.62	 1718.65	 1151.95	 1199.04	 1399.23	 3098.41	  699.70	 1299.42	  499.84	  299.90
17	15	   37.87	   45.49	   12.34	   47.99	   29.99	  106.14	 4799.75	  273.18	   49.49	    0.37	    0.12	   32.38	  599.54	  191.20	  327.31	    0.00	    0.12	 2000.32	  354.54	 3905.59	 1075.00	 1200.44	  500.16	  485.35
17	19	  299.95	  299.95	    0.00	  299.99	  100.00	  800.07	 2997.91	 3999.49	  599.97	 1252.62	  245.00	    0.04	    0.00	    0.00	    0.00	 4809.89	 2176.15	 1600.64	    0.00	    0.00	    0.00	    0.00	    0.00	    0.00
18	14	    0.00	    0.06	    0.00	    0.00	    0.00	    0.12	  699.51	  999.09	    0.00	    0.00	    0.00	    0.00	    0.00	    0.00	    0.00	 1899.58	 4927.70	  299.81	 5100.19	 4093.46	    0.16	    0.40	    0.17	    0.07
18	16	    0.04	    0.00	    0.01	    0.06	    0.02	    0.00	    0.00	    0.00	    0.10	    0.44	    0.41	    0.07	    0.10	 1209.03	 2373.05	    0.00	    0.00	    0.00	 4446.35	    0.57	  125.24	 1699.87	  599.96	  114.73
18	19	    0.02	    0.00	    0.00	    0.04	    0.02	    0.03	    0.00	    0.00	    0.10	 1247.64	  354.77	    0.00	    0.00	 1388.42	 2725.94	    0.00	    1.45	    0.00	 3253.46	    0.00	    0.00	    0.00	    0.00	    0.00
19	17	    0.00	    0.00	    0.00	    0.00	    0.00	    0.00	    0.00	    0.00	    0.00	    0.22	    0.01	    0.79	 1094.69	  890.91	 1626.86	    0.00	    0.15	    0.00	 2053.37	 7404.00	 1874.70	 2799.86	 1099.99	  785.26
19	18	    0.00	  100.00	    0.00	    0.00	    0.00	  199.99	 1099.25	 1698.54	    0.00	    0.00	    0.00	    0.00	    0.00	    0.01	    0.00	    8.38	    0.00	  599.67	    0.00	 5293.97	    0.18	    0.45	    0.18	    0.08
19	20	    0.00	    0.00	    0.00	    0.01	    0.00	  100.01	  698.56	  600.64	    0.01	    0.05	    0.02	    0.01	    0.03	    0.02	    0.03	 1501.72	  477.41	  200.92	    0.18	 2701.49	    0.00	    0.08	    0.03	    0.02
19	21	    0.00	   99.95	    0.00	    0.02	    0.01	  200.09	  700.10	  800.31	    0.06	    0.22	    0.05	    0.00	    0.00	    0.00	    0.17	 1699.78	    0.11	  400.04	    0.08	 3100.53	    0.19	    0.00	    0.00	    0.00
20	19	    0.03	    0.00	    0.00	    0.00	    0.00	    0.00	    0.00	    0.00	    0.00	    0.10	    0.02	  400.64	 1694.26	    0.08	    0.16	    0.00	    0.07	    0.00	    0.17	    0.00	 3074.88	    0.76	    3.06	 1184.85
20	21	  259.19	    0.02	   64.80	    0.56	    0.00	    0.03	    0.06	    0.07	    0.00	    0.00	    0.00	  453.58	 1458.08	    0.00	    0.00	    0.39	    0.00	    0.09	    0.00	    0.39	 4728.55	    0.00	    0.26	 1567.36
20	23	    0.00	    0.00	    0.00	    0.00	    0.00	    0.02	  498.51	  200.58	    0.18	  474.44	    0.00	    0.00	    0.00	    0.00	  644.66	  901.45	  210.61	  100.83	  232.95	 1501.17	 3196.57	 2300.85	    0.00	    0.00
21	14	    0.00	    0.00	    0.00	    0.00	    0.00	    0.00	    0.06	    0.05	    0.00	    0.00	    0.00	    0.00	  876.72	    0.00	    0.00	    0.34	    0.00	    0.09	    0.00	    0.55	 2926.17	10585.69	 2661.91	 1248.15
21	19	    0.00	    0.00	    0.00	    0.00	    0.00	    0.00	    0.00	    0.00	    0.00	    0.13	    0.28	    0.13	    0.46	    2.44	    0.97	    0.00	    0.00	    0.00	    0.00	    0.00	    0.19	 5199.62	 1797.14	    0.51
21	20	    0.00	    0.00	    0.00	    0.00	   97.90	    0.00	    0.01	    0.02	  300.17	 1674.49	    1.99	    0.00	    0.00	    0.98	 1444.79	    0.12	  333.27	    0.01	  632.95	    0.06	    0.00	 4101.54	    0.93	    0.00
21	22	    0.00	    0.00	    0.00	    0.00	    0.00	    0.12	  200.08	  300.31	  297.86	 1285.79	    0.00	    0.00	    0.00	    0.00	  959.73	  499.96	  462.56	  100.04	  305.87	  700.31	    2.38	 4513.15	    0.00	    0.00
22	13	    0.01	    0.00	    0.00	    0.02	    0.00	    0.00	    0.44	    0.89	    0.00	    0.00	    0.00	    0.03	  615.58	    0.00	    0.00	    0.92	    0.00	    0.22	    0.01	    1.46	  796.78	 1113.86	 4637.12	 1166.63
22	21	  140.81	    0.03	   35.20	    0.72	    0.00	    0.00	    0.00	    0.00	    0.00	    0.00	  387.81	  246.54	  719.10	  767.47	    0.00	    0.00	    0.00	    0.00	    0.00	    0.00	    0.00	    0.00	 6559.72	  781.30
22	23	    0.00	    0.00	    0.00	    0.05	    0.01	    0.01	    0.01	    0.02	    0.12	  325.56	  997.30	    0.00	    0.00	 1273.18	  403.11	    0.05	   91.70	    0.00	  144.66	    0.09	    0.06	 1299.64	 3303.16	    0.00
23	12	    0.00	    0.00	    0.00	    0.00	    0.00	    0.00	  398.14	    0.00	    0.00	    0.00	    0.00	    0.00	    0.00	  474.10	  647.77	  600.49	    2.31	  100.65	  277.62	 1100.02	 1202.18	 2500.15	 1900.80	 1799.89
23	20	  359.22	    0.01	   64.80	  200.55	    2.09	    0.04	    0.00	    0.00	    0.00	    0.00	  398.02	 1154.21	 3752.31	  399.08	    0.00	    0.00	    0.00	    0.00	    0.00	    0.00	    0.00	    0.00	  702.36	 3252.18
23	22	  440.78	    0.04	  135.19	    0.83	    0.16	    0.09	    0.37	    0.60	    0.00	    0.00	    0.06	  946.48	 2134.69	    0.00	    0.00	    1.01	    0.00	    0.19	    0.00	    1.23	 1494.46	    0.35	    0.00	 2647.93
