0.000000000000000000e+00 1.000000000000000000e+00 6.305232387252876833e+03
0.000000000000000000e+00 2.000000000000000000e+00 8.537498225728737452e+03
1.000000000000000000e+00 0.000000000000000000e+00 4.937718488572095339e+03
1.000000000000000000e+00 5.000000000000000000e+00 6.560419782203963223e+03
2.000000000000000000e+00 0.000000000000000000e+00 9.905012124409509852e+03
2.000000000000000000e+00 3.000000000000000000e+00 1.274862319191599454e+04
2.000000000000000000e+00 1.100000000000000000e+01 1.008395087584362227e+04
3.000000000000000000e+00 2.000000000000000000e+00 1.489014154722910644e+04
3.000000000000000000e+00 4.000000000000000000e+00 1.753843137373748323e+04
3.000000000000000000e+00 1.000000000000000000e+01 5.216776608750766172e+03
4.000000000000000000e+00 3.000000000000000000e+00 1.889625596812597360e+04
4.000000000000000000e+00 5.000000000000000000e+00 9.096192459420446539e+03
4.000000000000000000e+00 8.000000000000000000e+00 1.458879570368074928e+04
5.000000000000000000e+00 1.000000000000000000e+00 5.192905883523181728e+03
5.000000000000000000e+00 4.000000000000000000e+00 8.483726292864475909e+03
5.000000000000000000e+00 7.000000000000000000e+00 1.460024953690996517e+04
6.000000000000000000e+00 7.000000000000000000e+00 1.297822172173459876e+04
6.000000000000000000e+00 1.700000000000000000e+01 1.439776571219594007e+04
7.000000000000000000e+00 5.000000000000000000e+00 1.262026947167321305e+04
7.000000000000000000e+00 6.000000000000000000e+00 9.847902438288670965e+03
7.000000000000000000e+00 8.000000000000000000e+00 6.356822184204341283e+03
7.000000000000000000e+00 1.500000000000000000e+01 7.455415080497244162e+03
8.000000000000000000e+00 4.000000000000000000e+00 1.655908646462520846e+04
8.000000000000000000e+00 7.000000000000000000e+00 0.000000000000000000e+00
8.000000000000000000e+00 9.000000000000000000e+00 2.418069499640790309e+04
9.000000000000000000e+00 8.000000000000000000e+00 1.989416357314800189e+04
9.000000000000000000e+00 1.000000000000000000e+01 1.802760468090726863e+04
9.000000000000000000e+00 1.400000000000000000e+01 2.499587534614695687e+04
9.000000000000000000e+00 1.500000000000000000e+01 1.240829432149595414e+04
9.000000000000000000e+00 1.600000000000000000e+01 8.640835789897271752e+03
1.000000000000000000e+01 3.000000000000000000e+00 6.100470369675396796e+03
1.000000000000000000e+01 9.000000000000000000e+00 1.715045428958420234e+04
1.000000000000000000e+01 1.100000000000000000e+01 8.290264613438184824e+03
1.000000000000000000e+01 1.300000000000000000e+01 1.025289922602097977e+04
1.100000000000000000e+01 2.000000000000000000e+00 9.309946419211300963e+03
1.100000000000000000e+01 1.000000000000000000e+01 8.603172756905634742e+03
1.100000000000000000e+01 1.200000000000000000e+01 1.322970933009188775e+04
1.200000000000000000e+01 1.100000000000000000e+01 1.286861301692700363e+04
1.200000000000000000e+01 2.300000000000000000e+01 1.160395599391210089e+04
1.300000000000000000e+01 1.000000000000000000e+01 1.004653445215507782e+04
1.300000000000000000e+01 1.400000000000000000e+01 9.059048483344622582e+03
1.300000000000000000e+01 2.200000000000000000e+01 8.558054060968441263e+03
1.400000000000000000e+01 9.000000000000000000e+00 2.331162236836584634e+04
1.400000000000000000e+01 1.300000000000000000e+01 8.996031458917375858e+03
1.400000000000000000e+01 1.800000000000000000e+01 2.098502816465939031e+04
1.400000000000000000e+01 2.100000000000000000e+01 1.884963468602875582e+04
1.500000000000000000e+01 7.000000000000000000e+00 8.701937916018909164e+03
1.500000000000000000e+01 9.000000000000000000e+00 1.112338677601239033e+04
1.500000000000000000e+01 1.600000000000000000e+01 1.155754874854429363e+04
1.500000000000000000e+01 1.700000000000000000e+01 1.576164045963942954e+04
1.600000000000000000e+01 9.000000000000000000e+00 8.100615281225138460e+03
1.600000000000000000e+01 1.500000000000000000e+01 1.220467080978573358e+04
1.600000000000000000e+01 1.800000000000000000e+01 1.002769603076727799e+04
1.700000000000000000e+01 6.000000000000000000e+00 1.752808499564187150e+04
1.700000000000000000e+01 1.500000000000000000e+01 1.507613368843609533e+04
1.700000000000000000e+01 1.900000000000000000e+01 1.718097571410004457e+04
1.800000000000000000e+01 1.400000000000000000e+01 1.972562823333139750e+04
1.800000000000000000e+01 1.600000000000000000e+01 1.013459758333654827e+04
1.800000000000000000e+01 1.900000000000000000e+01 9.854870514889884362e+03
1.900000000000000000e+01 1.700000000000000000e+01 1.952578822634262906e+04
1.900000000000000000e+01 1.800000000000000000e+01 8.702372136131180014e+03
1.900000000000000000e+01 2.000000000000000000e+01 6.074515470586669835e+03
1.900000000000000000e+01 2.100000000000000000e+01 7.002299702010674991e+03
2.000000000000000000e+01 1.900000000000000000e+01 6.819688912554114722e+03
2.000000000000000000e+01 2.100000000000000000e+01 8.284560223894797673e+03
2.000000000000000000e+01 2.300000000000000000e+01 1.017469795718926434e+04
2.100000000000000000e+01 1.400000000000000000e+01 1.826176461514836046e+04
2.100000000000000000e+01 1.900000000000000000e+01 7.349440393527132073e+03
2.100000000000000000e+01 2.000000000000000000e+01 8.712195460758808622e+03
2.100000000000000000e+01 2.200000000000000000e+01 9.520525344131787278e+03
2.200000000000000000e+01 1.300000000000000000e+01 8.414706311529789673e+03
2.200000000000000000e+01 2.100000000000000000e+01 9.707431201631883596e+03
2.200000000000000000e+01 2.300000000000000000e+01 8.055984893857021234e+03
2.300000000000000000e+01 1.200000000000000000e+01 1.114285968074722769e+04
2.300000000000000000e+01 2.000000000000000000e+01 1.049223616229269464e+04
2.300000000000000000e+01 2.200000000000000000e+01 8.099543001918464142e+03
