i	j	       0	       1	       2	       3	       4	       5	       6	       7	       8	       9	      10	      11	      12	      13	      14	      15	      16	      17	      18	      19	      20	      21	      22	      23
0	1	 2599.93	    0.00	  270.03	  200.02	   18.08	    0.00	    0.01	    0.02	   36.16	  108.51	  200.02	  459.62	  458.83	  100.00	   18.04	    0.02	    0.04	    0.00	    0.01	    0.00	    0.01	    0.11	    0.11	   30.63
0	2	 6200.07	 1164.42	    0.00	    0.00	    0.00	  241.16	  145.08	  250.03	    0.00	    0.00	    0.00	    0.00	    0.00	    0.00	    0.00	  114.58	    0.00	   35.38	    0.00	    0.02	    0.00	    0.00	    0.00	    0.00
1	0	    0.00	 1264.42	    0.00	    0.00	    0.00	  541.16	  645.05	 1050.00	    0.00	    0.00	    0.00	    0.00	    0.00	    0.00	    0.00	  614.52	    0.37	  135.38	    0.03	  299.98	    0.00	    0.02	    0.00	    0.00
1	5	 2499.93	 2735.58	  170.03	    0.04	    0.00	    0.00	    0.00	    0.00	    0.00	    0.00	    0.04	  359.62	  158.83	    0.01	    0.00	    0.00	    0.00	    0.00	    0.00	    0.00	    0.01	    0.03	    0.11	   30.63
2	0	    0.00	    0.00	  370.03	  700.02	  218.08	    0.00	    0.03	    0.05	  536.16	 1408.51	  700.02	  659.62	  958.83	  400.00	  518.04	    0.09	  399.67	    0.00	  299.99	    0.05	  100.00	  400.09	  300.11	  130.63
2	3	 4500.08	  664.29	 1929.94	    0.00	    0.00	    0.04	    0.00	    0.00	    0.00	    0.00	    0.00	 3752.14	 2520.41	    0.09	    0.00	    0.00	    0.00	    0.00	    0.00	    0.00	  202.88	    0.27	    1.84	  468.98
2	11	 1599.99	  400.13	  500.03	 1602.30	  402.63	  500.44	  766.60	 1200.00	 1399.57	  648.77	    0.52	    0.00	    0.00	    0.18	   48.98	  557.69	  182.99	  199.23	   20.99	    0.27	    0.00	    0.10	    0.10	    0.00
3	2	    0.00	    0.00	    0.00	 2502.31	  720.71	  559.32	  721.56	 1150.02	 2035.72	 2357.28	  999.88	    0.00	    0.00	  499.80	  666.97	  643.19	  682.65	  163.85	  320.98	    0.26	    0.02	    0.20	    0.18	    0.01
3	4	 3198.43	  164.16	 1329.76	 6696.77	    0.00	    0.00	    0.00	    0.00	    0.00	    0.12	  906.52	 3151.31	 1919.90	  200.10	    0.07	    0.00	    0.01	    0.00	    0.02	    0.00	    2.92	    0.05	  199.96	  269.02
3	10	  801.65	  300.18	  400.18	 2400.91	  699.71	  599.66	    0.37	    4.75	    0.43	    0.17	    0.00	    0.82	    0.51	    0.07	    0.06	    0.31	    0.04	    0.04	    0.02	    0.03	    0.02	    0.05	    0.06	    0.03
4	3	    0.00	    0.05	    0.00	    0.00	 1920.42	 1558.94	 1121.92	 1854.77	 2736.16	 3556.24	    0.00	    0.00	    0.00	    0.00	 1166.16	 1443.50	 1182.58	  263.90	  520.64	  300.29	    0.03	  399.14	    0.00	    0.00
4	5	    0.00	    0.00	  526.24	 2126.46	 1256.82	    0.00	    0.02	    0.03	  564.00	 1291.43	  405.97	 1470.63	  597.18	  100.02	  281.74	    0.04	    0.04	    0.00	    0.10	    0.01	    0.01	    0.00	   99.89	   69.36
4	8	 2998.43	  899.84	  703.52	 4070.31	 2922.75	 1400.06	    0.03	    0.10	    0.00	    0.00	    0.55	 1480.69	 1122.72	    0.08	    0.00	    0.06	    0.00	    0.01	    0.00	    0.03	    0.00	    0.00	    0.07	  199.67
5	1	    0.00	    0.00	    0.00	    0.02	   81.92	  941.16	  845.05	 1449.98	  163.84	  491.49	    0.02	    0.00	    0.00	    0.01	   81.96	 1014.50	  200.33	  135.38	  100.01	  399.98	    0.00	   99.94	    0.00	    0.00
5	4	    0.00	  835.73	    0.00	    0.00	    0.00	 3159.00	 1022.27	 1805.59	    0.00	    0.00	    0.00	    0.00	    0.00	    0.00	    0.00	 1477.33	    1.36	  202.14	    0.03	  307.18	    0.05	    0.00	    0.00	    0.00
5	7	 2199.93	 1499.85	  396.27	 1726.48	  974.90	 3499.84	    0.00	    0.00	    0.16	    0.07	    5.99	 1630.25	  556.01	    0.03	    0.00	    0.00	    0.00	    0.00	    0.00	    0.00	    0.00	    0.00	    0.00	    0.00
6	7	    0.00	    0.00	    0.00	    0.00	    0.00	    0.00	 4173.18	    0.00	    0.00	    0.00	    0.00	    0.00	    0.00	  399.86	  600.02	  459.19	  156.18	  999.36	  999.62	 2599.72	  500.15	  799.98	  299.99	  200.01
6	17	  428.88	  334.33	    7.74	  430.25	  118.94	  980.35	 7926.82	 4506.40	  818.88	    0.67	    0.13	  219.55	    0.12	    0.00	    0.00	    0.00	    0.03	    0.00	    0.00	    0.00	    0.00	    0.00	    0.00	    0.00
7	5	    0.00	    0.00	    0.00	    0.00	    0.00	    0.00	 2267.30	 4055.54	    0.00	    0.13	    0.00	    0.00	    0.00	    0.00	    0.21	 3391.79	  701.65	  437.51	  299.94	 1007.14	  100.04	  299.91	    0.00	    0.01
7	6	  928.88	  534.33	  107.74	  830.25	  318.94	 1380.35	    0.00	 5506.40	 1418.83	    3.92	    1.21	  919.49	   84.37	    0.00	    0.00	    0.00	    0.11	    0.00	    0.00	    0.00	    0.00	    0.00	    0.00	    0.00
7	8	    0.00	    0.00	    0.00	    0.00	    0.00	    0.00	  905.88	 3744.44	    0.00	    0.00	    0.00	    0.00	    0.00	    0.00	    0.00	 1349.05	    0.00	  261.91	    0.00	  692.71	    0.12	    0.10	    0.00	    0.00
7	15	  471.44	  565.56	  175.60	  692.29	  432.66	 1319.59	    0.00	 3393.62	  858.20	    0.00	    0.06	  470.85	    0.28	    0.00	    0.00	    0.00	    0.00	    0.00	    0.00	    0.00	    0.00	    0.00	    0.00	    0.00
8	4	    0.00	    0.00	    0.00	    0.00	    0.00	    0.00	  299.70	  549.31	 4100.16	 5847.54	    0.00	    0.00	    0.00	    0.00	 1647.84	  466.27	 1381.25	   61.77	  620.69	   93.15	   97.07	  599.09	    0.00	    0.00
8	7	    0.39	    0.04	   87.07	  496.06	  276.70	    0.09	    0.00	    0.00	 3076.87	 1603.70	  795.29	  360.09	  128.64	    0.00	    0.00	    0.00	    0.24	    0.00	    0.00	    0.00	    0.00	    0.00	    0.00	    0.00
8	9	 2498.04	  699.80	  516.45	 2874.25	 1846.05	  999.97	    6.26	 2395.23	 9022.97	    0.00	    0.00	  520.66	  394.14	    0.00	    0.00	    0.26	    0.00	    0.35	    0.00	    0.35	    0.00	    0.00	    0.00	    0.00
9	8	    0.00	    0.00	    0.00	    0.00	    0.00	    0.00	    0.06	    0.00	    0.00	10251.24	 2194.74	    0.06	    0.06	  599.92	 2647.84	  517.42	 2281.49	    0.20	 1020.69	    0.76	  396.94	 1299.00	  499.93	    0.33
9	10	    0.00	    0.00	    0.00	    0.00	    0.00	    0.00	  499.63	  795.33	 1713.13	 8408.99	    0.00	    0.00	    0.00	    0.00	 1278.47	 1541.92	 1916.96	  199.97	  422.67	  429.84	    1.11	  487.76	    0.00	    0.00
9	14	  798.38	   99.84	   99.80	 1096.83	  597.65	  200.00	    0.00	    0.00	 3086.75	14628.53	 1880.27	  642.22	    3.04	    0.00	    0.00	    0.00	    0.84	    0.00	    0.00	    0.00	    0.00	    0.00	    0.00	    0.00
9	15	    0.00	    0.00	   16.67	   77.51	   48.44	    0.00	    0.00	    0.00	  523.26	 8010.41	 2152.22	  208.54	    0.34	    0.00	    0.00	    0.00	    0.00	    0.00	    0.00	    0.00	    0.00	    0.00	    0.00	    0.00
9	16	  399.66	    0.02	   99.98	  499.91	  199.96	    0.04	    0.09	    0.12	  899.83	 3900.82	  999.78	  599.89	  499.91	    0.06	    0.13	    0.12	    0.00	    0.05	    0.07	    0.15	    0.05	    0.15	    0.05	    0.03
10	3	    0.00	    0.00	    0.00	    0.00	    0.00	    0.00	    0.00	    0.00	    0.00	    1.34	 3406.40	    0.00	    0.00	 1199.87	    0.93	    0.00	    0.13	    0.00	    0.38	    0.00	    0.04	    0.88	  698.35	    0.08
10	9	    0.00	    0.00	    0.00	    0.00	    0.00	    0.00	    0.00	    0.00	    0.00	    0.00	11127.01	 2930.05	 2009.19	 1145.53	    0.00	    0.00	    0.00	    0.00	    0.00	    0.00	    0.00	    0.00	  359.91	   53.59
10	11	    0.00	    0.00	    0.00	    0.00	    0.00	    0.00	    0.00	    0.00	    0.11	 3251.23	 2400.68	    0.00	    0.00	  705.55	  653.13	  142.23	  916.97	    0.02	  279.89	    0.00	    0.00	    0.05	    0.05	    0.00
10	13	  301.76	  100.22	  100.23	 1001.00	  199.74	  199.73	    0.00	    0.08	  313.45	 1156.59	 5365.91	 1057.94	    5.84	    0.00	    0.00	    0.00	    0.05	    0.00	    0.00	    0.00	    0.00	    0.00	    0.00	    0.00
11	2	    0.00	    0.00	    0.00	    0.00	    0.00	    0.00	    0.00	    0.00	    0.00	    0.00	    0.65	 4611.76	 3579.24	    0.48	    0.06	    0.00	    0.00	    0.00	    0.00	    0.03	  302.87	  500.26	  401.86	  599.60
11	10	    0.11	    0.04	    0.06	    0.08	    0.03	    0.07	    0.00	    0.00	    0.00	    0.00	    0.00	 5387.16	 3014.52	    0.00	    0.00	    0.00	    0.00	    0.00	    0.00	    0.00	    0.04	    0.00	    0.00	    0.50
11	12	 1399.88	  300.09	  299.98	 1002.21	  202.60	  300.37	   66.67	  600.00	  799.68	 1900.00	 1000.54	 3901.08	    0.00	    5.40	    2.06	    0.56	  499.95	    0.06	    0.88	    0.12	    0.00	    0.00	    0.00	    0.00
12	11	    0.00	    0.00	    0.00	    0.00	    0.00	    0.00	    0.07	    0.00	    0.00	    0.00	    0.00	    0.00	 7893.76	    0.15	    0.00	    0.64	    0.00	    0.82	    0.00	  499.88	  602.91	 1200.11	 1101.72	 1100.09
12	23	  899.88	    0.09	  199.98	  402.21	    2.60	  100.37	    0.00	    0.00	  199.68	    0.00	    0.54	 2601.08	 6706.24	    0.00	    0.00	    0.00	    0.00	    0.00	    0.00	    0.00	    0.00	    0.00	    0.00	    0.00
13	10	    0.00	    0.00	    0.00	    0.00	    0.00	    0.00	    0.00	    0.00	    0.00	    0.00	    0.00	    0.00	    0.00	 4650.89	  775.53	    0.00	    0.14	    0.00	  257.58	  170.14	  398.87	  613.12	 2358.25	  653.15
13	14	    1.65	    0.21	    0.21	    1.62	    0.06	    0.07	    0.00	    0.00	    0.00	    0.00	 1066.15	  357.77	   92.42	 6218.08	    0.00	    0.00	    0.00	    0.00	    0.00	    0.00	    0.00	    0.00	 1161.41	  120.46
13	22	    0.12	    0.01	    0.03	  499.40	   99.68	   99.66	    0.00	    0.00	  189.11	  787.34	 2699.83	    0.19	    0.00	 3231.03	  427.85	    0.00	  214.58	    0.00	  134.70	    0.00	    0.00	    0.00	    0.00	    0.00
14	9	    0.00	    0.00	    0.00	    0.00	    0.00	    0.00	    0.00	    0.00	    0.00	    0.00	    0.00	    0.00	    0.00	 1554.45	 7926.45	    0.31	  499.65	    0.06	 3243.23	 1549.06	 1598.11	 4386.90	 1940.08	  746.77
14	13	    0.00	    0.00	    0.00	    0.00	    0.00	    0.00	  199.66	  399.32	  475.66	 1730.75	    0.07	    0.00	    0.00	    0.00	 2503.39	  699.42	  914.67	   99.83	  692.27	  668.94	    0.83	  704.40	    0.00	    0.00
14	18	  300.03	    0.06	    0.01	  200.07	  100.03	    0.08	    0.02	    0.03	  400.15	 3285.18	  846.35	  300.06	  287.01	 2896.98	 5899.96	    0.06	    0.43	    0.01	    0.00	    0.05	  532.29	 2899.91	  899.98	  250.46
14	21	    0.00	    0.00	    0.00	  398.38	  297.68	    0.00	    0.00	    0.00	 1310.95	 5612.60	  700.00	    0.00	    0.00	  466.65	 5070.21	    0.24	 2417.20	    0.00	 2117.58	    0.00	    0.00	    0.00	    0.00	    0.00
15	7	    0.00	    0.00	    0.00	    0.00	    0.00	    0.00	    0.00	    0.00	    0.00	    0.28	    0.00	    0.00	    0.00	    0.11	    0.19	 6481.65	 1945.35	    0.06	    0.32	    0.13	    0.02	    0.03	    0.01	    0.01
15	9	    0.00	    0.06	    0.00	    0.00	    0.00	    0.07	 2393.27	    0.22	    0.00	    0.00	    0.00	    0.00	    0.00	    0.00	    0.00	 6456.52	    0.59	  899.73	    0.20	 1381.13	    0.00	    0.00	    0.00	    0.00
15	16	    0.33	  199.98	    0.01	    0.06	    0.03	  499.99	 1000.38	 1400.24	    0.12	    0.53	    0.09	    0.06	    0.00	    0.00	    0.00	 5764.69	    0.00	  600.16	    0.00	 1565.32	  386.61	    0.00	    0.00	  140.17
15	17	    0.02	    0.00	    0.00	    0.02	    0.00	    0.03	    0.00	    0.16	    0.16	 3611.54	  752.61	    0.13	    0.00	    0.03	    0.16	 7397.14	 3918.47	    0.00	    0.16	    0.00	    0.00	    0.00	    0.00	    0.00
16	9	    0.00	    0.00	    0.00	    0.00	    0.00	    0.00	    0.24	    0.00	    0.00	    0.00	    0.00	    0.00	    0.00	    0.00	    0.00	    2.37	 7599.05	    0.09	    0.00	    0.21	    0.00	    0.00	    0.00	    0.00
16	15	    0.00	    0.00	    0.00	    0.00	    0.00	    0.00	    0.00	    0.00	    0.00	    1.54	    0.29	    0.00	    0.00	  679.45	 1165.98	    0.00	 8664.29	    0.00	 1263.53	    0.00	    0.06	    0.11	    0.05	    0.03
16	18	    0.03	    0.02	    0.00	    0.02	    0.01	    0.04	    0.23	    0.37	    0.04	    0.17	    0.00	    0.00	    0.00	    0.00	    0.00	 2962.44	 7136.66	    0.12	    0.00	    0.00	    0.00	    0.00	    0.00	    0.00
17	6	    0.00	    0.00	    0.00	    0.00	    0.00	    0.00	    0.00	    0.00	    0.06	 1896.75	  498.92	    0.07	  315.75	  599.86	 1100.02	 1859.19	 1156.09	 1199.36	 1399.62	 3099.72	  700.15	 1299.98	  499.99	  300.01
17	15	   28.91	   34.48	    7.74	   30.28	   18.93	   80.51	 4793.65	  207.00	   18.83	    0.38	    0.12	   20.79	  599.39	   20.69	   34.37	    0.00	    0.12	 1999.95	   37.15	 4546.59	  986.57	 1199.92	  499.97	  440.15
17	19	  299.99	  299.85	    0.00	  299.99	  100.02	  799.87	 2933.17	 3999.55	  600.16	 1015.29	  153.77	    0.07	    0.08	    0.00	    0.00	 5037.94	 2162.43	 1600.68	    0.00	    0.00	    0.00	    0.00	    0.00	    0.00
18	14	    0.00	    0.01	    0.00	    0.00	    0.00	    0.02	  699.61	  999.26	    0.00	    0.00	    0.00	    0.00	    0.00	    0.00	    0.00	 1899.86	 5331.12	  299.87	 6853.08	 3317.59	    0.16	    0.40	    0.17	    0.07
18	16	    0.04	    0.02	    0.01	    0.05	    0.02	    0.00	    0.00	    0.00	    0.08	    0.36	    0.43	    0.06	    0.09	 1379.39	 2665.85	    0.00	    0.00	    0.00	 2963.46	  134.74	  213.39	 1699.96	  599.99	  159.83
18	19	    0.02	    0.00	    0.00	    0.04	    0.02	    0.03	    0.00	    0.00	    0.10	 1484.98	  445.92	    0.00	    0.00	 1217.60	 2434.11	    0.00	  105.97	    0.00	 2983.46	    0.00	    0.00	    0.00	    0.00	    0.00
19	17	    0.00	    0.00	    0.00	    0.00	    0.00	    0.00	    0.00	    0.00	    0.00	    0.22	    0.07	    1.25	 1015.10	  720.52	 1334.23	    0.00	    0.15	    0.00	 1736.61	 8046.30	 1786.72	 2799.90	 1099.96	  740.16
19	18	    0.00	   99.95	    0.00	    0.00	    0.00	  199.93	 1099.37	 1698.87	    0.00	    0.00	    0.00	    0.00	   13.09	    0.01	    0.00	  237.36	    0.00	  599.73	    0.00	 4652.27	   81.26	    0.45	    0.18	    9.45
19	20	    0.00	    0.00	    0.00	    0.01	    0.02	  100.01	  633.58	  600.24	    0.20	    0.05	    0.02	    0.01	    0.03	    0.02	    0.03	 1500.41	  568.22	  200.86	   46.95	 2700.49	    0.00	    0.08	    0.03	    0.02
19	21	    0.00	   99.90	    0.00	    0.02	    0.01	  199.95	  700.23	  800.44	    0.06	    0.22	    0.05	    0.00	    0.00	    0.00	    0.17	 1700.17	    0.11	  400.10	    0.08	 3100.94	    0.18	    0.00	    0.00	    0.00
20	19	    0.00	    0.00	    0.00	    0.00	    0.00	    0.00	    0.00	    0.00	    0.00	    0.11	    0.03	  401.16	 1628.02	    0.08	    0.17	    0.00	    0.08	    0.00	    0.19	    0.00	 3068.16	    0.25	    2.72	 1149.30
20	21	  262.79	    0.07	   65.70	    0.38	    0.00	    0.03	    0.06	    0.08	    0.00	    0.00	    0.00	  459.88	 1478.18	    0.00	    0.00	    0.17	    0.00	    0.04	    0.00	    0.42	 4732.82	    0.00	    0.00	 1604.23
20	23	    0.00	    0.00	    0.00	    0.00	    0.00	    0.02	  433.51	  200.16	    0.10	  488.87	    0.00	    0.00	    0.00	    0.00	  684.40	  900.33	  218.60	  100.82	  249.68	 1500.06	 3199.02	 2347.39	    0.00	    0.00
21	14	    0.00	    0.00	    0.00	    0.00	    0.00	    0.00	    0.06	    0.08	    0.00	    0.00	    0.00	    0.07	  891.55	    0.00	    0.00	    0.16	    0.00	    0.03	    0.00	    0.47	 2931.07	10590.81	 2678.48	 1276.69
21	19	    0.00	    0.00	    0.00	    0.00	    0.00	    0.00	    0.00	    0.00	    0.00	    0.11	    0.41	    0.03	    0.11	    2.87	    0.16	    0.00	    0.00	    0.00	    0.00	    0.00	    0.00	 5200.17	 1797.44	    0.32
21	20	    0.00	    0.00	    0.00	    0.00	   97.73	    0.00	    0.00	    0.00	  299.90	 1688.93	    1.99	    0.00	    0.00	    0.97	 1484.54	    0.08	  250.45	    0.00	  602.91	    0.00	    0.00	 4147.56	    0.86	    0.00
21	22	    0.00	    0.00	    0.00	    0.00	    0.00	    0.01	  200.23	  300.44	  311.11	 1323.79	    0.00	    0.00	    0.00	    0.00	  985.69	  500.33	  466.86	  100.10	  314.75	  700.89	    1.93	 4461.45	    0.00	    0.00
22	13	    0.01	    0.00	    0.00	    0.02	    0.00	    0.00	    0.34	    0.60	    0.00	    0.00	    0.00	    0.03	  686.58	    0.00	    0.00	    0.58	    0.00	    0.17	    0.01	    1.20	  798.04	 1108.73	 4619.66	 1173.61
22	21	  137.21	    0.03	   34.30	    1.22	    0.04	    0.03	    0.00	    0.00	    0.00	    0.00	  402.35	  240.22	  713.48	  737.18	    0.00	    0.00	    0.00	    0.00	    0.00	    0.00	    0.00	    0.00	 6576.79	  772.78
22	23	    0.03	    0.00	    0.00	    0.06	    0.01	    0.01	    0.03	    0.06	    0.22	  311.13	  997.53	    0.00	    0.00	 1393.85	  413.54	    0.11	   81.45	    0.00	  149.44	    0.19	    0.06	 1252.82	 3303.55	    0.00
23	12	    0.00	    0.00	    0.00	    0.00	    0.00	    0.00	  333.40	    0.00	    0.00	    0.00	    0.00	    0.00	    0.00	  594.75	  697.94	  600.08	    0.05	  100.75	  299.12	 1099.76	 1202.91	 2500.11	 1901.72	 1800.09
23	20	  362.78	    0.07	   65.70	  200.37	    2.25	    0.03	    0.00	    0.00	    0.00	    0.00	  398.02	 1161.02	 3706.17	  399.10	    0.00	    0.00	    0.00	    0.00	    0.00	    0.00	    0.00	    0.00	  701.83	 3253.52
23	22	  437.13	    0.02	  134.28	    1.89	    0.37	    0.37	    0.14	    0.22	    0.00	    0.00	    0.06	  940.05	 2200.06	    0.00	    0.00	    0.37	    0.00	    0.07	    0.00	    0.49	 1496.17	    0.09	    0.00	 2646.39
