i	j	       0	       1	       2	       3	       4	       5	       6	       7	       8	       9	      10	      11	      12	      13	      14	      15	      16	      17	      18	      19	      20	      21	      22	      23
0	1	 2600.50	    0.00	  267.13	  200.02	   15.38	    0.00	    0.01	    0.02	   30.76	   92.30	  200.02	  477.74	  459.19	  100.00	   15.39	    0.02	    0.03	    0.00	    0.03	    0.00	    0.01	    0.04	    0.14	   29.06
0	2	 6199.50	 1158.37	    0.00	    0.00	    0.00	  242.67	  135.64	  234.33	    0.00	    0.00	    0.00	    0.00	    0.00	    0.00	    0.00	   89.24	    0.00	   33.33	    0.00	    0.02	    0.00	    0.00	    0.00	    0.00
1	0	    0.00	 1258.37	    0.00	    0.00	    0.00	  542.67	  635.62	 1034.30	    0.00	    0.00	    0.00	    0.00	    0.00	    0.00	    0.00	  589.22	    0.33	  133.32	    0.03	  299.98	    0.00	    0.02	    0.00	    0.00
1	5	 2500.50	 2741.63	  167.13	    0.04	    0.00	    0.00	    0.00	    0.00	    0.00	    0.00	    0.04	  377.74	  159.19	    0.01	    0.00	    0.00	    0.00	    0.00	    0.00	    0.00	    0.01	    0.03	    0.14	   29.06
2	0	    0.00	    0.00	  367.13	  700.02	  215.38	    0.00	    0.03	    0.05	  530.76	 1392.30	  700.02	  677.74	  959.19	  400.00	  515.39	    0.03	  399.70	    0.00	  300.00	    0.04	  100.01	  400.03	  300.14	  129.06
2	3	 4499.11	  658.11	 1932.64	    0.00	    0.00	    0.00	    0.00	    0.00	    0.00	    0.00	    0.00	 3755.87	 2486.12	    0.08	    0.00	    0.00	    0.00	    0.00	    0.00	    0.00	  201.52	    0.02	    2.94	  470.49
2	11	 1600.39	  400.26	  500.23	 1601.64	  403.56	  500.38	  780.54	 1200.00	 1399.79	  749.35	    0.48	    0.00	    0.00	    0.17	   62.55	  539.96	  211.36	  199.60	   26.81	    0.24	    0.00	    0.00	    0.00	    0.00
3	2	    0.00	    0.00	    0.00	 2501.66	  718.94	  557.71	  744.94	 1165.71	 2030.54	 2441.65	  999.96	    0.00	    0.00	  499.85	  677.89	  650.75	  711.06	  166.28	  326.64	    0.23	    0.02	    0.09	    0.07	    0.01
3	4	 3198.67	  158.20	 1332.72	 6697.84	    0.00	    0.00	    0.00	    0.00	    0.00	    0.09	  902.28	 3155.52	 1885.87	  200.01	    0.13	    0.00	    0.01	    0.00	    0.05	    0.00	    1.59	    0.04	  199.86	  270.51
3	10	  800.44	  299.96	  399.92	 2400.51	  699.89	  599.76	    0.54	    6.63	    0.40	    0.15	    0.00	    0.35	    0.25	    0.06	    0.05	    0.11	    0.04	    0.13	    0.02	    0.02	    0.02	    0.04	    0.05	    0.02
4	3	    0.00	    0.04	    0.00	    0.00	 1918.83	 1557.48	 1145.47	 1872.34	 2730.94	 3640.52	    0.00	    0.00	    0.00	    0.00	 1175.56	 1450.86	 1210.55	  266.41	  226.39	  300.26	    0.04	  399.00	    0.00	    0.00
4	5	    0.00	    0.00	  528.88	 2131.42	 1261.81	    0.00	    0.02	    0.03	  569.38	 1307.65	  402.12	 1470.35	  573.32	  100.02	  284.51	    0.03	    0.04	    0.00	    0.04	    0.01	    0.01	    0.00	   99.86	   70.93
4	8	 2998.67	  899.73	  703.84	 4066.41	 2919.36	 1399.62	    0.02	    0.09	    0.00	    0.00	    0.16	 1485.17	 1112.55	    0.00	    0.00	    0.05	    0.00	    0.01	    0.00	    0.02	    0.00	    0.00	    0.00	  199.58
5	1	    0.00	    0.00	    0.00	    0.02	   84.62	  942.67	  835.61	 1434.29	  169.24	  507.70	    0.02	    0.00	    0.00	    0.01	   84.61	  989.21	  200.30	  133.32	  100.00	  399.98	    0.00	  100.00	    0.00	    0.00
5	4	    0.00	  841.57	    0.00	    0.00	    0.00	 3157.10	 1030.06	 1804.32	    0.00	    0.00	    0.00	    0.00	    0.00	    0.00	    0.00	 1460.20	    0.12	  202.42	    0.03	  305.11	    0.04	    0.06	    0.00	    0.00
5	7	 2200.50	 1500.06	  396.01	 1731.44	  977.19	 3500.23	    0.00	    0.00	    0.14	    0.06	    2.14	 1648.09	  532.51	    0.02	    0.00	    0.00	    0.00	    0.00	    0.00	    0.00	    0.00	    0.00	    0.00	    0.00
6	7	    0.00	    0.00	    0.00	    0.00	    0.00	    0.00	 4183.77	    0.00	    0.00	    0.00	    0.00	    0.00	    0.00	  399.88	  599.68	  368.19	  130.84	  999.82	  999.32	 2599.61	  500.25	  799.96	  299.98	  199.99
6	17	  431.72	  338.09	    8.56	  432.48	  120.36	  989.01	 7916.23	 4527.37	  823.49	    0.61	    0.17	  216.57	    0.01	    0.00	    0.00	    0.00	    0.02	    0.00	    0.00	    0.00	    0.00	    0.00	    0.00	    0.00
7	5	    0.00	    0.00	    0.00	    0.00	    0.00	    0.00	 2265.66	 4038.58	    0.00	    0.12	    0.00	    0.00	    0.00	    0.00	    0.09	 3349.37	  700.38	  435.74	  299.99	 1005.07	  100.03	  300.03	    0.00	    0.01
7	6	  931.72	  538.09	  108.56	  832.48	  320.36	 1389.01	    0.00	 5527.37	 1423.44	    2.16	    0.84	  916.57	   51.49	    0.00	    0.00	    0.00	    0.10	    0.00	    0.00	    0.00	    0.00	    0.00	    0.00	    0.00
7	8	    0.00	    0.00	    0.00	    0.00	    0.00	    0.00	  918.11	 3761.35	    0.00	    0.00	    0.00	    0.00	    0.00	    0.00	    0.00	 1244.99	    0.00	  264.19	    0.00	  694.85	    0.27	    0.00	    0.00	    0.00
7	15	  468.85	  562.01	  174.85	  694.18	  433.87	 1311.31	    0.00	 3372.70	  879.17	    0.00	    0.05	  488.57	    0.65	    0.00	    0.00	    0.00	    0.00	    0.00	    0.00	    0.00	    0.00	    0.00	    0.00	    0.00
8	4	    0.00	    0.00	    0.00	    0.00	    0.00	    0.00	  315.45	  568.14	 4100.33	 5948.07	    0.00	    0.00	    0.00	    0.00	 1659.95	  490.75	 1410.46	   63.99	  326.36	   95.18	   98.41	  598.90	    0.00	    0.00
8	7	    0.07	    0.04	   87.40	  495.23	  277.04	    0.09	    0.00	    0.00	 3102.47	 1601.96	  798.75	  357.05	  119.63	    0.05	    0.00	    0.00	    0.21	    0.00	    0.00	    0.00	    0.00	    0.00	    0.00	    0.00
8	9	 2498.60	  699.69	  516.44	 2871.19	 1842.32	  999.54	    2.74	 2393.30	 8997.20	    0.00	    0.00	  528.25	  393.05	    0.00	    0.00	    0.23	    0.00	    0.28	    0.00	    0.00	    0.00	    0.00	    0.00	    0.00
9	8	    0.00	    0.00	    0.00	    0.00	    0.00	    0.00	    0.05	    0.00	    0.00	10350.04	 2198.59	    0.13	    0.13	  600.06	 2659.95	  645.94	 2310.67	    0.07	  726.36	    0.31	  398.14	 1298.90	  500.00	    0.42
9	10	    0.00	    0.00	    0.00	    0.00	    0.00	    0.00	  499.46	  793.40	 1714.39	 8311.04	    0.00	    0.00	    0.00	    0.00	 1299.00	 1559.97	 1888.75	  199.89	  620.43	  436.67	    2.52	  504.69	    0.00	    0.00
9	14	  799.43	   99.80	   99.93	 1098.20	  596.65	  199.67	    0.00	    0.00	 3085.29	14589.82	 1920.40	  654.58	    4.05	    0.00	    0.00	    0.00	    0.75	    0.00	    0.00	    0.00	    0.00	    0.00	    0.00	    0.00
9	15	    0.00	    0.00	   16.60	   73.38	   45.86	    0.00	    0.00	    0.00	  497.67	 8048.45	 2174.37	  193.32	    0.11	    0.00	    0.00	    0.00	    0.00	    0.00	    0.00	    0.00	    0.00	    0.00	    0.00	    0.00
9	16	  399.40	    0.02	   99.98	  499.91	  199.94	    0.04	    0.08	    0.11	  899.84	 3900.65	 1000.08	  599.89	  499.91	    0.05	    0.12	    0.11	    0.00	    0.05	    0.07	    0.13	    0.05	    0.13	    0.05	    0.02
10	3	    0.00	    0.00	    0.00	    0.00	    0.00	    0.00	    0.00	    0.00	    0.00	    1.38	 3402.24	    0.00	    0.00	 1199.84	    2.51	    0.00	    0.55	    0.00	  300.31	    0.00	    0.07	    1.16	  697.03	    0.05
10	9	    0.23	    0.08	    0.07	    0.31	    0.13	    0.10	    0.00	    0.00	    0.00	    0.00	11193.44	 2919.68	 2011.14	 1042.76	    0.00	    0.00	    0.00	    0.00	    0.00	    0.00	    0.00	    0.00	  343.30	   60.02
10	11	    0.00	    0.00	    0.00	    0.00	    0.00	    0.00	    0.00	    0.00	    0.10	 3150.65	 2400.72	    0.00	    0.00	  734.06	  647.94	  160.26	  888.60	    0.02	  277.83	    0.00	    0.00	    0.04	    0.04	    0.00
10	13	  300.71	  100.07	  100.10	 1000.27	  199.79	  199.72	    0.00	    0.02	  314.69	 1159.17	 5303.59	 1045.78	   36.98	    0.00	    0.00	    0.00	    0.04	    0.00	    0.00	    0.00	    0.00	    0.00	    0.00	    0.00
11	2	    0.00	    0.00	    0.00	    0.00	    0.00	    0.00	    0.00	    0.00	    0.00	    0.00	    0.53	 4633.61	 3545.31	    0.41	    0.05	    0.00	    0.00	    0.00	    0.17	    0.03	  301.51	  499.96	  403.01	  599.54
11	10	    0.50	    0.19	    0.25	    0.08	    0.02	    0.07	    0.00	    0.00	    0.00	    0.00	    0.00	 5365.11	 3047.88	    0.00	    0.00	    0.00	    0.00	    0.00	    0.00	    0.00	    0.04	    0.00	    0.00	    0.43
11	12	 1399.89	  300.07	  299.98	 1001.56	  203.53	  300.31	   80.85	  600.00	  799.89	 1900.00	 1000.66	 3901.28	    0.00	   34.13	   10.44	    0.78	  499.96	    0.03	    4.47	    0.11	    0.00	    0.00	    0.00	    0.00
12	11	    0.00	    0.00	    0.00	    0.00	    0.00	    0.00	    0.30	    0.00	    0.00	    0.00	    0.00	    0.00	 7893.19	    0.30	    0.00	    0.56	    0.00	    0.41	    0.01	  499.90	  601.55	 1199.92	 1102.98	 1099.97
12	23	  899.89	    0.07	  199.98	  401.56	    3.53	  100.31	    0.00	    0.00	  199.89	    0.00	    0.66	 2601.28	 6706.81	    0.00	    0.00	    0.00	    0.00	    0.00	    0.00	    0.00	    0.00	    0.00	    0.00	    0.00
13	10	    0.00	    0.00	    0.00	    0.00	    0.00	    0.00	    0.00	    0.00	    0.00	    0.00	    0.00	    0.00	    0.00	 4576.60	  751.40	    0.18	    0.40	    0.00	  357.69	  163.31	  397.50	  596.46	 2340.32	  659.62
13	14	    0.60	    0.07	    0.08	    0.56	    0.05	    0.04	    0.00	    0.00	    0.00	    0.00	 1015.63	  345.47	  103.29	 6306.74	    0.00	    0.00	    0.00	    0.00	    0.00	    0.00	    0.00	    0.00	 1146.59	  129.02
13	22	    0.12	    0.00	    0.03	  499.73	   99.74	   99.69	    0.00	    0.00	  193.03	  796.07	 2688.02	    0.33	    0.35	 3216.66	  432.67	    0.00	  218.97	    0.00	  133.38	    0.00	    0.00	    0.00	    0.00	    0.00
14	9	    0.00	    0.00	    0.00	    0.00	    0.00	    0.00	    0.00	    0.00	    0.00	    0.00	    0.00	    0.00	    0.00	 1657.35	 7959.06	    0.28	    0.76	    0.05	 3146.67	 1755.24	 1600.71	 4403.71	 1956.75	  740.42
14	13	    0.00	    0.00	    0.00	    0.00	    0.00	    0.00	  199.68	  399.35	  478.34	 1736.89	    0.06	    0.00	    0.00	    0.00	 2484.07	  699.81	  919.34	   99.84	  791.05	  662.34	    0.66	  637.29	    0.00	    0.00
14	18	  300.03	    0.04	    0.01	  200.06	  100.03	    0.05	    0.02	    0.03	  400.14	 3249.05	  824.13	  300.06	  283.25	 2897.82	 5899.87	    0.05	    0.39	    0.01	    0.00	    0.05	  567.70	 2899.92	  899.98	  264.51
14	21	    0.00	    0.00	    0.00	  398.70	  296.67	    0.00	    0.00	    0.00	 1306.81	 5603.88	  711.84	    0.00	    0.00	  451.57	 5056.99	    0.22	 2479.53	    0.00	 2081.92	    0.00	    0.00	    0.00	    0.00	    0.00
15	7	    0.00	    0.00	    0.00	    0.00	    0.00	    0.00	    0.00	    0.00	    0.00	    0.25	    0.00	    0.00	    0.00	    0.05	    0.41	 6426.17	 1969.44	    0.11	    0.67	    0.31	    0.04	    0.07	    0.03	    0.02
15	9	    0.00	    0.05	    0.00	    0.00	    0.00	    0.07	 2396.66	    0.20	    0.00	    0.00	    0.00	    0.00	    0.00	    0.00	    0.00	 6604.47	    0.54	  899.52	    0.18	 1181.38	    0.00	    0.00	    0.00	    0.00
15	16	    0.58	  200.02	    0.01	    0.06	    0.05	  500.08	 1000.47	 1400.76	    0.11	    0.48	    0.08	    0.05	    0.00	    0.00	    0.00	 5959.66	    0.00	  600.33	    0.00	 1557.11	  349.34	    0.00	    0.00	  122.72
15	17	    0.04	    0.02	    0.00	    0.04	    0.01	    0.07	    0.00	    0.34	    0.19	 3649.40	  774.71	    0.09	    0.01	    0.03	    0.15	 7109.70	 3736.51	    0.00	    0.15	    0.00	    0.00	    0.00	    0.00	    0.00
16	9	    0.00	    0.00	    0.00	    0.00	    0.00	    0.00	    0.20	    0.00	    0.00	    0.00	    0.00	    0.00	    0.00	    0.00	    0.00	    1.04	 8098.88	    0.16	    0.00	    0.48	    0.00	    0.00	    0.00	    0.00
16	15	    0.00	    0.00	    0.00	    0.00	    0.00	    0.00	    0.00	    0.00	    0.00	    1.33	    0.26	    0.00	    0.00	  692.21	 1187.83	    0.00	 8506.38	    0.00	 1287.27	    0.00	    0.05	    0.10	    0.04	    0.03
16	18	    0.03	    0.06	    0.00	    0.02	    0.01	    0.12	    0.35	    0.87	    0.03	    0.15	    0.00	    0.00	    0.00	    0.00	    0.00	 3158.73	 6794.74	    0.21	    0.00	    0.00	    0.00	    0.00	    0.00	    0.00
17	6	    0.00	    0.00	    0.00	    0.00	    0.00	    0.00	    0.00	    0.00	    0.05	 1898.45	  499.34	    0.00	  348.53	  599.88	 1099.68	 1768.19	 1130.76	 1199.82	 1399.32	 3099.61	  700.25	 1299.96	  499.98	  299.99
17	15	   31.77	   38.09	    8.56	   32.53	   20.33	   88.91	 4797.12	  228.61	   23.45	    0.35	    0.11	   18.25	  599.25	    7.86	   12.73	    0.00	    0.11	 1999.96	   13.73	 4338.80	  949.33	 1199.97	  499.99	  422.71
17	19	  299.99	  300.02	    0.00	  299.99	  100.04	  800.17	 2919.11	 3999.11	  600.18	 1051.41	  175.44	    0.04	    0.00	    0.00	    0.00	 4841.51	 2005.80	 1600.22	    0.00	    0.00	    0.00	    0.00	    0.00	    0.00
18	14	    0.00	    0.17	    0.00	    0.00	    0.00	    0.34	  699.44	  999.31	    0.00	    0.00	    0.00	    0.00	    0.00	    0.00	    0.00	 1900.21	 4899.26	  299.79	 6819.64	 3516.75	    0.15	    0.36	    0.15	    0.07
18	16	    0.04	    0.02	    0.01	    0.05	    0.02	    0.00	    0.00	    0.00	    0.08	    0.36	    0.09	    0.06	    0.09	 1392.16	 2687.71	    0.00	    0.00	    0.00	 2987.20	  143.24	  250.66	 1699.97	  599.99	  177.28
18	19	    0.02	    0.00	    0.00	    0.03	    0.02	    0.02	    0.00	    0.00	    0.09	 1448.84	  424.04	    0.00	    0.00	 1205.68	 2412.15	    0.00	  195.87	    0.00	 2993.16	    0.00	    0.00	    0.00	    0.00	    0.00
19	17	    0.00	    0.00	    0.00	    0.00	    0.00	    0.00	    0.00	    0.00	    0.00	    0.20	    0.00	    1.62	 1047.76	  707.71	 1312.26	    0.00	    0.13	    0.00	 1712.90	 7838.41	 1749.58	 2799.93	 1099.96	  722.71
19	18	    0.00	  100.09	    0.00	    0.00	    0.00	  200.20	 1099.07	 1698.41	    0.00	    0.00	    0.00	    0.00	   16.84	    0.01	    0.00	   41.43	    0.00	  599.56	    0.00	 4859.95	   83.11	    0.41	    0.16	   12.84
19	20	    0.00	    0.00	    0.00	    0.01	    0.05	  100.01	  619.82	  600.53	    0.12	    0.05	    0.02	    0.01	    0.02	    0.02	    0.03	 1500.60	  501.51	  200.57	   80.34	 2701.17	    0.00	    0.07	    0.03	    0.02
19	21	    0.00	   99.93	    0.00	    0.02	    0.01	  199.98	  700.21	  800.17	    0.14	    0.20	    0.04	    0.00	    0.00	    0.00	    0.15	 1699.48	    0.10	  400.09	    0.09	 3100.47	    0.17	    0.00	    0.00	    0.00
20	19	    0.00	    0.00	    0.00	    0.00	    0.00	    0.00	    0.00	    0.00	    0.00	    0.10	    0.02	  401.38	 1663.98	    0.08	    0.15	    0.00	    0.07	    0.00	    0.17	    0.00	 3032.86	    0.22	    4.18	 1134.91
20	21	  263.79	    0.06	   65.95	    0.00	    0.00	    0.03	    0.06	    0.07	    0.00	    0.00	    0.00	  461.63	 1465.60	    0.00	    0.00	    0.15	    0.00	    0.03	    0.00	    0.38	 4771.06	    0.00	    0.00	 1604.78
20	23	    0.00	    0.00	    0.00	    0.00	    0.00	    0.02	  419.76	  200.46	    0.02	  488.44	    0.00	    0.00	    0.00	    0.00	  686.19	  900.53	  214.74	  100.54	  255.84	 1500.79	 3196.09	 2349.50	    0.00	    0.00
21	14	    0.00	    0.00	    0.00	    0.00	    0.00	    0.00	    0.26	    0.07	    0.00	    0.00	    0.00	    0.00	  875.91	    0.00	    0.00	    0.15	    0.00	    0.11	    0.00	    0.88	 2968.93	10540.56	 2710.00	 1275.85
21	19	    0.00	    0.00	    0.00	    0.00	    0.00	    0.00	    0.00	    0.00	    0.00	    0.10	    0.56	    0.22	    0.64	    1.99	    0.14	    0.00	    0.00	    0.00	    0.00	    0.00	    0.00	 5200.18	 1795.97	    0.65
21	20	    0.01	    0.00	    0.00	    0.10	   96.73	    0.00	    0.00	    0.00	  299.89	 1688.45	    1.87	    0.04	    0.00	    0.76	 1486.31	    0.08	  313.30	    0.00	  575.67	    0.00	    0.00	 4149.66	    0.62	    0.00
21	22	    0.00	    0.00	    0.00	    0.00	    0.00	    0.01	  200.01	  300.16	  307.07	 1315.54	    0.00	    0.00	    0.00	    0.00	  970.70	  499.62	  466.33	  100.00	  306.33	  699.97	    2.30	 4509.59	    0.00	    0.00
22	13	    0.01	    0.00	    0.00	    0.02	    0.00	    0.00	    0.32	    0.62	    0.00	    0.00	    0.00	    0.03	  666.66	    0.00	    0.00	    0.37	    0.00	    0.16	    0.01	    0.97	  796.83	 1159.18	 4586.90	 1188.64
22	21	  136.22	    0.01	   34.05	    1.38	    0.05	    0.00	    0.00	    0.00	    0.00	    0.00	  390.55	  238.63	  710.95	  751.18	    0.00	    0.00	    0.00	    0.00	    0.00	    0.00	    0.00	    0.00	 6606.59	  771.73
22	23	    0.01	    0.00	    0.00	    0.03	    0.00	    0.01	    0.01	    0.03	    0.10	  311.61	  997.53	    0.06	    0.00	 1365.48	  403.37	    0.06	   85.31	    0.00	  139.70	    0.12	    0.05	 1250.50	 3306.51	    0.00
23	12	    0.00	    0.00	    0.00	    0.00	    0.00	    0.00	  319.46	    0.00	    0.00	    0.00	    0.00	    0.00	    0.00	  566.17	  689.56	  599.78	    0.04	  100.38	  295.54	 1099.79	 1201.55	 2499.92	 1902.98	 1799.97
23	20	  363.77	    0.06	   65.95	  199.89	    3.22	    0.03	    0.00	    0.00	    0.01	    0.05	  398.14	 1162.96	 3729.56	  399.30	    0.00	    0.00	    0.00	    0.00	    0.00	    0.00	    0.00	    0.00	  703.54	 3239.67
23	22	  436.13	    0.01	  134.03	    1.69	    0.31	    0.31	    0.32	    0.49	    0.00	    0.00	    0.05	  938.39	 2177.26	    0.00	    0.00	    0.81	    0.00	    0.16	    0.00	    1.12	 1494.59	    0.08	    0.00	 2660.36
