0.000000000000000000e+00 1.000000000000000000e+00 4.494624543242035543e+03
0.000000000000000000e+00 2.000000000000000000e+00 8.119915491511510481e+03
1.000000000000000000e+00 0.000000000000000000e+00 4.519609284048888185e+03
1.000000000000000000e+00 5.000000000000000000e+00 5.968058945186039637e+03
2.000000000000000000e+00 0.000000000000000000e+00 8.094930750704655111e+03
2.000000000000000000e+00 3.000000000000000000e+00 1.401989530562740947e+04
2.000000000000000000e+00 1.100000000000000000e+01 1.004000004815211832e+04
3.000000000000000000e+00 2.000000000000000000e+00 1.404632099800666037e+04
3.000000000000000000e+00 4.000000000000000000e+00 1.801425886108113627e+04
3.000000000000000000e+00 1.000000000000000000e+01 5.210054022667484787e+03
4.000000000000000000e+00 3.000000000000000000e+00 1.804305335667653344e+04
4.000000000000000000e+00 5.000000000000000000e+00 8.798552820231383521e+03
4.000000000000000000e+00 8.000000000000000000e+00 1.578282785127220450e+04
5.000000000000000000e+00 1.000000000000000000e+00 5.993043685992890460e+03
5.000000000000000000e+00 4.000000000000000000e+00 8.803438598555452700e+03
5.000000000000000000e+00 7.000000000000000000e+00 1.249357319282127173e+04
6.000000000000000000e+00 7.000000000000000000e+00 1.210295537855630391e+04
6.000000000000000000e+00 1.700000000000000000e+01 1.580192342587582425e+04
7.000000000000000000e+00 5.000000000000000000e+00 1.252344371195218264e+04
7.000000000000000000e+00 6.000000000000000000e+00 1.204348389494011099e+04
7.000000000000000000e+00 8.000000000000000000e+00 6.882078328716026590e+03
7.000000000000000000e+00 1.500000000000000000e+01 8.387542787468810275e+03
8.000000000000000000e+00 4.000000000000000000e+00 1.580673656854354704e+04
8.000000000000000000e+00 7.000000000000000000e+00 6.836827224295340784e+03
8.000000000000000000e+00 9.000000000000000000e+00 2.174302971099536080e+04
9.000000000000000000e+00 8.000000000000000000e+00 2.182168732384602481e+04
9.000000000000000000e+00 1.000000000000000000e+01 1.772629488038733325e+04
9.000000000000000000e+00 1.400000000000000000e+01 2.312598568669784072e+04
9.000000000000000000e+00 1.500000000000000000e+01 1.104636666044979029e+04
9.000000000000000000e+00 1.600000000000000000e+01 8.100058021452933644e+03
1.000000000000000000e+01 3.000000000000000000e+00 5.307685219451338526e+03
1.000000000000000000e+01 9.000000000000000000e+00 1.760819625650592570e+04
1.000000000000000000e+01 1.100000000000000000e+01 8.363725980890032588e+03
1.000000000000000000e+01 1.300000000000000000e+01 9.779669824671862443e+03
1.100000000000000000e+01 2.000000000000000000e+00 9.988589614966007503e+03
1.100000000000000000e+01 1.000000000000000000e+01 8.405714917644783782e+03
1.100000000000000000e+01 1.200000000000000000e+01 1.230479755524783468e+04
1.200000000000000000e+01 1.100000000000000000e+01 1.239537605881647505e+04
1.200000000000000000e+01 2.300000000000000000e+01 1.111992626539769844e+04
1.300000000000000000e+01 1.000000000000000000e+01 9.817213460819539250e+03
1.300000000000000000e+01 1.400000000000000000e+01 9.034190225007843765e+03
1.300000000000000000e+01 2.200000000000000000e+01 8.398759065126119822e+03
1.400000000000000000e+01 9.000000000000000000e+00 2.319637134107415477e+04
1.400000000000000000e+01 1.300000000000000000e+01 9.078703828116600562e+03
1.400000000000000000e+01 1.800000000000000000e+01 1.908250420698383459e+04
1.400000000000000000e+01 2.100000000000000000e+01 1.840085844532440387e+04
1.500000000000000000e+01 7.000000000000000000e+00 8.403192927404252259e+03
1.500000000000000000e+01 9.000000000000000000e+00 1.107271565083428322e+04
1.500000000000000000e+01 1.600000000000000000e+01 1.168807868634905208e+04
1.500000000000000000e+01 1.700000000000000000e+01 1.529046874094923623e+04
1.600000000000000000e+01 9.000000000000000000e+00 8.100079613424175477e+03
1.600000000000000000e+01 1.500000000000000000e+01 1.167470536275419545e+04
1.600000000000000000e+01 1.800000000000000000e+01 9.952863828734989511e+03
1.700000000000000000e+01 6.000000000000000000e+00 1.586139490949201718e+04
1.700000000000000000e+01 1.500000000000000000e+01 1.534584119486404779e+04
1.700000000000000000e+01 1.900000000000000000e+01 1.898886067438472674e+04
1.800000000000000000e+01 1.400000000000000000e+01 1.911880460128852792e+04
1.800000000000000000e+01 1.600000000000000000e+01 9.939512097111371986e+03
1.800000000000000000e+01 1.900000000000000000e+01 8.685090637555502326e+03
1.900000000000000000e+01 1.700000000000000000e+01 1.900370461191572031e+04
1.900000000000000000e+01 1.800000000000000000e+01 8.708039300236552663e+03
1.900000000000000000e+01 2.000000000000000000e+01 6.305363450070136423e+03
1.900000000000000000e+01 2.100000000000000000e+01 7.002194841909958086e+03
2.000000000000000000e+01 1.900000000000000000e+01 6.242425733786716592e+03
2.000000000000000000e+01 2.100000000000000000e+01 8.619605484320762116e+03
2.000000000000000000e+01 2.300000000000000000e+01 1.030539962172333253e+04
2.100000000000000000e+01 1.400000000000000000e+01 1.837945730850481050e+04
2.100000000000000000e+01 1.900000000000000000e+01 7.002925158405421826e+03
2.100000000000000000e+01 2.000000000000000000e+01 8.605381336491636830e+03
2.100000000000000000e+01 2.200000000000000000e+01 9.660428033251959278e+03
2.200000000000000000e+01 1.300000000000000000e+01 8.391789098165038013e+03
2.200000000000000000e+01 2.100000000000000000e+01 9.625533065098697989e+03
2.200000000000000000e+01 2.300000000000000000e+01 7.900885143598741706e+03
2.300000000000000000e+01 1.200000000000000000e+01 1.111050476896633518e+04
2.300000000000000000e+01 2.000000000000000000e+01 1.025668605326902798e+04
2.300000000000000000e+01 2.200000000000000000e+01 7.859020208484393152e+03
