0.000000000000000000e+00 1.000000000000000000e+00 4.497141246404657068e+03
0.000000000000000000e+00 2.000000000000000000e+00 8.118350508064840142e+03
1.000000000000000000e+00 0.000000000000000000e+00 4.519665397807916634e+03
1.000000000000000000e+00 5.000000000000000000e+00 5.968663542184224752e+03
2.000000000000000000e+00 0.000000000000000000e+00 8.095826356661584214e+03
2.000000000000000000e+00 3.000000000000000000e+00 1.401710110992837326e+04
2.000000000000000000e+00 1.100000000000000000e+01 1.003480464355331424e+04
3.000000000000000000e+00 2.000000000000000000e+00 1.404272446385537296e+04
3.000000000000000000e+00 4.000000000000000000e+00 1.801388375239068773e+04
3.000000000000000000e+00 1.000000000000000000e+01 5.210074221778468200e+03
4.000000000000000000e+00 3.000000000000000000e+00 1.804004152198558586e+04
4.000000000000000000e+00 5.000000000000000000e+00 8.794538561548972211e+03
4.000000000000000000e+00 8.000000000000000000e+00 1.578555332534473564e+04
5.000000000000000000e+00 1.000000000000000000e+00 5.991187693587488866e+03
5.000000000000000000e+00 4.000000000000000000e+00 8.802933269261005989e+03
5.000000000000000000e+00 7.000000000000000000e+00 1.249184518868533451e+04
6.000000000000000000e+00 7.000000000000000000e+00 1.210472729771948980e+04
6.000000000000000000e+00 1.700000000000000000e+01 1.579893680980530371e+04
7.000000000000000000e+00 5.000000000000000000e+00 1.252276404780063240e+04
7.000000000000000000e+00 6.000000000000000000e+00 1.204187910743102475e+04
7.000000000000000000e+00 8.000000000000000000e+00 6.884033474052181191e+03
7.000000000000000000e+00 1.500000000000000000e+01 8.386223540372386196e+03
8.000000000000000000e+00 4.000000000000000000e+00 1.580331638722760545e+04
8.000000000000000000e+00 7.000000000000000000e+00 6.836190108068158224e+03
8.000000000000000000e+00 9.000000000000000000e+00 2.174926250698063086e+04
9.000000000000000000e+00 8.000000000000000000e+00 2.181918220287948498e+04
9.000000000000000000e+00 1.000000000000000000e+01 1.772692841112449969e+04
9.000000000000000000e+00 1.400000000000000000e+01 2.312862847256184614e+04
9.000000000000000000e+00 1.500000000000000000e+01 1.104682895854132403e+04
9.000000000000000000e+00 1.600000000000000000e+01 8.100561737997028104e+03
1.000000000000000000e+01 3.000000000000000000e+00 5.309539806110560676e+03
1.000000000000000000e+01 9.000000000000000000e+00 1.760439626590694388e+04
1.000000000000000000e+01 1.100000000000000000e+01 8.367307842768977935e+03
1.000000000000000000e+01 1.300000000000000000e+01 9.778314913793208689e+03
1.100000000000000000e+01 2.000000000000000000e+00 9.986657138223054062e+03
1.100000000000000000e+01 1.000000000000000000e+01 8.406328764983536530e+03
1.100000000000000000e+01 1.200000000000000000e+01 1.230360645459749867e+04
1.200000000000000000e+01 1.100000000000000000e+01 1.239447987148179709e+04
1.200000000000000000e+01 2.300000000000000000e+01 1.112008810724747127e+04
1.300000000000000000e+01 1.000000000000000000e+01 9.816227430693168571e+03
1.300000000000000000e+01 1.400000000000000000e+01 9.038313920201155270e+03
1.300000000000000000e+01 2.200000000000000000e+01 8.397523450381197108e+03
1.400000000000000000e+01 9.000000000000000000e+00 2.319410285774942895e+04
1.400000000000000000e+01 1.300000000000000000e+01 9.081299429564298407e+03
1.400000000000000000e+01 1.800000000000000000e+01 1.908199277986404559e+04
1.400000000000000000e+01 2.100000000000000000e+01 1.840509899437317654e+04
1.500000000000000000e+01 7.000000000000000000e+00 8.402137575183260196e+03
1.500000000000000000e+01 9.000000000000000000e+00 1.107360209034680156e+04
1.500000000000000000e+01 1.600000000000000000e+01 1.168842119926162377e+04
1.500000000000000000e+01 1.700000000000000000e+01 1.528708451054626130e+04
1.600000000000000000e+01 9.000000000000000000e+00 8.100766062120358583e+03
1.600000000000000000e+01 1.500000000000000000e+01 1.167652494081216719e+04
1.600000000000000000e+01 1.800000000000000000e+01 9.952657968743644233e+03
1.700000000000000000e+01 6.000000000000000000e+00 1.586178500009375603e+04
1.700000000000000000e+01 1.500000000000000000e+01 1.534166793561205304e+04
1.700000000000000000e+01 1.900000000000000000e+01 1.899060201748978579e+04
1.800000000000000000e+01 1.400000000000000000e+01 1.911712339393040020e+04
1.800000000000000000e+01 1.600000000000000000e+01 9.940966034417519040e+03
1.800000000000000000e+01 1.900000000000000000e+01 8.683314364316964202e+03
1.900000000000000000e+01 1.700000000000000000e+01 1.900803363284403895e+04
1.900000000000000000e+01 1.800000000000000000e+01 8.706753044057188163e+03
1.900000000000000000e+01 2.000000000000000000e+01 6.305897228237609852e+03
1.900000000000000000e+01 2.100000000000000000e+01 7.000461471509589501e+03
2.000000000000000000e+01 1.900000000000000000e+01 6.242554798916064101e+03
2.000000000000000000e+01 2.100000000000000000e+01 8.617827599432479474e+03
2.000000000000000000e+01 2.300000000000000000e+01 1.030667764384686052e+04
2.100000000000000000e+01 1.400000000000000000e+01 1.837842827485758608e+04
2.100000000000000000e+01 1.900000000000000000e+01 7.004674195925623280e+03
2.100000000000000000e+01 2.000000000000000000e+01 8.605625979363840088e+03
2.100000000000000000e+01 2.200000000000000000e+01 9.659654115600118530e+03
2.200000000000000000e+01 1.300000000000000000e+01 8.392450457918030224e+03
2.200000000000000000e+01 2.100000000000000000e+01 9.624994500431883353e+03
2.200000000000000000e+01 2.300000000000000000e+01 7.900730448534661264e+03
2.300000000000000000e+01 1.200000000000000000e+01 1.111096152413177151e+04
2.300000000000000000e+01 2.000000000000000000e+01 1.025553683459397143e+04
2.300000000000000000e+01 2.200000000000000000e+01 7.860997840903253746e+03
