0.000000000000000000e+00 1.000000000000000000e+00 4.498665683363641620e+03
0.000000000000000000e+00 2.000000000000000000e+00 8.118298136223871552e+03
1.000000000000000000e+00 0.000000000000000000e+00 4.518609085135987698e+03
1.000000000000000000e+00 5.000000000000000000e+00 5.972081674983481207e+03
2.000000000000000000e+00 0.000000000000000000e+00 8.098354734451520017e+03
2.000000000000000000e+00 3.000000000000000000e+00 1.401687401581247104e+04
2.000000000000000000e+00 1.100000000000000000e+01 1.003666515772256571e+04
3.000000000000000000e+00 2.000000000000000000e+00 1.404289565549684994e+04
3.000000000000000000e+00 4.000000000000000000e+00 1.801640268554881186e+04
3.000000000000000000e+00 1.000000000000000000e+01 5.209636984237975412e+03
4.000000000000000000e+00 3.000000000000000000e+00 1.804098981154049761e+04
4.000000000000000000e+00 5.000000000000000000e+00 8.795038440382561021e+03
4.000000000000000000e+00 8.000000000000000000e+00 1.578834141310886480e+04
5.000000000000000000e+00 1.000000000000000000e+00 5.992025076755826376e+03
5.000000000000000000e+00 4.000000000000000000e+00 8.806140373074375020e+03
5.000000000000000000e+00 7.000000000000000000e+00 1.249374781005770819e+04
6.000000000000000000e+00 7.000000000000000000e+00 1.209927221109650782e+04
6.000000000000000000e+00 1.700000000000000000e+01 1.579607958938757474e+04
7.000000000000000000e+00 5.000000000000000000e+00 1.252479314452187646e+04
7.000000000000000000e+00 6.000000000000000000e+00 1.204290975552014243e+04
7.000000000000000000e+00 8.000000000000000000e+00 6.880429906591151848e+03
7.000000000000000000e+00 1.500000000000000000e+01 8.384484682385917040e+03
8.000000000000000000e+00 4.000000000000000000e+00 1.580182660640875292e+04
8.000000000000000000e+00 7.000000000000000000e+00 6.833591816875608856e+03
8.000000000000000000e+00 9.000000000000000000e+00 2.175264836802348509e+04
9.000000000000000000e+00 8.000000000000000000e+00 2.181929547160783477e+04
9.000000000000000000e+00 1.000000000000000000e+01 1.772949698354586872e+04
9.000000000000000000e+00 1.400000000000000000e+01 2.313054657617920748e+04
9.000000000000000000e+00 1.500000000000000000e+01 1.104652374555010465e+04
9.000000000000000000e+00 1.600000000000000000e+01 8.100009157255681203e+03
1.000000000000000000e+01 3.000000000000000000e+00 5.311071497930639453e+03
1.000000000000000000e+01 9.000000000000000000e+00 1.760229944732326840e+04
1.000000000000000000e+01 1.100000000000000000e+01 8.367424197324940906e+03
1.000000000000000000e+01 1.300000000000000000e+01 9.778375620862705546e+03
1.100000000000000000e+01 2.000000000000000000e+00 9.990700116265852557e+03
1.100000000000000000e+01 1.000000000000000000e+01 8.403824676310978248e+03
1.100000000000000000e+01 1.200000000000000000e+01 1.230571076757043375e+04
1.200000000000000000e+01 1.100000000000000000e+01 1.239614620509975612e+04
1.200000000000000000e+01 2.300000000000000000e+01 1.111928891006862978e+04
1.300000000000000000e+01 1.000000000000000000e+01 9.816212119346748295e+03
1.300000000000000000e+01 1.400000000000000000e+01 9.036992284387903055e+03
1.300000000000000000e+01 2.200000000000000000e+01 8.397608923367164607e+03
1.400000000000000000e+01 9.000000000000000000e+00 2.319529814465237723e+04
1.400000000000000000e+01 1.300000000000000000e+01 9.079298582737133984e+03
1.400000000000000000e+01 1.800000000000000000e+01 1.908702256727686472e+04
1.400000000000000000e+01 2.100000000000000000e+01 1.840283393720820823e+04
1.500000000000000000e+01 7.000000000000000000e+00 8.406005650989280184e+03
1.500000000000000000e+01 9.000000000000000000e+00 1.107503455359226973e+04
1.500000000000000000e+01 1.600000000000000000e+01 1.168563402481613048e+04
1.500000000000000000e+01 1.700000000000000000e+01 1.528153823297841882e+04
1.600000000000000000e+01 9.000000000000000000e+00 8.100591420547295456e+03
1.600000000000000000e+01 1.500000000000000000e+01 1.167732733563367947e+04
1.600000000000000000e+01 1.800000000000000000e+01 9.951407883905239942e+03
1.700000000000000000e+01 6.000000000000000000e+00 1.585244204496393832e+04
1.700000000000000000e+01 1.500000000000000000e+01 1.533987669880638714e+04
1.700000000000000000e+01 1.900000000000000000e+01 1.899023607396275474e+04
1.800000000000000000e+01 1.400000000000000000e+01 1.911829550892851330e+04
1.800000000000000000e+01 1.600000000000000000e+01 9.943683458014409553e+03
1.800000000000000000e+01 1.900000000000000000e+01 8.684579323911340907e+03
1.900000000000000000e+01 1.700000000000000000e+01 1.900493699536705753e+04
1.900000000000000000e+01 1.800000000000000000e+01 8.708127839672155460e+03
1.900000000000000000e+01 2.000000000000000000e+01 6.304168893503253457e+03
1.900000000000000000e+01 2.100000000000000000e+01 7.000957021934792465e+03
2.000000000000000000e+01 1.900000000000000000e+01 6.242437702549788810e+03
2.000000000000000000e+01 2.100000000000000000e+01 8.620031892057992081e+03
2.000000000000000000e+01 2.300000000000000000e+01 1.030663264062728194e+04
2.100000000000000000e+01 1.400000000000000000e+01 1.837861886237897124e+04
2.100000000000000000e+01 1.900000000000000000e+01 7.000937650053370817e+03
2.100000000000000000e+01 2.000000000000000000e+01 8.608085609088595447e+03
2.100000000000000000e+01 2.200000000000000000e+01 9.658629272420625057e+03
2.200000000000000000e+01 1.300000000000000000e+01 8.393139123501970971e+03
2.200000000000000000e+01 2.100000000000000000e+01 9.622448542740552512e+03
2.200000000000000000e+01 2.300000000000000000e+01 7.901081150767933650e+03
2.300000000000000000e+01 1.200000000000000000e+01 1.110972434759795760e+04
2.300000000000000000e+01 2.000000000000000000e+01 1.025684773264322394e+04
2.300000000000000000e+01 2.200000000000000000e+01 7.860430621222665650e+03
