0.000000000000000000e+00 1.000000000000000000e+00 4.496275251548032429e+03
0.000000000000000000e+00 2.000000000000000000e+00 8.143721571434482030e+03
1.000000000000000000e+00 0.000000000000000000e+00 4.544484849326537187e+03
1.000000000000000000e+00 5.000000000000000000e+00 5.959846036963913321e+03
2.000000000000000000e+00 0.000000000000000000e+00 8.095511973655977272e+03
2.000000000000000000e+00 3.000000000000000000e+00 1.404067580966919559e+04
2.000000000000000000e+00 1.100000000000000000e+01 1.008719153585060121e+04
3.000000000000000000e+00 2.000000000000000000e+00 1.407748979270487143e+04
3.000000000000000000e+00 4.000000000000000000e+00 1.803734823765726105e+04
3.000000000000000000e+00 1.000000000000000000e+01 5.209118862170088505e+03
4.000000000000000000e+00 3.000000000000000000e+00 1.807465845740078294e+04
4.000000000000000000e+00 5.000000000000000000e+00 8.792922846620209384e+03
4.000000000000000000e+00 8.000000000000000000e+00 1.580178589446763181e+04
5.000000000000000000e+00 1.000000000000000000e+00 6.008055634742414441e+03
5.000000000000000000e+00 4.000000000000000000e+00 8.807861119048324326e+03
5.000000000000000000e+00 7.000000000000000000e+00 1.248941307681406761e+04
6.000000000000000000e+00 7.000000000000000000e+00 1.215421076588245887e+04
6.000000000000000000e+00 1.700000000000000000e+01 1.564330419218089264e+04
7.000000000000000000e+00 5.000000000000000000e+00 1.255256094702069822e+04
7.000000000000000000e+00 6.000000000000000000e+00 1.203344237529766178e+04
7.000000000000000000e+00 8.000000000000000000e+00 6.916856148669758113e+03
7.000000000000000000e+00 1.500000000000000000e+01 8.379113221744186376e+03
8.000000000000000000e+00 4.000000000000000000e+00 1.582415784178302602e+04
8.000000000000000000e+00 7.000000000000000000e+00 6.823013323585376384e+03
8.000000000000000000e+00 9.000000000000000000e+00 2.177730283080224763e+04
9.000000000000000000e+00 8.000000000000000000e+00 2.180583195303325556e+04
9.000000000000000000e+00 1.000000000000000000e+01 1.768349734406586140e+04
9.000000000000000000e+00 1.400000000000000000e+01 2.318749300103707719e+04
9.000000000000000000e+00 1.500000000000000000e+01 1.103492131247568796e+04
9.000000000000000000e+00 1.600000000000000000e+01 8.100248208925503604e+03
1.000000000000000000e+01 3.000000000000000000e+00 5.308622625462241558e+03
1.000000000000000000e+01 9.000000000000000000e+00 1.754815979730312392e+04
1.000000000000000000e+01 1.100000000000000000e+01 8.394439583086386847e+03
1.000000000000000000e+01 1.300000000000000000e+01 9.796386610633177042e+03
1.100000000000000000e+01 2.000000000000000000e+00 1.000216795503642788e+04
1.100000000000000000e+01 1.000000000000000000e+01 8.441105202032164016e+03
1.100000000000000000e+01 1.200000000000000000e+01 1.238161605891181534e+04
1.200000000000000000e+01 1.100000000000000000e+01 1.244325809704340645e+04
1.200000000000000000e+01 2.300000000000000000e+01 1.107114246374966388e+04
1.300000000000000000e+01 1.000000000000000000e+01 9.813887208216830913e+03
1.300000000000000000e+01 1.400000000000000000e+01 9.005646739645062553e+03
1.300000000000000000e+01 2.200000000000000000e+01 8.443091934881169436e+03
1.400000000000000000e+01 9.000000000000000000e+00 2.318864955074010868e+04
1.400000000000000000e+01 1.300000000000000000e+01 9.054509826782990785e+03
1.400000000000000000e+01 1.800000000000000000e+01 1.913327166768005554e+04
1.400000000000000000e+01 2.100000000000000000e+01 1.856422171425557099e+04
1.500000000000000000e+01 7.000000000000000000e+00 8.415335526450398902e+03
1.500000000000000000e+01 9.000000000000000000e+00 1.109812871555314450e+04
1.500000000000000000e+01 1.600000000000000000e+01 1.169522739070186435e+04
1.500000000000000000e+01 1.700000000000000000e+01 1.514136807749524451e+04
1.600000000000000000e+01 9.000000000000000000e+00 8.099750925138745515e+03
1.600000000000000000e+01 1.500000000000000000e+01 1.163524649826969471e+04
1.600000000000000000e+01 1.800000000000000000e+01 9.973568029721638595e+03
1.700000000000000000e+01 6.000000000000000000e+00 1.576407258276569701e+04
1.700000000000000000e+01 1.500000000000000000e+01 1.530077867771107776e+04
1.700000000000000000e+01 1.900000000000000000e+01 1.879125277427230685e+04
1.800000000000000000e+01 1.400000000000000000e+01 1.931414932113686154e+04
1.800000000000000000e+01 1.600000000000000000e+01 9.913089853502719052e+03
1.800000000000000000e+01 1.900000000000000000e+01 8.618598515959874931e+03
1.900000000000000000e+01 1.700000000000000000e+01 1.897143176507295357e+04
1.900000000000000000e+01 1.800000000000000000e+01 8.738997993197741380e+03
1.900000000000000000e+01 2.000000000000000000e+01 6.517516755786964495e+03
1.900000000000000000e+01 2.100000000000000000e+01 6.506540644106386026e+03
2.000000000000000000e+01 1.900000000000000000e+01 6.221799352738109519e+03
2.000000000000000000e+01 2.100000000000000000e+01 8.719076829012834423e+03
2.000000000000000000e+01 2.300000000000000000e+01 1.038098365398554597e+04
2.100000000000000000e+01 1.400000000000000000e+01 1.833336369763973562e+04
2.100000000000000000e+01 1.900000000000000000e+01 7.002836515193755986e+03
2.100000000000000000e+01 2.000000000000000000e+01 8.475445800098048494e+03
2.100000000000000000e+01 2.200000000000000000e+01 9.605036646366042987e+03
2.200000000000000000e+01 1.300000000000000000e+01 8.411729445326900532e+03
2.200000000000000000e+01 2.100000000000000000e+01 9.626843471922797107e+03
2.200000000000000000e+01 2.300000000000000000e+01 8.238607010944942886e+03
2.300000000000000000e+01 1.200000000000000000e+01 1.103278450188125316e+04
2.300000000000000000e+01 2.000000000000000000e+01 1.032889727985147147e+04
2.300000000000000000e+01 2.200000000000000000e+01 8.229051346947429920e+03
