0.000000000000000000e+00 1.000000000000000000e+00 4.493961327182513742e+03
0.000000000000000000e+00 2.000000000000000000e+00 8.617849827700134483e+03
1.000000000000000000e+00 0.000000000000000000e+00 4.518124438144359374e+03
1.000000000000000000e+00 5.000000000000000000e+00 5.967083501005250582e+03
2.000000000000000000e+00 0.000000000000000000e+00 8.593686716738289761e+03
2.000000000000000000e+00 3.000000000000000000e+00 1.402160721664238918e+04
2.000000000000000000e+00 1.100000000000000000e+01 1.003365027675235251e+04
3.000000000000000000e+00 2.000000000000000000e+00 1.404118292509156163e+04
3.000000000000000000e+00 4.000000000000000000e+00 1.802099645347226033e+04
3.000000000000000000e+00 1.000000000000000000e+01 5.210771843852247912e+03
4.000000000000000000e+00 3.000000000000000000e+00 1.804135615932434303e+04
4.000000000000000000e+00 5.000000000000000000e+00 8.797353850639434313e+03
4.000000000000000000e+00 8.000000000000000000e+00 1.579043662763999237e+04
5.000000000000000000e+00 1.000000000000000000e+00 5.991246611967099852e+03
5.000000000000000000e+00 4.000000000000000000e+00 8.807052146199679555e+03
5.000000000000000000e+00 7.000000000000000000e+00 1.249141732264764323e+04
6.000000000000000000e+00 7.000000000000000000e+00 1.210522510587561919e+04
6.000000000000000000e+00 1.700000000000000000e+01 1.579812733025254965e+04
7.000000000000000000e+00 5.000000000000000000e+00 1.252527872916973865e+04
7.000000000000000000e+00 6.000000000000000000e+00 1.204362677823975537e+04
7.000000000000000000e+00 8.000000000000000000e+00 6.884618579532515469e+03
7.000000000000000000e+00 1.500000000000000000e+01 8.385005744908345150e+03
8.000000000000000000e+00 4.000000000000000000e+00 1.580109803793181345e+04
8.000000000000000000e+00 7.000000000000000000e+00 6.837145021149962304e+03
8.000000000000000000e+00 9.000000000000000000e+00 2.175407464305532631e+04
9.000000000000000000e+00 8.000000000000000000e+00 2.181726249496460878e+04
9.000000000000000000e+00 1.000000000000000000e+01 1.772889969052490414e+04
9.000000000000000000e+00 1.400000000000000000e+01 2.313054064773004211e+04
9.000000000000000000e+00 1.500000000000000000e+01 1.104730664934480410e+04
9.000000000000000000e+00 1.600000000000000000e+01 8.100544476719946033e+03
1.000000000000000000e+01 3.000000000000000000e+00 5.309987846449334029e+03
1.000000000000000000e+01 9.000000000000000000e+00 1.760311806225384498e+04
1.000000000000000000e+01 1.100000000000000000e+01 8.366858661965790816e+03
1.000000000000000000e+01 1.300000000000000000e+01 9.776058176459762763e+03
1.100000000000000000e+01 2.000000000000000000e+00 9.989911457341342611e+03
1.100000000000000000e+01 1.000000000000000000e+01 8.402842936525143159e+03
1.100000000000000000e+01 1.200000000000000000e+01 1.230167838905702956e+04
1.200000000000000000e+01 1.100000000000000000e+01 1.239392384420537564e+04
1.200000000000000000e+01 2.300000000000000000e+01 1.111931095925111731e+04
1.300000000000000000e+01 1.000000000000000000e+01 9.813508276226413727e+03
1.300000000000000000e+01 1.400000000000000000e+01 9.037436923137645863e+03
1.300000000000000000e+01 2.200000000000000000e+01 8.397949416617335373e+03
1.400000000000000000e+01 9.000000000000000000e+00 2.319467752460893098e+04
1.400000000000000000e+01 1.300000000000000000e+01 9.080379532381561148e+03
1.400000000000000000e+01 1.800000000000000000e+01 1.908103480103015318e+04
1.400000000000000000e+01 2.100000000000000000e+01 1.840307655842447639e+04
1.500000000000000000e+01 7.000000000000000000e+00 8.404742382177117179e+03
1.500000000000000000e+01 9.000000000000000000e+00 1.107233880335042159e+04
1.500000000000000000e+01 1.600000000000000000e+01 1.168655607515035445e+04
1.500000000000000000e+01 1.700000000000000000e+01 1.528923109858679163e+04
1.600000000000000000e+01 9.000000000000000000e+00 8.100344926015816782e+03
1.600000000000000000e+01 1.500000000000000000e+01 1.167617785579655538e+04
1.600000000000000000e+01 1.800000000000000000e+01 9.952553208239572996e+03
1.700000000000000000e+01 6.000000000000000000e+00 1.585972565788840984e+04
1.700000000000000000e+01 1.500000000000000000e+01 1.534437810921498203e+04
1.700000000000000000e+01 1.900000000000000000e+01 1.899217937341711877e+04
1.800000000000000000e+01 1.400000000000000000e+01 1.911285005441631438e+04
1.800000000000000000e+01 1.600000000000000000e+01 9.941975438181632853e+03
1.800000000000000000e+01 1.900000000000000000e+01 8.684544968547585086e+03
1.900000000000000000e+01 1.700000000000000000e+01 1.900892471168118209e+04
1.900000000000000000e+01 1.800000000000000000e+01 8.705782451875789775e+03
1.900000000000000000e+01 2.000000000000000000e+01 6.305718012649229422e+03
1.900000000000000000e+01 2.100000000000000000e+01 7.003073988275793454e+03
2.000000000000000000e+01 1.900000000000000000e+01 6.245116169774770242e+03
2.000000000000000000e+01 2.100000000000000000e+01 8.616870803888759838e+03
2.000000000000000000e+01 2.300000000000000000e+01 1.030570688403015447e+04
2.100000000000000000e+01 1.400000000000000000e+01 1.837834079116113935e+04
2.100000000000000000e+01 1.900000000000000000e+01 7.001658652742518825e+03
2.100000000000000000e+01 2.000000000000000000e+01 8.606044085226803873e+03
2.100000000000000000e+01 2.200000000000000000e+01 9.659450741312895843e+03
2.200000000000000000e+01 1.300000000000000000e+01 8.392456907140067415e+03
2.200000000000000000e+01 2.100000000000000000e+01 9.622472919854324573e+03
2.200000000000000000e+01 2.300000000000000000e+01 7.901911001322810989e+03
2.300000000000000000e+01 1.200000000000000000e+01 1.111155641439946885e+04
2.300000000000000000e+01 2.000000000000000000e+01 1.025593175981764944e+04
2.300000000000000000e+01 2.200000000000000000e+01 7.859440670386969941e+03
