0.000000000000000000e+00 1.000000000000000000e+00 4.549433806916264075e+03
0.000000000000000000e+00 2.000000000000000000e+00 8.119272103157069068e+03
1.000000000000000000e+00 0.000000000000000000e+00 4.521021913790618783e+03
1.000000000000000000e+00 5.000000000000000000e+00 6.003426766166670859e+03
2.000000000000000000e+00 0.000000000000000000e+00 8.147683996282720727e+03
2.000000000000000000e+00 3.000000000000000000e+00 1.368152487911668686e+04
2.000000000000000000e+00 1.100000000000000000e+01 1.011346954092789201e+04
3.000000000000000000e+00 2.000000000000000000e+00 1.413757136003451160e+04
3.000000000000000000e+00 4.000000000000000000e+00 1.847048751218070902e+04
3.000000000000000000e+00 1.000000000000000000e+01 5.211061994377267183e+03
4.000000000000000000e+00 3.000000000000000000e+00 1.813644777801288728e+04
4.000000000000000000e+00 5.000000000000000000e+00 8.810450201058667517e+03
4.000000000000000000e+00 8.000000000000000000e+00 1.620779692254914698e+04
5.000000000000000000e+00 1.000000000000000000e+00 5.975014873041027386e+03
5.000000000000000000e+00 4.000000000000000000e+00 8.790943401849228394e+03
5.000000000000000000e+00 7.000000000000000000e+00 1.256025316504197690e+04
6.000000000000000000e+00 7.000000000000000000e+00 1.204514282883874876e+04
6.000000000000000000e+00 1.700000000000000000e+01 1.584862504418044591e+04
7.000000000000000000e+00 5.000000000000000000e+00 1.251233447270688521e+04
7.000000000000000000e+00 6.000000000000000000e+00 1.204229792429250483e+04
7.000000000000000000e+00 8.000000000000000000e+00 6.818435289405341791e+03
7.000000000000000000e+00 1.500000000000000000e+01 8.385604494054006864e+03
8.000000000000000000e+00 4.000000000000000000e+00 1.589326398759074254e+04
8.000000000000000000e+00 7.000000000000000000e+00 6.767194427198727681e+03
8.000000000000000000e+00 9.000000000000000000e+00 2.144769257685945922e+04
9.000000000000000000e+00 8.000000000000000000e+00 2.118191877969444249e+04
9.000000000000000000e+00 1.000000000000000000e+01 1.778369579269791575e+04
9.000000000000000000e+00 1.400000000000000000e+01 2.312245416222585482e+04
9.000000000000000000e+00 1.500000000000000000e+01 1.103764994350536836e+04
9.000000000000000000e+00 1.600000000000000000e+01 8.100397083047784690e+03
1.000000000000000000e+01 3.000000000000000000e+00 6.101148209462940940e+03
1.000000000000000000e+01 9.000000000000000000e+00 1.728998686953264041e+04
1.000000000000000000e+01 1.100000000000000000e+01 8.292345974952950201e+03
1.000000000000000000e+01 1.300000000000000000e+01 9.718825584869286104e+03
1.100000000000000000e+01 2.000000000000000000e+00 9.685834953135701653e+03
1.100000000000000000e+01 1.000000000000000000e+01 8.631387911084873849e+03
1.100000000000000000e+01 1.200000000000000000e+01 1.230784247904422773e+04
1.200000000000000000e+01 1.100000000000000000e+01 1.231924982738395192e+04
1.200000000000000000e+01 2.300000000000000000e+01 1.119582275324746661e+04
1.300000000000000000e+01 1.000000000000000000e+01 9.876160940657771789e+03
1.300000000000000000e+01 1.400000000000000000e+01 8.947855170345210354e+03
1.300000000000000000e+01 2.200000000000000000e+01 8.374356422191092861e+03
1.400000000000000000e+01 9.000000000000000000e+00 2.320575092329238032e+04
1.400000000000000000e+01 1.300000000000000000e+01 9.039468040244933945e+03
1.400000000000000000e+01 1.800000000000000000e+01 1.909556269652707851e+04
1.400000000000000000e+01 2.100000000000000000e+01 1.841122536718958872e+04
1.500000000000000000e+01 7.000000000000000000e+00 8.386081759379305367e+03
1.500000000000000000e+01 9.000000000000000000e+00 1.108127962089160974e+04
1.500000000000000000e+01 1.600000000000000000e+01 1.169233172441843453e+04
1.500000000000000000e+01 1.700000000000000000e+01 1.525875441833779951e+04
1.600000000000000000e+01 9.000000000000000000e+00 8.101405770595257309e+03
1.600000000000000000e+01 1.500000000000000000e+01 1.166353046215638278e+04
1.600000000000000000e+01 1.800000000000000000e+01 9.961670550534558060e+03
1.700000000000000000e+01 6.000000000000000000e+00 1.585146994872669347e+04
1.700000000000000000e+01 1.500000000000000000e+01 1.533166262331139114e+04
1.700000000000000000e+01 1.900000000000000000e+01 1.902096739469033491e+04
1.800000000000000000e+01 1.400000000000000000e+01 1.917097689113932211e+04
1.800000000000000000e+01 1.600000000000000000e+01 9.933877975819983476e+03
1.800000000000000000e+01 1.900000000000000000e+01 8.670299238185983995e+03
1.900000000000000000e+01 1.700000000000000000e+01 1.899672050421014501e+04
1.900000000000000000e+01 1.800000000000000000e+01 8.717920858083638450e+03
1.900000000000000000e+01 2.000000000000000000e+01 6.318591712487743280e+03
1.900000000000000000e+01 2.100000000000000000e+01 7.001656206491129524e+03
2.000000000000000000e+01 1.900000000000000000e+01 6.239024804775943267e+03
2.000000000000000000e+01 2.100000000000000000e+01 8.596843526306811327e+03
2.000000000000000000e+01 2.300000000000000000e+01 1.027139700763366818e+04
2.100000000000000000e+01 1.400000000000000000e+01 1.841072080354363061e+04
2.100000000000000000e+01 1.900000000000000000e+01 7.004597843620401363e+03
2.100000000000000000e+01 2.000000000000000000e+01 8.557847734890145148e+03
2.100000000000000000e+01 2.200000000000000000e+01 9.600689542694688498e+03
2.200000000000000000e+01 1.300000000000000000e+01 8.440078908079871326e+03
2.200000000000000000e+01 2.100000000000000000e+01 9.564130824761288750e+03
2.200000000000000000e+01 2.300000000000000000e+01 7.931780848973006869e+03
2.300000000000000000e+01 1.200000000000000000e+01 1.110723010158719262e+04
2.300000000000000000e+01 2.000000000000000000e+01 1.023082589133855072e+04
2.300000000000000000e+01 2.200000000000000000e+01 7.960944616928387404e+03
