i	j	       0	       1	       2	       3	       4	       5	       6	       7	       8	       9	      10	      11	      12	      13	      14	      15	      16	      17	      18	      19	      20	      21	      22	      23
0	1	 2600.48	    0.00	  268.25	  200.02	   16.58	    0.00	    0.01	    0.02	   33.16	   99.52	  200.02	  468.95	  460.75	  100.01	   16.65	    0.02	    0.04	    0.00	    0.02	    0.00	    0.01	    0.08	    0.16	   29.62
0	2	 6199.52	 1162.42	    0.00	    0.00	    0.00	  234.05	  142.47	  247.46	    0.00	    0.00	    0.00	    0.00	    0.00	    0.00	    0.00	   96.69	    0.00	   35.24	    0.00	    0.02	    0.00	    0.00	    0.00	    0.00
1	0	    0.00	 1262.42	    0.00	    0.00	    0.00	  534.05	  642.44	 1047.42	    0.00	    0.00	    0.00	    0.00	    0.00	    0.00	    0.00	  596.67	    0.78	  135.24	    0.03	  299.98	    0.00	    0.02	    0.00	    0.00
1	5	 2500.48	 2737.58	  168.25	    0.04	    0.00	    0.00	    0.00	    0.00	    0.00	    0.00	    0.04	  368.95	  160.75	    0.02	    0.00	    0.00	    0.00	    0.00	    0.00	    0.00	    0.01	    0.03	    0.16	   29.62
2	0	    0.00	    0.00	  368.25	  700.02	  216.58	    0.00	    0.03	    0.05	  533.16	 1399.52	  700.02	  668.95	  960.75	  400.01	  516.65	    0.04	  399.26	    0.00	  299.99	    0.05	  100.01	  400.06	  300.16	  129.62
2	3	 4499.51	  662.29	 1931.71	    0.00	    0.00	    0.04	    0.00	    0.00	    0.00	    0.00	    0.00	 3745.11	 2506.51	    0.10	    0.00	    0.00	    0.00	    0.00	    0.00	    0.00	  202.87	    0.13	    2.74	  470.10
2	11	 1600.01	  400.13	  500.04	 1602.20	  403.28	  500.42	  778.27	 1200.00	 1399.69	  658.85	    1.14	    0.00	    0.00	    0.17	   52.93	  533.37	  185.66	  198.99	   22.68	    0.15	    0.00	    0.00	    0.00	    0.00
3	2	    0.00	    0.00	    0.00	 2502.22	  719.86	  566.41	  735.84	 1152.60	 2032.85	 2358.37	 1000.56	    0.00	    0.00	  499.81	  669.52	  636.73	  684.92	  163.75	  322.67	    0.14	    0.00	    0.07	    0.05	    0.00
3	4	 3198.62	  162.34	 1331.56	 6698.02	    0.00	    0.00	    0.00	    0.00	    0.00	    0.13	  904.09	 3144.18	 1906.00	  200.10	    0.08	    0.00	    0.01	    0.00	    0.02	    0.00	    2.94	    0.05	  199.90	  270.14
3	10	  800.89	  300.00	  400.16	 2399.75	  699.71	  599.62	    0.70	    6.80	    0.43	    0.18	    0.00	    0.93	    0.51	    0.07	    0.06	    0.13	    0.05	    0.02	    0.02	    0.03	    0.02	    0.05	    0.06	    0.03
4	3	    0.00	    0.05	    0.00	    0.00	 1919.57	 1565.98	 1136.54	 1859.39	 2733.27	 3557.06	    0.00	    0.00	    0.00	    0.00	 1166.80	 1436.85	 1184.61	  263.77	  521.53	  300.17	    0.03	  398.50	    0.00	    0.00
4	5	    0.00	    0.00	  528.85	 2127.35	 1257.94	    0.00	    0.02	    0.04	  567.01	 1300.41	  403.54	 1470.59	  587.32	  100.02	  282.92	    0.04	    0.05	    0.00	    0.04	    0.01	    0.01	    0.00	   99.83	   70.37
4	8	 2998.62	  899.89	  702.70	 4070.67	 2922.50	 1399.83	    0.03	    0.11	    0.00	    0.00	    0.55	 1473.59	 1118.67	    0.08	    0.00	    0.06	    0.00	    0.01	    0.00	    0.03	    0.00	    0.00	    0.07	  199.77
5	1	    0.00	    0.00	    0.00	    0.02	   83.42	  934.05	  842.43	 1447.40	  166.84	  500.48	    0.02	    0.00	    0.00	    0.01	   83.35	  996.65	  200.74	  135.24	  100.01	  399.97	    0.00	   99.97	    0.00	    0.00
5	4	    0.00	  837.59	    0.00	    0.00	    0.00	 3165.81	 1034.34	 1807.55	    0.00	    0.00	    0.00	    0.00	    0.00	    0.00	    0.00	 1452.67	    0.41	  202.34	    0.03	  304.87	    0.04	    0.00	    0.00	    0.00
5	7	 2200.48	 1499.99	  397.10	 1727.37	  974.52	 3500.13	    0.00	    0.00	    0.17	    0.07	    3.56	 1639.54	  548.08	    0.03	    0.00	    0.00	    0.00	    0.00	    0.00	    0.00	    0.00	    0.00	    0.00	    0.00
6	7	    0.00	    0.00	    0.00	    0.00	    0.00	    0.00	 4182.33	    0.00	    0.00	    0.00	    0.00	    0.00	    0.00	  399.91	  599.84	  387.55	  132.67	  998.90	  999.22	 2599.62	  500.09	  799.95	  299.97	  199.99
6	17	  453.00	  363.43	   14.46	  456.17	  135.18	 1048.17	 7917.67	 4322.49	  843.26	    0.67	    0.14	  229.69	    0.36	    0.00	    0.00	    0.00	    0.03	    0.00	    0.00	    0.00	    0.00	    0.00	    0.00	    0.00
7	5	    0.00	    0.00	    0.00	    0.00	    0.00	    0.00	 2276.75	 4054.92	    0.00	    0.14	    0.00	    0.00	    0.00	    0.00	    0.43	 3349.28	  701.11	  437.57	  300.00	 1004.83	  100.03	  299.94	    0.00	    0.01
7	6	  953.00	  563.43	  114.46	  856.17	  335.18	 1448.17	    0.00	 5322.49	 1443.20	    1.10	    0.31	  929.61	   68.28	    0.00	    0.00	    0.00	    0.12	    0.00	    0.00	    0.00	    0.00	    0.00	    0.00	    0.00
7	8	    0.00	    0.00	    0.00	    0.00	    0.00	    0.00	  905.57	 3745.68	    0.00	    0.00	    0.00	    0.00	    0.00	    0.00	    0.00	 1272.27	    0.00	  261.47	    0.00	  695.15	    0.12	    0.09	    0.00	    0.00
7	15	  447.57	  536.61	  166.05	  659.64	  412.26	 1252.06	    0.00	 3576.91	  880.57	    0.00	    0.07	  455.67	    0.31	    0.00	    0.00	    0.00	    0.00	    0.00	    0.00	    0.00	    0.00	    0.00	    0.00	    0.00
8	4	    0.00	    0.00	    0.00	    0.00	    0.00	    0.00	  302.25	  551.99	 4100.28	 5857.34	    0.00	    0.00	    0.00	    0.00	 1649.64	  484.29	 1384.23	   61.45	  621.52	   95.34	   97.06	  598.45	    0.00	    0.00
8	7	    0.09	    0.05	   83.41	  488.44	  272.92	    0.10	    0.00	    0.00	 3123.60	 1600.87	  796.82	  345.75	  120.51	    0.00	    0.00	    0.00	    0.25	    0.00	    0.00	    0.00	    0.00	    0.00	    0.00	    0.00
8	9	 2498.54	  699.84	  519.30	 2882.23	 1849.58	  999.73	    3.41	 2393.80	 8976.12	    0.00	    0.00	  527.90	  398.22	    0.00	    0.00	    0.86	    0.00	    0.16	    0.00	    0.33	    0.00	    0.00	    0.00	    0.00
9	8	    0.00	    0.00	    0.00	    0.00	    0.00	    0.00	    0.06	    0.00	    0.00	10258.21	 2196.26	    0.06	    0.06	  599.92	 2649.64	  612.81	 2284.48	    0.13	 1021.52	    0.50	  396.94	 1298.36	  499.93	    0.23
9	10	    0.00	    0.00	    0.00	    0.00	    0.00	    0.00	  499.30	  793.61	 1715.02	 8405.52	    0.00	    0.00	    0.00	    0.00	 1283.41	 1566.95	 1914.14	  200.04	  424.17	  420.83	    2.41	  501.32	    0.00	    0.00
9	14	  799.82	   99.88	   99.98	 1099.01	  596.97	  199.76	    0.00	    0.30	 3084.91	14602.73	 1902.94	  643.52	    3.28	    0.00	    0.00	    0.00	    0.89	    0.00	    0.00	    0.00	    0.00	    0.00	    0.00	    0.00
9	15	    0.00	    0.00	   19.50	   84.24	   52.65	    0.00	    0.00	    0.00	  476.37	 8032.73	 2168.65	  213.71	    0.12	    0.00	    0.00	    0.00	    0.00	    0.00	    0.00	    0.00	    0.00	    0.00	    0.00	    0.00
9	16	  399.41	    0.02	   99.98	  499.90	  199.96	    0.05	    0.09	    0.13	  899.82	 3900.81	  999.77	  599.88	  499.90	    0.06	    0.14	    0.13	    0.00	    0.06	    0.08	    0.16	    0.06	    0.16	    0.06	    0.03
10	3	    0.00	    0.00	    0.00	    0.00	    0.00	    0.00	    0.00	    0.00	    0.00	    1.62	 3404.66	    0.00	    0.00	 1199.89	    2.86	    0.00	    0.37	    0.00	    1.18	    0.00	    0.06	    1.53	  697.27	    0.07
10	9	    0.69	    0.00	    0.16	    0.92	    0.00	    0.00	    0.00	    0.00	    0.00	    0.00	11167.63	 2929.26	 2005.13	 1129.38	    0.00	    0.00	    0.00	    0.00	    0.00	    0.00	    0.00	    0.00	  322.34	   52.89
10	11	    0.00	    0.00	    0.00	    0.00	    0.00	    0.00	    0.00	    0.00	    0.12	 3241.15	 2400.44	    0.00	    0.00	  710.60	  652.13	  167.27	  914.12	    0.08	  279.46	    0.00	    0.00	    0.00	    0.00	    0.00
10	13	  300.32	  100.04	  100.05	  998.93	  199.74	  199.69	    0.00	    0.40	  315.32	 1162.92	 5327.27	 1056.47	   17.22	    0.00	    0.00	    0.00	    0.05	    0.00	    0.00	    0.00	    0.00	    0.00	    0.00	    0.00
11	2	    0.00	    0.00	    0.00	    0.00	    0.00	    0.00	    0.00	    0.00	    0.00	    0.00	    0.60	 4614.06	 3567.26	    0.46	    0.06	    0.00	    0.00	    0.00	    0.00	    0.03	  302.87	  500.12	  402.85	  599.71
11	10	    0.12	    0.05	    0.06	    0.09	    0.03	    0.08	    0.00	    0.00	    0.00	    0.00	    0.00	 5384.79	 3021.84	    0.00	    0.00	    0.00	    0.00	    0.00	    0.00	    0.00	    0.04	    0.00	    0.00	    0.40
11	12	 1399.89	  300.08	  299.98	 1002.11	  203.25	  300.34	   78.62	  600.00	  799.81	 1900.00	 1000.98	 3901.14	    0.00	   10.65	    5.00	    0.99	  499.79	    0.03	    2.14	    0.00	    0.00	    0.00	    0.00	    0.00
12	11	    0.00	    0.00	    0.00	    0.00	    0.00	    0.00	    0.35	    0.00	    0.00	    0.00	    0.00	    0.00	 7889.10	    0.34	    0.00	    0.35	    0.00	    0.96	    0.00	  499.88	  602.91	 1200.12	 1102.85	 1100.11
12	23	  899.89	    0.08	  199.98	  402.11	    3.25	  100.34	    0.00	    0.00	  199.81	    0.00	    0.98	 2601.14	 6710.90	    0.00	    0.00	    0.00	    0.00	    0.00	    0.00	    0.00	    0.00	    0.00	    0.00	    0.00
13	10	    0.00	    0.00	    0.00	    0.00	    0.00	    0.00	    0.00	    0.00	    0.00	    0.00	    0.00	    0.00	    0.00	 4639.80	  771.52	    0.19	    0.36	    0.03	  256.45	  179.14	  397.59	  600.16	 2319.55	  652.53
13	14	    0.21	    0.03	    0.03	    0.23	    0.06	    0.04	    0.00	    0.00	    0.00	    0.00	 1043.42	  356.55	   98.70	 6218.28	    0.00	    0.00	    0.00	    0.00	    0.00	    0.00	    0.00	    0.00	 1193.69	  124.70
13	22	    0.12	    0.01	    0.03	  498.72	   99.68	   99.66	    0.00	    0.00	  189.44	  792.57	 2683.93	    0.23	    0.00	 3241.92	  437.59	    0.00	  218.45	    0.00	  136.65	    0.00	    0.00	    0.00	    0.00	    0.00
14	9	    0.00	    0.00	    0.00	    0.00	    0.00	    0.00	    0.00	    0.00	    0.00	    0.00	    0.00	    0.00	    0.00	 1570.61	 7933.19	    0.33	    0.87	    0.06	 3245.56	 1723.01	 1599.41	 4399.84	 1977.65	  747.37
14	13	    0.00	    0.00	    0.00	    0.00	    0.00	    0.00	  199.37	  399.60	  474.12	 1729.65	    0.07	    0.00	    0.00	    0.00	 2509.11	  699.64	  918.76	   99.68	  693.08	  677.45	    0.70	  678.36	    0.00	    0.00
14	18	  300.03	    0.04	    0.01	  200.07	  100.03	    0.05	    0.02	    0.03	  400.16	 3265.71	  830.84	  300.06	  282.27	 2895.59	 5900.16	    0.06	    0.45	    0.01	    0.00	    0.06	  562.01	 2899.91	  899.98	  254.05
14	21	    0.00	    0.00	    0.00	  399.17	  297.00	    0.00	    0.00	    0.00	 1310.63	 5607.37	  715.45	    0.00	    0.00	  452.09	 5057.54	    0.25	 2460.69	    0.00	 2105.04	    0.00	    0.00	    0.00	    0.00	    0.00
15	7	    0.00	    0.00	    0.00	    0.00	    0.00	    0.00	    0.00	    0.00	    0.00	    0.29	    0.00	    0.00	    0.00	    0.06	    0.59	 6434.00	 1968.31	    0.14	    0.78	    0.37	    0.05	    0.09	    0.04	    0.02
15	9	    0.00	    0.06	    0.00	    0.00	    0.00	    0.08	 2395.77	    0.23	    0.00	    0.00	    0.00	    0.00	    0.00	    0.00	    0.00	 6576.57	    0.63	  899.67	    0.21	 1197.92	    0.00	    0.00	    0.00	    0.00
15	16	    0.58	  200.00	    0.01	    0.07	    0.03	  500.02	 1000.40	 1799.50	    0.13	    0.56	    0.10	    0.06	    0.00	    0.00	    0.00	 5655.02	    0.00	  600.40	    0.00	 1463.22	  342.62	    0.00	    0.00	  130.42
15	17	    0.02	    0.00	    0.00	    0.02	    0.00	    0.03	    0.00	    0.15	    0.17	 3633.89	  769.05	    0.14	    0.00	    0.03	    0.16	 7434.41	 3827.07	    0.00	    0.16	    0.00	    0.00	    0.00	    0.00	    0.00
16	9	    0.00	    0.00	    0.00	    0.00	    0.00	    0.00	    0.26	    0.00	    0.00	    0.00	    0.00	    0.00	    0.00	    0.00	    0.00	    2.13	 8098.01	    0.33	    0.00	    0.23	    0.00	    0.00	    0.00	    0.00
16	15	    0.00	    0.00	    0.00	    0.00	    0.00	    0.00	    0.00	    0.00	    0.00	    1.60	    0.30	    0.00	    0.00	  673.80	 1157.25	    0.00	 8595.88	    0.00	 1254.10	    0.00	    0.06	    0.12	    0.05	    0.03
16	18	    0.03	    0.02	    0.00	    0.02	    0.01	    0.07	    0.23	  399.63	    0.04	    0.18	    0.00	    0.00	    0.00	    0.00	    0.00	 2853.01	 6706.11	    0.13	    0.00	    0.00	    0.00	    0.00	    0.00	    0.00
17	6	    0.00	    0.00	    0.00	    0.00	    0.00	    0.00	    0.00	    0.00	    0.06	 1899.57	  499.83	    0.07	  332.08	  599.91	 1099.84	 1787.55	 1132.58	 1198.90	 1399.22	 3099.62	  700.09	 1299.95	  499.97	  299.99
17	15	   53.03	   63.46	   14.46	   56.21	   35.13	  148.07	 4796.17	  422.97	   43.36	    0.41	    0.13	   30.82	  599.57	   26.28	   43.50	    0.00	    0.13	 2000.21	   47.06	 4261.50	  942.62	 1199.97	  499.99	  430.41
17	19	  299.99	  299.98	    0.00	  299.99	  100.05	  800.13	 2921.50	 3599.67	  600.01	 1034.81	  169.25	    0.23	    0.08	    0.00	    0.00	 5146.86	 2094.55	 1600.89	    0.00	    0.00	    0.00	    0.00	    0.00	    0.00
18	14	    0.00	    0.13	    0.00	    0.00	    0.00	    0.26	  699.32	  999.24	    0.00	    0.00	    0.00	    0.00	    0.00	    0.00	    0.00	 1900.10	 4879.89	  299.72	 6843.68	 3500.01	    0.17	    0.42	    0.18	    0.08
18	16	    0.04	    0.00	    0.01	    0.05	    0.02	    0.00	    0.00	    0.00	    0.09	    0.41	    0.43	    0.06	    0.10	 1373.74	 2657.11	    0.00	    0.00	    0.00	 2954.02	  236.85	  257.38	 1699.96	  599.99	  169.58
18	19	    0.02	    0.00	    0.00	    0.04	    0.02	    0.03	    0.00	    0.00	    0.10	 1465.48	  430.41	    0.00	    0.00	 1221.86	 2443.05	    0.00	  126.68	    0.00	 3002.30	    0.00	    0.00	    0.00	    0.00	    0.00
19	17	    0.00	    0.00	    0.00	    0.00	    0.00	    0.00	    0.00	    0.00	    0.00	    0.23	    0.01	    1.29	 1031.37	  726.17	 1343.18	    0.00	    0.15	    0.00	 1746.11	 7761.12	 1742.71	 2799.92	 1099.96	  730.40
19	18	    0.00	  100.07	    0.00	    0.00	    0.00	  200.16	 1099.07	 1299.58	    0.00	    0.00	    0.00	    0.00	   17.83	    0.01	    0.00	  347.03	    0.00	  599.58	    0.00	 4936.81	   95.55	    0.48	    0.19	   15.61
19	20	    0.00	    0.00	    0.00	    0.01	    0.06	  100.01	  621.88	  600.19	    0.05	    0.05	    0.02	    0.01	    0.03	    0.02	    0.04	 1499.63	  521.03	  201.01	   56.30	 2700.49	    0.00	    0.08	    0.03	    0.02
19	21	    0.00	   99.91	    0.00	    0.02	    0.01	  199.99	  700.55	  799.90	    0.06	    0.24	    0.05	    0.00	    0.00	    0.00	    0.18	 1700.20	    0.12	  400.29	    0.09	 3101.59	    0.20	    0.00	    0.00	    0.00
20	19	    0.00	    0.00	    0.00	    0.00	    0.00	    0.00	    0.00	    0.00	    0.00	    0.12	    0.03	  401.04	 1649.04	    0.69	    0.18	    0.00	    0.08	    0.00	    0.20	    0.00	 3038.45	    0.26	    2.84	 1145.70
20	21	  263.93	    0.07	   65.98	    0.26	    0.00	    0.03	    0.07	    0.08	    0.00	    0.00	    0.00	  461.88	 1463.26	    0.00	    0.00	    0.17	    0.00	    0.04	    0.00	    0.45	 4762.26	    0.00	    0.00	 1601.39
20	23	    0.00	    0.00	    0.00	    0.00	    0.00	    0.02	  421.81	  200.11	    0.14	  484.45	    0.00	    0.00	    0.00	    0.00	  681.71	  899.55	  213.96	  100.97	  252.08	 1500.04	 3199.29	 2352.00	    0.00	    0.00
21	14	    0.00	    0.00	    0.00	    0.00	    0.00	    0.00	    0.07	    0.09	    0.00	    0.00	    0.00	    0.00	  880.29	    0.00	    0.00	    0.17	    0.00	    0.03	    0.00	    0.50	 2961.94	10577.68	 2683.76	 1276.65
21	19	    0.00	    0.00	    0.00	    0.00	    0.00	    0.00	    0.00	    0.00	    0.00	    0.12	    0.40	    0.03	    0.11	    3.65	    0.17	    0.00	    0.00	    0.00	    0.00	    0.00	    0.00	 5200.21	 1797.33	    0.33
21	20	    0.01	    0.00	    0.00	    0.03	   97.06	    0.00	    0.00	    0.00	  300.09	 1684.51	    1.84	    0.04	    0.00	    0.77	 1481.85	    0.09	  293.01	    0.00	  595.98	    0.00	    0.00	 4152.18	    0.66	    0.00
21	22	    0.00	    0.00	    0.00	    0.00	    0.00	    0.04	  200.55	  299.89	  310.61	 1322.98	    0.00	    0.00	    0.00	    0.00	  975.71	  500.36	  467.80	  100.30	  309.15	  701.53	    0.52	 4469.92	    0.00	    0.00
22	13	    0.01	    0.00	    0.00	    0.02	    0.00	    0.00	    0.63	    0.00	    0.00	    0.00	    0.00	    0.31	  681.49	    0.00	    0.00	    0.55	    0.00	    0.34	    0.01	    1.70	  796.89	 1121.80	 4613.24	 1177.23
22	21	  136.08	    0.02	   34.02	    0.58	    0.05	    0.03	    0.00	    0.00	    0.00	    0.00	  386.75	  238.19	  717.14	  752.33	    0.00	    0.00	    0.00	    0.00	    0.00	    0.00	    0.00	    0.00	 6581.75	  775.58
22	23	    0.01	    0.00	    0.00	    0.03	    0.00	    0.01	    0.02	    0.03	    0.05	  315.55	  997.24	    0.00	    0.00	 1389.59	  413.29	    0.08	   86.25	    0.00	  145.78	    0.19	    0.06	 1248.22	 3305.00	    0.00
23	12	    0.00	    0.00	    0.00	    0.00	    0.00	    0.00	  321.73	    0.00	    0.00	    0.00	    0.00	    0.00	    0.00	  589.69	  695.00	  599.36	    0.21	  100.93	  297.86	 1099.88	 1202.91	 2500.12	 1902.85	 1800.11
23	20	  363.91	    0.07	   65.98	  200.23	    2.87	    0.04	    0.00	    0.00	    0.00	    0.00	  398.17	 1162.87	 3712.27	  399.90	    0.00	    0.00	    0.00	    0.00	    0.00	    0.00	    0.00	    0.00	  702.15	 3247.08
23	22	  435.99	    0.01	  133.99	    1.91	    0.37	    0.34	    0.10	    0.14	    0.00	    0.00	    0.06	  938.27	 2198.62	    0.00	    0.00	    0.27	    0.00	    0.05	    0.00	    0.35	 1496.44	    0.10	    0.00	 2652.82
