0.000000000000000000e+00 1.000000000000000000e+00 4.490973222749652450e+03
0.000000000000000000e+00 2.000000000000000000e+00 8.116532228456062512e+03
1.000000000000000000e+00 0.000000000000000000e+00 4.517375395779020437e+03
1.000000000000000000e+00 5.000000000000000000e+00 5.966773291140848414e+03
2.000000000000000000e+00 0.000000000000000000e+00 8.090130055426695435e+03
2.000000000000000000e+00 3.000000000000000000e+00 1.401872327475086058e+04
2.000000000000000000e+00 1.100000000000000000e+01 1.003753462152335669e+04
3.000000000000000000e+00 2.000000000000000000e+00 1.404300907958622156e+04
3.000000000000000000e+00 4.000000000000000000e+00 1.801530229145860358e+04
3.000000000000000000e+00 1.000000000000000000e+01 5.209778384968163664e+03
4.000000000000000000e+00 3.000000000000000000e+00 1.804107176578835060e+04
4.000000000000000000e+00 5.000000000000000000e+00 8.798597051394466689e+03
4.000000000000000000e+00 8.000000000000000000e+00 1.578669014335199063e+04
5.000000000000000000e+00 1.000000000000000000e+00 5.993175464170218220e+03
5.000000000000000000e+00 4.000000000000000000e+00 8.803950378747036666e+03
5.000000000000000000e+00 7.000000000000000000e+00 1.248967919715600874e+04
6.000000000000000000e+00 7.000000000000000000e+00 1.208676879136508796e+04
6.000000000000000000e+00 1.700000000000000000e+01 1.576187786108457840e+04
7.000000000000000000e+00 5.000000000000000000e+00 1.252143469753793943e+04
7.000000000000000000e+00 6.000000000000000000e+00 1.202923031527419334e+04
7.000000000000000000e+00 8.000000000000000000e+00 6.876600584007776888e+03
7.000000000000000000e+00 1.500000000000000000e+01 8.391973592125732466e+03
8.000000000000000000e+00 4.000000000000000000e+00 1.580710629032918405e+04
8.000000000000000000e+00 7.000000000000000000e+00 6.831580865403996540e+03
8.000000000000000000e+00 9.000000000000000000e+00 2.175390855247273430e+04
9.000000000000000000e+00 8.000000000000000000e+00 2.182930498084614010e+04
9.000000000000000000e+00 1.000000000000000000e+01 1.772571914809058944e+04
9.000000000000000000e+00 1.400000000000000000e+01 2.313417387537052491e+04
9.000000000000000000e+00 1.500000000000000000e+01 1.104763890993064888e+04
9.000000000000000000e+00 1.600000000000000000e+01 8.100381718729114255e+03
1.000000000000000000e+01 3.000000000000000000e+00 5.308294715473762153e+03
1.000000000000000000e+01 9.000000000000000000e+00 1.760714997521699843e+04
1.000000000000000000e+01 1.100000000000000000e+01 8.365980751968301774e+03
1.000000000000000000e+01 1.300000000000000000e+01 9.780559703994123993e+03
1.100000000000000000e+01 2.000000000000000000e+00 9.986846643658642279e+03
1.100000000000000000e+01 1.000000000000000000e+01 8.408174377117262338e+03
1.100000000000000000e+01 1.200000000000000000e+01 1.230490917989125592e+04
1.200000000000000000e+01 1.100000000000000000e+01 1.239641482717551480e+04
1.200000000000000000e+01 2.300000000000000000e+01 1.111840882072005843e+04
1.300000000000000000e+01 1.000000000000000000e+01 9.818313236477168175e+03
1.300000000000000000e+01 1.400000000000000000e+01 9.038107948106333424e+03
1.300000000000000000e+01 2.200000000000000000e+01 8.400728236176259088e+03
1.400000000000000000e+01 9.000000000000000000e+00 2.320160456736829656e+04
1.400000000000000000e+01 1.300000000000000000e+01 9.082524901037060772e+03
1.400000000000000000e+01 1.800000000000000000e+01 1.909937153417627633e+04
1.400000000000000000e+01 2.100000000000000000e+01 1.840911326918539999e+04
1.500000000000000000e+01 7.000000000000000000e+00 8.411210335020537968e+03
1.500000000000000000e+01 9.000000000000000000e+00 1.107436108667206645e+04
1.500000000000000000e+01 1.600000000000000000e+01 1.169990227612891431e+04
1.500000000000000000e+01 1.700000000000000000e+01 1.612332672215935236e+04
1.600000000000000000e+01 9.000000000000000000e+00 8.100194451236938221e+03
1.600000000000000000e+01 1.500000000000000000e+01 1.168693760453894174e+04
1.600000000000000000e+01 1.800000000000000000e+01 9.968966803157929462e+03
1.700000000000000000e+01 6.000000000000000000e+00 1.581941633717548211e+04
1.700000000000000000e+01 1.500000000000000000e+01 1.618225031338552435e+04
1.700000000000000000e+01 1.900000000000000000e+01 1.894260661712649744e+04
1.800000000000000000e+01 1.400000000000000000e+01 1.913507017981920217e+04
1.800000000000000000e+01 1.600000000000000000e+01 9.955814864075777223e+03
1.800000000000000000e+01 1.900000000000000000e+01 8.695651290251074897e+03
1.900000000000000000e+01 1.700000000000000000e+01 1.895906868444357679e+04
1.900000000000000000e+01 1.800000000000000000e+01 8.718197996811861231e+03
1.900000000000000000e+01 2.000000000000000000e+01 6.296811774828322996e+03
1.900000000000000000e+01 2.100000000000000000e+01 7.000119004915828555e+03
2.000000000000000000e+01 1.900000000000000000e+01 6.233003319187560010e+03
2.000000000000000000e+01 2.100000000000000000e+01 8.625649941275409219e+03
2.000000000000000000e+01 2.300000000000000000e+01 1.030330948726744646e+04
2.100000000000000000e+01 1.400000000000000000e+01 1.838526226847093494e+04
2.100000000000000000e+01 1.900000000000000000e+01 7.002936234434449034e+03
2.100000000000000000e+01 2.000000000000000000e+01 8.610450054737690152e+03
2.100000000000000000e+01 2.200000000000000000e+01 9.660544118324096416e+03
2.200000000000000000e+01 1.300000000000000000e+01 8.394064815728561371e+03
2.200000000000000000e+01 2.100000000000000000e+01 9.624310460590586445e+03
2.200000000000000000e+01 2.300000000000000000e+01 7.903973630466691247e+03
2.300000000000000000e+01 1.200000000000000000e+01 1.110991446800431731e+04
2.300000000000000000e+01 2.000000000000000000e+01 1.025470091816438799e+04
2.300000000000000000e+01 2.200000000000000000e+01 7.861076552285482649e+03
