0.000000000000000000e+00 1.000000000000000000e+00 4.499219958319990837e+03
0.000000000000000000e+00 2.000000000000000000e+00 8.119284020002804027e+03
1.000000000000000000e+00 0.000000000000000000e+00 4.519805124121846347e+03
1.000000000000000000e+00 5.000000000000000000e+00 5.970178729125402242e+03
2.000000000000000000e+00 0.000000000000000000e+00 8.098698854200948517e+03
2.000000000000000000e+00 3.000000000000000000e+00 1.402405147837023833e+04
2.000000000000000000e+00 1.100000000000000000e+01 1.003606148696408309e+04
3.000000000000000000e+00 2.000000000000000000e+00 1.404279772258554658e+04
3.000000000000000000e+00 4.000000000000000000e+00 1.802336525216377049e+04
3.000000000000000000e+00 1.000000000000000000e+01 5.207779556817797129e+03
4.000000000000000000e+00 3.000000000000000000e+00 1.804306869636127522e+04
4.000000000000000000e+00 5.000000000000000000e+00 8.796299458484774732e+03
4.000000000000000000e+00 8.000000000000000000e+00 1.579152595977532110e+04
5.000000000000000000e+00 1.000000000000000000e+00 5.990763894927265937e+03
5.000000000000000000e+00 4.000000000000000000e+00 8.803701949199292358e+03
5.000000000000000000e+00 7.000000000000000000e+00 1.249536340743099936e+04
6.000000000000000000e+00 7.000000000000000000e+00 1.209756810915575988e+04
6.000000000000000000e+00 1.700000000000000000e+01 1.579544053476287445e+04
7.000000000000000000e+00 5.000000000000000000e+00 1.252335106394735885e+04
7.000000000000000000e+00 6.000000000000000000e+00 1.204915535447961520e+04
7.000000000000000000e+00 8.000000000000000000e+00 6.878409029536582239e+03
7.000000000000000000e+00 1.500000000000000000e+01 8.387726467175256403e+03
8.000000000000000000e+00 4.000000000000000000e+00 1.580382691325832639e+04
8.000000000000000000e+00 7.000000000000000000e+00 6.841460196964779243e+03
8.000000000000000000e+00 9.000000000000000000e+00 2.175023743392615870e+04
9.000000000000000000e+00 8.000000000000000000e+00 2.182558955483736645e+04
9.000000000000000000e+00 1.000000000000000000e+01 1.772977243352404548e+04
9.000000000000000000e+00 1.400000000000000000e+01 2.312263033803410872e+04
9.000000000000000000e+00 1.500000000000000000e+01 1.105066440246043203e+04
9.000000000000000000e+00 1.600000000000000000e+01 8.100778144549755780e+03
1.000000000000000000e+01 3.000000000000000000e+00 5.306822356835567007e+03
1.000000000000000000e+01 9.000000000000000000e+00 1.760838193544045498e+04
1.000000000000000000e+01 1.100000000000000000e+01 8.365599466503719668e+03
1.000000000000000000e+01 1.300000000000000000e+01 9.776842159985902981e+03
1.100000000000000000e+01 2.000000000000000000e+00 9.996730076946931149e+03
1.100000000000000000e+01 1.000000000000000000e+01 8.402296239451410656e+03
1.100000000000000000e+01 1.200000000000000000e+01 1.230117241845265744e+04
1.200000000000000000e+01 1.100000000000000000e+01 1.239853778138318376e+04
1.200000000000000000e+01 2.300000000000000000e+01 1.111428449086735054e+04
1.300000000000000000e+01 1.000000000000000000e+01 9.817797688972414107e+03
1.300000000000000000e+01 1.400000000000000000e+01 9.041015025182410682e+03
1.300000000000000000e+01 2.200000000000000000e+01 8.397181887975082645e+03
1.400000000000000000e+01 9.000000000000000000e+00 2.319993920215317121e+04
1.400000000000000000e+01 1.300000000000000000e+01 9.082302488075116344e+03
1.400000000000000000e+01 1.800000000000000000e+01 1.910213485628254057e+04
1.400000000000000000e+01 2.100000000000000000e+01 1.839062519483984943e+04
1.500000000000000000e+01 7.000000000000000000e+00 8.404250201587281481e+03
1.500000000000000000e+01 9.000000000000000000e+00 1.106992482672978440e+04
1.500000000000000000e+01 1.600000000000000000e+01 1.168212290681231389e+04
1.500000000000000000e+01 1.700000000000000000e+01 1.529105243139490813e+04
1.600000000000000000e+01 9.000000000000000000e+00 8.100951475156145534e+03
1.600000000000000000e+01 1.500000000000000000e+01 1.168141493436357632e+04
1.600000000000000000e+01 1.800000000000000000e+01 9.946467707594170861e+03
1.700000000000000000e+01 6.000000000000000000e+00 1.584385328943901186e+04
1.700000000000000000e+01 1.500000000000000000e+01 1.532754456252502314e+04
1.700000000000000000e+01 1.900000000000000000e+01 1.899890422377138384e+04
1.800000000000000000e+01 1.400000000000000000e+01 1.910733338547507810e+04
1.800000000000000000e+01 1.600000000000000000e+01 9.945933065751840331e+03
1.800000000000000000e+01 1.900000000000000000e+01 8.693466981626428606e+03
1.900000000000000000e+01 1.700000000000000000e+01 1.898380910957761444e+04
1.900000000000000000e+01 1.800000000000000000e+01 8.698130868976624697e+03
1.900000000000000000e+01 2.000000000000000000e+01 6.321530718342145519e+03
1.900000000000000000e+01 2.100000000000000000e+01 7.002774723653399633e+03
2.000000000000000000e+01 1.900000000000000000e+01 6.310016042399656726e+03
2.000000000000000000e+01 2.100000000000000000e+01 8.639356178415793693e+03
2.000000000000000000e+01 2.300000000000000000e+01 1.029452622621876435e+04
2.100000000000000000e+01 1.400000000000000000e+01 1.840402299265910551e+04
2.100000000000000000e+01 1.900000000000000000e+01 6.903858172752320570e+03
2.100000000000000000e+01 2.000000000000000000e+01 8.676714913923155109e+03
2.100000000000000000e+01 2.200000000000000000e+01 9.666690062536197729e+03
2.200000000000000000e+01 1.300000000000000000e+01 8.396849954068895386e+03
2.200000000000000000e+01 2.100000000000000000e+01 9.618530044961733438e+03
2.200000000000000000e+01 2.300000000000000000e+01 7.913569744714583067e+03
2.300000000000000000e+01 1.200000000000000000e+01 1.111164985379786958e+04
2.300000000000000000e+01 2.000000000000000000e+01 1.024565281476892051e+04
2.300000000000000000e+01 2.200000000000000000e+01 7.865077793233907869e+03
