i	j	       0	       1	       2	       3	       4	       5	       6	       7	       8	       9	      10	      11	      12	      13	      14	      15	      16	      17	      18	      19	      20	      21	      22	      23
0	1	 2600.02	    0.00	  234.16	  199.98	    0.33	    0.00	    0.01	    0.02	    0.67	    2.03	  199.98	  385.95	  429.07	  100.00	    0.35	    0.02	    0.03	    0.00	    0.05	    0.00	    0.01	    0.08	    0.04	   23.08
0	2	 6199.98	 1009.88	    0.00	    0.00	    0.00	  210.59	  103.94	  181.82	    0.00	    0.00	    0.00	    0.00	    0.00	    0.00	    0.00	   67.19	    0.00	   25.92	    0.00	    0.00	    0.00	    0.00	    0.00	    0.00
1	0	    0.00	 1109.88	    0.00	    0.00	    0.00	  510.59	  603.92	  981.78	    0.00	    0.00	    0.00	    0.00	    0.00	    0.00	    0.00	  567.03	    0.38	  125.91	    0.03	  299.90	    0.00	    0.00	    0.00	    0.00
1	5	 2500.02	 2890.12	  134.16	    0.00	    0.00	    0.00	    0.00	    0.00	    0.00	    0.00	    0.00	  285.95	  129.07	    0.00	    0.00	    0.00	    0.00	    0.00	    0.00	    0.00	    0.01	    0.00	    0.04	   23.08
2	0	    0.00	    0.00	  334.16	  699.98	  200.33	    0.00	    0.03	    0.05	  500.67	 1302.03	  699.98	  585.95	  929.07	  400.00	  500.35	    0.18	  399.66	    0.00	  300.02	    0.10	  100.01	  400.08	  300.04	  123.08
2	3	 4499.09	  509.49	 1965.52	    0.00	    0.00	    0.07	    0.00	    0.00	    0.00	    0.00	    0.00	 3854.89	 2499.76	    0.09	    0.00	    0.00	    0.00	    0.00	    0.00	    0.00	  202.48	    0.42	    3.03	  476.61
2	11	 1600.88	  400.39	  500.32	 1601.13	  403.71	  500.23	  702.67	 1200.00	 1399.69	  710.32	    0.72	    0.00	    0.00	    0.26	   56.93	  521.89	  200.35	  199.50	   24.40	    0.08	    0.00	    0.00	    0.00	    0.00
3	2	    0.00	    0.00	    0.00	 2501.11	  704.04	  589.71	  698.76	 1218.23	 2000.36	 2312.25	 1000.23	    0.00	    0.00	  499.96	  657.20	  654.88	  699.97	  173.58	  324.41	    0.09	    0.01	    0.05	    0.04	    0.00
3	4	 3198.26	    9.67	 1365.56	 6697.18	    0.00	    0.00	    0.00	    0.00	    0.11	    0.00	  907.70	 3254.51	 1899.45	  200.04	    0.07	    0.00	    0.00	    0.00	    0.04	    0.00	    2.52	    0.03	  199.95	  276.62
3	10	  800.84	  299.87	  399.96	 2401.71	  699.93	  599.84	    0.30	    5.14	    1.22	    0.17	    0.00	    0.38	    0.31	    0.07	    0.06	    0.13	    0.04	    0.02	    0.02	    0.03	    0.02	    0.05	    0.06	    0.03
4	3	    0.00	    0.05	    0.00	    0.00	 1903.98	 1589.48	 1099.05	 1923.37	 2701.57	 3511.08	    0.00	    0.00	    0.00	    0.00	 1155.64	 1455.01	 1199.53	  273.60	  523.71	  300.12	    0.03	  398.95	    0.00	    0.00
4	5	    0.00	    0.00	  569.59	 2197.28	 1313.58	    0.00	    0.02	    0.03	  199.67	 1398.01	  407.52	 1563.37	  567.44	  100.05	  299.61	    0.04	    0.08	    0.00	    0.06	    0.01	    0.01	    0.02	   99.95	   76.90
4	8	 2998.26	  899.80	  695.97	 3999.90	 2882.44	 1399.96	    0.03	    0.12	    0.00	    0.00	    0.18	 1491.14	 1132.01	    0.00	    0.00	    0.07	    0.00	    0.01	    0.00	    0.03	    0.00	    0.00	    0.00	  199.71
5	1	    0.00	    0.00	    0.00	    0.02	   99.67	  910.59	  803.91	 1381.77	  199.33	  597.97	    0.02	    0.00	    0.00	    0.01	   99.65	  967.01	  200.34	  125.91	   99.98	  399.90	    0.00	   99.92	    0.00	    0.00
5	4	    0.00	  990.17	    0.00	    0.00	    0.00	 3189.44	  952.02	 1775.60	    0.00	    0.00	    0.00	    0.00	    0.00	    0.00	    0.00	 1403.44	    0.07	  200.57	    0.03	  292.97	    0.04	    0.00	    0.00	    0.00
5	7	 2200.02	 1499.95	  403.75	 1797.26	 1013.91	 3499.98	    0.00	    0.00	    0.23	    0.17	    7.50	 1649.31	  496.51	    0.04	    0.00	    0.00	    0.00	    0.00	    0.00	    0.00	    0.00	    0.00	    0.00	    0.00
6	7	    0.00	    0.00	    0.00	    0.00	    0.00	    0.00	 4107.33	    0.00	    0.00	    0.13	    0.06	    0.00	    0.00	  399.87	  599.86	  331.76	  126.78	  999.44	  999.70	 2599.57	  500.14	  799.86	  299.99	  200.00
6	17	  425.86	  330.92	    7.22	  427.53	  117.27	  972.27	 7992.67	 4485.43	  816.20	    0.47	    0.18	  213.76	    0.07	    0.00	    0.00	    0.00	    0.00	    0.00	    0.00	    0.00	    0.00	    0.00	    0.00	    0.00
7	5	    0.00	    0.00	    0.00	    0.00	    0.00	    0.00	 2155.92	 3957.34	  399.89	    0.13	    0.00	    0.00	    0.00	    0.00	    0.04	 3270.41	  700.33	  426.48	  299.95	  992.85	  100.02	  299.90	    0.00	    0.01
7	6	  925.86	  530.92	  107.22	  827.53	  317.27	 1372.27	    0.00	 5485.43	 1416.09	    3.06	    1.46	  913.62	    2.15	    0.00	    0.00	    0.00	    0.09	    0.00	    0.00	    0.00	    0.00	    0.00	    0.00	    0.00
7	8	    0.00	    0.08	    0.00	    0.00	    0.00	    0.13	  951.41	 3842.10	    0.00	    0.00	    0.00	    0.00	    0.00	    0.00	    0.00	 1243.70	    0.00	  273.03	    0.00	  706.87	    0.14	    0.00	    0.00	    0.00
7	15	  474.25	  568.99	  174.35	  692.07	  432.52	 1327.67	    0.00	 3415.14	  807.00	    0.00	    0.22	  450.28	    0.19	    0.00	    0.00	    0.00	    0.00	    0.00	    0.00	    0.00	    0.00	    0.00	    0.00	    0.00
8	4	    0.00	    0.00	    0.00	    0.00	    0.00	    0.00	  347.08	  647.93	 3701.14	 5909.09	    0.00	    0.00	    0.00	    0.00	 1655.17	  551.68	 1399.54	   73.05	  623.70	  107.20	   97.48	  598.94	    0.00	    0.00
8	7	    0.08	    0.04	   77.82	  422.33	  235.88	    0.09	    0.00	    0.00	 3422.76	 1602.61	  794.11	  314.58	  105.83	    0.03	    0.00	    0.00	    0.21	    0.00	    0.00	    0.00	    0.00	    0.00	    0.00	    0.00
8	9	 2498.18	  699.84	  518.15	 2877.56	 1846.56	  999.99	    4.42	 2394.29	 9076.11	    0.00	    0.00	  576.61	  426.23	    0.00	    0.00	    0.26	    0.00	    0.14	    0.00	    0.26	    0.00	    0.00	    0.00	    0.00
9	8	    0.00	    0.00	    0.00	    0.00	    0.00	    0.00	    0.06	    0.00	    0.00	10311.70	 2193.93	    0.06	    0.06	  600.03	 2655.17	  708.17	 2299.76	    0.15	 1023.70	    0.56	  397.35	 1298.94	  500.00	    0.29
9	10	    0.00	    0.00	    0.00	    0.00	    0.00	    0.00	  499.70	  794.86	 1720.84	 8377.09	    0.00	    0.00	    0.00	    0.00	 1300.35	 1578.57	 1899.80	  200.06	  429.97	  417.90	    1.64	  509.31	    0.00	    0.00
9	14	  798.85	  100.05	   99.86	 1097.81	  596.42	  200.07	    0.00	    0.00	 3078.43	14639.64	 1943.23	  654.61	   13.91	    0.00	    0.00	    0.00	    0.85	    0.00	    0.00	    0.00	    0.00	    0.00	    0.00	    0.00
9	15	    0.04	    0.00	   18.45	   80.47	   50.28	    0.00	    0.00	    0.00	  577.00	 7969.97	 2151.18	  234.53	    0.10	    0.00	    0.00	    0.00	    0.00	    0.00	    0.00	    0.00	    0.00	    0.00	    0.00	    0.00
9	16	  399.89	    0.02	   99.97	  499.86	  199.94	    0.04	    0.09	    0.12	  899.84	 3901.60	 1000.35	  599.83	  499.86	    0.06	    0.13	    0.12	    0.00	    0.05	    0.07	    0.15	    0.05	    0.15	    0.05	    0.03
10	3	    0.00	    0.00	    0.00	    0.00	    0.00	    0.00	    0.00	    0.00	    0.11	    1.34	 3407.93	    0.00	    0.00	 1199.98	    1.69	    0.00	    0.48	    0.00	    0.75	    0.00	    0.04	    0.76	  697.02	    0.03
10	9	    0.60	    0.18	    0.12	    0.58	    0.08	    0.05	    0.00	    0.00	    0.00	    0.00	11188.70	 2912.42	 1987.70	 1133.44	    0.00	    0.00	    0.00	    0.00	    0.00	    0.00	    0.00	    0.00	  332.46	   51.87
10	11	    0.00	    0.00	    0.00	    0.00	    0.00	    0.00	    0.00	    0.00	    0.11	 3189.85	 2400.26	    0.00	    0.00	  752.56	  657.23	  178.85	  899.47	    0.10	  281.65	    0.00	    0.00	    0.00	    0.00	    0.00
10	13	  301.19	  100.00	  100.17	 1001.22	  199.88	  199.81	    0.00	    0.00	  321.83	 1186.08	 5303.11	 1045.17	   52.62	    0.00	    0.00	    0.00	    0.00	    0.00	    0.00	    0.00	    0.00	    0.00	    0.00	    0.00
11	2	    0.00	    0.00	    0.00	    0.00	    0.00	    0.00	    0.00	    0.00	    0.00	    0.10	    0.47	 4640.84	 3528.83	    0.39	    0.08	    0.00	    0.03	    0.00	    0.01	    0.08	  302.47	  500.45	  403.03	  599.69
11	10	    0.96	    0.31	    0.33	    0.09	    0.03	    0.02	    0.00	    0.00	    0.00	    0.00	    0.00	 5357.21	 3040.01	    0.00	    0.00	    0.00	    0.00	    0.00	    0.00	    0.00	    0.17	    0.00	    0.00	    0.26
11	12	 1399.93	  300.08	  299.98	 1001.04	  203.68	  300.20	    2.80	  600.00	  799.80	 1900.06	 1000.51	 3901.96	    0.00	   52.58	   14.08	    0.88	  499.78	    0.06	    6.04	    0.00	    0.00	    0.00	    0.00	    0.00
12	11	    0.00	    0.00	    0.00	    0.00	    0.00	    0.00	    0.14	    0.00	    0.00	    0.00	    0.00	    0.00	 7868.84	    0.15	    0.00	    0.14	    0.00	    0.46	    0.00	  500.00	  602.64	 1200.45	 1103.03	 1099.95
12	23	  899.93	    0.08	  199.98	  401.04	    3.68	  100.20	    0.00	    0.00	  199.80	    0.06	    0.51	 2601.96	 6731.16	    0.00	    0.00	    0.00	    0.00	    0.00	    0.00	    0.00	    0.00	    0.00	    0.00	    0.00
13	10	    0.00	    0.00	    0.00	    0.00	    0.00	    0.00	    0.00	    0.00	    0.00	    0.00	    0.00	    0.00	    0.00	 4685.91	  758.51	    0.15	    0.10	    0.02	  252.40	  182.07	  398.21	  591.40	 2329.42	  651.62
13	14	    1.17	    0.01	    0.15	    1.56	    0.05	    0.01	    0.00	    0.00	    0.00	    0.00	 1001.39	  345.44	  113.54	 6210.76	    0.00	    0.00	    0.00	    0.00	    0.00	    0.00	    0.00	    0.00	 1212.88	  150.18
13	22	    0.03	    0.00	    0.02	  499.68	   99.83	   99.80	    0.00	    0.00	  193.56	  808.83	 2701.79	    0.00	    0.00	 3203.33	  434.27	    0.00	  223.87	    0.00	  135.77	    0.00	    0.00	    0.00	    0.00	    0.00
14	9	    0.00	    0.00	    0.00	    0.00	    0.00	    0.00	    0.00	    0.00	    0.00	    0.00	    0.00	    0.00	    0.00	 1566.65	 7955.66	    0.31	    0.71	    0.06	 3253.55	 1792.05	 1599.05	 4408.41	 1967.60	  748.44
14	13	    0.00	    0.00	    0.00	    0.00	    0.00	    0.00	  199.76	  399.51	  471.73	 1722.75	    0.07	    0.00	    0.00	    0.00	 2492.78	  699.37	  923.97	   99.88	  688.16	  681.06	    0.63	  700.15	    0.00	    0.00
14	18	  300.02	    0.08	    0.01	  200.06	  100.02	    0.12	    0.02	    0.03	  400.13	 3325.77	  846.79	  300.05	  286.00	 2897.94	 5899.75	    0.06	    0.43	    0.01	    0.00	    0.05	  588.51	 2899.91	  899.98	  276.51
14	21	    0.00	    0.00	    0.00	  399.32	  296.44	    0.00	    0.00	    0.00	 1306.57	 5591.11	  697.76	    0.00	    0.00	  446.16	 5051.80	    0.24	 2522.28	    0.00	 2098.20	    0.00	    0.00	    0.00	    0.00	    0.00
15	7	    0.00	    0.00	    0.00	    0.00	    0.00	    0.00	    0.00	    0.00	    0.00	    0.28	    0.00	    0.00	    0.00	    0.06	    0.18	 6382.36	 1973.43	    0.07	    0.26	    0.16	    0.02	    0.04	    0.02	    0.01
15	9	    0.00	    0.06	    0.00	    0.00	    0.00	    0.07	 2395.20	    0.69	    0.00	    0.00	    0.00	    0.00	    0.00	    0.00	    0.00	 6685.21	    0.59	  899.97	    0.20	 1126.13	    0.00	    0.00	    0.00	    0.00
15	16	    0.11	  200.03	    0.02	    0.12	    0.05	  500.07	 1000.33	 1400.54	    0.12	    0.53	    0.09	    0.12	    0.05	    0.00	    0.00	 5964.98	    0.00	  600.15	    0.00	 1581.80	  339.04	    0.00	    0.00	  113.46
15	17	    0.10	    0.02	    0.00	    0.07	    0.03	    0.17	    0.00	    0.69	    0.44	 3571.83	  752.06	    0.05	    0.01	    0.03	    0.06	 7067.45	 3742.79	    0.00	    0.06	    0.00	    0.00	    0.00	    0.00	    0.00
16	9	    0.00	    0.00	    0.00	    0.00	    0.00	    0.00	    0.23	    0.00	    0.00	    0.00	    0.00	    0.00	    0.00	    0.00	    0.00	    1.08	 8099.10	    0.10	    0.00	    0.17	    0.00	    0.00	    0.00	    0.00
16	15	    0.00	    0.00	    0.00	    0.00	    0.00	    0.00	    0.00	    0.00	    0.00	    2.28	    0.63	    0.00	    0.00	  693.06	 1188.93	    0.00	 8516.69	    0.00	 1288.38	    0.00	    0.06	    0.11	    0.05	    0.03
16	18	    0.03	    0.06	    0.00	    0.02	    0.01	    0.12	    0.20	    0.66	    0.04	    0.17	    0.00	    0.00	    0.00	    0.00	    0.00	 3164.02	 6784.22	    0.11	    0.00	    0.00	    0.00	    0.00	    0.00	    0.00
17	6	    0.00	    0.00	    0.00	    0.00	    0.00	    0.00	    0.00	    0.00	    0.10	 1897.55	  498.78	    0.14	  397.92	  599.87	 1099.86	 1731.76	 1126.69	 1199.44	 1399.70	 3099.57	  700.14	 1299.86	  499.99	  300.00
17	15	   25.92	   31.12	    7.22	   27.65	   17.28	   72.64	 4795.54	  186.78	   16.56	    0.39	    0.12	   15.36	  599.76	    7.03	   11.31	    0.00	    0.12	 2000.19	   12.15	 4308.09	  939.01	 1199.92	  499.97	  413.44
17	19	  300.04	  299.83	    0.00	  299.95	  100.03	  799.80	 2997.14	 3999.34	  599.97	  974.63	  153.34	    0.06	    0.06	    0.00	    0.00	 4835.69	 2016.12	 1600.37	    0.00	    0.00	    0.00	    0.00	    0.00	    0.00
18	14	    0.00	    0.02	    0.00	    0.00	    0.00	    0.04	  699.47	  999.12	    0.00	    0.00	    0.00	    0.00	    0.00	    0.00	    0.00	 1899.80	 4946.54	  299.81	 6839.91	 3572.00	    0.16	    0.41	    0.17	    0.07
18	16	    0.03	    0.02	    0.01	    0.04	    0.02	    0.00	    0.00	    0.00	    0.07	    0.31	    0.18	    0.05	    0.09	 1392.99	 2688.80	    0.00	    0.00	    0.00	 2988.30	  118.22	  260.96	 1699.96	  599.99	  186.54
18	19	    0.02	    0.00	    0.00	    0.04	    0.02	    0.03	    0.00	    0.00	    0.10	 1525.63	  446.60	    0.00	    0.00	 1204.96	 2410.95	    0.00	  138.10	    0.00	 2971.79	    0.00	    0.00	    0.00	    0.00	    0.00
19	17	    0.00	    0.00	    0.00	    0.00	    0.00	    0.00	    0.00	    0.00	    0.00	    0.25	    0.01	    1.75	 1097.67	  706.88	 1311.11	    0.00	    0.15	    0.00	 1711.78	 7807.65	 1739.14	 2799.79	 1099.96	  713.45
19	18	    0.00	   99.90	    0.00	    0.00	    0.00	  199.82	 1099.26	 1698.42	    0.00	    0.00	    0.00	    0.00	   14.08	    0.01	    0.00	   35.72	    0.00	  599.69	    0.00	 4890.17	   72.62	    0.46	    0.18	   10.11
19	20	    0.01	    0.00	    0.00	    0.03	    0.01	  100.01	  697.66	  600.45	    0.01	    0.05	    0.02	    0.01	    0.03	    0.02	    0.03	 1499.97	  453.86	  200.58	   60.12	 2701.18	    0.00	    0.08	    0.03	    0.02
19	21	    0.04	   99.92	    0.00	    0.02	    0.03	  199.98	  700.22	  800.47	    0.06	    0.22	    0.05	    0.00	    0.00	    0.00	    0.17	 1700.00	    0.29	  400.10	    0.08	 3101.00	    0.18	    0.00	    0.00	    0.00
20	19	    0.00	    0.00	    0.00	    0.06	    0.00	    0.00	    0.00	    0.00	    0.00	    0.11	    0.03	  401.67	 1711.61	    0.09	    0.18	    0.00	    0.08	    0.00	    0.19	    0.00	 3011.94	    0.24	    2.59	 1123.38
20	21	  260.20	    0.07	   65.05	    0.08	    0.00	    0.03	    0.10	    0.12	    0.00	    0.00	    0.00	  455.36	 1445.49	    0.00	    0.00	    0.26	    0.00	    0.06	    0.00	    0.62	 4791.22	    0.00	    0.41	 1596.65
20	23	    0.00	    0.00	    0.00	    0.00	    0.00	    0.02	  497.56	  200.33	    0.12	  479.14	    0.00	    0.00	    0.00	    0.00	  671.99	  899.79	  203.34	  100.52	  247.61	 1500.55	 3196.83	 2315.38	    0.00	    0.00
21	14	    0.00	    0.00	    0.00	    0.00	    0.00	    0.00	    0.30	    0.43	    0.00	    0.00	    0.00	    0.00	  858.55	    0.00	    0.00	    0.17	    0.00	    0.13	    0.00	    1.16	 2988.02	10608.06	 2654.53	 1274.70
21	19	    0.00	    0.00	    0.00	    0.00	    0.00	    0.00	    0.00	    0.00	    0.00	    0.16	    0.10	    0.03	    0.11	    1.86	    0.18	    0.00	    0.00	    0.00	    0.00	    0.00	    0.00	 5200.09	 1797.58	    0.19
21	20	    0.00	    0.00	    0.00	    0.00	   96.48	    0.00	    0.00	    0.00	  300.09	 1679.20	    1.54	    0.00	    0.00	    0.46	 1472.13	    0.08	  349.56	    0.00	  587.68	    0.00	    0.00	 4115.54	    0.32	    0.00
21	22	    0.00	    0.00	    0.00	    0.00	    0.00	    0.01	  200.02	  300.16	  306.54	 1311.97	    0.00	    0.00	    0.00	    0.00	  979.66	  500.25	  473.01	  100.02	  310.60	  700.46	    3.38	 4476.32	    0.00	    0.00
22	13	    0.01	    0.00	    0.00	    0.02	    0.00	    0.00	    0.24	    0.49	    0.00	    0.00	    0.00	    0.27	  660.92	    0.00	    0.00	    0.78	    0.00	    0.14	    0.01	    1.01	  797.58	 1091.25	 4642.30	 1201.80
22	21	  139.75	    0.01	   34.95	    0.59	    0.01	    0.00	    0.00	    0.00	    0.00	    0.00	  403.83	  244.67	  713.17	  756.16	    0.00	    0.00	    0.00	    0.00	    0.00	    0.00	    0.00	    0.00	 6552.01	  778.24
22	23	    0.00	    0.00	    0.00	    0.02	    0.00	    0.01	    0.03	    0.05	    0.10	  320.79	  998.01	    0.00	    0.00	 1347.18	  413.93	    0.11	   96.88	    0.00	  146.36	    0.32	    0.06	 1285.16	 3305.68	    0.00
23	12	    0.00	    0.00	    0.00	    0.00	    0.00	    0.00	  397.33	    0.00	    0.00	    0.00	    0.00	    0.00	    0.00	  547.57	  685.92	  599.26	    0.22	  100.40	  293.96	 1100.00	 1202.64	 2500.45	 1903.03	 1799.95
23	20	  360.19	    0.06	   65.05	  200.11	    3.50	    0.03	    0.00	    0.00	    0.02	    0.00	  398.47	 1157.01	 3757.07	  399.61	    0.00	    0.00	    0.00	    0.00	    0.00	    0.00	    0.00	    0.00	  702.65	 3220.01
23	22	  439.74	    0.01	  134.93	    0.95	    0.18	    0.20	    0.25	    0.38	    0.00	    0.00	    0.06	  944.94	 2174.09	    0.00	    0.00	    0.64	    0.00	    0.13	    0.00	    0.87	 1494.25	    0.10	    0.00	 2680.04
