0.000000000000000000e+00 1.000000000000000000e+00 4.556505638665453262e+03
0.000000000000000000e+00 2.000000000000000000e+00 8.228400323837031465e+03
1.000000000000000000e+00 0.000000000000000000e+00 4.628739709613760169e+03
1.000000000000000000e+00 5.000000000000000000e+00 5.949009474651569690e+03
2.000000000000000000e+00 0.000000000000000000e+00 8.156166252888710915e+03
2.000000000000000000e+00 3.000000000000000000e+00 1.409652246981171993e+04
2.000000000000000000e+00 1.100000000000000000e+01 1.006939456116081965e+04
3.000000000000000000e+00 2.000000000000000000e+00 1.404644683697094479e+04
3.000000000000000000e+00 4.000000000000000000e+00 1.809737613363869605e+04
3.000000000000000000e+00 1.000000000000000000e+01 5.206483335857491511e+03
4.000000000000000000e+00 3.000000000000000000e+00 1.804659171530242384e+04
4.000000000000000000e+00 5.000000000000000000e+00 8.783887574347212649e+03
4.000000000000000000e+00 8.000000000000000000e+00 1.579652476957484578e+04
5.000000000000000000e+00 1.000000000000000000e+00 6.021243545599884783e+03
5.000000000000000000e+00 4.000000000000000000e+00 8.815602221119848764e+03
5.000000000000000000e+00 7.000000000000000000e+00 1.254031414508604939e+04
6.000000000000000000e+00 7.000000000000000000e+00 1.234388574860375957e+04
6.000000000000000000e+00 1.700000000000000000e+01 1.600906203095989986e+04
7.000000000000000000e+00 5.000000000000000000e+00 1.264426286280698514e+04
7.000000000000000000e+00 6.000000000000000000e+00 1.212014382528140959e+04
7.000000000000000000e+00 8.000000000000000000e+00 7.086562915420268837e+03
7.000000000000000000e+00 1.500000000000000000e+01 8.412927060390160477e+03
8.000000000000000000e+00 4.000000000000000000e+00 1.571402570446591562e+04
8.000000000000000000e+00 7.000000000000000000e+00 6.892151302232334274e+03
8.000000000000000000e+00 9.000000000000000000e+00 2.170413132480621789e+04
9.000000000000000000e+00 8.000000000000000000e+00 2.152722064650936591e+04
9.000000000000000000e+00 1.000000000000000000e+01 1.767421708381209464e+04
9.000000000000000000e+00 1.400000000000000000e+01 2.301596975339287019e+04
9.000000000000000000e+00 1.500000000000000000e+01 1.109118889963882430e+04
9.000000000000000000e+00 1.600000000000000000e+01 8.100864051879218096e+03
1.000000000000000000e+01 3.000000000000000000e+00 5.307192121352995855e+03
1.000000000000000000e+01 9.000000000000000000e+00 1.764439131959557926e+04
1.000000000000000000e+01 1.100000000000000000e+01 8.323048874133328354e+03
1.000000000000000000e+01 1.300000000000000000e+01 9.779101680939376820e+03
1.100000000000000000e+01 2.000000000000000000e+00 1.004723612305327151e+04
1.100000000000000000e+01 1.000000000000000000e+01 8.385695076228426842e+03
1.100000000000000000e+01 1.200000000000000000e+01 1.229735161396758485e+04
1.200000000000000000e+01 1.100000000000000000e+01 1.243783937795516067e+04
1.200000000000000000e+01 2.300000000000000000e+01 1.108313679653566578e+04
1.300000000000000000e+01 1.000000000000000000e+01 9.887338500123247286e+03
1.300000000000000000e+01 1.400000000000000000e+01 9.006772113149027064e+03
1.300000000000000000e+01 2.200000000000000000e+01 8.425477728711475720e+03
1.400000000000000000e+01 9.000000000000000000e+00 2.351888349528738036e+04
1.400000000000000000e+01 1.300000000000000000e+01 9.099002922279409177e+03
1.400000000000000000e+01 1.800000000000000000e+01 1.909033535432973440e+04
1.400000000000000000e+01 2.100000000000000000e+01 1.847258261214648519e+04
1.500000000000000000e+01 7.000000000000000000e+00 8.487545467976702639e+03
1.500000000000000000e+01 9.000000000000000000e+00 1.123931805648199952e+04
1.500000000000000000e+01 1.600000000000000000e+01 1.164255932178964758e+04
1.500000000000000000e+01 1.700000000000000000e+01 1.557479672067044885e+04
1.600000000000000000e+01 9.000000000000000000e+00 7.202736239061215201e+03
1.600000000000000000e+01 1.500000000000000000e+01 1.203829934231375591e+04
1.600000000000000000e+01 1.800000000000000000e+01 1.019225347258052716e+04
1.700000000000000000e+01 6.000000000000000000e+00 1.623280395428224620e+04
1.700000000000000000e+01 1.500000000000000000e+01 1.540180426457602698e+04
1.700000000000000000e+01 1.900000000000000000e+01 1.903549927825345003e+04
1.800000000000000000e+01 1.400000000000000000e+01 1.960833770760215339e+04
1.800000000000000000e+01 1.600000000000000000e+01 9.689865680286660790e+03
1.800000000000000000e+01 1.900000000000000000e+01 8.851076983492253930e+03
1.900000000000000000e+01 1.700000000000000000e+01 1.898624874548138905e+04
1.900000000000000000e+01 1.800000000000000000e+01 8.866691544470793815e+03
1.900000000000000000e+01 2.000000000000000000e+01 6.220339566761394053e+03
1.900000000000000000e+01 2.100000000000000000e+01 7.003218717680789268e+03
2.000000000000000000e+01 1.900000000000000000e+01 6.087429867578995072e+03
2.000000000000000000e+01 2.100000000000000000e+01 8.723939351549834100e+03
2.000000000000000000e+01 2.300000000000000000e+01 1.029994600052929491e+04
2.100000000000000000e+01 1.400000000000000000e+01 1.844972480989900214e+04
2.100000000000000000e+01 1.900000000000000000e+01 7.002492445069653513e+03
2.100000000000000000e+01 2.000000000000000000e+01 8.683259936443997503e+03
2.100000000000000000e+01 2.200000000000000000e+01 9.669268503735011109e+03
2.200000000000000000e+01 1.300000000000000000e+01 8.441483738764951340e+03
2.200000000000000000e+01 2.100000000000000000e+01 9.605005013770525693e+03
2.200000000000000000e+01 2.300000000000000000e+01 7.919258945087629399e+03
2.300000000000000000e+01 1.200000000000000000e+01 1.112362456052324524e+04
2.300000000000000000e+01 2.000000000000000000e+01 1.020771571645273434e+04
2.300000000000000000e+01 2.200000000000000000e+01 7.871001465176625061e+03
