i	j	       0	       1	       2	       3	       4	       5	       6	       7	       8	       9	      10	      11	      12	      13	      14	      15	      16	      17	      18	      19	      20	      21	      22	      23
0	1	 2600.41	    0.00	  266.84	  200.02	   16.18	    0.00	    0.01	    0.02	   32.36	   97.11	  200.02	  475.18	  461.59	  100.00	   16.19	    0.02	    0.04	    0.00	    0.01	    0.00	    0.01	    0.08	    0.12	   28.40
0	2	 6199.59	 1165.76	    0.00	    0.00	    0.00	  236.17	  139.66	  243.00	    0.00	    0.00	    0.00	    0.00	    0.00	    0.00	    0.00	   98.94	    0.00	   34.56	    0.00	    0.02	    0.00	    0.00	    0.00	    0.00
1	0	    0.00	 1265.76	    0.00	    0.00	    0.00	  536.17	  639.64	 1042.97	    0.00	    0.00	    0.00	    0.00	    0.00	    0.00	    0.00	  598.92	    0.42	  134.55	    0.03	  299.98	    0.00	    0.02	    0.00	    0.00
1	5	 2500.41	 2734.24	  166.84	    0.04	    0.00	    0.00	    0.00	    0.00	    0.00	    0.00	    0.04	  375.18	  161.59	    0.01	    0.00	    0.00	    0.00	    0.00	    0.00	    0.00	    0.01	    0.03	    0.12	   28.40
2	0	    0.00	    0.00	  366.84	  700.02	  216.18	    0.00	    0.03	    0.05	  532.36	 1397.11	  700.02	  675.18	  961.59	  400.00	  516.19	    0.04	  399.62	    0.00	  299.99	    0.04	  100.01	  400.07	  300.12	  128.40
2	3	 4499.15	  665.47	 1932.91	    0.00	    0.00	    0.00	    0.00	    0.00	    0.00	    0.00	    0.00	 3746.09	 2502.04	    0.09	    0.00	    0.00	    0.00	    0.00	    0.00	    0.00	  202.77	    0.03	    1.59	  471.39
2	11	 1600.45	  400.29	  500.26	 1602.44	  403.19	  500.52	  774.70	 1200.00	 1399.34	  657.14	    1.11	    0.00	    0.00	    0.09	   48.10	  544.71	  185.28	  199.57	   20.61	    0.11	    0.00	    0.00	    0.00	    0.00
3	2	    0.00	    0.00	    0.00	 2502.46	  719.37	  564.35	  735.07	 1157.05	 2031.70	 2354.25	 1000.53	    0.00	    0.00	  499.58	  664.24	  645.80	  684.90	  165.02	  320.60	    0.10	    0.00	    0.08	    0.05	    0.00
3	4	 3197.57	  165.34	 1332.80	 6696.75	    0.00	    0.00	    0.00	    0.00	    0.00	    0.11	  906.04	 3145.74	 1901.76	  200.02	    0.08	    0.00	    0.01	    0.00	    0.02	    0.00	    2.90	    0.14	  199.88	  271.40
3	10	  801.57	  300.17	  400.11	 2400.79	  699.79	  599.68	    0.57	    4.33	    0.42	    0.16	    0.00	    0.34	    0.28	    0.07	    0.06	    0.12	    0.04	    0.02	    0.02	    0.02	    0.02	    0.05	    0.05	    0.02
4	3	    0.00	    0.04	    0.00	    0.00	 1919.16	 1564.03	 1135.64	 1861.38	 2732.12	 3553.34	    0.00	    0.00	    0.00	    0.00	 1163.59	 1445.92	 1184.51	  265.04	  520.33	  300.13	    0.03	  399.00	    0.00	    0.00
4	5	    0.00	    0.00	  527.01	 2137.22	 1263.92	    0.00	    0.02	    0.03	  567.79	 1302.83	  405.87	 1457.40	  580.64	  100.02	  283.36	    0.04	    0.04	    0.00	    0.12	    0.01	    0.01	    0.00	   99.88	   71.58
4	8	 2997.57	  899.68	  705.79	 4059.53	 2916.92	 1400.23	    0.03	    0.10	    0.00	    0.00	    0.17	 1488.34	 1121.12	    0.00	    0.00	    0.06	    0.00	    0.01	    0.00	    0.03	    0.00	    0.00	    0.00	  199.82
5	1	    0.00	    0.00	    0.00	    0.02	   83.82	  936.17	  839.64	 1442.95	  167.64	  502.89	    0.02	    0.00	    0.00	    0.01	   83.81	  998.90	  200.38	  134.55	  100.01	  399.98	    0.00	   99.96	    0.00	    0.00
5	4	    0.00	  834.38	    0.00	    0.00	    0.00	 3164.26	 1033.78	 1808.53	    0.00	    0.00	    0.00	    0.00	    0.00	    0.00	    0.00	 1457.80	    0.15	  203.76	    0.03	  302.49	    0.00	    0.00	    0.00	    0.00
5	7	 2200.41	 1499.86	  393.85	 1737.24	  980.10	 3499.57	    0.00	    0.00	    0.15	    0.07	    5.89	 1632.58	  542.23	    0.02	    0.00	    0.00	    0.00	    0.00	    0.00	    0.00	    0.00	    0.00	    0.00	    0.00
6	7	    0.00	    0.00	    0.00	    0.00	    0.00	    0.00	 4177.33	    0.00	    0.00	    0.00	    0.00	    0.00	    0.00	  399.87	  599.91	  383.73	  138.36	  999.79	  999.03	 2599.79	  500.20	  799.95	  299.97	  199.99
6	17	  441.33	  349.31	   13.20	  450.25	  131.52	  815.41	 7922.67	 4596.29	  845.48	    0.65	    0.13	  227.09	    0.06	    0.00	    0.00	    0.00	    0.03	    0.00	    0.00	    0.00	    0.00	    0.00	    0.00	    0.00
7	5	    0.00	    0.00	    0.00	    0.00	    0.00	    0.00	 2273.40	 4051.45	    0.00	    0.12	    0.00	    0.00	    0.00	    0.00	    0.44	 3356.67	  700.49	  438.31	  299.92	 1002.45	   99.99	  299.93	    0.00	    0.01
7	6	  941.33	  549.31	  113.20	  850.25	  331.52	 1215.41	    0.00	 5596.29	 1445.42	    2.81	    0.75	  927.02	   64.74	    0.00	    0.00	    0.00	    0.11	    0.00	    0.00	    0.00	    0.00	    0.00	    0.00	    0.00
7	8	    0.00	    0.00	    0.00	    0.00	    0.00	    0.00	  903.93	 3748.48	    0.00	    0.00	    0.00	    0.00	    0.00	    0.00	    0.00	 1267.60	    0.00	  261.60	    0.00	  697.69	    0.26	    0.09	    0.00	    0.00
7	15	  459.16	  550.59	  168.50	  669.36	  418.30	 1484.25	    0.00	 3303.78	  868.66	    0.00	    0.06	  466.54	    0.07	    0.00	    0.00	    0.00	    0.00	    0.00	    0.00	    0.00	    0.00	    0.00	    0.00	    0.00
8	4	    0.00	    0.00	    0.00	    0.00	    0.00	    0.00	  301.90	  552.99	 4099.91	 5856.07	    0.00	    0.00	    0.00	    0.00	 1646.88	  488.21	 1384.39	   61.29	  620.40	   97.68	   97.13	  598.86	    0.00	    0.00
8	7	    0.08	    0.04	   87.86	  482.37	  269.72	    0.09	    0.00	    0.00	 3113.93	 1602.61	  794.92	  360.98	  122.57	    0.00	    0.00	    0.00	    0.23	    0.00	    0.00	    0.00	    0.00	    0.00	    0.00	    0.00
8	9	 2497.50	  699.64	  517.93	 2877.15	 1847.20	 1000.14	    2.11	 2395.60	 8986.16	    0.00	    0.00	  527.42	  398.60	    0.00	    0.00	    0.25	    0.00	    0.39	    0.00	    0.34	    0.00	    0.00	    0.00	    0.00
9	8	    0.00	    0.00	    0.00	    0.00	    0.00	    0.00	    0.05	    0.00	    0.00	10258.67	 2194.75	    0.05	    0.05	  600.00	 2646.88	  620.80	 2284.62	    0.07	 1020.40	    0.30	  396.87	 1298.76	  500.00	    0.18
9	10	    0.00	    0.00	    0.00	    0.00	    0.00	    0.00	  499.43	  795.69	 1712.66	 8389.82	    0.00	    0.00	    0.00	    0.00	 1303.37	 1555.68	 1914.75	  199.97	  431.30	  437.84	    2.01	  484.99	    0.00	    0.00
9	14	  798.69	   99.93	   99.84	 1097.67	  597.12	  200.27	    0.00	    0.00	 3087.44	14612.28	 1887.20	  643.45	    6.02	    0.00	    0.00	    0.00	    0.80	    0.00	    0.00	    0.00	    0.00	    0.00	    0.00	    0.00
9	15	    0.00	    0.00	   18.33	   80.52	   50.32	    0.00	    0.00	    0.00	  486.22	 8038.48	 2166.41	  204.54	    0.38	    0.00	    0.00	    0.00	    0.00	    0.00	    0.00	    0.00	    0.00	    0.00	    0.00	    0.00
9	16	  399.49	    0.02	   99.96	  499.78	  199.91	    0.04	    0.08	    0.12	  899.84	 3900.75	 1000.10	  599.98	  499.86	    0.06	    0.13	    0.11	    0.00	    0.05	    0.07	    0.14	    0.05	    0.14	    0.05	    0.03
10	3	    0.00	    0.00	    0.00	    0.00	    0.00	    0.00	    0.00	    0.00	    0.00	    1.18	 3406.57	    0.00	    0.00	 1199.57	    0.78	    0.00	    0.44	    0.00	    0.31	    0.00	    0.13	    1.24	  698.40	    0.04
10	9	    0.68	    0.25	    0.19	    0.82	    0.16	    0.11	    0.00	    0.00	    0.00	    0.00	11148.45	 2920.61	 2007.71	 1142.91	    0.00	    0.00	    0.00	    0.00	    0.00	    0.00	    0.00	    0.00	  325.86	   56.37
10	11	    0.00	    0.00	    0.00	    0.00	    0.00	    0.00	    0.00	    0.00	    0.11	 3242.86	 2400.49	    0.00	    0.00	  717.63	  653.26	  155.98	  914.61	    0.02	  279.94	    0.00	    0.00	    0.00	    0.00	    0.00
10	13	  301.45	  100.13	  100.19	 1000.05	  199.66	  199.64	    0.00	    0.02	  312.97	 1145.94	 5344.49	 1056.86	   17.28	    0.00	    0.00	    0.00	    0.04	    0.00	    0.00	    0.00	    0.00	    0.00	    0.00	    0.00
11	2	    0.00	    0.00	    0.00	    0.00	    0.00	    0.00	    0.00	    0.00	    0.00	    0.00	    0.60	 4621.27	 3563.63	    0.61	    0.05	    0.00	    0.00	    0.00	    0.00	    0.03	  302.77	  500.01	  401.65	  599.79
11	10	    0.56	    0.21	    0.28	    0.08	    0.03	    0.07	    0.00	    0.00	    0.00	    0.00	    0.00	 5377.13	 3024.71	    0.00	    0.00	    0.00	    0.00	    0.00	    0.00	    0.00	    0.04	    0.00	    0.00	    0.59
11	12	 1399.89	  300.08	  299.98	 1002.36	  203.16	  300.45	   74.77	  600.00	  799.45	 1900.00	 1001.00	 3901.60	    0.00	   17.82	    1.63	    0.75	  499.89	    0.03	    0.70	    0.04	    0.00	    0.00	    0.00	    0.00
12	11	    0.00	    0.00	    0.00	    0.00	    0.00	    0.00	    0.07	    0.00	    0.00	    0.00	    0.00	    0.00	 7888.34	    0.70	    0.33	    0.07	    0.00	    0.44	    0.14	  499.96	  602.81	 1200.01	 1101.65	 1100.37
12	23	  899.89	    0.08	  199.98	  402.36	    3.16	  100.45	    0.00	    0.00	  199.45	    0.00	    1.00	 2601.60	 6711.66	    0.00	    0.00	    0.00	    0.00	    0.00	    0.00	    0.00	    0.00	    0.00	    0.00	    0.00
13	10	    0.00	    0.00	    0.00	    0.00	    0.00	    0.00	    0.00	    0.00	    0.00	    0.00	    0.00	    0.00	    0.00	 4660.05	  750.61	    0.19	    0.30	    0.03	  248.93	  162.13	  398.06	  616.20	 2324.20	  655.80
13	14	    1.34	    0.12	    0.17	    1.68	    0.06	    0.07	    0.00	    0.00	    0.00	    0.00	 1066.89	  356.54	   95.53	 6216.69	    0.00	    0.00	    0.00	    0.00	    0.00	    0.00	    0.00	    0.00	 1173.04	  123.10
13	22	    0.12	    0.01	    0.03	  498.39	   99.60	   99.58	    0.00	    0.00	  192.17	  796.26	 2677.67	    0.35	    0.44	 3223.27	  447.49	    0.00	  224.03	    0.00	  139.74	    0.00	    0.00	    0.00	    0.00	    0.00
14	9	    0.00	    0.00	    0.00	    0.00	    0.00	    0.00	    0.00	    0.00	    0.00	    0.00	    0.00	    0.00	    0.00	 1557.15	 7950.38	    0.30	    0.78	    0.05	 3251.58	 1738.23	 1598.93	 4383.90	 1974.19	  743.83
14	13	    0.00	    0.00	    0.00	    0.00	    0.00	    0.00	  199.60	  399.20	  479.20	 1750.31	    0.07	    0.00	    0.00	    0.00	 2498.10	  699.50	  924.29	   99.80	  688.66	  660.53	    0.33	  679.58	    0.00	    0.00
14	18	  300.03	    0.08	    0.01	  200.07	  100.03	    0.41	    0.02	    0.03	  400.14	 3258.28	  832.57	  300.06	  281.16	 2898.06	 5900.20	    0.06	    0.41	    0.01	    0.00	    0.05	  563.00	 2899.91	  899.98	  254.30
14	21	    0.00	    0.00	    0.00	  399.29	  297.15	    0.00	    0.00	    0.00	 1308.10	 5603.69	  721.45	    0.00	    0.00	  461.47	 5051.33	    0.23	 2466.48	    0.00	 2094.35	    0.00	    0.00	    0.00	    0.00	    0.00
15	7	    0.00	    0.00	    0.00	    0.00	    0.00	    0.00	    0.00	    0.00	    0.00	    0.27	    0.00	    0.00	    0.00	    0.11	    0.54	 6440.54	 1962.02	    0.12	    0.89	    0.35	    0.05	    0.08	    0.03	    0.02
15	9	    0.00	    0.05	    0.00	    0.00	    0.00	    0.07	 2397.23	    0.21	    0.00	    0.00	    0.00	    0.00	    0.00	    0.00	    0.00	 6574.92	    0.57	  899.57	    0.19	 1199.54	    0.00	    0.00	    0.00	    0.00
15	16	    0.50	  199.98	    0.03	    0.19	    0.08	  689.09	 1000.36	 1400.24	    0.12	    0.50	    0.09	    0.05	    0.00	    0.00	    0.00	 5831.52	    0.00	  600.15	    0.00	 1489.58	  348.28	    0.00	    0.00	  130.31
15	17	    0.02	    0.00	    0.00	    0.02	    0.00	   10.52	    0.00	    0.15	    0.16	 3639.53	  766.78	    0.13	    0.00	    0.03	    0.16	 7253.03	 3802.37	    0.00	    0.16	    0.00	    0.00	    0.00	    0.00	    0.00
16	9	    0.00	    0.00	    0.00	    0.00	    0.00	    0.00	    0.22	    0.00	    0.00	    0.00	    0.00	    0.00	    0.00	    0.00	    0.00	    1.13	 8098.83	    0.08	    0.00	    0.19	    0.00	    0.00	    0.00	    0.00
16	15	    0.00	    0.00	    0.00	    0.00	    0.00	    0.00	    0.00	    0.00	    0.00	    1.46	    0.28	    0.09	    0.08	  680.65	 1167.27	    0.00	 8564.83	    0.00	 1265.09	    0.00	    0.05	    0.11	    0.04	    0.03
16	18	    0.03	    0.02	    0.00	    0.02	    0.01	  189.14	    0.22	    0.35	    0.04	    0.16	    0.00	    0.00	    0.00	    0.00	    0.00	 3030.50	 6736.34	    0.12	    0.00	    0.00	    0.00	    0.00	    0.00	    0.00
17	6	    0.00	    0.00	    0.00	    0.00	    0.00	    0.00	    0.00	    0.00	    0.05	 1897.83	  499.38	    0.07	  335.32	  599.87	 1099.91	 1783.73	 1138.27	 1199.79	 1399.03	 3099.79	  700.20	 1299.95	  499.97	  299.99
17	15	   41.36	   49.45	   13.20	   50.32	   31.45	  115.43	 4797.59	  296.82	   45.39	    0.37	    0.12	   29.01	  599.48	   19.48	   33.42	    0.00	    0.11	 1999.84	   36.15	 4289.47	  948.28	 1199.97	  499.99	  430.30
17	19	  299.99	  299.86	    0.00	  299.95	  100.07	  610.49	 2925.08	 3999.62	  600.19	 1042.19	  167.45	    0.02	    0.00	    0.00	    0.00	 4969.30	 2064.14	 1600.37	    0.00	    0.00	    0.00	    0.00	    0.00	    0.00
18	14	    0.00	    0.04	    0.00	    0.00	    0.00	    0.08	  699.56	  999.15	    0.00	    0.00	    0.00	    0.00	    0.00	    0.00	    0.00	 1899.93	 4891.15	  299.84	 6834.59	 3498.36	    0.16	    0.38	    0.16	    0.07
18	16	    0.04	    0.02	    0.01	    0.05	    0.02	    0.00	    0.00	    0.00	    0.08	    0.37	    0.09	    0.06	    0.22	 1380.60	 2667.14	    0.00	    0.00	    0.00	 2965.02	  210.47	  251.72	 1699.96	  599.99	  169.70
18	19	    0.02	    0.00	    0.00	    0.04	    0.02	    0.02	    0.00	    0.00	    0.09	 1458.07	  432.48	    0.00	    0.00	 1217.48	 2433.05	    0.00	  145.60	    0.00	 3000.39	    0.00	    0.00	    0.00	    0.00	    0.00
19	17	    0.00	    0.00	    0.00	    0.00	    0.00	    0.00	    0.00	    0.00	    0.00	    0.21	    0.05	    1.88	 1034.74	  719.32	 1333.17	    0.00	    0.14	    0.00	 1735.03	 7789.25	 1748.48	 2799.92	 1099.96	  730.29
19	18	    0.00	   99.96	    0.00	    0.00	    0.00	   10.55	 1099.32	 1698.76	    0.00	    0.00	    0.00	    0.00	   19.06	    0.01	    0.00	  169.37	    0.00	  599.70	    0.00	 4908.78	   88.87	    0.43	    0.17	   15.46
19	20	    0.00	    0.00	    0.00	    0.01	    0.08	  100.01	  625.60	  600.42	    0.13	    0.05	    0.02	    0.01	    0.02	    0.02	    0.03	 1499.74	  509.56	  200.55	   65.47	 2700.68	    0.00	    0.07	    0.03	    0.02
19	21	    0.00	   99.90	    0.00	    0.02	    0.01	  199.95	  700.16	  800.44	    0.15	    0.21	    0.05	    0.00	    0.00	    0.00	    0.16	 1700.18	    0.11	  400.12	    0.08	 3101.29	    0.18	    0.00	    0.00	    0.00
20	19	    0.00	    0.00	    0.00	    0.00	    0.00	    0.00	    0.00	    0.00	    0.00	    0.11	    0.03	  401.79	 1653.64	    0.08	    0.17	    0.00	    0.07	    0.00	    0.18	    0.00	 3037.53	    0.24	    3.66	 1145.46
20	21	  263.30	    0.07	   65.83	    0.13	    0.00	    0.03	    0.06	    0.08	    0.00	    0.00	    0.00	  460.78	 1463.69	    0.00	    0.00	    0.16	    0.00	    0.03	    0.00	    0.40	 4764.51	    0.00	    0.00	 1600.01
20	23	    0.00	    0.00	    0.00	    0.00	    0.00	    0.02	  425.54	  200.34	    0.23	  487.40	    0.00	    0.00	    0.00	    0.00	  684.66	  899.67	  218.08	  100.52	  254.22	 1500.27	 3197.97	 2336.60	    0.00	    0.00
21	14	    0.00	    0.00	    0.00	    0.00	    0.00	    0.00	    0.06	    0.08	    0.00	    0.00	    0.00	    0.06	  879.61	    0.00	    0.00	    0.16	    0.00	    0.03	    0.00	    0.45	 2962.11	10563.01	 2700.98	 1274.97
21	19	    0.00	    0.00	    0.00	    0.04	    0.00	    0.00	    0.00	    0.00	    0.00	    0.10	    0.16	    0.08	    0.18	    1.79	    0.15	    0.00	    0.00	    0.00	    0.00	    0.00	    0.00	 5200.19	 1796.50	    0.31
21	20	    0.01	    0.00	    0.00	    0.03	   97.21	    0.00	    0.00	    0.00	  300.10	 1687.46	    2.82	    0.04	    0.08	    0.54	 1484.79	    0.08	  308.59	    0.00	  588.93	    0.00	    0.00	 4136.77	    0.41	    0.00
21	22	    0.00	    0.00	    0.00	    0.00	    0.00	    0.01	  200.16	  300.44	  308.15	 1316.34	    0.00	    0.00	    0.00	    0.00	  966.55	  500.34	  458.00	  100.12	  305.50	  701.24	    2.58	 4500.04	    0.00	    0.00
22	13	    0.01	    0.00	    0.00	    0.02	    0.00	    0.00	    0.40	    0.78	    0.00	    0.00	    0.00	    0.03	  678.69	    0.00	    0.00	    0.69	    0.00	    0.23	    0.01	    1.60	  797.74	 1136.63	 4597.24	 1178.91
22	21	  136.71	    0.03	   34.17	    0.64	    0.05	    0.03	    0.00	    0.00	    0.00	    0.00	  381.48	  239.40	  716.19	  740.86	    0.00	    0.00	    0.00	    0.00	    0.00	    0.00	    0.00	    0.00	 6597.89	  775.27
22	23	    0.01	    0.00	    0.00	    0.03	    0.00	    0.01	    0.05	    0.10	    0.33	  312.60	  996.24	    0.07	    0.00	 1382.41	  414.04	    0.38	   82.03	    0.04	  145.23	    0.64	    0.06	 1263.50	 3304.87	    0.00
23	12	    0.00	    0.00	    0.00	    0.00	    0.00	    0.00	  325.30	    0.00	    0.00	    0.00	    0.00	    0.00	    0.00	  582.88	  698.70	  599.32	    0.11	  100.41	  299.44	 1099.92	 1202.81	 2500.01	 1901.65	 1800.37
23	20	  363.29	    0.07	   65.83	  200.09	    2.71	    0.03	    0.00	    0.00	    0.00	    0.00	  397.19	 1162.52	 3717.22	  399.53	    0.00	    0.00	    0.00	    0.00	    0.00	    0.00	    0.00	    0.00	  703.22	 3245.45
23	22	  436.61	    0.02	  134.15	    2.29	    0.45	    0.45	    0.29	    0.44	    0.00	    0.00	    0.05	  939.15	 2194.44	    0.00	    0.00	    0.73	    0.00	    0.14	    0.00	    1.00	 1495.22	    0.09	    0.00	 2654.18
