i	j	       0	       1	       2	       3	       4	       5	       6	       7	       8	       9	      10	      11	      12	      13	      14	      15	      16	      17	      18	      19	      20	      21	      22	      23
0	1	 2857.60	    0.00	  225.68	  200.05	   15.06	    0.00	    0.01	    0.02	   30.11	   90.33	  200.05	  343.87	  418.72	  100.01	   15.11	    0.02	    0.02	    0.00	    0.04	    0.00	    0.02	    0.16	    0.05	   24.97
0	2	 5942.40	 1196.20	    0.00	    0.00	    0.00	  241.91	  202.71	  243.07	    0.00	    0.00	    0.00	    0.00	    0.00	    0.00	    0.00	   94.71	    0.00	   34.62	    0.00	    0.02	    0.00	    0.00	    0.00	    0.00
1	0	    0.00	 1296.20	    0.00	    0.00	    0.00	  541.91	  702.69	 1043.03	    0.00	    0.00	    0.00	    0.00	    0.00	    0.00	    0.00	  594.69	    0.47	  134.61	    0.05	  300.01	    0.00	    0.02	    0.00	    0.00
1	5	 2757.60	 2703.80	  125.68	    0.07	    0.00	    0.00	    0.00	    0.00	    0.00	    0.00	    0.07	  243.87	  118.72	    0.02	    0.00	    0.00	    0.00	    0.00	    0.00	    0.00	    0.02	    0.04	    0.05	   24.97
2	0	    0.00	    0.00	  325.68	  700.05	  215.06	    0.00	    0.03	    0.05	  530.11	 1390.33	  700.05	  543.87	  918.72	  400.01	  515.11	    0.04	  399.54	    0.00	  299.99	    0.02	  100.01	  400.15	  300.05	  124.97
2	3	 4498.91	  695.94	 1974.05	    0.00	    0.00	    0.00	    0.00	    0.00	    0.00	    0.00	    0.00	 3844.97	 2489.69	    0.09	    0.00	    0.00	    0.00	    0.00	    0.00	    0.00	  299.92	    0.49	    3.03	  474.73
2	11	 1343.49	  400.25	  500.27	 1601.97	  500.35	  500.44	 1080.37	 1200.00	 1399.72	  658.73	    0.48	    0.00	    0.00	    0.10	   51.75	  530.82	  185.52	  199.90	   22.18	    0.20	    0.00	    0.00	    0.00	    0.00
3	2	    0.00	    0.00	    0.00	 2502.02	  815.40	  558.53	  977.69	 1156.98	 2029.83	 2348.61	 1000.08	    0.00	    0.00	  499.85	  666.66	  636.15	  684.95	  165.28	  322.09	    0.20	    0.00	    0.04	    0.03	    0.00
3	4	 3198.19	  195.91	 1373.99	 6697.24	    0.00	    0.00	    0.00	    0.00	    0.00	    0.08	  904.68	 3244.59	 1889.37	  200.01	    0.07	    0.00	    0.03	    0.00	    0.02	    0.00	   99.99	    0.18	  199.95	  274.75
3	10	  800.72	  300.08	  400.05	 2400.75	  699.61	  599.40	    0.40	    5.72	    0.39	    0.17	    0.00	    0.38	    0.32	    0.07	    0.06	    0.23	    0.04	    0.02	    0.02	    0.03	    0.02	    0.05	    0.05	    0.03
4	3	    0.00	    0.04	    0.00	    0.00	 2015.01	 1557.93	 1378.10	 1862.70	 2730.21	 3547.59	    0.00	    0.00	    0.00	    0.00	 1164.75	 1436.38	 1184.61	  265.31	  521.36	  300.22	    0.03	  397.79	    0.00	    0.00
4	5	    0.00	    0.00	  551.67	 2092.21	 1239.57	    0.00	    0.02	    0.03	  570.05	 1309.61	  404.50	 1507.19	  548.62	  100.02	  284.34	    0.04	    0.04	    0.00	    0.09	    0.01	    0.01	    0.00	   99.95	   75.01
4	8	 2998.19	  899.71	  722.32	 4105.02	 2845.42	 1399.88	    0.03	    0.10	    0.00	    0.00	    0.18	 1537.40	 1140.75	    0.00	    0.00	    0.06	    0.00	    0.01	    0.00	    0.00	    0.01	    0.00	    0.00	  199.74
5	1	    0.00	    0.00	    0.00	    0.02	   84.94	  941.91	  902.68	 1443.02	  169.89	  509.67	    0.02	    0.00	    0.00	    0.01	   84.89	  994.67	  200.46	  134.61	  100.01	  400.00	    0.00	   99.90	    0.00	    0.00
5	4	    0.00	  803.85	    0.00	    0.00	    0.00	 3157.80	 1174.53	 1759.99	    0.00	    0.00	    0.00	    0.00	    0.00	    0.00	    0.00	 1422.81	    0.22	  197.01	    0.07	  300.69	    0.01	    0.00	    0.00	    0.00
5	7	 2457.60	 1499.96	  377.35	 1692.26	  954.62	 3500.29	    0.00	    0.00	    0.16	    0.07	    4.55	 1551.05	  467.34	    0.03	    0.00	    0.00	    0.00	    0.00	    0.00	    0.00	    0.00	    0.00	    0.00	    0.00
6	7	    0.00	    0.00	    0.00	    0.00	    0.00	    0.00	 4485.14	    0.00	    0.00	    0.00	    0.00	    0.00	    0.00	  399.71	  600.07	  294.34	  101.10	  999.84	  999.17	 2599.44	  500.16	  799.76	  299.97	  199.99
6	17	  676.27	  322.80	    4.21	  416.89	  110.58	  953.63	 7614.86	 4436.56	  806.62	    0.21	    0.13	  206.66	    0.05	    0.00	    0.00	    0.00	    0.00	    0.00	    0.00	    0.00	    0.00	    0.00	    0.00	    0.00
7	5	    0.00	    0.00	    0.00	    0.00	    0.00	    0.00	 2477.19	 4002.97	    0.00	    0.13	    0.00	    0.00	    0.00	    0.00	    0.55	 3317.44	  700.64	  431.62	  300.00	 1000.68	   99.99	  299.85	    0.00	    0.01
7	6	 1176.27	  522.80	  104.21	  816.89	  310.58	 1353.63	    0.00	 5436.56	 1406.57	    3.46	    1.53	  906.66	    2.07	    0.00	    0.00	    0.00	    0.08	    0.00	    0.00	    0.00	    0.00	    0.00	    0.00	    0.00
7	8	    0.00	    0.00	    0.00	    0.00	    0.00	    0.00	 1007.95	 3796.96	    0.00	    0.00	    0.00	    0.00	    0.00	    0.00	    0.00	 1225.04	    0.00	  268.37	    0.00	  699.09	    0.24	    0.00	    0.00	    0.00
7	15	  481.41	  577.20	  167.73	  668.65	  417.95	 1346.75	    0.00	 3463.50	  819.53	    0.00	    0.18	  439.76	    0.46	    0.00	    0.00	    0.00	    0.00	    0.00	    0.00	    0.00	    0.00	    0.00	    0.00	    0.00
8	4	    0.00	    0.00	    0.00	    0.00	    0.00	    0.00	  403.61	  602.85	 4100.26	 5857.13	    0.00	    0.00	    0.00	    0.00	 1649.01	  513.67	 1384.40	   68.31	  621.36	   99.54	    0.05	  597.60	    0.00	    0.00
8	7	    0.08	    0.04	   94.59	  493.27	  273.90	    0.09	    0.00	    0.00	 3025.94	 1603.24	  797.15	  395.36	  135.18	    0.00	    0.00	    0.00	    0.20	    0.00	    0.00	    0.00	    0.00	    0.00	    0.00	    0.00
8	9	 2498.11	  699.66	  527.74	 2911.75	 1771.52	  999.79	    4.42	 2394.21	 9073.80	    0.00	    0.00	  542.09	  405.63	    0.00	    0.00	    0.24	    0.00	    0.18	    0.00	    0.00	    0.00	    0.00	    0.00	    0.00
9	8	    0.00	    0.00	    0.00	    0.00	    0.00	    0.00	    0.05	    0.00	    0.00	10260.37	 2196.98	    0.05	    0.05	  600.00	 2649.01	  688.81	 2284.61	    0.11	 1021.36	    0.45	  299.80	 1297.60	  500.00	    0.26
9	10	    0.00	    0.00	    0.00	    0.00	    0.00	    0.00	  499.58	  794.31	 1726.41	 8448.32	    0.00	    0.00	    0.00	    0.00	 1288.72	 1569.07	 1914.13	  199.88	  425.69	  415.27	    0.29	  540.72	    0.00	    0.00
9	14	  799.38	   99.98	   99.92	 1098.33	  499.96	  199.82	    0.00	    0.00	 3073.43	14723.27	 1961.62	  652.15	    3.34	    0.00	    0.00	    0.00	    0.81	    0.00	    0.00	    0.00	    0.00	    0.00	    0.00	    0.00
9	15	    0.00	    0.00	   28.08	  114.68	   71.59	    0.00	    0.00	    0.00	  574.04	 7867.64	 2119.81	  252.51	    0.27	    0.00	    0.00	    0.00	    0.00	    0.00	    0.00	    0.00	    0.00	    0.00	    0.00	    0.00
9	16	  399.59	    0.02	   99.98	  499.92	  199.97	    0.04	    0.08	    0.12	  899.92	 3900.40	  999.91	  599.90	  499.64	    0.06	    0.13	    0.12	    0.00	    0.05	    0.07	    0.14	    0.05	    0.14	    0.05	    0.03
10	3	    0.00	    0.00	    0.00	    0.00	    0.00	    0.00	    0.00	    0.00	    0.00	    1.27	 3404.75	    0.00	    0.00	 1199.84	    2.05	    0.00	    0.41	    0.00	    0.76	    0.00	    0.06	    1.99	  697.00	    0.05
10	9	    0.86	    0.28	    0.25	    1.18	    0.00	    0.00	    0.00	    0.00	    0.00	    0.00	11178.32	 2962.52	 1997.68	 1136.62	    0.00	    0.00	    0.00	    0.00	    0.00	    0.00	    0.00	    0.00	  332.46	   54.54
10	11	    0.00	    0.00	    0.00	    0.00	    0.00	    0.00	    0.00	    0.00	    0.16	 3241.86	 2400.33	    0.00	    0.00	  705.74	  650.05	  169.74	  914.27	    0.02	  278.59	    0.08	    0.00	    0.21	    0.18	    0.00
10	13	  300.57	  100.03	  100.07	  999.65	  199.63	  199.42	    0.00	    0.03	  326.64	 1205.37	 5316.60	 1047.74	    7.99	    0.00	    0.00	    0.00	    0.00	    0.00	    0.00	    0.00	    0.00	    0.00	    0.00	    0.00
11	2	    0.00	    0.00	    0.00	    0.00	    0.00	    0.00	    0.00	    0.00	    0.00	    0.45	    0.45	 4588.84	 3508.42	    0.36	    0.19	    0.00	    0.11	    0.00	    0.08	    0.00	  399.93	  500.60	  403.05	  599.70
11	10	    0.71	    0.23	    0.27	    0.08	    0.03	    0.02	    0.00	    0.00	    0.00	    0.00	    0.00	 5409.88	 3005.35	    0.00	    0.00	    0.00	    0.00	    0.00	    0.00	    0.00	    0.07	    0.00	    0.00	    0.27
11	12	 1142.78	  300.03	  300.00	 1001.89	  300.32	  300.42	  380.37	  600.00	  799.87	 1900.14	 1000.35	 3901.28	    0.00	    5.94	    1.60	    0.56	  499.68	    0.06	    0.69	    0.00	    0.00	    0.00	    0.00	    0.00
12	11	    0.00	    0.00	    0.00	    0.00	    0.00	    0.00	    0.00	    0.00	    0.00	    0.00	    0.00	    0.00	 7813.76	    0.45	    0.00	    0.00	    0.00	    0.15	    0.00	  499.72	  700.00	 1200.39	 1102.87	 1099.97
12	23	  642.78	    0.03	  200.00	  401.89	  100.32	  100.42	    0.00	    0.00	  199.87	    0.14	    0.35	 2601.28	 6786.24	    0.00	    0.00	    0.00	    0.00	    0.00	    0.00	    0.00	    0.00	    0.00	    0.00	    0.00
13	10	    0.00	    0.00	    0.00	    0.00	    0.00	    0.00	    0.02	    0.00	    0.00	    0.00	    0.00	    0.00	    0.00	 4642.13	  763.31	    0.44	    0.51	    0.11	  253.64	  184.78	  399.69	  561.43	 2329.58	  654.29
13	14	    0.58	    0.04	    0.08	    0.70	    0.00	    0.00	    0.00	    0.00	    0.00	    0.00	 1078.67	  347.77	   80.43	 6284.58	    0.00	    0.00	    0.00	    0.00	    0.00	    0.00	    0.00	    0.00	 1170.76	  105.50
13	22	    0.00	    0.00	    0.00	  498.97	   99.64	   99.42	    0.00	    0.00	  213.34	  888.43	 2637.99	    0.00	    0.00	 3173.29	  465.07	    0.00	  239.94	    0.00	  147.11	    0.00	    0.00	    0.00	    0.00	    0.00
14	9	    0.00	    0.00	    0.00	    0.00	    0.00	    0.00	    0.08	    0.00	    0.00	    0.00	    0.00	    0.00	    0.00	 1563.45	 7937.86	    0.30	    0.00	    0.09	 3246.93	 1712.15	 1500.14	 4438.47	 1967.59	  745.75
14	13	    0.00	    0.00	    0.00	    0.00	    0.00	    0.00	  172.11	  344.22	  486.71	 1783.06	    0.07	    0.00	    0.00	    0.00	 2528.39	  668.28	  940.45	   86.05	  700.74	  605.04	    0.00	  810.59	    0.00	    0.00
14	18	  299.97	    0.06	    0.00	  200.00	  100.00	    0.10	    0.03	    0.03	  400.06	 3428.52	  878.32	  300.00	  230.73	 2898.41	 5898.99	    0.05	    0.42	    0.03	    0.00	    0.20	  258.77	 2899.91	  899.98	  156.98
14	21	    0.00	    0.00	    0.00	  399.03	  199.96	    0.00	    0.00	    0.00	 1286.66	 5511.69	  761.90	    0.00	    0.00	  522.72	 5034.76	    0.23	 2958.95	    0.00	 2152.29	    0.52	    0.00	    0.00	    0.00	    0.00
15	7	    0.00	    0.00	    0.00	    0.00	    0.00	    0.00	    0.00	    0.00	    0.00	    0.27	    0.00	    0.00	    0.00	    0.26	    0.49	 6448.14	 1999.42	    0.15	    0.82	    0.33	    0.06	    0.09	    0.04	    0.02
15	9	    0.00	    0.05	    0.00	    0.00	    0.00	    0.07	 2395.06	    0.22	    0.00	    0.00	    0.00	    0.00	    0.00	    0.00	    0.00	 6656.19	    0.57	  899.73	    0.20	 1203.72	    0.00	    0.00	    0.00	    0.00
15	16	    0.46	  200.03	    0.02	    0.12	    0.05	  500.06	 1000.20	 1400.38	    0.12	    0.51	    0.09	    0.10	    0.04	    0.00	    0.00	 5804.54	    0.00	  600.08	    0.00	 1521.91	  508.81	    0.00	    0.00	  200.79
15	17	    0.05	    0.02	    0.00	    0.05	    0.01	    0.08	    0.00	    0.36	    0.44	 3467.98	  720.02	    0.22	    0.03	    0.18	    0.48	 7191.13	 3400.43	    0.00	    1.15	    0.00	    0.00	    0.00	    0.00	    0.00
16	9	    0.00	    0.00	    0.00	    0.00	    0.00	    0.00	    0.15	    0.00	    0.00	    0.00	    0.00	    0.00	    0.00	    0.00	    0.00	    1.26	 8098.97	    0.06	    0.00	    0.00	    0.00	    0.00	    0.00	    0.00
16	15	    0.00	    0.00	    0.00	    0.00	    0.00	    0.00	    0.00	    0.00	    0.00	    0.75	    0.00	    0.00	    0.00	  699.11	 1198.77	    0.00	 8200.30	    0.00	 1299.88	    0.00	    0.05	    0.11	    0.04	    0.03
16	18	    0.05	    0.05	    0.00	    0.03	    0.02	    0.10	    0.13	    0.50	    0.04	    0.16	    0.00	    0.00	    0.00	    0.00	    0.00	 3003.40	 7100.72	    0.08	    0.00	    0.00	    0.00	    0.00	    0.00	    0.00
17	6	    0.00	    0.00	    0.00	    0.00	    0.00	    0.00	    0.00	    0.00	    0.05	 1896.76	  498.60	    0.00	  397.99	  599.71	 1100.07	 1694.34	 1101.02	 1199.84	 1399.17	 3099.44	  700.16	 1299.76	  499.97	  299.99
17	15	   19.11	   22.91	    4.21	   16.84	   10.52	   53.46	 4795.26	  137.46	    6.98	    0.37	    0.12	    8.06	  599.34	    1.34	    2.19	    0.00	    0.12	 1999.96	    2.29	 4325.96	 1108.82	 1199.99	  499.99	  500.79
17	19	  557.22	  299.91	    0.00	  300.10	  100.07	  800.25	 2619.60	 3999.47	  600.02	  871.39	  121.43	    0.23	    0.00	    0.00	    0.00	 4996.79	 1699.44	 1600.20	    0.20	    0.00	    0.00	    0.00	    0.00	    0.00
18	14	    0.00	    0.04	    0.00	    0.00	    0.00	    0.29	  671.62	  943.68	    0.00	    0.00	    0.00	    0.00	    0.00	    0.00	    0.00	 1868.72	 5399.01	  285.92	 6899.96	 3415.52	    0.16	    0.39	    0.16	    0.07
18	16	    0.00	    0.00	    0.00	    0.00	    0.00	    0.00	    0.00	    0.00	    0.00	    0.00	    0.00	    0.00	    0.32	 1399.05	 2698.65	    0.00	    0.00	    0.00	 2999.81	  177.95	   91.19	 1699.97	  599.99	   99.21
18	19	    0.02	    0.00	    0.00	    0.04	    0.02	    0.03	    0.00	    0.00	    0.10	 1628.68	  478.32	    0.00	    0.00	 1199.37	 2400.34	    0.00	    2.13	    0.00	 2900.23	    0.00	    0.00	    0.00	    0.00	    0.00
19	17	    0.00	    0.00	    0.00	    0.00	    0.00	    0.00	    0.00	    0.00	    0.00	    0.33	    0.00	    1.40	 1097.25	  700.86	 1301.78	    0.00	    0.14	    0.00	 1700.51	 7825.40	 1908.98	 2799.74	 1099.96	  800.78
19	18	    0.00	   99.94	    0.00	    0.00	    0.00	  200.11	 1071.46	 1643.16	    0.00	    0.00	    0.00	    0.00	   69.59	    0.01	    0.00	  165.26	    0.00	  585.81	    0.00	 4793.27	  232.58	    0.44	    0.18	   42.30
19	20	    0.02	    0.00	    0.00	    0.01	    0.02	  100.00	  313.14	  588.19	    0.06	    0.05	    0.02	    0.00	    0.00	    0.00	    0.03	 1445.73	    0.97	  194.17	    0.02	 5009.33	    0.00	    0.00	    0.00	    0.00
19	21	  257.21	   99.97	    0.00	    0.13	    0.06	  200.16	  735.00	  868.12	    0.06	    0.22	    0.05	    0.00	    0.00	    0.00	    0.17	 1785.80	    0.53	  420.22	    0.08	  872.00	    0.18	    0.00	    0.00	    0.00
20	19	    0.00	    0.00	    0.00	    0.00	    0.00	    0.00	    0.00	    0.00	    0.00	    0.10	    0.03	  401.16	 1766.44	    0.08	    0.16	    0.00	    0.07	    0.00	    0.18	    0.00	 3341.75	    0.23	    2.52	 1242.40
20	21	   83.84	    0.02	   59.71	    0.00	    0.00	    0.01	    0.06	    0.08	    0.00	    0.00	    0.00	  417.99	 1289.63	    0.00	    0.00	    0.15	    0.00	    0.03	    0.00	 2399.78	 4359.10	    0.00	    0.00	 1378.91
20	23	    0.00	    0.00	    0.00	    0.00	    0.00	    0.02	  113.08	  188.12	    0.03	  504.26	    0.00	    0.00	    0.00	    0.00	  710.46	  845.65	  194.18	   94.13	  258.32	 1409.56	 3299.15	 2426.25	    0.00	    0.00
21	14	    0.00	    0.00	    0.00	    0.00	    0.00	    0.00	    0.60	    0.56	    0.00	    0.00	    0.00	    0.08	  846.95	    0.00	    0.00	    0.16	    0.00	    0.25	    0.00	    2.38	 2558.74	10748.58	 2696.66	 1197.15
21	19	    0.00	    0.00	    0.00	    0.00	    0.00	    0.00	    0.00	    0.00	    0.00	    0.42	    0.29	    0.02	    0.39	    1.42	    1.48	    0.00	    0.00	    0.00	    0.00	    0.00	    0.00	 5199.95	 1797.61	    0.68
21	20	    0.00	    0.00	    0.00	    0.03	    0.04	    0.00	    0.00	    0.00	  299.95	 1704.32	    1.08	    0.01	    0.03	    0.33	 1510.58	    0.08	  793.28	    0.00	  658.48	    0.00	    0.00	 4226.48	    0.39	    0.02
21	22	    0.00	    0.00	    0.00	    0.00	    0.00	    0.16	  234.45	  367.63	  286.77	 1207.17	    0.00	    0.00	    0.00	    0.00	  922.87	  585.95	  466.20	  120.01	  293.89	  869.91	    0.53	 4224.98	    0.00	    0.00
22	13	    0.01	    0.00	    0.00	    0.02	    0.00	    0.00	   27.91	   55.75	    0.00	    0.00	    0.00	    0.03	  672.45	    0.00	    0.00	   32.16	    0.00	   14.06	    0.01	   79.75	  799.69	  950.84	 4600.34	 1159.79
22	21	   58.95	    0.00	   40.29	    0.88	    0.02	    0.00	    0.00	    0.00	    0.00	    0.00	  339.42	  282.12	  857.75	  679.03	    0.00	    0.00	    0.00	    0.00	    0.00	    0.00	    0.00	    0.00	 6594.66	  918.95
22	23	    0.00	    0.00	    0.00	    0.00	    0.00	    0.00	    6.69	   12.10	    0.11	  295.60	  998.63	    0.00	    0.00	 1394.26	  387.94	   54.16	  106.14	    6.02	  140.99	   90.66	    0.06	 1174.14	 3305.00	    0.00
23	12	    0.00	    0.00	    0.00	    0.00	    0.00	    0.00	   19.63	    0.00	    0.00	    0.00	    0.00	    0.00	    0.00	  594.52	  698.40	  599.44	    0.32	  100.08	  299.31	 1099.72	 1300.00	 2500.39	 1902.87	 1799.97
23	20	  183.82	    0.02	   59.71	  199.96	   99.94	    0.02	    0.00	    0.00	    0.01	    0.00	  398.93	 1119.14	 3656.04	  399.75	    0.00	    0.00	    0.00	    0.00	    0.00	    0.00	    0.00	    0.00	  702.13	 3121.28
23	22	  358.96	    0.01	  140.29	    1.93	    0.38	    0.41	    0.14	    0.22	    0.00	    0.00	    0.05	  982.15	 2330.20	    0.00	    0.00	    0.37	    0.00	    0.07	    0.00	    0.50	 1499.22	    0.00	    0.00	 2778.74
