0.000000000000000000e+00 1.000000000000000000e+00 4.537773987325384951e+03
0.000000000000000000e+00 2.000000000000000000e+00 8.117286026918011885e+03
1.000000000000000000e+00 0.000000000000000000e+00 4.518309346544816435e+03
1.000000000000000000e+00 5.000000000000000000e+00 5.995915146529661797e+03
2.000000000000000000e+00 0.000000000000000000e+00 8.136750667698569487e+03
2.000000000000000000e+00 3.000000000000000000e+00 1.376202241131850860e+04
2.000000000000000000e+00 1.100000000000000000e+01 1.009550199365091248e+04
3.000000000000000000e+00 2.000000000000000000e+00 1.411783728599869755e+04
3.000000000000000000e+00 4.000000000000000000e+00 1.835578073223392130e+04
3.000000000000000000e+00 1.000000000000000000e+01 5.210601878886769555e+03
4.000000000000000000e+00 3.000000000000000000e+00 1.811877164115134656e+04
4.000000000000000000e+00 5.000000000000000000e+00 8.806184325889715183e+03
4.000000000000000000e+00 8.000000000000000000e+00 1.610174458751751627e+04
5.000000000000000000e+00 1.000000000000000000e+00 5.976450505749092372e+03
5.000000000000000000e+00 4.000000000000000000e+00 8.797175778206727045e+03
5.000000000000000000e+00 7.000000000000000000e+00 1.254377660567440216e+04
6.000000000000000000e+00 7.000000000000000000e+00 1.205963328577069115e+04
6.000000000000000000e+00 1.700000000000000000e+01 1.583371798999411658e+04
7.000000000000000000e+00 5.000000000000000000e+00 1.251530341721082550e+04
7.000000000000000000e+00 6.000000000000000000e+00 1.204523398531691237e+04
7.000000000000000000e+00 8.000000000000000000e+00 6.833695700149084587e+03
7.000000000000000000e+00 1.500000000000000000e+01 8.385074122066682321e+03
8.000000000000000000e+00 4.000000000000000000e+00 1.587374404411794967e+04
8.000000000000000000e+00 7.000000000000000000e+00 6.786461981232504513e+03
8.000000000000000000e+00 9.000000000000000000e+00 2.152164813482135651e+04
9.000000000000000000e+00 8.000000000000000000e+00 2.134641387250520711e+04
9.000000000000000000e+00 1.000000000000000000e+01 1.776889877653860458e+04
9.000000000000000000e+00 1.400000000000000000e+01 2.312322313280796516e+04
9.000000000000000000e+00 1.500000000000000000e+01 1.103888335116338749e+04
9.000000000000000000e+00 1.600000000000000000e+01 8.100362965753311983e+03
1.000000000000000000e+01 3.000000000000000000e+00 5.903425844649521423e+03
1.000000000000000000e+01 9.000000000000000000e+00 1.737198472727734406e+04
1.000000000000000000e+01 1.100000000000000000e+01 8.309233514365403607e+03
1.000000000000000000e+01 1.300000000000000000e+01 9.730379002661864433e+03
1.100000000000000000e+01 2.000000000000000000e+00 9.759151759751306599e+03
1.100000000000000000e+01 1.000000000000000000e+01 8.574294977791965721e+03
1.100000000000000000e+01 1.200000000000000000e+01 1.230687148259867718e+04
1.200000000000000000e+01 1.100000000000000000e+01 1.233558271212564068e+04
1.200000000000000000e+01 2.300000000000000000e+01 1.117916061557030844e+04
1.300000000000000000e+01 1.000000000000000000e+01 9.861227455736787306e+03
1.300000000000000000e+01 1.400000000000000000e+01 8.969189242682281474e+03
1.300000000000000000e+01 2.200000000000000000e+01 8.378600544566843382e+03
1.400000000000000000e+01 9.000000000000000000e+00 2.320398397185659633e+04
1.400000000000000000e+01 1.300000000000000000e+01 9.047507249729638716e+03
1.400000000000000000e+01 1.800000000000000000e+01 1.909281555663907056e+04
1.400000000000000000e+01 2.100000000000000000e+01 1.840956998513561848e+04
1.500000000000000000e+01 7.000000000000000000e+00 8.389435352065929692e+03
1.500000000000000000e+01 9.000000000000000000e+00 1.107943856402535675e+04
1.500000000000000000e+01 1.600000000000000000e+01 1.169242473867653644e+04
1.500000000000000000e+01 1.700000000000000000e+01 1.526893597338832660e+04
1.600000000000000000e+01 9.000000000000000000e+00 8.100726700787822665e+03
1.600000000000000000e+01 1.500000000000000000e+01 1.166992318578042978e+04
1.600000000000000000e+01 1.800000000000000000e+01 9.956605682829247598e+03
1.700000000000000000e+01 6.000000000000000000e+00 1.584811729044788808e+04
1.700000000000000000e+01 1.500000000000000000e+01 1.533635396914564444e+04
1.700000000000000000e+01 1.900000000000000000e+01 1.901724441344889419e+04
1.800000000000000000e+01 1.400000000000000000e+01 1.915829989488554929e+04
1.800000000000000000e+01 1.600000000000000000e+01 9.934467864967651622e+03
1.800000000000000000e+01 1.900000000000000000e+01 8.671780594341636970e+03
1.900000000000000000e+01 1.700000000000000000e+01 1.899906170965998172e+04
1.900000000000000000e+01 1.800000000000000000e+01 8.715127114726506989e+03
1.900000000000000000e+01 2.000000000000000000e+01 6.314896949485018922e+03
1.900000000000000000e+01 2.100000000000000000e+01 7.001781805931610506e+03
2.000000000000000000e+01 1.900000000000000000e+01 6.240395138442674579e+03
2.000000000000000000e+01 2.100000000000000000e+01 8.601109066181628805e+03
2.000000000000000000e+01 2.300000000000000000e+01 1.028076423594329572e+04
2.100000000000000000e+01 1.400000000000000000e+01 1.840316449298511361e+04
2.100000000000000000e+01 1.900000000000000000e+01 7.001447433569926034e+03
2.100000000000000000e+01 2.000000000000000000e+01 8.570491161608557377e+03
2.100000000000000000e+01 2.200000000000000000e+01 9.614297247195070668e+03
2.200000000000000000e+01 1.300000000000000000e+01 8.431130990594419927e+03
2.200000000000000000e+01 2.100000000000000000e+01 9.576939478109801712e+03
2.200000000000000000e+01 2.300000000000000000e+01 7.922991933845230051e+03
2.300000000000000000e+01 1.200000000000000000e+01 1.110787184509727012e+04
2.300000000000000000e+01 2.000000000000000000e+01 1.023688032947401553e+04
2.300000000000000000e+01 2.200000000000000000e+01 7.938164610787564015e+03
