i	j	o15d8l47
0	1	 4496.44
0	2	 8119.27
1	0	 4519.86
1	5	 5968.48
2	0	 8095.85
2	3	14017.45
2	11	10037.24
3	2	14043.01
3	4	18017.79
3	10	 5208.36
4	3	18043.40
4	5	 8796.68
4	8	15787.72
5	1	 5991.90
5	4	 8803.81
5	7	12493.19
6	7	12104.60
6	17	15802.99
7	5	12523.74
7	6	12042.54
7	8	 6885.62
7	15	 8386.43
8	4	15806.21
8	7	 6835.37
8	9	21749.33
9	8	21817.57
9	10	17726.13
9	14	23129.84
9	15	11045.41
9	16	 8099.92
10	3	 5308.31
10	9	17604.46
10	11	 8363.61
10	13	 9779.17
11	2	 9988.26
11	10	 8404.10
11	12	12301.65
12	11	12393.15
12	23	11119.59
13	10	 9816.97
13	14	 9034.83
13	22	 8398.26
14	9	23194.00
14	13	 9077.23
14	18	19084.81
14	21	18405.45
15	7	 8405.17
15	9	11070.69
15	16	11685.89
15	17	15291.66
16	9	 8100.37
16	15	11675.41
16	18	 9952.52
17	6	15865.05
17	15	15346.16
17	19	18990.46
18	14	19117.05
18	16	 9942.50
18	19	 8684.00
19	17	19007.02
19	18	 8706.21
19	20	 6305.85
19	21	 7001.66
20	19	 6244.15
20	21	 8618.28
20	23	10307.28
21	14	18379.76
21	19	 7002.14
21	20	 8607.95
21	22	 9659.84
22	13	 8393.67
22	21	 9624.30
22	23	 7901.33
23	12	11111.09
23	20	10255.91
23	22	 7861.19
