i	j	       0	       1	       2	       3	       4	       5	       6	       7	       8	       9	      10	      11	      12	      13	      14	      15	      16	      17	      18	      19	      20	      21	      22	      23
0	1	 2600.27	    0.00	  257.01	  200.02	   12.92	    0.00	    0.01	    0.02	   25.85	   77.75	  200.02	  438.27	  447.63	  100.00	   12.94	    0.02	    0.03	    0.00	    0.01	    0.00	    0.01	    0.07	    0.09	   28.12
0	2	 6199.73	 1104.52	    0.00	    0.00	    0.00	  224.30	  133.28	  232.29	    0.00	    0.00	    0.00	    0.00	    0.00	    0.00	    0.00	   97.92	    0.00	   32.96	    0.00	    0.02	    0.00	    0.00	    0.00	    0.00
1	0	    0.00	 1204.52	    0.00	    0.00	    0.00	  524.30	  633.26	 1032.26	    0.00	    0.00	    0.00	    0.00	    0.00	    0.00	    0.00	  597.90	    0.30	  132.96	    0.10	  299.93	    0.00	    0.02	    0.00	    0.00
1	5	 2500.27	 2795.48	  157.01	    0.04	    0.00	    0.00	    0.00	    0.00	    0.00	    0.00	    0.04	  338.27	  147.63	    0.01	    0.00	    0.00	    0.00	    0.00	    0.00	    0.00	    0.01	    0.03	    0.09	   28.12
2	0	    0.00	    0.00	  357.01	  700.02	  212.92	    0.00	    0.03	    0.05	  525.85	 1377.75	  700.02	  638.27	  947.63	  400.00	  512.94	    0.03	  399.73	    0.00	  299.91	    0.09	  100.00	  400.06	  300.09	  128.12
2	3	 4499.89	  604.39	 1943.00	    0.00	    0.00	    0.00	    0.00	    0.00	    0.00	    0.00	    0.00	 3804.95	 2491.77	    0.08	    0.00	    0.00	    0.00	    0.00	    0.00	    0.00	  202.41	    0.02	    2.66	  471.57
2	11	 1599.84	  400.12	  499.99	 1601.75	  403.32	  500.43	  735.43	 1200.00	 1399.59	  676.37	    0.87	    0.00	    0.00	    0.15	   53.41	  553.17	  190.64	  198.99	   22.89	    0.17	    0.00	    0.00	    0.00	    0.00
3	2	    0.00	    0.00	    0.00	 2501.77	  716.24	  576.13	  702.17	 1167.75	 2025.44	 2354.12	 1000.36	    0.00	    0.00	  499.84	  666.30	  655.28	  690.37	  166.03	  322.80	    0.16	    0.02	    0.07	    0.05	    0.01
3	4	 3198.65	  102.50	 1342.85	 6698.00	    0.00	    0.00	    0.00	    0.00	    0.00	    0.11	  905.95	 3204.19	 1891.33	  200.09	    0.07	    0.00	    0.01	    0.00	    0.02	    0.00	    2.47	    0.04	  199.96	  271.61
3	10	  801.23	  301.93	  400.15	 2400.23	  699.98	  599.71	    0.16	    3.09	    0.37	    0.16	    0.00	    0.75	    0.45	    0.06	    0.05	    0.62	    0.04	    0.06	    0.02	    0.02	    0.02	    0.04	    0.05	    0.02
4	3	    0.00	    0.04	    0.00	    0.00	 1916.23	 1575.84	 1102.33	 1870.84	 2725.81	 3552.95	    0.00	    0.00	    0.00	    0.00	 1165.54	 1455.61	 1190.01	  266.10	  522.49	  300.19	    0.03	  398.87	    0.00	    0.00
4	5	    0.00	    0.00	  533.07	 2127.62	 1262.24	    0.00	    0.02	    0.03	  574.30	 1322.20	  405.47	 1465.84	  547.22	  100.02	  286.95	    0.03	    0.04	    0.00	    0.23	    0.01	    0.01	    0.00	   99.91	   71.87
4	8	 2998.65	  800.07	  709.78	 4070.38	 2921.54	 1400.03	    0.02	    0.09	    0.00	    0.00	    0.48	 1538.35	 1144.11	    0.07	    0.00	    0.06	    0.00	    0.01	    0.00	    0.02	    0.00	    0.00	    0.06	  199.74
5	1	    0.00	    0.00	    0.00	    0.02	   87.08	  924.30	  833.26	 1432.25	  174.15	  522.25	    0.02	    0.00	    0.00	    0.01	   87.06	  997.88	  200.27	  132.96	  100.09	  399.93	    0.00	   99.97	    0.00	    0.00
5	4	    0.00	  797.61	    0.00	    0.00	    0.00	 3175.87	 1005.28	 1820.82	    0.00	    0.00	    0.00	    0.00	    0.00	    0.00	    0.00	 1491.99	    0.51	  204.38	    0.03	  307.80	    0.03	    0.05	    0.00	    0.00
5	7	 2200.27	 1597.87	  390.08	 1727.63	  975.16	 3499.83	    0.00	    0.00	    0.14	    0.06	    5.48	 1604.11	  494.85	    0.02	    0.00	    0.00	    0.00	    0.00	    0.00	    0.00	    0.00	    0.00	    0.00	    0.00
6	7	    0.00	    0.00	    0.00	    0.00	    0.00	    0.00	 4138.49	    0.00	    0.00	    0.00	    0.00	    0.00	    0.00	  399.77	  599.74	  427.71	  144.34	  998.79	  999.26	 2599.09	  500.07	  799.83	  299.94	  199.97
6	17	  427.97	  431.34	    7.16	  428.00	  117.53	  978.05	 7961.51	 4500.15	  817.37	    0.58	    0.12	  217.74	    0.11	    0.00	    0.00	    0.00	    0.02	    0.00	    0.00	    0.00	    0.00	    0.00	    0.00	    0.00
7	5	    0.00	    0.00	    0.00	    0.00	    0.00	    0.00	 2238.52	 4053.03	    0.00	    0.12	    0.00	    0.00	    0.00	    0.00	    0.11	 3389.84	  700.74	  437.34	  299.88	 1007.71	  100.02	  299.99	    0.00	    0.01
7	6	  927.97	  631.34	  107.16	  828.00	  317.53	 1378.05	    0.00	 5500.15	 1417.32	    2.73	    0.73	  917.68	   20.02	    0.00	    0.00	    0.00	    0.10	    0.00	    0.00	    0.00	    0.00	    0.00	    0.00	    0.00
7	8	    0.00	    0.00	    0.00	    0.00	    0.00	    0.00	  899.97	 3746.46	    0.00	    0.00	    0.00	    0.00	    0.00	    0.00	    0.00	 1286.13	    0.11	  261.79	    0.00	  692.39	    0.20	    0.00	    0.00	    0.00
7	15	  472.38	  566.57	  173.77	  689.63	  431.00	 1321.86	    0.00	 3400.35	  866.04	    0.00	    0.06	  464.33	    0.52	    0.00	    0.00	    0.00	    0.00	    0.00	    0.00	    0.00	    0.00	    0.00	    0.00	    0.00
8	4	    0.00	    0.00	    0.00	    0.00	    0.00	    0.00	  297.10	  550.15	 4100.11	 5875.03	    0.00	    0.00	    0.00	    0.00	 1652.42	  463.71	 1389.53	   61.72	  622.68	   92.42	   97.54	  598.78	    0.00	    0.00
8	7	    0.07	    0.04	   90.85	  490.00	  273.37	    0.09	    0.00	    0.00	 3083.21	 1602.53	  795.31	  377.90	  125.69	    0.00	    0.00	    0.00	    0.21	    0.00	    0.00	    0.00	    0.00	    0.00	    0.00	    0.00
8	9	 2498.58	  600.03	  518.94	 2880.38	 1848.17	  999.94	    3.11	 2396.40	 9016.68	    0.00	    0.00	  560.50	  418.47	    0.00	    0.00	    0.75	    0.00	    0.14	    0.00	    0.30	    0.00	    0.00	    0.00	    0.00
9	8	    0.00	    0.00	    0.00	    0.00	    0.00	    0.00	    0.21	    0.00	    0.00	10277.57	 2194.83	    0.05	    0.05	  599.93	 2652.42	  578.28	 2289.63	    0.07	 1022.68	    0.30	  397.34	 1298.78	  499.94	    0.26
9	10	    0.00	    0.00	    0.00	    0.00	    0.00	    0.00	  499.78	  796.93	 1712.54	 8381.99	    0.00	    0.00	    0.00	    0.00	 1309.52	 1547.00	 1909.48	  199.93	  433.53	  438.06	    1.83	  498.48	    0.00	    0.00
9	14	  798.95	    0.79	   99.87	 1098.05	  596.69	  199.97	    0.00	    0.00	 3087.40	14637.91	 1940.32	  651.94	    9.68	    0.00	    0.00	    0.00	    0.76	    0.00	    0.00	    0.00	    0.00	    0.00	    0.00	    0.00
9	15	    0.00	    0.00	   19.08	   82.42	   51.51	    0.00	    0.00	    0.00	  516.89	 8001.81	 2160.85	  216.93	    0.35	    0.00	    0.00	    0.00	    0.00	    0.00	    0.00	    0.00	    0.00	    0.00	    0.00	    0.00
9	16	  399.63	    0.02	   99.98	  499.91	  199.97	    0.04	    0.08	    0.11	  899.85	 3900.71	  999.40	  599.90	  499.91	    0.06	    0.12	    0.11	    0.00	    0.05	    0.07	    0.13	    0.05	    0.13	    0.05	    0.02
10	3	    0.00	    0.00	    0.00	    0.00	    0.00	    0.00	    0.00	    0.00	    0.00	    1.44	 3406.31	    0.00	    0.00	 1199.90	    0.89	    0.29	    0.41	    0.00	    0.34	    0.00	    0.07	    1.27	  697.40	    0.07
10	9	    0.00	    0.72	    0.00	    0.00	    0.00	    0.00	    0.00	    0.00	    0.00	    0.00	11195.40	 2908.32	 1991.52	 1130.98	    0.00	    0.00	    0.00	    0.00	    0.00	    0.00	    0.00	    0.00	  334.08	   45.48
10	11	    0.00	    0.00	    0.00	    0.00	    0.00	    0.00	    0.00	    0.00	    0.10	 3223.63	 2400.31	    0.00	    0.00	  745.49	  657.10	  147.33	  909.19	    0.02	  281.33	    0.00	    0.00	    0.00	    0.00	    0.00
10	13	  301.33	  101.25	  100.20	 1000.31	  200.01	  199.78	    0.00	    0.02	  312.82	 1157.08	 5297.98	 1048.04	   56.16	    0.00	    0.00	    0.00	    0.04	    0.00	    0.00	    0.00	    0.00	    0.00	    0.00	    0.00
11	2	    0.00	    0.00	    0.00	    0.00	    0.00	    0.00	    0.00	    0.00	    0.00	    0.00	    0.53	 4643.22	 3539.40	    0.40	    0.05	    0.00	    0.00	    0.00	    0.00	    0.08	  302.40	  500.01	  402.70	  599.68
11	10	    0.10	    0.05	    0.05	    0.08	    0.02	    0.06	    0.00	    0.00	    0.00	    0.00	    0.00	 5355.60	 3047.23	    0.00	    0.00	    0.00	    0.00	    0.00	    0.00	    0.00	    0.04	    0.00	    0.00	    0.35
11	12	 1399.74	  300.08	  299.94	 1001.68	  203.29	  300.36	   35.49	  600.00	  799.69	 1900.00	 1000.65	 3901.18	    0.00	   45.49	   10.46	    1.05	  499.83	    0.05	    4.22	    0.04	    0.00	    0.00	    0.00	    0.00
12	11	    0.00	    0.00	    0.00	    0.00	    0.00	    0.00	    0.06	    0.00	    0.00	    0.00	    0.00	    0.00	 7886.63	    0.26	    0.00	    0.56	    0.00	    1.04	    0.00	  499.95	  602.43	 1200.01	 1102.70	 1100.03
12	23	  899.74	    0.08	  199.94	  401.68	    3.29	  100.36	    0.00	    0.00	  199.69	    0.00	    0.65	 2601.18	 6713.37	    0.00	    0.00	    0.00	    0.00	    0.00	    0.00	    0.00	    0.00	    0.00	    0.00	    0.00
13	10	    0.00	    0.00	    0.00	    0.00	    0.00	    0.00	    0.06	    0.00	    0.00	    0.00	    0.00	    0.00	    0.00	 4676.31	  748.41	    0.00	    0.12	    0.02	  248.13	  161.92	  398.18	  602.74	 2331.44	  645.18
13	14	    1.24	    1.25	    0.18	    1.51	    0.30	    0.12	    0.00	    0.00	    0.00	    0.00	 1026.55	  348.05	  110.64	 6221.53	    0.00	    0.00	    0.00	    0.00	    0.00	    0.00	    0.00	    0.00	 1182.19	  142.30
13	22	    0.11	    0.01	    0.02	  498.82	   99.72	   99.67	    0.00	    0.00	  195.32	  814.25	 2671.50	    0.20	    0.00	 3202.15	  447.50	    0.00	  226.43	    0.00	  140.79	    0.00	    0.00	    0.00	    0.00	    0.00
14	9	    0.00	    0.00	    0.00	    0.00	    0.00	    0.00	    0.00	    0.00	    0.00	    0.00	    0.00	    0.00	    0.00	 1569.01	 7962.06	    0.28	    0.74	    0.05	 3256.09	 1679.65	 1599.22	 4397.39	 1965.91	  754.81
14	13	    0.00	    0.00	    0.00	    0.00	    0.00	    0.00	  199.69	  399.37	  482.50	 1757.17	    0.06	    0.00	    0.00	    0.00	 2495.91	  699.17	  926.50	   99.84	  688.91	  660.74	    0.20	  667.38	    0.00	    0.00
14	18	  300.03	    0.12	    0.01	  200.06	  100.02	    0.10	    0.02	    0.03	  400.14	 3295.04	  838.85	  300.05	  289.89	 2897.24	 5899.88	    0.05	    0.39	    0.01	    0.00	    0.05	  578.72	 2899.92	  899.98	  268.06
14	21	    0.16	    0.00	    0.04	  399.50	  296.96	    0.00	    0.00	    0.00	 1304.76	 5585.70	  727.96	    0.00	    0.00	  455.29	 5042.16	    0.22	 2497.42	    0.00	 2091.62	    0.00	    0.00	    0.00	    0.00	    0.00
15	7	    0.00	    0.00	    0.00	    0.00	    0.00	    0.00	    0.00	    0.00	    0.00	    0.25	    0.00	    0.00	    0.00	    0.21	    0.37	 6448.26	 1956.40	    0.33	    0.62	    1.01	    0.14	    0.16	    0.07	    0.04
15	9	    0.00	    0.05	    0.00	    0.00	    0.00	    0.07	 2396.74	    0.64	    0.00	    0.00	    0.00	    0.00	    0.00	    0.00	    0.00	 6522.79	    0.54	  899.61	    0.18	 1258.36	    0.00	    0.00	    0.00	    0.00
15	16	    0.36	  200.08	    0.01	    0.06	    0.03	  500.11	 1000.34	 1401.01	    0.11	    0.48	    0.08	    0.05	    0.00	    0.00	    0.00	 5966.12	    0.00	  600.30	    0.00	 1552.16	  345.92	    0.00	    0.00	  124.11
15	17	    0.02	    0.00	    0.00	    0.02	    0.00	    0.02	    0.00	    0.14	    0.15	 3602.82	  761.19	    0.12	    0.00	    0.03	    0.14	 7162.82	 3758.82	    0.00	    0.14	    0.00	    0.00	    0.00	    0.00	    0.00
16	9	    0.00	    0.00	    0.00	    0.00	    0.00	    0.00	    0.22	    0.00	    0.00	    0.00	    0.00	    0.00	    0.00	    0.00	    0.00	    1.55	 8098.61	    0.24	    0.00	    0.19	    0.00	    0.00	    0.00	    0.00
16	15	    0.00	    0.00	    0.00	    0.00	    0.00	    0.00	    0.00	    0.00	    0.00	    1.39	    0.26	    0.00	    0.00	  692.37	 1187.01	    0.00	 8515.64	    0.00	 1286.37	    0.00	    0.05	    0.10	    0.04	    0.03
16	18	    0.03	    0.11	    0.00	    0.02	    0.01	    0.15	    0.20	    1.12	    0.03	    0.15	    0.00	    0.00	    0.00	    0.00	    0.00	 3164.67	 6785.75	    0.11	    0.00	    0.00	    0.00	    0.00	    0.00	    0.00
17	6	    0.00	    0.00	    0.00	    0.00	    0.00	    0.00	    0.00	    0.00	    0.05	 1897.85	  499.38	    0.06	  380.09	  599.77	 1099.74	 1827.71	 1144.26	 1198.79	 1399.26	 3099.09	  700.07	 1299.83	  499.94	  299.97
17	15	   27.99	   33.56	    7.16	   28.03	   17.52	   78.34	 4797.08	  201.44	   17.33	    0.35	    0.11	   18.91	  599.13	    7.86	   13.50	    0.00	    0.11	 2000.25	   14.57	 4411.54	  946.02	 1200.06	  500.02	  424.13
17	19	  299.99	  397.79	    0.00	  299.99	  100.01	  799.74	 2964.43	 3998.85	  600.13	 1005.40	  161.83	    0.06	    0.07	    0.00	    0.00	 4835.11	 2014.60	 1600.96	    0.00	    0.00	    0.00	    0.00	    0.00	    0.00
18	14	    0.00	   98.08	    0.00	    0.00	    0.00	    0.02	  699.65	  999.33	    0.00	    0.00	    0.00	    0.00	    0.00	    0.00	    0.00	 1899.57	 4924.29	  299.88	 6836.63	 3440.01	    0.15	    0.36	    0.15	    0.07
18	16	    0.04	    0.02	    0.01	    0.04	    0.02	    0.00	    0.00	    0.00	    0.08	    0.35	    0.78	    0.05	    0.09	 1392.32	 2686.89	    0.00	    0.00	    0.00	 2986.30	  147.90	  254.08	 1699.97	  599.99	  175.89
18	19	    0.02	    0.00	    0.00	    0.03	    0.02	    0.02	    0.00	    0.00	    0.09	 1494.85	  438.07	    0.00	    0.00	 1204.93	 2412.99	    0.00	  161.85	    0.00	 2977.07	    0.00	    0.00	    0.00	    0.00	    0.00
19	17	    0.00	    0.00	    0.00	    0.00	    0.00	    0.00	    0.00	    0.00	    0.00	    0.20	    0.01	    1.17	 1079.19	  707.60	 1313.10	    0.00	    0.13	    0.00	 1713.69	 7910.63	 1746.09	 2799.89	 1099.96	  724.10
19	18	    0.00	  197.87	    0.00	    0.00	    0.00	  199.79	 1099.43	 1698.17	    0.00	    0.00	    0.00	    0.00	   10.20	    0.01	    0.00	   34.84	    0.00	  599.76	    0.00	 4787.85	   75.51	    0.41	    0.16	    7.89
19	20	    0.00	    0.01	    0.00	    0.01	    0.02	  100.01	  664.88	  600.45	    0.17	    0.05	    0.02	    0.01	    0.02	    0.02	    0.03	 1500.19	  476.29	  201.15	   63.47	 2701.10	    0.00	    0.07	    0.03	    0.02
19	21	    0.00	   99.91	    0.00	    0.02	    0.01	  199.96	  700.12	  800.23	    0.05	    0.20	    0.04	    0.00	    0.00	    0.00	    0.16	 1700.08	    0.10	  400.05	    0.07	 3100.42	    0.17	    0.00	    0.00	    0.00
20	19	    0.00	    0.00	    0.00	    0.00	    0.00	    0.00	    0.00	    0.00	    0.00	    0.10	    0.02	  401.09	 1689.24	    0.08	    0.16	    0.00	    0.07	    0.00	    0.17	    0.00	 3021.76	    0.23	    1.49	 1131.73
20	21	  259.78	    0.07	   64.95	    0.20	    0.00	    0.03	    0.06	    0.07	    0.00	    0.00	    0.00	  454.62	 1453.49	    0.00	    0.00	    0.15	    0.00	    0.03	    0.00	    0.38	 4780.53	    0.00	    0.00	 1600.59
20	23	    0.00	    0.00	    0.00	    0.00	    0.00	    0.02	  464.83	  200.38	    0.02	  484.96	    0.00	    0.00	    0.00	    0.00	  677.41	  900.12	  210.75	  101.12	  249.77	 1500.72	 3197.70	 2318.17	    0.00	    0.00
21	14	    0.00	    0.00	    0.00	    0.00	    0.00	    0.00	    0.06	    0.08	    0.00	    0.00	    0.00	    0.06	  869.58	    0.00	    0.00	    0.15	    0.00	    0.03	    0.00	    0.43	 2977.98	10564.33	 2683.54	 1280.50
21	19	    0.00	    0.00	    0.00	    0.00	    0.00	    0.00	    0.00	    0.00	    0.00	    0.10	    0.14	    0.03	    0.10	    2.62	    0.14	    0.00	    0.00	    0.00	    0.00	    0.00	    0.00	 5200.15	 1798.66	    0.29
21	20	    0.01	    0.00	    0.00	    0.10	   97.02	    0.00	    0.00	    0.00	  299.86	 1685.01	    2.56	    0.04	    0.00	    0.53	 1477.54	    0.08	  334.53	    0.00	  586.47	    0.00	    0.00	 4118.33	    0.27	    0.00
21	22	    0.00	    0.00	    0.00	    0.00	    0.00	    0.01	  200.12	  300.23	  304.96	 1300.79	    0.00	    0.00	    0.00	    0.00	  964.63	  500.22	  463.00	  100.05	  305.22	  700.38	    2.72	 4517.20	    0.00	    0.00
22	13	    0.01	    0.00	    0.00	    0.02	    0.00	    0.00	    0.37	    0.60	    0.00	    0.00	    0.00	    0.21	  654.48	    0.00	    0.00	    0.83	    0.00	    0.18	    0.01	    1.18	  797.99	 1135.36	 4613.63	 1187.48
22	21	  140.07	    0.03	   35.01	    0.39	    0.05	    0.02	    0.00	    0.00	    0.00	    0.00	  374.70	  245.50	  716.19	  747.86	    0.00	    0.00	    0.00	    0.00	    0.00	    0.00	    0.00	    0.00	 6582.47	  780.20
22	23	    0.01	    0.00	    0.00	    0.10	    0.00	    0.01	    0.01	    0.03	    0.28	  315.04	  996.85	    0.00	    0.00	 1354.29	  412.12	    0.07	   89.42	    0.00	  146.00	    0.12	    0.05	 1281.92	 3303.90	    0.00
23	12	    0.00	    0.00	    0.00	    0.00	    0.00	    0.00	  364.57	    0.00	    0.00	    0.00	    0.00	    0.00	    0.00	  554.76	  689.54	  599.51	    0.17	  100.99	  295.78	 1099.91	 1202.43	 2500.01	 1902.70	 1800.03
23	20	  359.77	    0.06	   64.95	  200.08	    2.96	    0.03	    0.00	    0.00	    0.00	    0.00	  397.45	 1155.67	 3742.70	  399.53	    0.00	    0.00	    0.00	    0.00	    0.00	    0.00	    0.00	    0.00	  701.20	 3232.30
23	22	  439.98	    0.02	  134.99	    1.70	    0.33	    0.36	    0.27	    0.40	    0.00	    0.00	    0.05	  945.51	 2170.67	    0.00	    0.00	    0.68	    0.00	    0.13	    0.00	    0.93	 1495.32	    0.08	    0.00	 2667.68
