0.000000000000000000e+00 1.000000000000000000e+00 4.480707343105052132e+03
0.000000000000000000e+00 2.000000000000000000e+00 8.060179601292180450e+03
1.000000000000000000e+00 0.000000000000000000e+00 4.460879065245761922e+03
1.000000000000000000e+00 5.000000000000000000e+00 5.989831111459849126e+03
2.000000000000000000e+00 0.000000000000000000e+00 8.080007879151467932e+03
2.000000000000000000e+00 3.000000000000000000e+00 1.398684775116334640e+04
2.000000000000000000e+00 1.100000000000000000e+01 1.037009498836289822e+04
3.000000000000000000e+00 2.000000000000000000e+00 1.439746053013554774e+04
3.000000000000000000e+00 4.000000000000000000e+00 1.797997687311344635e+04
3.000000000000000000e+00 1.000000000000000000e+01 5.214609659840420136e+03
4.000000000000000000e+00 3.000000000000000000e+00 1.770378410007622369e+04
4.000000000000000000e+00 5.000000000000000000e+00 8.805256748454392437e+03
4.000000000000000000e+00 8.000000000000000000e+00 1.577892523871493722e+04
5.000000000000000000e+00 1.000000000000000000e+00 5.970002833600554368e+03
5.000000000000000000e+00 4.000000000000000000e+00 8.794938273789273808e+03
5.000000000000000000e+00 7.000000000000000000e+00 1.248604777796472081e+04
6.000000000000000000e+00 7.000000000000000000e+00 1.205558867802907298e+04
6.000000000000000000e+00 1.700000000000000000e+01 1.581328902862022915e+04
7.000000000000000000e+00 5.000000000000000000e+00 1.245590102544031288e+04
7.000000000000000000e+00 6.000000000000000000e+00 1.204256789958119407e+04
7.000000000000000000e+00 8.000000000000000000e+00 6.887879302976691179e+03
7.000000000000000000e+00 1.500000000000000000e+01 8.386251444551267923e+03
8.000000000000000000e+00 4.000000000000000000e+00 1.551305094034281319e+04
8.000000000000000000e+00 7.000000000000000000e+00 6.842651045302784951e+03
8.000000000000000000e+00 9.000000000000000000e+00 2.173099679635063148e+04
9.000000000000000000e+00 8.000000000000000000e+00 2.151989424030461669e+04
9.000000000000000000e+00 1.000000000000000000e+01 1.796780809621747903e+04
9.000000000000000000e+00 1.400000000000000000e+01 2.317124828430303387e+04
9.000000000000000000e+00 1.500000000000000000e+01 1.105043389423126791e+04
9.000000000000000000e+00 1.600000000000000000e+01 8.099924238553065152e+03
1.000000000000000000e+01 3.000000000000000000e+00 6.001415211849852312e+03
1.000000000000000000e+01 9.000000000000000000e+00 1.753148480890583232e+04
1.000000000000000000e+01 1.100000000000000000e+01 8.114319813856497603e+03
1.000000000000000000e+01 1.300000000000000000e+01 9.743600317604934389e+03
1.100000000000000000e+01 2.000000000000000000e+00 9.979310487249988000e+03
1.100000000000000000e+01 1.000000000000000000e+01 8.426969662965846510e+03
1.100000000000000000e+01 1.200000000000000000e+01 1.238540937675848181e+04
1.200000000000000000e+01 1.100000000000000000e+01 1.240727472475490868e+04
1.200000000000000000e+01 2.300000000000000000e+01 1.110836001904786826e+04
1.300000000000000000e+01 1.000000000000000000e+01 9.881432733193376407e+03
1.300000000000000000e+01 1.400000000000000000e+01 9.061528939930796696e+03
1.300000000000000000e+01 2.200000000000000000e+01 8.352529917755626229e+03
1.400000000000000000e+01 9.000000000000000000e+00 2.325401348519902240e+04
1.400000000000000000e+01 1.300000000000000000e+01 9.143412741869602542e+03
1.400000000000000000e+01 1.800000000000000000e+01 1.909171130433792496e+04
1.400000000000000000e+01 2.100000000000000000e+01 1.836696534318760678e+04
1.500000000000000000e+01 7.000000000000000000e+00 8.388312171252911867e+03
1.500000000000000000e+01 9.000000000000000000e+00 1.109223964483577947e+04
1.500000000000000000e+01 1.600000000000000000e+01 1.169570666091039311e+04
1.500000000000000000e+01 1.700000000000000000e+01 1.525275046631630539e+04
1.600000000000000000e+01 9.000000000000000000e+00 8.100574018318179697e+03
1.600000000000000000e+01 1.500000000000000000e+01 1.167169021591089040e+04
1.600000000000000000e+01 1.800000000000000000e+01 9.958112945008391762e+03
1.700000000000000000e+01 6.000000000000000000e+00 1.582630980706809351e+04
1.700000000000000000e+01 1.500000000000000000e+01 1.532063338862195815e+04
1.700000000000000000e+01 1.900000000000000000e+01 1.900097914943937940e+04
1.800000000000000000e+01 1.400000000000000000e+01 1.915923258908536445e+04
1.800000000000000000e+01 1.600000000000000000e+01 9.934746279774006325e+03
1.800000000000000000e+01 1.900000000000000000e+01 8.674670624525071617e+03
1.900000000000000000e+01 1.700000000000000000e+01 1.898188285019289469e+04
1.900000000000000000e+01 1.800000000000000000e+01 8.718825244038134770e+03
1.900000000000000000e+01 2.000000000000000000e+01 6.305952944513455805e+03
1.900000000000000000e+01 2.100000000000000000e+01 7.002346848542309090e+03
2.000000000000000000e+01 1.900000000000000000e+01 6.230674840949202007e+03
2.000000000000000000e+01 2.100000000000000000e+01 8.652272820844260423e+03
2.000000000000000000e+01 2.300000000000000000e+01 1.031891064413742606e+04
2.100000000000000000e+01 1.400000000000000000e+01 1.836409306127493619e+04
2.100000000000000000e+01 1.900000000000000000e+01 7.002683272373144973e+03
2.100000000000000000e+01 2.000000000000000000e+01 8.617741355935713727e+03
2.100000000000000000e+01 2.200000000000000000e+01 9.701534640915750060e+03
2.200000000000000000e+01 1.300000000000000000e+01 8.408478531405278773e+03
2.200000000000000000e+01 2.100000000000000000e+01 9.664467317925371390e+03
2.200000000000000000e+01 2.300000000000000000e+01 7.808019039952816456e+03
2.300000000000000000e+01 1.200000000000000000e+01 1.103022536704429513e+04
2.300000000000000000e+01 2.000000000000000000e+01 1.027816400548171259e+04
2.300000000000000000e+01 2.200000000000000000e+01 7.826900330612092148e+03
