0.000000000000000000e+00 1.000000000000000000e+00 4.495655871931649017e+03
0.000000000000000000e+00 2.000000000000000000e+00 8.119170603130603013e+03
1.000000000000000000e+00 0.000000000000000000e+00 4.519678385058839012e+03
1.000000000000000000e+00 5.000000000000000000e+00 5.967458434579447385e+03
2.000000000000000000e+00 0.000000000000000000e+00 8.095148090003418474e+03
2.000000000000000000e+00 3.000000000000000000e+00 1.401977733915835779e+04
2.000000000000000000e+00 1.100000000000000000e+01 1.003351471225882960e+04
3.000000000000000000e+00 2.000000000000000000e+00 1.404142718855043313e+04
3.000000000000000000e+00 4.000000000000000000e+00 1.801778681207191039e+04
3.000000000000000000e+00 1.000000000000000000e+01 5.208188657858644547e+03
4.000000000000000000e+00 3.000000000000000000e+00 1.803969865657465198e+04
4.000000000000000000e+00 5.000000000000000000e+00 8.794578457731548042e+03
4.000000000000000000e+00 8.000000000000000000e+00 1.578940315432999523e+04
5.000000000000000000e+00 1.000000000000000000e+00 5.991480947706632833e+03
5.000000000000000000e+00 4.000000000000000000e+00 8.806254842770997129e+03
5.000000000000000000e+00 7.000000000000000000e+00 1.249035311050299788e+04
6.000000000000000000e+00 7.000000000000000000e+00 1.210515725056585143e+04
6.000000000000000000e+00 1.700000000000000000e+01 1.579834688284527692e+04
7.000000000000000000e+00 5.000000000000000000e+00 1.252605200866964333e+04
7.000000000000000000e+00 6.000000000000000000e+00 1.204070569849839012e+04
7.000000000000000000e+00 8.000000000000000000e+00 6.881228923619582019e+03
7.000000000000000000e+00 1.500000000000000000e+01 8.388901190082333414e+03
8.000000000000000000e+00 4.000000000000000000e+00 1.579963861379328591e+04
8.000000000000000000e+00 7.000000000000000000e+00 6.838318314309080961e+03
8.000000000000000000e+00 9.000000000000000000e+00 2.174930458274856210e+04
9.000000000000000000e+00 8.000000000000000000e+00 2.181662943290133626e+04
9.000000000000000000e+00 1.000000000000000000e+01 1.772806367069963017e+04
9.000000000000000000e+00 1.400000000000000000e+01 2.312759424789267723e+04
9.000000000000000000e+00 1.500000000000000000e+01 1.104646266436810765e+04
9.000000000000000000e+00 1.600000000000000000e+01 8.100806238711159494e+03
1.000000000000000000e+01 3.000000000000000000e+00 5.307926662747977389e+03
1.000000000000000000e+01 9.000000000000000000e+00 1.760273355347493634e+04
1.000000000000000000e+01 1.100000000000000000e+01 8.367331750554722021e+03
1.000000000000000000e+01 1.300000000000000000e+01 9.778854379380636601e+03
1.100000000000000000e+01 2.000000000000000000e+00 9.987842349739566998e+03
1.100000000000000000e+01 1.000000000000000000e+01 8.404180625368378969e+03
1.100000000000000000e+01 1.200000000000000000e+01 1.230252427165540939e+04
1.200000000000000000e+01 1.100000000000000000e+01 1.239370078394979828e+04
1.200000000000000000e+01 2.300000000000000000e+01 1.111995529477594027e+04
1.300000000000000000e+01 1.000000000000000000e+01 9.816413392231608668e+03
1.300000000000000000e+01 1.400000000000000000e+01 9.036491953855593238e+03
1.300000000000000000e+01 2.200000000000000000e+01 8.397685435588005930e+03
1.400000000000000000e+01 9.000000000000000000e+00 2.319488125780962218e+04
1.400000000000000000e+01 1.300000000000000000e+01 9.080791015980648808e+03
1.400000000000000000e+01 1.800000000000000000e+01 1.908419871892297670e+04
1.400000000000000000e+01 2.100000000000000000e+01 1.840335722614125552e+04
1.500000000000000000e+01 7.000000000000000000e+00 8.403059145492014068e+03
1.500000000000000000e+01 9.000000000000000000e+00 1.107199198899629846e+04
1.500000000000000000e+01 1.600000000000000000e+01 1.168706226616768436e+04
1.500000000000000000e+01 1.700000000000000000e+01 1.529073539385800359e+04
1.600000000000000000e+01 9.000000000000000000e+00 8.100644871543507179e+03
1.600000000000000000e+01 1.500000000000000000e+01 1.167574198223401254e+04
1.600000000000000000e+01 1.800000000000000000e+01 9.952532907064105530e+03
1.700000000000000000e+01 6.000000000000000000e+00 1.586279843491273095e+04
1.700000000000000000e+01 1.500000000000000000e+01 1.534174295782953232e+04
1.700000000000000000e+01 1.900000000000000000e+01 1.899139298514019538e+04
1.800000000000000000e+01 1.400000000000000000e+01 1.911825601493207796e+04
1.800000000000000000e+01 1.600000000000000000e+01 9.941051255962776850e+03
1.800000000000000000e+01 1.900000000000000000e+01 8.686143971525372763e+03
1.900000000000000000e+01 1.700000000000000000e+01 1.900685210117920360e+04
1.900000000000000000e+01 1.800000000000000000e+01 8.708719616433127158e+03
1.900000000000000000e+01 2.000000000000000000e+01 6.304894398092130359e+03
1.900000000000000000e+01 2.100000000000000000e+01 7.001295615913870279e+03
2.000000000000000000e+01 1.900000000000000000e+01 6.243422976175201256e+03
2.000000000000000000e+01 2.100000000000000000e+01 8.616218493075430160e+03
2.000000000000000000e+01 2.300000000000000000e+01 1.030420728988245173e+04
2.100000000000000000e+01 1.400000000000000000e+01 1.838088600217421845e+04
2.100000000000000000e+01 1.900000000000000000e+01 7.000801798777564727e+03
2.100000000000000000e+01 2.000000000000000000e+01 8.603542511777490290e+03
2.100000000000000000e+01 2.200000000000000000e+01 9.661788255669594946e+03
2.200000000000000000e+01 1.300000000000000000e+01 8.390945386313915151e+03
2.200000000000000000e+01 2.100000000000000000e+01 9.626147233268291529e+03
2.200000000000000000e+01 2.300000000000000000e+01 7.904510250413216454e+03
2.300000000000000000e+01 1.200000000000000000e+01 1.111113180707033280e+04
2.300000000000000000e+01 2.000000000000000000e+01 1.025541184926345886e+04
2.300000000000000000e+01 2.200000000000000000e+01 7.862129178737825896e+03
