0.000000000000000000e+00 1.000000000000000000e+00 5.294030255686856435e+03
0.000000000000000000e+00 2.000000000000000000e+00 9.062591164273551840e+03
1.000000000000000000e+00 0.000000000000000000e+00 5.464643367200873399e+03
1.000000000000000000e+00 5.000000000000000000e+00 5.898467770674670646e+03
2.000000000000000000e+00 0.000000000000000000e+00 8.891978052759535785e+03
2.000000000000000000e+00 3.000000000000000000e+00 1.399804665319214109e+04
2.000000000000000000e+00 1.100000000000000000e+01 1.014053932876139334e+04
3.000000000000000000e+00 2.000000000000000000e+00 1.406893760110429866e+04
3.000000000000000000e+00 4.000000000000000000e+00 1.799557786125424900e+04
3.000000000000000000e+00 1.000000000000000000e+01 5.215442487263987459e+03
4.000000000000000000e+00 3.000000000000000000e+00 1.807334834176432196e+04
4.000000000000000000e+00 5.000000000000000000e+00 8.772603221058890995e+03
4.000000000000000000e+00 8.000000000000000000e+00 1.550911735338682774e+04
5.000000000000000000e+00 1.000000000000000000e+00 6.069080882188689429e+03
5.000000000000000000e+00 4.000000000000000000e+00 8.837572538466018159e+03
5.000000000000000000e+00 7.000000000000000000e+00 1.268179241138506404e+04
6.000000000000000000e+00 7.000000000000000000e+00 1.265955101178465702e+04
6.000000000000000000e+00 1.700000000000000000e+01 1.526745058554768912e+04
7.000000000000000000e+00 5.000000000000000000e+00 1.291737484030621090e+04
7.000000000000000000e+00 6.000000000000000000e+00 1.235869962491261140e+04
7.000000000000000000e+00 8.000000000000000000e+00 7.492404078993243274e+03
7.000000000000000000e+00 1.500000000000000000e+01 8.585517255392400330e+03
8.000000000000000000e+00 4.000000000000000000e+00 1.552191851648975353e+04
8.000000000000000000e+00 7.000000000000000000e+00 7.162001330151649199e+03
8.000000000000000000e+00 9.000000000000000000e+00 2.209662476594822147e+04
9.000000000000000000e+00 8.000000000000000000e+00 2.187902318020955136e+04
9.000000000000000000e+00 1.000000000000000000e+01 1.778626473286751207e+04
9.000000000000000000e+00 1.400000000000000000e+01 2.433787939627175365e+04
9.000000000000000000e+00 1.500000000000000000e+01 1.128534255280212528e+04
9.000000000000000000e+00 1.600000000000000000e+01 8.098418441493077808e+03
1.000000000000000000e+01 3.000000000000000000e+00 5.308562954666089354e+03
1.000000000000000000e+01 9.000000000000000000e+00 1.746489396846407908e+04
1.000000000000000000e+01 1.100000000000000000e+01 8.253969290338627616e+03
1.000000000000000000e+01 1.300000000000000000e+01 9.949226105560628639e+03
1.100000000000000000e+01 2.000000000000000000e+00 9.899035269335221528e+03
1.100000000000000000e+01 1.000000000000000000e+01 8.425555484352054918e+03
1.100000000000000000e+01 1.200000000000000000e+01 1.229481889017495268e+04
1.200000000000000000e+01 1.100000000000000000e+01 1.232490102476220636e+04
1.200000000000000000e+01 2.300000000000000000e+01 1.118792143811078131e+04
1.300000000000000000e+01 1.000000000000000000e+01 9.649389614545854784e+03
1.300000000000000000e+01 1.400000000000000000e+01 9.284535769183105003e+03
1.300000000000000000e+01 2.200000000000000000e+01 7.896272029006750017e+03
1.400000000000000000e+01 9.000000000000000000e+00 2.181270563016760207e+04
1.400000000000000000e+01 1.300000000000000000e+01 8.774326600280166531e+03
1.400000000000000000e+01 1.800000000000000000e+01 1.787825400769219414e+04
1.400000000000000000e+01 2.100000000000000000e+01 1.656006191298808335e+04
1.500000000000000000e+01 7.000000000000000000e+00 8.850651046283101095e+03
1.500000000000000000e+01 9.000000000000000000e+00 1.161393504375959856e+04
1.500000000000000000e+01 1.600000000000000000e+01 8.880447755365172270e+03
1.500000000000000000e+01 1.700000000000000000e+01 2.407871190780919642e+04
1.600000000000000000e+01 9.000000000000000000e+00 1.029876889530452718e+04
1.600000000000000000e+01 1.500000000000000000e+01 1.366275247469377427e+04
1.600000000000000000e+01 1.800000000000000000e+01 0.000000000000000000e+00
1.700000000000000000e+01 6.000000000000000000e+00 1.556830197241972928e+04
1.700000000000000000e+01 1.500000000000000000e+01 1.989013347032876845e+04
1.700000000000000000e+01 1.900000000000000000e+01 2.759962032314718817e+04
1.800000000000000000e+01 1.400000000000000000e+01 1.268015891299598661e+04
1.800000000000000000e+01 1.600000000000000000e+01 6.982655173140046827e+03
1.800000000000000000e+01 1.900000000000000000e+01 9.310633994019288366e+03
1.900000000000000000e+01 1.700000000000000000e+01 2.361189327253880037e+04
1.900000000000000000e+01 1.800000000000000000e+01 1.109519407246313131e+04
1.900000000000000000e+01 2.000000000000000000e+01 6.861755486608223691e+03
1.900000000000000000e+01 2.100000000000000000e+01 9.139656792551686522e+03
2.000000000000000000e+01 1.900000000000000000e+01 6.370295155234920458e+03
2.000000000000000000e+01 2.100000000000000000e+01 8.538085150183222140e+03
2.000000000000000000e+01 2.300000000000000000e+01 1.043409242990675193e+04
2.100000000000000000e+01 1.400000000000000000e+01 1.862277407267717717e+04
2.100000000000000000e+01 1.900000000000000000e+01 7.327950151760469453e+03
2.100000000000000000e+01 2.000000000000000000e+01 8.198280688537268361e+03
2.100000000000000000e+01 2.200000000000000000e+01 9.666919818197435234e+03
2.200000000000000000e+01 1.300000000000000000e+01 8.106644706894905539e+03
2.200000000000000000e+01 2.100000000000000000e+01 9.578120875449363666e+03
2.200000000000000000e+01 2.300000000000000000e+01 7.937831207152285060e+03
2.300000000000000000e+01 1.200000000000000000e+01 1.111800357269803135e+04
2.300000000000000000e+01 2.000000000000000000e+01 1.028243656017940884e+04
2.300000000000000000e+01 2.200000000000000000e+01 8.059404942292371743e+03
