i	j	o9d7l23
0	1	 4360.23
0	2	 7987.79
1	0	 4388.56
1	5	 5969.85
2	0	 7959.46
2	3	14033.04
2	11	10067.91
3	2	14068.46
3	4	18029.40
3	10	 5207.10
4	3	18065.02
4	5	 8789.82
4	8	15943.29
5	1	 5998.18
5	4	 8806.81
5	7	12349.36
6	7	13019.65
6	17	16400.50
7	5	12394.68
7	6	12925.33
7	8	 6633.00
7	15	 8679.88
8	4	15961.91
8	7	 6555.93
8	9	21005.06
9	8	21046.61
9	10	17718.77
9	14	23353.91
9	15	11148.28
9	16	 8100.17
10	3	 5306.90
10	9	17597.70
10	11	 8320.33
10	13	 9852.31
11	2	10004.16
11	10	 8366.49
11	12	12289.22
12	11	12371.64
12	23	11142.84
13	10	 9884.87
13	14	 9033.55
13	22	 8416.14
14	9	23399.84
14	13	 9073.97
14	18	19424.03
14	21	18435.75
15	7	 8707.97
15	9	11163.30
15	16	11753.45
15	17	15608.89
16	9	 8101.84
16	15	11748.28
16	18	 9944.49
17	6	16494.82
17	15	15657.16
17	19	18807.17
18	14	19438.22
18	16	 9941.00
18	19	 8766.17
19	17	18849.76
19	18	 8776.86
19	20	 6270.22
19	21	 7003.09
20	19	 6222.57
20	21	 8636.13
20	23	10297.91
21	14	18407.91
21	19	 7004.03
21	20	 8631.63
21	22	 9653.29
22	13	 8408.28
22	21	 9621.89
22	23	 7924.32
23	12	11125.26
23	20	10254.75
23	22	 7885.06
