0.000000000000000000e+00 1.000000000000000000e+00 4.554434026056183939e+03
0.000000000000000000e+00 2.000000000000000000e+00 8.230518817270494765e+03
1.000000000000000000e+00 0.000000000000000000e+00 4.630743227177315021e+03
1.000000000000000000e+00 5.000000000000000000e+00 5.953794991637005296e+03
2.000000000000000000e+00 0.000000000000000000e+00 8.154209616149370049e+03
2.000000000000000000e+00 3.000000000000000000e+00 1.411224985037257829e+04
2.000000000000000000e+00 1.100000000000000000e+01 1.012023616955727084e+04
3.000000000000000000e+00 2.000000000000000000e+00 1.408815603572025793e+04
3.000000000000000000e+00 4.000000000000000000e+00 1.810958780971274246e+04
3.000000000000000000e+00 1.000000000000000000e+01 5.207828872109441363e+03
4.000000000000000000e+00 3.000000000000000000e+00 1.808524021418917619e+04
4.000000000000000000e+00 5.000000000000000000e+00 8.787773687867227636e+03
4.000000000000000000e+00 8.000000000000000000e+00 1.581801771785531855e+04
5.000000000000000000e+00 1.000000000000000000e+00 6.030104192758137287e+03
5.000000000000000000e+00 4.000000000000000000e+00 8.809762585746244440e+03
5.000000000000000000e+00 7.000000000000000000e+00 1.254179222962535277e+04
6.000000000000000000e+00 7.000000000000000000e+00 1.232121307299265573e+04
6.000000000000000000e+00 1.700000000000000000e+01 1.579433635138843056e+04
7.000000000000000000e+00 5.000000000000000000e+00 1.264009032862549975e+04
7.000000000000000000e+00 6.000000000000000000e+00 1.211415650788510175e+04
7.000000000000000000e+00 8.000000000000000000e+00 7.056843542087131027e+03
7.000000000000000000e+00 1.500000000000000000e+01 8.411771244150175335e+03
8.000000000000000000e+00 4.000000000000000000e+00 1.577168122445275549e+04
8.000000000000000000e+00 7.000000000000000000e+00 6.883570501473437616e+03
8.000000000000000000e+00 9.000000000000000000e+00 2.174023874344519572e+04
9.000000000000000000e+00 8.000000000000000000e+00 2.162062920942890923e+04
9.000000000000000000e+00 1.000000000000000000e+01 1.769765300863168886e+04
9.000000000000000000e+00 1.400000000000000000e+01 2.311947878810210386e+04
9.000000000000000000e+00 1.500000000000000000e+01 1.108191367860040918e+04
9.000000000000000000e+00 1.600000000000000000e+01 8.100299390079849218e+03
1.000000000000000000e+01 3.000000000000000000e+00 5.308082652980691819e+03
1.000000000000000000e+01 9.000000000000000000e+00 1.753916321920448900e+04
1.000000000000000000e+01 1.100000000000000000e+01 8.341767918210474818e+03
1.000000000000000000e+01 1.300000000000000000e+01 9.779556284763406438e+03
1.100000000000000000e+01 2.000000000000000000e+00 1.006802078308846103e+04
1.100000000000000000e+01 1.000000000000000000e+01 8.446215350183456394e+03
1.100000000000000000e+01 1.200000000000000000e+01 1.236430246995038033e+04
1.200000000000000000e+01 1.100000000000000000e+01 1.251653451545453754e+04
1.200000000000000000e+01 2.300000000000000000e+01 1.099591170118285663e+04
1.300000000000000000e+01 1.000000000000000000e+01 9.716872844234485456e+03
1.300000000000000000e+01 1.400000000000000000e+01 8.993338564231858982e+03
1.300000000000000000e+01 2.200000000000000000e+01 8.347480814754051607e+03
1.400000000000000000e+01 9.000000000000000000e+00 2.292242830990789298e+04
1.400000000000000000e+01 1.300000000000000000e+01 9.071126497060953625e+03
1.400000000000000000e+01 1.800000000000000000e+01 1.969649585816775652e+04
1.400000000000000000e+01 2.100000000000000000e+01 1.836664946451445576e+04
1.500000000000000000e+01 7.000000000000000000e+00 8.476285818656464471e+03
1.500000000000000000e+01 9.000000000000000000e+00 1.121591106362140272e+04
1.500000000000000000e+01 1.600000000000000000e+01 1.139956975262900778e+04
1.500000000000000000e+01 1.700000000000000000e+01 1.566167720040886707e+04
1.600000000000000000e+01 9.000000000000000000e+00 8.102232738664006320e+03
1.600000000000000000e+01 1.500000000000000000e+01 1.161077048230401670e+04
1.600000000000000000e+01 1.800000000000000000e+01 9.851786903824029650e+03
1.700000000000000000e+01 6.000000000000000000e+00 1.600139291649598636e+04
1.700000000000000000e+01 1.500000000000000000e+01 1.564898843026114810e+04
1.700000000000000000e+01 1.900000000000000000e+01 1.915023112936886537e+04
1.800000000000000000e+01 1.400000000000000000e+01 1.985146414980299960e+04
1.800000000000000000e+01 1.600000000000000000e+01 1.006492098208318566e+04
1.800000000000000000e+01 1.900000000000000000e+01 8.717030245490917878e+03
1.900000000000000000e+01 1.700000000000000000e+01 1.924459892432871493e+04
1.900000000000000000e+01 1.800000000000000000e+01 9.085132615385307872e+03
1.900000000000000000e+01 2.000000000000000000e+01 6.332981884947726030e+03
1.900000000000000000e+01 2.100000000000000000e+01 7.004403349576603432e+03
2.000000000000000000e+01 1.900000000000000000e+01 6.696065116350636345e+03
2.000000000000000000e+01 2.100000000000000000e+01 8.217125150089850649e+03
2.000000000000000000e+01 2.300000000000000000e+01 1.028500212884928806e+04
2.100000000000000000e+01 1.400000000000000000e+01 1.799241862751410008e+04
2.100000000000000000e+01 1.900000000000000000e+01 7.003790283027913574e+03
2.100000000000000000e+01 2.000000000000000000e+01 8.560578186131000621e+03
2.100000000000000000e+01 2.200000000000000000e+01 9.634827670980062976e+03
2.200000000000000000e+01 1.300000000000000000e+01 8.207009441396021430e+03
2.200000000000000000e+01 2.100000000000000000e+01 9.603436803472161046e+03
2.200000000000000000e+01 2.300000000000000000e+01 7.859620091237484303e+03
2.300000000000000000e+01 1.200000000000000000e+01 1.104814374668701385e+04
2.300000000000000000e+01 2.000000000000000000e+01 1.030463232421104658e+04
2.300000000000000000e+01 2.200000000000000000e+01 7.687757850371546738e+03
