i	j	       0	       1	       2	       3	       4	       5	       6	       7	       8	       9	      10	      11	      12	      13	      14	      15	      16	      17	      18	      19	      20	      21	      22	      23
0	1	 2600.11	    0.00	  262.21	  200.02	   15.62	    0.00	    0.01	    0.01	   31.24	   93.74	  200.02	  467.45	  454.88	  100.00	   15.64	    0.01	    0.01	    0.00	    0.02	    0.00	    0.01	    0.08	   27.91	   27.91
0	2	 6199.89	 1170.16	    0.00	    0.00	    0.00	  237.41	  143.44	  244.31	    0.00	    0.00	    0.00	    0.00	    0.00	    0.00	    0.00	   97.92	    0.00	   34.90	    0.00	    0.02	    0.00	    0.00	    0.00	    0.00
1	0	    0.00	 1270.16	    0.00	    0.00	    0.00	  537.41	  643.36	 1044.19	    0.00	    0.00	    0.00	    0.00	    0.00	    0.00	    0.00	  597.85	    0.39	  134.89	    0.02	  299.97	    0.00	    0.00	    0.00	    0.00
1	5	 2500.11	 2729.84	  162.21	    0.04	    0.00	    0.00	    0.00	    0.00	    0.00	    0.00	    0.04	  367.45	  154.88	    0.01	    0.00	    0.00	    0.00	    0.00	    0.00	    0.00	    0.01	    0.03	   27.91	   27.91
2	0	    0.00	    0.00	  362.21	  700.02	  215.62	    0.00	    0.08	    0.13	  531.24	 1393.74	  700.02	  667.45	  954.88	  400.00	  515.64	    0.09	  399.62	    0.02	  300.00	    0.05	  100.01	  400.08	  327.91	  127.91
2	3	 4499.44	  669.88	 1937.53	    0.00	    0.00	    0.00	    0.00	    0.00	    0.00	    0.00	    0.00	 3750.85	 2507.31	    0.08	    0.00	    0.00	    0.00	    0.00	    0.00	    0.00	  202.64	    0.01	   74.62	  471.90
2	11	 1600.45	  400.28	  500.25	 1601.54	  402.77	  500.46	  804.50	 1200.00	 1399.69	  669.35	    0.56	    0.00	    0.00	    0.22	   54.69	  536.64	  188.79	  199.45	   23.44	    0.16	    0.00	    0.00	    0.00	    0.00
3	2	    0.00	    0.00	    0.00	 2501.56	  718.39	  563.04	  761.15	 1155.83	 2030.93	 2363.10	 1000.42	    0.00	    0.00	  499.98	  670.28	  638.80	  688.41	  164.56	  323.44	    0.19	    0.02	    0.07	    0.05	    0.00
3	4	 3196.95	  169.70	 1337.26	 6695.95	    0.00	    0.00	    0.00	    0.00	    0.00	    0.07	  905.68	 3150.55	 1907.05	  200.01	    0.07	    0.00	    0.03	    0.00	    0.02	    0.00	    2.72	    0.06	  172.06	  271.91
3	10	  802.48	  300.21	  400.28	 2402.50	  699.87	  599.64	    1.27	    3.57	    0.36	    0.14	    0.00	    0.31	    0.25	    0.06	    0.05	    0.10	    0.04	    0.05	    0.01	    0.02	    0.01	    0.04	    0.05	    0.02
4	3	    0.00	    0.04	    0.00	    0.00	 1918.26	 1562.68	 1162.42	 1859.40	 2731.29	 3561.72	    0.00	    0.00	    0.00	    0.00	 1168.38	 1438.90	 1187.91	  264.62	  522.60	  300.15	    0.07	  399.26	    0.00	    0.00
4	5	    0.00	    0.00	  533.70	 2142.58	 1268.09	    0.00	    0.01	    0.03	  568.89	 1306.27	  405.52	 1462.86	  579.84	  100.02	  283.86	    0.03	    0.04	    0.00	    0.09	    0.01	    0.01	    0.02	   72.07	   72.07
4	8	 2996.95	  899.59	  703.55	 4053.37	 2913.65	 1399.88	    0.02	    0.09	    0.00	    0.00	    0.15	 1487.68	 1127.21	    0.00	    0.00	    0.05	    0.00	    0.01	    0.00	    0.02	    0.01	    0.00	    0.00	  199.84
5	1	    0.00	    0.00	    0.00	    0.02	   84.38	  937.41	  843.36	 1444.17	  168.76	  506.26	    0.02	    0.00	    0.00	    0.01	   84.36	  997.83	  200.38	  134.89	  100.00	  399.97	    0.00	   99.95	    0.00	    0.00
5	4	    0.00	  829.93	    0.00	    0.00	    0.00	 3162.56	 1052.64	 1800.09	    0.00	    0.00	    0.00	    0.00	    0.00	    0.00	    0.00	 1452.49	    0.06	  201.92	    0.02	  305.42	    0.06	    0.00	    0.00	    0.00
5	7	 2200.11	 1499.92	  395.91	 1742.60	  983.71	 3500.02	    0.00	    0.00	    0.13	    0.13	    5.55	 1630.31	  534.73	    0.02	    0.00	    0.00	    0.00	    0.00	    0.00	    0.00	    0.00	    0.00	    0.00	    0.00
6	7	    0.00	    0.00	    0.00	    0.00	    0.00	    0.00	 4209.04	    0.00	    0.00	    0.00	    0.00	    0.00	    0.00	  399.79	  600.16	  368.42	  135.37	  999.44	  999.45	 2599.71	  500.10	  799.83	  299.98	  199.99
6	17	  431.49	  337.93	    7.81	  430.78	  119.24	  988.75	 7890.96	 4527.67	  825.51	    0.69	    0.14	  217.01	    0.04	    0.00	    0.00	    0.00	    0.02	    0.00	    0.00	    0.00	    0.00	    0.00	    0.00	    0.00
7	5	    0.00	    0.00	    0.00	    0.00	    0.00	    0.00	 2295.99	 4044.23	    0.00	    0.11	    0.00	    0.00	    0.00	    0.00	    0.50	 3350.29	  700.40	  436.80	  299.93	 1005.38	  100.05	  299.90	    0.02	    0.01
7	6	  931.49	  537.93	  107.81	  830.78	  319.24	 1388.75	    0.00	 5527.67	 1425.47	    1.96	    0.50	  917.01	   55.53	    0.00	    0.00	    0.00	    0.10	    0.00	    0.00	    0.00	    0.00	    0.00	    0.00	    0.00
7	8	    0.00	    0.00	    0.00	    0.00	    0.00	    0.00	  913.05	 3755.70	    0.00	    0.00	    0.00	    0.00	    0.00	    0.00	    0.00	 1256.27	    0.00	  262.75	    0.00	  694.60	    0.09	    0.00	    0.00	    0.00
7	15	  468.69	  562.02	  174.79	  693.28	  433.30	 1311.35	    0.00	 3372.39	  893.23	    0.88	    0.33	  472.98	    0.48	    0.00	    0.00	    0.00	    0.00	    0.00	    0.00	    0.00	    0.00	    0.00	    0.00	    0.00
8	4	    0.00	    0.00	    0.00	    0.00	    0.00	    0.00	  309.81	  559.43	 4100.18	 5867.93	    0.00	    0.00	    0.00	    0.00	 1652.16	  486.49	 1387.86	   62.71	  622.65	   94.76	   97.30	  599.22	    0.01	    0.00
8	7	    0.07	    0.04	   86.68	  481.45	  268.83	    0.08	    0.00	    0.00	 3118.56	 1602.06	  795.29	  359.68	  121.28	    0.05	    0.00	    0.00	    0.20	    0.00	    0.00	    0.00	    0.00	    0.00	    0.00	    0.00
8	9	 2496.88	  699.55	  516.87	 2871.91	 1844.82	  999.80	    3.31	 2396.36	 8981.26	    0.00	    0.00	  528.12	  406.04	    0.00	    0.00	    0.21	    0.00	    0.06	    0.00	    0.00	    0.00	    0.00	    0.00	    0.00
9	8	    0.00	    0.00	    0.00	    0.00	    0.00	    0.00	    0.05	    0.00	    0.00	10269.99	 2195.14	    0.12	    0.12	  600.05	 2652.16	  630.39	 2288.05	    0.02	 1022.65	    0.13	  397.20	 1299.22	  500.01	    0.16
9	10	    0.00	    0.00	    0.00	    0.00	    0.00	    0.00	  498.67	  796.45	 1715.49	 8394.63	    0.00	    0.00	    0.00	    0.00	 1279.04	 1563.23	 1911.63	  199.94	  422.67	  427.52	    1.30	  485.11	    0.00	    0.00
9	14	  798.89	   99.91	   99.86	 1097.93	  597.45	  199.92	    0.00	    0.00	 3084.37	14583.43	 1904.72	  649.48	    3.13	    0.00	    0.00	    0.00	    0.70	    0.00	    0.00	    0.00	    0.00	    0.00	    0.00	    0.00
9	15	    0.19	    0.00	   17.41	   76.06	   47.53	    0.00	    0.00	    0.00	  481.66	 8051.41	 2161.47	  208.78	    0.38	    0.00	    0.00	    0.00	    0.00	    0.00	    0.00	    0.00	    0.00	    0.00	    0.00	    0.00
9	16	  399.61	    0.01	   99.98	  499.92	  199.94	    0.04	    0.07	    0.10	  899.74	 3900.54	 1000.10	  599.90	  499.92	    0.09	    0.11	    0.10	    0.00	    0.04	    0.06	    0.12	    0.04	    0.12	    0.04	    0.02
10	3	    0.00	    0.00	    0.00	    0.00	    0.00	    0.00	    0.00	    0.00	    0.00	    1.59	 3406.09	    0.00	    0.00	 1199.97	    2.02	    0.00	    0.57	    0.00	    0.87	    0.07	    0.05	    0.90	  597.53	    0.03
10	9	    1.80	    0.33	    0.39	    1.99	    0.11	    0.09	    0.00	    0.00	    0.00	    0.00	11161.42	 2930.15	 1997.49	 1111.41	    0.00	    0.00	    0.00	    0.00	    0.00	    0.00	    0.14	    0.38	  358.25	   55.77
10	11	    0.00	    0.00	    0.00	    0.00	    0.00	    0.00	    0.00	    0.00	    0.09	 3230.65	 2400.32	    0.00	    0.00	  755.05	  656.00	  163.49	  911.17	    0.02	  280.94	    0.00	    0.00	    0.00	    0.00	    0.00
10	13	  301.23	  100.09	  100.16	 1000.58	  199.78	  199.61	    0.00	    0.02	  315.75	 1162.54	 5332.16	 1050.79	   18.08	    0.00	    0.00	    0.00	    0.04	    0.00	    0.00	    0.00	    0.00	    0.00	    0.00	    0.00
11	2	    0.00	    0.00	    0.00	    0.00	    0.00	    0.00	    0.00	    0.00	    0.00	    0.00	    0.16	 4618.30	 3562.19	    0.32	    0.05	    0.00	    0.00	    0.00	    0.00	    0.00	  302.63	  500.02	  502.48	  599.82
11	10	    0.55	    0.21	    0.27	    0.07	    0.02	    0.06	    0.00	    0.00	    0.00	    0.00	    0.00	 5380.64	 3015.32	    0.00	    0.00	    0.00	    0.00	    0.00	    0.00	    0.00	    0.04	    0.00	    0.00	    0.39
11	12	 1399.90	  300.08	  299.98	 1001.47	  202.74	  300.39	  104.57	  600.00	  799.78	 1900.00	 1000.72	 3901.06	    0.00	   55.50	   10.64	    0.57	  499.96	    0.04	    4.37	    0.00	    0.00	    0.00	    0.00	    0.00
12	11	    0.00	    0.00	    0.00	    0.00	    0.00	    0.00	    0.06	    0.00	    0.00	    0.00	    0.00	    0.00	 7877.51	    0.56	    0.00	    0.44	    0.00	    0.57	    0.00	  499.84	  602.67	 1200.02	 1202.48	 1100.20
12	23	  899.90	    0.08	  199.98	  401.47	    2.74	  100.39	    0.00	    0.00	  199.78	    0.00	    0.72	 2601.06	 6722.49	    0.00	    0.00	    0.00	    0.00	    0.00	    0.00	    0.00	    0.00	    0.00	    0.00	    0.00
13	10	    0.00	    0.00	    0.00	    0.00	    0.00	    0.00	    0.06	    0.00	    0.00	    0.00	    0.00	    0.00	    0.00	 4666.38	  778.94	    0.16	    0.11	    0.02	  259.11	  172.53	  398.83	  616.13	 2255.74	  655.40
13	14	    1.14	    0.08	    0.15	    1.52	    0.05	    0.03	    0.00	    0.00	    0.00	    0.00	 1045.30	  350.52	   98.32	 6231.85	    0.00	    0.00	    0.00	    0.00	    0.00	    0.00	    0.00	    0.00	 1175.99	  129.97
13	22	    0.10	    0.01	    0.02	  499.08	   99.73	   99.58	    0.00	    0.00	  191.53	  797.93	 2686.93	    0.30	    0.31	 3201.77	  443.30	    0.00	  223.86	    0.00	  137.40	    0.00	    0.00	    0.00	    0.00	    0.00
14	9	    0.00	    0.00	    0.00	    0.00	    0.00	    0.00	    0.00	    0.00	    0.00	    0.00	    0.00	    0.00	    0.00	 1588.72	 7931.31	    0.26	    0.74	    0.05	 3245.22	 1746.42	 1598.40	 4384.07	 1941.80	  744.41
14	13	    0.00	    0.00	    0.00	    0.00	    0.00	    0.00	  199.58	  399.17	  475.78	 1735.39	    0.06	    0.00	    0.00	    0.00	 2522.24	  698.92	  923.94	   99.79	  696.50	  671.29	    0.22	  649.58	    0.00	    0.00
14	18	  300.03	    0.08	    0.01	  200.06	  100.02	    0.12	    0.01	    0.03	  400.13	 3246.02	  837.48	  300.05	  285.74	 2895.94	 5900.30	    0.05	    0.36	    0.01	    0.00	    0.04	  572.33	 2899.93	  899.98	  267.12
14	21	    0.00	    0.00	    0.00	  399.39	  297.48	    0.00	    0.00	    0.00	 1308.45	 5602.02	  712.47	    0.00	    0.00	  447.19	 5046.16	    0.20	 2478.53	    0.00	 2074.00	    0.00	    0.00	    0.00	    0.00	    0.00
15	7	    0.00	    0.00	    0.00	    0.00	    0.00	    0.00	    0.00	    0.00	    0.00	    0.77	    0.00	    0.00	    0.00	    0.14	    0.34	 6438.14	 1964.93	    0.11	    0.48	    0.28	    0.04	    0.07	    0.03	    0.02
15	9	    0.00	    0.05	    0.00	    0.00	    0.00	    0.06	 2395.31	    0.19	    0.00	    0.00	    0.00	    0.00	    0.00	    0.00	    0.00	 6592.27	    0.50	  899.74	    0.17	 1180.93	    0.00	    0.00	    0.00	    0.00
15	16	    0.38	  199.99	    0.01	    0.05	    0.05	  500.02	 1000.29	 1400.20	    0.20	    0.45	    0.08	    0.05	    0.00	    0.00	    0.00	 5957.13	    0.00	  600.21	    0.00	 1553.76	  351.75	    0.00	    0.00	  122.60
15	17	    0.04	    0.02	    0.00	    0.04	    0.01	    0.07	    0.00	    0.34	    0.75	 3652.61	  762.10	    0.09	    0.01	    0.02	    0.13	 7112.47	 3742.97	    0.00	    0.13	    0.00	    0.00	    0.00	    0.00	    0.00
16	9	    0.00	    0.00	    0.00	    0.00	    0.00	    0.00	    0.17	    0.00	    0.00	    0.00	    0.00	    0.00	    0.00	    0.00	    0.00	    0.98	 8099.14	    0.15	    0.00	    0.42	    0.00	    0.00	    0.00	    0.00
16	15	    0.00	    0.00	    0.00	    0.00	    0.00	    0.00	    0.00	    0.00	    0.00	    1.21	    0.27	    0.00	    0.00	  692.14	 1187.97	    0.00	 8508.30	    0.00	 1287.29	    0.00	    0.05	    0.09	    0.04	    0.02
16	18	    0.02	    0.03	    0.00	    0.02	    0.01	    0.05	    0.19	    0.31	    0.03	    0.14	    0.00	    0.00	    0.00	    0.00	    0.00	 3156.25	 6792.56	    0.10	    0.00	    0.00	    0.00	    0.00	    0.00	    0.00
17	6	    0.00	    0.00	    0.00	    0.00	    0.00	    0.00	    0.00	    0.00	    0.05	 1898.73	  499.64	    0.00	  344.51	  599.79	 1100.16	 1768.42	 1135.30	 1199.44	 1399.45	 3099.71	  700.10	 1299.83	  499.98	  299.99
17	15	   31.54	   38.04	    7.81	   30.76	   19.22	   88.80	 4795.60	  228.34	   26.06	    0.32	    0.10	   18.38	  599.15	    8.03	   12.50	    0.00	    0.10	 2000.06	   13.49	 4334.97	  951.75	 1199.98	  499.99	  422.60
17	19	  299.99	  299.91	    0.00	  300.06	  100.03	  800.02	 2895.36	 3999.67	  600.15	 1054.43	  162.66	    0.17	    0.00	    0.00	    0.00	 4844.05	 2007.71	 1600.50	    0.00	    0.00	    0.00	    0.00	    0.00	    0.00
18	14	    0.00	    0.08	    0.00	    0.00	    0.00	    0.17	  699.55	  999.12	    0.00	    0.00	    0.00	    0.00	    0.00	    0.00	    0.00	 1899.30	 4902.87	  299.82	 6815.72	 3517.37	    0.14	    0.34	    0.14	    0.06
18	16	    0.04	    0.02	    0.01	    0.05	    0.02	    0.00	    0.00	    0.00	    0.08	    0.36	    0.09	    0.05	    0.08	 1392.05	 2687.86	    0.00	    0.00	    0.00	 2987.23	  146.54	  248.25	 1699.97	  600.00	  177.40
18	19	    0.01	    0.00	    0.00	    0.03	    0.01	    0.02	    0.00	    0.00	    0.08	 1445.80	  437.39	    0.00	    0.00	 1203.90	 2412.43	    0.00	  190.06	    0.00	 2997.05	    0.00	    0.00	    0.00	    0.00	    0.00
19	17	    0.00	    0.00	    0.00	    0.00	    0.00	    0.00	    0.00	    0.00	    0.00	    0.18	    0.17	    1.45	 1043.61	  707.79	 1312.53	    0.00	    0.12	    0.00	 1712.81	 7834.68	 1751.85	 2799.81	 1099.98	  722.59
19	18	    0.00	  100.00	    0.00	    0.00	    0.00	  200.02	 1099.34	 1698.79	    0.00	    0.00	    0.00	    0.00	   14.34	    0.01	    0.00	   43.00	    0.00	  599.71	    0.00	 4863.86	   76.05	    0.38	    0.15	   10.34
19	20	    0.00	    0.00	    0.00	    0.07	    0.04	  100.01	  595.98	  600.71	    0.11	    0.04	    0.01	    0.01	    0.02	    0.01	    0.03	 1501.00	  497.47	  200.79	   84.33	 2701.47	    0.00	    0.07	    0.03	    0.02
19	21	    0.00	   99.91	    0.00	    0.01	    0.01	  200.02	  700.04	  800.17	    0.13	    0.19	    0.04	    0.00	    0.00	    0.00	    0.14	 1700.04	    0.24	  400.00	    0.07	 3099.99	    0.16	    0.00	    0.00	    0.00
20	19	    0.00	    0.00	    0.00	    0.00	    0.00	    0.00	    0.00	    0.00	    0.00	    0.09	    0.02	  401.22	 1657.82	    0.07	    0.14	    0.00	    0.06	    0.00	    0.15	    0.00	 3028.06	    0.19	    1.05	 1132.68
20	21	  262.03	    0.07	   65.51	    0.00	    0.00	    0.03	    0.05	    0.07	    0.00	    0.00	    0.00	  458.55	 1469.59	    0.00	    0.00	    0.14	    0.00	    0.03	    0.00	    0.35	 4773.29	    0.00	    0.08	 1604.58
20	23	    0.00	    0.00	    0.00	    0.00	    0.00	    0.02	  395.93	  200.64	    0.02	  490.49	    0.00	    0.00	    0.00	    0.00	  686.62	  900.94	  213.46	  100.76	  256.58	 1501.12	 3198.65	 2359.38	    0.00	    0.00
21	14	    0.00	    0.00	    0.00	    0.00	    0.00	    0.00	    0.05	    0.07	    0.00	    0.00	    0.00	    0.05	  884.30	    0.00	    0.00	    0.14	    0.00	    0.03	    0.00	    0.39	 2970.82	10533.24	 2665.66	 1281.49
21	19	    0.00	    0.00	    0.00	    0.00	    0.00	    0.00	    0.00	    0.00	    0.00	    0.09	    0.14	    0.07	    0.16	    3.85	    0.13	    0.00	    0.00	    0.00	    0.00	    0.00	    0.00	 5200.06	 1799.10	    0.27
21	20	    0.01	    0.00	    0.00	    0.02	   97.53	    0.00	    0.00	    0.00	  299.92	 1690.54	    2.27	    0.03	    0.00	    0.81	 1486.74	    0.07	  316.04	    0.00	  572.40	    0.00	    0.00	 4159.50	    1.19	    0.00
21	22	    0.00	    0.00	    0.00	    0.00	    0.00	    0.04	  200.04	  300.17	  308.66	 1311.58	    0.00	    0.00	    0.00	    0.00	  959.44	  500.18	  462.72	  100.01	  301.67	  699.95	    2.63	 4507.20	    0.00	    0.00
22	13	    0.01	    0.00	    0.00	    0.02	    0.00	    0.00	    0.47	    0.81	    0.00	    0.00	    0.00	    0.03	  680.54	    0.00	    0.00	    1.24	    0.00	    0.23	    0.01	    1.23	  798.61	 1166.55	 4531.73	 1185.37
22	21	  137.98	    0.02	   34.49	    0.62	    0.05	    0.00	    0.00	    0.00	    0.00	    0.00	  389.91	  241.61	  714.87	  757.47	    0.00	    0.00	    0.00	    0.00	    0.00	    0.00	    0.00	    0.00	 6565.87	  777.18
22	23	    0.01	    0.00	    0.00	    0.02	    0.00	    0.01	    0.02	    0.05	    0.20	  309.51	  997.07	    0.06	    0.00	 1344.30	  402.73	    0.09	   86.58	    0.00	  139.05	    0.32	    0.21	 1240.73	 3402.40	    0.00
23	12	    0.00	    0.00	    0.00	    0.00	    0.00	    0.00	  295.50	    0.00	    0.00	    0.00	    0.00	    0.00	    0.00	  545.06	  689.36	  599.88	    0.04	  100.53	  295.63	 1099.84	 1202.67	 2500.02	 2002.48	 1800.20
23	20	  362.01	    0.06	   65.51	  199.90	    2.43	    0.03	    0.00	    0.00	    0.00	    0.00	  397.74	 1159.73	 3727.38	  399.24	    0.00	    0.00	    0.00	    0.00	    0.00	    0.00	    0.00	    0.00	  699.91	 3237.24
23	22	  437.90	    0.01	  134.47	    1.59	    0.31	    0.39	    0.46	    0.69	    0.00	    0.00	    0.05	  941.39	 2195.10	    0.00	    0.00	    1.15	    0.00	    0.23	    0.00	    1.60	 1496.19	    0.08	    0.00	 2662.55
