0.000000000000000000e+00 1.000000000000000000e+00 4.504664559052871482e+03
0.000000000000000000e+00 2.000000000000000000e+00 8.102636532636520315e+03
1.000000000000000000e+00 0.000000000000000000e+00 4.504053718336343991e+03
1.000000000000000000e+00 5.000000000000000000e+00 5.978436514856350186e+03
2.000000000000000000e+00 0.000000000000000000e+00 8.103247373353050534e+03
2.000000000000000000e+00 3.000000000000000000e+00 1.401841255401254966e+04
2.000000000000000000e+00 1.100000000000000000e+01 1.000564104734778994e+04
3.000000000000000000e+00 2.000000000000000000e+00 1.402614760970205680e+04
3.000000000000000000e+00 4.000000000000000000e+00 1.801651765738084941e+04
3.000000000000000000e+00 1.000000000000000000e+01 5.210631854288644718e+03
4.000000000000000000e+00 3.000000000000000000e+00 1.802821660274399255e+04
4.000000000000000000e+00 5.000000000000000000e+00 8.800766377884905523e+03
4.000000000000000000e+00 8.000000000000000000e+00 1.578313092713733568e+04
5.000000000000000000e+00 1.000000000000000000e+00 5.977825674139819057e+03
5.000000000000000000e+00 4.000000000000000000e+00 8.799645698973261460e+03
5.000000000000000000e+00 7.000000000000000000e+00 1.250559147510462026e+04
6.000000000000000000e+00 7.000000000000000000e+00 1.206141093984280269e+04
6.000000000000000000e+00 1.700000000000000000e+01 1.596197854434425244e+04
7.000000000000000000e+00 5.000000000000000000e+00 1.250385995547644598e+04
7.000000000000000000e+00 6.000000000000000000e+00 1.207290902615469531e+04
7.000000000000000000e+00 8.000000000000000000e+00 6.854039746269775605e+03
7.000000000000000000e+00 1.500000000000000000e+01 8.393844665372394957e+03
8.000000000000000000e+00 4.000000000000000000e+00 1.579595055141213379e+04
8.000000000000000000e+00 7.000000000000000000e+00 6.861162403011756396e+03
8.000000000000000000e+00 9.000000000000000000e+00 2.171973185789823401e+04
9.000000000000000000e+00 8.000000000000000000e+00 2.183967413891503020e+04
9.000000000000000000e+00 1.000000000000000000e+01 1.773070921452194307e+04
9.000000000000000000e+00 1.400000000000000000e+01 2.308529448355167551e+04
9.000000000000000000e+00 1.500000000000000000e+01 1.106602795536118174e+04
9.000000000000000000e+00 1.600000000000000000e+01 8.100572161176484769e+03
1.000000000000000000e+01 3.000000000000000000e+00 5.306667964614997800e+03
1.000000000000000000e+01 9.000000000000000000e+00 1.762431895774148506e+04
1.000000000000000000e+01 1.100000000000000000e+01 8.363530697582775247e+03
1.000000000000000000e+01 1.300000000000000000e+01 9.764252517326294765e+03
1.100000000000000000e+01 2.000000000000000000e+00 9.998516832374818478e+03
1.100000000000000000e+01 1.000000000000000000e+01 8.393950813213028596e+03
1.100000000000000000e+01 1.200000000000000000e+01 1.227168093786186910e+04
1.200000000000000000e+01 1.100000000000000000e+01 1.239497683851914735e+04
1.200000000000000000e+01 2.300000000000000000e+01 1.111948548721896623e+04
1.300000000000000000e+01 1.000000000000000000e+01 9.823478255241931038e+03
1.300000000000000000e+01 1.400000000000000000e+01 9.048920355538730291e+03
1.300000000000000000e+01 2.200000000000000000e+01 8.326716157958160693e+03
1.400000000000000000e+01 9.000000000000000000e+00 2.322398450874156333e+04
1.400000000000000000e+01 1.300000000000000000e+01 9.085239384823060391e+03
1.400000000000000000e+01 1.800000000000000000e+01 1.899827664918071605e+04
1.400000000000000000e+01 2.100000000000000000e+01 1.817251461761079190e+04
1.500000000000000000e+01 7.000000000000000000e+00 8.396488575314127957e+03
1.500000000000000000e+01 9.000000000000000000e+00 1.105269401634563292e+04
1.500000000000000000e+01 1.600000000000000000e+01 1.168572195865950380e+04
1.500000000000000000e+01 1.700000000000000000e+01 1.546416979306905159e+04
1.600000000000000000e+01 9.000000000000000000e+00 8.101548612799366310e+03
1.600000000000000000e+01 1.500000000000000000e+01 1.173561567983797431e+04
1.600000000000000000e+01 1.800000000000000000e+01 9.926340705313879880e+03
1.700000000000000000e+01 6.000000000000000000e+00 1.595048045803236346e+04
1.700000000000000000e+01 1.500000000000000000e+01 1.540358604281675980e+04
1.700000000000000000e+01 1.900000000000000000e+01 1.920611899085832556e+04
1.800000000000000000e+01 1.400000000000000000e+01 1.885062202349923973e+04
1.800000000000000000e+01 1.600000000000000000e+01 9.977210878115238302e+03
1.800000000000000000e+01 1.900000000000000000e+01 8.772063770220971492e+03
1.900000000000000000e+01 1.700000000000000000e+01 1.903403715429414297e+04
1.900000000000000000e+01 1.800000000000000000e+01 8.675279317340880880e+03
1.900000000000000000e+01 2.000000000000000000e+01 6.042376199223734147e+03
1.900000000000000000e+01 2.100000000000000000e+01 7.599473699712842063e+03
2.000000000000000000e+01 1.900000000000000000e+01 6.270300739755017275e+03
2.000000000000000000e+01 2.100000000000000000e+01 8.577667896690423731e+03
2.000000000000000000e+01 2.300000000000000000e+01 1.028635903497887375e+04
2.100000000000000000e+01 1.400000000000000000e+01 1.839517829776648432e+04
2.100000000000000000e+01 1.900000000000000000e+01 7.002682869737290275e+03
2.100000000000000000e+01 2.000000000000000000e+01 8.847946357600712872e+03
2.100000000000000000e+01 2.200000000000000000e+01 9.698670699108854024e+03
2.200000000000000000e+01 1.300000000000000000e+01 8.349622866589474143e+03
2.200000000000000000e+01 2.100000000000000000e+01 9.594822010199264696e+03
2.200000000000000000e+01 2.300000000000000000e+01 7.954073407138759649e+03
2.300000000000000000e+01 1.200000000000000000e+01 1.114278138787624812e+04
2.300000000000000000e+01 2.000000000000000000e+01 1.024400511459986592e+04
2.300000000000000000e+01 2.200000000000000000e+01 7.873131426860491956e+03
