i	j	       0	       1	       2	       3	       4	       5	       6	       7	       8	       9	      10	      11	      12	      13	      14	      15	      16	      17	      18	      19	      20	      21	      22	      23
0	1	 2600.23	    0.00	  267.81	  199.98	   17.56	    0.00	    0.01	    0.02	   35.13	  105.38	  199.98	  469.60	  461.62	   99.99	   17.50	    0.02	    0.02	    0.00	    0.04	    0.00	    0.01	    0.09	    0.19	   29.54
0	2	 6199.77	 1158.12	    0.00	    0.00	    0.00	  235.15	  144.73	  251.94	    0.00	    0.00	    0.00	    0.00	    0.00	    0.00	    0.00	   97.42	    0.00	   35.85	    0.00	    0.02	    0.00	    0.00	    0.00	    0.00
1	0	    0.00	 1258.12	    0.00	    0.00	    0.00	  535.15	  644.71	 1051.90	    0.00	    0.00	    0.00	    0.00	    0.00	    0.00	    0.00	  597.33	    0.32	  135.85	    0.05	  299.92	    0.00	    0.02	    0.00	    0.00
1	5	 2500.23	 2741.88	  167.81	    0.00	    0.00	    0.00	    0.00	    0.00	    0.00	    0.00	    0.00	  369.60	  161.62	    0.00	    0.00	    0.00	    0.00	    0.00	    0.00	    0.00	    0.01	    0.01	    0.19	   29.54
2	0	    0.00	    0.00	  367.81	  699.98	  217.56	    0.00	    0.03	    0.06	  535.13	 1405.38	  699.98	  669.60	  961.62	  399.99	  517.50	    0.11	  399.70	    0.00	  299.98	    0.11	  100.00	  400.07	  300.19	  129.54
2	3	 4499.57	  657.92	 1832.11	    0.00	    0.00	    0.12	    0.00	    0.00	    0.00	    0.00	    0.00	 3764.86	 2538.70	    0.10	    0.00	    0.00	    0.00	    0.00	    0.00	    0.00	  203.05	    0.21	    1.36	  469.98
2	11	 1600.20	  400.20	  600.08	 1602.56	  402.87	  500.46	  751.40	 1200.00	 1399.63	  679.43	    0.42	    0.00	    0.00	    0.12	   49.97	  537.79	  191.55	  199.40	   21.41	    0.23	    0.00	    0.00	    0.00	    0.00
3	2	    0.00	    0.00	    0.00	 2502.54	  720.44	  565.42	  706.71	 1148.12	 2034.75	 2384.81	 1000.08	    0.00	    0.00	  499.89	  667.41	  640.48	  691.25	  163.55	  321.40	    0.23	    0.00	    0.06	    0.04	    0.00
3	4	 3197.22	  157.97	 1331.71	 6696.68	    0.00	    0.00	    0.00	    0.00	    0.00	    0.13	  905.89	 3164.32	 1938.23	  200.04	    0.01	    0.00	    0.01	    0.00	    0.01	    0.00	    3.08	    0.04	  199.81	  269.98
3	10	  802.35	  300.00	  300.40	 2400.78	  699.64	  599.57	    0.32	    5.54	    0.82	    0.18	    0.00	    0.54	    0.47	    0.07	    0.06	    0.14	    0.05	    0.02	    0.02	    0.03	    0.02	    0.05	    0.06	    0.03
4	3	    0.00	    0.05	    0.00	    0.00	 1920.07	 1564.88	 1107.03	 1853.65	 2735.58	 3584.58	    0.00	    0.00	    0.00	    0.00	 1166.00	 1440.61	 1191.20	  263.57	  520.81	  300.26	    0.03	  399.06	    0.00	    0.00
4	5	    0.00	    0.00	  528.99	 2122.32	 1254.56	    0.00	    0.02	    0.04	  564.92	 1294.48	  404.74	 1468.16	  606.69	  100.04	  282.25	    0.04	    0.05	    0.00	    0.08	    0.01	    0.02	    0.03	   99.81	   70.45
4	8	 2997.22	  899.95	  702.72	 4074.36	 2925.37	 1400.07	    0.03	    0.12	    0.00	    0.00	    1.15	 1496.15	 1131.54	    0.00	    0.00	    0.07	    0.00	    0.01	    0.00	    0.03	    0.00	    0.00	    0.00	  199.53
5	1	    0.00	    0.00	    0.00	    0.02	   82.44	  935.15	  844.70	 1451.88	  164.87	  494.62	    0.02	    0.00	    0.00	    0.01	   82.50	  997.31	  200.30	  135.85	  100.02	  399.92	    0.00	   99.94	    0.00	    0.00
5	4	    0.00	  842.03	    0.00	    0.00	    0.00	 3164.95	 1012.11	 1810.15	    0.00	    0.00	    0.00	    0.00	    0.00	    0.00	    0.00	 1464.51	    0.08	  202.70	    0.03	  307.83	    0.10	    0.00	    0.00	    0.00
5	7	 2200.23	 1499.85	  396.80	 1722.30	  972.12	 3499.90	    0.00	    0.00	    0.07	    0.00	    4.72	 1637.76	  568.32	    0.04	    0.00	    0.00	    0.00	    0.00	    0.00	    0.00	    0.00	    0.00	    0.00	    0.00
6	7	    0.00	    0.00	    0.00	    0.00	    0.00	    0.00	 4157.58	    0.00	    0.00	    0.21	    0.00	    0.00	    0.00	  399.80	  599.90	  405.11	  145.83	  999.19	  999.46	 2599.28	  499.97	  799.69	  299.92	  199.96
6	17	  428.89	  334.48	    8.24	  432.25	  120.18	  980.68	 7942.42	 4506.60	  825.80	    0.25	    0.27	  218.21	    0.10	    0.00	    0.00	    0.00	    0.00	    0.00	    0.00	    0.00	    0.00	    0.00	    0.00	    0.00
7	5	    0.00	    0.00	    0.00	    0.00	    0.00	    0.00	 2256.79	 4061.99	    0.03	    0.14	    0.00	    0.00	    0.00	    0.00	    0.24	 3361.79	  700.33	  438.54	  299.97	 1007.73	  100.08	  299.91	    0.00	    0.01
7	6	  928.89	  534.48	  108.24	  832.25	  320.18	 1380.68	    0.00	 5506.60	 1425.60	    4.21	    2.14	  917.90	   91.71	    0.00	    0.00	    0.00	    0.09	    0.00	    0.00	    0.00	    0.00	    0.00	    0.00	    0.00
7	8	    0.00	    0.00	    0.00	    0.00	    0.00	    0.00	  900.80	 3737.93	    0.00	    0.00	    0.00	    0.00	    0.00	    0.00	    0.00	 1289.25	    0.00	  260.93	    0.00	  692.33	    0.04	    0.00	    0.00	    0.00
7	15	  471.43	  565.42	  172.69	  682.01	  426.20	 1319.32	    0.00	 3393.47	  883.78	    0.23	    0.00	  472.25	    0.44	    0.00	    0.00	    0.00	    0.00	    0.00	    0.00	    0.00	    0.00	    0.00	    0.00	    0.00
8	4	    0.00	    0.00	    0.00	    0.00	    0.00	    0.00	  294.97	  543.67	 4100.50	 5878.92	    0.00	    0.00	    0.00	    0.00	 1648.24	  476.21	 1391.15	   60.88	  620.85	   92.47	   96.87	  599.04	    0.00	    0.00
8	7	    0.09	    0.05	   84.13	  491.95	  274.26	    0.10	    0.00	    0.00	 3109.34	 1603.92	  797.42	  352.38	  123.83	    0.03	    0.00	    0.00	    0.23	    0.00	    0.00	    0.00	    0.00	    0.00	    0.00	    0.00
8	9	 2497.13	  699.90	  518.59	 2882.41	 1851.11	  999.97	    5.92	 2394.39	 8990.17	    0.00	    0.00	  543.83	  407.77	    0.00	    0.00	    0.28	    0.00	    0.14	    0.00	    0.23	    0.00	    0.00	    0.00	    0.00
9	8	    0.00	    0.00	    0.00	    0.00	    0.00	    0.00	    0.06	    0.00	    0.00	10282.84	 2196.27	    0.06	    0.06	  600.03	 2648.24	  587.16	 2291.37	    0.08	 1020.85	    0.34	  396.83	 1299.04	  500.00	    0.47
9	10	    0.00	    0.00	    0.00	    0.00	    0.00	    0.00	  499.42	  794.49	 1719.05	 8395.19	    0.00	    0.00	    0.00	    0.00	 1299.99	 1562.18	 1908.14	  199.83	  429.87	  436.36	    0.80	  492.25	    0.00	    0.00
9	14	  799.60	   99.98	   99.95	 1098.99	  597.57	  200.08	    0.00	    0.00	 3080.48	14603.13	 1878.02	  643.98	   13.20	    0.00	    0.00	    0.00	    0.90	    0.00	    0.00	    0.00	    0.00	    0.00	    0.00	    0.00
9	15	    0.00	    0.00	   19.10	   85.91	   53.69	    0.00	    0.00	    0.00	  490.72	 8018.85	 2166.74	  208.12	    0.14	    0.00	    0.00	    0.00	    0.00	    0.00	    0.00	    0.00	    0.00	    0.00	    0.00	    0.00
9	16	  399.73	    0.04	   99.98	  499.90	  199.96	    0.05	    0.09	    0.13	  899.91	 3899.99	 1000.01	  599.88	  499.77	    0.07	    0.14	    0.13	    0.00	    0.06	    0.08	    0.16	    0.06	    0.16	    0.06	    0.03
10	3	    0.00	    0.00	    0.00	    0.00	    0.00	    0.00	    0.00	    0.00	    0.00	    0.55	 3405.97	    0.00	    0.00	 1199.90	    1.48	    0.00	    0.12	    0.00	    0.61	    0.00	    0.02	    0.88	  698.54	    0.03
10	9	    2.20	    0.06	    0.44	    2.39	    0.11	    0.07	    0.00	    0.00	    0.00	    0.00	11141.05	 2908.22	 2005.40	 1107.20	    0.00	    0.00	    0.00	    0.00	    0.00	    0.00	    0.00	    0.00	  345.17	   56.97
10	11	    0.00	    0.00	    0.00	    0.00	    0.00	    0.00	    0.00	    0.00	    0.12	 3220.57	 2400.51	    0.00	    0.00	  728.08	  659.64	  162.44	  908.18	    0.02	  282.31	    0.00	    0.00	    0.00	    0.00	    0.00
10	13	  300.41	  100.04	    0.06	  998.48	  199.55	  199.52	    0.00	    0.03	  319.76	 1174.25	 5352.46	 1055.38	   70.39	    0.00	    0.00	    0.00	    0.05	    0.00	    0.00	    0.00	    0.00	    0.00	    0.00	    0.00
11	2	    0.00	    0.00	    0.00	    0.00	    0.00	    0.00	    0.00	    0.00	    0.00	    0.00	    0.32	 4634.46	 3600.32	    0.32	    0.06	    0.00	    0.00	    0.00	    0.00	    0.09	  303.05	  500.22	  401.51	  599.52
11	10	    0.25	    0.09	    0.09	    0.09	    0.03	    0.02	    0.00	    0.00	    0.00	    0.00	    0.00	 5363.06	 3075.32	    0.00	    0.00	    0.00	    0.00	    0.00	    0.00	    0.00	    0.16	    0.00	    0.00	    0.49
11	12	 1399.94	  300.10	  399.98	 1002.47	  202.84	  300.43	   51.52	  600.00	  799.75	 1900.00	 1000.62	 3902.49	    0.00	   28.03	    9.54	    0.55	  499.73	    0.05	    3.73	    0.00	    0.00	    0.00	    0.00	    0.00
12	11	    0.00	    0.00	    0.00	    0.00	    0.00	    0.00	    0.12	    0.00	    0.00	    0.00	    0.00	    0.00	 7975.64	    0.16	    0.00	    0.31	    0.00	    0.63	    0.00	  499.86	  603.21	 1200.22	 1101.51	 1100.01
12	23	  899.94	    0.10	  299.98	  402.47	    2.84	  100.43	    0.00	    0.00	  199.75	    0.00	    0.62	 2602.49	 6624.36	    0.00	    0.00	    0.00	    0.00	    0.00	    0.00	    0.00	    0.00	    0.00	    0.00	    0.00
13	10	    0.00	    0.00	    0.00	    0.00	    0.00	    0.00	    0.26	    0.00	    0.00	    0.00	    0.00	    0.00	    0.00	 4635.10	  761.07	    0.13	    0.17	    0.17	  253.03	  163.61	  399.05	  608.58	 2343.65	  656.48
13	14	    0.39	    0.04	    0.05	    0.56	    0.00	    0.00	    0.00	    0.00	    0.00	    0.00	 1061.83	  356.02	   92.52	 6258.96	    0.00	    0.00	    0.00	    0.00	    0.00	    0.00	    0.00	    0.00	 1145.10	  112.33
13	22	    0.03	    0.00	    0.01	  497.94	   99.56	   99.52	    0.00	    0.00	  198.52	  822.30	 2690.71	    0.00	    0.00	 3205.94	  427.81	    0.00	  219.64	    0.00	  133.74	    0.00	    0.00	    0.00	    0.00	    0.00
14	9	    0.00	    0.00	    0.00	    0.00	    0.00	    0.00	    0.00	    0.00	    0.00	    0.00	    0.00	    0.00	    0.00	 1592.90	 7948.37	    0.33	    1.04	    0.06	 3250.32	 1706.00	 1597.68	 4391.45	 1954.89	  743.52
14	13	    0.00	    0.00	    0.00	    0.02	    0.00	    0.00	  199.71	  399.01	  478.76	 1748.04	    0.07	    0.00	    0.00	    0.00	 2488.88	  699.48	  919.76	   99.91	  686.76	  662.28	    0.67	  692.74	    0.00	    0.00
14	18	  299.99	    0.04	    0.00	  200.02	  100.01	    0.06	    0.02	    0.03	  400.07	 3277.39	  830.74	  300.00	  280.57	 2897.16	 5899.85	    0.06	    0.46	    0.01	    0.00	    0.06	  535.90	 2899.90	  899.98	  252.88
14	21	    0.00	    0.00	    0.00	  399.51	  297.56	    0.05	    0.00	    0.00	 1301.66	 5577.69	  709.04	    0.00	    0.00	  468.90	 5062.90	    0.26	 2497.80	    0.00	 2091.61	    0.00	    0.00	    0.00	    0.00	    0.00
15	7	    0.00	    0.00	    0.00	    0.00	    0.00	    0.00	    0.00	    0.00	    0.00	    0.45	    0.00	    0.00	    0.00	    0.13	    0.35	 6445.92	 1954.37	    0.29	    0.51	    0.78	    0.15	    0.22	    0.09	    0.06
15	9	    0.00	    0.06	    0.00	    0.00	    0.00	    0.08	 2393.38	    0.24	    0.00	    0.00	    0.00	    0.00	    0.00	    0.00	    0.00	 6547.79	    0.63	  899.66	    0.22	 1230.40	    0.00	    0.00	    0.00	    0.00
15	16	    0.30	  200.03	    0.02	    0.12	    0.05	  500.10	 1000.29	 1400.72	    0.13	    0.56	    0.10	    0.12	    0.05	    0.00	    0.00	 5952.05	    0.00	  600.11	    0.00	 1536.83	  364.23	    0.00	    0.00	  132.98
15	17	    0.09	    0.04	    0.00	    0.09	    0.02	    0.18	    0.00	    0.89	    0.63	 3618.85	  766.96	    0.05	    0.01	    0.03	    0.13	 7154.23	 3747.19	    0.00	    0.13	    0.00	    0.00	    0.00	    0.00	    0.00
16	9	    0.00	    0.00	    0.00	    0.00	    0.00	    0.00	    0.28	    0.00	    0.00	    0.00	    0.00	    0.00	    0.00	    0.00	    0.00	    1.07	 8098.74	    0.10	    0.26	    0.23	    0.00	    0.00	    0.00	    0.00
16	15	    0.00	    0.00	    0.00	    0.00	    0.00	    0.00	    0.00	    0.00	    0.00	    0.38	    0.11	    0.00	    0.00	  693.77	 1190.50	    0.00	 8502.06	    0.00	 1290.10	    0.00	    0.06	    0.12	    0.05	    0.03
16	18	    0.03	    0.07	    0.00	    0.02	    0.01	    0.14	    0.11	    0.85	    0.04	    0.18	    0.00	    0.00	    0.00	    0.00	    0.00	 3151.11	 6799.20	    0.06	    0.00	    0.00	    0.00	    0.00	    0.00	    0.00
17	6	    0.00	    0.00	    0.00	    0.00	    0.00	    0.00	    0.00	    0.00	    0.19	 1896.25	  498.13	    0.31	  308.39	  599.80	 1099.90	 1805.11	 1145.73	 1199.19	 1399.46	 3099.28	  699.97	 1299.69	  499.92	  299.96
17	15	   28.96	   34.71	    8.23	   32.29	   20.18	   81.04	 4793.67	  208.38	   26.26	    0.41	    0.20	   19.80	  599.48	    6.39	    9.98	    0.00	    0.13	 2000.05	   10.76	 4368.02	  964.32	 1200.10	  500.04	  433.01
17	19	  300.02	  299.81	    0.01	  300.04	  100.02	  799.83	 2948.75	 3999.12	  599.97	 1022.71	  169.00	    0.06	    0.06	    0.00	    0.00	 4849.12	 2001.48	 1600.76	    0.00	    0.00	    0.00	    0.00	    0.00	    0.00
18	14	    0.00	    0.01	    0.00	    0.00	    0.00	    0.02	  699.58	  998.88	    0.00	    0.00	    0.00	    0.00	    0.00	    0.00	    0.00	 1899.92	 4918.17	  299.91	 6828.70	 3467.62	    0.17	    0.43	    0.18	    0.08
18	16	    0.00	    0.00	    0.00	    0.00	    0.00	    0.00	    0.00	    0.00	    0.00	    0.00	    0.00	    0.00	    0.18	 1393.70	 2690.36	    0.00	    0.00	    0.00	 2990.29	  163.24	  235.77	 1699.96	  599.99	  167.02
18	19	    0.02	    0.00	    0.00	    0.04	    0.02	    0.03	    0.00	    0.00	    0.11	 1477.57	  430.74	    0.00	    0.00	 1203.47	 2409.49	    0.00	  181.50	    0.00	 2981.02	    0.00	    0.00	    0.00	    0.00	    0.00
19	17	    0.00	    0.00	    0.00	    0.00	    0.00	    0.00	    0.00	    0.00	    0.00	    0.27	    0.10	    1.91	 1007.82	  706.17	 1309.75	    0.00	    0.16	    0.00	 1710.08	 7867.30	 1764.29	 2799.79	 1099.96	  732.97
19	18	    0.00	   99.90	    0.00	    0.00	    0.00	  199.85	 1099.45	 1697.99	    0.00	    0.00	    0.00	    0.00	   19.61	    0.01	    0.00	   48.75	    0.00	  599.84	    0.00	 4830.81	  100.05	    0.48	    0.19	   14.21
19	20	    0.00	    0.00	    0.00	    0.01	    0.00	  100.01	  648.95	  600.41	    0.01	    0.06	    0.02	    0.01	    0.03	    0.02	    0.04	 1500.49	  482.29	  200.79	   71.05	 2700.98	    0.00	    0.08	    0.03	    0.02
19	21	    0.04	   99.91	    0.01	    0.07	    0.04	  199.99	  700.35	  800.72	    0.06	    0.24	    0.05	    0.00	    0.00	    0.00	    0.18	 1699.88	    0.61	  400.13	    0.09	 3100.91	    0.20	    0.00	    0.00	    0.00
20	19	    0.00	    0.00	    0.00	    0.00	    0.00	    0.00	    0.00	    0.00	    0.00	    0.12	    0.03	  401.83	 1627.32	    0.09	    0.19	    0.00	    0.08	    0.00	    0.20	    0.00	 3064.53	    0.27	    0.63	 1146.91
20	21	  265.46	    0.06	   66.36	    0.11	    0.00	    0.01	    0.20	    0.22	    0.00	    0.00	    0.00	  464.55	 1469.49	    0.00	    0.00	    0.50	    0.00	    0.12	    0.00	    1.10	 4735.88	    0.00	    0.36	 1612.25
20	23	    0.00	    0.00	    0.00	    0.00	    0.00	    0.02	  448.76	  200.23	    0.06	  487.61	    0.00	    0.00	    0.00	    0.00	  680.42	  900.14	  209.49	  100.68	  249.94	 1500.00	 3199.59	 2326.20	    0.00	    0.00
21	14	    0.00	    0.01	    0.00	    0.00	    0.00	    0.02	    0.15	    0.16	    0.00	    0.00	    0.00	    0.00	  874.85	    0.00	    0.00	    0.21	    0.00	    0.07	    0.00	    0.71	 2934.08	10583.67	 2709.58	 1284.00
21	19	    0.00	    0.00	    0.00	    0.00	    0.00	    0.00	    0.00	    0.00	    0.00	    0.16	    0.40	    0.03	    0.09	    2.64	    0.29	    0.00	    0.00	    0.00	    0.00	    0.00	    0.00	 5200.09	 1799.55	    0.30
21	20	    0.00	    0.00	    0.00	    0.02	   97.61	    0.01	    0.02	    0.04	  300.05	 1687.68	    2.24	    0.00	    0.00	    0.78	 1480.57	    0.15	  327.28	    0.01	  579.10	    0.11	    0.00	 4126.39	    0.38	    0.00
21	22	    0.00	    0.00	    0.00	    0.00	    0.00	    0.03	  200.38	  300.74	  301.67	 1290.09	    0.00	    0.00	    0.00	    0.00	  982.23	  500.28	  471.14	  100.17	  312.60	  701.19	    2.00	 4489.85	    0.00	    0.00
22	13	    0.01	    0.00	  100.00	    0.00	    0.00	    0.00	    0.54	    0.96	    0.00	    0.00	    0.00	    0.64	  622.13	    0.00	    0.00	    0.65	    0.00	    0.27	    0.01	    1.33	  798.38	 1115.84	 4588.76	 1168.81
22	21	  134.51	    0.04	   33.63	    0.33	    0.01	    0.00	    0.00	    0.00	    0.00	    0.00	  393.55	  235.49	  705.45	  734.52	    0.00	    0.00	    0.00	    0.00	    0.00	    0.00	    0.00	    0.00	 6609.15	  772.04
22	23	    0.00	    0.00	    0.00	    0.02	    0.00	    0.01	    0.06	    0.11	    0.19	  312.39	  997.22	    0.00	    0.00	 1371.42	  410.04	    0.20	   90.78	    0.01	  146.33	    0.63	    0.06	 1274.12	 3302.09	    0.00
23	12	    0.00	    0.00	    0.00	    0.00	    0.00	    0.00	  348.60	    0.00	    0.00	    0.00	    0.00	    0.00	    0.00	  572.13	  690.46	  599.77	    0.27	  100.58	  296.27	 1099.86	 1203.21	 2500.22	 1901.51	 1800.01
23	20	  365.45	    0.06	   66.36	  200.08	    2.39	    0.01	    0.00	    0.00	    0.00	    0.00	  397.77	 1166.36	 3696.78	  399.29	    0.00	    0.00	    0.00	    0.00	    0.00	    0.00	    0.00	    0.00	  700.58	 3259.14
23	22	  434.49	    0.05	  233.62	    2.40	    0.46	    0.46	    0.22	    0.34	    0.00	    0.00	    0.06	  936.13	 2127.58	    0.00	    0.00	    0.57	    0.00	    0.11	    0.00	    0.77	 1496.45	    0.10	    0.00	 2640.85
