i	j	       0	       1	       2	       3	       4	       5	       6	       7	       8	       9	      10	      11	      12	      13	      14	      15	      16	      17	      18	      19	      20	      21	      22	      23
0	1	 2600.74	    0.00	  268.22	  199.98	   16.47	    0.00	    0.01	    0.02	   32.94	   98.81	  200.02	  471.23	  461.62	  100.01	   16.48	    0.02	    0.04	    0.00	    0.02	    0.00	    0.01	    0.09	    0.11	   28.99
0	2	 6199.26	 1163.15	    0.00	    0.00	    0.00	  231.33	  138.15	  239.72	    0.00	    0.00	    0.00	    0.00	    0.00	    0.00	    0.00	  113.38	    0.00	   34.04	    0.00	    0.02	    0.00	    0.00	    0.00	    0.00
1	0	    0.00	 1263.15	    0.00	    0.00	    0.00	  531.33	  638.13	 1039.69	    0.00	    0.00	    0.00	    0.00	    0.00	    0.00	    0.00	  613.36	    0.24	  134.04	    0.03	  300.01	    0.00	    0.02	    0.00	    0.00
1	5	 2500.74	 2736.85	  168.22	    0.00	    0.00	    0.00	    0.00	    0.00	    0.00	    0.00	    0.04	  371.23	  161.62	    0.01	    0.00	    0.00	    0.00	    0.00	    0.00	    0.00	    0.01	    0.03	    0.11	   28.99
2	0	    0.00	    0.00	  368.22	  699.98	  216.47	    0.00	    0.03	    0.05	  532.94	 1398.81	  700.02	  671.23	  961.62	  400.01	  516.48	    0.04	  399.80	    0.00	  299.99	    0.02	  100.01	  400.08	  300.11	  128.99
2	3	 4498.87	  662.90	 1931.56	    0.00	    0.00	    0.00	    0.00	    0.00	    0.00	    0.00	    0.00	 3749.96	 2500.14	    0.08	    0.00	    0.00	    0.00	    0.00	    0.00	    0.00	  202.24	    0.32	    1.16	  470.81
2	11	 1600.39	  400.25	  500.22	 1601.63	  403.79	  500.30	  779.42	 1200.00	 1399.71	  470.80	    0.69	    0.00	    0.00	    0.25	   76.30	  610.44	  258.68	  199.57	   32.70	    0.33	    0.03	    0.22	    0.17	    0.06
3	2	    0.00	    0.00	    0.00	 2501.61	  720.26	  568.96	  741.29	 1160.33	 2032.64	 2169.52	 1000.25	    0.00	    0.00	  499.98	  692.70	  697.09	  758.44	  165.53	  332.68	    0.33	    0.05	    0.28	    0.21	    0.07
3	4	 3197.90	  162.84	 1331.49	 6697.70	    0.00	    0.00	    0.00	    0.00	    0.00	    0.00	  905.00	 3149.55	 1899.85	  200.03	    0.07	    0.00	    0.00	    0.00	    0.02	    0.00	    2.33	    0.03	  199.89	  270.82
3	10	  800.97	  300.10	  400.07	 2400.69	  699.91	  599.80	    0.48	    6.57	    0.36	    0.16	    0.00	    0.41	    0.29	    0.06	    0.06	    0.11	    0.04	    0.02	    0.02	    0.02	    0.02	    0.04	    0.05	    0.02
4	3	    0.00	    0.04	    0.00	    0.00	 1920.17	 1568.76	 1141.77	 1866.90	 2733.00	 3369.15	    0.00	    0.00	    0.00	    0.00	 1191.51	 1497.20	 1258.46	  265.55	  532.16	  300.35	    0.08	  399.15	    0.00	    0.00
4	5	    0.00	    0.00	  529.08	 2135.25	 1263.25	    0.00	    0.02	    0.03	  567.21	 1301.13	  404.83	 1467.26	  574.71	  100.04	  283.23	    0.04	    0.04	    0.00	    0.04	    0.01	    0.01	    0.00	   99.89	   71.00
4	8	 2997.90	  899.61	  702.41	 4062.45	 2916.59	 1399.69	    0.02	    0.10	    0.00	    0.00	    0.17	 1482.29	 1125.14	    0.00	    0.00	    0.06	    0.00	    0.01	    0.00	    0.02	    0.00	    0.00	    0.00	  199.82
5	1	    0.00	    0.00	    0.00	    0.02	   83.53	  931.33	  838.13	 1439.67	  167.06	  501.19	    0.02	    0.00	    0.00	    0.01	   83.52	 1013.34	  200.20	  134.04	  100.01	  400.00	    0.00	   99.95	    0.00	    0.00
5	4	    0.00	  836.81	    0.00	    0.00	    0.00	 3168.44	 1027.12	 1793.54	    0.00	    0.00	    0.00	    0.00	    0.00	    0.00	    0.00	 1474.14	    0.07	  201.19	    0.03	  302.79	    0.05	    0.06	    0.00	    0.00
5	7	 2200.74	 1500.04	  397.29	 1735.23	  979.71	 3500.22	    0.00	    0.00	    0.14	    0.06	    4.85	 1638.50	  536.33	    0.04	    0.00	    0.00	    0.00	    0.00	    0.00	    0.00	    0.00	    0.00	    0.00	    0.00
6	7	    0.00	    0.00	    0.00	    0.00	    0.00	    0.00	 4185.29	    0.00	    0.00	    0.00	    0.00	    0.00	    0.00	  399.88	  600.08	  386.98	  131.59	  999.70	  999.66	 2599.72	  500.19	  799.91	  299.97	  199.99
6	17	  430.13	  336.20	    8.78	  433.60	  121.13	  984.62	 7914.71	 4516.49	  829.02	    0.57	    0.13	  219.74	    0.05	    0.00	    0.00	    0.00	    0.02	    0.00	    0.00	    0.00	    0.00	    0.00	    0.00	    0.00
7	5	    0.00	    0.00	    0.00	    0.00	    0.00	    0.00	 2265.23	 4033.18	    0.00	    0.12	    0.00	    0.00	    0.00	    0.00	    0.29	 3387.45	  700.23	  435.22	  300.00	 1002.78	  100.04	  299.98	    0.00	    0.01
7	6	  930.13	  536.20	  108.78	  833.60	  321.13	 1384.62	    0.00	 5516.49	 1428.97	    3.32	    1.98	  919.74	   57.32	    0.00	    0.00	    0.00	    0.11	    0.00	    0.00	    0.00	    0.00	    0.00	    0.00	    0.00
7	8	    0.00	    0.00	    0.00	    0.00	    0.00	    0.00	  920.07	 3766.27	    0.00	    0.00	    0.00	    0.00	    0.00	    0.00	    0.00	 1235.85	    0.00	  264.60	    0.00	  697.26	    0.20	    0.00	    0.00	    0.00
7	15	  470.68	  563.88	  174.47	  691.31	  432.06	 1315.69	    0.00	 3384.06	  881.61	    0.00	    0.06	  472.68	    0.34	    0.00	    0.00	    0.00	    0.00	    0.00	    0.00	    0.00	    0.00	    0.00	    0.00	    0.00
8	4	    0.00	    0.00	    0.00	    0.00	    0.00	    0.00	  314.70	  573.49	 4100.21	 5670.28	    0.00	    0.00	    0.00	    0.00	 1674.67	  523.15	 1458.43	   64.37	  632.15	   97.60	   97.71	  599.05	    0.00	    0.00
8	7	    0.08	    0.04	   85.97	  489.67	  273.48	    0.09	    0.00	    0.00	 3110.44	 1603.12	  797.19	  353.92	  121.33	    0.04	    0.00	    0.00	    0.22	    0.00	    0.00	    0.00	    0.00	    0.00	    0.00	    0.00
8	9	 2497.83	  699.57	  516.45	 2872.78	 1843.11	  999.60	    5.63	 2392.88	 8989.35	    0.00	    0.00	  528.49	  403.93	    0.00	    0.00	    0.24	    0.00	    0.31	    0.00	    0.00	    0.00	    0.00	    0.00	    0.00
9	8	    0.00	    0.00	    0.00	    0.00	    0.00	    0.00	    0.23	    0.00	    0.00	10073.41	 2197.02	    0.12	    0.12	  600.05	 2674.67	  687.49	 2358.65	    0.08	 1032.15	    0.33	  397.51	 1299.05	  500.00	    0.18
9	10	    0.00	    0.00	    0.00	    0.00	    0.00	    0.00	  499.52	  793.45	 1710.14	 8576.74	    0.00	    0.00	    0.00	    0.00	 1281.83	 1489.02	 1841.18	  199.98	  421.57	  434.50	    0.79	  477.50	    0.00	    0.00
9	14	  799.61	   99.88	   99.95	 1098.98	  596.31	  199.71	    0.00	    0.00	 3089.67	14602.50	 1898.08	  639.72	    2.44	    0.00	    0.00	    0.00	    0.78	    0.00	    0.00	    0.00	    0.00	    0.00	    0.00	    0.00
9	15	    0.00	    0.00	   16.75	   75.14	   46.96	    0.00	    0.00	    0.00	  489.70	 8046.72	 2165.11	  206.25	    0.11	    0.00	    0.00	    0.00	    0.00	    0.00	    0.00	    0.00	    0.00	    0.00	    0.00	    0.00
9	16	  399.16	    0.02	   99.98	  499.91	  199.94	    0.04	    0.08	    0.11	  899.83	 3900.64	 1000.06	  599.89	  499.91	    0.10	    0.12	    0.11	    0.00	    0.05	    0.07	    0.14	    0.05	    0.14	    0.05	    0.02
10	3	    0.00	    0.00	    0.00	    0.00	    0.00	    0.00	    0.00	    0.00	    0.00	    0.53	 3405.25	    0.00	    0.00	 1199.99	    1.32	    0.00	    0.02	    0.00	    0.55	    0.00	    0.07	    0.89	  698.99	    0.10
10	9	    0.94	    0.27	    0.24	    1.25	    0.11	    0.09	    0.00	    0.00	    0.00	    0.00	11160.27	 2917.48	 1998.64	 1101.79	    0.00	    0.00	    0.00	    0.00	    0.00	    0.00	    0.00	    0.00	  368.55	   54.50
10	11	    0.00	    0.00	    0.00	    0.00	    0.00	    0.00	    0.00	    0.00	    0.10	 3429.37	 2400.42	    0.00	    0.00	  711.52	  625.43	   89.29	  841.31	    0.02	  267.80	    0.00	    0.00	    0.00	    0.00	    0.00
10	13	  300.51	  100.01	  100.07	  999.52	  199.83	  199.78	    0.00	    0.02	  310.40	 1147.00	 5334.06	 1060.38	   27.21	    0.00	    0.00	    0.00	    0.00	    0.00	    0.00	    0.00	    0.00	    0.00	    0.00	    0.00
11	2	    0.00	    0.00	    0.00	    0.00	    0.00	    0.00	    0.00	    0.00	    0.00	    0.09	    0.46	 4621.19	 3561.76	    0.36	    0.08	    0.00	    0.03	    0.00	    0.01	    0.00	  302.23	  500.34	  401.22	  599.79
11	10	    0.49	    0.18	    0.24	    0.08	    0.02	    0.07	    0.00	    0.00	    0.00	    0.00	    0.00	 5377.45	 3025.57	    0.00	    0.00	    0.00	    0.00	    0.00	    0.00	    0.00	    0.23	    0.00	    0.00	    0.34
11	12	 1399.91	  300.07	  299.98	 1001.55	  203.76	  300.23	   79.42	  600.00	  799.81	 1900.08	 1000.64	 3901.36	    0.00	   11.77	    2.00	    0.37	  499.96	    0.05	    0.63	    0.07	    0.00	    0.15	    0.09	    0.00
12	11	    0.00	    0.00	    0.00	    0.00	    0.00	    0.00	    0.00	    0.00	    0.00	    0.00	    0.00	    0.00	 7887.33	    0.36	    0.35	    0.65	    0.00	    0.47	    0.15	  499.73	  602.43	 1200.26	 1101.15	 1100.07
12	23	  899.91	    0.07	  199.98	  401.55	    3.76	  100.23	    0.00	    0.00	  199.81	    0.08	    0.64	 2601.36	 6712.67	    0.00	    0.00	    0.00	    0.00	    0.00	    0.00	    0.00	    0.00	    0.00	    0.00	    0.00
13	10	    0.00	    0.00	    0.00	    0.00	    0.00	    0.00	    0.00	    0.00	    0.00	    0.00	    0.00	    0.00	    0.00	 4613.23	  744.86	    0.16	    0.11	    0.02	  246.76	  165.47	  399.03	  623.34	 2367.49	  654.24
13	14	    0.42	    0.02	    0.06	    0.53	    0.05	    0.03	    0.00	    0.00	    0.00	    0.00	 1068.04	  360.34	  102.17	 6250.26	    0.00	    0.00	    0.00	    0.00	    0.00	    0.00	    0.00	    0.00	 1123.66	  132.11
13	22	    0.10	    0.00	    0.02	  499.01	   99.78	   99.75	    0.00	    0.00	  191.30	  807.68	 2666.09	    0.29	    0.30	 3236.50	  444.18	    0.00	  216.59	    0.00	  138.14	    0.00	    0.00	    0.00	    0.00	    0.00
14	9	    0.00	    0.00	    0.00	    0.00	    0.00	    0.00	    0.00	    0.00	    0.00	    0.00	    0.00	    0.00	    0.00	 1598.36	 7956.62	    0.29	    0.82	    0.05	 3253.60	 1732.89	 1598.35	 4376.69	 1931.50	  745.70
14	13	    0.00	    0.00	    0.00	    0.00	    0.00	    0.00	  199.65	  399.29	  480.90	 1760.68	    0.06	    0.00	    0.00	    0.00	 2489.04	  699.45	  916.70	   99.82	  684.89	  664.46	    0.55	  683.78	    0.00	    0.00
14	18	  300.03	    0.08	    0.01	  200.07	  100.03	    0.11	    0.02	    0.03	  400.15	 3249.63	  832.43	  300.06	  279.74	 2896.50	 5900.06	    0.05	    0.40	    0.01	    0.00	    0.05	  562.15	 2899.92	  899.98	  260.92
14	21	    0.00	    0.00	    0.00	  399.44	  296.33	    0.00	    0.00	    0.00	 1308.62	 5592.19	  733.63	    0.00	    0.00	  455.41	 5054.28	    0.23	 2486.50	    0.00	 2078.54	    0.00	    0.00	    0.00	    0.00	    0.00
15	7	    0.00	    0.00	    0.00	    0.00	    0.00	    0.00	    0.00	    0.00	    0.00	    0.26	    0.00	    0.00	    0.00	    0.03	    0.21	 6436.32	 1968.52	    0.12	    0.34	    0.32	    0.05	    0.08	    0.03	    0.02
15	9	    0.00	    0.05	    0.00	    0.00	    0.00	    0.07	 2394.01	    0.69	    0.00	    0.00	    0.00	    0.00	    0.00	    0.00	    0.00	 6575.06	    0.55	  899.58	    0.19	 1201.93	    0.00	    0.00	    0.00	    0.00
15	16	    0.83	  199.99	    0.01	    0.06	    0.05	  500.02	 1000.31	 1400.21	    0.11	    0.49	    0.09	    0.05	    0.00	    0.00	    0.00	 5969.30	    0.00	  600.22	    0.00	 1547.47	  343.36	    0.00	    0.00	  125.12
15	17	    0.04	    0.02	    0.00	    0.04	    0.01	    0.08	    0.00	    0.39	    0.48	 3647.69	  765.44	    0.10	    0.01	    0.03	    0.14	 7119.31	 3747.31	    0.00	    0.14	    0.00	    0.00	    0.00	    0.00	    0.00
16	9	    0.00	    0.00	    0.00	    0.00	    0.00	    0.00	    0.19	    0.00	    0.00	    0.00	    0.00	    0.00	    0.00	    0.00	    0.00	    1.03	 8099.24	    0.16	    0.00	    0.16	    0.00	    0.00	    0.00	    0.00
16	15	    0.00	    0.00	    0.00	    0.00	    0.00	    0.00	    0.00	    0.00	    0.00	    1.36	    0.25	    0.00	    0.00	  689.51	 1184.04	    0.00	 8516.27	    0.00	 1283.06	    0.00	    0.05	    0.10	    0.04	    0.03
16	18	    0.03	    0.03	    0.00	    0.02	    0.01	    0.06	    0.20	    0.32	    0.03	    0.16	    0.00	    0.00	    0.00	    0.00	    0.00	 3168.39	 6784.49	    0.11	    0.00	    0.00	    0.00	    0.00	    0.00	    0.00
17	6	    0.00	    0.00	    0.00	    0.00	    0.00	    0.00	    0.00	    0.00	    0.05	 1897.24	  498.15	    0.00	  342.72	  599.88	 1100.08	 1786.98	 1131.51	 1199.70	 1399.66	 3099.72	  700.19	 1299.91	  499.97	  299.99
17	15	   30.19	   36.19	    8.78	   33.65	   21.03	   84.48	 4794.32	  217.22	   29.27	    0.36	    0.11	   21.23	  599.56	   10.55	   16.30	    0.00	    0.11	 1999.92	   17.61	 4349.71	  943.36	 1199.97	  499.99	  425.11
17	19	  299.99	  300.03	    0.00	  299.99	  100.11	  800.22	 2920.38	 3999.65	  600.17	 1050.86	  167.31	    0.04	    0.00	    0.00	    0.00	 4832.34	 2015.84	 1600.38	    0.00	    0.00	    0.00	    0.00	    0.00	    0.00
18	14	    0.00	    0.18	    0.00	    0.00	    0.00	    0.36	  699.60	  999.24	    0.00	    0.00	    0.00	    0.00	    0.00	    0.00	    0.00	 1899.86	 4903.65	  299.86	 6817.03	 3496.96	    0.15	    0.37	    0.16	    0.07
18	16	    0.04	    0.02	    0.01	    0.05	    0.02	    0.00	    0.00	    0.00	    0.09	    0.39	    0.10	    0.06	    0.09	 1389.41	 2683.92	    0.00	    0.00	    0.00	 2982.99	  152.54	  256.64	 1699.97	  599.99	  174.88
18	19	    0.02	    0.00	    0.00	    0.04	    0.02	    0.02	    0.00	    0.00	    0.09	 1449.40	  432.33	    0.00	    0.00	 1207.10	 2416.14	    0.00	  181.24	    0.00	 2999.97	    0.00	    0.00	    0.00	    0.00	    0.00
19	17	    0.00	    0.00	    0.00	    0.00	    0.00	    0.00	    0.00	    0.00	    0.00	    0.21	    0.00	    1.43	 1042.22	  710.40	 1316.25	    0.00	    0.14	    0.00	 1717.13	 7849.43	 1743.55	 2799.88	 1099.96	  725.10
19	18	    0.00	  100.10	    0.00	    0.00	    0.00	  200.22	 1099.39	 1698.89	    0.00	    0.00	    0.00	    0.00	   20.36	    0.01	    0.00	   31.42	    0.00	  599.74	    0.00	 4849.45	   94.64	    0.42	    0.17	   14.04
19	20	    0.00	    0.00	    0.00	    0.01	    0.05	  100.05	  621.07	  600.72	    0.13	    0.05	    0.02	    0.01	    0.02	    0.02	    0.03	 1501.40	  496.92	  200.67	   82.95	 2701.48	    0.00	    0.07	    0.03	    0.02
19	21	    0.00	   99.93	    0.00	    0.02	    0.08	  199.98	  699.92	  800.05	    0.13	    0.21	    0.04	    0.00	    0.00	    0.00	    0.16	 1699.51	    0.10	  399.97	    0.08	 3099.63	    0.17	    0.00	    0.00	    0.00
20	19	    0.00	    0.00	    0.00	    0.00	    0.00	    0.00	    0.00	    0.00	    0.00	    0.10	    0.02	  401.33	 1662.44	    0.08	    0.16	    0.00	    0.07	    0.00	    0.17	    0.00	 3038.37	    0.23	    2.06	 1138.88
20	21	  261.55	    0.06	   65.39	    0.17	    0.00	    0.03	    0.06	    0.07	    0.00	    0.00	    0.00	  457.71	 1460.86	    0.00	    0.00	    0.15	    0.00	    0.03	    0.00	    0.39	 4762.43	    0.00	    0.00	 1607.71
20	23	    0.00	    0.00	    0.00	    0.00	    0.00	    0.05	  421.01	  200.64	    0.09	  488.03	    0.00	    0.00	    0.00	    0.00	  681.60	  901.33	  211.80	  100.63	  252.68	 1501.09	 3199.20	 2345.63	    0.00	    0.00
21	14	    0.00	    0.00	    0.00	    0.00	    0.00	    0.00	    0.06	    0.08	    0.00	    0.00	    0.00	    0.00	  875.13	    0.00	    0.00	    0.15	    0.00	    0.03	    0.00	    0.44	 2960.90	10560.01	 2707.67	 1274.44
21	19	    0.00	    0.00	    0.00	    0.00	    0.00	    0.00	    0.00	    0.00	    0.00	    0.10	    0.39	    0.07	    0.17	    3.25	    0.14	    0.00	    0.00	    0.00	    0.00	    0.00	    0.00	 5200.14	 1798.09	    0.28
21	20	    0.00	    0.00	    0.00	    0.00	   96.45	    0.00	    0.00	    0.00	  299.96	 1688.09	    2.63	    0.00	    0.00	    1.43	 1481.73	    0.08	  314.95	    0.00	  569.91	    0.00	    0.00	 4145.79	    1.99	    0.00
21	22	    0.00	    0.00	    0.00	    0.00	    0.00	    0.01	  199.92	  300.04	  308.79	 1304.21	    0.00	    0.00	    0.00	    0.00	  972.57	  499.66	  471.65	   99.98	  308.71	  699.59	    1.71	 4494.05	    0.00	    0.00
22	13	    0.01	    0.00	    0.00	    0.02	    0.00	    0.00	    0.35	    0.68	    0.00	    0.00	    0.00	    0.25	  675.26	    0.00	    0.00	    0.71	    0.00	    0.20	    0.01	    1.01	  798.48	 1139.56	 4591.14	 1186.34
22	21	  138.45	    0.01	   34.61	    0.37	    0.03	    0.00	    0.00	    0.00	    0.00	    0.00	  369.35	  242.36	  714.43	  749.28	    0.00	    0.00	    0.00	    0.00	    0.00	    0.00	    0.00	    0.00	 6607.75	  767.02
22	23	    0.02	    0.00	    0.00	    0.04	    0.00	    0.01	    0.02	    0.04	    0.10	  311.89	  996.79	    0.09	    0.00	 1387.23	  416.75	    0.08	   88.25	    0.00	  146.83	    0.14	    0.06	 1255.33	 3301.10	    0.00
23	12	    0.00	    0.00	    0.00	    0.00	    0.00	    0.00	  320.58	    0.00	    0.00	    0.00	    0.00	    0.00	    0.00	  588.59	  698.35	  600.28	    0.04	  100.41	  299.52	 1099.67	 1202.43	 2500.12	 1901.06	 1800.07
23	20	  361.55	    0.06	   65.39	  200.16	    3.51	    0.03	    0.00	    0.00	    0.00	    0.00	  397.38	 1159.03	 3723.28	  398.63	    0.00	    0.00	    0.00	    0.00	    0.00	    0.00	    0.00	    0.00	  700.04	 3246.56
23	22	  438.38	    0.01	  134.59	    1.43	    0.26	    0.26	    0.45	    0.68	    0.00	    0.00	    0.05	  942.41	 2189.39	    0.00	    0.00	    1.13	    0.00	    0.23	    0.00	    1.57	 1496.83	    0.85	    0.00	 2653.36
