0.000000000000000000e+00 1.000000000000000000e+00 4.481918846288819623e+03
0.000000000000000000e+00 2.000000000000000000e+00 8.105296356799370187e+03
1.000000000000000000e+00 0.000000000000000000e+00 4.506503579559996979e+03
1.000000000000000000e+00 5.000000000000000000e+00 5.967294088783839470e+03
2.000000000000000000e+00 0.000000000000000000e+00 8.080711623528205564e+03
2.000000000000000000e+00 3.000000000000000000e+00 1.401140459147880756e+04
2.000000000000000000e+00 1.100000000000000000e+01 1.002713684088787522e+04
3.000000000000000000e+00 2.000000000000000000e+00 1.403459413473196037e+04
3.000000000000000000e+00 4.000000000000000000e+00 1.800968473389470091e+04
3.000000000000000000e+00 1.000000000000000000e+01 5.209814976618601577e+03
4.000000000000000000e+00 3.000000000000000000e+00 1.803518473884357809e+04
4.000000000000000000e+00 5.000000000000000000e+00 8.795869868289526494e+03
4.000000000000000000e+00 8.000000000000000000e+00 1.579386782339419733e+04
5.000000000000000000e+00 1.000000000000000000e+00 5.991878822055018645e+03
5.000000000000000000e+00 4.000000000000000000e+00 8.802230485586540453e+03
5.000000000000000000e+00 7.000000000000000000e+00 1.247761712803289447e+04
6.000000000000000000e+00 7.000000000000000000e+00 1.223025451547610282e+04
6.000000000000000000e+00 1.700000000000000000e+01 1.575228291962310504e+04
7.000000000000000000e+00 5.000000000000000000e+00 1.250856247860109761e+04
7.000000000000000000e+00 6.000000000000000000e+00 1.216455641823048427e+04
7.000000000000000000e+00 8.000000000000000000e+00 6.862535639682952024e+03
7.000000000000000000e+00 1.500000000000000000e+01 8.428300387506542393e+03
8.000000000000000000e+00 4.000000000000000000e+00 1.581300721104603508e+04
8.000000000000000000e+00 7.000000000000000000e+00 6.815227766801951475e+03
8.000000000000000000e+00 9.000000000000000000e+00 2.177614709472031245e+04
9.000000000000000000e+00 8.000000000000000000e+00 2.184797860949116512e+04
9.000000000000000000e+00 1.000000000000000000e+01 1.772735764296381240e+04
9.000000000000000000e+00 1.400000000000000000e+01 2.314712127597472863e+04
9.000000000000000000e+00 1.500000000000000000e+01 1.105080757424109652e+04
9.000000000000000000e+00 1.600000000000000000e+01 8.100599632682823540e+03
1.000000000000000000e+01 3.000000000000000000e+00 5.307504514922869021e+03
1.000000000000000000e+01 9.000000000000000000e+00 1.760728811965410205e+04
1.000000000000000000e+01 1.100000000000000000e+01 8.366804378960983740e+03
1.000000000000000000e+01 1.300000000000000000e+01 9.784982956324840416e+03
1.100000000000000000e+01 2.000000000000000000e+00 9.979362564363549609e+03
1.100000000000000000e+01 1.000000000000000000e+01 8.406787927941148155e+03
1.100000000000000000e+01 1.200000000000000000e+01 1.229524469030505315e+04
1.200000000000000000e+01 1.100000000000000000e+01 1.238745396276090833e+04
1.200000000000000000e+01 2.300000000000000000e+01 1.112624143602023105e+04
1.300000000000000000e+01 1.000000000000000000e+01 9.822619422339241282e+03
1.300000000000000000e+01 1.400000000000000000e+01 9.037477792917086845e+03
1.300000000000000000e+01 2.200000000000000000e+01 8.398383439868825008e+03
1.400000000000000000e+01 9.000000000000000000e+00 2.321237925766401531e+04
1.400000000000000000e+01 1.300000000000000000e+01 9.081169697886351059e+03
1.400000000000000000e+01 1.800000000000000000e+01 1.911391457146731409e+04
1.400000000000000000e+01 2.100000000000000000e+01 1.840621478804586513e+04
1.500000000000000000e+01 7.000000000000000000e+00 8.440855513710117521e+03
1.500000000000000000e+01 9.000000000000000000e+00 1.107774170022337057e+04
1.500000000000000000e+01 1.600000000000000000e+01 1.169166882453131075e+04
1.500000000000000000e+01 1.700000000000000000e+01 1.541078673803423408e+04
1.600000000000000000e+01 9.000000000000000000e+00 8.100308563091835822e+03
1.600000000000000000e+01 1.500000000000000000e+01 1.168068566345210820e+04
1.600000000000000000e+01 1.800000000000000000e+01 9.954762936461183926e+03
1.700000000000000000e+01 6.000000000000000000e+00 1.581798101686873270e+04
1.700000000000000000e+01 1.500000000000000000e+01 1.546125915129926580e+04
1.700000000000000000e+01 1.900000000000000000e+01 1.898622257349930442e+04
1.800000000000000000e+01 1.400000000000000000e+01 1.914572828079894316e+04
1.800000000000000000e+01 1.600000000000000000e+01 9.943488705790998210e+03
1.800000000000000000e+01 1.900000000000000000e+01 8.687842773165626568e+03
1.900000000000000000e+01 1.700000000000000000e+01 1.900239308400996015e+04
1.900000000000000000e+01 1.800000000000000000e+01 8.708382251827095388e+03
1.900000000000000000e+01 2.000000000000000000e+01 6.306441281250248721e+03
1.900000000000000000e+01 2.100000000000000000e+01 7.003388579346647930e+03
2.000000000000000000e+01 1.900000000000000000e+01 6.245560097721649981e+03
2.000000000000000000e+01 2.100000000000000000e+01 8.616798533105322349e+03
2.000000000000000000e+01 2.300000000000000000e+01 1.030903405268743882e+04
2.100000000000000000e+01 1.400000000000000000e+01 1.838335096537275604e+04
2.100000000000000000e+01 1.900000000000000000e+01 7.000979752047370312e+03
2.100000000000000000e+01 2.000000000000000000e+01 8.607048470021576577e+03
2.100000000000000000e+01 2.200000000000000000e+01 9.661454414190124226e+03
2.200000000000000000e+01 1.300000000000000000e+01 8.392328000913978030e+03
2.200000000000000000e+01 2.100000000000000000e+01 9.626431701133973547e+03
2.200000000000000000e+01 2.300000000000000000e+01 7.905017641064208874e+03
2.300000000000000000e+01 1.200000000000000000e+01 1.111845070847609531e+04
2.300000000000000000e+01 2.000000000000000000e+01 1.025790293224258130e+04
2.300000000000000000e+01 2.200000000000000000e+01 7.863939489053216676e+03
