i	j	o6d12l16
0	1	 4491.44
0	2	 8114.12
1	0	 4514.85
1	5	 5966.82
2	0	 8090.70
2	3	14021.41
2	11	10030.52
3	2	14038.86
3	4	18019.07
3	10	 5209.73
4	3	18036.73
4	5	 8796.00
4	8	15792.53
5	1	 5990.23
5	4	 8805.32
5	7	12488.03
6	7	12092.81
6	17	15845.73
7	5	12520.76
7	6	12035.50
7	8	 6872.93
7	15	 8386.04
8	4	15800.87
8	7	 6833.43
8	9	21761.10
9	8	21829.94
9	10	17726.58
9	14	23141.72
9	15	11041.83
9	16	 8100.73
10	3	 5309.53
10	9	17606.28
10	11	 8364.41
10	13	 9782.62
11	2	 9989.65
11	10	 8408.29
11	12	12295.25
12	11	12398.27
12	23	11114.03
13	10	 9818.24
13	14	 9035.46
13	22	 8395.77
14	9	23205.63
14	13	 9079.80
14	18	19086.40
14	21	18400.07
15	7	 8400.96
15	9	11067.24
15	16	11674.69
15	17	15315.04
16	9	 8100.55
16	15	11662.23
16	18	 9955.31
17	6	15903.04
17	15	15367.84
17	19	19031.08
18	14	19123.49
18	16	 9942.67
18	19	 8668.94
19	17	19041.18
19	18	 8693.39
19	20	 6320.01
19	21	 7000.08
20	19	 6251.64
20	21	 8609.63
20	23	10312.34
21	14	18371.23
21	19	 7003.00
21	20	 8596.86
21	22	 9660.31
22	13	 8387.05
22	21	 9621.63
22	23	 7903.71
23	12	11117.04
23	20	10256.74
23	22	 7856.31
