0.000000000000000000e+00 1.000000000000000000e+00 4.469048835425328434e+03
0.000000000000000000e+00 2.000000000000000000e+00 8.104550901751800666e+03
1.000000000000000000e+00 0.000000000000000000e+00 4.504141546537410250e+03
1.000000000000000000e+00 5.000000000000000000e+00 5.960880504413417839e+03
2.000000000000000000e+00 0.000000000000000000e+00 8.069458190639708846e+03
2.000000000000000000e+00 3.000000000000000000e+00 1.399702610699507932e+04
2.000000000000000000e+00 1.100000000000000000e+01 1.005123854460270923e+04
3.000000000000000000e+00 2.000000000000000000e+00 1.405288086471691895e+04
3.000000000000000000e+00 4.000000000000000000e+00 1.799500524083675191e+04
3.000000000000000000e+00 1.000000000000000000e+01 5.210153579229635397e+03
4.000000000000000000e+00 3.000000000000000000e+00 1.805277022924110861e+04
4.000000000000000000e+00 5.000000000000000000e+00 8.793438632487086579e+03
4.000000000000000000e+00 8.000000000000000000e+00 1.578834173845386249e+04
5.000000000000000000e+00 1.000000000000000000e+00 5.995973215525498745e+03
5.000000000000000000e+00 4.000000000000000000e+00 8.806507979260653883e+03
5.000000000000000000e+00 7.000000000000000000e+00 1.246280314767845448e+04
6.000000000000000000e+00 7.000000000000000000e+00 1.207091312115739129e+04
6.000000000000000000e+00 1.700000000000000000e+01 1.606140290071375057e+04
7.000000000000000000e+00 5.000000000000000000e+00 1.251096520556411087e+04
7.000000000000000000e+00 6.000000000000000000e+00 1.198661584411213516e+04
7.000000000000000000e+00 8.000000000000000000e+00 6.854592465879810334e+03
7.000000000000000000e+00 1.500000000000000000e+01 8.376617318006827190e+03
8.000000000000000000e+00 4.000000000000000000e+00 1.583303738008464643e+04
8.000000000000000000e+00 7.000000000000000000e+00 6.800384891363361930e+03
8.000000000000000000e+00 9.000000000000000000e+00 2.178341365440529626e+04
9.000000000000000000e+00 8.000000000000000000e+00 2.187390172151961451e+04
9.000000000000000000e+00 1.000000000000000000e+01 1.772549478956160237e+04
9.000000000000000000e+00 1.400000000000000000e+01 2.317821921540253607e+04
9.000000000000000000e+00 1.500000000000000000e+01 1.101985229519300083e+04
9.000000000000000000e+00 1.600000000000000000e+01 8.100976030755570719e+03
1.000000000000000000e+01 3.000000000000000000e+00 5.308243348547131063e+03
1.000000000000000000e+01 9.000000000000000000e+00 1.759957658258394440e+04
1.000000000000000000e+01 1.100000000000000000e+01 8.383772102629312940e+03
1.000000000000000000e+01 1.300000000000000000e+01 9.793773364001512164e+03
1.100000000000000000e+01 2.000000000000000000e+00 9.960291075768789597e+03
1.100000000000000000e+01 1.000000000000000000e+01 8.406696815943201727e+03
1.100000000000000000e+01 1.200000000000000000e+01 1.303233095750198845e+04
1.200000000000000000e+01 1.100000000000000000e+01 1.306430820198195215e+04
1.200000000000000000e+01 2.300000000000000000e+01 1.114549526256868558e+04
1.300000000000000000e+01 1.000000000000000000e+01 9.843020213027451973e+03
1.300000000000000000e+01 1.400000000000000000e+01 9.039359914392374776e+03
1.300000000000000000e+01 2.200000000000000000e+01 8.361106051162198128e+03
1.400000000000000000e+01 9.000000000000000000e+00 2.326510659452477194e+04
1.400000000000000000e+01 1.300000000000000000e+01 9.075170300834932277e+03
1.400000000000000000e+01 1.800000000000000000e+01 1.909405194801157268e+04
1.400000000000000000e+01 2.100000000000000000e+01 1.835129372774040166e+04
1.500000000000000000e+01 7.000000000000000000e+00 8.394689673363667680e+03
1.500000000000000000e+01 9.000000000000000000e+00 1.104989020149637327e+04
1.500000000000000000e+01 1.600000000000000000e+01 1.160464427442483975e+04
1.500000000000000000e+01 1.700000000000000000e+01 1.547474475561480358e+04
1.600000000000000000e+01 9.000000000000000000e+00 8.100457019421939549e+03
1.600000000000000000e+01 1.500000000000000000e+01 1.159642864630696749e+04
1.600000000000000000e+01 1.800000000000000000e+01 9.960635452077056470e+03
1.700000000000000000e+01 6.000000000000000000e+00 1.614570017775899942e+04
1.700000000000000000e+01 1.500000000000000000e+01 1.553107064539287967e+04
1.700000000000000000e+01 1.900000000000000000e+01 1.920699332111950935e+04
1.800000000000000000e+01 1.400000000000000000e+01 1.912511571340863884e+04
1.800000000000000000e+01 1.600000000000000000e+01 9.951900812625552135e+03
1.800000000000000000e+01 1.900000000000000000e+01 8.599815911164734644e+03
1.900000000000000000e+01 1.700000000000000000e+01 1.924761648794285429e+04
1.900000000000000000e+01 1.800000000000000000e+01 8.622145037110294652e+03
1.900000000000000000e+01 2.000000000000000000e+01 6.360476180359893988e+03
1.900000000000000000e+01 2.100000000000000000e+01 7.002131650875197920e+03
2.000000000000000000e+01 1.900000000000000000e+01 6.324520069477397556e+03
2.000000000000000000e+01 2.100000000000000000e+01 8.560764049312279894e+03
2.000000000000000000e+01 2.300000000000000000e+01 1.030537898400460836e+04
2.100000000000000000e+01 1.400000000000000000e+01 1.834292772790812887e+04
2.100000000000000000e+01 1.900000000000000000e+01 7.001040054526590211e+03
2.100000000000000000e+01 2.000000000000000000e+01 8.551092586355865933e+03
2.100000000000000000e+01 2.200000000000000000e+01 9.650808457811443077e+03
2.200000000000000000e+01 1.300000000000000000e+01 8.374542513745573160e+03
2.200000000000000000e+01 2.100000000000000000e+01 9.631679398674183176e+03
2.200000000000000000e+01 2.300000000000000000e+01 7.867258139583090269e+03
2.300000000000000000e+01 1.200000000000000000e+01 1.107747250704866565e+04
2.300000000000000000e+01 2.000000000000000000e+01 1.027909433607853134e+04
2.300000000000000000e+01 2.200000000000000000e+01 7.861565543029193577e+03
