0.000000000000000000e+00 1.000000000000000000e+00 4.496134298429330556e+03
0.000000000000000000e+00 2.000000000000000000e+00 8.119344760436498291e+03
1.000000000000000000e+00 0.000000000000000000e+00 4.520753967610284235e+03
1.000000000000000000e+00 5.000000000000000000e+00 5.966315649605840918e+03
2.000000000000000000e+00 0.000000000000000000e+00 8.094725091255554617e+03
2.000000000000000000e+00 3.000000000000000000e+00 1.402252737564933886e+04
2.000000000000000000e+00 1.100000000000000000e+01 1.003598828871510523e+04
3.000000000000000000e+00 2.000000000000000000e+00 1.404421407673404428e+04
3.000000000000000000e+00 4.000000000000000000e+00 1.802003870335948886e+04
3.000000000000000000e+00 1.000000000000000000e+01 5.211949743491878507e+03
4.000000000000000000e+00 3.000000000000000000e+00 1.804326529994872544e+04
4.000000000000000000e+00 5.000000000000000000e+00 8.795724009357851173e+03
4.000000000000000000e+00 8.000000000000000000e+00 1.578876015466951321e+04
5.000000000000000000e+00 1.000000000000000000e+00 5.990935318786786411e+03
5.000000000000000000e+00 4.000000000000000000e+00 8.805866336045981370e+03
5.000000000000000000e+00 7.000000000000000000e+00 1.249147247929727746e+04
6.000000000000000000e+00 7.000000000000000000e+00 1.210142143940328060e+04
6.000000000000000000e+00 1.700000000000000000e+01 1.579343456322982274e+04
7.000000000000000000e+00 5.000000000000000000e+00 1.252623447516636952e+04
7.000000000000000000e+00 6.000000000000000000e+00 1.204245338089663892e+04
7.000000000000000000e+00 8.000000000000000000e+00 6.880508416226639383e+03
7.000000000000000000e+00 1.500000000000000000e+01 8.384712706204212736e+03
8.000000000000000000e+00 4.000000000000000000e+00 1.580184442457062869e+04
8.000000000000000000e+00 7.000000000000000000e+00 6.835123979653943934e+03
8.000000000000000000e+00 9.000000000000000000e+00 2.175479983301813991e+04
9.000000000000000000e+00 8.000000000000000000e+00 2.182249966634654629e+04
9.000000000000000000e+00 1.000000000000000000e+01 1.772658022806959707e+04
9.000000000000000000e+00 1.400000000000000000e+01 2.313126908492136135e+04
9.000000000000000000e+00 1.500000000000000000e+01 1.104671681634290144e+04
9.000000000000000000e+00 1.600000000000000000e+01 8.100343290906927905e+03
1.000000000000000000e+01 3.000000000000000000e+00 5.310409847987344619e+03
1.000000000000000000e+01 9.000000000000000000e+00 1.760524849481422279e+04
1.000000000000000000e+01 1.100000000000000000e+01 8.366441503155065220e+03
1.000000000000000000e+01 1.300000000000000000e+01 9.777458747042079267e+03
1.100000000000000000e+01 2.000000000000000000e+00 9.989681918449441582e+03
1.100000000000000000e+01 1.000000000000000000e+01 8.403290848563383406e+03
1.100000000000000000e+01 1.200000000000000000e+01 1.230460705376388250e+04
1.200000000000000000e+01 1.100000000000000000e+01 1.239515002890652795e+04
1.200000000000000000e+01 2.300000000000000000e+01 1.112014930169661602e+04
1.300000000000000000e+01 1.000000000000000000e+01 9.817737772873855647e+03
1.300000000000000000e+01 1.400000000000000000e+01 9.035985288714160561e+03
1.300000000000000000e+01 2.200000000000000000e+01 8.396671437111528576e+03
1.400000000000000000e+01 9.000000000000000000e+00 2.319565711860946612e+04
1.400000000000000000e+01 1.300000000000000000e+01 9.079622846937092618e+03
1.400000000000000000e+01 1.800000000000000000e+01 1.908717074673025854e+04
1.400000000000000000e+01 2.100000000000000000e+01 1.840433920333357673e+04
1.500000000000000000e+01 7.000000000000000000e+00 8.405891080139343103e+03
1.500000000000000000e+01 9.000000000000000000e+00 1.107098297107384678e+04
1.500000000000000000e+01 1.600000000000000000e+01 1.168930482961850976e+04
1.500000000000000000e+01 1.700000000000000000e+01 1.537980004345016823e+04
1.600000000000000000e+01 9.000000000000000000e+00 8.100720669071623888e+03
1.600000000000000000e+01 1.500000000000000000e+01 1.167879184604480361e+04
1.600000000000000000e+01 1.800000000000000000e+01 9.952946696223038089e+03
1.700000000000000000e+01 6.000000000000000000e+00 1.585240262173646079e+04
1.700000000000000000e+01 1.500000000000000000e+01 1.543575755568998102e+04
1.700000000000000000e+01 1.900000000000000000e+01 1.898620753268348926e+04
1.800000000000000000e+01 1.400000000000000000e+01 1.911885167456795170e+04
1.800000000000000000e+01 1.600000000000000000e+01 9.942811090814000636e+03
1.800000000000000000e+01 1.900000000000000000e+01 8.686244350863662476e+03
1.900000000000000000e+01 1.700000000000000000e+01 1.900113310342993645e+04
1.900000000000000000e+01 1.800000000000000000e+01 8.707789673292340012e+03
1.900000000000000000e+01 2.000000000000000000e+01 6.304918101332507831e+03
1.900000000000000000e+01 2.100000000000000000e+01 7.002380946698356638e+03
2.000000000000000000e+01 1.900000000000000000e+01 6.241270936605196766e+03
2.000000000000000000e+01 2.100000000000000000e+01 8.618699290588057920e+03
2.000000000000000000e+01 2.300000000000000000e+01 1.030695675029131962e+04
2.100000000000000000e+01 1.400000000000000000e+01 1.838068386740694041e+04
2.100000000000000000e+01 1.900000000000000000e+01 7.002499004600819717e+03
2.100000000000000000e+01 2.000000000000000000e+01 8.606044313634594801e+03
2.100000000000000000e+01 2.200000000000000000e+01 9.659345922734997657e+03
2.200000000000000000e+01 1.300000000000000000e+01 8.393312904720378356e+03
2.200000000000000000e+01 2.100000000000000000e+01 9.623153667757371295e+03
2.200000000000000000e+01 2.300000000000000000e+01 7.899621430565987794e+03
2.300000000000000000e+01 1.200000000000000000e+01 1.111069227683926147e+04
2.300000000000000000e+01 2.000000000000000000e+01 1.025596456251746713e+04
2.300000000000000000e+01 2.200000000000000000e+01 7.860070643197201207e+03
