i	j	       0	       1	       2	       3	       4	       5	       6	       7	       8	       9	      10	      11	      12	      13	      14	      15	      16	      17	      18	      19	      20	      21	      22	      23
0	1	 2600.38	    0.00	  272.94	  200.02	   11.44	    0.00	    0.01	    0.02	   22.88	   68.72	  200.02	  493.25	  466.33	  100.00	   11.46	    0.02	    0.03	    0.00	    0.01	    0.00	    0.01	    0.04	    0.16	   29.25
0	2	 6199.62	 1124.29	    0.00	    0.00	    0.00	  236.07	  133.51	  228.73	    0.00	    0.00	    0.00	    0.00	    0.00	    0.00	    0.00	   93.91	    0.00	   32.68	    0.00	    0.02	    0.00	    0.00	    0.00	    0.00
1	0	    0.00	 1224.29	    0.00	    0.00	    0.00	  536.07	  633.49	 1028.70	    0.00	    0.00	    0.00	    0.00	    0.00	    0.00	    0.00	  593.89	    0.42	  132.68	    0.03	  300.01	    0.00	    0.02	    0.00	    0.00
1	5	 2500.38	 2775.71	  172.94	    0.04	    0.00	    0.00	    0.00	    0.00	    0.00	    0.07	    0.04	  393.25	  166.33	    0.01	    0.00	    0.00	    0.00	    0.00	    0.00	    0.00	    0.01	    0.03	    0.16	   29.25
2	0	    0.00	    0.00	  372.94	  700.02	  211.44	    0.00	    0.03	    0.05	  522.88	 1368.72	  700.02	  693.25	  966.33	  400.00	  511.46	    0.04	  399.62	    0.00	  299.99	    0.02	  100.01	  400.03	  300.16	  129.25
2	3	 4499.21	  624.02	 1926.82	    0.00	    0.00	    0.00	    0.00	    0.00	    0.00	    0.00	    0.00	 3729.08	 2467.04	    0.08	    0.00	    0.00	    0.00	    0.00	    0.00	    0.00	  201.92	    0.11	    3.25	  470.28
2	11	 1600.41	  400.27	  500.24	 1602.01	  402.95	  500.43	  773.81	 1200.00	 1399.36	  900.74	    0.72	    0.00	    0.00	    0.28	   83.27	  552.62	  254.06	  199.68	   35.61	    0.14	    0.00	    0.00	    0.00	    0.00
3	2	    0.00	    0.00	    0.00	 2502.03	  714.39	  564.36	  740.32	 1171.32	 2022.24	 2568.88	 1000.31	    0.00	    0.00	  500.02	  694.49	  658.74	  753.64	  167.00	  335.50	    0.13	    0.02	    0.07	    0.05	    0.01
3	4	 3197.59	  123.85	 1326.68	 6697.01	    0.00	    0.00	    0.00	    0.00	    0.00	  799.75	  902.47	 3128.68	 1866.76	  200.03	    0.05	    0.00	    0.00	    0.00	    0.01	    0.00	    1.96	    0.04	  199.84	  270.30
3	10	  801.62	  300.22	  400.13	 2400.96	  699.94	  599.72	    0.68	    9.19	    1.79	    0.16	    0.00	    0.40	    0.28	    0.06	    0.05	    0.11	    0.04	    0.02	    0.02	    0.02	    0.02	    0.04	    0.05	    0.02
4	3	    0.00	    0.04	    0.00	    0.00	 1914.33	 1564.08	 1141.00	 1880.50	 2724.03	 3768.67	    0.00	    0.00	    0.00	    0.00	 1193.39	 1458.85	 1253.66	  267.01	  535.05	  300.15	    0.03	  399.35	    0.00	    0.00
4	5	    0.00	    0.00	  520.79	 2148.48	 1275.50	    0.00	    0.02	    0.03	  577.26	 1331.12	  401.66	 1440.60	  552.95	  100.03	  288.43	    0.04	    0.04	    0.00	    0.02	    0.01	    0.01	    0.00	   99.84	   70.74
4	8	 2997.59	  899.65	  705.90	 4048.53	 2910.17	 1399.89	    0.02	    0.09	    0.00	    0.00	    0.81	 1488.08	 1113.81	    0.00	    0.00	    0.05	    0.00	    0.01	    0.00	    0.02	    0.00	    0.00	    0.00	  199.56
5	1	    0.00	    0.00	    0.00	    0.02	   88.56	  936.07	  833.48	 1428.68	  177.12	  531.36	    0.02	    0.00	    0.00	    0.01	   88.54	  993.87	  200.38	  132.68	  100.01	  400.00	    0.00	  100.00	    0.00	    0.00
5	4	    0.00	  875.84	    0.00	    0.00	    0.00	 3163.97	 1017.44	 1793.87	    0.00	    0.00	    0.00	    0.00	    0.00	    0.00	    0.00	 1437.89	    0.28	  200.92	    0.03	  301.74	    0.04	    0.00	    0.00	    0.00
5	7	 2200.38	 1499.87	  393.73	 1748.50	  986.94	 3499.96	    0.00	    0.00	    0.14	    0.06	    1.68	 1633.85	  519.29	    0.04	    0.00	    0.00	    0.00	    0.00	    0.00	    0.00	    0.00	    0.00	    0.00	    0.00
6	7	    0.00	    0.00	    0.00	    0.00	    0.00	    0.00	 4181.59	    0.00	    0.00	    0.00	    0.00	    0.00	    0.00	  399.87	  599.90	  338.53	  125.73	  999.80	  999.66	 2599.55	  500.10	  799.90	  299.97	  199.99
6	17	  431.94	  338.16	    8.71	  434.79	  121.80	  989.35	 7918.41	 4528.43	  824.70	    0.63	    0.13	  218.20	    0.01	    0.00	    0.00	    0.00	    0.02	    0.00	    0.00	    0.00	    0.00	    0.00	    0.00	    0.00
7	5	    0.00	    0.00	    0.00	    0.00	    0.00	    0.00	 2250.90	 4022.52	    0.00	    0.22	    0.00	    0.00	    0.00	    0.00	    0.12	 3331.72	  700.62	  433.59	  300.02	 1001.73	  100.03	  299.97	    0.00	    0.01
7	6	  931.94	  538.16	  108.71	  834.79	  321.80	 1389.35	    0.00	 5528.43	 1424.65	    2.24	    0.61	  918.20	   43.52	    0.00	    0.00	    0.00	    0.10	    0.00	    0.00	    0.00	    0.00	    0.00	    0.00	    0.00
7	8	    0.00	    0.00	    0.00	    0.00	    0.00	    0.00	  930.69	 3777.42	    0.00	    0.00	    0.00	    0.00	    0.00	    0.00	    0.00	 1218.56	    0.00	  266.33	    0.00	  698.13	    0.12	    0.00	    0.00	    0.00
7	15	  468.52	  561.75	  174.63	  690.85	  431.78	 1310.69	    0.00	 3371.63	  887.83	    0.00	    0.06	  487.96	    0.15	    0.00	    0.00	    0.00	    0.00	    0.00	    0.00	    0.00	    0.00	    0.00	    0.00	    0.00
8	4	    0.00	    0.00	    0.00	    0.00	    0.00	    0.00	  323.60	  586.76	 4101.28	 5300.04	    0.00	    0.00	    0.00	    0.00	 1681.76	  521.05	 1453.42	   66.10	  635.03	   98.45	   98.03	  599.31	    0.00	    0.00
8	7	    0.07	    0.04	   89.61	  477.14	  266.64	    0.09	    0.00	    0.00	 3112.34	 1602.15	  798.99	  372.30	  124.38	    0.05	    0.00	    0.00	    0.21	    0.00	    0.00	    0.00	    0.00	    0.00	    0.00	    0.00
8	9	 2497.52	  699.61	  516.29	 2871.39	 1843.53	  999.81	    7.15	 2390.75	 8986.38	    0.00	    0.00	  515.90	  389.55	    0.00	    0.00	    0.23	    0.00	    0.30	    0.00	    0.00	    0.00	    0.00	    0.00	    0.00
9	8	    0.00	    0.00	    0.00	    0.00	    0.00	    0.00	    0.05	    0.00	    0.00	 9702.19	 2198.18	    0.13	    0.13	  600.06	 2681.76	  702.67	 2353.64	    0.07	 1035.03	    0.30	  397.91	 1299.31	  500.00	    0.44
9	10	    0.00	    0.00	    0.00	    0.00	    0.00	    0.00	  499.32	  790.84	 1697.86	 8895.22	    0.00	    0.00	    0.00	    0.00	 1241.31	 1547.46	 1845.78	  199.90	  409.60	  402.89	    1.21	  471.14	    0.00	    0.00
9	14	  799.18	   99.99	   99.90	 1098.45	  597.22	  199.94	    0.00	    0.00	 3100.81	14644.47	 1882.08	  645.53	    7.27	    0.00	    0.00	    0.00	    0.76	    0.00	    0.00	    0.00	    0.00	    0.00	    0.00	    0.00
9	15	    0.00	    0.00	   16.67	   74.41	   46.51	    0.00	    0.00	    0.00	  487.99	 8057.38	 2175.08	  193.21	    0.10	    0.00	    0.00	    0.00	    0.00	    0.00	    0.00	    0.00	    0.00	    0.00	    0.00	    0.00
9	16	  399.52	    0.02	   99.98	  499.91	  199.94	    0.04	    0.08	    0.11	  899.72	 3900.74	 1000.10	  599.90	  499.91	    0.06	    0.12	    0.11	    0.00	    0.05	    0.07	    0.13	    0.05	    0.13	    0.05	    0.02
10	3	    0.00	    0.00	    0.00	    0.00	    0.00	    0.00	    0.00	    0.00	    0.00	  800.12	 3402.78	    0.00	    0.00	 1200.03	    1.21	    0.00	    0.02	    0.00	    0.48	    0.00	    0.04	    0.70	  696.69	    0.05
10	9	    1.19	    0.34	    0.26	    1.38	    0.13	    0.11	    0.00	    0.00	    0.00	    0.00	11155.43	 2922.86	 2017.86	 1061.43	    0.00	    0.00	    0.00	    0.00	    0.00	    0.00	    0.00	    0.00	  313.63	   53.46
10	11	    0.00	    0.00	    0.00	    0.00	    0.00	    0.00	    0.00	    0.00	    0.10	 2999.91	 2400.40	    0.00	    0.00	  778.59	  638.26	  147.76	  845.93	    0.02	  273.33	    0.00	    0.00	    0.00	    0.00	    0.00
10	13	  300.95	  100.07	  100.13	  999.66	  199.83	  199.68	    0.00	    0.02	  299.55	 1095.34	 5341.39	 1054.58	   44.20	    0.00	    0.00	    0.00	    0.00	    0.00	    0.00	    0.00	    0.00	    0.00	    0.00	    0.00
11	2	    0.00	    0.00	    0.00	    0.00	    0.00	    0.00	    0.00	    0.00	    0.00	    0.58	    0.43	 4622.33	 3533.38	    0.35	    0.23	    0.00	    0.03	    0.00	    0.09	    0.00	  301.91	  500.07	  403.36	  599.52
11	10	    0.52	    0.20	    0.26	    0.08	    0.02	    0.07	    0.00	    0.00	    0.00	    0.00	    0.00	 5377.04	 3061.78	    0.00	    0.00	    0.00	    0.00	    0.00	    0.00	    0.00	    0.04	    0.00	    0.00	    0.62
11	12	 1399.89	  300.07	  299.98	 1001.93	  202.93	  300.36	   73.87	  600.00	  799.46	 1900.07	 1000.69	 3900.63	    0.00	   78.65	   21.32	    0.37	  499.96	    0.03	    8.86	    0.00	    0.00	    0.00	    0.00	    0.00
12	11	    0.00	    0.00	    0.00	    0.00	    0.00	    0.00	    0.06	    0.00	    0.00	    0.00	    0.00	    0.00	 7895.15	    0.13	    0.03	    0.00	    0.00	    0.33	    0.01	  499.86	  601.95	 1200.07	 1103.36	 1100.13
12	23	  899.89	    0.07	  199.98	  401.93	    2.93	  100.36	    0.00	    0.00	  199.46	    0.07	    0.69	 2600.63	 6704.85	    0.00	    0.00	    0.00	    0.00	    0.00	    0.00	    0.00	    0.00	    0.00	    0.00	    0.00
13	10	    0.00	    0.00	    0.00	    0.00	    0.00	    0.00	    0.00	    0.00	    0.00	    0.00	    0.00	    0.00	    0.00	 4639.98	  798.11	    0.18	    0.13	    0.10	  264.20	  197.09	  398.77	  629.52	 2310.27	  652.87
13	14	    0.84	    0.07	    0.11	    0.99	    0.06	    0.04	    0.00	    0.00	    0.00	    0.00	 1030.36	  354.53	  105.81	 6269.79	    0.00	    0.00	    0.00	    0.00	    0.00	    0.00	    0.00	    0.00	 1172.18	  132.78
13	22	    0.12	    0.00	    0.03	  498.68	   99.78	   99.64	    0.00	    0.00	  191.47	  784.88	 2711.10	    0.34	    0.36	 3190.23	  420.65	    0.00	  218.82	    0.00	  130.88	    0.00	    0.00	    0.00	    0.00	    0.00
14	9	    0.00	    0.00	    0.00	    0.00	    0.00	    0.00	    0.00	    0.00	    0.00	    0.00	    0.00	    0.00	    0.00	 1638.68	 7923.19	    0.28	    0.75	    0.05	 3244.51	 1746.84	 1599.18	 4370.58	 1986.41	  747.00
14	13	    0.00	    0.00	    0.00	    0.00	    0.00	    0.00	  199.69	  399.56	  491.92	 1789.54	    0.06	    0.00	    0.00	    0.00	 2518.76	  700.06	  918.95	   99.92	  695.07	  695.98	    0.78	  647.44	    0.00	    0.00
14	18	  300.03	    0.07	    0.01	  200.06	  100.03	    0.10	    0.02	    0.03	  400.14	 3239.94	  823.80	  300.05	  282.12	 2896.75	 5899.89	    0.05	    0.39	    0.01	    0.00	    0.05	  579.05	 2899.92	  899.98	  267.14
14	21	    0.00	    0.00	    0.00	  399.38	  297.24	    0.00	    0.00	    0.00	 1308.75	 5614.99	  688.57	    0.00	    0.00	  434.35	 5058.16	    0.22	 2476.53	    0.00	 2084.11	    0.00	    0.00	    0.00	    0.00	    0.00
15	7	    0.00	    0.00	    0.00	    0.00	    0.00	    0.00	    0.00	    0.00	    0.00	    0.25	    0.00	    0.00	    0.00	    0.03	    0.21	 6411.75	 1974.78	    0.12	    0.35	    0.31	    0.05	    0.08	    0.03	    0.02
15	9	    0.00	    0.05	    0.00	    0.00	    0.00	    0.07	 2392.11	    0.20	    0.00	    0.00	    0.00	    0.00	    0.00	    0.00	    0.00	 6648.63	    0.54	  899.49	    0.18	 1156.00	    0.00	    0.00	    0.00	    0.00
15	16	    0.47	  200.03	    0.01	    0.06	    0.05	  500.09	 1000.43	 1401.29	    0.23	    0.48	    0.08	    0.05	    0.00	    0.00	    0.00	 5967.96	    0.00	  600.32	    0.00	 1561.27	  341.65	    0.00	    0.00	  121.80
15	17	    0.04	    0.02	    0.00	    0.04	    0.01	    0.08	    0.00	    0.37	    0.20	 3658.43	  775.44	    0.09	    0.01	    0.03	    0.15	 7071.66	 3736.08	    0.00	    0.15	    0.00	    0.00	    0.00	    0.00	    0.00
16	9	    0.00	    0.00	    0.00	    0.00	    0.00	    0.00	    0.19	    0.00	    0.00	    0.00	    0.00	    0.00	    0.00	    0.00	    0.00	    1.10	 8098.89	    0.17	    0.00	    0.48	    0.00	    0.00	    0.00	    0.00
16	15	    0.00	    0.00	    0.00	    0.00	    0.00	    0.00	    0.00	    0.00	    0.00	    1.42	    0.28	    0.00	    0.00	  690.35	 1184.68	    0.00	 8511.28	    0.00	 1283.75	    0.00	    0.05	    0.10	    0.04	    0.03
16	18	    0.03	    0.06	    0.00	    0.02	    0.01	    0.13	    0.32	    1.40	    0.03	    0.15	    0.00	    0.00	    0.00	    0.00	    0.00	 3166.97	 6789.83	    0.20	    0.00	    0.00	    0.00	    0.00	    0.00	    0.00
17	6	    0.00	    0.00	    0.00	    0.00	    0.00	    0.00	    0.00	    0.00	    0.05	 1898.39	  499.53	    0.00	  356.49	  599.87	 1099.90	 1738.53	 1125.65	 1199.80	 1399.66	 3099.55	  700.10	 1299.90	  499.97	  299.99
17	15	   31.99	   38.36	    8.71	   34.84	   21.77	   89.54	 4792.53	  230.23	   24.61	    0.35	    0.11	   18.98	  599.76	    9.71	   15.69	    0.00	    0.11	 1999.93	   16.94	 4317.57	  941.64	 1199.97	  499.99	  421.80
17	19	  299.99	  299.83	    0.00	  299.99	  100.04	  799.89	 2925.88	 3998.58	  600.23	 1060.52	  175.93	    0.04	    0.00	    0.00	    0.00	 4833.13	 2010.47	 1600.26	    0.00	    0.00	    0.00	    0.00	    0.00	    0.00
18	14	    0.00	    0.01	    0.00	    0.00	    0.00	    0.13	  699.47	  999.52	    0.00	    0.00	    0.00	    0.00	    0.00	    0.00	    0.00	 1900.47	 4895.87	  299.88	 6823.69	 3542.02	    0.15	    0.36	    0.15	    0.07
18	16	    0.04	    0.02	    0.01	    0.05	    0.02	    0.00	    0.00	    0.00	    0.08	    0.35	    0.09	    0.05	    0.09	 1390.30	 2684.56	    0.00	    0.00	    0.00	 2983.68	  139.08	  258.35	 1699.97	  599.99	  178.20
18	19	    0.02	    0.00	    0.00	    0.04	    0.02	    0.02	    0.00	    0.00	    0.09	 1439.73	  423.71	    0.00	    0.00	 1206.47	 2415.33	    0.00	  194.35	    0.00	 2992.63	    0.00	    0.00	    0.00	    0.00	    0.00
19	17	    0.00	    0.00	    0.00	    0.00	    0.00	    0.00	    0.00	    0.00	    0.00	    0.20	    0.00	    0.72	 1056.22	  709.55	 1315.44	    0.00	    0.13	    0.00	 1716.45	 7817.12	 1741.75	 2799.87	 1099.96	  721.79
19	18	    0.00	   99.90	    0.00	    0.00	    0.00	  199.92	 1099.13	 1698.09	    0.00	    0.00	    0.00	    0.00	   17.97	    0.01	    0.00	   33.45	    0.00	  599.67	    0.00	 4881.06	   79.45	    0.41	    0.16	   11.12
19	20	    0.00	    0.00	    0.00	    0.01	    0.05	  100.01	  626.43	  600.33	    0.18	    0.05	    0.02	    0.01	    0.02	    0.02	    0.03	 1500.12	  504.66	  200.44	   76.27	 2700.70	    0.00	    0.07	    0.03	    0.02
19	21	    0.00	   99.93	    0.00	    0.02	    0.01	  199.98	  700.32	  800.16	    0.15	    0.20	    0.04	    0.00	    0.00	    0.00	    0.16	 1699.56	    0.10	  400.16	    0.07	 3101.12	    0.17	    0.00	    0.00	    0.00
20	19	    0.00	    0.00	    0.00	    0.00	    0.00	    0.00	    0.00	    0.00	    0.00	    0.10	    0.02	  400.45	 1673.49	    0.08	    0.16	    0.00	    0.07	    0.00	    0.17	    0.00	 3021.36	    0.22	    2.55	 1132.21
20	21	  264.52	    0.07	   66.13	    0.13	    0.00	    0.03	    0.06	    0.07	    0.00	    0.00	    0.00	  462.92	 1467.90	    0.00	    0.00	    0.15	    0.00	    0.03	    0.00	    0.38	 4779.61	    0.00	    0.69	 1613.52
20	23	    0.00	    0.00	    0.00	    0.00	    0.00	    0.02	  426.37	  200.26	    0.22	  495.70	    0.00	    0.00	    0.00	    0.00	  686.68	  900.05	  211.85	  100.40	  252.62	 1500.32	 3199.02	 2351.41	    0.00	    0.00
21	14	    0.00	    0.00	    0.00	    0.00	    0.00	    0.00	    0.24	    0.07	    0.00	    0.00	    0.00	    0.00	  869.04	    0.00	    0.00	    0.15	    0.00	    0.11	    0.00	    0.84	 2978.86	10517.57	 2714.07	 1281.31
21	19	    0.00	    0.00	    0.00	    0.00	    0.00	    0.00	    0.00	    0.00	    0.00	    0.09	    0.39	    0.25	    0.72	    3.04	    0.14	    0.00	    0.00	    0.00	    0.00	    0.00	    0.00	 5200.13	 1797.60	    0.72
21	20	    0.01	    0.00	    0.00	    0.11	   97.39	    0.00	    0.00	    0.00	  300.04	 1695.76	    1.47	    0.04	    0.00	    0.65	 1486.80	    0.08	  307.26	    0.00	  576.52	    0.00	    0.00	 4151.57	    0.76	    0.00
21	22	    0.00	    0.00	    0.00	    0.00	    0.00	    0.01	  200.13	  300.15	  308.85	 1319.34	    0.00	    0.00	    0.00	    0.00	  971.38	  499.71	  469.37	  100.09	  307.66	  700.65	    0.92	 4530.73	    0.00	    0.00
22	13	    0.01	    0.00	    0.00	    0.02	    0.00	    0.00	    0.31	    0.41	    0.00	    0.00	    0.00	    0.29	  661.97	    0.00	    0.00	    0.12	    0.00	    0.18	    0.01	    1.11	  797.99	 1182.08	 4582.45	 1185.65
22	21	  135.49	    0.01	   33.87	    0.58	    0.14	    0.00	    0.00	    0.00	    0.00	    0.00	  413.25	  237.37	  701.86	  769.34	    0.00	    0.00	    0.00	    0.00	    0.00	    0.00	    0.00	    0.00	 6611.74	  768.50
22	23	    0.01	    0.00	    0.00	    0.03	    0.00	    0.01	    0.02	    0.04	    0.32	  304.22	  997.90	    0.07	    0.00	 1320.89	  392.03	    0.09	   88.19	    0.00	  138.53	    0.23	    0.05	 1248.74	 3305.81	    0.00
23	12	    0.00	    0.00	    0.00	    0.00	    0.00	    0.00	  326.19	    0.00	    0.00	    0.00	    0.00	    0.00	    0.00	  521.48	  678.71	  599.63	    0.04	  100.31	  291.15	 1099.86	 1201.95	 2500.07	 1903.36	 1800.13
23	20	  364.51	    0.06	   66.13	  200.01	    2.57	    0.03	    0.00	    0.00	    0.00	    0.00	  398.54	 1163.31	 3741.37	  399.41	    0.00	    0.00	    0.00	    0.00	    0.00	    0.00	    0.00	    0.00	  702.46	 3245.71
23	22	  435.39	    0.01	  133.85	    1.94	    0.36	    0.36	    0.20	    0.30	    0.00	    0.00	    0.05	  937.38	 2163.48	    0.00	    0.00	    0.50	    0.00	    0.10	    0.00	    0.69	 1497.13	    0.08	    0.00	 2654.15
