i	j	o2d7l12
0	1	 4495.78
0	2	 8119.62
1	0	 4520.74
1	5	 5966.79
2	0	 8094.67
2	3	14021.40
2	11	10040.98
3	2	14046.91
3	4	18017.17
3	10	 5211.73
4	3	18045.83
4	5	 8796.84
4	8	15785.27
5	1	 5991.74
5	4	 8805.55
5	7	12492.02
6	7	12103.91
6	17	15799.02
7	5	12525.69
7	6	12040.23
7	8	 6880.78
7	15	 8386.61
8	4	15805.21
8	7	 6834.80
8	9	21750.79
9	8	21824.75
9	10	17725.98
9	14	23129.01
9	15	11046.19
9	16	 8100.76
10	3	 5308.58
10	9	17607.21
10	11	 8364.28
10	13	 9779.82
11	2	 9990.52
11	10	 8404.74
11	12	12305.55
12	11	12395.55
12	23	11120.11
13	10	 9817.44
13	14	 9036.11
13	22	 8397.82
14	9	23195.53
14	13	 9078.95
14	18	19086.94
14	21	18403.25
15	7	 8402.58
15	9	11072.78
15	16	11682.79
15	17	15291.74
16	9	 8100.38
16	15	11674.94
16	18	 9951.24
17	6	15862.71
17	15	15342.14
17	19	18993.14
18	14	19120.19
18	16	 9943.01
18	19	 8683.51
19	17	19007.23
19	18	 8708.53
19	20	 6303.45
19	21	 7001.32
20	19	 6241.61
20	21	 8618.62
20	23	10305.71
21	14	18379.36
21	19	 7002.26
21	20	 8606.66
21	22	 9659.09
22	13	 8392.61
22	21	 9624.18
22	23	 7901.94
23	12	11110.11
23	20	10255.83
23	22	 7861.82
