0.000000000000000000e+00 1.000000000000000000e+00 4.791804333748960744e+03
0.000000000000000000e+00 2.000000000000000000e+00 8.415693101881377515e+03
1.000000000000000000e+00 0.000000000000000000e+00 4.816714625531289130e+03
1.000000000000000000e+00 5.000000000000000000e+00 5.967267144093572824e+03
2.000000000000000000e+00 0.000000000000000000e+00 8.390782810099051858e+03
2.000000000000000000e+00 3.000000000000000000e+00 1.402115735536427383e+04
2.000000000000000000e+00 1.100000000000000000e+01 1.003816150230223320e+04
3.000000000000000000e+00 2.000000000000000000e+00 1.404363593568598299e+04
3.000000000000000000e+00 4.000000000000000000e+00 1.802138072305937021e+04
3.000000000000000000e+00 1.000000000000000000e+01 5.209731449709427579e+03
4.000000000000000000e+00 3.000000000000000000e+00 1.804315717140278502e+04
4.000000000000000000e+00 5.000000000000000000e+00 8.799117360839722096e+03
4.000000000000000000e+00 8.000000000000000000e+00 1.578911575806121255e+04
5.000000000000000000e+00 1.000000000000000000e+00 5.992177435875892115e+03
5.000000000000000000e+00 4.000000000000000000e+00 8.806468852262878499e+03
5.000000000000000000e+00 7.000000000000000000e+00 1.249190216281435096e+04
6.000000000000000000e+00 7.000000000000000000e+00 1.210243926921460661e+04
6.000000000000000000e+00 1.700000000000000000e+01 1.580401161735833921e+04
7.000000000000000000e+00 5.000000000000000000e+00 1.252416394601983120e+04
7.000000000000000000e+00 6.000000000000000000e+00 1.204367493145075605e+04
7.000000000000000000e+00 8.000000000000000000e+00 6.882499594344489196e+03
7.000000000000000000e+00 1.500000000000000000e+01 8.385324542962332998e+03
8.000000000000000000e+00 4.000000000000000000e+00 1.580354071498148551e+04
8.000000000000000000e+00 7.000000000000000000e+00 6.837060195496977940e+03
8.000000000000000000e+00 9.000000000000000000e+00 2.175061161063547843e+04
9.000000000000000000e+00 8.000000000000000000e+00 2.181959716870823831e+04
9.000000000000000000e+00 1.000000000000000000e+01 1.772730492763660004e+04
9.000000000000000000e+00 1.400000000000000000e+01 2.312938078883275739e+04
9.000000000000000000e+00 1.500000000000000000e+01 1.104506270478384977e+04
9.000000000000000000e+00 1.600000000000000000e+01 8.100223203393743461e+03
1.000000000000000000e+01 3.000000000000000000e+00 5.310433581687726473e+03
1.000000000000000000e+01 9.000000000000000000e+00 1.760488491888095450e+04
1.000000000000000000e+01 1.100000000000000000e+01 8.365647551780199137e+03
1.000000000000000000e+01 1.300000000000000000e+01 9.778494878054178116e+03
1.100000000000000000e+01 2.000000000000000000e+00 9.990772630198194747e+03
1.100000000000000000e+01 1.000000000000000000e+01 8.404198840509996444e+03
1.100000000000000000e+01 1.200000000000000000e+01 1.230256618910467660e+04
1.200000000000000000e+01 1.100000000000000000e+01 1.239372860573041726e+04
1.200000000000000000e+01 2.300000000000000000e+01 1.112019687190903642e+04
1.300000000000000000e+01 1.000000000000000000e+01 9.818225712547040530e+03
1.300000000000000000e+01 1.400000000000000000e+01 9.035756658064288786e+03
1.300000000000000000e+01 2.200000000000000000e+01 8.398148662688545301e+03
1.400000000000000000e+01 9.000000000000000000e+00 2.319453317666932344e+04
1.400000000000000000e+01 1.300000000000000000e+01 9.080221245468565030e+03
1.400000000000000000e+01 1.800000000000000000e+01 1.908484921870785911e+04
1.400000000000000000e+01 2.100000000000000000e+01 1.840320729952019246e+04
1.500000000000000000e+01 7.000000000000000000e+00 8.404261387251488486e+03
1.500000000000000000e+01 9.000000000000000000e+00 1.107061237695031014e+04
1.500000000000000000e+01 1.600000000000000000e+01 1.168825708802655390e+04
1.500000000000000000e+01 1.700000000000000000e+01 1.528801413775343644e+04
1.600000000000000000e+01 9.000000000000000000e+00 8.100926710219082452e+03
1.600000000000000000e+01 1.500000000000000000e+01 1.167437749124344555e+04
1.600000000000000000e+01 1.800000000000000000e+01 9.953310950531578783e+03
1.700000000000000000e+01 6.000000000000000000e+00 1.586277595512218977e+04
1.700000000000000000e+01 1.500000000000000000e+01 1.534638025099215884e+04
1.700000000000000000e+01 1.900000000000000000e+01 1.899264091067885602e+04
1.800000000000000000e+01 1.400000000000000000e+01 1.911889487793359149e+04
1.800000000000000000e+01 1.600000000000000000e+01 9.940134860573813057e+03
1.800000000000000000e+01 1.900000000000000000e+01 8.685046179136712453e+03
1.900000000000000000e+01 1.700000000000000000e+01 1.900977136168141442e+04
1.900000000000000000e+01 1.800000000000000000e+01 8.705915748404699116e+03
1.900000000000000000e+01 2.000000000000000000e+01 6.306002832912065969e+03
1.900000000000000000e+01 2.100000000000000000e+01 7.002383361513309865e+03
2.000000000000000000e+01 1.900000000000000000e+01 6.243114757762630688e+03
2.000000000000000000e+01 2.100000000000000000e+01 8.617185666474750178e+03
2.000000000000000000e+01 2.300000000000000000e+01 1.030659096946809404e+04
2.100000000000000000e+01 1.400000000000000000e+01 1.837877861553529146e+04
2.100000000000000000e+01 1.900000000000000000e+01 7.003271456933312948e+03
2.100000000000000000e+01 2.000000000000000000e+01 8.605476311153357528e+03
2.100000000000000000e+01 2.200000000000000000e+01 9.658795789505616995e+03
2.200000000000000000e+01 1.300000000000000000e+01 8.393414909777111461e+03
2.200000000000000000e+01 2.100000000000000000e+01 9.623545845619344618e+03
2.200000000000000000e+01 2.300000000000000000e+01 7.899329067521550314e+03
2.300000000000000000e+01 1.200000000000000000e+01 1.111135928853477890e+04
2.300000000000000000e+01 2.000000000000000000e+01 1.025541224964005050e+04
2.300000000000000000e+01 2.200000000000000000e+01 7.859345370723849555e+03
