i	j	       0	       1	       2	       3	       4	       5	       6	       7	       8	       9	      10	      11	      12	      13	      14	      15	      16	      17	      18	      19	      20	      21	      22	      23
0	1	 2600.05	    0.00	  275.02	  200.00	   14.63	    0.00	    0.01	    0.01	   29.26	   87.77	  200.04	  499.94	  468.20	  100.01	   14.69	    0.01	    0.03	    0.00	    0.03	    0.00	    0.01	    0.17	    0.26	   28.94
0	2	 6199.95	 1176.43	    0.00	    0.00	    0.00	  239.20	  139.00	  242.17	    0.00	    0.00	    0.00	    0.00	    0.00	    0.00	    0.00	   93.47	    0.00	   34.44	    0.00	    0.02	    0.00	    0.00	    0.00	    0.00
1	0	    0.00	 1276.43	    0.00	    0.00	    0.00	  539.20	  638.91	 1042.03	    0.00	    0.00	    0.00	    0.00	    0.00	    0.00	    0.00	  593.38	    0.19	  134.43	    0.12	  299.97	    0.00	    0.00	    0.00	    0.00
1	5	 2500.05	 2723.57	  175.02	    0.01	    0.00	    0.00	    0.00	    0.00	    0.00	    0.00	    0.05	  399.94	  168.23	    0.01	    0.00	    0.00	    0.00	    0.00	    0.00	    0.00	    0.01	    0.03	    0.26	   28.94
2	0	    0.00	    0.00	  375.02	  700.00	  214.63	    0.00	    0.10	    0.16	  529.26	 1387.77	  700.04	  699.94	  968.20	  400.01	  514.69	    0.10	  399.84	    0.02	  299.91	    0.06	  100.01	  400.17	  300.26	  128.94
2	3	 4500.16	  676.33	 1924.98	    0.00	    0.00	    0.00	    0.00	    0.00	    0.00	    0.00	    0.00	 3836.95	 2535.17	    0.08	    0.00	    0.00	    0.00	    0.00	    0.00	    0.00	  202.22	    0.29	    3.54	  470.78
2	11	 1599.79	  400.11	  499.99	 1602.05	  403.21	  500.37	  775.87	 1200.00	 1399.31	  660.08	    0.72	    0.00	    0.00	    0.28	   50.55	  538.05	  186.18	  199.12	   21.55	    0.42	    0.04	    0.10	    0.10	    0.00
3	2	    0.00	    0.00	    0.00	 2502.04	  717.84	  561.17	  736.96	 1157.99	 2028.57	 2347.76	 1000.58	    0.00	  299.98	  500.15	  665.17	  644.69	  685.99	  164.70	  321.45	    0.46	    0.06	    0.18	    0.15	    0.01
3	4	 3198.19	  175.97	 1324.67	 6697.03	    0.00	    0.00	    0.00	    0.00	    0.00	    0.00	  903.99	 3236.05	 1934.70	  200.11	    0.08	    0.00	    0.00	    0.00	    0.05	    0.00	    2.32	    0.07	  199.81	  270.82
3	10	  801.97	  300.39	  400.32	 2400.92	  699.93	  599.77	    0.07	    4.20	    0.43	    0.15	    0.00	    0.90	    0.49	    0.06	    0.05	    0.10	    0.04	    0.01	    0.01	    0.02	    0.01	    0.04	    0.05	    0.02
4	3	    0.00	    0.04	    0.00	    0.00	 1917.77	 1560.95	 1137.03	 1862.19	 2729.00	 3546.99	    0.00	    0.00	    0.00	    0.00	 1163.77	 1444.79	 1185.82	  264.71	  520.93	  300.33	    0.08	  398.86	    0.00	    0.00
4	5	    0.00	    0.00	  524.99	 2142.08	 1268.98	    0.00	    0.01	    0.03	  570.87	 1312.17	  403.53	 1462.66	  561.08	  100.03	  285.18	    0.03	    0.04	    0.00	    0.16	    0.01	    0.01	    0.03	   99.74	   71.05
4	8	 2998.19	  899.57	  699.68	 4054.96	 2913.26	 1399.73	    0.02	    0.09	    0.00	    0.00	    0.46	 1573.39	 1173.62	    0.08	    0.00	    0.05	    0.00	    0.01	    0.00	    0.02	    0.00	    0.00	    0.07	  199.78
5	1	    0.00	    0.00	    0.00	    0.02	   85.37	  939.20	  838.91	 1442.01	  170.74	  512.23	    0.02	    0.00	    0.02	    0.01	   85.31	  993.36	  200.16	  134.43	  100.09	  399.96	    0.00	   99.86	    0.00	    0.00
5	4	    0.00	  823.64	    0.00	    0.00	    0.00	 3160.68	 1034.12	 1810.80	    0.00	    0.00	    0.00	    0.00	    0.00	    0.00	    0.00	 1462.22	    0.06	  203.14	    0.02	  306.09	    0.11	    0.06	    0.00	    0.00
5	7	 2200.05	 1499.93	  400.01	 1742.08	  983.61	 3500.12	    0.00	    0.00	    0.13	    0.06	    3.56	 1662.60	  529.28	    0.04	    0.00	    0.00	    0.00	    0.00	    0.00	    0.00	    0.00	    0.00	    0.00	    0.00
6	7	    0.00	    0.00	    0.00	    0.00	    0.00	    0.00	 4179.19	    0.00	    0.00	    0.00	    0.00	    0.00	    0.00	  399.78	  599.69	  382.50	  136.79	  999.11	  999.37	 2600.03	  500.09	  799.89	  299.98	  199.99
6	17	  433.21	  339.64	    9.40	  436.21	  122.76	  992.76	 7920.81	 4537.17	  823.84	    0.64	    0.11	  221.20	    0.07	    0.00	    0.00	    0.00	    0.02	    0.00	    0.00	    0.00	    0.00	    0.00	    0.00	    0.00
7	5	    0.00	    0.00	    0.00	    0.00	    0.00	    0.00	 2273.01	 4052.78	    0.00	    0.11	    0.00	    0.00	    0.00	    0.00	    0.13	 3355.55	  700.19	  437.57	  299.95	 1006.04	  100.09	  299.87	    0.00	    0.01
7	6	  933.21	  539.64	  109.40	  836.21	  322.76	 1392.76	    0.00	 5537.17	 1423.79	    3.08	    0.88	  921.20	   43.08	    0.00	    0.00	    0.00	    0.10	    0.00	    0.00	    0.00	    0.00	    0.00	    0.00	    0.00
7	8	    0.00	    0.00	    0.00	    0.00	    0.00	    0.00	  906.18	 3747.16	    0.00	    0.00	    0.00	    0.00	    0.00	    0.00	    0.00	 1265.25	    0.00	  261.65	    0.00	  694.27	    0.04	    0.10	    0.00	    0.00
7	15	  467.17	  560.33	  175.64	  699.62	  437.24	 1307.44	    0.00	 3362.90	  887.88	    0.00	    0.05	  491.85	    0.48	    0.00	    0.00	    0.00	    0.00	    0.00	    0.00	    0.00	    0.00	    0.00	    0.00	    0.00
8	4	    0.00	    0.00	    0.00	    0.00	    0.00	    0.00	  302.94	  551.51	 4099.87	 5859.17	    0.00	    0.00	    0.00	    0.00	 1648.87	  482.66	 1385.79	   61.58	  621.03	   94.27	   97.65	  598.75	    0.00	    0.00
8	7	    0.34	    0.04	   85.03	  493.75	  276.40	    0.08	    0.00	    0.00	 3111.54	 1602.89	  797.37	  350.45	  114.28	    0.00	    0.00	    0.00	    0.21	    0.00	    0.00	    0.00	    0.00	    0.00	    0.00	    0.00
8	9	 2497.86	  699.54	  514.65	 2861.20	 1836.86	  999.65	    3.30	 2395.73	 8988.59	    0.00	    0.00	  622.98	  459.39	    0.00	    0.00	    0.22	    0.00	    0.16	    0.00	    0.35	    0.00	    0.00	    0.00	    0.00
9	8	    0.00	    0.00	    0.00	    0.00	    0.00	    0.00	    0.05	    0.00	    0.00	10262.06	 2196.91	    0.05	    0.05	  599.92	 2648.87	  617.58	 2286.00	    0.08	 1021.03	    0.32	  397.61	 1298.65	  499.93	    0.22
9	10	    0.00	    0.00	    0.00	    0.00	    0.00	    0.00	  499.87	  795.82	 1727.28	 8456.77	    0.00	    0.00	    0.00	    0.00	 1264.48	 1562.75	 1913.88	  199.97	  417.87	  428.43	    2.81	  491.75	    0.00	    0.00
9	14	  798.86	   99.81	   99.86	 1097.74	  596.75	  199.68	    0.00	    0.00	 3073.10	14515.76	 1952.85	  669.32	    4.02	    0.00	    0.00	    0.00	    0.73	    0.00	    0.00	    0.00	    0.00	    0.00	    0.00	    0.00
9	15	    0.00	    0.00	   14.97	   64.23	   40.14	    0.00	    0.00	    0.00	  488.37	 8064.68	 2177.64	  185.32	    0.34	    0.00	    0.00	    0.00	    0.00	    0.00	    0.00	    0.00	    0.00	    0.00	    0.00	    0.00
9	16	  399.67	    0.02	   99.98	  499.91	  199.96	    0.04	    0.08	    0.11	  899.84	 3900.72	  999.77	  599.89	  499.91	    0.09	    0.11	    0.10	    0.00	    0.05	    0.06	    0.13	    0.05	    0.13	    0.05	    0.02
10	3	    0.00	    0.00	    0.00	    0.00	    0.00	    0.00	    0.00	    0.00	    0.00	    0.92	 3404.57	    0.00	  300.00	 1200.25	    1.54	    0.00	    0.21	    0.00	    0.58	    0.15	    0.10	    1.15	  696.47	    0.08
10	9	    0.67	    0.24	    0.16	    0.67	    0.00	    0.00	    0.00	    0.00	    0.00	    0.00	11227.17	 2831.60	 1944.93	 1122.82	    0.00	    0.00	    0.00	    0.00	    0.00	    0.00	    0.00	    0.00	  323.18	   51.21
10	11	    0.00	    0.00	    0.00	    0.00	    0.00	    0.00	    0.00	    0.00	    0.10	 3240.09	 2400.06	    0.00	    0.00	  708.21	  653.82	  163.05	  913.81	    0.02	  280.19	    0.00	    0.00	    0.00	    0.00	    0.00
10	13	  301.33	  100.17	  100.17	 1000.33	  199.95	  199.79	    0.00	    0.02	  327.61	 1215.92	 5268.20	 1030.95	    4.55	    0.00	    0.00	    0.00	    0.04	    0.00	    0.00	    0.00	    0.00	    0.00	    0.00	    0.00
11	2	    0.00	    0.00	    0.00	    0.00	    0.00	    0.00	    0.00	    0.00	    0.00	    0.08	    0.17	 4736.88	 3303.39	    0.21	    0.07	    0.00	    0.03	    0.00	    0.01	    0.00	  302.21	  500.38	  403.75	  599.71
11	10	    0.03	    0.01	    0.02	    0.07	    0.02	    0.02	    0.00	    0.00	    0.00	    0.00	    0.00	 5261.65	 3248.99	    0.00	    0.00	    0.00	    0.00	    0.00	    0.00	    0.00	    0.04	    0.00	    0.00	    0.73
11	12	 1399.76	  300.09	  299.98	 1001.97	  203.19	  300.35	   75.94	  600.00	  799.41	 1900.08	 1000.61	 3901.46	    0.00	    8.68	    4.33	    1.10	  499.96	    0.08	    1.74	    0.00	    0.00	    0.00	    0.00	    0.00
12	11	    0.00	    0.00	    0.00	    0.00	    0.00	    0.00	    0.07	    0.00	    0.00	    0.00	    0.00	    0.00	 7852.38	    0.40	    0.03	    0.00	    0.00	    0.94	    0.01	  499.58	  602.21	 1200.28	 1103.65	 1100.43
12	23	  899.76	    0.09	  199.98	  401.97	    3.19	  100.35	    0.00	    0.00	  199.41	    0.08	    0.61	 2601.46	 6747.62	    0.00	    0.00	    0.00	    0.00	    0.00	    0.00	    0.00	    0.00	    0.00	    0.00	    0.00
13	10	    0.00	    0.00	    0.00	    0.00	    0.00	    0.00	    0.07	    0.00	    0.00	    0.00	    0.00	    0.00	    0.00	 4631.22	  790.83	    0.19	    0.14	    0.03	  262.88	  171.70	  397.23	  609.36	 2319.60	  650.54
13	14	    1.17	    0.16	    0.15	    1.55	    0.26	    0.15	    0.00	    0.00	    0.00	    0.00	 1010.07	  330.68	   95.27	 6244.19	    0.00	    0.00	    0.00	    0.00	    0.00	    0.00	    0.00	    0.00	 1198.32	  126.67
13	22	    0.17	    0.01	    0.03	  498.79	   99.70	   99.65	    0.00	    0.00	  197.27	  827.29	 2658.19	    0.29	    0.00	 3224.59	  431.01	    0.00	  215.96	    0.00	  134.17	    0.00	    0.00	    0.00	    0.00	    0.00
14	9	    0.00	    0.00	    0.00	    0.00	    0.00	    0.00	    0.00	    0.00	    0.00	    0.00	    0.00	    0.00	    0.00	 1577.19	 7913.46	    0.27	    0.80	    0.05	 3238.78	 1735.96	 1600.47	 4390.52	 1976.80	  749.03
14	13	    0.00	    0.00	    0.00	    0.00	    0.01	    0.00	  199.64	  399.29	  469.66	 1711.38	    0.06	    0.00	    0.00	    0.00	 2521.84	  699.14	  916.06	   99.82	  697.04	  670.18	    0.29	  684.85	    0.00	    0.00
14	18	  300.03	    0.06	    0.01	  200.07	  100.03	    0.07	    0.02	    0.03	  400.32	 3231.81	  821.31	  300.06	  280.92	 2897.40	 5899.55	    0.05	    0.37	    0.01	    0.00	    0.05	  568.87	 2899.59	  899.95	  264.76
14	21	    0.00	    0.00	    0.00	  399.22	  296.98	    0.00	    0.00	    0.00	 1303.12	 5572.58	  741.55	    0.00	    0.00	  469.60	 5065.15	    0.21	 2478.87	    0.00	 2079.07	    0.00	    0.00	    0.00	    0.00	    0.00
15	7	    0.00	    0.00	    0.00	    0.00	    0.00	    0.00	    0.00	    0.00	    0.00	    0.24	    0.00	    0.00	    0.00	    0.19	    0.44	 6438.29	 1963.29	    0.11	    0.58	    0.29	    0.04	    0.07	    0.03	    0.02
15	9	    0.00	    0.05	    0.00	    0.00	    0.00	    0.06	 2396.51	    0.19	    0.00	    0.00	    0.00	    0.00	    0.00	    0.00	    0.00	 6578.84	    0.51	  899.82	    0.18	 1192.43	    0.00	    0.00	    0.00	    0.00
15	16	    0.32	  200.04	    0.01	    0.06	    0.02	  500.18	 1000.59	 1401.16	    0.10	    0.46	    0.08	    0.05	    0.00	    0.00	    0.00	 5964.34	    0.00	  600.30	    0.00	 1551.53	  344.60	    0.33	    0.03	  121.98
15	17	    0.04	    0.02	    0.00	    0.04	    0.01	    0.07	    0.00	    0.35	    0.19	 3665.73	  778.00	    0.17	    0.01	    0.02	    0.48	 7118.53	 3747.57	    0.00	    0.75	    0.00	    0.00	    0.00	    0.00	    0.00
16	9	    0.00	    0.00	    0.00	    0.00	    0.00	    0.00	    0.18	    0.00	    0.00	    0.00	    0.00	    0.00	    0.00	    0.00	    0.00	    1.10	 8099.30	    0.08	    0.00	    0.14	    0.00	    0.00	    0.00	    0.00
16	15	    0.00	    0.00	    0.00	    0.00	    0.00	    0.00	    0.00	    0.00	    0.00	    1.41	    0.28	    0.00	    0.00	  690.04	 1183.43	    0.00	 8511.27	    0.00	 1282.61	    0.00	    0.05	    0.10	    0.04	    0.02
16	18	    0.02	    0.08	    0.00	    0.02	    0.01	    0.21	    0.48	    1.26	    0.03	    0.14	    0.00	    0.00	    0.00	    0.00	    0.00	 3163.34	 6789.43	    0.27	    0.00	    0.00	    0.00	    0.00	    0.00	    0.00
17	6	    0.00	    0.00	    0.00	    0.00	    0.00	    0.00	    0.00	    0.00	    0.05	 1897.56	  499.23	    0.00	  356.99	  599.78	 1099.69	 1782.50	 1136.71	 1199.11	 1399.37	 3100.03	  700.09	 1299.89	  499.98	  299.99
17	15	   33.18	   39.78	    9.40	   36.24	   22.65	   92.87	 4797.10	  238.81	   24.04	    0.33	    0.11	   23.04	  599.18	   10.17	   17.50	    0.00	    0.10	 2000.23	   18.90	 4344.25	  944.59	 1200.31	  500.02	  421.98
17	19	  300.07	  299.88	    0.00	  300.00	  100.12	  799.96	 2923.72	 3998.71	  599.94	 1068.66	  178.89	    0.14	    0.00	    0.00	    0.00	 4836.02	 2010.91	 1600.67	    0.17	    0.00	    0.00	    0.00	    0.00	    0.00
18	14	    0.00	    0.10	    0.00	    0.00	    0.00	    0.25	  699.61	  999.24	    0.00	    0.00	    0.00	    0.00	    0.00	    0.00	    0.00	 1899.53	 4895.37	  299.86	 6814.89	 3505.79	    0.14	    0.35	    0.15	    0.06
18	16	    0.04	    0.02	    0.01	    0.05	    0.02	    0.00	    0.00	    0.00	    0.09	    0.37	    0.43	    0.06	    0.09	 1389.94	 2683.32	    0.00	    0.00	    0.00	 2982.54	  148.48	  255.41	 1699.63	  599.96	  178.02
18	19	    0.01	    0.00	    0.00	    0.03	    0.01	    0.02	    0.00	    0.00	    0.27	 1431.58	  420.88	    0.00	    0.00	 1207.47	 2416.24	    0.00	  194.43	    0.00	 3002.57	    0.00	    0.00	    0.00	    0.00	    0.00
19	17	    0.00	    0.00	    0.00	    0.00	    0.00	    0.00	    0.00	    0.00	    0.00	    0.19	    0.11	    1.81	 1056.10	  709.92	 1316.70	    0.00	    0.13	    0.00	 1717.69	 7844.27	 1744.68	 2800.20	 1100.00	  721.97
19	18	    0.00	   99.98	    0.00	    0.00	    0.00	  199.99	 1099.11	 1697.95	    0.00	    0.00	    0.00	    0.00	   19.17	    0.01	    0.00	   36.14	    0.00	  599.58	    0.00	 4854.22	   86.68	    0.39	    0.16	   13.32
19	20	    0.00	    0.00	    0.00	    0.06	    0.13	  100.01	  624.39	  600.36	    0.05	    0.04	    0.01	    0.01	    0.02	    0.01	    0.03	 1499.44	  504.67	  201.02	   85.13	 2700.30	    0.00	    0.07	    0.03	    0.02
19	21	    0.12	   99.89	    0.00	    0.01	    0.01	  199.98	  700.22	  800.41	    0.15	    0.19	    0.04	    0.00	    0.00	    0.00	    0.15	 1700.44	    0.61	  400.08	    0.07	 3101.20	    0.16	    0.00	    0.00	    0.00
20	19	    0.00	    0.00	    0.00	    0.00	    0.00	    0.00	    0.00	    0.00	    0.00	    0.10	    0.02	  401.60	 1674.96	    0.07	    0.15	    0.00	    0.07	    0.00	    0.16	    0.00	 3031.52	    0.20	    3.39	 1134.75
20	21	  261.82	    0.09	   65.45	    0.29	    0.00	    0.03	    0.05	    0.07	    0.00	    0.00	    0.00	  458.18	 1456.67	    0.00	    0.00	    0.14	    0.00	    0.03	    0.00	    0.37	 4771.67	    0.00	    0.00	 1594.20
20	23	    0.00	    0.00	    0.00	    0.00	    0.00	    0.02	  424.34	  200.29	    0.36	  488.11	    0.00	    0.00	    0.00	    0.00	  688.28	  899.37	  209.41	  100.99	  253.48	 1499.93	 3196.81	 2337.09	    0.00	    0.00
21	14	    0.00	    0.00	    0.00	    0.00	    0.00	    0.00	    0.05	    0.07	    0.00	    0.00	    0.00	    0.06	  881.63	    0.00	    0.00	    0.14	    0.00	    0.03	    0.00	    0.40	 2969.49	10574.61	 2678.28	 1287.06
21	19	    0.04	    0.00	    0.00	    0.04	    0.00	    0.00	    0.00	    0.00	    0.00	    0.09	    0.38	    0.08	    0.33	    2.41	    0.49	    0.00	    0.00	    0.00	    0.00	    0.00	    0.00	 5200.46	 1796.79	    0.55
21	20	    0.01	    0.00	    0.00	    0.03	   97.04	    0.00	    0.00	    0.00	  300.30	 1688.16	    2.99	    0.04	    0.08	    0.96	 1488.40	    0.07	  304.80	    0.00	  568.50	    0.00	    0.00	 4137.22	    0.80	    0.07
21	22	    0.00	    0.00	    0.00	    0.00	    0.00	    0.04	  200.22	  300.40	  302.97	 1284.52	    0.00	    0.00	    0.00	    0.00	  976.41	  500.58	  474.67	  100.08	  310.64	  701.16	    2.34	 4487.71	    0.00	    0.00
22	13	    0.01	    0.00	    0.00	    0.02	    0.00	    0.00	    0.43	    0.69	    0.00	    0.00	    0.00	    0.03	  690.72	    0.00	    0.00	    1.05	    0.00	    0.21	    0.01	    1.52	  796.94	 1124.51	 4617.92	 1177.21
22	21	  138.12	    0.02	   34.55	    0.54	    0.05	    0.03	    0.00	    0.00	    0.00	    0.00	  361.78	  242.00	  725.37	  733.77	    0.00	    0.00	    0.00	    0.00	    0.00	    0.00	    0.00	    0.00	 6575.87	  793.49
22	23	    0.01	    0.00	    0.00	    0.03	    0.00	    0.01	    0.05	    0.10	    0.24	  311.81	  996.46	    0.00	    0.00	 1390.82	  407.42	    0.18	   90.63	    0.00	  144.80	    0.54	    0.21	 1263.27	 3306.21	    0.00
23	12	    0.00	    0.00	    0.00	    0.00	    0.00	    0.00	  324.13	    0.00	    0.00	    0.00	    0.00	    0.00	    0.00	  591.72	  695.70	  598.90	    0.04	  100.86	  298.27	 1099.58	 1202.21	 2500.28	 1903.65	 1800.43
23	20	  361.80	    0.08	   65.45	  200.21	    2.84	    0.03	    0.00	    0.00	    0.00	    0.00	  397.02	 1159.73	 3731.53	  399.10	    0.00	    0.00	    0.00	    0.00	    0.00	    0.00	    0.00	    0.00	  702.56	 3228.86
23	22	  437.97	    0.01	  134.52	    1.79	    0.35	    0.36	    0.26	    0.39	    0.00	    0.00	    0.05	  941.73	 2216.09	    0.00	    0.00	    0.65	    0.00	    0.13	    0.00	    0.90	 1494.80	    0.08	    0.00	 2670.70
