i	j	o23d9l75
0	1	 4494.91
0	2	 8117.77
1	0	 4518.51
1	5	 5967.17
2	0	 8094.17
2	3	14019.51
2	11	10038.42
3	2	14045.33
3	4	18018.57
3	10	 5207.70
4	3	18044.56
4	5	 8796.19
4	8	15787.92
5	1	 5990.77
5	4	 8804.98
5	7	12491.49
6	7	12104.20
6	17	15803.25
7	5	12523.88
7	6	12044.29
7	8	 6882.88
7	15	 8385.96
8	4	15805.12
8	7	 6838.69
8	9	21744.94
9	8	21817.95
9	10	17728.13
9	14	23128.15
9	15	11045.87
9	16	 8100.54
10	3	 5307.52
10	9	17606.91
10	11	 8364.63
10	13	 9778.02
11	2	 9989.01
11	10	 8406.02
11	12	12302.42
12	11	12394.39
12	23	11119.37
13	10	 9815.25
13	14	 9035.25
13	22	 8397.51
14	9	23195.68
14	13	 9077.48
14	18	19081.92
14	21	18405.04
15	7	 8402.62
15	9	11072.42
15	16	11689.05
15	17	15291.50
16	9	 8100.69
16	15	11676.76
16	18	 9952.37
17	6	15863.15
17	15	15347.01
17	19	18989.78
18	14	19115.78
18	16	 9940.23
18	19	 8684.60
19	17	19005.19
19	18	 8706.32
19	20	 6306.50
19	21	 7002.27
20	19	 6242.59
20	21	 8616.47
20	23	10307.49
21	14	18380.94
21	19	 7003.31
21	20	 8606.68
21	22	 9658.90
22	13	 8392.51
22	21	 9626.04
22	23	 7900.29
23	12	11111.35
23	20	10253.37
23	22	 7862.43
