i	j	o11d17l15
0	1	 4501.79
0	2	 8120.78
1	0	 4521.40
1	5	 5971.62
2	0	 8101.17
2	3	14015.04
2	11	10035.68
3	2	14043.31
3	4	18012.74
3	10	 5209.58
4	3	18041.86
4	5	 8793.69
4	8	15783.44
5	1	 5991.23
5	4	 8803.67
5	7	12494.99
6	7	12106.23
6	17	15803.20
7	5	12524.59
7	6	12045.51
7	8	 6883.66
7	15	 8383.09
8	4	15802.58
8	7	 6833.54
8	9	21751.46
9	8	21820.48
9	10	17728.89
9	14	23129.73
9	15	11045.56
9	16	 8100.64
10	3	 5308.73
10	9	17606.09
10	11	 8365.40
10	13	 9778.15
11	2	 9987.80
11	10	 8404.36
11	12	12303.83
12	11	12394.91
12	23	11119.81
13	10	 9815.55
13	14	 9035.42
13	22	 8400.06
14	9	23195.27
14	13	 9080.50
14	18	19083.38
14	21	18401.23
15	7	 8402.09
15	9	11071.78
15	16	11685.91
15	17	15294.52
16	9	 8100.70
16	15	11675.89
16	18	 9951.14
17	6	15863.91
17	15	15349.76
17	19	18993.75
18	14	19115.93
18	16	 9941.18
18	19	 8684.51
19	17	19009.70
19	18	 8707.10
19	20	 6306.80
19	21	 7000.88
20	19	 6242.69
20	21	 8619.47
20	23	10306.33
21	14	18379.29
21	19	 7003.53
21	20	 8604.49
21	22	 9657.68
22	13	 8392.38
22	21	 9623.42
22	23	 7900.55
23	12	11110.88
23	20	10257.20
23	22	 7858.62
