i	j	o7d12l7
0	1	 4494.88
0	2	 8119.78
1	0	 4520.25
1	5	 5967.18
2	0	 8094.41
2	3	14021.28
2	11	10036.60
3	2	14042.77
3	4	18021.18
3	10	 5209.03
4	3	18043.62
4	5	 8795.97
4	8	15790.82
5	1	 5992.55
5	4	 8806.00
5	7	12491.08
6	7	12104.33
6	17	15797.13
7	5	12526.47
7	6	12042.72
7	8	 6880.90
7	15	 8384.34
8	4	15803.23
8	7	 6835.84
8	9	21753.53
9	8	21820.88
9	10	17726.19
9	14	23131.15
9	15	11046.33
9	16	 8100.22
10	3	 5308.07
10	9	17602.02
10	11	 8365.65
10	13	 9778.67
11	2	 9989.75
11	10	 8403.51
11	12	12306.39
12	11	12397.40
12	23	11119.35
13	10	 9815.68
13	14	 9035.19
13	22	 8400.82
14	9	23196.05
14	13	 9078.54
14	18	19086.96
14	21	18401.57
15	7	 8403.19
15	9	11072.38
15	16	11687.04
15	17	15286.07
16	9	 8100.79
16	15	11676.92
16	18	 9951.49
17	6	15858.74
17	15	15341.08
17	19	18988.86
18	14	19117.94
18	16	 9941.95
18	19	 8685.65
19	17	19005.49
19	18	 8707.09
19	20	 6303.47
19	21	 7003.70
20	19	 6243.30
20	21	 8618.86
20	23	10305.97
21	14	18378.84
21	19	 7001.92
21	20	 8607.40
21	22	 9660.32
22	13	 8394.48
22	21	 9624.35
22	23	 7903.63
23	12	11110.37
23	20	10257.27
23	22	 7861.32
