i	j	o15d4l22
0	1	 4495.80
0	2	 8118.73
1	0	 4518.83
1	5	 5966.52
2	0	 8095.70
2	3	14020.82
2	11	10037.78
3	2	14046.41
3	4	18018.63
3	10	 5209.11
4	3	18047.10
4	5	 8795.06
4	8	15787.84
5	1	 5989.55
5	4	 8805.88
5	7	12490.35
6	7	12103.12
6	17	15797.25
7	5	12524.21
7	6	12040.86
7	8	 6882.30
7	15	 8385.70
8	4	15805.49
8	7	 6836.13
8	9	21752.51
9	8	21823.98
9	10	17726.84
9	14	23132.23
9	15	11045.74
9	16	 8100.68
10	3	 5306.23
10	9	17607.01
10	11	 8364.53
10	13	 9778.07
11	2	 9989.17
11	10	 8405.29
11	12	12301.92
12	11	12394.07
12	23	11119.29
13	10	 9814.60
13	14	 9036.16
13	22	 8397.57
14	9	23197.75
14	13	 9078.44
14	18	19085.28
14	21	18407.02
15	7	 8403.46
15	9	11071.60
15	16	11687.37
15	17	15284.46
16	9	 8100.59
16	15	11676.69
16	18	 9952.10
17	6	15859.51
17	15	15338.77
17	19	18986.91
18	14	19117.97
18	16	 9941.34
18	19	 8685.50
19	17	19003.48
19	18	 8707.42
19	20	 6304.78
19	21	 7002.69
20	19	 6241.37
20	21	 8619.71
20	23	10305.99
21	14	18382.13
21	19	 7004.59
21	20	 8606.72
21	22	 9659.81
22	13	 8391.81
22	21	 9623.83
22	23	 7901.75
23	12	11111.43
23	20	10255.57
23	22	 7860.03
