0.000000000000000000e+00 1.000000000000000000e+00 4.494441374327125232e+03
0.000000000000000000e+00 2.000000000000000000e+00 8.116596926944595907e+03
1.000000000000000000e+00 0.000000000000000000e+00 4.518480624782410814e+03
1.000000000000000000e+00 5.000000000000000000e+00 5.966299220456967305e+03
2.000000000000000000e+00 0.000000000000000000e+00 8.092557676489330333e+03
2.000000000000000000e+00 3.000000000000000000e+00 1.402097606346449720e+04
2.000000000000000000e+00 1.100000000000000000e+01 1.003781430105844083e+04
3.000000000000000000e+00 2.000000000000000000e+00 1.404596136996771020e+04
3.000000000000000000e+00 4.000000000000000000e+00 1.801804099545608187e+04
3.000000000000000000e+00 1.000000000000000000e+01 5.208745600673765694e+03
4.000000000000000000e+00 3.000000000000000000e+00 1.804490067919809371e+04
4.000000000000000000e+00 5.000000000000000000e+00 8.796370420227698560e+03
4.000000000000000000e+00 8.000000000000000000e+00 1.578797003787285394e+04
5.000000000000000000e+00 1.000000000000000000e+00 5.990338470912256525e+03
5.000000000000000000e+00 4.000000000000000000e+00 8.805253636149465819e+03
5.000000000000000000e+00 7.000000000000000000e+00 1.249139053367530505e+04
6.000000000000000000e+00 7.000000000000000000e+00 1.210636292906530798e+04
6.000000000000000000e+00 1.700000000000000000e+01 1.580006841693081515e+04
7.000000000000000000e+00 5.000000000000000000e+00 1.252431300005235607e+04
7.000000000000000000e+00 6.000000000000000000e+00 1.204190209139168110e+04
7.000000000000000000e+00 8.000000000000000000e+00 6.886067419309681100e+03
7.000000000000000000e+00 1.500000000000000000e+01 8.386673365207005190e+03
8.000000000000000000e+00 4.000000000000000000e+00 1.580594650569306032e+04
8.000000000000000000e+00 7.000000000000000000e+00 6.837254266498647667e+03
8.000000000000000000e+00 9.000000000000000000e+00 2.175024369123088036e+04
9.000000000000000000e+00 8.000000000000000000e+00 2.181940700624006058e+04
9.000000000000000000e+00 1.000000000000000000e+01 1.772622988936284310e+04
9.000000000000000000e+00 1.400000000000000000e+01 2.313095507696886489e+04
9.000000000000000000e+00 1.500000000000000000e+01 1.104459658660943569e+04
9.000000000000000000e+00 1.600000000000000000e+01 8.100089591106827356e+03
1.000000000000000000e+01 3.000000000000000000e+00 5.306871223434965032e+03
1.000000000000000000e+01 9.000000000000000000e+00 1.760625742580226506e+04
1.000000000000000000e+01 1.100000000000000000e+01 8.363379025649688629e+03
1.000000000000000000e+01 1.300000000000000000e+01 9.778565833623895742e+03
1.100000000000000000e+01 2.000000000000000000e+00 9.988789744099969539e+03
1.100000000000000000e+01 1.000000000000000000e+01 8.404927833530457065e+03
1.100000000000000000e+01 1.200000000000000000e+01 1.230198280838930077e+04
1.200000000000000000e+01 1.100000000000000000e+01 1.239450705931158336e+04
1.200000000000000000e+01 2.300000000000000000e+01 1.111962125641783132e+04
1.300000000000000000e+01 1.000000000000000000e+01 9.815170184943741333e+03
1.300000000000000000e+01 1.400000000000000000e+01 9.034962908644649360e+03
1.300000000000000000e+01 2.200000000000000000e+01 8.398275719344883328e+03
1.400000000000000000e+01 9.000000000000000000e+00 2.319248882249286544e+04
1.400000000000000000e+01 1.300000000000000000e+01 9.078621894581030574e+03
1.400000000000000000e+01 1.800000000000000000e+01 1.908432920541594649e+04
1.400000000000000000e+01 2.100000000000000000e+01 1.840599481905604625e+04
1.500000000000000000e+01 7.000000000000000000e+00 8.403948146721475496e+03
1.500000000000000000e+01 9.000000000000000000e+00 1.107225830308238437e+04
1.500000000000000000e+01 1.600000000000000000e+01 1.168657167306795600e+04
1.500000000000000000e+01 1.700000000000000000e+01 1.528975040505184916e+04
1.600000000000000000e+01 9.000000000000000000e+00 8.100029907679644566e+03
1.600000000000000000e+01 1.500000000000000000e+01 1.167655461057715365e+04
1.600000000000000000e+01 1.800000000000000000e+01 9.951989256724484221e+03
1.700000000000000000e+01 6.000000000000000000e+00 1.586452925460444203e+04
1.700000000000000000e+01 1.500000000000000000e+01 1.534470396553007777e+04
1.700000000000000000e+01 1.900000000000000000e+01 1.899057932741548939e+04
1.800000000000000000e+01 1.400000000000000000e+01 1.911544108137376679e+04
1.800000000000000000e+01 1.600000000000000000e+01 9.941912510806512728e+03
1.800000000000000000e+01 1.900000000000000000e+01 8.684439855548291234e+03
1.900000000000000000e+01 1.700000000000000000e+01 1.900999372556732851e+04
1.900000000000000000e+01 1.800000000000000000e+01 8.705474985588134587e+03
1.900000000000000000e+01 2.000000000000000000e+01 6.303836449246187840e+03
1.900000000000000000e+01 2.100000000000000000e+01 7.003259245340854250e+03
2.000000000000000000e+01 1.900000000000000000e+01 6.244748017149961015e+03
2.000000000000000000e+01 2.100000000000000000e+01 8.617018565038648376e+03
2.000000000000000000e+01 2.300000000000000000e+01 1.030613316566921640e+04
2.100000000000000000e+01 1.400000000000000000e+01 1.838007567455860408e+04
2.100000000000000000e+01 1.900000000000000000e+01 7.002797205628768097e+03
2.100000000000000000e+01 2.000000000000000000e+01 8.607604275460780627e+03
2.100000000000000000e+01 2.200000000000000000e+01 9.659355965240070873e+03
2.200000000000000000e+01 1.300000000000000000e+01 8.391221084728358619e+03
2.200000000000000000e+01 2.100000000000000000e+01 9.623560491452682982e+03
2.200000000000000000e+01 2.300000000000000000e+01 7.901462302945075862e+03
2.300000000000000000e+01 1.200000000000000000e+01 1.111214550734011209e+04
2.300000000000000000e+01 2.000000000000000000e+01 1.025645902315084459e+04
2.300000000000000000e+01 2.200000000000000000e+01 7.858612194541173267e+03
