i	j	       0	       1	       2	       3	       4	       5	       6	       7	       8	       9	      10	      11	      12	      13	      14	      15	      16	      17	      18	      19	      20	      21	      22	      23
0	1	 2600.21	    0.00	  263.12	  200.02	   15.49	    0.00	    0.01	    0.02	   30.98	   92.96	  200.02	  457.51	  455.61	  100.00	   15.46	    0.02	    0.03	    0.00	    0.01	    0.00	    0.01	    0.11	    0.15	   28.68
0	2	 6199.79	 1140.51	    0.00	    0.00	    0.00	  223.63	  140.96	  246.66	    0.00	    0.00	    0.00	    0.00	    0.00	    0.00	    0.00	   96.16	    0.00	   34.88	    0.00	    0.02	    0.00	    0.00	    0.00	    0.00
1	0	    0.00	 1240.51	    0.00	    0.00	    0.00	  523.63	  640.94	 1046.63	    0.00	    0.00	    0.00	    0.00	    0.00	    0.00	    0.00	  596.14	    0.51	  134.88	    0.03	  300.01	    0.00	    0.02	    0.00	    0.00
1	5	 2500.21	 2759.49	  163.12	    0.04	    0.00	    0.00	    0.00	    0.00	    0.00	    0.00	    0.04	  357.51	  155.61	    0.01	    0.00	    0.00	    0.00	    0.00	    0.00	    0.00	    0.01	    0.03	    0.15	   28.68
2	0	    0.00	    0.00	  363.12	  700.02	  215.49	    0.00	    0.03	    0.05	  530.98	 1392.96	  700.02	  657.51	  955.61	  400.00	  515.46	    0.04	  399.53	    0.00	  299.99	    0.02	  100.00	  400.09	  300.15	  128.68
2	3	 4499.78	  640.39	 1936.84	    0.00	    0.00	    0.00	    0.00	    0.00	    0.00	    0.00	    0.00	 3768.56	 2476.75	    0.08	    0.00	    0.00	    0.00	    0.00	    0.00	    0.00	  202.62	    0.21	    1.57	  470.95
2	11	 1600.02	  400.11	  500.04	 1602.50	  402.97	  500.52	  732.42	 1200.00	 1399.49	  675.92	    0.43	    0.00	    0.00	    0.14	   50.53	  534.81	  190.64	  198.86	   21.66	    0.22	    0.00	    0.07	    0.07	    0.00
3	2	    0.00	    0.00	    0.00	 2502.52	  718.46	  576.88	  691.49	 1153.39	 2030.46	 2368.89	  999.93	    0.00	    0.00	  499.83	  665.94	  638.69	  690.17	  163.99	  321.64	    0.22	    0.01	    0.16	    0.14	    0.01
3	4	 3197.85	  139.98	 1336.39	 6696.86	    0.00	    0.00	    0.00	    0.00	    0.00	    0.11	  904.18	 3168.32	 1876.62	  200.08	    0.07	    0.00	    0.01	    0.00	    0.02	    0.00	    2.65	    0.08	  199.90	  270.98
3	10	  801.93	  300.46	  400.45	 2400.63	  699.62	  599.56	    0.09	    5.30	    0.64	    0.16	    0.00	    0.24	    0.14	    0.06	    0.06	    0.11	    0.04	    0.04	    0.02	    0.02	    0.02	    0.04	    0.05	    0.02
4	3	    0.00	    0.04	    0.00	    0.00	 1918.07	 1576.44	 1091.58	 1858.69	 2731.10	 3567.76	    0.00	    0.00	    0.00	    0.00	 1164.16	 1438.80	 1189.82	  264.02	  520.90	  300.24	    0.03	  399.05	    0.00	    0.00
4	5	    0.00	    0.00	  532.80	 2140.60	 1267.09	    0.00	    0.02	    0.03	  569.17	 1306.98	  403.73	 1462.39	  557.08	  100.02	  284.41	    0.04	    0.04	    0.00	    0.02	    0.01	    0.01	    0.00	   99.84	   71.31
4	8	 2997.85	  899.68	  703.59	 4056.26	 2914.83	 1400.33	    0.02	    0.10	    0.00	    0.00	    0.45	 1505.93	 1119.54	    0.06	    0.00	    0.06	    0.00	    0.01	    0.00	    0.02	    0.00	    0.00	    0.05	  199.67
5	1	    0.00	    0.00	    0.00	    0.02	   84.51	  923.63	  840.94	 1446.61	  169.02	  507.04	    0.02	    0.00	    0.00	    0.01	   84.54	  996.12	  200.47	  134.88	  100.01	  400.01	    0.00	   99.93	    0.00	    0.00
5	4	    0.00	  859.74	    0.00	    0.00	    0.00	 3176.77	  998.81	 1815.46	    0.00	    0.00	    0.00	    0.00	    0.00	    0.00	    0.00	 1442.21	    0.07	  203.63	    0.03	  306.31	    0.08	    0.06	    0.00	    0.00
5	7	 2200.21	 1499.75	  395.92	 1740.61	  982.58	 3499.59	    0.00	    0.00	    0.15	    0.06	    3.75	 1619.90	  512.69	    0.02	    0.00	    0.00	    0.00	    0.00	    0.00	    0.00	    0.00	    0.00	    0.00	    0.00
6	7	    0.00	    0.00	    0.00	    0.00	    0.00	    0.00	 4133.93	    0.00	    0.00	    0.00	    0.00	    0.00	    0.00	  399.43	  599.02	  650.47	  228.95	  998.83	  998.32	 2599.41	  500.14	  800.01	  299.99	  200.00
6	17	  421.23	  325.19	    5.43	  421.71	  113.62	  958.99	 7966.07	 4451.53	  811.42	    0.55	    0.12	  210.06	    0.17	    0.00	    0.00	    0.00	    0.00	    0.00	    0.00	    0.00	    0.00	    0.00	    0.00	    0.00
7	5	    0.00	    0.00	    0.00	    0.00	    0.00	    0.00	 2239.73	 4062.03	    0.00	    0.12	    0.00	    0.00	    0.00	    0.00	    0.13	 3338.29	  700.50	  438.50	  300.02	 1006.30	  100.06	  299.96	    0.00	    0.01
7	6	  921.23	  525.19	  105.43	  821.71	  313.62	 1358.99	    0.00	 5451.53	 1411.36	    3.03	    1.03	  909.85	   30.34	    0.00	    0.00	    0.00	    0.08	    0.00	    0.00	  500.00	    0.00	    0.00	    0.00	    0.00
7	8	    0.00	    0.00	    0.00	    0.00	    0.00	    0.00	  894.20	 3737.94	    0.00	    0.00	    0.00	    0.00	    0.00	    0.00	    0.00	 1242.09	    0.00	  260.39	    0.00	  693.24	    0.09	    0.07	    0.00	    0.00
7	15	  479.29	  574.60	  173.81	  690.67	  431.64	 1340.69	    0.00	 3448.50	  880.34	    0.00	    0.06	  464.12	    0.42	    0.00	    0.00	    0.00	    0.00	    0.00	    0.00	    0.00	    0.00	    0.00	    0.00	    0.00
8	4	    0.00	    0.00	    0.00	    0.00	    0.00	    0.00	  292.81	  543.36	 4100.27	 5874.63	    0.00	    0.00	    0.00	    0.00	 1648.50	  496.68	 1389.78	   60.41	  620.87	   93.97	   97.31	  598.90	    0.00	    0.00
8	7	    0.31	    0.04	   83.32	  471.76	  262.68	    0.09	    0.00	    0.00	 3091.55	 1602.82	  797.35	  354.06	  118.07	    0.00	    0.00	    0.00	    0.20	    0.00	    0.00	    0.02	    0.00	    0.00	    0.00	    0.00
8	9	 2497.54	  699.64	  520.27	 2884.50	 1852.15	 1000.24	    1.47	 2394.67	 9008.18	    0.00	    0.00	  551.91	  401.52	    0.00	    0.00	    1.07	    0.00	    0.27	    0.00	    0.27	    0.00	    0.00	    0.00	    0.00
9	8	    0.00	    0.00	    0.00	    0.00	    0.00	    0.00	    0.05	    0.00	    0.00	10277.45	 2196.89	    0.05	    0.05	  599.94	 2648.50	  655.60	 2289.98	    0.28	 1020.87	    1.00	  397.23	 1298.83	  499.95	    0.33
9	10	    0.00	    0.00	    0.00	    0.00	    0.00	    0.00	  499.80	  794.77	 1716.70	 8400.64	    0.00	    0.00	    0.00	    0.00	 1286.33	 1565.33	 1909.61	  199.94	  425.32	  431.39	    1.89	  505.53	    0.00	    0.00
9	14	  799.63	  100.05	   99.96	 1098.96	  597.37	  200.12	    0.00	    0.00	 3083.21	14617.71	 1917.02	  654.04	    3.61	    0.00	    0.00	    0.00	    0.78	    0.00	    0.00	    0.00	    0.00	    0.00	    0.00	    0.00
9	15	    0.00	    0.00	   20.76	   87.70	   54.81	    0.00	    0.00	    0.00	  508.42	 8003.67	 2160.01	  224.28	    0.48	    0.00	    0.00	    0.00	    0.00	    0.00	    0.00	    0.00	    0.00	    0.00	    0.00	    0.00
9	16	  399.46	    0.07	   99.98	  499.91	  199.96	    0.19	    0.08	    0.11	  899.84	 3900.53	  999.87	  599.89	  499.91	    0.06	    0.12	    0.11	    0.00	    0.05	    0.07	    0.14	    0.05	    0.14	    0.05	    0.02
10	3	    0.00	    0.00	    0.00	    0.00	    0.00	    0.00	    0.00	    0.00	    0.00	    1.40	 3404.12	    0.00	    0.00	 1199.89	    1.90	    0.00	    0.40	    0.00	    0.78	    0.00	    0.03	    1.03	  698.52	    0.06
10	9	    1.55	    0.44	    0.44	    2.07	    0.00	    0.00	    0.00	    0.00	    0.00	    0.00	11173.80	 2926.35	 2002.53	 1098.98	    0.00	    0.00	    0.00	    0.00	    0.00	    0.00	    0.00	    0.00	  349.38	   59.93
10	11	    0.00	    0.00	    0.00	    0.00	    0.00	    0.00	    0.00	    0.00	    0.10	 3224.08	 2400.72	    0.00	    0.00	  736.00	  656.03	  165.59	  909.31	    0.02	  280.91	    0.00	    0.00	    0.04	    0.04	    0.00
10	13	  300.48	  100.06	  100.07	  998.63	  199.64	  199.63	    0.00	    0.07	  317.24	 1175.33	 5321.37	 1045.75	   37.44	    0.00	    0.00	    0.00	    0.04	    0.00	    0.00	    0.00	    0.00	    0.00	    0.00	    0.00
11	2	    0.00	    0.00	    0.00	    0.00	    0.00	    0.00	    0.00	    0.00	    0.00	    0.00	    0.51	 4626.07	 3532.36	    0.40	    0.05	    0.00	    0.00	    0.00	    0.00	    0.00	  302.61	  500.22	  401.66	  599.62
11	10	    0.11	    0.04	    0.05	    0.08	    0.03	    0.07	    0.00	    0.00	    0.00	    0.00	    0.00	 5371.86	 3039.84	    0.00	    0.00	    0.00	    0.00	    0.00	    0.00	    0.00	    0.04	    0.00	    0.00	    0.41
11	12	 1399.91	  300.07	  299.98	 1002.42	  202.94	  300.45	   32.49	  600.00	  799.59	 1900.00	 1000.64	 3902.07	    0.00	   35.87	    6.51	    0.46	  499.96	    0.05	    2.57	    0.10	    0.00	    0.00	    0.00	    0.00
12	11	    0.00	    0.00	    0.00	    0.00	    0.00	    0.00	    0.06	    0.00	    0.00	    0.00	    0.00	    0.00	 7872.20	    0.14	    0.00	    0.06	    0.00	    1.17	    0.00	  499.88	  602.64	 1200.11	 1101.54	 1100.03
12	23	  899.91	    0.07	  199.98	  402.42	    2.94	  100.45	    0.00	    0.00	  199.59	    0.00	    0.64	 2602.07	 6727.80	    0.00	    0.00	    0.00	    0.00	    0.00	    0.00	    0.00	    0.00	    0.00	    0.00	    0.00
13	10	    0.00	    0.00	    0.00	    0.00	    0.00	    0.00	    0.11	    0.00	    0.00	    0.00	    0.00	    0.00	    0.00	 4634.80	  771.55	    0.15	    0.11	    0.04	  256.36	  168.59	  398.09	  595.50	 2347.89	  659.57
13	14	    0.40	    0.06	    0.05	    0.50	    0.05	    0.05	    0.00	    0.00	    0.00	    0.00	 1033.69	  345.55	   99.54	 6260.08	    0.00	    0.00	    0.00	    0.00	    0.00	    0.00	    0.00	    0.00	 1173.80	  128.05
13	22	    0.10	    0.01	    0.02	  498.15	   99.60	   99.58	    0.00	    0.00	  194.90	  817.98	 2687.74	    0.23	    0.29	 3205.12	  438.35	    0.00	  220.52	    0.00	  137.28	    0.00	    0.00	    0.00	    0.00	    0.00
14	9	    0.00	    0.00	    0.00	    0.00	    0.00	    0.00	    0.00	    0.00	    0.00	    0.00	    0.00	    0.00	    0.00	 1601.02	 7934.96	    0.29	    0.75	    0.05	 3246.07	 1764.01	 1599.17	 4404.50	 1950.61	  740.42
14	13	    0.00	    0.00	    0.00	    0.00	    0.00	    0.00	  199.54	  398.88	  477.66	 1742.65	    0.06	    0.00	    0.00	    0.00	 2509.90	  699.57	  920.59	   99.76	  693.63	  666.80	    1.05	  673.32	    0.00	    0.00
14	18	  300.03	    0.11	    0.01	  200.06	  100.03	    0.19	    0.02	    0.03	  400.14	 3292.98	  838.78	  300.05	  284.95	 2898.40	 5899.88	    0.05	    0.40	    0.01	    0.00	    0.05	  572.36	 2899.92	  899.98	  266.27
14	21	    0.00	    0.00	    0.00	  399.40	  297.40	    0.00	    0.00	    0.00	 1305.41	 5582.08	  711.87	    0.00	    0.00	  460.66	 5055.25	    0.22	 2514.89	    0.00	 2082.92	    0.00	    0.00	    0.00	    0.00	    0.00
15	7	    0.00	    0.00	    0.00	    0.00	    0.00	    0.00	    0.00	    0.00	    0.00	    0.26	    0.00	    0.00	    0.00	    0.55	    1.11	 6129.92	 1871.43	    0.05	    1.70	  500.11	    0.02	    0.03	    0.01	    0.01
15	9	    0.00	    0.05	    0.00	    0.00	    0.00	    0.07	 2398.25	    0.21	    0.00	    0.00	    0.00	    0.00	    0.00	    0.00	    0.00	 6618.69	    0.55	  899.87	    0.19	 1168.06	    0.00	    0.00	    0.00	    0.00
15	16	    0.53	  199.97	    0.01	    0.06	    0.03	  499.94	 1000.33	 1401.02	    0.11	    0.49	    0.09	    0.05	    0.00	    0.00	    0.00	 5959.13	    0.00	  600.14	    0.00	 1559.12	  350.47	    0.00	    0.00	  123.06
15	17	    0.04	    0.02	    0.00	    0.04	    0.01	    0.08	    0.00	    0.38	    0.20	 3604.50	  760.41	    0.22	    0.01	    0.03	    0.34	 7392.26	 3831.48	    0.00	    0.34	    0.00	    0.00	    0.00	    0.00	    0.00
16	9	    0.00	    0.00	    0.00	    0.00	    0.00	    0.00	    0.22	    0.00	    0.00	    0.00	    0.00	    0.00	    0.00	    0.00	    0.00	    1.00	 8099.07	    0.08	    0.00	    0.19	    0.00	    0.00	    0.00	    0.00
16	15	    0.00	    0.00	    0.00	    0.00	    0.00	    0.00	    0.00	    0.00	    0.00	    1.22	    0.31	    0.00	    0.00	  694.57	 1191.63	    0.00	 8503.36	    0.00	 1291.66	    0.00	    0.05	    0.10	    0.04	    0.03
16	18	    0.03	    0.07	    0.00	    0.02	    0.01	    0.13	    0.19	    1.13	    0.03	    0.15	    0.00	    0.00	    0.00	    0.00	    0.00	 3158.24	 6797.57	    0.10	    0.00	    0.00	    0.00	    0.00	    0.00	    0.00
17	6	    0.00	    0.00	    0.00	    0.00	    0.00	    0.00	    0.00	    0.00	    0.05	 1897.53	  499.09	    0.21	  369.84	  599.43	 1099.02	 2050.47	 1228.87	 1198.83	 1398.32	 2599.41	  700.14	 1300.01	  499.99	  300.00
17	15	   21.28	   25.44	    5.43	   21.73	   13.58	   59.40	 4798.58	  153.11	   11.56	    0.36	    0.11	   11.87	  599.11	    6.01	    9.82	    0.00	    0.11	 2000.06	   10.56	 4827.28	  950.43	 1199.93	  499.97	  423.04
17	19	  299.99	  299.77	    0.00	  300.02	  100.05	  799.67	 2967.49	 3998.80	  600.01	 1007.47	  161.34	    0.12	    0.06	    0.00	    0.00	 4841.80	 2002.64	 1601.11	    0.00	    0.00	    0.00	    0.00	    0.00	    0.00
18	14	    0.00	    0.01	    0.00	    0.00	    0.00	    0.02	  699.50	  998.83	    0.00	    0.00	    0.00	    0.00	    0.00	    0.00	    0.00	 1899.98	 4935.84	  299.80	 6822.62	 3530.42	    0.15	    0.37	    0.16	    0.07
18	16	    0.04	    0.02	    0.01	    0.05	    0.02	    0.00	    0.00	    0.00	    0.08	    0.35	    0.35	    0.05	    0.09	 1394.51	 2691.50	    0.00	    0.00	    0.00	 2991.60	  140.93	  249.54	 1699.96	  599.99	  176.95
18	19	    0.02	    0.00	    0.00	    0.04	    0.02	    0.02	    0.00	    0.00	    0.09	 1492.78	  438.43	    0.00	    0.00	 1203.90	 2408.38	    0.00	  162.13	    0.00	 2985.78	    0.00	    0.00	    0.00	    0.00	    0.00
19	17	    0.00	    0.00	    0.00	    0.00	    0.00	    0.00	    0.00	    0.00	    0.00	    0.31	    0.01	    1.92	 1068.82	  705.41	 1308.50	    0.00	    0.14	    0.00	 1708.54	 7826.69	 1750.57	 2799.93	 1099.96	  723.04
19	18	    0.00	   99.85	    0.00	    0.00	    0.00	  199.72	 1099.30	 1697.67	    0.00	    0.00	    0.00	    0.00	   15.14	    0.01	    0.00	   41.69	    0.00	  599.68	    0.00	 4871.30	   77.33	    0.42	    0.17	   10.75
19	20	    0.00	    0.00	    0.00	    0.04	    0.06	  100.01	  667.71	  600.18	    0.04	    0.05	    0.02	    0.01	    0.02	    0.02	    0.03	 1499.83	  464.60	  201.20	   77.34	 2700.34	    0.00	    0.07	    0.03	    0.02
19	21	    0.00	   99.92	    0.00	    0.02	    0.01	  199.96	  700.49	  800.96	    0.06	    0.21	    0.04	    0.00	    0.00	    0.00	    0.16	 1700.28	    0.10	  400.23	    0.08	 3101.67	    0.17	    0.00	    0.00	    0.00
20	19	    0.00	    0.00	    0.00	    0.00	    0.00	    0.00	    0.00	    0.00	    0.00	    0.10	    0.03	  401.79	 1683.82	    0.08	    0.16	    0.00	    0.07	    0.00	    0.18	    0.00	 3028.06	    0.23	    1.52	 1133.53
20	21	  262.13	    0.06	   65.53	    0.22	    0.00	    0.03	    0.06	    0.08	    0.00	    0.00	    0.00	  459.20	 1461.18	    0.00	    0.00	    0.16	    0.00	    0.03	    0.00	    0.40	 4773.51	    0.00	    0.44	 1592.82
20	23	    0.00	    0.00	    0.00	    0.00	    0.00	    0.02	  467.65	  200.10	    0.12	  477.69	    0.00	    0.00	    0.00	    0.00	  678.12	  899.76	  208.66	  101.17	  250.21	 1499.94	 3198.43	 2331.85	    0.00	    0.00
21	14	    0.00	    0.00	    0.00	    0.00	    0.00	    0.00	    0.06	    0.08	    0.00	    0.00	    0.00	    0.47	  881.80	    0.00	    0.00	    0.15	    0.00	    0.03	    0.00	    0.44	 2972.43	10577.36	 2676.65	 1278.57
21	19	    0.00	    0.00	    0.00	    0.00	    0.00	    0.00	    0.00	    0.00	    0.00	    0.21	    0.27	    0.03	    0.10	    1.46	    0.15	    0.00	    0.00	    0.00	    0.00	    0.00	    0.00	 5200.19	 1798.64	    0.28
21	20	    0.01	    0.00	    0.00	    0.02	   97.45	    0.00	    0.00	    0.00	  300.08	 1677.75	    1.76	    0.03	    0.06	    0.30	 1478.25	    0.08	  344.14	    0.00	  573.05	    0.00	    0.00	 4132.01	    0.53	    0.00
21	22	    0.00	    0.00	    0.00	    0.00	    0.00	    0.01	  200.49	  300.95	  305.39	 1304.34	    0.00	    0.00	    0.00	    0.00	  977.02	  500.42	  470.86	  100.24	  309.94	  701.62	    1.25	 4490.43	    0.00	    0.00
22	13	    0.01	    0.00	    0.00	    0.02	    0.00	    0.00	    0.56	    1.06	    0.00	    0.00	    0.00	    0.03	  662.39	    0.00	    0.00	    0.58	    0.00	    0.28	    0.01	    1.79	  797.04	 1122.18	 4621.68	 1187.61
22	21	  137.88	    0.02	   34.47	    0.38	    0.04	    0.02	    0.00	    0.00	    0.00	    0.00	  390.13	  241.33	  720.78	  741.10	    0.00	    0.00	    0.00	    0.00	    0.00	    0.00	    0.00	    0.00	 6575.37	  786.03
22	23	    0.01	    0.00	    0.00	    0.02	    0.00	    0.01	    0.02	    0.05	    0.29	  322.31	  997.66	    0.05	    0.00	 1364.02	  415.37	    0.10	   91.38	    0.00	  147.22	    0.17	    0.06	 1268.34	 3302.95	    0.00
23	12	    0.00	    0.00	    0.00	    0.00	    0.00	    0.00	  367.58	    0.00	    0.00	    0.00	    0.00	    0.00	    0.00	  564.26	  693.49	  599.60	    0.04	  101.12	  297.43	 1099.78	 1202.64	 2500.11	 1901.54	 1800.03
23	20	  362.12	    0.06	   65.53	  200.17	    2.49	    0.03	    0.00	    0.00	    0.00	    0.00	  398.25	 1160.95	 3744.92	  399.76	    0.00	    0.00	    0.00	    0.00	    0.00	    0.00	    0.00	    0.00	  701.41	 3226.33
23	22	  437.80	    0.02	  134.45	    2.27	    0.45	    0.45	    0.10	    0.15	    0.00	    0.00	    0.05	  941.17	 2182.88	    0.00	    0.00	    0.25	    0.00	    0.05	    0.00	    0.33	 1495.84	    0.09	    0.00	 2673.64
