i	j	o18d0l4
0	1	 4507.38
0	2	 7839.61
1	0	 4539.77
1	5	 5968.36
2	0	 7807.22
2	3	14030.36
2	11	10048.40
3	2	14046.52
3	4	18026.83
3	10	 5210.32
4	3	18046.23
4	5	 8796.12
4	8	15786.03
5	1	 6000.75
5	4	 8799.83
5	7	12503.11
6	7	12127.47
6	17	15951.81
7	5	12539.22
7	6	12064.78
7	8	 6897.74
7	15	 8391.58
8	4	15801.71
8	7	 6853.18
8	9	21734.80
9	8	21805.93
9	10	17725.53
9	14	23108.17
9	15	11059.32
9	16	 8100.58
10	3	 5307.07
10	9	17607.80
10	11	 8363.54
10	13	 9769.50
11	2	 9999.85
11	10	 8404.18
11	12	12313.83
12	11	12405.93
12	23	11108.42
13	10	 9807.88
13	14	 9033.80
13	22	 8409.50
14	9	23173.07
14	13	 9077.88
14	18	19081.92
14	21	18422.91
15	7	 8409.56
15	9	11083.84
15	16	11730.11
15	17	15182.24
16	9	 8100.02
16	15	11718.22
16	18	 9955.21
17	6	16014.49
17	15	15236.63
17	19	19160.99
18	14	19115.67
18	16	 9942.76
18	19	 8728.88
19	17	19178.06
19	18	 8750.19
19	20	 6265.49
19	21	 7001.79
20	19	 6203.98
20	21	 8648.12
20	23	10298.16
21	14	18398.13
21	19	 7001.67
21	20	 8637.65
21	22	 9658.10
22	13	 8403.80
22	21	 9622.73
22	23	 7899.17
23	12	11100.52
23	20	10247.13
23	22	 7858.11
