0.000000000000000000e+00 1.000000000000000000e+00 4.503878726372579877e+03
0.000000000000000000e+00 2.000000000000000000e+00 8.128842314216301929e+03
1.000000000000000000e+00 0.000000000000000000e+00 4.529347290666084518e+03
1.000000000000000000e+00 5.000000000000000000e+00 5.968268505861093217e+03
2.000000000000000000e+00 0.000000000000000000e+00 8.103373749922783645e+03
2.000000000000000000e+00 3.000000000000000000e+00 1.401911821489413887e+04
2.000000000000000000e+00 1.100000000000000000e+01 1.003600308334594411e+04
3.000000000000000000e+00 2.000000000000000000e+00 1.404179885211383953e+04
3.000000000000000000e+00 4.000000000000000000e+00 1.801850284622039908e+04
3.000000000000000000e+00 1.000000000000000000e+01 5.207489984100334368e+03
4.000000000000000000e+00 3.000000000000000000e+00 1.804093502789513150e+04
4.000000000000000000e+00 5.000000000000000000e+00 8.796975682989270354e+03
4.000000000000000000e+00 8.000000000000000000e+00 1.578089080120876497e+04
5.000000000000000000e+00 1.000000000000000000e+00 5.993737070154596950e+03
5.000000000000000000e+00 4.000000000000000000e+00 8.802845747489134737e+03
5.000000000000000000e+00 7.000000000000000000e+00 1.250060152701784864e+04
6.000000000000000000e+00 7.000000000000000000e+00 1.211988173033767453e+04
6.000000000000000000e+00 1.700000000000000000e+01 1.582383221820996914e+04
7.000000000000000000e+00 5.000000000000000000e+00 1.253194015581121494e+04
7.000000000000000000e+00 6.000000000000000000e+00 1.206511610829744131e+04
7.000000000000000000e+00 8.000000000000000000e+00 6.895305592912644897e+03
7.000000000000000000e+00 1.500000000000000000e+01 8.384471003483711684e+03
8.000000000000000000e+00 4.000000000000000000e+00 1.579745291838364392e+04
8.000000000000000000e+00 7.000000000000000000e+00 6.848683222746687534e+03
8.000000000000000000e+00 9.000000000000000000e+00 2.173413186249138016e+04
9.000000000000000000e+00 8.000000000000000000e+00 2.180407160950030084e+04
9.000000000000000000e+00 1.000000000000000000e+01 1.772553285819654775e+04
9.000000000000000000e+00 1.400000000000000000e+01 2.310776813402130210e+04
9.000000000000000000e+00 1.500000000000000000e+01 1.105412632589681743e+04
9.000000000000000000e+00 1.600000000000000000e+01 8.100246917070946438e+03
1.000000000000000000e+01 3.000000000000000000e+00 5.307738439645285325e+03
1.000000000000000000e+01 9.000000000000000000e+00 1.760133549870494608e+04
1.000000000000000000e+01 1.100000000000000000e+01 8.364533411879723644e+03
1.000000000000000000e+01 1.300000000000000000e+01 9.773680645797907346e+03
1.100000000000000000e+01 2.000000000000000000e+00 9.987853881832743355e+03
1.100000000000000000e+01 1.000000000000000000e+01 8.405151613995021762e+03
1.100000000000000000e+01 1.200000000000000000e+01 1.230384416996931031e+04
1.200000000000000000e+01 1.100000000000000000e+01 1.239631317057140768e+04
1.200000000000000000e+01 2.300000000000000000e+01 1.111724130892715038e+04
1.300000000000000000e+01 1.000000000000000000e+01 9.809113539735961240e+03
1.300000000000000000e+01 1.400000000000000000e+01 9.037335278249545809e+03
1.300000000000000000e+01 2.200000000000000000e+01 8.388643959560624353e+03
1.400000000000000000e+01 9.000000000000000000e+00 2.317640433963026953e+04
1.400000000000000000e+01 1.300000000000000000e+01 9.077523865897523137e+03
1.400000000000000000e+01 1.800000000000000000e+01 1.932916794176446638e+04
1.400000000000000000e+01 2.100000000000000000e+01 1.838776486719187233e+04
1.500000000000000000e+01 7.000000000000000000e+00 8.407666380402797586e+03
1.500000000000000000e+01 9.000000000000000000e+00 1.107973185778101288e+04
1.500000000000000000e+01 1.600000000000000000e+01 1.168387373505123105e+04
1.500000000000000000e+01 1.700000000000000000e+01 1.504236456817618091e+04
1.600000000000000000e+01 9.000000000000000000e+00 8.100142286078329562e+03
1.600000000000000000e+01 1.500000000000000000e+01 1.167184724518315488e+04
1.600000000000000000e+01 1.800000000000000000e+01 9.948363962899629769e+03
1.700000000000000000e+01 6.000000000000000000e+00 1.587859784025019508e+04
1.700000000000000000e+01 1.500000000000000000e+01 1.510319196684754388e+04
1.700000000000000000e+01 1.900000000000000000e+01 1.902663331792686222e+04
1.800000000000000000e+01 1.400000000000000000e+01 1.936195804176928868e+04
1.800000000000000000e+01 1.600000000000000000e+01 9.936232842038942181e+03
1.800000000000000000e+01 1.900000000000000000e+01 8.682224437196104191e+03
1.900000000000000000e+01 1.700000000000000000e+01 1.904222633863845476e+04
1.900000000000000000e+01 1.800000000000000000e+01 8.702883416340220720e+03
1.900000000000000000e+01 2.000000000000000000e+01 6.331546325704636729e+03
1.900000000000000000e+01 2.100000000000000000e+01 7.002940513434258719e+03
2.000000000000000000e+01 1.900000000000000000e+01 6.268829969682146839e+03
2.000000000000000000e+01 2.100000000000000000e+01 8.595024797390204185e+03
2.000000000000000000e+01 2.300000000000000000e+01 1.030985693431022628e+04
2.100000000000000000e+01 1.400000000000000000e+01 1.836379956044400024e+04
2.100000000000000000e+01 1.900000000000000000e+01 7.001908869312461320e+03
2.100000000000000000e+01 2.000000000000000000e+01 8.583240021337283906e+03
2.100000000000000000e+01 2.200000000000000000e+01 9.658649237746913059e+03
2.200000000000000000e+01 1.300000000000000000e+01 8.383888265850691823e+03
2.200000000000000000e+01 2.100000000000000000e+01 9.621867510824316923e+03
2.200000000000000000e+01 2.300000000000000000e+01 7.898367714281919689e+03
2.300000000000000000e+01 1.200000000000000000e+01 1.110971030952924229e+04
2.300000000000000000e+01 2.000000000000000000e+01 1.025892535434065758e+04
2.300000000000000000e+01 2.200000000000000000e+01 7.856830293649381019e+03
