0.000000000000000000e+00 1.000000000000000000e+00 4.515115723504550260e+03
0.000000000000000000e+00 2.000000000000000000e+00 8.137740580187666637e+03
1.000000000000000000e+00 0.000000000000000000e+00 4.538816127286226219e+03
1.000000000000000000e+00 5.000000000000000000e+00 5.989402661238241308e+03
2.000000000000000000e+00 0.000000000000000000e+00 8.114040176405995226e+03
2.000000000000000000e+00 3.000000000000000000e+00 1.415322405660755976e+04
2.000000000000000000e+00 1.100000000000000000e+01 1.019255423922661976e+04
3.000000000000000000e+00 2.000000000000000000e+00 1.417792482100695815e+04
3.000000000000000000e+00 4.000000000000000000e+00 1.814933103884145385e+04
3.000000000000000000e+00 1.000000000000000000e+01 5.210490031856321366e+03
4.000000000000000000e+00 3.000000000000000000e+00 1.817685357341277268e+04
4.000000000000000000e+00 5.000000000000000000e+00 8.795859310633830319e+03
4.000000000000000000e+00 8.000000000000000000e+00 1.582069216227238212e+04
5.000000000000000000e+00 1.000000000000000000e+00 6.013103065019920905e+03
5.000000000000000000e+00 4.000000000000000000e+00 8.804631928716127732e+03
5.000000000000000000e+00 7.000000000000000000e+00 1.251133492535952246e+04
6.000000000000000000e+00 7.000000000000000000e+00 1.212104062351514403e+04
6.000000000000000000e+00 1.700000000000000000e+01 1.593712789655871711e+04
7.000000000000000000e+00 5.000000000000000000e+00 1.254380794722349856e+04
7.000000000000000000e+00 6.000000000000000000e+00 1.206053430761213167e+04
7.000000000000000000e+00 8.000000000000000000e+00 6.891416465721976238e+03
7.000000000000000000e+00 1.500000000000000000e+01 8.395814957895585394e+03
8.000000000000000000e+00 4.000000000000000000e+00 1.583944207876140536e+04
8.000000000000000000e+00 7.000000000000000000e+00 6.844949130560953563e+03
8.000000000000000000e+00 9.000000000000000000e+00 2.177469188480318189e+04
9.000000000000000000e+00 8.000000000000000000e+00 2.184697446613117427e+04
9.000000000000000000e+00 1.000000000000000000e+01 1.764831524936694404e+04
9.000000000000000000e+00 1.400000000000000000e+01 2.318504083964552774e+04
9.000000000000000000e+00 1.500000000000000000e+01 1.105261654595939945e+04
9.000000000000000000e+00 1.600000000000000000e+01 8.100631174270124575e+03
1.000000000000000000e+01 3.000000000000000000e+00 5.307668261684409117e+03
1.000000000000000000e+01 9.000000000000000000e+00 1.752860648498872979e+04
1.000000000000000000e+01 1.100000000000000000e+01 8.420508862288250384e+03
1.000000000000000000e+01 1.300000000000000000e+01 9.798492840072089166e+03
1.100000000000000000e+01 2.000000000000000000e+00 1.014415307104554267e+04
1.100000000000000000e+01 1.000000000000000000e+01 8.459836168491545322e+03
1.100000000000000000e+01 1.200000000000000000e+01 1.251453783490475325e+04
1.200000000000000000e+01 1.100000000000000000e+01 1.260546397292695838e+04
1.200000000000000000e+01 2.300000000000000000e+01 1.100942271945366156e+04
1.300000000000000000e+01 1.000000000000000000e+01 9.836634999318663176e+03
1.300000000000000000e+01 1.400000000000000000e+01 8.999613714601162428e+03
1.300000000000000000e+01 2.200000000000000000e+01 8.257690555326429603e+03
1.400000000000000000e+01 9.000000000000000000e+00 2.325141500758520488e+04
1.400000000000000000e+01 1.300000000000000000e+01 9.044677156763402309e+03
1.400000000000000000e+01 1.800000000000000000e+01 1.886049756039286149e+04
1.400000000000000000e+01 2.100000000000000000e+01 1.814548470182561505e+04
1.500000000000000000e+01 7.000000000000000000e+00 8.414248999017570895e+03
1.500000000000000000e+01 9.000000000000000000e+00 1.107856528498428816e+04
1.500000000000000000e+01 1.600000000000000000e+01 1.170391081846332418e+04
1.500000000000000000e+01 1.700000000000000000e+01 1.545423497749720809e+04
1.600000000000000000e+01 9.000000000000000000e+00 8.100299613011764450e+03
1.600000000000000000e+01 1.500000000000000000e+01 1.169399933577827687e+04
1.600000000000000000e+01 1.800000000000000000e+01 9.959014058124927033e+03
1.700000000000000000e+01 6.000000000000000000e+00 1.599763421246172584e+04
1.700000000000000000e+01 1.500000000000000000e+01 1.550852924032911869e+04
1.700000000000000000e+01 1.900000000000000000e+01 1.913753026926966777e+04
1.800000000000000000e+01 1.400000000000000000e+01 1.889513161665973530e+04
1.800000000000000000e+01 1.600000000000000000e+01 9.948771014181547798e+03
1.800000000000000000e+01 1.900000000000000000e+01 8.701994316382979378e+03
1.900000000000000000e+01 1.700000000000000000e+01 1.915233084800456709e+04
1.900000000000000000e+01 1.800000000000000000e+01 8.726385328706459404e+03
1.900000000000000000e+01 2.000000000000000000e+01 6.491741077467886498e+03
1.900000000000000000e+01 2.100000000000000000e+01 7.003839460080967001e+03
2.000000000000000000e+01 1.900000000000000000e+01 6.432217942191942711e+03
2.000000000000000000e+01 2.100000000000000000e+01 9.234088668770080403e+03
2.000000000000000000e+01 2.300000000000000000e+01 1.040312473639510426e+04
2.100000000000000000e+01 1.400000000000000000e+01 1.812228825566070009e+04
2.100000000000000000e+01 1.900000000000000000e+01 7.002554186415296499e+03
2.100000000000000000e+01 2.000000000000000000e+01 9.224275530519489621e+03
2.100000000000000000e+01 2.200000000000000000e+01 9.621560935624289414e+03
2.200000000000000000e+01 1.300000000000000000e+01 8.250769272410767371e+03
2.200000000000000000e+01 2.100000000000000000e+01 9.587266077543088613e+03
2.200000000000000000e+01 2.300000000000000000e+01 8.981939928846795738e+03
2.300000000000000000e+01 1.200000000000000000e+01 1.100034885747586850e+04
2.300000000000000000e+01 2.000000000000000000e+01 1.035341473936976217e+04
2.300000000000000000e+01 2.200000000000000000e+01 8.940723787849929067e+03
