0.000000000000000000e+00 1.000000000000000000e+00 4.601523982784103282e+03
0.000000000000000000e+00 2.000000000000000000e+00 8.222147008864787495e+03
1.000000000000000000e+00 0.000000000000000000e+00 4.623238109032980901e+03
1.000000000000000000e+00 5.000000000000000000e+00 5.799551482661496266e+03
2.000000000000000000e+00 0.000000000000000000e+00 8.200432882615912604e+03
2.000000000000000000e+00 3.000000000000000000e+00 1.419388523928511495e+04
2.000000000000000000e+00 1.100000000000000000e+01 1.004179256704957697e+04
3.000000000000000000e+00 2.000000000000000000e+00 1.421837157107793610e+04
3.000000000000000000e+00 4.000000000000000000e+00 1.819235339008858136e+04
3.000000000000000000e+00 1.000000000000000000e+01 5.209450476902330593e+03
4.000000000000000000e+00 3.000000000000000000e+00 1.821772058973954336e+04
4.000000000000000000e+00 5.000000000000000000e+00 8.724243078622077519e+03
4.000000000000000000e+00 8.000000000000000000e+00 1.576084963894657085e+04
5.000000000000000000e+00 1.000000000000000000e+00 5.821265608910369338e+03
5.000000000000000000e+00 4.000000000000000000e+00 8.731420594254137541e+03
5.000000000000000000e+00 7.000000000000000000e+00 1.252565446730623080e+04
6.000000000000000000e+00 7.000000000000000000e+00 1.211466899146035394e+04
6.000000000000000000e+00 1.700000000000000000e+01 1.579933969189036907e+04
7.000000000000000000e+00 5.000000000000000000e+00 1.255454610918716571e+04
7.000000000000000000e+00 6.000000000000000000e+00 1.205910254193801120e+04
7.000000000000000000e+00 8.000000000000000000e+00 6.868929651461625326e+03
7.000000000000000000e+00 1.500000000000000000e+01 8.392681132590336347e+03
8.000000000000000000e+00 4.000000000000000000e+00 1.577903932296546918e+04
8.000000000000000000e+00 7.000000000000000000e+00 6.826057834829693093e+03
8.000000000000000000e+00 9.000000000000000000e+00 2.173182630137087835e+04
9.000000000000000000e+00 8.000000000000000000e+00 2.180714416875783718e+04
9.000000000000000000e+00 1.000000000000000000e+01 1.772360694484232590e+04
9.000000000000000000e+00 1.400000000000000000e+01 2.311871023748092193e+04
9.000000000000000000e+00 1.500000000000000000e+01 1.104285599435241056e+04
9.000000000000000000e+00 1.600000000000000000e+01 8.100501840923734562e+03
1.000000000000000000e+01 3.000000000000000000e+00 5.308569609044191566e+03
1.000000000000000000e+01 9.000000000000000000e+00 1.760317262057691187e+04
1.000000000000000000e+01 1.100000000000000000e+01 8.365013264891067593e+03
1.000000000000000000e+01 1.300000000000000000e+01 9.772836547404533121e+03
1.100000000000000000e+01 2.000000000000000000e+00 9.995592109007884574e+03
1.100000000000000000e+01 1.000000000000000000e+01 8.403018937405806355e+03
1.100000000000000000e+01 1.200000000000000000e+01 1.230571273892694444e+04
1.200000000000000000e+01 1.100000000000000000e+01 1.239751795339997807e+04
1.200000000000000000e+01 2.300000000000000000e+01 1.111580348726403099e+04
1.300000000000000000e+01 1.000000000000000000e+01 9.813515682766237660e+03
1.300000000000000000e+01 1.400000000000000000e+01 9.036127276851830175e+03
1.300000000000000000e+01 2.200000000000000000e+01 8.398671128729263728e+03
1.400000000000000000e+01 9.000000000000000000e+00 2.318732489885925679e+04
1.400000000000000000e+01 1.300000000000000000e+01 9.081574580546088328e+03
1.400000000000000000e+01 1.800000000000000000e+01 1.906577740899527998e+04
1.400000000000000000e+01 2.100000000000000000e+01 1.840087189788163596e+04
1.500000000000000000e+01 7.000000000000000000e+00 8.408878141580868032e+03
1.500000000000000000e+01 9.000000000000000000e+00 1.106993140768352532e+04
1.500000000000000000e+01 1.600000000000000000e+01 1.168810802764287837e+04
1.500000000000000000e+01 1.700000000000000000e+01 1.529760848665823505e+04
1.600000000000000000e+01 9.000000000000000000e+00 8.100563957866667806e+03
1.600000000000000000e+01 1.500000000000000000e+01 1.167371449759014467e+04
1.600000000000000000e+01 1.800000000000000000e+01 9.954636947012721066e+03
1.700000000000000000e+01 6.000000000000000000e+00 1.585490614141271362e+04
1.700000000000000000e+01 1.500000000000000000e+01 1.535527443903263702e+04
1.700000000000000000e+01 1.900000000000000000e+01 1.898912841305470647e+04
1.800000000000000000e+01 1.400000000000000000e+01 1.910322546946893272e+04
1.800000000000000000e+01 1.600000000000000000e+01 9.940305533902916068e+03
1.800000000000000000e+01 1.900000000000000000e+01 8.684507015630948445e+03
1.900000000000000000e+01 1.700000000000000000e+01 1.900236081495144390e+04
1.900000000000000000e+01 1.800000000000000000e+01 8.707623662994790720e+03
1.900000000000000000e+01 2.000000000000000000e+01 6.303619985121618811e+03
1.900000000000000000e+01 2.100000000000000000e+01 7.003863136633708564e+03
2.000000000000000000e+01 1.900000000000000000e+01 6.241640761241021210e+03
2.000000000000000000e+01 2.100000000000000000e+01 8.616920736446372757e+03
2.000000000000000000e+01 2.300000000000000000e+01 1.030406059743197693e+04
2.100000000000000000e+01 1.400000000000000000e+01 1.837748580248055805e+04
2.100000000000000000e+01 1.900000000000000000e+01 7.002191409774907697e+03
2.100000000000000000e+01 2.000000000000000000e+01 8.605961464183275893e+03
2.100000000000000000e+01 2.200000000000000000e+01 9.657780280403690995e+03
2.200000000000000000e+01 1.300000000000000000e+01 8.393902960396686467e+03
2.200000000000000000e+01 2.100000000000000000e+01 9.621763185880725359e+03
2.200000000000000000e+01 2.300000000000000000e+01 7.899634085894438613e+03
2.300000000000000000e+01 1.200000000000000000e+01 1.110760870173706462e+04
2.300000000000000000e+01 2.000000000000000000e+01 1.025304064581446437e+04
2.300000000000000000e+01 2.200000000000000000e+01 7.858848823038899354e+03
