0.000000000000000000e+00 1.000000000000000000e+00 4.494607389987095303e+03
0.000000000000000000e+00 2.000000000000000000e+00 8.119301836184994499e+03
1.000000000000000000e+00 0.000000000000000000e+00 4.519914281840676267e+03
1.000000000000000000e+00 5.000000000000000000e+00 5.965997612949890936e+03
2.000000000000000000e+00 0.000000000000000000e+00 8.093994944331416264e+03
2.000000000000000000e+00 3.000000000000000000e+00 1.402268730619902635e+04
2.000000000000000000e+00 1.100000000000000000e+01 1.004233971227085931e+04
3.000000000000000000e+00 2.000000000000000000e+00 1.404851284935501644e+04
3.000000000000000000e+00 4.000000000000000000e+00 1.801956752091029557e+04
3.000000000000000000e+00 1.000000000000000000e+01 5.209409350065986473e+03
4.000000000000000000e+00 3.000000000000000000e+00 1.804399786439818126e+04
4.000000000000000000e+00 5.000000000000000000e+00 8.797169170295972435e+03
4.000000000000000000e+00 8.000000000000000000e+00 1.578728763047023858e+04
5.000000000000000000e+00 1.000000000000000000e+00 5.991304504803473719e+03
5.000000000000000000e+00 4.000000000000000000e+00 8.805309793603588332e+03
5.000000000000000000e+00 7.000000000000000000e+00 1.249135384312264250e+04
6.000000000000000000e+00 7.000000000000000000e+00 1.210304267590258314e+04
6.000000000000000000e+00 1.700000000000000000e+01 1.579853932463287856e+04
7.000000000000000000e+00 5.000000000000000000e+00 1.252480135828384300e+04
7.000000000000000000e+00 6.000000000000000000e+00 1.204255935223185406e+04
7.000000000000000000e+00 8.000000000000000000e+00 6.879945677762623745e+03
7.000000000000000000e+00 1.500000000000000000e+01 8.385042227617843309e+03
8.000000000000000000e+00 4.000000000000000000e+00 1.580357735065052475e+04
8.000000000000000000e+00 7.000000000000000000e+00 6.836322839063754145e+03
8.000000000000000000e+00 9.000000000000000000e+00 2.174929389035213899e+04
9.000000000000000000e+00 8.000000000000000000e+00 2.182196077183351372e+04
9.000000000000000000e+00 1.000000000000000000e+01 1.772673972776560913e+04
9.000000000000000000e+00 1.400000000000000000e+01 2.313012707646972922e+04
9.000000000000000000e+00 1.500000000000000000e+01 1.104634579314457369e+04
9.000000000000000000e+00 1.600000000000000000e+01 8.100584575658743233e+03
1.000000000000000000e+01 3.000000000000000000e+00 5.310804549734079956e+03
1.000000000000000000e+01 9.000000000000000000e+00 1.760695004567996148e+04
1.000000000000000000e+01 1.100000000000000000e+01 8.364140863859185629e+03
1.000000000000000000e+01 1.300000000000000000e+01 9.776894790862776063e+03
1.100000000000000000e+01 2.000000000000000000e+00 9.991207277261288255e+03
1.100000000000000000e+01 1.000000000000000000e+01 8.405384815116180107e+03
1.100000000000000000e+01 1.200000000000000000e+01 1.230548280349178094e+04
1.200000000000000000e+01 1.100000000000000000e+01 1.239559431973920255e+04
1.200000000000000000e+01 2.300000000000000000e+01 1.112076282648193592e+04
1.300000000000000000e+01 1.000000000000000000e+01 9.817256357188252878e+03
1.300000000000000000e+01 1.400000000000000000e+01 9.035185843944242151e+03
1.300000000000000000e+01 2.200000000000000000e+01 8.397530346171975907e+03
1.400000000000000000e+01 9.000000000000000000e+00 2.319728896621282547e+04
1.400000000000000000e+01 1.300000000000000000e+01 9.078347901829509283e+03
1.400000000000000000e+01 1.800000000000000000e+01 1.908715513870994255e+04
1.400000000000000000e+01 2.100000000000000000e+01 1.840319408676832245e+04
1.500000000000000000e+01 7.000000000000000000e+00 8.401629257807197064e+03
1.500000000000000000e+01 9.000000000000000000e+00 1.107161501810773552e+04
1.500000000000000000e+01 1.600000000000000000e+01 1.168451247882260577e+04
1.500000000000000000e+01 1.700000000000000000e+01 1.528706357924233816e+04
1.600000000000000000e+01 9.000000000000000000e+00 8.100610024519512990e+03
1.600000000000000000e+01 1.500000000000000000e+01 1.167594775803848461e+04
1.600000000000000000e+01 1.800000000000000000e+01 9.951061323241427090e+03
1.700000000000000000e+01 6.000000000000000000e+00 1.585902264830360400e+04
1.700000000000000000e+01 1.500000000000000000e+01 1.533748455517898947e+04
1.700000000000000000e+01 1.900000000000000000e+01 1.899031347020060275e+04
1.800000000000000000e+01 1.400000000000000000e+01 1.912117365426672404e+04
1.800000000000000000e+01 1.600000000000000000e+01 9.942522051318073864e+03
1.800000000000000000e+01 1.900000000000000000e+01 8.684843665189371677e+03
1.900000000000000000e+01 1.700000000000000000e+01 1.900121776980797949e+04
1.900000000000000000e+01 1.800000000000000000e+01 8.710322908822792670e+03
1.900000000000000000e+01 2.000000000000000000e+01 6.302440185767775802e+03
1.900000000000000000e+01 2.100000000000000000e+01 7.003684456874027092e+03
2.000000000000000000e+01 1.900000000000000000e+01 6.240349964567634743e+03
2.000000000000000000e+01 2.100000000000000000e+01 8.620296079981846560e+03
2.000000000000000000e+01 2.300000000000000000e+01 1.030616522144212286e+04
2.100000000000000000e+01 1.400000000000000000e+01 1.837949951883987524e+04
2.100000000000000000e+01 1.900000000000000000e+01 7.002158221314959519e+03
2.100000000000000000e+01 2.000000000000000000e+01 8.607943749972348087e+03
2.100000000000000000e+01 2.200000000000000000e+01 9.661004844175880862e+03
2.200000000000000000e+01 1.300000000000000000e+01 8.394729854612172858e+03
2.200000000000000000e+01 2.100000000000000000e+01 9.623431710678907621e+03
2.200000000000000000e+01 2.300000000000000000e+01 7.900421759250998548e+03
2.300000000000000000e+01 1.200000000000000000e+01 1.111087434272936298e+04
2.300000000000000000e+01 2.000000000000000000e+01 1.025642733025145753e+04
2.300000000000000000e+01 2.200000000000000000e+01 7.860048134194222257e+03
