0.000000000000000000e+00 1.000000000000000000e+00 4.495196989076231148e+03
0.000000000000000000e+00 2.000000000000000000e+00 8.113895244656905561e+03
1.000000000000000000e+00 0.000000000000000000e+00 4.514799249944995609e+03
1.000000000000000000e+00 5.000000000000000000e+00 5.970940893069657250e+03
2.000000000000000000e+00 0.000000000000000000e+00 8.094292983788150195e+03
2.000000000000000000e+00 3.000000000000000000e+00 1.401328468332588818e+04
2.000000000000000000e+00 1.100000000000000000e+01 1.003716298027822268e+04
3.000000000000000000e+00 2.000000000000000000e+00 1.404567481191182196e+04
3.000000000000000000e+00 4.000000000000000000e+00 1.801174837540033332e+04
3.000000000000000000e+00 1.000000000000000000e+01 5.210664812685206925e+03
4.000000000000000000e+00 3.000000000000000000e+00 1.804650582019025751e+04
4.000000000000000000e+00 5.000000000000000000e+00 8.796588042201165081e+03
4.000000000000000000e+00 8.000000000000000000e+00 1.578518241397864767e+04
5.000000000000000000e+00 1.000000000000000000e+00 5.990543153938421710e+03
5.000000000000000000e+00 4.000000000000000000e+00 8.803139313282261355e+03
5.000000000000000000e+00 7.000000000000000000e+00 1.249127418709178164e+04
6.000000000000000000e+00 7.000000000000000000e+00 1.208639235950865441e+04
6.000000000000000000e+00 1.700000000000000000e+01 1.580884282072620226e+04
7.000000000000000000e+00 5.000000000000000000e+00 1.251742771904163965e+04
7.000000000000000000e+00 6.000000000000000000e+00 1.204181696853539324e+04
7.000000000000000000e+00 8.000000000000000000e+00 6.866117801917382167e+03
7.000000000000000000e+00 1.500000000000000000e+01 8.387498675995664598e+03
8.000000000000000000e+00 4.000000000000000000e+00 1.581338858768748651e+04
8.000000000000000000e+00 7.000000000000000000e+00 6.837488657226987925e+03
8.000000000000000000e+00 9.000000000000000000e+00 2.174620497151176096e+04
9.000000000000000000e+00 8.000000000000000000e+00 2.184578200053020919e+04
9.000000000000000000e+00 1.000000000000000000e+01 1.773040492815521429e+04
9.000000000000000000e+00 1.400000000000000000e+01 2.312964705956944090e+04
9.000000000000000000e+00 1.500000000000000000e+01 1.104726494623345752e+04
9.000000000000000000e+00 1.600000000000000000e+01 8.100588054982428730e+03
1.000000000000000000e+01 3.000000000000000000e+00 5.308297496481199232e+03
1.000000000000000000e+01 9.000000000000000000e+00 1.760164167275687942e+04
1.000000000000000000e+01 1.100000000000000000e+01 8.369280940714052122e+03
1.000000000000000000e+01 1.300000000000000000e+01 9.777091562302752209e+03
1.100000000000000000e+01 2.000000000000000000e+00 9.985170590823516250e+03
1.100000000000000000e+01 1.000000000000000000e+01 8.407682887500463039e+03
1.100000000000000000e+01 1.200000000000000000e+01 1.230675779989038892e+04
1.200000000000000000e+01 1.100000000000000000e+01 1.239316735722211524e+04
1.200000000000000000e+01 2.300000000000000000e+01 1.111901579657235197e+04
1.300000000000000000e+01 1.000000000000000000e+01 9.807559043914001450e+03
1.300000000000000000e+01 1.400000000000000000e+01 9.039847282790689860e+03
1.300000000000000000e+01 2.200000000000000000e+01 8.399292478076835323e+03
1.400000000000000000e+01 9.000000000000000000e+00 2.314676598763623770e+04
1.400000000000000000e+01 1.300000000000000000e+01 9.080037482404241018e+03
1.400000000000000000e+01 1.800000000000000000e+01 1.908352211441020336e+04
1.400000000000000000e+01 2.100000000000000000e+01 1.840539653258438921e+04
1.500000000000000000e+01 7.000000000000000000e+00 8.397705961662646587e+03
1.500000000000000000e+01 9.000000000000000000e+00 1.105920503086726603e+04
1.500000000000000000e+01 1.600000000000000000e+01 1.171484223895354262e+04
1.500000000000000000e+01 1.700000000000000000e+01 1.530616669370989075e+04
1.600000000000000000e+01 9.000000000000000000e+00 8.199869326698635632e+03
1.600000000000000000e+01 1.500000000000000000e+01 1.165725846747243486e+04
1.600000000000000000e+01 1.800000000000000000e+01 9.928530966781609095e+03
1.700000000000000000e+01 6.000000000000000000e+00 1.585341821169947070e+04
1.700000000000000000e+01 1.500000000000000000e+01 1.538589783549180538e+04
1.700000000000000000e+01 1.900000000000000000e+01 1.902471468636648933e+04
1.800000000000000000e+01 1.400000000000000000e+01 1.906389935368505758e+04
1.800000000000000000e+01 1.600000000000000000e+01 9.970228467016668219e+03
1.800000000000000000e+01 1.900000000000000000e+01 8.686064557146211882e+03
1.900000000000000000e+01 1.700000000000000000e+01 1.904902121912167422e+04
1.900000000000000000e+01 1.800000000000000000e+01 8.708139296656150691e+03
1.900000000000000000e+01 2.000000000000000000e+01 6.295024818882609907e+03
1.900000000000000000e+01 2.100000000000000000e+01 7.002115306085637712e+03
2.000000000000000000e+01 1.900000000000000000e+01 6.242469028173785773e+03
2.000000000000000000e+01 2.100000000000000000e+01 8.619203172529214498e+03
2.000000000000000000e+01 2.300000000000000000e+01 1.030153599630868666e+04
2.100000000000000000e+01 1.400000000000000000e+01 1.838232842098982655e+04
2.100000000000000000e+01 1.900000000000000000e+01 7.001052369059576449e+03
2.100000000000000000e+01 2.000000000000000000e+01 8.610776786731252287e+03
2.100000000000000000e+01 2.200000000000000000e+01 9.657752337056645047e+03
2.200000000000000000e+01 1.300000000000000000e+01 8.389569760074537044e+03
2.200000000000000000e+01 2.100000000000000000e+01 9.625194902638078929e+03
2.200000000000000000e+01 2.300000000000000000e+01 7.899943825549735266e+03
2.300000000000000000e+01 1.200000000000000000e+01 1.110542535390408011e+04
2.300000000000000000e+01 2.000000000000000000e+01 1.025740659139783020e+04
2.300000000000000000e+01 2.200000000000000000e+01 7.857663673128878145e+03
