0.000000000000000000e+00 1.000000000000000000e+00 4.493711917072068900e+03
0.000000000000000000e+00 2.000000000000000000e+00 8.117106658096967294e+03
1.000000000000000000e+00 0.000000000000000000e+00 4.518563268305713791e+03
1.000000000000000000e+00 5.000000000000000000e+00 5.967330480907831770e+03
2.000000000000000000e+00 0.000000000000000000e+00 8.092255306863323312e+03
2.000000000000000000e+00 3.000000000000000000e+00 1.402338016266265004e+04
2.000000000000000000e+00 1.100000000000000000e+01 1.003545253341671560e+04
3.000000000000000000e+00 2.000000000000000000e+00 1.404216456067571926e+04
3.000000000000000000e+00 4.000000000000000000e+00 1.801880149319992051e+04
3.000000000000000000e+00 1.000000000000000000e+01 5.210836542689593443e+03
4.000000000000000000e+00 3.000000000000000000e+00 1.804313928876437785e+04
4.000000000000000000e+00 5.000000000000000000e+00 8.796694650567573262e+03
4.000000000000000000e+00 8.000000000000000000e+00 1.578774244279915911e+04
5.000000000000000000e+00 1.000000000000000000e+00 5.992181832141473933e+03
5.000000000000000000e+00 4.000000000000000000e+00 8.806037568637406366e+03
5.000000000000000000e+00 7.000000000000000000e+00 1.249118160053638167e+04
6.000000000000000000e+00 7.000000000000000000e+00 1.210782378127072479e+04
6.000000000000000000e+00 1.700000000000000000e+01 1.580295504525679098e+04
7.000000000000000000e+00 5.000000000000000000e+00 1.252537586983987057e+04
7.000000000000000000e+00 6.000000000000000000e+00 1.204204881297120482e+04
7.000000000000000000e+00 8.000000000000000000e+00 6.881056079632531691e+03
7.000000000000000000e+00 1.500000000000000000e+01 8.387001188631104014e+03
8.000000000000000000e+00 4.000000000000000000e+00 1.580273732029376333e+04
8.000000000000000000e+00 7.000000000000000000e+00 6.837131184768607454e+03
8.000000000000000000e+00 9.000000000000000000e+00 2.174947373469491504e+04
9.000000000000000000e+00 8.000000000000000000e+00 2.182054371732563231e+04
9.000000000000000000e+00 1.000000000000000000e+01 1.772676951226250094e+04
9.000000000000000000e+00 1.400000000000000000e+01 2.312974982867488870e+04
9.000000000000000000e+00 1.500000000000000000e+01 1.104498591990088607e+04
9.000000000000000000e+00 1.600000000000000000e+01 8.101381470271326179e+03
1.000000000000000000e+01 3.000000000000000000e+00 5.305283145138210784e+03
1.000000000000000000e+01 9.000000000000000000e+00 1.760504766574010137e+04
1.000000000000000000e+01 1.100000000000000000e+01 8.367324331285157314e+03
1.000000000000000000e+01 1.300000000000000000e+01 9.777987670444625110e+03
1.100000000000000000e+01 2.000000000000000000e+00 9.991816784170001483e+03
1.100000000000000000e+01 1.000000000000000000e+01 8.401433677330735009e+03
1.100000000000000000e+01 1.200000000000000000e+01 1.230391777210791588e+04
1.200000000000000000e+01 1.100000000000000000e+01 1.239439136890677401e+04
1.200000000000000000e+01 2.300000000000000000e+01 1.112016438275698965e+04
1.300000000000000000e+01 1.000000000000000000e+01 9.816603080325279734e+03
1.300000000000000000e+01 1.400000000000000000e+01 9.034852181500591541e+03
1.300000000000000000e+01 2.200000000000000000e+01 8.398051622414932353e+03
1.400000000000000000e+01 9.000000000000000000e+00 2.319753148432073067e+04
1.400000000000000000e+01 1.300000000000000000e+01 9.079307200017354262e+03
1.400000000000000000e+01 1.800000000000000000e+01 1.908451437048971275e+04
1.400000000000000000e+01 2.100000000000000000e+01 1.840420018757833168e+04
1.500000000000000000e+01 7.000000000000000000e+00 8.399345384498994463e+03
1.500000000000000000e+01 9.000000000000000000e+00 1.107154432724426078e+04
1.500000000000000000e+01 1.600000000000000000e+01 1.168817409771320126e+04
1.500000000000000000e+01 1.700000000000000000e+01 1.529266927103602575e+04
1.600000000000000000e+01 9.000000000000000000e+00 8.099833236435193612e+03
1.600000000000000000e+01 1.500000000000000000e+01 1.167595138475146632e+04
1.600000000000000000e+01 1.800000000000000000e+01 9.954242834724864224e+03
1.700000000000000000e+01 6.000000000000000000e+00 1.586873001355632186e+04
1.700000000000000000e+01 1.500000000000000000e+01 1.534379458720901494e+04
1.700000000000000000e+01 1.900000000000000000e+01 1.898901418726663178e+04
1.800000000000000000e+01 1.400000000000000000e+01 1.912027052445542722e+04
1.800000000000000000e+01 1.600000000000000000e+01 9.940471887926982163e+03
1.800000000000000000e+01 1.900000000000000000e+01 8.684725809165141982e+03
1.900000000000000000e+01 1.700000000000000000e+01 1.900591447173914639e+04
1.900000000000000000e+01 1.800000000000000000e+01 8.706711016332999861e+03
1.900000000000000000e+01 2.000000000000000000e+01 6.303272758927097129e+03
1.900000000000000000e+01 2.100000000000000000e+01 7.004201731033494980e+03
2.000000000000000000e+01 1.900000000000000000e+01 6.242678772396960994e+03
2.000000000000000000e+01 2.100000000000000000e+01 8.617037007566552347e+03
2.000000000000000000e+01 2.300000000000000000e+01 1.030314993675102232e+04
2.100000000000000000e+01 1.400000000000000000e+01 1.838068070777521643e+04
2.100000000000000000e+01 1.900000000000000000e+01 7.003681209203994513e+03
2.100000000000000000e+01 2.000000000000000000e+01 8.602452991467747779e+03
2.100000000000000000e+01 2.200000000000000000e+01 9.663078817012043146e+03
2.200000000000000000e+01 1.300000000000000000e+01 8.392212013778813343e+03
2.200000000000000000e+01 2.100000000000000000e+01 9.624454799280603766e+03
2.200000000000000000e+01 2.300000000000000000e+01 7.905180683277490971e+03
2.300000000000000000e+01 1.200000000000000000e+01 1.111063797955585687e+04
2.300000000000000000e+01 2.000000000000000000e+01 1.025713996631970440e+04
2.300000000000000000e+01 2.200000000000000000e+01 7.860717056909942585e+03
