0.000000000000000000e+00 1.000000000000000000e+00 4.504298634799326464e+03
0.000000000000000000e+00 2.000000000000000000e+00 8.122069448296982046e+03
1.000000000000000000e+00 0.000000000000000000e+00 4.522066982173752876e+03
1.000000000000000000e+00 5.000000000000000000e+00 5.971008495988266986e+03
2.000000000000000000e+00 0.000000000000000000e+00 8.104301100922556543e+03
2.000000000000000000e+00 3.000000000000000000e+00 1.397030362723139478e+04
2.000000000000000000e+00 1.100000000000000000e+01 1.013901490194674807e+04
3.000000000000000000e+00 2.000000000000000000e+00 1.404889566429922706e+04
3.000000000000000000e+00 4.000000000000000000e+00 1.806673330456513941e+04
3.000000000000000000e+00 1.000000000000000000e+01 5.111650806692976403e+03
4.000000000000000000e+00 3.000000000000000000e+00 1.804784589102776226e+04
4.000000000000000000e+00 5.000000000000000000e+00 8.797898368388207018e+03
4.000000000000000000e+00 8.000000000000000000e+00 1.582919891002921213e+04
5.000000000000000000e+00 1.000000000000000000e+00 5.988776843362687941e+03
5.000000000000000000e+00 4.000000000000000000e+00 8.804017164706627227e+03
5.000000000000000000e+00 7.000000000000000000e+00 1.250232508170975962e+04
6.000000000000000000e+00 7.000000000000000000e+00 1.210375429958025961e+04
6.000000000000000000e+00 1.700000000000000000e+01 1.580587188989408241e+04
7.000000000000000000e+00 5.000000000000000000e+00 1.252621222540258896e+04
7.000000000000000000e+00 6.000000000000000000e+00 1.205009917268671961e+04
7.000000000000000000e+00 8.000000000000000000e+00 6.879216280887067114e+03
7.000000000000000000e+00 1.500000000000000000e+01 8.386319537165265501e+03
8.000000000000000000e+00 4.000000000000000000e+00 1.580419270017343115e+04
8.000000000000000000e+00 7.000000000000000000e+00 6.834043238918049610e+03
8.000000000000000000e+00 9.000000000000000000e+00 2.179253790659116930e+04
9.000000000000000000e+00 8.000000000000000000e+00 2.182235865476636172e+04
9.000000000000000000e+00 1.000000000000000000e+01 1.773841510243334778e+04
9.000000000000000000e+00 1.400000000000000000e+01 2.312268488243089814e+04
9.000000000000000000e+00 1.500000000000000000e+01 1.104317094683870528e+04
9.000000000000000000e+00 1.600000000000000000e+01 8.100674140280723805e+03
1.000000000000000000e+01 3.000000000000000000e+00 5.309130257298201286e+03
1.000000000000000000e+01 9.000000000000000000e+00 1.757158514888287755e+04
1.000000000000000000e+01 1.100000000000000000e+01 8.361497458138137517e+03
1.000000000000000000e+01 1.300000000000000000e+01 9.768145807239272472e+03
1.100000000000000000e+01 2.000000000000000000e+00 1.004265451750448119e+04
1.100000000000000000e+01 1.000000000000000000e+01 8.439779975567749716e+03
1.100000000000000000e+01 1.200000000000000000e+01 1.230165377917622027e+04
1.200000000000000000e+01 1.100000000000000000e+01 1.238357591216355286e+04
1.200000000000000000e+01 2.300000000000000000e+01 1.113104121696672519e+04
1.300000000000000000e+01 1.000000000000000000e+01 9.820512786864414011e+03
1.300000000000000000e+01 1.400000000000000000e+01 9.024729442356318032e+03
1.300000000000000000e+01 2.200000000000000000e+01 8.396953282453720021e+03
1.400000000000000000e+01 9.000000000000000000e+00 2.319294797253563229e+04
1.400000000000000000e+01 1.300000000000000000e+01 9.075991529700419051e+03
1.400000000000000000e+01 1.800000000000000000e+01 1.907936875398738994e+04
1.400000000000000000e+01 2.100000000000000000e+01 1.840426823195654288e+04
1.500000000000000000e+01 7.000000000000000000e+00 8.401724595933588716e+03
1.500000000000000000e+01 9.000000000000000000e+00 1.107005603437207355e+04
1.500000000000000000e+01 1.600000000000000000e+01 1.168978536491752129e+04
1.500000000000000000e+01 1.700000000000000000e+01 1.529328730762770101e+04
1.600000000000000000e+01 9.000000000000000000e+00 8.100176664368318598e+03
1.600000000000000000e+01 1.500000000000000000e+01 1.167754816090849454e+04
1.600000000000000000e+01 1.800000000000000000e+01 9.952390187878343568e+03
1.700000000000000000e+01 6.000000000000000000e+00 1.585952701678762060e+04
1.700000000000000000e+01 1.500000000000000000e+01 1.534781465793838106e+04
1.700000000000000000e+01 1.900000000000000000e+01 1.899423826358349470e+04
1.800000000000000000e+01 1.400000000000000000e+01 1.911858119524146605e+04
1.800000000000000000e+01 1.600000000000000000e+01 9.939655507956911606e+03
1.800000000000000000e+01 1.900000000000000000e+01 8.682351640209515608e+03
1.900000000000000000e+01 1.700000000000000000e+01 1.900242074078772930e+04
1.900000000000000000e+01 1.800000000000000000e+01 8.708829401542163396e+03
1.900000000000000000e+01 2.000000000000000000e+01 6.306474303080863137e+03
1.900000000000000000e+01 2.100000000000000000e+01 7.003389201475991285e+03
2.000000000000000000e+01 1.900000000000000000e+01 6.243612481390908215e+03
2.000000000000000000e+01 2.100000000000000000e+01 8.616096091226232602e+03
2.000000000000000000e+01 2.300000000000000000e+01 1.030372486480799489e+04
2.100000000000000000e+01 1.400000000000000000e+01 1.838658096815126555e+04
2.100000000000000000e+01 1.900000000000000000e+01 7.000911261702814045e+03
2.100000000000000000e+01 2.000000000000000000e+01 8.601250828930980788e+03
2.100000000000000000e+01 2.200000000000000000e+01 9.652304682212572516e+03
2.200000000000000000e+01 1.300000000000000000e+01 8.398058174734769636e+03
2.200000000000000000e+01 2.100000000000000000e+01 9.617294216338874321e+03
2.200000000000000000e+01 2.300000000000000000e+01 7.906714739871809797e+03
2.300000000000000000e+01 1.200000000000000000e+01 1.111296334995406141e+04
2.300000000000000000e+01 2.000000000000000000e+01 1.025570830541330361e+04
2.300000000000000000e+01 2.200000000000000000e+01 7.872809166279164856e+03
