i	j	       0	       1	       2	       3	       4	       5	       6	       7	       8	       9	      10	      11	      12	      13	      14	      15	      16	      17	      18	      19	      20	      21	      22	      23
0	1	 2600.30	    0.00	  265.61	  200.02	   16.55	    0.00	    0.01	    0.02	   33.10	   99.34	  200.02	  480.19	  458.24	  100.00	   16.54	    0.02	    0.04	    0.00	    0.01	    0.00	    0.01	    0.08	    0.11	   28.90
0	2	 6199.70	 1160.39	    0.00	    0.00	    0.00	  223.07	  141.98	  247.19	    0.00	    0.00	    0.00	    0.00	    0.00	    0.00	    0.00	  102.06	    0.00	   35.13	    0.00	    0.02	    0.00	    0.00	    0.00	    0.00
1	0	    0.00	 1260.39	    0.00	    0.00	    0.00	  523.07	  641.96	 1047.15	    0.00	    0.00	    0.00	    0.00	    0.00	    0.00	    0.00	  602.04	    0.22	  135.12	    0.11	  299.92	    0.00	    0.02	    0.00	    0.00
1	5	 2500.30	 2739.61	  165.61	    0.04	    0.00	    0.00	    0.00	    0.00	    0.00	    0.00	    0.04	  380.19	  158.24	    0.01	    0.00	    0.00	    0.00	    0.00	    0.00	    0.00	    0.01	    0.03	    0.11	   28.90
2	0	    0.00	    0.00	  365.61	  700.02	  216.55	    0.00	    0.03	    0.05	  533.10	 1399.34	  700.02	  680.19	  958.24	  400.00	  516.54	    0.04	  399.82	    0.00	  299.90	    0.10	  100.01	  400.06	  300.11	  128.90
2	3	 4499.70	  660.27	 1934.35	    0.00	    0.00	    0.00	    0.00	    0.00	    0.00	    0.00	    0.00	 3778.19	 2469.69	    0.09	    0.00	    0.00	    0.00	    0.00	    0.00	    0.00	  203.08	    0.03	    2.55	  470.69
2	11	 1600.00	  400.12	  500.03	 1601.74	  403.49	  500.42	  721.23	 1200.00	 1399.38	  682.46	    0.93	    0.00	    0.00	    0.17	   51.59	  544.32	  192.49	  199.54	   22.11	    0.33	    0.00	    0.00	    0.00	    0.00
3	2	    0.00	    0.00	    0.00	 2501.77	  720.04	  577.35	  679.28	 1152.87	 2032.48	 2381.80	 1000.38	    0.00	    0.00	  499.83	  668.07	  642.30	  692.31	  164.42	  322.01	    0.32	    0.02	    0.08	    0.05	    0.01
3	4	 3198.36	  160.31	 1334.04	 6697.33	    0.00	    0.00	    0.00	    0.00	    0.00	    0.12	  906.67	 3177.41	 1869.20	  200.10	    0.08	    0.00	    0.01	    0.00	    0.02	    0.00	    3.21	    0.05	  199.95	  270.73
3	10	  801.33	  300.00	  400.31	 2400.90	  699.79	  599.65	    0.19	    5.21	    0.41	    0.17	    0.00	    0.78	    0.49	    0.07	    0.06	    0.30	    0.04	    0.02	    0.02	    0.03	    0.02	    0.05	    0.05	    0.03
4	3	    0.00	    0.05	    0.00	    0.00	 1919.83	 1577.00	 1079.47	 1858.08	 2732.88	 3581.59	    0.00	    0.00	    0.00	    0.00	 1166.18	 1442.60	 1192.23	  264.43	  521.19	  300.35	    0.09	  398.86	    0.00	    0.00
4	5	    0.00	    0.00	  530.48	 2144.96	 1268.48	    0.00	    0.02	    0.03	  567.05	 1300.60	  405.31	 1480.25	  546.82	  100.02	  283.07	    0.04	    0.04	    0.00	    0.25	    0.01	    0.01	    0.00	   99.88	   71.06
4	8	 2998.36	  900.00	  703.56	 4052.37	 2911.70	 1400.01	    0.03	    0.10	    0.00	    0.00	    1.37	 1497.16	 1122.39	    0.08	    0.00	    0.06	    0.00	    0.01	    0.00	    0.03	    0.00	    0.00	    0.06	  199.67
5	1	    0.00	    0.00	    0.00	    0.02	   83.45	  923.07	  841.96	 1447.13	  166.90	  500.66	    0.02	    0.00	    0.00	    0.01	   83.46	 1002.02	  200.18	  135.12	  100.10	  399.92	    0.00	   99.97	    0.00	    0.00
5	4	    0.00	  839.73	    0.00	    0.00	    0.00	 3177.01	  985.97	 1812.15	    0.00	    0.00	    0.00	    0.00	    0.00	    0.00	    0.00	 1475.72	    0.54	  203.16	    0.03	  308.09	    0.09	    0.06	    0.00	    0.00
5	7	 2200.30	 1499.88	  396.09	 1744.99	  985.03	 3499.92	    0.00	    0.00	    0.15	    0.07	    5.33	 1660.44	  505.05	    0.03	    0.00	    0.00	    0.00	    0.00	    0.00	    0.00	    0.00	    0.00	    0.00	    0.00
6	7	    0.00	    0.00	    0.00	    0.00	    0.00	    0.00	 4123.97	    0.00	    0.00	    0.00	    0.00	    0.00	    0.00	  399.87	  600.17	  413.15	  143.15	  999.28	  999.50	 2599.17	  500.05	  799.82	  299.93	  199.99
6	17	  432.51	  338.89	    9.72	  438.28	  123.95	  990.97	 7976.03	 4533.64	  837.83	    0.64	    0.13	  218.89	    0.12	    0.00	    0.00	    0.00	    0.03	    0.00	    0.00	    0.00	    0.00	    0.00	    0.00	    0.00
7	5	    0.00	    0.00	    0.00	    0.00	    0.00	    0.00	 2227.91	 4059.25	    0.00	    0.13	    0.00	    0.00	    0.00	    0.00	    0.40	 3377.71	  700.68	  438.28	  299.87	 1008.00	  100.08	  300.00	    0.00	    0.04
7	6	  932.51	  538.89	  109.72	  838.28	  323.95	 1390.97	    0.00	 5533.64	 1437.77	    6.08	    1.62	  918.82	   21.84	    0.00	    0.00	    0.00	    0.11	    0.00	    0.00	    0.00	    0.00	    0.00	    0.00	    0.00
7	8	    0.00	    0.00	    0.00	    0.00	    0.00	    0.00	  896.06	 3740.68	    0.00	    0.00	    0.00	    0.00	    0.00	    0.00	    0.00	 1274.41	    0.12	  261.36	    0.00	  692.27	    0.13	    0.00	    0.00	    0.00
7	15	  467.87	  561.03	  172.24	  684.31	  427.67	 1309.05	    0.00	 3366.43	  899.40	    0.00	    0.06	  501.21	    0.26	    0.00	    0.00	    0.00	    0.00	    0.00	    0.00	    0.00	    0.00	    0.00	    0.00	    0.00
8	4	    0.00	    0.00	    0.00	    0.00	    0.00	    0.00	  293.53	  546.06	 4099.94	 5882.07	    0.00	    0.00	    0.00	    0.00	 1649.17	  466.97	 1391.72	   61.29	  621.40	   92.29	   96.80	  598.75	    0.00	    0.00
8	7	    0.08	    0.04	   85.87	  477.60	  266.60	    0.09	    0.00	    0.00	 3137.02	 1605.87	  796.35	  359.60	  117.04	    0.00	    0.00	    0.00	    0.23	    0.00	    0.00	    0.00	    0.00	    0.00	    0.00	    0.00
8	9	 2498.28	  699.96	  517.69	 2874.77	 1845.10	  999.92	    2.61	 2394.72	 8963.04	    0.00	    0.00	  537.62	  405.40	    0.00	    0.00	    0.82	    0.00	    0.16	    0.00	    0.32	    0.00	    0.00	    0.00	    0.00
9	8	    0.00	    0.00	    0.00	    0.00	    0.00	    0.00	    0.05	    0.00	    0.00	10287.94	 2194.99	    0.05	    0.05	  599.93	 2649.17	  593.32	 2291.84	    0.07	 1021.40	    0.32	  396.67	 1298.75	  499.94	    0.33
9	10	    0.00	    0.00	    0.00	    0.00	    0.00	    0.00	  499.75	  794.82	 1713.79	 8373.80	    0.00	    0.00	    0.00	    0.00	 1313.94	 1554.86	 1907.48	  199.98	  435.07	  429.16	    1.42	  505.20	    0.00	    0.00
9	14	  799.83	   99.99	   99.98	 1099.04	  596.72	  199.95	    0.00	    0.00	 3086.46	14556.70	 1910.52	  648.23	   13.49	    0.00	    0.00	    0.00	    0.82	    0.00	    0.00	    0.00	    0.00	    0.00	    0.00	    0.00
9	15	    0.00	    0.00	   18.04	   77.47	   48.42	    0.00	    0.00	    0.00	  462.96	 8080.78	 2186.24	  178.14	    0.11	    0.00	    0.00	    0.00	    0.00	    0.00	    0.00	    0.00	    0.00	    0.00	    0.00	    0.00
9	16	  399.60	    0.02	   99.98	  499.91	  199.96	    0.04	    0.09	    0.12	  899.83	 3900.78	  999.79	  599.89	  499.91	    0.06	    0.13	    0.12	    0.00	    0.05	    0.07	    0.15	    0.05	    0.15	    0.05	    0.03
10	3	    0.00	    0.00	    0.00	    0.00	    0.00	    0.00	    0.00	    0.00	    0.00	    0.50	 3407.06	    0.00	    0.00	 1199.90	    2.03	    0.00	    0.13	    0.00	    0.85	    0.00	    0.07	    1.29	  697.50	    0.08
10	9	    1.14	    0.00	    0.32	    1.64	    0.00	    0.00	    0.00	    0.00	    0.00	    0.00	11191.53	 2888.70	 2008.17	 1120.99	    0.00	    0.00	    0.00	    0.00	    0.00	    0.00	    0.00	    0.00	  344.59	   57.63
10	11	    0.00	    0.00	    0.00	    0.00	    0.00	    0.00	    0.00	    0.00	    0.11	 3217.54	 2400.35	    0.00	    0.00	  737.39	  661.55	  155.16	  907.47	    0.02	  283.50	    0.00	    0.00	    0.00	    0.00	    0.00
10	13	  300.31	  100.04	  100.05	  999.35	  199.81	  199.72	    0.00	    0.03	  314.09	 1155.93	 5301.07	 1051.71	   50.04	    0.00	    0.00	    0.00	    0.05	    0.00	    0.00	    0.00	    0.00	    0.00	    0.00	    0.00
11	2	    0.00	    0.00	    0.00	    0.00	    0.00	    0.00	    0.00	    0.00	    0.00	    0.00	    0.57	 4658.38	 3527.93	    0.44	    0.05	    0.00	    0.00	    0.00	    0.00	    0.08	  303.07	  500.01	  402.61	  599.58
11	10	    0.11	    0.04	    0.06	    0.08	    0.03	    0.07	    0.00	    0.00	    0.00	    0.00	    0.00	 5339.63	 3057.73	    0.00	    0.00	    0.00	    0.00	    0.00	    0.00	    0.00	    0.04	    0.00	    0.00	    0.69
11	12	 1399.89	  300.08	  299.98	 1001.66	  203.46	  300.35	   21.43	  600.00	  799.49	 1900.00	 1000.71	 3901.99	    0.00	   37.39	   13.09	    0.89	  499.95	    0.06	    5.61	    0.04	    0.00	    0.00	    0.00	    0.00
12	11	    0.00	    0.00	    0.00	    0.00	    0.00	    0.00	    0.20	    0.00	    0.00	    0.00	    0.00	    0.00	 7885.65	    0.27	    0.00	    1.41	    0.00	    0.50	    0.00	  499.80	  603.11	 1200.01	 1102.61	 1100.27
12	23	  899.89	    0.08	  199.98	  401.66	    3.46	  100.35	    0.00	    0.00	  199.49	    0.00	    0.71	 2601.99	 6714.35	    0.00	    0.00	    0.01	    0.00	    0.00	    0.00	    0.00	    0.00	    0.00	    0.00	    0.00
13	10	    0.00	    0.00	    0.00	    0.00	    0.00	    0.00	    0.06	    0.00	    0.00	    0.00	    0.00	    0.00	    0.00	 4658.21	  749.59	    0.00	    0.13	    0.03	  249.27	  170.82	  398.59	  596.04	 2342.04	  656.99
13	14	    0.20	    0.03	    0.03	    0.22	    0.06	    0.04	    0.00	    0.00	    0.00	    0.00	 1026.68	  351.76	  111.47	 6227.50	    0.00	    0.00	    0.00	    0.00	    0.00	    0.00	    0.00	    0.00	 1184.83	  137.95
13	22	    0.12	    0.01	    0.03	  499.15	   99.76	   99.68	    0.00	    0.00	  194.75	  807.27	 2674.46	    0.18	    0.00	 3214.29	  425.81	    0.00	  215.19	    0.00	  130.39	    0.00	    0.00	    0.00	    0.00	    0.00
14	9	    0.00	    0.00	    0.00	    0.00	    0.00	    0.00	    0.00	    0.00	    0.00	    0.00	    0.00	    0.00	    0.00	 1578.99	 7963.24	    0.30	    2.71	    0.05	 3256.34	 1711.16	 1598.14	 4404.10	 1955.39	  742.73
14	13	    0.00	    0.00	    0.00	    0.00	    0.00	    0.00	  199.57	  399.13	  480.65	 1751.34	    0.07	    0.00	    0.00	    0.00	 2475.40	  699.15	  915.27	   99.78	  679.64	  669.29	    0.42	  711.10	    0.00	    0.00
14	18	  300.03	    0.09	    0.01	  200.07	  100.03	    0.11	    0.02	    0.03	  400.15	 3212.69	  811.94	  300.06	  282.74	 2897.46	 5900.15	    0.06	    0.42	    0.01	    0.00	    0.05	  568.81	 2899.91	  899.98	  266.44
14	21	    0.00	    0.00	    0.00	  399.19	  296.75	    0.00	    0.00	    0.00	 1305.66	 5592.67	  725.20	    0.00	    0.00	  451.05	 5061.22	    0.24	 2405.55	    0.00	 2046.85	    0.00	    0.00	    0.00	    0.00	    0.00
15	7	    0.00	    0.00	    0.00	    0.00	    0.00	    0.00	    0.00	    0.00	    0.00	    0.27	    0.00	    0.00	    0.00	    0.11	    0.23	 6438.97	 1957.52	    0.36	    0.37	    1.11	    0.15	    0.17	    0.07	    0.05
15	9	    0.00	    0.05	    0.00	    0.00	    0.00	    0.07	 2396.59	    0.22	    0.00	    0.00	    0.00	    0.00	    0.00	    0.00	    0.00	 6545.53	    0.58	  899.63	    0.20	 1217.92	    0.00	    0.00	    0.00	    0.00
15	16	    0.39	  199.98	    0.01	    0.06	    0.03	  500.02	 1000.82	 1400.23	    0.12	    0.52	    0.09	    0.05	    0.00	    0.00	    0.00	 5970.30	    0.00	  600.32	    0.00	 1543.29	  341.73	    0.00	    0.00	  121.69
15	17	    0.02	    0.00	    0.00	    0.02	    0.00	    0.03	    0.00	    0.15	    0.16	 3681.87	  786.61	    0.13	    0.00	    0.03	    0.15	 7145.21	 3775.61	    0.00	    0.15	    0.00	    0.00	    0.00	    0.00	    0.00
16	9	    0.00	    0.00	    0.00	    0.00	    0.00	    0.00	    0.69	    0.00	    0.00	    0.00	    0.00	    0.00	    0.00	    0.00	    0.00	    1.65	 8096.85	    0.26	    0.00	    0.21	    0.00	    0.00	    0.00	    0.00
16	15	    0.00	    0.00	    0.00	    0.00	    0.00	    0.00	    0.00	    0.00	    0.00	    1.51	    0.28	    0.00	    0.00	  691.77	 1186.49	    0.00	 8533.59	    0.00	 1285.73	    0.00	    0.05	    0.11	    0.05	    0.03
16	18	    0.03	    0.02	    0.00	    0.02	    0.01	    0.06	    0.22	    0.35	    0.04	    0.16	    0.00	    0.00	    0.00	    0.00	    0.00	 3168.77	 6769.56	    0.12	    0.00	    0.00	    0.00	    0.00	    0.00	    0.00
17	6	    0.00	    0.00	    0.00	    0.00	    0.00	    0.00	    0.00	    0.00	    0.05	 1894.55	  498.51	    0.07	  378.28	  599.87	 1100.17	 1813.15	 1143.07	 1199.28	 1399.50	 3099.17	  700.05	 1299.82	  499.93	  299.99
17	15	   32.54	   39.01	    9.72	   38.31	   23.94	   91.07	 4797.41	  234.18	   37.92	    0.38	    0.12	   20.83	  599.63	    8.36	   13.89	    0.00	    0.12	 2000.32	   14.99	 4362.32	  941.83	 1200.07	  500.03	  421.71
17	19	  299.99	  299.88	    0.00	  299.99	  100.01	  799.92	 2978.61	 3999.62	  600.01	 1087.79	  188.12	    0.07	    0.08	    0.00	    0.00	 4832.06	 2032.59	 1600.40	    0.00	    0.00	    0.00	    0.00	    0.00	    0.00
18	14	    0.00	    0.06	    0.00	    0.00	    0.00	    0.12	  699.52	  999.08	    0.00	    0.00	    0.00	    0.00	    0.00	    0.00	    0.00	 1899.59	 4823.12	  299.82	 6782.83	 3480.04	    0.16	    0.39	    0.16	    0.07
18	16	    0.04	    0.02	    0.01	    0.05	    0.02	    0.00	    0.00	    0.00	    0.09	    0.38	    0.41	    0.06	    0.09	 1391.71	 2686.36	    0.00	    0.00	    0.00	 2985.66	  156.77	  258.27	 1699.96	  599.99	  178.31
18	19	    0.02	    0.00	    0.00	    0.04	    0.02	    0.03	    0.00	    0.00	    0.10	 1412.47	  411.53	    0.00	    0.00	 1205.76	 2413.79	    0.00	  246.86	    0.00	 3031.51	    0.00	    0.00	    0.00	    0.00	    0.00
19	17	    0.00	    0.00	    0.00	    0.00	    0.00	    0.00	    0.00	    0.00	    0.00	    0.21	    0.01	    1.94	 1077.87	  708.20	 1313.91	    0.00	    0.14	    0.00	 1714.34	 7861.49	 1741.88	 2799.89	 1099.96	  721.71
19	18	    0.00	   99.98	    0.00	    0.00	    0.00	  199.98	 1099.29	 1698.70	    0.00	    0.00	    0.00	    0.00	   17.35	    0.01	    0.00	   30.76	    0.00	  599.69	    0.00	 4836.76	   89.63	    0.44	    0.18	   11.94
19	20	    0.00	    0.00	    0.00	    0.01	    0.02	  100.01	  679.37	  600.88	    0.05	    0.05	    0.02	    0.01	    0.03	    0.02	    0.03	 1202.10	  579.27	  200.77	  117.27	 2701.81	    0.00	    0.08	    0.03	    0.02
19	21	    0.00	   99.90	    0.00	    0.02	    0.01	  199.96	  699.95	  800.04	    0.06	    0.22	    0.05	    0.00	    0.00	    0.00	    0.17	 1999.19	    0.11	  399.95	    0.08	 3099.94	    0.18	    0.00	    0.00	    0.00
20	19	    0.00	    0.00	    0.00	    0.00	    0.00	    0.00	    0.00	    0.00	    0.00	    0.11	    0.03	  401.86	 1695.06	    0.08	    0.17	    0.00	    0.07	    0.00	    0.18	    0.00	 3031.68	    0.24	    0.26	 1133.36
20	21	  260.81	    0.07	   65.20	    0.21	    0.00	    0.03	    0.06	    0.08	    0.00	    0.00	    0.00	  456.42	 1447.36	    0.00	    0.00	    0.16	    0.00	    0.03	    0.00	    0.41	 4769.64	    0.00	    0.00	 1592.45
20	23	    0.00	    0.00	    0.00	    0.00	    0.00	    0.02	  479.31	  200.80	    0.30	  490.14	    0.00	    0.00	    0.00	    0.00	  687.31	  799.45	  215.66	  100.73	  255.94	 1501.40	 3198.67	 2369.79	    0.00	    0.00
21	14	    0.00	    0.00	    0.00	    0.00	    0.00	    0.00	    0.06	    0.08	    0.00	    0.00	    0.00	    0.07	  857.78	    0.00	    0.00	    0.16	    0.00	    0.03	    0.00	    0.46	 2967.22	10614.72	 2670.38	 1271.15
21	19	    0.00	    0.00	    0.00	    0.00	    0.00	    0.00	    0.00	    0.00	    0.00	    0.11	    0.40	    0.03	    0.11	    2.39	    0.15	    0.00	    0.00	    0.00	    0.00	    0.00	    0.00	 5200.16	 1799.91	    0.31
21	20	    0.01	    0.00	    0.00	    0.03	   96.81	    0.00	    0.00	    0.00	  300.24	 1690.20	    2.76	    0.00	    0.00	    0.70	 1487.44	  197.51	  236.46	    0.00	  538.85	    0.00	    0.00	 4169.96	    1.03	    0.00
21	22	    0.00	    0.00	    0.00	    0.00	    0.00	    0.01	  199.95	  300.04	  305.47	 1302.59	    0.00	    0.00	    0.00	    0.00	  973.79	  601.91	  469.19	   99.95	  308.08	  699.89	    2.61	 4415.17	    0.00	    0.00
22	13	    0.01	    0.00	    0.00	    0.02	    0.00	    0.00	    0.50	    0.84	    0.00	    0.00	    0.00	    0.23	  661.43	    0.00	    0.00	    0.85	    0.00	    0.24	    0.01	    1.53	  798.17	 1084.95	 4626.87	 1194.94
22	21	  139.20	    0.03	   34.80	    0.61	    0.05	    0.03	    0.00	    0.00	    0.00	    0.00	  377.91	  243.67	  710.52	  752.04	    0.00	    0.00	    0.00	    0.00	    0.00	    0.00	    0.00	    0.00	 6571.32	  779.00
22	23	    0.01	    0.00	    0.00	    0.03	    0.00	    0.01	    0.04	    0.09	    0.22	  309.86	  996.60	    0.00	    0.00	 1362.25	  399.60	  102.55	   84.38	    0.00	  138.45	    0.42	    0.06	 1230.31	 3301.81	    0.00
23	12	    0.00	    0.00	    0.00	    0.00	    0.00	    0.00	  378.77	    0.00	    0.00	    0.00	    0.00	    0.00	    0.00	  562.88	  686.91	  600.53	    0.05	  100.44	  294.39	 1099.76	 1203.11	 2500.01	 1902.61	 1800.27
23	20	  360.80	    0.06	   65.20	  200.18	    3.17	    0.03	    0.00	    0.00	    0.00	    0.00	  397.25	 1158.27	 3742.40	  399.36	    0.00	    0.00	    0.00	    0.00	    0.00	    0.00	    0.00	    0.00	  699.20	 3225.79
23	22	  439.11	    0.02	  134.77	    1.51	    0.29	    0.34	    0.59	    0.89	    0.00	    0.00	    0.05	  943.72	 2171.95	    0.00	    0.00	    1.49	    0.00	    0.30	    0.00	    2.06	 1495.62	    0.09	    0.00	 2673.94
