0.000000000000000000e+00 1.000000000000000000e+00 4.526209496500553541e+03
0.000000000000000000e+00 2.000000000000000000e+00 8.150946627974455623e+03
1.000000000000000000e+00 0.000000000000000000e+00 4.552001852915691416e+03
1.000000000000000000e+00 5.000000000000000000e+00 5.970694984198528800e+03
2.000000000000000000e+00 0.000000000000000000e+00 8.125154271559318659e+03
2.000000000000000000e+00 3.000000000000000000e+00 1.405211061318052634e+04
2.000000000000000000e+00 1.100000000000000000e+01 1.007047580044793904e+04
3.000000000000000000e+00 2.000000000000000000e+00 1.407241192657608553e+04
3.000000000000000000e+00 4.000000000000000000e+00 1.804978600075460054e+04
3.000000000000000000e+00 1.000000000000000000e+01 5.208359914047631719e+03
4.000000000000000000e+00 3.000000000000000000e+00 1.807132072563103429e+04
4.000000000000000000e+00 5.000000000000000000e+00 8.795932142321782521e+03
4.000000000000000000e+00 8.000000000000000000e+00 1.579081746729946099e+04
5.000000000000000000e+00 1.000000000000000000e+00 5.996487340613668493e+03
5.000000000000000000e+00 4.000000000000000000e+00 8.805655642679097582e+03
5.000000000000000000e+00 7.000000000000000000e+00 1.252194167747745814e+04
6.000000000000000000e+00 7.000000000000000000e+00 1.215785581340465978e+04
6.000000000000000000e+00 1.700000000000000000e+01 1.598389007941342425e+04
7.000000000000000000e+00 5.000000000000000000e+00 1.255745753424990471e+04
7.000000000000000000e+00 6.000000000000000000e+00 1.209425693825961753e+04
7.000000000000000000e+00 8.000000000000000000e+00 6.923089079449492601e+03
7.000000000000000000e+00 1.500000000000000000e+01 8.408280812669820079e+03
8.000000000000000000e+00 4.000000000000000000e+00 1.580262869181860151e+04
8.000000000000000000e+00 7.000000000000000000e+00 6.880230846471295081e+03
8.000000000000000000e+00 9.000000000000000000e+00 2.170950554628267855e+04
9.000000000000000000e+00 8.000000000000000000e+00 2.177845853782364793e+04
9.000000000000000000e+00 1.000000000000000000e+01 1.772380967824996696e+04
9.000000000000000000e+00 1.400000000000000000e+01 2.306713671251295091e+04
9.000000000000000000e+00 1.500000000000000000e+01 1.108347918098074115e+04
9.000000000000000000e+00 1.600000000000000000e+01 8.100140680839725974e+03
1.000000000000000000e+01 3.000000000000000000e+00 5.307126502566738964e+03
1.000000000000000000e+01 9.000000000000000000e+00 1.760153656013579166e+04
1.000000000000000000e+01 1.100000000000000000e+01 8.363563651176276835e+03
1.000000000000000000e+01 1.300000000000000000e+01 9.759581577344419202e+03
1.100000000000000000e+01 2.000000000000000000e+00 1.002438213063723197e+04
1.100000000000000000e+01 1.000000000000000000e+01 8.400516030323497034e+03
1.100000000000000000e+01 1.200000000000000000e+01 1.233570237766880018e+04
1.200000000000000000e+01 1.100000000000000000e+01 1.242656108700532604e+04
1.200000000000000000e+01 2.300000000000000000e+01 1.108996066866043657e+04
1.300000000000000000e+01 1.000000000000000000e+01 9.799122668602087288e+03
1.300000000000000000e+01 1.400000000000000000e+01 9.033262816824475522e+03
1.300000000000000000e+01 2.200000000000000000e+01 8.427090501362539726e+03
1.400000000000000000e+01 9.000000000000000000e+00 2.313431615440232054e+04
1.400000000000000000e+01 1.300000000000000000e+01 9.079067744832023891e+03
1.400000000000000000e+01 1.800000000000000000e+01 1.908813266225413463e+04
1.400000000000000000e+01 2.100000000000000000e+01 1.845766337070690861e+04
1.500000000000000000e+01 7.000000000000000000e+00 8.423056027275422821e+03
1.500000000000000000e+01 9.000000000000000000e+00 1.110732661893078875e+04
1.500000000000000000e+01 1.600000000000000000e+01 1.180956932858672553e+04
1.500000000000000000e+01 1.700000000000000000e+01 1.557367530799357519e+04
1.600000000000000000e+01 9.000000000000000000e+00 8.100339910655437961e+03
1.600000000000000000e+01 1.500000000000000000e+01 1.179766269455527072e+04
1.600000000000000000e+01 1.800000000000000000e+01 9.965641278744633382e+03
1.700000000000000000e+01 6.000000000000000000e+00 1.604748895455846832e+04
1.700000000000000000e+01 1.500000000000000000e+01 1.562420459458067126e+04
1.700000000000000000e+01 1.900000000000000000e+01 1.921939888634143063e+04
1.800000000000000000e+01 1.400000000000000000e+01 1.912213873833714388e+04
1.800000000000000000e+01 1.600000000000000000e+01 9.953933874528884189e+03
1.800000000000000000e+01 1.900000000000000000e+01 8.805526264835092661e+03
1.900000000000000000e+01 1.700000000000000000e+01 1.923352704807357804e+04
1.900000000000000000e+01 1.800000000000000000e+01 8.827824936702374544e+03
1.900000000000000000e+01 2.000000000000000000e+01 6.190633170172606697e+03
1.900000000000000000e+01 2.100000000000000000e+01 7.003024675465845576e+03
2.000000000000000000e+01 1.900000000000000000e+01 6.127508360631300093e+03
2.000000000000000000e+01 2.100000000000000000e+01 8.704691226340479261e+03
2.000000000000000000e+01 2.300000000000000000e+01 1.027863543224077148e+04
2.100000000000000000e+01 1.400000000000000000e+01 1.843664166452083009e+04
2.100000000000000000e+01 1.900000000000000000e+01 7.002576318606574205e+03
2.100000000000000000e+01 2.000000000000000000e+01 8.689884179913771732e+03
2.100000000000000000e+01 2.200000000000000000e+01 9.658937494522306224e+03
2.200000000000000000e+01 1.300000000000000000e+01 8.420826664612663080e+03
2.200000000000000000e+01 2.100000000000000000e+01 9.622660385050261539e+03
2.200000000000000000e+01 2.300000000000000000e+01 7.900557193952452508e+03
2.300000000000000000e+01 1.200000000000000000e+01 1.108081937799695879e+04
2.300000000000000000e+01 2.000000000000000000e+01 1.023031766912616513e+04
2.300000000000000000e+01 2.200000000000000000e+01 7.858016247730532996e+03
