0.000000000000000000e+00 1.000000000000000000e+00 5.069789659126536208e+03
0.000000000000000000e+00 2.000000000000000000e+00 8.351485758656823236e+03
1.000000000000000000e+00 0.000000000000000000e+00 4.751880440573529086e+03
1.000000000000000000e+00 5.000000000000000000e+00 6.251635462742689015e+03
2.000000000000000000e+00 0.000000000000000000e+00 8.669394977209825811e+03
2.000000000000000000e+00 3.000000000000000000e+00 1.516265783081443806e+04
2.000000000000000000e+00 1.100000000000000000e+01 1.064065872660016248e+04
3.000000000000000000e+00 2.000000000000000000e+00 1.460356386258389830e+04
3.000000000000000000e+00 4.000000000000000000e+00 1.915908361717263324e+04
3.000000000000000000e+00 1.000000000000000000e+01 4.983321569452348740e+03
4.000000000000000000e+00 3.000000000000000000e+00 1.837585696088517943e+04
4.000000000000000000e+00 5.000000000000000000e+00 8.846985652161098187e+03
4.000000000000000000e+00 8.000000000000000000e+00 1.649504303637644989e+04
5.000000000000000000e+00 1.000000000000000000e+00 5.933726244189675526e+03
5.000000000000000000e+00 4.000000000000000000e+00 8.755408747643488823e+03
5.000000000000000000e+00 7.000000000000000000e+00 1.291538775464893479e+04
6.000000000000000000e+00 7.000000000000000000e+00 1.204793678660079786e+04
6.000000000000000000e+00 1.700000000000000000e+01 1.587239945609475399e+04
7.000000000000000000e+00 5.000000000000000000e+00 1.250590163157832649e+04
7.000000000000000000e+00 6.000000000000000000e+00 1.262613487693516254e+04
7.000000000000000000e+00 8.000000000000000000e+00 6.814186128247905799e+03
7.000000000000000000e+00 1.500000000000000000e+01 8.557068771957752688e+03
8.000000000000000000e+00 4.000000000000000000e+00 1.580339328460658908e+04
8.000000000000000000e+00 7.000000000000000000e+00 7.167611215648477810e+03
8.000000000000000000e+00 9.000000000000000000e+00 2.211964463087278273e+04
9.000000000000000000e+00 8.000000000000000000e+00 2.188141996650346846e+04
9.000000000000000000e+00 1.000000000000000000e+01 1.791305739878757231e+04
9.000000000000000000e+00 1.400000000000000000e+01 2.328250162078808353e+04
9.000000000000000000e+00 1.500000000000000000e+01 1.126971374815989111e+04
9.000000000000000000e+00 1.600000000000000000e+01 8.101322899409913589e+03
1.000000000000000000e+01 3.000000000000000000e+00 5.307454257509264608e+03
1.000000000000000000e+01 9.000000000000000000e+00 1.793887500974056456e+04
1.000000000000000000e+01 1.100000000000000000e+01 8.306965638303121523e+03
1.000000000000000000e+01 1.300000000000000000e+01 9.736722328567759178e+03
1.100000000000000000e+01 2.000000000000000000e+00 1.151766191338372664e+04
1.100000000000000000e+01 1.000000000000000000e+01 8.593694189320916848e+03
1.100000000000000000e+01 1.200000000000000000e+01 1.244656073638245471e+04
1.200000000000000000e+01 1.100000000000000000e+01 1.371029247418384330e+04
1.200000000000000000e+01 2.300000000000000000e+01 1.002919921245459773e+04
1.300000000000000000e+01 1.000000000000000000e+01 9.899944076559875612e+03
1.300000000000000000e+01 1.400000000000000000e+01 9.315746761096050250e+03
1.300000000000000000e+01 2.200000000000000000e+01 8.232994930938923062e+03
1.400000000000000000e+01 9.000000000000000000e+00 2.317085598357091658e+04
1.400000000000000000e+01 1.300000000000000000e+01 9.063556643917430847e+03
1.400000000000000000e+01 1.800000000000000000e+01 2.015268555837346867e+04
1.400000000000000000e+01 2.100000000000000000e+01 1.832645966943744861e+04
1.500000000000000000e+01 7.000000000000000000e+00 8.372355651820926141e+03
1.500000000000000000e+01 9.000000000000000000e+00 1.101835945362429266e+04
1.500000000000000000e+01 1.600000000000000000e+01 1.139867201845760792e+04
1.500000000000000000e+01 1.700000000000000000e+01 1.489987907641907623e+04
1.600000000000000000e+01 9.000000000000000000e+00 8.100280555840364286e+03
1.600000000000000000e+01 1.500000000000000000e+01 1.172541940713479380e+04
1.600000000000000000e+01 1.800000000000000000e+01 9.850748913137655109e+03
1.700000000000000000e+01 6.000000000000000000e+00 1.529420136576038203e+04
1.700000000000000000e+01 1.500000000000000000e+01 1.413706427306944533e+04
1.700000000000000000e+01 1.900000000000000000e+01 1.885197287606244208e+04
1.800000000000000000e+01 1.400000000000000000e+01 1.936333689468701414e+04
1.800000000000000000e+01 1.600000000000000000e+01 1.017645395824531261e+04
1.800000000000000000e+01 1.900000000000000000e+01 8.978496308901478187e+03
1.900000000000000000e+01 1.700000000000000000e+01 1.741095998237847016e+04
1.900000000000000000e+01 1.800000000000000000e+01 8.514852690322672061e+03
1.900000000000000000e+01 2.000000000000000000e+01 5.997547150480926575e+03
1.900000000000000000e+01 2.100000000000000000e+01 7.002707724420297382e+03
2.000000000000000000e+01 1.900000000000000000e+01 0.000000000000000000e+00
2.000000000000000000e+01 2.100000000000000000e+01 1.247142760413467113e+04
2.000000000000000000e+01 2.300000000000000000e+01 1.025682955252192914e+04
2.100000000000000000e+01 1.400000000000000000e+01 1.865197257872814589e+04
2.100000000000000000e+01 1.900000000000000000e+01 1.099559836263843499e+04
2.100000000000000000e+01 2.000000000000000000e+01 8.559854136772990387e+03
2.100000000000000000e+01 2.200000000000000000e+01 9.558293736969098973e+03
2.200000000000000000e+01 1.300000000000000000e+01 8.648406796109658899e+03
2.200000000000000000e+01 2.100000000000000000e+01 9.965123817116238570e+03
2.200000000000000000e+01 2.300000000000000000e+01 8.036183240635649781e+03
2.300000000000000000e+01 1.200000000000000000e+01 1.119293095025597358e+04
2.300000000000000000e+01 2.000000000000000000e+01 8.170855869402679673e+03
2.300000000000000000e+01 2.200000000000000000e+01 8.858425185953523396e+03
