0.000000000000000000e+00 1.000000000000000000e+00 4.494590617956289861e+03
0.000000000000000000e+00 2.000000000000000000e+00 8.120071738430991900e+03
1.000000000000000000e+00 0.000000000000000000e+00 4.520810718251683284e+03
1.000000000000000000e+00 5.000000000000000000e+00 5.967810798416224316e+03
2.000000000000000000e+00 0.000000000000000000e+00 8.093851638135601206e+03
2.000000000000000000e+00 3.000000000000000000e+00 1.402314231877140992e+04
2.000000000000000000e+00 1.100000000000000000e+01 1.003792621694955233e+04
3.000000000000000000e+00 2.000000000000000000e+00 1.404095301187738551e+04
3.000000000000000000e+00 4.000000000000000000e+00 1.801980674301765248e+04
3.000000000000000000e+00 1.000000000000000000e+01 5.211675439441011804e+03
4.000000000000000000e+00 3.000000000000000000e+00 1.804134309565494914e+04
4.000000000000000000e+00 5.000000000000000000e+00 8.796472597399986626e+03
4.000000000000000000e+00 8.000000000000000000e+00 1.578960193501342474e+04
5.000000000000000000e+00 1.000000000000000000e+00 5.994030898711615919e+03
5.000000000000000000e+00 4.000000000000000000e+00 8.801719081119555995e+03
5.000000000000000000e+00 7.000000000000000000e+00 1.249106424243560105e+04
6.000000000000000000e+00 7.000000000000000000e+00 1.210507096471184377e+04
6.000000000000000000e+00 1.700000000000000000e+01 1.580140473103920340e+04
7.000000000000000000e+00 5.000000000000000000e+00 1.252253082645058021e+04
7.000000000000000000e+00 6.000000000000000000e+00 1.204099671650505115e+04
7.000000000000000000e+00 8.000000000000000000e+00 6.885662832386973605e+03
7.000000000000000000e+00 1.500000000000000000e+01 8.386941092045190089e+03
8.000000000000000000e+00 4.000000000000000000e+00 1.580589180393114657e+04
8.000000000000000000e+00 7.000000000000000000e+00 6.836779971728781675e+03
8.000000000000000000e+00 9.000000000000000000e+00 2.174994104845617403e+04
9.000000000000000000e+00 8.000000000000000000e+00 2.181734805671570575e+04
9.000000000000000000e+00 1.000000000000000000e+01 1.772802359760399486e+04
9.000000000000000000e+00 1.400000000000000000e+01 2.312701319263144251e+04
9.000000000000000000e+00 1.500000000000000000e+01 1.104825357127154348e+04
9.000000000000000000e+00 1.600000000000000000e+01 8.100294756115408745e+03
1.000000000000000000e+01 3.000000000000000000e+00 5.307949779909697099e+03
1.000000000000000000e+01 9.000000000000000000e+00 1.760345047853500728e+04
1.000000000000000000e+01 1.100000000000000000e+01 8.366033254400419537e+03
1.000000000000000000e+01 1.300000000000000000e+01 9.779236179889359846e+03
1.100000000000000000e+01 2.000000000000000000e+00 9.993895423548185136e+03
1.100000000000000000e+01 1.000000000000000000e+01 8.400801047534292593e+03
1.100000000000000000e+01 1.200000000000000000e+01 1.230278860191840795e+04
1.200000000000000000e+01 1.100000000000000000e+01 1.239352560165090654e+04
1.200000000000000000e+01 2.300000000000000000e+01 1.111944851535105954e+04
1.300000000000000000e+01 1.000000000000000000e+01 9.816169608155203605e+03
1.300000000000000000e+01 1.400000000000000000e+01 9.035325627669417372e+03
1.300000000000000000e+01 2.200000000000000000e+01 8.396533811983432315e+03
1.400000000000000000e+01 9.000000000000000000e+00 2.319462516034835789e+04
1.400000000000000000e+01 1.300000000000000000e+01 9.078384146177950242e+03
1.400000000000000000e+01 1.800000000000000000e+01 1.908226326659081678e+04
1.400000000000000000e+01 2.100000000000000000e+01 1.840497324147067775e+04
1.500000000000000000e+01 7.000000000000000000e+00 8.403216288511555831e+03
1.500000000000000000e+01 9.000000000000000000e+00 1.107228829941429649e+04
1.500000000000000000e+01 1.600000000000000000e+01 1.168693405138679191e+04
1.500000000000000000e+01 1.700000000000000000e+01 1.529089439450618011e+04
1.600000000000000000e+01 9.000000000000000000e+00 8.100628187584229636e+03
1.600000000000000000e+01 1.500000000000000000e+01 1.167629760625207382e+04
1.600000000000000000e+01 1.800000000000000000e+01 9.953576148417036165e+03
1.700000000000000000e+01 6.000000000000000000e+00 1.586547897924599965e+04
1.700000000000000000e+01 1.500000000000000000e+01 1.534184076425003877e+04
1.700000000000000000e+01 1.900000000000000000e+01 1.899098060174859347e+04
1.800000000000000000e+01 1.400000000000000000e+01 1.911604673130108858e+04
1.800000000000000000e+01 1.600000000000000000e+01 9.943273134751127145e+03
1.800000000000000000e+01 1.900000000000000000e+01 8.682470267061074992e+03
1.900000000000000000e+01 1.700000000000000000e+01 1.900600121969923566e+04
1.900000000000000000e+01 1.800000000000000000e+01 8.705950718105426859e+03
1.900000000000000000e+01 2.000000000000000000e+01 6.304513995895929838e+03
1.900000000000000000e+01 2.100000000000000000e+01 7.002332974554079556e+03
2.000000000000000000e+01 1.900000000000000000e+01 6.244232376935660795e+03
2.000000000000000000e+01 2.100000000000000000e+01 8.617502329936836759e+03
2.000000000000000000e+01 2.300000000000000000e+01 1.030644712772917774e+04
2.100000000000000000e+01 1.400000000000000000e+01 1.838186026298587240e+04
2.100000000000000000e+01 1.900000000000000000e+01 7.001115662509341746e+03
2.100000000000000000e+01 2.000000000000000000e+01 8.606819586251207511e+03
2.100000000000000000e+01 2.200000000000000000e+01 9.659164310777170613e+03
2.200000000000000000e+01 1.300000000000000000e+01 8.390408721740732290e+03
2.200000000000000000e+01 2.100000000000000000e+01 9.624151276562004568e+03
2.200000000000000000e+01 2.300000000000000000e+01 7.901383635865776341e+03
2.300000000000000000e+01 1.200000000000000000e+01 1.111018551508355631e+04
2.300000000000000000e+01 2.000000000000000000e+01 1.025684825245454704e+04
2.300000000000000000e+01 2.200000000000000000e+01 7.860245511407910271e+03
