0.000000000000000000e+00 1.000000000000000000e+00 4.505858418046945189e+03
0.000000000000000000e+00 2.000000000000000000e+00 8.099211747433529126e+03
1.000000000000000000e+00 0.000000000000000000e+00 4.500150941954690097e+03
1.000000000000000000e+00 5.000000000000000000e+00 5.982752946233732473e+03
2.000000000000000000e+00 0.000000000000000000e+00 8.104919223525782400e+03
2.000000000000000000e+00 3.000000000000000000e+00 1.404393165989051704e+04
2.000000000000000000e+00 1.100000000000000000e+01 1.002372967205353052e+04
3.000000000000000000e+00 2.000000000000000000e+00 1.404599590306689061e+04
3.000000000000000000e+00 4.000000000000000000e+00 1.803940317996451267e+04
3.000000000000000000e+00 1.000000000000000000e+01 5.211197170095107140e+03
4.000000000000000000e+00 3.000000000000000000e+00 1.804657208710625855e+04
4.000000000000000000e+00 5.000000000000000000e+00 8.801488869467799304e+03
4.000000000000000000e+00 8.000000000000000000e+00 1.580676947635361284e+04
5.000000000000000000e+00 1.000000000000000000e+00 5.977045470141472833e+03
5.000000000000000000e+00 4.000000000000000000e+00 8.799584837184227581e+03
5.000000000000000000e+00 7.000000000000000000e+00 1.250726004309826203e+04
6.000000000000000000e+00 7.000000000000000000e+00 1.204815223705538301e+04
6.000000000000000000e+00 1.700000000000000000e+01 1.581873469378303707e+04
7.000000000000000000e+00 5.000000000000000000e+00 1.249964853472244613e+04
7.000000000000000000e+00 6.000000000000000000e+00 1.206942499975513238e+04
7.000000000000000000e+00 8.000000000000000000e+00 6.840329268146677350e+03
7.000000000000000000e+00 1.500000000000000000e+01 8.395272546075097125e+03
8.000000000000000000e+00 4.000000000000000000e+00 1.581584241577892681e+04
8.000000000000000000e+00 7.000000000000000000e+00 6.856251006351783872e+03
8.000000000000000000e+00 9.000000000000000000e+00 2.174829363191554148e+04
9.000000000000000000e+00 8.000000000000000000e+00 2.187328830954596197e+04
9.000000000000000000e+00 1.000000000000000000e+01 1.771114699911311982e+04
9.000000000000000000e+00 1.400000000000000000e+01 2.312478114862839357e+04
9.000000000000000000e+00 1.500000000000000000e+01 1.106110229390037421e+04
9.000000000000000000e+00 1.600000000000000000e+01 8.099928968445520695e+03
1.000000000000000000e+01 3.000000000000000000e+00 5.306092506129746653e+03
1.000000000000000000e+01 9.000000000000000000e+00 1.760869049726485537e+04
1.000000000000000000e+01 1.100000000000000000e+01 8.383926485832522303e+03
1.000000000000000000e+01 1.300000000000000000e+01 9.776734390512179743e+03
1.100000000000000000e+01 2.000000000000000000e+00 1.002737290496940477e+04
1.100000000000000000e+01 1.000000000000000000e+01 8.412202945182070835e+03
1.100000000000000000e+01 1.200000000000000000e+01 1.230910826374811586e+04
1.200000000000000000e+01 1.100000000000000000e+01 1.244102795601355137e+04
1.200000000000000000e+01 2.300000000000000000e+01 1.107617470009729368e+04
1.300000000000000000e+01 1.000000000000000000e+01 9.840896765348988993e+03
1.300000000000000000e+01 1.400000000000000000e+01 9.035685214801946131e+03
1.300000000000000000e+01 2.200000000000000000e+01 8.479252460222369336e+03
1.400000000000000000e+01 9.000000000000000000e+00 2.327260213127308816e+04
1.400000000000000000e+01 1.300000000000000000e+01 9.071892800112322220e+03
1.400000000000000000e+01 1.800000000000000000e+01 1.882359022846322841e+04
1.400000000000000000e+01 2.100000000000000000e+01 1.843962423255976319e+04
1.500000000000000000e+01 7.000000000000000000e+00 8.393012062193924066e+03
1.500000000000000000e+01 9.000000000000000000e+00 1.103922986848642358e+04
1.500000000000000000e+01 1.600000000000000000e+01 1.136472881491208500e+04
1.500000000000000000e+01 1.700000000000000000e+01 1.565611183797435842e+04
1.600000000000000000e+01 9.000000000000000000e+00 8.101431590693454382e+03
1.600000000000000000e+01 1.500000000000000000e+01 1.142810832154656964e+04
1.600000000000000000e+01 1.800000000000000000e+01 9.570856389220063647e+03
1.700000000000000000e+01 6.000000000000000000e+00 1.579746193108328953e+04
1.700000000000000000e+01 1.500000000000000000e+01 1.556859942204473191e+04
1.700000000000000000e+01 1.900000000000000000e+01 1.941524995555596979e+04
1.800000000000000000e+01 1.400000000000000000e+01 1.864319893281238183e+04
1.800000000000000000e+01 1.600000000000000000e+01 9.635738518102496528e+03
1.800000000000000000e+01 1.900000000000000000e+01 8.767432755878326134e+03
1.900000000000000000e+01 1.700000000000000000e+01 1.920646477692658300e+04
1.900000000000000000e+01 1.800000000000000000e+01 8.651923589109908789e+03
1.900000000000000000e+01 2.000000000000000000e+01 6.181065776491307588e+03
1.900000000000000000e+01 2.100000000000000000e+01 7.699316492114758148e+03
2.000000000000000000e+01 1.900000000000000000e+01 6.454201324944478074e+03
2.000000000000000000e+01 2.100000000000000000e+01 8.408497057048814895e+03
2.000000000000000000e+01 2.300000000000000000e+01 1.030665639918251327e+04
2.100000000000000000e+01 1.400000000000000000e+01 1.870404409616565317e+04
2.100000000000000000e+01 1.900000000000000000e+01 7.001886598263802625e+03
2.100000000000000000e+01 2.000000000000000000e+01 8.727267102051508118e+03
2.100000000000000000e+01 2.200000000000000000e+01 9.695378633853608335e+03
2.200000000000000000e+01 1.300000000000000000e+01 8.507207249748807953e+03
2.200000000000000000e+01 2.100000000000000000e+01 9.581138648611247845e+03
2.200000000000000000e+01 2.300000000000000000e+01 7.898847283265250553e+03
2.300000000000000000e+01 1.200000000000000000e+01 1.110809439236273465e+04
2.300000000000000000e+01 2.000000000000000000e+01 1.026102190263299235e+04
2.300000000000000000e+01 2.200000000000000000e+01 7.812562087549334137e+03
