i	j	       0	       1	       2	       3	       4	       5	       6	       7	       8	       9	      10	      11	      12	      13	      14	      15	      16	      17	      18	      19	      20	      21	      22	      23
0	1	 2600.30	    0.00	  267.08	  199.98	   14.43	    0.00	    0.01	    0.02	   28.81	   86.44	  199.98	  497.64	  465.87	  100.00	   14.44	    0.02	    0.02	    0.00	    0.01	    0.00	    0.01	    0.05	    0.15	   26.52
0	2	 6199.70	 1185.57	    0.00	    0.00	    0.00	  235.51	  134.97	  234.30	    0.00	    0.00	    0.00	    0.00	    0.00	    0.00	    0.00	   96.60	    0.00	   33.31	    0.00	    0.02	    0.00	    0.00	    0.00	    0.00
1	0	    0.00	 1285.57	    0.00	    0.00	    0.00	  535.51	  634.95	 1034.27	    0.00	    0.00	    0.00	    0.00	    0.00	    0.00	    0.00	  596.54	    0.37	  133.31	    0.03	  299.99	    0.00	    0.00	    0.00	    0.00
1	5	 2500.30	 2714.43	  167.08	    0.00	    0.03	    0.00	    0.00	    0.00	    0.00	    0.00	    0.00	  397.64	  165.87	    0.00	    0.00	    0.00	    0.00	    0.00	    0.00	    0.00	    0.01	    0.00	    0.15	   26.52
2	0	    0.00	    0.00	  367.08	  699.98	  214.43	    0.00	    0.03	    0.05	  528.81	 1386.44	  699.98	  697.64	  965.87	  400.00	  514.44	    0.08	  399.65	    0.00	  299.98	    0.04	  100.01	  400.05	  300.15	  126.52
2	3	 4499.45	  685.39	 1932.78	    0.00	    0.00	    0.07	    0.00	    0.00	    0.00	    0.00	    0.00	 3719.36	 2501.39	    0.09	    0.00	    0.00	    0.00	    0.00	    0.00	    0.00	  202.70	    0.23	    2.09	  473.21
2	11	 1600.25	  400.18	  500.15	 1601.72	  403.15	  500.37	  772.64	 1200.00	 1399.78	  658.96	    0.43	    0.00	    0.00	    0.14	   49.46	  542.45	  185.86	  199.47	   21.20	    0.16	    0.00	    0.07	    0.07	    0.00
3	2	    0.00	    0.00	    0.00	 2501.70	  717.58	  564.93	  737.70	 1165.75	 2028.59	 2345.41	 1000.01	    0.00	    0.00	  499.86	  663.84	  645.92	  685.51	  166.17	  321.18	    0.16	    0.01	    0.13	    0.12	    0.01
3	4	 3197.38	  185.29	 1332.49	 6697.15	    0.00	    0.00	    0.00	    0.00	    0.00	    0.00	  904.95	 3118.98	 1901.07	  200.06	    0.06	    0.00	    0.00	    0.00	    0.02	    0.00	    2.86	    0.21	  199.89	  273.24
3	10	  802.07	  300.15	  400.29	 2401.15	  699.97	  599.73	    0.10	    4.40	    0.74	    0.17	    0.00	    0.39	    0.32	    0.07	    0.06	    0.13	    0.04	    0.02	    0.02	    0.03	    0.02	    0.05	    0.06	    0.03
4	3	    0.00	    0.05	    0.00	    0.00	 1917.55	 1564.60	 1137.80	 1870.15	 2729.33	 3545.18	    0.00	    0.00	    0.00	    0.00	 1162.54	 1446.05	 1185.27	  266.18	  520.63	  300.18	    0.03	  399.08	    0.00	    0.00
4	5	    0.00	    0.00	  556.58	 2300.28	  937.99	    0.00	    0.02	    0.03	  571.19	 1313.43	  404.62	 1541.09	  609.29	  100.00	  285.43	    0.04	    0.10	    0.00	    0.15	    0.01	    0.05	    0.02	   99.84	   73.46
4	8	 2997.38	  899.80	  675.91	 3896.87	 3244.46	 1400.01	    0.03	    0.12	    0.00	    0.00	    0.33	 1377.89	 1091.78	    0.06	    0.00	    0.07	    0.00	    0.01	    0.00	    0.03	    0.00	    0.00	    0.05	  199.78
5	1	    0.00	    0.00	    0.00	    0.02	   85.60	  935.51	  834.94	 1434.25	  171.19	  513.56	    0.02	    0.00	    0.00	    0.01	   85.56	  996.52	  200.35	  133.31	  100.02	  399.98	    0.00	   99.95	    0.00	    0.00
5	4	    0.00	  814.55	    0.00	    0.00	    0.00	 3164.61	 1036.04	 1820.13	    0.00	    0.00	    0.00	    0.00	    0.00	    0.00	    0.00	 1458.29	    0.07	  204.50	    0.03	  307.02	    0.00	    0.00	    0.00	    0.00
5	7	 2200.30	 1499.87	  423.65	 1900.26	  652.42	 3499.88	    0.00	    0.00	    0.00	    0.00	    4.61	 1738.72	  575.16	    0.00	    0.00	    0.00	    0.00	    0.00	    0.00	    0.00	    0.00	    0.00	    0.00	    0.00
6	7	    0.00	    0.00	    0.00	    0.00	    0.00	    0.00	 4175.44	    0.00	    0.00	    0.12	    0.06	    0.00	    0.00	  399.91	  599.95	  392.06	  135.03	  999.61	  999.61	 2599.61	  500.04	  799.89	  299.99	  200.00
6	17	  431.45	  337.56	    7.98	  430.52	  119.10	  987.89	 7924.56	 4525.32	  820.86	    0.57	    0.14	  216.92	    0.02	    0.00	    0.00	    0.00	    0.00	    0.00	    0.00	    0.00	    0.00	    0.00	    0.00	    0.00
7	5	    0.00	    0.00	    0.00	    0.00	    0.00	    0.00	 2270.96	 4054.34	    0.00	    0.13	    0.00	    0.00	    0.00	    0.00	    0.13	 3354.78	  700.33	  437.80	  299.90	 1006.99	   99.95	  299.92	    0.00	    0.01
7	6	  931.45	  537.56	  107.98	  830.52	  319.10	 1387.89	    0.00	 5525.32	 1420.76	    6.45	    1.66	  916.66	   59.86	    0.00	    0.00	    0.00	    0.09	    0.00	    0.00	    0.00	    0.00	    0.00	    0.00	    0.00
7	8	    0.00	    0.00	    0.00	    0.00	    0.00	    0.00	  904.48	 3745.16	    0.00	    0.00	    0.00	    0.00	    0.00	    0.00	    0.00	 1276.62	    0.00	  261.88	    0.00	  692.77	    0.11	    0.00	    0.00	    0.00
7	15	  468.93	  562.36	  171.91	  684.04	  427.51	 1312.09	    0.00	 3375.18	  923.32	    0.46	    0.22	  458.43	    0.14	    0.00	    0.00	    0.00	    0.00	    0.00	    0.00	    0.00	    0.00	    0.00	    0.00	    0.00
8	4	    0.00	    0.00	    0.00	    0.00	    0.00	    0.00	  301.81	  550.17	 4100.52	 5858.61	    0.00	    0.00	    0.00	    0.00	 1647.91	  487.87	 1385.30	   61.70	  620.74	   93.21	   97.22	  598.89	    0.00	    0.00
8	7	    0.08	    0.04	   56.24	  314.30	  594.18	    0.09	    0.00	    0.00	 3144.08	 1606.64	  797.22	  236.37	   84.84	    0.03	    0.00	    0.00	    0.21	    0.00	    0.00	    0.00	    0.00	    0.00	    0.00	    0.00
8	9	 2497.30	  699.75	  519.67	 2882.57	 1850.27	  999.92	    2.90	 2395.10	 8955.40	    0.00	    0.00	  541.58	  406.99	    0.00	    0.00	    0.26	    0.00	    0.37	    0.00	    0.26	    0.00	    0.00	    0.00	    0.00
9	8	    0.00	    0.00	    0.00	    0.00	    0.00	    0.00	    0.21	    0.00	    0.00	10265.25	 2196.89	    0.06	    0.06	  599.97	 2647.91	  611.44	 2285.51	    0.18	 1020.74	    0.66	  397.11	 1298.89	  499.95	    0.22
9	10	    0.00	    0.00	    0.00	    0.00	    0.00	    0.00	  499.90	  795.60	 1716.91	 8405.49	    0.00	    0.00	    0.00	    0.00	 1287.25	 1557.69	 1913.86	  199.97	  426.15	  426.69	    2.63	  495.61	    0.00	    0.00
9	14	  799.52	  100.01	   99.94	 1099.10	  596.88	  199.95	    0.00	    0.00	 3082.57	14594.01	 1893.61	  652.88	    6.57	    0.00	    0.00	    0.00	    0.84	    0.00	    0.00	    0.00	    0.00	    0.00	    0.00	    0.00
9	15	    0.04	    0.00	   20.11	   85.49	   53.43	    0.00	    0.00	    0.00	  456.07	 8035.15	 2173.54	  224.17	    0.36	    0.00	    0.00	    0.00	    0.00	    0.00	    0.00	    0.00	    0.00	    0.00	    0.00	    0.00
9	16	  399.58	    0.02	   99.98	  499.92	  199.97	    0.04	    0.09	    0.12	  899.85	 3900.10	  999.87	  599.90	  499.92	    0.06	    0.13	    0.12	    0.00	    0.05	    0.07	    0.15	    0.05	    0.15	    0.05	    0.03
10	3	    0.00	    0.00	    0.00	    0.00	    0.00	    0.00	    0.00	    0.00	    0.00	    0.39	 3404.95	    0.00	    0.00	 1199.91	    1.42	    0.00	    0.28	    0.00	    0.58	    0.00	    0.16	    1.07	  697.98	    0.06
10	9	    1.84	    0.22	    0.37	    1.94	    0.00	    0.00	    0.00	    0.00	    0.00	    0.00	11163.91	 2935.43	 1999.91	 1123.86	    0.00	    0.00	    0.00	    0.00	    0.00	    0.00	    0.00	    0.00	  326.17	   52.17
10	11	    0.00	    0.00	    0.00	    0.00	    0.00	    0.00	    0.00	    0.00	    0.11	 3241.04	 2400.49	    0.00	    0.00	  714.82	  655.58	  157.96	  913.91	    0.09	  280.94	    0.00	    0.00	    0.00	    0.00	    0.00
10	13	  300.56	  100.05	  100.08	  999.30	  200.00	  199.75	    0.00	    0.00	  317.54	 1164.23	 5330.64	 1046.85	   19.68	    0.00	    0.00	    0.00	    0.00	    0.00	    0.00	    0.00	    0.00	    0.00	    0.00	    0.00
11	2	    0.00	    0.00	    0.00	    0.00	    0.00	    0.00	    0.00	    0.00	    0.00	    0.00	    0.41	 4617.00	 3567.25	    0.36	    0.06	    0.00	    0.00	    0.00	    0.00	    0.02	  302.69	  500.23	  402.20	  599.73
11	10	    0.32	    0.12	    0.16	    0.09	    0.03	    0.02	    0.00	    0.00	    0.00	    0.00	    0.00	 5381.90	 3019.27	    0.00	    0.00	    0.00	    0.00	    0.00	    0.00	    0.00	    0.17	    0.00	    0.00	    0.26
11	12	 1399.92	  300.06	  299.98	 1001.63	  203.12	  300.36	   72.82	  600.00	  799.89	 1900.00	 1000.52	 3901.10	    0.00	   15.18	    4.99	    0.58	  499.77	    0.03	    2.14	    0.06	    0.00	    0.00	    0.00	    0.00
12	11	    0.00	    0.00	    0.00	    0.00	    0.00	    0.00	    0.17	    0.00	    0.00	    0.00	    0.00	    0.00	 7886.52	    0.58	    0.00	    0.17	    0.00	    0.46	    0.00	  499.92	  602.87	 1200.16	 1102.13	 1099.99
12	23	  899.92	    0.06	  199.98	  401.63	    3.12	  100.36	    0.00	    0.00	  199.89	    0.00	    0.52	 2601.10	 6713.48	    0.00	    0.00	    0.00	    0.00	    0.00	    0.00	    0.00	    0.00	    0.00	    0.00	    0.00
13	10	    0.00	    0.00	    0.00	    0.00	    0.00	    0.00	    0.00	    0.00	    0.00	    0.00	    0.00	    0.00	    0.00	 4638.52	  769.70	    0.15	    0.28	    0.10	  255.36	  173.29	  397.33	  605.41	 2324.09	  651.95
13	14	    0.50	    0.06	    0.07	    0.63	    0.25	    0.11	    0.00	    0.00	    0.00	    0.00	 1040.66	  346.88	  103.41	 6227.24	    0.00	    0.00	    0.00	    0.00	    0.00	    0.00	    0.00	    0.00	 1182.63	  132.68
13	22	    0.07	    0.00	    0.02	  498.68	   99.76	   99.64	    0.00	    0.00	  193.55	  803.18	 2690.04	    0.00	    0.00	 3234.24	  430.09	    0.00	  216.51	    0.00	  133.51	    0.00	    0.00	    0.00	    0.00	    0.00
14	9	    0.00	    0.00	    0.00	    0.00	    0.00	    0.00	    0.00	    0.00	    0.00	    0.00	    0.00	    0.00	    0.00	 1576.17	 7935.29	    0.31	    0.66	    0.06	 3246.75	 1720.51	 1599.80	 4394.65	 1973.83	  748.08
14	13	    0.00	    0.00	    0.00	    0.00	    0.00	    0.00	  199.70	  399.43	  476.02	 1738.95	    0.07	    0.00	    0.00	    0.00	 2499.79	  699.16	  916.79	   99.85	  688.85	  671.89	    0.00	  688.42	    0.00	    0.00
14	18	  300.02	    0.08	    0.01	  200.06	  100.02	    0.13	    0.02	    0.03	  400.13	 3258.23	  824.51	  300.04	  283.12	 2898.20	 5899.84	    0.06	    0.42	    0.01	    0.00	    0.05	  554.71	 2899.91	  899.98	  261.55
14	21	    0.00	    0.00	    0.00	  399.68	  297.10	    0.00	    0.00	    0.00	 1306.43	 5596.82	  709.70	    0.00	    0.00	  452.87	 5065.08	    0.24	 2488.23	    0.00	 2084.65	    0.00	    0.00	    0.00	    0.00	    0.00
15	7	    0.00	    0.00	    0.00	    0.00	    0.00	    0.00	    0.00	    0.00	    0.00	    0.28	    0.00	    0.00	    0.00	    0.06	    0.18	 6439.34	 1965.18	    0.07	    0.29	    0.16	    0.02	    0.04	    0.02	    0.01
15	9	    0.00	    0.06	    0.00	    0.00	    0.00	    0.07	 2397.03	    0.62	    0.00	    0.00	    0.00	    0.00	    0.00	    0.00	    0.00	 6567.59	    0.59	  899.68	    0.20	 1206.55	    0.00	    0.00	    0.00	    0.00
15	16	    0.42	  200.07	    0.01	    0.06	    0.03	  500.16	 1000.37	 1401.49	    0.12	    0.52	    0.09	    0.06	    0.00	    0.00	    0.00	 5959.42	    0.00	  600.15	    0.00	 1539.99	  357.52	    0.00	    0.00	  127.13
15	17	    0.02	    0.01	    0.00	    0.02	    0.01	    0.03	    0.00	    0.18	    0.76	 3635.95	  773.94	    0.10	    0.01	    0.03	    0.39	 7133.65	 3742.80	    0.00	    0.49	    0.00	    0.00	    0.00	    0.00	    0.00
16	9	    0.00	    0.00	    0.00	    0.00	    0.00	    0.00	    0.26	    0.00	    0.00	    0.00	    0.00	    0.00	    0.00	    0.00	    0.00	    1.09	 8098.96	    0.10	    0.00	    0.17	    0.00	    0.00	    0.00	    0.00
16	15	    0.00	    0.00	    0.00	    0.00	    0.00	    0.00	    0.00	    0.00	    0.00	    0.76	    0.15	    0.00	    0.00	  691.63	 1186.71	    0.00	 8508.45	    0.00	 1286.07	    0.00	    0.06	    0.11	    0.05	    0.03
16	18	    0.03	    0.10	    0.00	    0.02	    0.01	    0.20	    0.20	    1.61	    0.04	    0.17	    0.00	    0.00	    0.00	    0.00	    0.00	 3158.45	 6792.59	    0.11	    0.00	    0.00	    0.00	    0.00	    0.00	    0.00
17	6	    0.00	    0.00	    0.00	    0.00	    0.00	    0.00	    0.00	    0.00	    0.10	 1894.24	  498.54	    0.26	  340.16	  599.91	 1099.95	 1792.06	 1134.94	 1199.61	 1399.61	 3099.61	  700.04	 1299.89	  499.99	  300.00
17	15	   31.47	   37.77	    7.98	   30.55	   19.10	   88.17	 4797.40	  227.12	   21.50	    0.39	    0.12	   17.55	  599.51	    8.46	   13.86	    0.00	    0.12	 1999.90	   14.91	 4346.70	  957.48	 1199.93	  499.97	  427.11
17	19	  300.00	  299.79	    0.00	  299.99	  100.01	  799.74	 2927.16	 3998.39	  600.03	 1042.14	  175.45	    0.06	    0.00	    0.00	    0.00	 4841.59	 2007.88	 1600.48	    0.00	    0.00	    0.00	    0.00	    0.00	    0.00
18	14	    0.00	    0.01	    0.00	    0.00	    0.00	    0.07	  699.65	  999.38	    0.00	    0.00	    0.00	    0.00	    0.00	    0.00	    0.00	 1899.59	 4905.27	  299.88	 6820.25	 3491.95	    0.16	    0.40	    0.17	    0.07
18	16	    0.03	    0.01	    0.01	    0.04	    0.01	    0.00	    0.00	    0.00	    0.07	    0.29	    0.18	    0.04	    0.08	 1391.56	 2686.58	    0.00	    0.00	    0.00	 2985.99	  160.03	  242.48	 1699.96	  599.99	  172.87
18	19	    0.02	    0.00	    0.00	    0.04	    0.02	    0.03	    0.00	    0.00	    0.10	 1458.11	  424.33	    0.00	    0.00	 1206.64	 2413.27	    0.00	  187.75	    0.00	 2993.75	    0.00	    0.00	    0.00	    0.00	    0.00
19	17	    0.00	    0.00	    0.00	    0.00	    0.00	    0.00	    0.00	    0.00	    0.00	    0.25	    0.03	    0.85	 1039.64	  708.35	 1313.42	    0.00	    0.14	    0.00	 1714.03	 7846.31	 1757.52	 2799.81	 1099.96	  727.12
19	18	    0.00	   99.85	    0.00	    0.00	    0.00	  199.76	 1099.43	 1697.73	    0.00	    0.00	    0.00	    0.00	   16.96	    0.01	    0.00	   41.08	    0.00	  599.76	    0.00	 4851.93	   87.93	    0.45	    0.18	   11.39
19	20	    0.01	    0.00	    0.00	    0.01	    0.01	  100.02	  627.44	  600.30	    0.07	    0.05	    0.02	    0.01	    0.03	    0.02	    0.03	 1499.82	  495.45	  200.55	   79.83	 2700.32	    0.00	    0.08	    0.03	    0.02
19	21	    0.00	   99.94	    0.00	    0.02	    0.01	  199.99	  700.29	  800.36	    0.06	    0.22	    0.05	    0.00	    0.00	    0.00	    0.17	 1700.69	    0.11	  400.17	    0.08	 3101.44	    0.18	    0.00	    0.00	    0.00
20	19	    0.00	    0.00	    0.00	    0.00	    0.00	    0.00	    0.00	    0.00	    0.00	    0.11	    0.03	  400.63	 1655.94	    0.09	    0.18	    0.00	    0.08	    0.00	    0.19	    0.00	 3045.64	    0.60	    1.68	 1137.88
20	21	  262.66	    0.05	   65.66	    0.00	    0.00	    0.02	    0.10	    0.12	    0.00	    0.00	    0.00	  459.65	 1464.24	    0.00	    0.00	    0.26	    0.00	    0.06	    0.00	    0.61	 4756.70	    0.00	    0.00	 1609.01
20	23	    0.00	    0.00	    0.00	    0.00	    0.00	    0.02	  427.34	  200.18	    0.08	  488.05	    0.00	    0.00	    0.00	    0.00	  682.36	  899.65	  210.56	  100.49	  253.00	 1499.71	 3197.66	 2346.74	    0.00	    0.00
21	14	    0.00	    0.00	    0.00	    0.00	    0.00	    0.00	    0.07	    0.09	    0.00	    0.00	    0.00	    0.28	  873.14	    0.00	    0.00	    0.17	    0.00	    0.03	    0.00	    0.50	 2954.34	10582.58	 2691.01	 1276.88
21	19	    0.00	    0.00	    0.00	    0.00	    0.00	    0.00	    0.00	    0.00	    0.00	    0.16	    0.29	    0.17	    0.69	    1.65	    0.18	    0.00	    0.00	    0.00	    0.00	    0.00	    0.00	 5199.74	 1798.49	    0.65
21	20	    0.00	    0.00	    0.00	    0.00	   97.19	    0.00	    0.00	    0.00	  300.01	 1688.11	    1.99	    0.00	    0.00	    0.96	 1482.50	    0.08	  315.18	    0.00	  573.36	    0.00	    0.00	 4147.26	    0.83	    0.00
21	22	    0.00	    0.00	    0.00	    0.00	    0.00	    0.01	  200.33	  300.39	  306.48	 1308.77	    0.00	    0.00	    0.00	    0.00	  982.56	  500.93	  473.16	  100.20	  311.37	  701.55	    2.54	 4470.42	    0.00	    0.00
22	13	    0.01	    0.00	    0.00	    0.02	    0.00	    0.00	    0.30	    0.57	    0.00	    0.00	    0.00	    0.03	  683.73	    0.00	    0.00	    0.99	    0.00	    0.25	    0.01	    1.40	  797.33	 1117.00	 4606.73	 1184.63
22	21	  137.34	    0.01	   34.34	    0.30	    0.09	    0.00	    0.00	    0.00	    0.00	    0.00	  392.54	  240.80	  709.59	  749.73	    0.00	    0.00	    0.00	    0.00	    0.00	    0.00	    0.00	    0.00	 6590.33	  768.51
22	23	    0.00	    0.00	    0.00	    0.04	    0.00	    0.01	    0.21	    0.11	    0.03	  311.95	  997.56	    0.00	    0.00	 1384.51	  412.66	    0.42	   89.66	    0.04	  144.87	    0.80	    0.06	 1254.63	 3302.95	    0.00
23	12	    0.00	    0.00	    0.00	    0.00	    0.00	    0.00	  327.36	    0.00	    0.00	    0.00	    0.00	    0.00	    0.00	  585.40	  695.01	  599.59	    0.23	  100.44	  297.86	 1099.86	 1202.87	 2500.16	 1902.13	 1799.99
23	20	  362.64	    0.04	   65.66	  199.99	    2.79	    0.03	    0.00	    0.00	    0.00	    0.00	  398.02	 1160.27	 3720.15	  399.11	    0.00	    0.00	    0.00	    0.00	    0.00	    0.00	    0.00	    0.00	  700.82	 3246.87
23	22	  437.28	    0.01	  134.32	    1.68	    0.33	    0.36	    0.19	    0.29	    0.00	    0.00	    0.06	  940.83	 2193.32	    0.00	    0.00	    0.48	    0.00	    0.09	    0.00	    0.65	 1494.86	    1.21	    0.00	 2653.14
