0.000000000000000000e+00 1.000000000000000000e+00 4.494753872029064951e+03
0.000000000000000000e+00 2.000000000000000000e+00 8.122540418500520900e+03
1.000000000000000000e+00 0.000000000000000000e+00 4.523626287274426431e+03
1.000000000000000000e+00 5.000000000000000000e+00 5.966275163340522340e+03
2.000000000000000000e+00 0.000000000000000000e+00 8.093668003255147596e+03
2.000000000000000000e+00 3.000000000000000000e+00 1.402027965779938313e+04
2.000000000000000000e+00 1.100000000000000000e+01 1.003654719418892455e+04
3.000000000000000000e+00 2.000000000000000000e+00 1.403954488611194211e+04
3.000000000000000000e+00 4.000000000000000000e+00 1.801756760117600425e+04
3.000000000000000000e+00 1.000000000000000000e+01 5.209590821500910351e+03
4.000000000000000000e+00 3.000000000000000000e+00 1.803824114059203930e+04
4.000000000000000000e+00 5.000000000000000000e+00 8.796688707804029036e+03
4.000000000000000000e+00 8.000000000000000000e+00 1.578743326390867696e+04
5.000000000000000000e+00 1.000000000000000000e+00 5.995147578585876545e+03
5.000000000000000000e+00 4.000000000000000000e+00 8.803688698536252559e+03
5.000000000000000000e+00 7.000000000000000000e+00 1.249125320328157432e+04
6.000000000000000000e+00 7.000000000000000000e+00 1.210512619830084077e+04
6.000000000000000000e+00 1.700000000000000000e+01 1.561147249208257199e+04
7.000000000000000000e+00 5.000000000000000000e+00 1.252712560925917023e+04
7.000000000000000000e+00 6.000000000000000000e+00 1.204005925231216861e+04
7.000000000000000000e+00 8.000000000000000000e+00 6.878710769797728972e+03
7.000000000000000000e+00 1.500000000000000000e+01 8.386257528867212386e+03
8.000000000000000000e+00 4.000000000000000000e+00 1.580110681259247212e+04
8.000000000000000000e+00 7.000000000000000000e+00 6.834989227452357227e+03
8.000000000000000000e+00 9.000000000000000000e+00 2.174673217519888931e+04
9.000000000000000000e+00 8.000000000000000000e+00 2.181668418153732637e+04
9.000000000000000000e+00 1.000000000000000000e+01 1.772758584475495445e+04
9.000000000000000000e+00 1.400000000000000000e+01 2.313011098722259703e+04
9.000000000000000000e+00 1.500000000000000000e+01 1.104598221218656727e+04
9.000000000000000000e+00 1.600000000000000000e+01 8.100740352414199151e+03
1.000000000000000000e+01 3.000000000000000000e+00 5.308182510397443366e+03
1.000000000000000000e+01 9.000000000000000000e+00 1.760630191752541941e+04
1.000000000000000000e+01 1.100000000000000000e+01 8.365454210496227461e+03
1.000000000000000000e+01 1.300000000000000000e+01 9.779130557813296036e+03
1.100000000000000000e+01 2.000000000000000000e+00 9.988409550630993181e+03
1.100000000000000000e+01 1.000000000000000000e+01 8.405694909238867695e+03
1.100000000000000000e+01 1.200000000000000000e+01 1.250094559073404525e+04
1.200000000000000000e+01 1.100000000000000000e+01 1.259304864591876867e+04
1.200000000000000000e+01 2.300000000000000000e+01 1.112017201095677228e+04
1.300000000000000000e+01 1.000000000000000000e+01 9.816197620737646503e+03
1.300000000000000000e+01 1.400000000000000000e+01 9.035280924340215279e+03
1.300000000000000000e+01 2.200000000000000000e+01 8.399027121395392896e+03
1.400000000000000000e+01 9.000000000000000000e+00 2.319443595257894412e+04
1.400000000000000000e+01 1.300000000000000000e+01 9.080205515179261056e+03
1.400000000000000000e+01 1.800000000000000000e+01 1.908552199979504803e+04
1.400000000000000000e+01 2.100000000000000000e+01 1.840081747825477942e+04
1.500000000000000000e+01 7.000000000000000000e+00 8.400784531201519712e+03
1.500000000000000000e+01 9.000000000000000000e+00 1.107348196741521315e+04
1.500000000000000000e+01 1.600000000000000000e+01 1.168515993319753397e+04
1.500000000000000000e+01 1.700000000000000000e+01 1.529909327163883245e+04
1.600000000000000000e+01 9.000000000000000000e+00 8.100151565397201011e+03
1.600000000000000000e+01 1.500000000000000000e+01 1.167411288252231498e+04
1.600000000000000000e+01 1.800000000000000000e+01 9.953930606134576010e+03
1.700000000000000000e+01 6.000000000000000000e+00 1.567653943807124779e+04
1.700000000000000000e+01 1.500000000000000000e+01 1.535216707987699556e+04
1.700000000000000000e+01 1.900000000000000000e+01 1.899503588256306102e+04
1.800000000000000000e+01 1.400000000000000000e+01 1.911603322366247448e+04
1.800000000000000000e+01 1.600000000000000000e+01 9.942294768442347049e+03
1.800000000000000000e+01 1.900000000000000000e+01 8.683363201550178928e+03
1.900000000000000000e+01 1.700000000000000000e+01 1.901317663678989265e+04
1.900000000000000000e+01 1.800000000000000000e+01 8.702238587725378238e+03
1.900000000000000000e+01 2.000000000000000000e+01 6.307373070531450139e+03
1.900000000000000000e+01 2.100000000000000000e+01 7.001252769206045741e+03
2.000000000000000000e+01 1.900000000000000000e+01 6.244643741503738056e+03
2.000000000000000000e+01 2.100000000000000000e+01 8.617450837229866011e+03
2.000000000000000000e+01 2.300000000000000000e+01 1.030628979175868699e+04
2.100000000000000000e+01 1.400000000000000000e+01 1.837955581058275493e+04
2.100000000000000000e+01 1.900000000000000000e+01 7.000998238635787857e+03
2.100000000000000000e+01 2.000000000000000000e+01 8.605397882315857714e+03
2.100000000000000000e+01 2.200000000000000000e+01 9.658325572567684503e+03
2.200000000000000000e+01 1.300000000000000000e+01 8.391169593480681215e+03
2.200000000000000000e+01 2.100000000000000000e+01 9.624756419411382012e+03
2.200000000000000000e+01 2.300000000000000000e+01 7.902800294604558985e+03
2.300000000000000000e+01 1.200000000000000000e+01 1.111227506614149388e+04
2.300000000000000000e+01 2.000000000000000000e+01 1.025561341764497593e+04
2.300000000000000000e+01 2.200000000000000000e+01 7.861373613533545722e+03
