i	j	o17d14l60
0	1	 4498.75
0	2	 8112.83
1	0	 4513.37
1	5	 5973.61
2	0	 8098.21
2	3	14030.01
2	11	10036.51
3	2	14047.32
3	4	18028.84
3	10	 5210.30
4	3	18046.40
4	5	 8798.56
4	8	15797.81
5	1	 5988.23
5	4	 8802.18
5	7	12497.48
6	7	12084.98
6	17	15769.61
7	5	12515.72
7	6	12048.70
7	8	 6868.26
7	15	 8385.76
8	4	15811.75
8	7	 6836.91
8	9	21756.14
9	8	21838.73
9	10	17723.09
9	14	23133.83
9	15	11046.99
9	16	 8100.82
10	3	 5310.05
10	9	17602.45
10	11	 8370.20
10	13	 9781.01
11	2	10004.58
11	10	 8404.12
11	12	12307.35
12	11	12409.34
12	23	11105.33
13	10	 9826.19
13	14	 9034.48
13	22	 8418.19
14	9	23223.83
14	13	 9075.93
14	18	19005.28
14	21	18403.95
15	7	 8399.07
15	9	11060.02
15	16	11666.45
15	17	15255.36
16	9	 8101.04
16	15	11676.19
16	18	 9938.57
17	6	15805.89
17	15	15271.95
17	19	18971.49
18	14	18978.43
18	16	 9948.52
18	19	 8692.73
19	17	18924.37
19	18	 8675.83
19	20	 6281.01
19	21	 7199.93
20	19	 6313.73
20	21	 8549.40
20	23	10307.04
21	14	18462.25
21	19	 7003.18
21	20	 8630.60
21	22	 9667.01
22	13	 8421.93
22	21	 9609.76
22	23	 7895.66
23	12	11107.31
23	20	10258.56
23	22	 7842.15
