i	j	       0	       1	       2	       3	       4	       5	       6	       7	       8	       9	      10	      11	      12	      13	      14	      15	      16	      17	      18	      19	      20	      21	      22	      23
0	1	 2600.25	    0.00	  267.46	  200.02	   16.57	    0.00	    0.01	    0.01	   33.14	   99.42	  200.02	  471.66	  460.25	  100.00	   16.58	    0.01	    0.01	    0.00	    0.03	    0.00	    0.01	    0.05	    0.20	   28.98
0	2	 6199.75	 1162.36	    0.00	    0.00	    0.00	  235.52	  139.04	  241.08	    0.00	    0.00	    0.00	    0.00	    0.00	    0.00	    0.00	  105.40	    0.00	   33.71	    0.00	    0.00	    0.00	    0.00	    0.00	    0.00
1	0	    0.00	 1262.36	    0.00	    0.00	    0.00	  535.52	  638.96	 1040.95	    0.00	    0.00	    0.00	    0.00	    0.00	    0.00	    0.00	  605.32	    0.84	  133.69	    0.02	  299.95	    0.00	    0.00	    0.00	    0.00
1	5	 2500.25	 2737.64	  167.46	    0.04	    0.00	    0.00	    0.00	    0.00	    0.00	    0.00	    0.04	  371.66	  160.25	    0.01	    0.00	    0.00	    0.00	    0.00	    0.00	    0.00	    0.01	    0.02	    0.20	   28.98
2	0	    0.00	    0.00	  367.46	  700.02	  216.57	    0.00	    0.09	    0.15	  533.14	 1399.42	  700.02	  671.66	  960.25	  400.00	  516.58	    0.10	  399.17	    0.02	  300.00	    0.05	  100.01	  400.05	  300.20	  128.98
2	3	 4498.84	  661.91	 1932.13	    0.00	    0.00	    0.04	    0.00	    0.00	    0.00	    0.00	    0.00	 3750.69	 2501.66	    0.07	    0.00	    0.00	    0.00	    0.00	    0.00	    0.00	  202.95	    0.01	    2.64	  470.78
2	11	 1600.91	  400.44	  500.41	 1601.74	  402.59	  500.38	  774.91	 1200.00	 1399.53	  652.93	    0.60	    0.00	    0.00	    0.24	   53.61	  541.51	  184.16	  198.59	   22.98	    0.11	    0.00	    0.09	    0.09	    0.00
3	2	    0.00	    0.00	    0.00	 2501.76	  719.16	  564.89	  735.96	 1159.07	 2032.67	 2352.35	 1000.46	    0.00	    0.00	  500.12	  670.15	  636.21	  683.33	  164.90	  322.98	    0.16	    0.02	    0.17	    0.14	    0.01
3	4	 3197.92	  162.13	 1332.22	 6697.22	    0.00	    0.00	    0.00	    0.00	    0.00	    0.06	  904.50	 3150.33	 1901.41	  200.01	    0.08	    0.00	    0.02	    0.00	    0.05	    0.00	    3.00	    0.07	  199.80	  270.80
3	10	  800.92	  299.82	  399.91	 2401.02	  699.89	  599.74	    0.24	    5.22	    0.41	    0.14	    0.00	    0.35	    0.25	    0.06	    0.05	    0.10	    0.04	    0.01	    0.01	    0.02	    0.01	    0.04	    0.05	    0.02
4	3	    0.00	    0.04	    0.00	    0.00	 1919.06	 1564.60	 1136.20	 1864.29	 2733.08	 3551.25	    0.00	    0.00	    0.00	    0.00	 1168.80	 1436.31	 1182.72	  264.91	  522.39	  300.19	    0.02	  398.76	    0.00	    0.00
4	5	    0.00	    0.00	  527.98	 2139.37	 1265.53	    0.00	    0.01	    0.03	  566.99	 1300.60	  404.35	 1460.64	  578.72	  100.02	  282.56	    0.03	    0.04	    0.00	    0.04	    0.01	    0.01	    0.03	   99.80	   71.01
4	8	 2997.92	  899.78	  704.24	 4057.85	 2915.41	 1399.75	    0.02	    0.09	    0.00	    0.00	    0.15	 1489.69	 1122.69	    0.00	    0.00	    0.05	    0.00	    0.01	    0.00	    0.02	    0.00	    0.00	    0.00	  199.79
5	1	    0.00	    0.00	    0.00	    0.02	   83.43	  935.52	  838.95	 1440.93	  166.86	  500.58	    0.02	    0.00	    0.00	    0.01	   83.42	 1005.30	  200.83	  133.69	  100.00	  399.95	    0.00	   99.97	    0.00	    0.00
5	4	    0.00	  837.69	    0.00	    0.00	    0.00	 3164.34	 1030.10	 1804.36	    0.00	    0.00	    0.00	    0.00	    0.00	    0.00	    0.00	 1461.29	    0.06	  202.14	    0.02	  305.20	    0.11	    0.00	    0.00	    0.00
5	7	 2200.25	 1499.95	  395.43	 1739.39	  982.10	 3500.13	    0.00	    0.00	    0.13	    0.12	    4.37	 1632.31	  538.97	    0.02	    0.00	    0.00	    0.00	    0.00	    0.00	    0.00	    0.00	    0.00	    0.00	    0.00
6	7	    0.00	    0.00	    0.00	    0.00	    0.00	    0.00	 4177.01	    0.00	    0.00	    0.00	    0.00	    0.00	    0.00	  399.78	  600.50	  386.80	  140.16	  998.54	  999.42	 2599.73	  500.09	  799.94	  299.98	  199.99
6	17	  430.52	  336.57	    8.42	  432.98	  120.65	  985.61	 7922.99	 4519.25	  824.15	    0.76	    0.16	  216.70	    0.01	    0.00	    0.00	    0.00	    0.02	    0.00	    0.00	    0.00	    0.00	    0.00	    0.00	    0.00
7	5	    0.00	    0.00	    0.00	    0.00	    0.00	    0.00	 2269.04	 4045.27	    0.00	    0.11	    0.00	    0.00	    0.00	    0.00	    0.86	 3366.56	  700.85	  435.83	  299.98	 1005.14	  100.09	  299.92	    0.00	    0.01
7	6	  930.52	  536.57	  108.42	  832.98	  320.65	 1385.61	    0.00	 5519.25	 1424.11	    4.01	    1.13	  916.70	   61.80	    0.00	    0.00	    0.00	    0.09	    0.00	    0.00	    0.00	    0.00	    0.00	    0.00	    0.00
7	8	    0.00	    0.00	    0.00	    0.00	    0.00	    0.00	  907.98	 3754.67	    0.00	    0.00	    0.00	    0.00	    0.00	    0.00	    0.00	 1263.05	    0.00	  262.81	    0.00	  694.86	    0.04	    0.09	    0.00	    0.00
7	15	  469.79	  563.41	  173.02	  687.14	  429.46	 1314.60	    0.00	 3380.81	  894.07	    0.00	    0.05	  473.83	    0.27	    0.00	    0.00	    0.00	    0.00	    0.00	    0.00	    0.00	    0.00	    0.00	    0.00	    0.00
8	4	    0.00	    0.00	    0.00	    0.00	    0.00	    0.00	  306.13	  560.04	 4100.07	 5851.78	    0.00	    0.00	    0.00	    0.00	 1651.28	  475.10	 1382.67	   62.78	  622.36	   95.01	   96.93	  598.72	    0.00	    0.00
8	7	    0.07	    0.04	   86.00	  480.73	  268.02	    0.08	    0.00	    0.00	 3118.04	 1603.77	  796.80	  358.22	  123.11	    0.05	    0.00	    0.00	    0.19	    0.00	    0.00	    0.00	    0.00	    0.00	    0.00	    0.00
8	9	 2497.85	  699.75	  518.24	 2877.12	 1847.40	  999.67	    1.91	 2394.72	 8981.89	    0.00	    0.00	  531.59	  399.71	    0.00	    0.00	    0.21	    0.00	    0.05	    0.00	    0.00	    0.00	    0.00	    0.00	    0.00
9	8	    0.00	    0.00	    0.00	    0.00	    0.00	    0.00	    0.05	    0.00	    0.00	10255.55	 2196.66	    0.13	    0.13	  600.06	 2651.28	  612.20	 2282.86	    0.02	 1022.36	    0.13	  396.89	 1298.62	  500.00	    0.21
9	10	    0.00	    0.00	    0.00	    0.00	    0.00	    0.00	  499.76	  794.80	 1717.98	 8425.14	    0.00	    0.00	    0.00	    0.00	 1290.71	 1557.84	 1916.07	  199.97	  426.98	  421.05	    2.17	  476.07	    0.00	    0.00
9	14	  798.91	   99.86	   99.90	 1098.27	  597.69	  199.80	    0.00	    0.00	 3082.13	14578.36	 1916.15	  651.40	    6.04	    0.00	    0.00	    0.00	    0.69	    0.00	    0.00	    0.00	    0.00	    0.00	    0.00	    0.00
9	15	    0.00	    0.00	   18.57	   79.92	   49.95	    0.00	    0.00	    0.00	  482.30	 8040.47	 2167.46	  208.09	    0.10	    0.00	    0.00	    0.00	    0.00	    0.00	    0.00	    0.00	    0.00	    0.00	    0.00	    0.00
9	16	  399.66	    0.01	   99.95	  499.77	  199.88	    0.04	    0.07	    0.10	  899.48	 3900.48	 1000.15	  599.73	  499.77	    0.09	    0.11	    0.10	    0.00	    0.04	    0.06	    0.12	    0.04	    0.12	    0.04	    0.02
10	3	    0.00	    0.00	    0.00	    0.00	    0.00	    0.00	    0.00	    0.00	    0.00	    1.30	 3404.96	    0.00	    0.00	 1200.12	    1.48	    0.00	    0.67	    0.00	    0.65	    0.00	    0.05	    1.51	  697.35	    0.05
10	9	    0.72	    0.08	    0.18	    0.84	    0.13	    0.11	    0.00	    0.00	    0.00	    0.00	11180.41	 2927.75	 2006.33	 1096.18	    0.00	    0.00	    0.00	    0.00	    0.00	    0.00	    0.16	    0.00	  335.78	   54.66
10	11	    0.00	    0.00	    0.00	    0.00	    0.00	    0.00	    0.00	    0.00	    0.13	 3247.14	 2400.35	    0.00	    0.00	  711.43	  654.06	  158.12	  915.80	    0.02	  280.29	    0.00	    0.00	    0.00	    0.00	    0.00
10	13	  301.22	  100.07	  100.16	 1000.24	  199.78	  199.69	    0.00	    0.02	  318.25	 1176.84	 5314.28	 1049.14	   18.90	    0.00	    0.00	    0.00	    0.04	    0.00	    0.00	    0.00	    0.00	    0.00	    0.00	    0.00
11	2	    0.00	    0.00	    0.00	    0.00	    0.00	    0.00	    0.00	    0.00	    0.00	    0.00	    0.16	 4622.35	 3561.91	    0.20	    0.05	    0.00	    0.00	    0.00	    0.00	    0.00	  302.95	  499.99	  402.79	  599.75
11	10	    1.03	    0.33	    0.43	    0.07	    0.02	    0.06	    0.00	    0.00	    0.00	    0.00	    0.00	 5376.54	 3024.99	    0.00	    0.00	    0.00	    0.00	    0.00	    0.00	    0.00	    0.04	    0.00	    0.00	    0.43
11	12	 1399.89	  300.11	  299.98	 1001.68	  202.57	  300.32	   74.97	  600.00	  799.67	 1900.07	 1000.79	 3901.11	    0.00	   11.60	    7.63	    0.22	  499.96	    0.03	    3.27	    0.00	    0.00	    0.00	    0.00	    0.00
12	11	    0.00	    0.00	    0.00	    0.00	    0.00	    0.00	    0.06	    0.00	    0.00	    0.00	    0.00	    0.00	 7886.89	    0.12	    0.00	    0.59	    0.00	    1.43	    0.00	  499.89	  602.98	 1199.89	 1102.69	 1100.18
12	23	  899.89	    0.11	  199.98	  401.68	    2.57	  100.32	    0.00	    0.00	  199.67	    0.07	    0.79	 2601.11	 6713.11	    0.00	    0.00	    0.00	    0.00	    0.00	    0.00	    0.00	    0.00	    0.00	    0.00	    0.00
13	10	    0.00	    0.00	    0.00	    0.00	    0.00	    0.00	    0.00	    0.00	    0.00	    0.00	    0.00	    0.00	    0.00	 4607.67	  764.78	    0.18	    0.41	    0.03	  253.95	  178.93	  397.99	  625.40	 2333.08	  654.26
13	14	    1.11	    0.08	    0.14	    1.34	    0.06	    0.04	    0.00	    0.00	    0.00	    0.00	 1032.69	  348.83	   94.15	 6273.15	    0.00	    0.00	    0.00	    0.00	    0.00	    0.00	    0.00	    0.00	 1165.32	  120.87
13	22	    0.12	    0.00	    0.03	  498.92	   99.73	   99.66	    0.00	    0.00	  197.48	  816.69	 2681.64	    0.34	    0.54	 3219.17	  429.41	    0.00	  217.39	    0.00	  134.87	    0.00	    0.00	    0.00	    0.00	    0.00
14	9	    0.00	    0.00	    0.00	    0.00	    0.00	    0.00	    0.00	    0.00	    0.00	    0.00	    0.00	    0.00	    0.00	 1603.96	 7942.10	    0.26	    0.71	    0.05	 3249.23	 1715.81	 1598.94	 4374.82	 1964.26	  745.57
14	13	    0.00	    0.00	    0.00	    0.00	    0.00	    0.00	  199.61	  399.28	  479.23	 1739.85	    0.06	    0.00	    0.00	    0.00	 2494.19	  699.07	  917.76	   99.81	  688.81	  677.67	    0.44	  682.20	    0.00	    0.00
14	18	  300.03	    0.07	    0.04	  200.20	  100.08	    0.10	    0.01	    0.02	  400.39	 3255.32	  830.88	  300.22	  283.37	 2897.34	 5900.65	    0.05	    0.36	    0.01	    0.00	    0.04	  559.07	 2899.93	  899.98	  258.36
14	21	    0.00	    0.00	    0.00	  399.40	  297.66	    0.00	    0.00	    0.00	 1302.51	 5583.19	  717.90	    0.00	    0.00	  471.85	 5063.06	    0.20	 2493.36	    0.00	 2075.26	    0.00	    0.00	    0.00	    0.00	    0.00
15	7	    0.00	    0.00	    0.00	    0.00	    0.00	    0.00	    0.00	    0.00	    0.00	    0.23	    0.00	    0.00	    0.00	    0.15	    0.36	 6442.81	 1960.60	    0.10	    0.56	    0.28	    0.04	    0.07	    0.03	    0.02
15	9	    0.00	    0.05	    0.00	    0.00	    0.00	    0.06	 2397.80	    0.18	    0.00	    0.00	    0.00	    0.00	    0.00	    0.00	    0.00	 6568.63	    0.49	  899.77	    0.17	 1205.02	    0.00	    0.00	    0.00	    0.00
15	16	    0.32	  200.00	    0.01	    0.05	    0.05	  500.02	 1000.30	 1400.28	    0.22	    0.44	    0.08	    0.05	    0.00	    0.00	    0.00	 5964.24	    0.00	  600.23	    0.00	 1537.19	  355.10	    0.00	    0.00	  128.60
15	17	    0.04	    0.02	    0.00	    0.04	    0.01	    0.07	    0.00	    0.34	    0.18	 3642.35	  768.13	    0.09	    0.01	    0.02	    0.15	 7124.32	 3754.62	    0.00	    0.15	    0.00	    0.00	    0.00	    0.00	    0.00
16	9	    0.00	    0.00	    0.00	    0.00	    0.00	    0.00	    0.17	    0.00	    0.00	    0.00	    0.00	    0.00	    0.00	    0.00	    0.00	    1.05	 8098.42	    0.17	    0.00	    0.46	    0.00	    0.00	    0.00	    0.00
16	15	    0.00	    0.00	    0.00	    0.00	    0.00	    0.00	    0.00	    0.00	    0.00	    2.24	    0.60	    0.00	    0.00	  690.70	 1184.75	    0.00	 8515.61	    0.00	 1283.85	    0.00	    0.05	    0.09	    0.04	    0.02
16	18	    0.02	    0.03	    0.00	    0.02	    0.01	    0.06	    0.20	    0.38	    0.03	    0.14	    0.00	    0.00	    0.00	    0.00	    0.00	 3163.29	 6785.97	    0.11	    0.00	    0.00	    0.00	    0.00	    0.00	    0.00
17	6	    0.00	    0.00	    0.00	    0.00	    0.00	    0.00	    0.00	    0.00	    0.05	 1896.74	  499.03	    0.00	  338.21	  599.78	 1100.50	 1786.80	 1140.08	 1198.54	 1399.42	 3099.73	  700.09	 1299.94	  499.98	  299.99
17	15	   30.57	   36.65	    8.42	   33.03	   20.64	   85.55	 4798.10	  219.99	   24.03	    0.31	    0.10	   18.22	  599.64	    9.47	   15.76	    0.00	    0.10	 2000.11	   17.02	 4342.48	  955.09	 1199.98	  499.99	  428.59
17	19	  299.99	  299.95	    0.00	  299.99	  100.02	  800.13	 2924.89	 3999.60	  600.26	 1046.23	  169.20	    0.04	    0.00	    0.00	    0.00	 4837.52	 2014.58	 1601.36	    0.00	    0.00	    0.00	    0.00	    0.00	    0.00
18	14	    0.00	    0.13	    0.00	    0.00	    0.00	    0.27	  699.58	  999.23	    0.00	    0.00	    0.00	    0.00	    0.00	    0.00	    0.00	 1899.44	 4911.50	  299.84	 6813.30	 3493.15	    0.14	    0.33	    0.14	    0.06
18	16	    0.04	    0.02	    0.04	    0.19	    0.07	    0.00	    0.00	    0.00	    0.34	    1.46	    0.37	    0.22	    0.23	 1390.61	 2684.64	    0.00	    0.00	    0.00	 2983.79	  163.15	  244.91	 1699.97	  600.00	  171.40
18	19	    0.01	    0.00	    0.00	    0.03	    0.01	    0.02	    0.00	    0.00	    0.08	 1454.00	  430.50	    0.00	    0.00	 1206.74	 2416.02	    0.00	  174.83	    0.00	 3002.91	    0.00	    0.00	    0.00	    0.00	    0.00
19	17	    0.00	    0.00	    0.00	    0.00	    0.00	    0.00	    0.00	    0.00	    0.00	    0.18	    0.03	    1.47	 1037.82	  709.23	 1316.11	    0.00	    0.12	    0.00	 1716.30	 7842.21	 1755.18	 2799.92	 1099.97	  728.59
19	18	    0.00	  100.06	    0.00	    0.00	    0.00	  200.13	 1099.36	 1698.83	    0.00	    0.00	    0.00	    0.00	   16.85	    0.01	    0.00	   36.11	    0.00	  599.72	    0.00	 4856.26	   85.97	    0.37	    0.15	   13.11
19	20	    0.00	    0.00	    0.00	    0.01	    0.03	  100.01	  625.32	  600.48	    0.20	    0.04	    0.01	    0.01	    0.02	    0.01	    0.03	 1500.98	  489.14	  201.57	   86.69	 2700.78	    0.00	    0.06	    0.02	    0.02
19	21	    0.00	   99.89	    0.00	    0.01	    0.01	  200.01	  700.20	  800.29	    0.14	    0.19	    0.04	    0.00	    0.00	    0.00	    0.14	 1700.43	    0.22	  400.07	    0.07	 3100.75	    0.15	    0.00	    0.00	    0.00
20	19	    0.00	    0.00	    0.00	    0.00	    0.00	    0.00	    0.00	    0.00	    0.00	    0.09	    0.02	  401.36	 1654.53	    0.07	    0.14	    0.00	    0.06	    0.00	    0.15	    0.00	 3041.30	    0.19	    2.68	 1141.43
20	21	  263.10	    0.10	   65.77	    0.11	    0.00	    0.02	    0.05	    0.06	    0.00	    0.00	    0.00	  460.42	 1468.00	    0.00	    0.00	    0.13	    0.00	    0.03	    0.00	    0.34	 4759.53	    0.00	    0.07	 1600.05
20	23	    0.00	    0.00	    0.00	    0.00	    0.00	    0.01	  425.27	  200.42	    0.23	  496.89	    0.00	    0.00	    0.00	    0.00	  693.87	  900.92	  214.11	  101.54	  255.68	 1500.44	 3199.16	 2319.18	    0.00	    0.00
21	14	    0.00	    0.00	    0.00	    0.00	    0.00	    0.00	    0.05	    0.07	    0.00	    0.00	    0.00	    0.00	  883.19	    0.00	    0.00	    0.13	    0.00	    0.02	    0.00	    0.38	 2958.32	10556.61	 2698.79	 1283.00
21	19	    0.00	    0.00	    0.00	    0.00	    0.00	    0.00	    0.00	    0.00	    0.00	    0.09	    0.37	    0.08	    0.17	    2.45	    0.13	    0.00	    0.00	    0.00	    0.00	    0.00	    0.00	 5200.17	 1797.46	    0.28
21	20	    0.01	    0.00	    0.00	    0.03	   97.72	    0.00	    0.00	    0.00	  300.04	 1696.93	    2.37	    0.04	    0.08	    0.88	 1493.98	    0.07	  325.04	    0.00	  569.13	    0.00	    0.00	 4119.30	    1.08	    0.00
21	22	    0.00	    0.00	    0.00	    0.00	    0.00	    0.03	  200.20	  300.29	  302.62	 1286.36	    0.00	    0.00	    0.00	    0.00	  969.09	  500.56	  468.53	  100.08	  306.19	  700.71	    1.37	 4523.91	    0.00	    0.00
22	13	    0.01	    0.00	    0.00	    0.02	    0.00	    0.00	    0.39	    0.70	    0.00	    0.00	    0.00	    0.02	  675.78	    0.00	    0.00	    1.11	    0.00	    0.22	    0.01	    1.26	  797.55	 1143.20	 4598.40	 1175.12
22	21	  136.91	    0.01	   34.23	    0.51	    0.05	    0.00	    0.00	    0.00	    0.00	    0.00	  384.80	  239.69	  715.43	  731.48	    0.00	    0.00	    0.00	    0.00	    0.00	    0.00	    0.00	    0.00	 6597.25	  783.23
22	23	    0.01	    0.00	    0.00	    0.03	    0.00	    0.01	    0.15	    0.09	    0.10	  303.04	  996.89	    0.07	    0.11	 1387.70	  398.50	    0.30	   85.92	    0.03	  141.05	    0.62	    0.05	 1280.79	 3304.35	    0.00
23	12	    0.00	    0.00	    0.00	    0.00	    0.00	    0.00	  325.09	    0.00	    0.00	    0.00	    0.00	    0.00	    0.00	  588.53	  692.37	  600.37	    0.04	  101.40	  296.73	 1099.89	 1202.98	 2499.89	 1902.69	 1800.18
23	20	  363.08	    0.10	   65.77	  200.07	    2.25	    0.03	    0.00	    0.00	    0.00	    0.00	  397.64	 1161.74	 3722.43	  399.17	    0.00	    0.00	    0.00	    0.00	    0.00	    0.00	    0.00	    0.00	  701.65	 3241.46
23	22	  436.82	    0.01	  134.20	    1.63	    0.32	    0.32	    0.34	    0.51	    0.00	    0.00	    0.05	  939.44	 2190.78	    0.00	    0.00	    0.85	    0.00	    0.17	    0.00	    1.17	 1496.23	    0.07	    0.00	 2658.36
