i	j	       0	       1	       2	       3	       4	       5	       6	       7	       8	       9	      10	      11	      12	      13	      14	      15	      16	      17	      18	      19	      20	      21	      22	      23
0	1	 2300.17	    0.00	  321.06	  199.96	   19.26	    0.00	    0.01	    0.02	   38.51	  115.54	  199.96	  629.70	  515.72	   99.98	   19.25	    0.02	    0.02	    0.00	    0.01	    0.00	    0.00	    0.03	    0.25	   35.98
0	2	 6499.83	 1134.94	    0.00	    0.00	    0.00	  243.16	  146.18	  253.71	    0.00	    0.00	    0.00	    0.00	    0.00	    0.00	    0.00	  104.23	    0.00	   35.96	    0.00	    0.02	    0.00	    0.00	    0.00	    0.00
1	0	    0.00	 1234.94	    0.00	    0.00	    0.00	  543.16	  646.16	 1053.68	    0.00	    0.00	    0.00	    0.00	    0.00	    0.00	    0.00	  604.21	    0.80	  135.95	    0.03	  300.01	    0.00	    0.00	    0.00	    0.00
1	5	 2200.17	 2765.06	  221.06	    0.00	    0.00	    0.00	    0.00	    0.00	    0.00	    0.00	    0.00	  529.70	  215.72	    0.00	    0.00	    0.00	    0.00	    0.00	    0.00	    0.00	    0.00	    0.01	    0.25	   35.98
2	0	    0.00	    0.00	  421.06	  699.96	  219.26	    0.00	    0.03	    0.05	  538.51	 1415.54	  699.96	  829.70	 1015.72	  399.98	  519.25	    0.04	  399.22	    0.00	  299.98	    0.02	  100.00	  400.03	  300.25	  135.98
2	3	 4797.74	  634.67	 1878.76	    0.00	    0.00	    0.09	    0.00	    0.00	    0.00	    0.00	    0.00	 3595.55	 2443.95	    0.09	    0.00	    0.00	    0.00	    0.00	    0.00	    0.00	  202.48	    0.07	    1.07	  463.81
2	11	 1602.09	  400.27	  500.18	 1601.60	  403.29	  500.33	  770.58	 1200.00	 1399.68	  649.30	    0.45	    0.00	    0.00	    0.08	   52.56	  550.97	  183.14	  199.25	   22.52	    0.13	    0.00	    0.00	    0.00	    0.00
3	2	    0.00	    0.00	    0.00	 2501.55	  722.55	  557.27	  724.43	 1146.34	 2038.19	 2364.70	 1000.30	    0.00	    0.00	  499.95	  671.71	  646.79	  682.32	  163.30	  322.49	    0.13	    0.00	    0.00	    0.00	    0.00
3	4	 3496.54	  134.53	 1278.63	 6697.16	    0.00	    0.00	    0.00	    0.00	    0.00	    0.12	  904.92	 2995.49	 1843.90	  200.01	    0.01	    0.00	    0.01	    0.00	    0.01	    0.00	    2.49	    0.02	  199.72	  263.79
3	10	  801.20	  300.18	  400.13	 2401.28	  700.00	  599.74	    0.04	    6.30	    0.06	    0.16	    0.00	    0.06	    0.04	    0.07	    0.06	    0.12	    0.04	    0.02	    0.02	    0.02	    0.02	    0.04	    0.05	    0.02
4	3	    0.00	    0.04	    0.00	    0.00	 1922.55	 1556.91	 1124.48	 1852.64	 2738.25	 3564.06	    0.00	    0.00	    0.00	    0.00	 1171.42	 1446.70	 1182.16	  263.31	  522.37	  300.15	    0.03	  399.67	    0.00	    0.00
4	5	  228.83	    0.00	  482.66	 2138.63	 1262.09	    0.00	    0.02	    0.03	  561.62	 1284.33	  404.75	 1350.40	  539.93	  100.02	  280.60	    0.04	    0.04	    0.00	    0.09	    0.01	    0.02	    0.02	   99.72	   64.00
4	8	 3067.71	  899.67	  695.98	 4058.53	 2915.36	 1399.90	    0.03	    0.10	    0.00	    0.00	    0.17	 1445.09	 1103.98	    0.00	    0.00	    0.06	    0.00	    0.01	    0.00	    0.03	    0.00	    0.00	    0.00	  199.78
5	1	    0.00	    0.00	    0.00	    0.04	   80.74	  943.16	  846.15	 1453.66	  161.49	  484.46	    0.04	    0.00	    0.00	    0.02	   80.75	 1004.19	  200.78	  135.95	  100.02	  400.00	    0.00	   99.97	    0.00	    0.00
5	4	    0.00	  865.18	    0.00	    0.00	    0.00	 3156.81	 1022.42	 1798.17	    0.00	    0.00	    0.00	    0.00	    0.00	    0.00	    0.00	 1456.03	    0.07	  201.36	    0.03	  304.51	    0.00	    0.00	    0.00	    0.00
5	7	 2129.00	 1499.88	  403.72	 1738.59	  981.35	 3500.03	    0.00	    0.00	    0.16	    0.00	    4.71	 1680.10	  555.65	    0.00	    0.00	    0.00	    0.00	    0.00	    0.00	    0.00	    0.00	    0.00	    0.00	    0.00
6	7	    0.00	    0.00	    0.00	    0.00	    0.00	    0.00	 4173.87	    0.00	    0.00	    0.19	    0.00	    0.00	    0.00	  399.61	  599.46	  392.57	  136.90	  999.18	  998.87	 2599.37	  499.98	  799.87	  300.00	  199.99
6	17	  427.38	  334.40	    9.11	  436.43	  122.83	  980.50	 7926.13	 4506.61	  830.13	    0.22	    0.12	  224.65	    0.13	    0.00	    0.00	    0.00	    0.00	    0.00	    0.00	    0.00	    0.00	    0.00	    0.00	    0.00
7	5	    0.00	    0.00	    0.00	    0.00	    0.00	    0.00	 2268.55	 4051.79	    0.03	    0.12	    0.00	    0.00	    0.00	    0.00	    0.15	 3360.18	  700.81	  437.30	  299.96	 1004.50	   99.98	  299.94	    0.03	    0.01
7	6	  927.38	  534.40	  109.11	  836.43	  322.83	 1380.50	    0.00	 5506.61	 1430.00	    3.67	    1.17	  924.19	   66.13	    0.00	    0.00	    0.00	    0.08	    0.00	    0.00	    0.00	    0.00	    0.00	    0.00	    0.00
7	8	    0.00	    0.02	    0.00	    0.00	    0.00	    0.14	  905.32	 3748.03	    0.00	    0.00	    0.00	    0.00	    0.00	    0.00	    0.00	 1271.28	    0.00	  262.01	    0.00	  695.20	    0.05	    0.00	    0.00	    0.00
7	15	  471.35	  565.50	  174.20	  682.84	  426.80	 1319.48	    0.00	 3393.56	  865.61	    0.22	    0.00	  486.45	    0.19	    0.00	    0.00	    0.00	    0.00	    0.00	    0.00	    0.00	    0.00	    0.00	    0.00	    0.00
8	4	    0.00	    0.00	    0.00	    0.00	    0.00	    0.00	  302.10	  554.61	 4099.87	 5848.28	    0.00	    0.00	    0.00	    0.00	 1652.01	  490.76	 1382.11	   61.97	  622.42	   95.68	   97.55	  599.67	    0.00	    0.00
8	7	   69.73	    0.04	   79.59	  480.69	  268.28	    0.09	    0.00	    0.00	 3095.48	 1603.38	  796.46	  330.53	  110.68	    0.03	    0.00	    0.00	    0.20	    0.00	    0.00	    0.00	    0.00	    0.00	    0.00	    0.00
8	9	 2497.98	  699.65	  516.38	 2877.84	 1847.08	  999.95	    3.30	 2393.53	 9004.65	    0.00	    0.00	  514.68	  393.42	    0.00	    0.00	    0.25	    0.00	    0.17	    0.00	    0.00	    0.00	    0.00	    0.00	    0.00
9	8	    0.00	    0.00	    0.00	    0.00	    0.00	    0.00	    0.05	    0.00	    0.00	10251.66	 2196.29	    0.12	    0.12	  600.03	 2652.01	  619.67	 2282.31	    0.12	 1022.42	    0.45	  397.50	 1299.67	  500.00	    0.22
9	10	    0.00	    0.00	    0.00	    0.00	    0.00	    0.00	  499.96	  793.73	 1714.04	 8417.14	    0.00	    0.00	    0.00	    0.00	 1287.27	 1549.22	 1916.90	  200.00	  425.39	  428.89	    0.75	  494.05	    0.00	    0.00
9	14	  798.91	   99.93	   99.86	 1097.97	  596.85	  200.04	    0.00	    0.00	 3086.18	14595.57	 1898.25	  649.07	    4.86	    0.00	    0.00	    0.00	    0.80	    0.00	    0.00	    0.00	    0.00	    0.00	    0.00	    0.00
9	15	    0.00	    0.00	   16.71	   80.85	   50.53	    0.00	    0.00	    0.00	  504.51	 8035.64	 2170.28	  187.56	    0.59	    0.00	    0.00	    0.00	    0.00	    0.00	    0.00	    0.00	    0.00	    0.00	    0.00	    0.00
9	16	  399.79	    0.04	   99.98	  499.90	  199.92	    0.04	    0.08	    0.12	  899.92	 3899.99	 1000.01	  599.95	  499.78	    0.06	    0.12	    0.11	    0.00	    0.05	    0.07	    0.14	    0.05	    0.14	    0.05	    0.02
10	3	    0.00	    0.00	    0.00	    0.00	    0.00	    0.00	    0.00	    0.00	    0.00	    0.92	 3405.23	    0.00	    0.00	 1199.94	    0.36	    0.21	    0.22	    0.00	    0.14	    0.00	    0.00	    0.33	  698.70	    0.00
10	9	    0.72	    0.27	    0.17	    0.87	    0.21	    0.07	    0.00	    0.00	    0.00	    0.00	11164.83	 2922.02	 2011.93	 1142.50	    0.00	    0.00	    0.00	    0.00	    0.00	    0.00	    0.00	    0.00	  315.35	   45.99
10	11	    0.00	    0.00	    0.00	    0.00	    0.00	    0.00	    0.00	    0.00	    0.11	 3250.84	 2400.24	    0.00	    0.00	  716.11	  652.40	  149.13	  916.67	    0.02	  279.60	    0.00	    0.00	    0.00	    0.00	    0.00
10	13	  301.17	  100.11	  100.16	 1000.49	  199.81	  199.69	    0.00	    0.03	  313.99	 1165.55	 5329.71	 1050.72	   17.80	    0.00	    0.00	    0.00	    0.05	    0.00	    0.00	    0.00	    0.00	    0.00	    0.00	    0.00
11	2	    0.00	    0.00	    0.00	    0.00	    0.00	    0.00	    0.00	    0.00	    0.00	    0.14	    0.11	 4625.24	 3559.66	    0.20	    0.09	    0.00	    0.03	    0.00	    0.02	    0.00	  302.48	  500.10	  401.32	  599.79
11	10	    0.69	    0.20	    0.20	    0.08	    0.03	    0.02	    0.00	    0.00	    0.00	    0.00	    0.00	 5372.68	 3029.69	    0.00	    0.00	    0.00	    0.00	    0.00	    0.00	    0.00	    0.00	    0.00	    0.00	    0.09
11	12	 1401.40	  300.07	  299.98	 1001.51	  203.27	  300.32	   70.58	  600.00	  799.79	 1900.00	 1000.58	 3902.07	    0.00	   16.30	    4.87	    0.52	  499.78	    0.03	    2.11	    0.00	    0.00	    0.00	    0.00	    0.00
12	11	    0.00	    0.00	    0.00	    0.00	    0.00	    0.00	    0.00	    0.00	    0.00	    0.00	    0.00	    0.00	 7889.35	    0.31	    0.00	    0.42	    0.00	    0.76	    0.00	  499.87	  602.48	 1200.10	 1101.32	 1099.88
12	23	  901.40	    0.07	  199.98	  401.51	    3.27	  100.32	    0.00	    0.00	  199.79	    0.00	    0.58	 2602.07	 6710.65	    0.00	    0.00	    0.00	    0.00	    0.00	    0.00	    0.00	    0.00	    0.00	    0.00	    0.00
13	10	    0.00	    0.00	    0.00	    0.00	    0.00	    0.00	    0.00	    0.00	    0.00	    0.00	    0.00	    0.00	    0.00	 4658.48	  765.44	    0.00	    0.00	    0.00	  254.34	  171.09	  399.24	  606.23	 2314.00	  645.88
13	14	    1.08	    0.13	    0.14	    1.46	    0.03	    0.00	    0.00	    0.00	    0.00	    0.00	 1048.42	  350.48	   96.41	 6219.63	    0.00	    0.00	    0.00	    0.00	    0.00	    0.00	    0.00	    0.00	 1193.83	  126.67
13	22	    0.14	    0.00	    0.04	  499.05	   99.78	   99.71	    0.00	    0.00	  191.90	  803.67	 2681.35	    0.34	    0.31	 3221.89	  440.22	    0.00	  222.88	    0.00	  137.31	    0.00	    0.00	    0.00	    0.00	    0.00
14	9	    0.00	    0.00	    0.00	    0.00	    0.00	    0.00	    0.00	    0.00	    0.00	    0.00	    0.00	    0.00	    0.00	 1557.59	 7939.40	    0.29	    0.94	    0.05	 3247.44	 1719.49	 1598.30	 4393.87	 1984.70	  754.25
14	13	    0.00	    0.00	    0.00	    0.02	    0.00	    0.00	  199.63	  399.25	  477.91	 1738.12	    0.07	    0.00	    0.00	    0.00	 2505.66	  699.79	  922.83	   99.81	  691.63	  670.13	    1.06	  674.37	    0.00	    0.00
14	18	  299.99	    0.07	    0.00	  200.02	  100.01	    0.12	    0.02	    0.03	  400.06	 3261.30	  828.46	  299.91	  281.58	 2897.18	 5899.78	    0.06	    0.41	    0.01	    0.00	    0.05	  558.79	 2899.92	  899.98	  256.69
14	21	    0.00	    0.00	    0.00	  399.39	  296.87	    0.00	    0.00	    0.00	 1308.21	 5596.15	  718.14	    0.00	    0.00	  464.86	 5055.17	    0.23	 2476.27	    0.00	 2088.68	    0.00	    0.00	    0.00	    0.00	    0.00
15	7	    0.00	    0.00	    0.00	    0.00	    0.00	    0.00	    0.00	    0.00	    0.00	    0.45	    0.00	    0.00	    0.00	    0.36	    0.69	 6438.89	 1963.79	    0.13	    1.09	    0.34	    0.05	    0.08	    0.03	    0.02
15	9	    0.00	    0.05	    0.00	    0.00	    0.00	    0.07	 2396.56	    0.21	    0.00	    0.00	    0.00	    0.00	    0.00	    0.00	    0.00	 6567.23	    0.56	  899.86	    0.19	 1209.79	    0.00	    0.00	    0.00	    0.00
15	16	    0.23	  200.03	    0.02	    0.12	    0.09	  500.14	 1000.38	 1400.84	    0.11	    0.50	    0.09	    0.05	    0.00	    0.00	    0.00	 5962.83	    0.00	  600.18	    0.00	 1537.96	  354.15	    0.00	    0.00	  130.71
15	17	    0.02	    0.00	    0.00	    0.02	    0.00	    0.03	    0.00	    0.16	    0.45	 3635.61	  770.46	    0.04	    0.00	    0.03	    0.14	 7131.05	 3748.50	    0.00	    0.14	    0.00	    0.00	    0.00	    0.00	    0.00
16	9	    0.00	    0.00	    0.00	    0.00	    0.00	    0.00	    0.24	    0.10	    0.00	    0.00	    0.00	    0.00	    0.00	    0.00	    0.00	    1.24	 8098.51	    0.09	    0.25	    0.20	    0.00	    0.00	    0.00	    0.00
16	15	    0.00	    0.00	    0.00	    0.00	    0.00	    0.00	    0.00	    0.00	    0.00	    0.33	    0.10	    0.00	    0.00	  691.79	 1186.54	    0.00	 8512.74	    0.00	 1286.02	    0.00	    0.05	    0.11	    0.04	    0.03
16	18	    0.03	    0.07	    0.00	    0.02	    0.01	    0.18	    0.22	    0.85	    0.04	    0.16	    0.00	    0.00	    0.00	    0.00	    0.00	 3161.71	 6788.75	    0.14	    0.00	    0.00	    0.00	    0.00	    0.00	    0.00
17	6	    0.00	    0.00	    0.00	    0.00	    0.00	    0.00	    0.00	    0.00	    0.12	 1896.73	  498.95	    0.46	  334.00	  599.61	 1099.46	 1792.57	 1136.82	 1199.18	 1398.87	 3099.37	  699.98	 1299.87	  500.00	  299.99
17	15	   28.90	   34.59	    9.11	   36.44	   22.76	   80.75	 4796.93	  207.64	   30.44	    0.37	    0.18	   26.09	  599.22	    8.60	   14.29	    0.00	    0.11	 2000.17	   15.40	 4348.09	  954.14	 1199.97	  499.99	  430.71
17	19	  298.49	  299.81	    0.00	  300.01	  100.07	  799.77	 2929.20	 3999.13	  600.01	 1038.94	  171.62	    0.15	    0.07	    0.00	    0.00	 4838.48	 2011.71	 1600.64	    0.00	    0.00	    0.00	    0.00	    0.00	    0.00
18	14	    0.00	    0.01	    0.00	    0.00	    0.00	    0.08	  699.43	  999.20	    0.00	    0.00	    0.00	    0.00	    0.00	    0.00	    0.00	 1900.21	 4899.65	  299.79	 6827.74	 3488.88	    0.16	    0.38	    0.16	    0.07
18	16	    0.00	    0.00	    0.00	    0.00	    0.00	    0.00	    0.00	    0.00	    0.00	    0.00	    0.00	    0.00	    0.22	 1391.73	 2686.42	    0.00	    0.00	    0.00	 2986.20	  162.10	  245.86	 1699.96	  599.99	  169.29
18	19	    0.02	    0.00	    0.00	    0.04	    0.02	    0.02	    0.00	    0.00	    0.09	 1461.46	  428.46	    0.00	    0.00	 1205.46	 2413.36	    0.00	  189.51	    0.00	 2986.05	    0.00	    0.00	    0.00	    0.00	    0.00
19	17	    0.00	    0.00	    0.00	    0.00	    0.00	    0.00	    0.00	    0.00	    0.00	    0.21	    0.16	    2.00	 1033.15	  708.19	 1313.61	    0.00	    0.14	    0.00	 1714.13	 7847.46	 1754.13	 2799.84	 1099.99	  730.70
19	18	    0.00	   99.87	    0.00	    0.00	    0.00	  199.81	 1099.19	 1698.33	    0.00	    0.00	    0.00	    0.09	   18.65	    0.01	    0.00	   38.44	    0.00	  599.63	    0.00	 4850.92	   87.22	    0.43	    0.17	   12.67
19	20	    0.02	    0.00	    0.00	    0.03	    0.04	  100.01	  629.61	  600.27	    0.05	    0.19	    0.02	    0.01	    0.02	    0.02	    0.03	 1500.28	  501.04	  200.84	   72.02	 2700.61	    0.00	    0.07	    0.03	    0.02
19	21	    0.00	   99.94	    0.00	    0.02	    0.05	  199.98	  700.39	  800.53	    0.06	    0.21	    0.04	    0.00	    0.00	    0.00	    0.16	 1699.76	    0.11	  400.17	    0.08	 3101.01	    0.18	    0.00	    0.00	    0.00
20	19	    1.51	    0.00	    0.00	    0.00	    0.00	    0.00	    0.00	    0.00	    0.00	    0.11	    0.03	  401.81	 1651.47	    0.08	    0.17	    0.00	    0.07	    0.00	    0.18	    0.00	 3041.52	    0.22	    2.51	 1142.79
20	21	  262.54	    0.05	   65.64	    0.24	    0.00	    0.03	    0.06	    0.08	    0.00	    0.00	    0.00	  459.81	 1465.23	    0.00	    0.00	    0.16	    0.00	    0.03	    0.00	    0.40	 4759.91	    0.00	    0.63	 1601.70
20	23	    0.00	    0.00	    0.00	    0.00	    0.00	    0.02	  429.55	  200.20	    0.09	  485.98	    0.00	    0.00	    0.00	    0.00	  682.99	  900.21	  210.43	  100.80	  251.28	 1500.21	 3198.56	 2344.41	    0.00	    0.00
21	14	    0.00	    0.00	    0.00	    0.00	    0.00	    0.00	    0.21	    0.08	    0.00	    0.00	    0.00	    0.36	  880.31	    0.00	    0.00	    0.16	    0.00	    0.09	    0.00	    0.79	 2958.00	10567.77	 2690.70	 1284.20
21	19	    0.00	    0.00	    0.00	    0.00	    0.00	    0.00	    0.00	    0.00	    0.00	    0.11	    0.11	    0.15	    0.29	    2.67	    0.28	    0.00	    0.00	    0.00	    0.00	    0.00	    0.00	 5200.12	 1797.68	    0.60
21	20	    0.00	    0.00	    0.00	    0.00	   96.96	    0.00	    0.00	    0.00	  300.03	 1685.85	    2.54	    0.03	    0.07	    0.83	 1483.12	    0.08	  309.46	    0.00	  579.44	    0.00	    0.00	 4144.56	    0.63	    0.00
21	22	    0.00	    0.00	    0.00	    0.00	    0.00	    0.01	  200.24	  300.52	  308.24	 1310.40	    0.00	    0.00	    0.00	    0.00	  971.93	  499.91	  466.92	  100.12	  309.32	  700.62	    2.09	 4487.56	    0.00	    0.00
22	13	    0.05	    0.02	    0.02	    0.00	    0.00	    0.02	    0.37	    0.72	    0.00	    0.00	    0.00	    0.11	  678.92	    0.00	    0.00	    0.21	    0.00	    0.19	    0.01	    0.96	  798.17	 1131.86	 4607.83	 1172.54
22	21	  137.46	    0.01	   34.36	    0.36	    0.04	    0.00	    0.00	    0.00	    0.00	    0.00	  384.47	  240.74	  715.44	  738.64	    0.00	    0.00	    0.00	    0.00	    0.00	    0.00	    0.00	    0.00	 6588.37	  783.10
22	23	    0.01	    0.00	    0.00	    0.02	    0.00	    0.01	    0.01	    0.03	    0.14	  314.07	  996.94	    0.06	    0.00	 1383.25	  412.15	    0.07	   89.80	    0.00	  146.61	    0.17	    0.06	 1256.40	 3303.80	    0.00
23	12	    0.00	    0.00	    0.00	    0.00	    0.00	    0.00	  329.42	    0.00	    0.00	    0.00	    0.00	    0.00	    0.00	  584.01	  695.13	  599.90	    0.22	  100.73	  297.89	 1099.87	 1202.48	 2500.10	 1901.32	 1799.88
23	20	  364.03	    0.05	   65.64	  200.21	    3.00	    0.04	    0.00	    0.00	    0.01	    0.05	  397.47	 1161.57	 3716.60	  399.24	    0.00	    0.00	    0.00	    0.00	    0.00	    0.00	    0.00	    0.00	  702.49	 3244.47
23	22	  437.38	    0.02	  134.34	    1.33	    0.27	    0.31	    0.15	    0.23	    0.00	    0.00	    0.05	  940.56	 2194.05	    0.00	    0.00	    0.38	    0.00	    0.07	    0.00	    0.51	 1496.14	    0.71	    0.00	 2655.65
