0.000000000000000000e+00 1.000000000000000000e+00 4.514566530559563034e+03
0.000000000000000000e+00 2.000000000000000000e+00 8.124560786558960899e+03
1.000000000000000000e+00 0.000000000000000000e+00 4.525013858637482372e+03
1.000000000000000000e+00 5.000000000000000000e+00 5.974925295236672355e+03
2.000000000000000000e+00 0.000000000000000000e+00 8.114113458481033376e+03
2.000000000000000000e+00 3.000000000000000000e+00 1.391948088629704944e+04
2.000000000000000000e+00 1.100000000000000000e+01 1.003908386681941738e+04
3.000000000000000000e+00 2.000000000000000000e+00 1.405117756161848956e+04
3.000000000000000000e+00 4.000000000000000000e+00 1.811633544986392371e+04
3.000000000000000000e+00 1.000000000000000000e+01 5.210525129644289336e+03
4.000000000000000000e+00 3.000000000000000000e+00 1.805184904608276702e+04
4.000000000000000000e+00 5.000000000000000000e+00 8.800285641193457195e+03
4.000000000000000000e+00 8.000000000000000000e+00 1.587099969430713645e+04
5.000000000000000000e+00 1.000000000000000000e+00 5.985372623314597149e+03
5.000000000000000000e+00 4.000000000000000000e+00 8.802613375260851171e+03
5.000000000000000000e+00 7.000000000000000000e+00 1.251484428992707399e+04
6.000000000000000000e+00 7.000000000000000000e+00 1.210320312290464062e+04
6.000000000000000000e+00 1.700000000000000000e+01 1.582282847644423782e+04
7.000000000000000000e+00 5.000000000000000000e+00 1.252761935207238821e+04
7.000000000000000000e+00 6.000000000000000000e+00 1.205937030550812415e+04
7.000000000000000000e+00 8.000000000000000000e+00 6.880233265209886667e+03
7.000000000000000000e+00 1.500000000000000000e+01 8.388338135492476795e+03
8.000000000000000000e+00 4.000000000000000000e+00 1.580418555645861125e+04
8.000000000000000000e+00 7.000000000000000000e+00 6.832818614678240010e+03
8.000000000000000000e+00 9.000000000000000000e+00 2.183622751978629822e+04
9.000000000000000000e+00 8.000000000000000000e+00 2.182199873140616182e+04
9.000000000000000000e+00 1.000000000000000000e+01 1.774922738665968063e+04
9.000000000000000000e+00 1.400000000000000000e+01 2.311179294710480099e+04
9.000000000000000000e+00 1.500000000000000000e+01 1.103941812487112838e+04
9.000000000000000000e+00 1.600000000000000000e+01 8.099587715789755748e+03
1.000000000000000000e+01 3.000000000000000000e+00 5.506708208746877062e+03
1.000000000000000000e+01 9.000000000000000000e+00 1.753128424290027033e+04
1.000000000000000000e+01 1.100000000000000000e+01 8.360709704313247130e+03
1.000000000000000000e+01 1.300000000000000000e+01 9.761192827817994839e+03
1.100000000000000000e+01 2.000000000000000000e+00 9.896939863420049733e+03
1.100000000000000000e+01 1.000000000000000000e+01 8.473407067652735350e+03
1.100000000000000000e+01 1.200000000000000000e+01 1.229996783300061543e+04
1.200000000000000000e+01 1.100000000000000000e+01 1.237052119294075055e+04
1.200000000000000000e+01 2.300000000000000000e+01 1.114216401378628143e+04
1.300000000000000000e+01 1.000000000000000000e+01 9.826735399821647661e+03
1.300000000000000000e+01 1.400000000000000000e+01 9.018686784983096004e+03
1.300000000000000000e+01 2.200000000000000000e+01 8.392347133476587260e+03
1.400000000000000000e+01 9.000000000000000000e+00 2.318571191094460664e+04
1.400000000000000000e+01 1.300000000000000000e+01 9.071670601877307490e+03
1.400000000000000000e+01 1.800000000000000000e+01 1.907090931552550319e+04
1.400000000000000000e+01 2.100000000000000000e+01 1.840642882173122052e+04
1.500000000000000000e+01 7.000000000000000000e+00 8.404695030772911196e+03
1.500000000000000000e+01 9.000000000000000000e+00 1.106854657395321919e+04
1.500000000000000000e+01 1.600000000000000000e+01 1.168683191300021281e+04
1.500000000000000000e+01 1.700000000000000000e+01 1.530505919069158335e+04
1.600000000000000000e+01 9.000000000000000000e+00 8.100254658247113184e+03
1.600000000000000000e+01 1.500000000000000000e+01 1.167041496439663388e+04
1.600000000000000000e+01 1.800000000000000000e+01 9.954345046585500313e+03
1.700000000000000000e+01 6.000000000000000000e+00 1.586666129384075248e+04
1.700000000000000000e+01 1.500000000000000000e+01 1.536696148365766203e+04
1.700000000000000000e+01 1.900000000000000000e+01 1.900646622149885297e+04
1.800000000000000000e+01 1.400000000000000000e+01 1.911460283775318749e+04
1.800000000000000000e+01 1.600000000000000000e+01 9.938595040439297009e+03
1.800000000000000000e+01 1.900000000000000000e+01 8.679559273082990330e+03
1.900000000000000000e+01 1.700000000000000000e+01 1.901220133186146631e+04
1.900000000000000000e+01 1.800000000000000000e+01 8.707502789164480419e+03
1.900000000000000000e+01 2.000000000000000000e+01 6.309751739135450407e+03
1.900000000000000000e+01 2.100000000000000000e+01 7.002867735992903363e+03
2.000000000000000000e+01 1.900000000000000000e+01 6.245072812885176063e+03
2.000000000000000000e+01 2.100000000000000000e+01 8.611448122874142427e+03
2.000000000000000000e+01 2.300000000000000000e+01 1.029978779202076294e+04
2.100000000000000000e+01 1.400000000000000000e+01 1.838963808023754245e+04
2.100000000000000000e+01 1.900000000000000000e+01 7.001225288687281136e+03
2.100000000000000000e+01 2.000000000000000000e+01 8.594954376835152289e+03
2.100000000000000000e+01 2.200000000000000000e+01 9.648650473476478510e+03
2.200000000000000000e+01 1.300000000000000000e+01 8.404905888586030414e+03
2.200000000000000000e+01 2.100000000000000000e+01 9.613723538638181708e+03
2.200000000000000000e+01 2.300000000000000000e+01 7.909880556039230214e+03
2.300000000000000000e+01 1.200000000000000000e+01 1.111271737372641837e+04
2.300000000000000000e+01 2.000000000000000000e+01 1.025160261180947782e+04
2.300000000000000000e+01 2.200000000000000000e+01 7.887512376310379295e+03
