i	j	       0	       1	       2	       3	       4	       5	       6	       7	       8	       9	      10	      11	      12	      13	      14	      15	      16	      17	      18	      19	      20	      21	      22	      23
0	1	 2600.08	    0.00	  259.42	  199.98	   10.99	    0.00	    0.01	    0.02	   21.97	   65.99	  199.98	  445.94	  453.98	  100.00	   10.98	    0.02	    0.07	    0.00	    0.04	    0.00	    0.01	    0.07	    0.23	   27.99
0	2	 6199.92	 1125.54	    0.00	    0.00	    0.00	  228.39	  129.46	  226.17	    0.00	    0.00	    0.00	    0.00	    0.00	    0.00	    0.00	   74.07	    0.00	   32.11	    0.00	    0.01	    0.00	    0.00	    0.00	    0.00
1	0	    0.00	 1225.54	    0.00	    0.00	    0.00	  528.39	  629.44	 1026.14	    0.00	    0.00	    0.00	    0.00	    0.00	    0.00	    0.00	  574.01	    0.38	  132.11	    0.02	  299.98	    0.00	    0.01	    0.00	    0.00
1	5	 2500.08	 2774.46	  159.42	    0.00	    0.00	    0.00	    0.00	    0.00	    0.00	    0.00	    0.00	  345.94	  153.98	    0.00	    0.00	    0.00	    0.00	    0.00	    0.00	    0.00	    0.01	    0.02	    0.23	   27.99
2	0	    0.00	    0.00	  359.42	  699.98	  210.99	    0.00	    0.03	    0.05	  521.97	 1365.99	  699.98	  645.94	  953.98	  400.00	  510.98	    0.07	  399.70	    0.00	  300.02	    0.04	  100.01	  400.06	  300.23	  127.99
2	3	 4499.94	  625.43	 1940.57	    0.00	    0.00	    0.21	    0.00	    0.00	    0.00	    0.00	    0.00	 3772.18	 2448.98	    0.08	    0.00	    0.00	    0.00	    0.00	    0.00	    0.00	  203.56	    0.18	    2.60	  471.62
2	11	 1599.99	  400.11	  500.02	 1601.66	  403.37	  500.34	  700.65	 1200.00	 1399.52	  683.69	    0.31	    0.00	    0.00	    0.00	   50.72	  515.49	  192.80	  199.21	   21.74	    0.01	    0.00	    0.00	    0.00	    0.00
3	2	    0.00	    0.00	    0.00	 2501.65	  714.36	  572.16	  671.22	 1173.87	 2021.50	 2349.46	  999.91	    0.00	    0.00	  499.72	  661.58	  641.44	  692.43	  167.10	  321.71	    0.02	    0.00	    0.00	    0.00	    0.00
3	4	 3198.27	  125.17	 1340.30	 6697.43	    0.00	    0.15	    0.00	    0.00	    0.00	    0.21	  903.86	 3171.62	 1848.68	  200.01	    0.04	    0.00	    0.04	    0.00	    0.01	    0.00	    3.57	    0.04	  199.76	  271.60
3	10	  801.66	  300.30	  400.26	 2400.92	  699.75	  599.66	    0.07	    5.53	    0.05	    0.15	    0.00	    0.56	    0.30	    0.06	    0.05	    0.21	    0.04	    0.03	    0.02	    0.02	    0.02	    0.04	    0.05	    0.02
4	3	    0.00	    0.04	    0.00	    0.00	 1914.10	 1571.76	 1071.29	 1879.41	 2721.55	 3546.56	    0.00	    0.00	    0.00	    0.03	 1160.53	 1441.15	 1191.62	  267.13	  521.28	  300.04	    0.03	  399.07	    0.00	    0.00
4	5	    0.00	    0.00	  531.89	 2132.51	 1266.41	    0.00	    0.02	    0.03	  578.19	 1333.98	  403.21	 1462.83	  528.54	  100.02	  288.94	    0.03	    0.03	    0.00	    0.04	    0.01	    0.01	    0.02	   99.76	   72.01
4	8	 2998.27	  899.76	  708.42	 4064.92	 2919.49	 1400.30	    0.12	    0.12	    0.00	    0.00	    0.66	 1508.79	 1120.14	    0.00	    0.00	    0.07	    0.00	    0.01	    0.00	    0.03	    0.00	    0.00	    0.00	  199.59
5	1	    0.00	    0.00	    0.00	    0.02	   89.01	  928.39	  829.43	 1426.13	  178.03	  534.01	    0.02	    0.00	    0.00	    0.01	   89.02	  974.00	  200.30	  132.11	   99.98	  399.98	    0.00	   99.96	    0.00	    0.00
5	4	    0.00	  874.64	    0.00	    0.00	    0.00	 3171.91	  983.42	 1840.94	    0.00	    0.00	    0.00	    0.00	    0.00	    0.00	    0.00	 1414.56	    0.10	  206.69	    0.02	  307.93	    0.01	    0.03	    0.00	    0.00
5	7	 2200.08	 1499.82	  391.30	 1732.50	  977.40	 3499.70	    0.00	    0.00	    0.16	    0.08	    3.19	 1608.77	  482.52	    0.02	    0.00	    0.00	    0.00	    0.00	    0.00	    0.00	    0.00	    0.00	    0.00	    0.01
6	7	    0.00	    0.00	    0.00	    0.00	    0.00	    0.00	 4103.65	    0.00	    0.00	    0.04	    0.00	    0.00	    0.00	  399.88	  599.40	 1168.30	  435.25	  999.02	  998.89	 2599.19	  500.03	  799.88	  299.98	  199.98
6	17	  400.19	  300.09	    0.12	  400.20	  100.17	  900.31	 7996.35	 4300.15	  799.75	    0.20	    0.06	  199.65	    0.03	    0.00	    0.00	 1598.29	    0.13	    0.00	    0.00	    0.00	    0.00	    0.00	    0.00	    0.00
7	5	    0.00	    0.00	    0.00	    0.00	    0.00	    0.00	 2212.83	 4067.03	    0.00	    0.11	    0.00	    0.00	    0.00	    0.00	    0.08	 3288.52	  700.37	  438.80	  299.97	 1007.89	   99.99	  299.95	    0.00	    0.01
7	6	  900.19	  500.09	  100.12	  800.20	  300.17	 1300.31	    0.00	 5300.15	 1399.69	    0.83	    0.28	  899.35	    1.11	    0.00	    0.00	 1598.29	    0.17	    0.00	    0.00	    0.00	    0.00	    0.00	    0.00	    0.00
7	8	    0.00	    0.00	    0.00	    0.00	    0.00	    0.00	  890.81	 3732.70	    0.00	    0.00	    0.00	    0.00	    0.00	    0.00	    0.00	 1143.89	    0.00	  260.31	    0.00	  691.53	    0.09	    0.00	    0.00	    0.00
7	15	  500.10	  599.77	  175.69	  694.81	  434.18	 1399.50	    0.00	 3600.11	  811.80	    0.00	    0.28	  463.23	    0.48	    0.00	    0.00	    0.00	    0.00	    0.00	    0.00	    0.00	    0.00	    0.00	    0.00	    0.00
8	4	    0.00	    0.00	    0.00	    0.00	    0.00	    0.00	  288.01	  538.62	 4099.74	 5880.33	    0.00	    0.00	    0.00	    0.05	 1649.43	  526.69	 1391.52	   60.45	  621.28	   92.15	   96.46	  599.02	    0.00	    0.00
8	7	    0.21	    0.04	   84.51	  462.52	  256.96	    0.11	    0.00	    0.00	 3011.32	 1600.59	  797.37	  353.80	  119.06	    0.03	    0.04	    0.00	    0.22	    0.00	    0.00	    0.00	    0.00	    0.00	    0.00	    0.00
8	9	 2498.06	  699.72	  523.91	 2902.40	 1862.53	 1000.19	    3.21	 2394.20	 9088.94	    0.00	    0.00	  555.04	  401.13	    0.00	    0.00	    0.49	    0.00	    0.04	    0.00	    0.00	    0.00	    0.00	    0.00	    0.00
9	8	    0.00	    0.00	    0.00	    0.00	    0.00	    0.00	    0.29	    0.00	    0.00	10280.92	 2196.72	    0.05	    0.05	  600.08	 2649.47	  783.22	 2291.75	    0.17	 1021.28	    0.59	  396.38	 1299.02	  500.00	    0.41
9	10	    0.00	    0.00	    0.00	    0.00	    0.00	    0.00	  499.98	  794.53	 1720.51	 8398.89	    0.00	    0.00	    0.00	    0.00	 1291.40	 1585.77	 1907.95	  200.09	  427.40	  427.86	    0.85	  495.79	    0.00	    0.00
9	14	  799.23	   99.95	   99.90	 1098.25	  596.86	  200.07	    0.00	    0.03	 3079.91	14679.54	 1926.01	  653.07	   10.59	    0.00	    0.00	    0.00	    0.64	    0.00	    0.00	    0.00	    0.00	    0.00	    0.00	    0.00
9	15	    0.04	    0.00	   24.21	  105.14	   65.71	    0.00	    0.00	    0.00	  588.59	 7940.34	 2139.89	  236.18	    0.05	    0.00	    0.00	    0.00	    0.00	    0.00	    0.00	    0.00	    0.00	    0.00	    0.00	    0.00
9	16	  399.70	    0.07	   99.98	  499.88	  199.95	    0.19	    0.06	    0.09	  899.93	 3900.31	  999.67	  599.86	  499.80	    0.04	    0.10	    0.18	    0.00	    0.04	    0.07	    0.11	    0.04	    0.11	    0.04	    0.02
10	3	    0.00	    0.00	    0.00	    0.00	    0.00	    0.00	    0.00	    0.00	    0.00	    3.26	 3403.77	    0.00	    0.00	 1199.67	    1.15	    0.50	    0.88	    0.00	    0.46	    0.00	    0.00	    0.83	  697.22	    0.00
10	9	    0.91	    0.25	    0.18	    0.87	    0.00	    0.00	    0.00	    0.00	    0.00	    0.00	11162.28	 2934.12	 2009.36	 1092.81	    0.00	    0.00	    0.00	    0.00	    0.00	    0.00	    0.00	    0.00	  369.97	   60.81
10	11	    0.00	    0.00	    0.00	    0.00	    0.00	    0.00	    0.05	    0.00	    0.23	 3216.53	 2400.53	    0.00	    0.00	  733.69	  661.50	  185.48	  907.11	    0.12	  283.49	    0.00	    0.00	    0.00	    0.00	    0.00
10	13	  300.81	  100.07	  100.11	 1000.10	  199.76	  199.67	    0.00	    0.07	  320.33	 1179.25	 5333.41	 1046.81	   36.59	    0.00	    0.00	    0.00	    0.00	    0.00	    0.00	    0.00	    0.00	    0.00	    0.00	    0.00
11	2	    0.00	    0.00	    0.00	    0.00	    0.00	    0.00	    0.00	    0.00	    0.00	    0.21	    0.39	 4618.13	 3502.96	    0.36	    0.11	    0.05	    0.07	    0.00	    0.04	    0.02	  303.56	  500.24	  402.83	  599.61
11	10	    0.06	    0.02	    0.03	    0.05	    0.01	    0.01	    0.00	    0.00	    0.00	    0.00	    0.00	 5380.37	 3045.65	    0.00	    0.00	    0.00	    0.00	    0.00	    0.00	    0.00	    0.02	    0.00	    0.00	    0.19
11	12	 1399.93	  300.09	  299.99	 1001.62	  203.36	  300.33	    0.70	  600.00	  799.76	 1900.00	 1000.46	 3901.50	    0.00	   33.68	   12.22	    0.92	  499.85	    0.00	    5.24	    0.00	    0.00	    0.00	    0.00	    0.00
12	11	    0.00	    0.00	    0.00	    0.00	    0.00	    0.00	    0.00	    0.00	    0.00	    0.00	    0.00	    0.00	 7848.61	    0.35	    0.11	    0.00	    0.00	    0.67	    0.05	  500.01	  603.59	 1200.24	 1102.83	 1099.81
12	23	  899.93	    0.09	  199.99	  401.62	    3.36	  100.33	    0.00	    0.00	  199.76	    0.00	    0.46	 2601.50	 6751.39	    0.00	    0.00	    0.00	    0.00	    0.00	    0.00	    0.00	    0.00	    0.00	    0.00	    0.00
13	10	    0.00	    0.00	    0.00	    0.00	    0.00	    0.00	    0.00	    0.00	    0.00	    0.00	    0.00	    0.00	    0.00	 4626.11	  771.19	    0.00	    0.00	    0.00	  256.53	  172.12	  399.11	  605.00	 2367.14	  660.60
13	14	    0.74	    0.10	    0.10	    0.98	    0.05	    0.00	    0.00	    0.00	    0.00	    0.00	 1048.27	  346.93	  104.52	 6267.41	    0.00	    0.00	    0.00	    0.00	    0.00	    0.00	    0.00	    0.00	 1146.96	  134.77
13	22	    0.17	    0.00	    0.05	  499.14	   99.72	   99.68	    0.00	    0.00	  202.60	  827.05	 2685.20	    0.13	    0.00	 3206.48	  430.62	    0.00	  224.24	    0.00	  133.89	    0.00	    0.00	    0.00	    0.00	    0.00
14	9	    0.00	    0.00	    0.00	    0.00	    0.00	    0.00	    0.00	    0.00	    0.00	    0.00	    0.00	    0.00	    0.00	 1607.31	 7940.97	    0.28	    0.45	    0.13	 3248.58	 1860.93	 1597.27	 4394.91	 1930.06	  739.62
14	13	    0.00	    0.00	    0.00	    0.00	    0.01	    0.01	  199.58	  399.16	  482.27	 1747.79	    0.06	    0.00	    0.00	    0.00	 2501.81	  698.90	  924.24	   99.79	  690.42	  670.77	    1.15	  677.32	    0.00	    0.00
14	18	  299.98	    0.06	    0.00	  199.98	   99.99	    0.10	    0.03	    0.05	  400.00	 3358.77	  859.76	  300.00	  288.29	 2897.14	 5899.90	    0.03	    0.30	    0.02	    0.00	    0.09	  597.23	 2899.94	  899.99	  274.65
14	21	    0.00	    0.00	    0.00	  399.24	  296.91	    0.01	    0.00	    0.00	 1297.64	 5572.98	  714.45	    0.00	    0.00	  462.96	 5057.31	    0.21	 2514.59	    0.00	 2110.77	    0.00	    0.00	    0.00	    0.00	    0.00
15	7	    0.00	    0.00	    0.00	    0.00	    0.00	    0.00	    0.00	    0.00	    0.00	    0.24	    0.00	    0.00	    0.00	    0.07	    0.64	 7062.40	 1665.06	    0.09	    1.07	    0.23	    0.04	    0.07	    0.03	    0.02
15	9	    0.00	    0.05	    0.00	    0.00	    0.00	    0.06	 2396.90	    0.45	    0.00	    0.00	    0.00	    0.00	    0.00	    0.00	    0.00	 6767.67	    0.52	  900.05	    0.18	 1067.63	    0.00	    0.00	    0.00	    0.00
15	16	    0.32	  199.99	    0.02	    0.13	    0.05	  499.98	 1000.39	 1400.99	    0.10	    0.46	    0.08	    0.14	    0.16	    0.00	    0.00	 5970.55	    0.00	  600.17	    0.00	 1591.92	  342.36	    0.00	    0.00	  117.98
15	17	    0.13	    0.08	    0.00	    0.13	    0.03	    0.26	    0.00	    1.11	    0.37	 3540.76	  740.18	    0.11	    0.11	    0.02	    0.06	 6299.38	 4066.16	    0.00	    0.24	    0.00	    0.00	    0.00	    0.00	    0.00
16	9	    0.00	    0.00	    0.00	    0.00	    0.00	    0.00	    0.22	    0.00	    0.00	    0.00	    0.00	    0.00	    0.00	    0.00	    0.00	    0.73	 8099.38	    0.08	    0.00	    0.00	    0.00	    0.00	    0.00	    0.00
16	15	    0.00	    0.00	    0.00	    0.00	    0.00	    0.00	    0.00	    0.00	    0.00	    0.63	    0.00	    0.00	    0.00	  694.56	 1192.36	    0.00	 8531.63	    0.00	 1292.43	    0.00	    0.05	    0.10	    0.04	    0.02
16	18	    0.02	    0.07	    0.00	    0.02	    0.01	    0.17	    0.24	    1.08	    0.03	    0.15	    0.00	    0.00	    0.00	    0.00	    0.00	 3169.99	 6768.99	    0.13	    0.00	    0.00	    0.00	    0.00	    0.00	    0.00
17	6	    0.00	    0.00	    0.00	    0.00	    0.00	    0.00	    0.00	    0.00	    0.06	 1899.41	  499.78	    0.30	  398.93	  599.88	 1099.40	 2568.30	 1435.22	 1199.02	 1398.89	 3099.19	  700.03	 1299.88	  499.98	  299.98
17	15	    0.31	    0.35	    0.12	    0.31	    0.19	    0.80	 4797.29	    2.45	    0.09	    0.49	    0.09	    0.84	  599.74	    5.53	    8.34	    0.00	    0.11	 2000.31	    9.06	 4259.78	  942.35	 1199.98	  499.99	  417.97
17	19	  300.00	  299.82	    0.00	  300.02	  100.01	  799.77	 2999.07	 3998.82	  600.02	  941.61	  140.49	    0.08	    0.12	    0.00	    0.00	 4829.37	 2031.05	 1600.67	    0.08	    0.00	    0.00	    0.00	    0.00	    0.00
18	14	    0.00	    0.01	    0.00	    0.00	    0.00	    0.05	  699.48	  999.12	    0.00	    0.00	    0.00	    0.00	    0.00	    0.00	    0.00	 1899.30	 4938.94	  299.84	 6849.76	 3630.78	    0.15	    0.36	    0.15	    0.07
18	16	    0.00	    0.00	    0.00	    0.00	    0.00	    0.00	    0.00	    0.00	    0.00	    0.00	    0.25	    0.00	    0.04	 1394.52	 2692.26	    0.00	    0.00	    0.00	 2992.36	  107.97	  257.65	 1699.99	  600.00	  182.03
18	19	    0.00	    0.00	    0.00	    0.00	    0.00	    0.00	    0.00	    0.00	    0.03	 1558.91	  459.51	    0.00	    0.00	 1202.64	 2407.64	    1.71	  130.35	    0.00	 2957.88	    0.00	    0.00	    0.00	    0.00	    0.00
19	17	    0.00	    0.00	    0.00	    0.00	    0.00	    0.00	    0.00	    0.00	    0.06	    0.55	    0.11	    1.46	 1098.65	  705.39	 1307.68	    0.00	    0.08	    0.00	 1707.80	 7758.97	 1742.38	 2799.86	 1099.96	  717.96
19	18	    0.00	   99.88	    0.00	    0.00	    0.00	  199.78	 1099.22	 1697.99	    0.00	    0.00	    0.00	    0.00	   11.75	    0.01	    0.00	   30.99	    0.00	  599.69	    0.00	 4938.66	   60.57	    0.41	    0.16	    7.44
19	20	    0.00	    0.00	    0.00	    0.01	    0.00	   99.99	  699.59	  600.32	    0.01	    0.05	    0.02	    0.01	    0.02	    0.02	    0.03	 1499.62	  461.33	  200.81	   50.20	 2700.91	    0.00	    0.07	    0.03	    0.02
19	21	    0.00	   99.94	    0.00	    0.02	    0.01	  200.00	  700.26	  800.52	    0.05	    0.20	    0.04	    0.00	    0.00	    0.00	    0.15	 1700.46	    0.10	  400.17	    0.06	 3101.45	    0.17	    0.00	    0.00	    0.00
20	19	    0.00	    0.00	    0.00	    0.00	    0.00	    0.00	    0.00	    0.00	    0.07	    0.28	    0.07	  401.37	 1710.22	    0.05	    0.10	    0.00	    0.12	    0.00	    0.11	    0.00	 3003.00	    0.14	    2.21	 1125.16
20	21	  261.10	    0.05	   65.27	    0.03	    0.00	    0.01	    0.08	    0.07	    0.00	    0.00	    0.00	  456.92	 1453.25	    0.00	    0.00	    0.21	    0.00	    0.05	    0.00	    0.46	 4798.98	    0.00	    0.67	 1592.83
20	23	    0.00	    0.00	    0.00	    0.00	    0.00	    0.01	  499.52	  200.28	    0.03	  478.52	    0.00	    0.00	    0.00	    0.00	  674.17	  899.54	  204.78	  100.78	  246.67	 1500.62	 3198.03	 2322.15	    0.00	    0.00
21	14	    0.00	    0.00	    0.00	    0.00	    0.00	    0.00	    0.13	    0.06	    0.00	    0.00	    0.00	    0.00	  873.18	    0.00	    0.00	    0.12	    0.00	    0.10	    0.00	    1.01	 2995.50	10571.82	 2682.95	 1279.43
21	19	    0.00	    0.00	    0.00	    0.00	    0.00	    0.00	    0.00	    0.00	    0.00	    0.00	    0.11	    0.03	    0.07	    2.73	    0.13	    0.00	    0.00	    0.00	    0.00	    0.00	    0.12	 5200.19	 1797.94	    0.26
21	20	    0.01	    0.00	    0.00	    0.02	   96.96	    0.01	    0.02	    0.04	  300.08	 1678.70	    1.58	    0.00	    0.00	    0.72	 1474.20	    0.13	  343.57	    0.01	  596.57	    0.17	    0.00	 4122.22	    0.46	    0.00
21	22	    0.00	    0.00	    0.00	    0.00	    0.00	    0.01	  200.20	  300.49	  297.62	 1294.49	    0.00	    0.00	    0.00	    0.00	  983.14	  500.64	  471.12	  100.10	  314.26	  700.73	    3.52	 4505.77	    0.00	    0.00
22	13	    0.10	    0.03	    0.03	    0.02	    0.00	    0.01	    0.42	    0.77	    0.00	    0.00	    0.00	    0.24	  667.93	    0.00	    0.00	    1.10	    0.00	    0.21	    0.00	    1.34	  797.96	 1127.68	 4614.10	 1195.37
22	21	  138.91	    0.01	   34.73	    0.73	    0.04	    0.00	    0.00	    0.00	    0.00	    0.00	  387.19	  243.11	  720.00	  740.50	    0.00	    0.00	    0.00	    0.00	    0.00	    0.00	    0.00	    0.00	 6580.67	  786.86
22	23	    0.01	    0.00	    0.00	    0.02	    0.00	    0.01	    0.01	    0.03	    0.22	  321.54	  998.06	    0.00	    0.00	 1365.98	  413.77	    0.06	   95.37	    0.01	  148.14	    0.19	    0.05	 1278.14	 3305.23	    0.00
23	12	    0.00	    0.00	    0.00	    0.00	    0.00	    0.00	  399.30	    0.00	    0.00	    0.00	    0.00	    0.00	    0.00	  566.68	  687.90	  599.08	    0.15	  100.67	  294.81	 1100.01	 1203.59	 2500.24	 1902.83	 1799.81
23	20	  361.08	    0.05	   65.27	  200.00	    3.04	    0.02	    0.00	    0.00	    0.01	    0.06	  398.47	 1158.28	 3763.45	  399.31	    0.04	    0.00	    0.00	    0.00	    0.00	    0.00	    0.00	    0.00	  702.40	 3217.97
23	22	  438.85	    0.04	  134.71	    1.63	    0.32	    0.33	    0.23	    0.31	    0.00	    0.00	    0.05	  943.22	 2187.94	    0.00	    0.00	    0.52	    0.00	    0.12	    0.00	    0.80	 1494.49	    0.05	    0.00	 2682.23
