0.000000000000000000e+00 1.000000000000000000e+00 4.494416836766717097e+03
0.000000000000000000e+00 2.000000000000000000e+00 8.118343117375451584e+03
1.000000000000000000e+00 0.000000000000000000e+00 4.518962916449236218e+03
1.000000000000000000e+00 5.000000000000000000e+00 5.966817350825530411e+03
2.000000000000000000e+00 0.000000000000000000e+00 8.093797037692933372e+03
2.000000000000000000e+00 3.000000000000000000e+00 1.402520456036359428e+04
2.000000000000000000e+00 1.100000000000000000e+01 1.003651619480874433e+04
3.000000000000000000e+00 2.000000000000000000e+00 1.404432657327192101e+04
3.000000000000000000e+00 4.000000000000000000e+00 1.802312587404320220e+04
3.000000000000000000e+00 1.000000000000000000e+01 5.213283886816460836e+03
4.000000000000000000e+00 3.000000000000000000e+00 1.804601635717103272e+04
4.000000000000000000e+00 5.000000000000000000e+00 8.797186426034257238e+03
4.000000000000000000e+00 8.000000000000000000e+00 1.579213559565261676e+04
5.000000000000000000e+00 1.000000000000000000e+00 5.991363430508039528e+03
5.000000000000000000e+00 4.000000000000000000e+00 8.803502002847597396e+03
5.000000000000000000e+00 7.000000000000000000e+00 1.249209114898363987e+04
6.000000000000000000e+00 7.000000000000000000e+00 1.209720922098797746e+04
6.000000000000000000e+00 1.700000000000000000e+01 1.578690004492330081e+04
7.000000000000000000e+00 5.000000000000000000e+00 1.252295280547947368e+04
7.000000000000000000e+00 6.000000000000000000e+00 1.204013951418389115e+04
7.000000000000000000e+00 8.000000000000000000e+00 6.880575832823457858e+03
7.000000000000000000e+00 1.500000000000000000e+01 8.387700578520920317e+03
8.000000000000000000e+00 4.000000000000000000e+00 1.580871050196711440e+04
8.000000000000000000e+00 7.000000000000000000e+00 6.835223837387812637e+03
8.000000000000000000e+00 9.000000000000000000e+00 2.175197065916290012e+04
9.000000000000000000e+00 8.000000000000000000e+00 2.182319357004178164e+04
9.000000000000000000e+00 1.000000000000000000e+01 1.772420551758634610e+04
9.000000000000000000e+00 1.400000000000000000e+01 2.313016074507659869e+04
9.000000000000000000e+00 1.500000000000000000e+01 1.104684646195152709e+04
9.000000000000000000e+00 1.600000000000000000e+01 8.100543329354276466e+03
1.000000000000000000e+01 3.000000000000000000e+00 5.309515416596954310e+03
1.000000000000000000e+01 9.000000000000000000e+00 1.760234075138956177e+04
1.000000000000000000e+01 1.100000000000000000e+01 8.365245429170488933e+03
1.000000000000000000e+01 1.300000000000000000e+01 9.778249253330895954e+03
1.100000000000000000e+01 2.000000000000000000e+00 9.992848102217900305e+03
1.100000000000000000e+01 1.000000000000000000e+01 8.400449590064537915e+03
1.100000000000000000e+01 1.200000000000000000e+01 1.230311182942711093e+04
1.200000000000000000e+01 1.100000000000000000e+01 1.239464789773031407e+04
1.200000000000000000e+01 2.300000000000000000e+01 1.111937344440130437e+04
1.300000000000000000e+01 1.000000000000000000e+01 9.817411856020564301e+03
1.300000000000000000e+01 1.400000000000000000e+01 9.034942706952631852e+03
1.300000000000000000e+01 2.200000000000000000e+01 8.400101596373255234e+03
1.400000000000000000e+01 9.000000000000000000e+00 2.319708259293544324e+04
1.400000000000000000e+01 1.300000000000000000e+01 9.079804392796706452e+03
1.400000000000000000e+01 1.800000000000000000e+01 1.908868375569047930e+04
1.400000000000000000e+01 2.100000000000000000e+01 1.840536835531574980e+04
1.500000000000000000e+01 7.000000000000000000e+00 8.406844523648322138e+03
1.500000000000000000e+01 9.000000000000000000e+00 1.107318472737455158e+04
1.500000000000000000e+01 1.600000000000000000e+01 1.169066412997273255e+04
1.500000000000000000e+01 1.700000000000000000e+01 1.556587850779250221e+04
1.600000000000000000e+01 9.000000000000000000e+00 8.100370893148058713e+03
1.600000000000000000e+01 1.500000000000000000e+01 1.167915508107518508e+04
1.600000000000000000e+01 1.800000000000000000e+01 9.956376513987484941e+03
1.700000000000000000e+01 6.000000000000000000e+00 1.584396975172739621e+04
1.700000000000000000e+01 1.500000000000000000e+01 1.562286976724045417e+04
1.700000000000000000e+01 1.900000000000000000e+01 1.897553515107583007e+04
1.800000000000000000e+01 1.400000000000000000e+01 1.912324153654529800e+04
1.800000000000000000e+01 1.600000000000000000e+01 9.944695028883743362e+03
1.800000000000000000e+01 1.900000000000000000e+01 8.689571696415096085e+03
1.900000000000000000e+01 1.700000000000000000e+01 1.898959611732787380e+04
1.900000000000000000e+01 1.800000000000000000e+01 8.712447992166184122e+03
1.900000000000000000e+01 2.000000000000000000e+01 6.301538586778272474e+03
1.900000000000000000e+01 2.100000000000000000e+01 7.003007624207251865e+03
2.000000000000000000e+01 1.900000000000000000e+01 6.238997032949110690e+03
2.000000000000000000e+01 2.100000000000000000e+01 8.621593794925158363e+03
2.000000000000000000e+01 2.300000000000000000e+01 1.030534791125464835e+04
2.100000000000000000e+01 1.400000000000000000e+01 1.838259410816381933e+04
2.100000000000000000e+01 1.900000000000000000e+01 7.002486440039540867e+03
2.100000000000000000e+01 2.000000000000000000e+01 8.609277835377939482e+03
2.100000000000000000e+01 2.200000000000000000e+01 9.659606979976342700e+03
2.200000000000000000e+01 1.300000000000000000e+01 8.394402513218858076e+03
2.200000000000000000e+01 2.100000000000000000e+01 9.623995589109443245e+03
2.200000000000000000e+01 2.300000000000000000e+01 7.901570250565140668e+03
2.300000000000000000e+01 1.200000000000000000e+01 1.111090951270450932e+04
2.300000000000000000e+01 2.000000000000000000e+01 1.025512231697273091e+04
2.300000000000000000e+01 2.200000000000000000e+01 7.860259776543856788e+03
