i	j	       0	       1	       2	       3	       4	       5	       6	       7	       8	       9	      10	      11	      12	      13	      14	      15	      16	      17	      18	      19	      20	      21	      22	      23
0	1	 2600.39	    0.00	  269.48	  200.02	   15.27	    0.00	    0.01	    0.02	   30.54	   91.75	  200.02	  482.05	  460.73	  100.01	   15.34	    0.02	    0.04	    0.00	    0.03	    0.00	    0.01	    0.15	    0.07	   29.07
0	2	 6199.61	 1163.14	    0.00	    0.00	    0.00	  240.11	  141.60	  239.89	    0.00	    0.00	    0.00	    0.00	    0.00	    0.00	    0.00	  100.35	    0.00	   34.16	    0.00	    0.00	    0.00	    0.00	    0.00	    0.00
1	0	    0.00	 1263.14	    0.00	    0.00	    0.00	  540.11	  641.58	 1039.86	    0.00	    0.00	    0.00	    0.00	    0.00	    0.00	    0.00	  600.15	    0.43	  134.16	    0.16	  299.99	    0.00	    0.00	    0.00	    0.00
1	5	 2500.39	 2736.86	  169.48	    0.04	    0.00	    0.00	    0.00	    0.00	    0.00	    0.00	    0.04	  382.05	  160.73	    0.02	    0.00	    0.00	    0.00	    0.00	    0.00	    0.00	    0.01	    0.03	    0.07	   29.07
2	0	    0.00	    0.00	  369.48	  700.02	  215.27	    0.00	    0.03	    0.05	  530.54	 1391.75	  700.02	  682.05	  960.73	  400.01	  515.34	    0.21	  399.61	    0.00	  299.87	    0.02	  100.01	  400.15	  300.07	  129.07
2	3	 4498.79	  662.71	 1930.09	    0.00	    0.00	    0.04	    0.00	    0.00	    0.00	    0.00	    0.00	 3744.06	 2491.06	    0.00	    0.00	    0.00	    0.00	    0.00	    0.00	    0.00	  299.91	    0.24	    3.03	  470.68
2	11	 1600.82	  400.44	  500.43	 1602.45	  403.72	  500.52	  819.47	 1200.00	 1399.55	  693.54	    0.20	    0.00	    0.00	    0.00	   54.18	  535.32	  195.61	  199.65	   23.22	    0.05	    0.00	    0.00	    0.00	    0.00
3	2	    0.00	    0.00	    0.00	 2502.47	  718.99	  560.46	  777.90	 1160.16	 2030.09	 2384.86	  999.98	    0.00	    0.00	  499.80	  669.33	  635.19	  695.12	  165.49	  323.02	    0.07	    0.00	    0.00	    0.00	    0.00
3	4	 3197.06	  162.61	 1329.91	 6696.27	    0.00	    0.00	    0.00	    0.00	    0.00	    0.43	  907.02	 3143.67	 1890.77	  200.02	    0.09	    0.00	    0.07	    0.00	    0.05	    0.00	   99.96	    0.05	  199.93	  270.69
3	10	  801.74	  300.15	  400.18	 2401.25	  699.75	  599.62	    0.51	    4.96	    0.54	    0.18	    0.00	    0.39	    0.28	    0.07	    0.06	    0.13	    0.05	    0.02	    0.02	    0.03	    0.02	    0.05	    0.06	    0.03
4	3	    0.00	    0.05	    0.00	    0.00	 1918.74	 1560.03	 1178.41	 1865.12	 2730.63	 3583.67	    0.00	    0.00	    0.00	    0.10	 1168.17	 1435.31	 1194.67	  265.51	  522.54	  300.10	    0.03	  398.14	    0.00	    0.00
4	5	    0.00	    0.00	  527.33	 2133.85	 1263.70	    0.00	    0.02	    0.04	  569.63	 1308.18	  406.83	 1454.98	  575.50	  100.02	  284.38	    0.04	    0.05	    0.00	    0.17	    0.01	    0.00	    0.00	   99.93	   70.92
4	8	 2997.06	  899.50	  702.58	 4062.42	 2917.56	 1399.84	    0.12	    0.11	    0.00	    0.00	    0.19	 1488.70	 1115.27	    0.00	    0.00	    0.06	    0.00	    0.01	    0.00	    0.03	    0.00	    0.00	    0.00	  199.77
5	1	    0.00	    0.00	    0.00	    0.02	   84.73	  940.11	  841.57	 1439.84	  169.46	  508.25	    0.02	    0.00	    0.00	    0.01	   84.66	 1000.14	  200.39	  134.16	  100.13	  399.98	    0.00	   99.88	    0.00	    0.00
5	4	    0.00	  836.94	    0.00	    0.00	    0.00	 3159.88	 1061.50	 1797.38	    0.00	    0.00	    0.00	    0.00	    0.00	    0.00	    0.00	 1443.73	    0.08	  201.83	    0.03	  303.59	    0.04	    0.00	    0.00	    0.00
5	7	 2200.39	 1499.92	  396.81	 1733.88	  978.97	 3500.01	    0.00	    0.00	    0.17	    0.07	    6.86	 1637.02	  536.24	    0.03	    0.00	    0.00	    0.00	    0.00	    0.00	    0.00	    0.00	    0.00	    0.00	    0.00
6	7	    0.00	    0.00	    0.00	    0.00	    0.00	    0.00	 4223.83	    0.00	    0.00	    0.00	    0.00	    0.00	    0.00	  399.86	  600.04	  350.28	  130.96	  999.58	  999.64	 2599.56	  500.11	  799.76	  299.97	  199.99
6	17	  430.53	  336.55	    9.42	  436.43	  122.87	  985.51	 7876.17	 4519.30	  821.85	    0.63	    0.15	  216.77	    0.11	    0.00	    0.00	    0.00	    0.03	    0.00	    0.00	    0.00	    0.00	    0.00	    0.00	    0.00
7	5	    0.00	    0.00	    0.00	    0.00	    0.00	    0.00	 2303.05	 4037.18	    0.00	    0.14	    0.00	    0.00	    0.00	    0.00	    0.28	 3343.83	  700.43	  435.98	  299.99	 1003.56	  100.02	  299.85	    0.00	    0.01
7	6	  930.53	  536.55	  109.42	  836.43	  322.87	 1385.51	    0.00	 5519.30	 1421.80	    3.47	    1.46	  916.49	   57.83	    0.00	    0.00	    0.00	    0.12	    0.00	    0.00	    0.00	    0.00	    0.00	    0.00	    0.00
7	8	    0.00	    0.00	    0.00	    0.00	    0.00	    0.00	  920.78	 3762.74	    0.00	    0.00	    0.00	    0.00	    0.00	    0.00	    0.00	 1237.67	    0.00	  263.73	    0.00	  696.35	    0.14	    0.00	    0.00	    0.00
7	15	  469.95	  563.41	  174.34	  687.51	  429.70	 1314.60	    0.00	 3380.78	  876.09	    0.00	    0.06	  487.50	    0.71	    0.00	    0.00	    0.00	    0.00	    0.00	    0.00	    0.00	    0.00	    0.00	    0.00	    0.00
8	4	    0.00	    0.00	    0.00	    0.00	    0.00	    0.00	  317.05	  567.89	 4100.26	 5891.42	    0.00	    0.00	    0.00	    0.10	 1652.46	  491.69	 1394.56	   63.70	  622.63	   96.54	    0.04	  598.09	    0.00	    0.00
8	7	    0.09	    0.05	   86.96	  490.06	  273.60	    0.10	    0.00	    0.00	 3097.72	 1603.24	  794.67	  366.97	  122.30	    0.05	    0.00	    0.00	    0.24	    0.00	    0.00	    0.00	    0.00	    0.00	    0.00	    0.00
8	9	 2496.97	  699.45	  515.63	 2872.36	 1843.96	  999.74	    3.91	 2394.96	 9002.02	    0.00	    0.00	  521.79	  393.03	    0.00	    0.00	    0.26	    0.00	    0.07	    0.00	    0.00	    0.00	    0.00	    0.00	    0.00
9	8	    0.00	    0.00	    0.00	    0.00	    0.00	    0.00	    0.06	    0.00	    0.00	10294.66	 2194.48	    0.06	    0.06	  600.15	 2652.46	  654.22	 2294.81	    0.02	 1022.63	    0.16	  299.90	 1298.09	  500.00	    0.23
9	10	    0.00	    0.00	    0.00	    0.00	    0.00	    0.00	  499.49	  795.07	 1726.05	 8405.84	    0.00	    0.00	    0.00	    0.00	 1280.03	 1564.27	 1904.60	  199.98	  423.32	  420.92	    1.97	  505.59	    0.00	    0.00
9	14	  799.83	   99.94	   99.98	 1099.20	  596.58	  199.88	    0.00	    0.00	 3073.71	14557.66	 1932.91	  660.95	    2.64	    0.00	    0.00	    0.00	    0.87	    0.00	    0.00	    0.00	    0.00	    0.00	    0.00	    0.00
9	15	    0.00	    0.00	   16.25	   76.12	   47.57	    0.00	    0.00	    0.00	  502.56	 8041.09	 2169.09	  193.98	    0.12	    0.00	    0.00	    0.00	    0.00	    0.00	    0.00	    0.00	    0.00	    0.00	    0.00	    0.00
9	16	  399.50	    0.02	   99.98	  499.90	  199.93	    0.05	    0.09	    0.13	  899.70	 3900.75	 1000.12	  599.88	  499.90	    0.11	    0.14	    0.13	    0.00	    0.05	    0.08	    0.15	    0.05	    0.15	    0.05	    0.03
10	3	    0.00	    0.00	    0.00	    0.00	    0.00	    0.00	    0.00	    0.00	    0.00	    1.80	 3407.00	    0.00	    0.00	 1199.79	    1.31	    0.00	    0.57	    0.00	    0.55	    0.00	    0.04	    1.72	  696.96	    0.04
10	9	    2.35	    0.44	    0.58	    2.86	    0.13	    0.10	    0.00	    0.00	    0.00	    0.00	11196.60	 2933.08	 2009.69	 1109.21	    0.00	    0.00	    0.00	    0.00	    0.00	    0.00	    0.00	    0.00	  295.99	   52.71
10	11	    0.00	    0.00	    0.00	    0.00	    0.00	    0.00	    0.00	    0.00	    0.17	 3206.95	 2400.41	    0.00	    0.00	  746.16	  658.71	  164.74	  904.44	    0.02	  282.29	    0.14	    0.13	    0.33	    0.32	    0.16
10	13	  300.28	  100.04	  100.05	  998.48	  199.65	  199.59	    0.00	    0.03	  326.41	 1197.27	 5295.99	 1039.24	   20.54	    0.00	    0.00	    0.00	    0.05	    0.00	    0.00	    0.00	    0.00	    0.00	    0.00	    0.00
11	2	    0.00	    0.00	    0.00	    0.00	    0.00	    0.00	    0.00	    0.00	    0.00	    0.43	    0.24	 4626.11	 3551.79	    0.21	    0.20	    0.00	    0.10	    0.00	    0.07	    0.00	  399.92	  500.39	  403.10	  599.75
11	10	    0.90	    0.34	    0.45	    0.09	    0.03	    0.08	    0.00	    0.00	    0.00	    0.00	    0.00	 5371.92	 3029.95	    0.00	    0.00	    0.00	    0.00	    0.00	    0.00	    0.00	    0.04	    0.00	    0.00	    0.76
11	12	 1399.92	  300.10	  299.98	 1002.36	  203.70	  300.45	  119.47	  600.00	  799.73	 1900.06	 1000.36	 3901.97	    0.00	   46.45	   13.08	    0.44	  499.95	    0.06	    5.61	    0.10	    0.08	    0.16	    0.10	    0.09
12	11	    0.00	    0.00	    0.00	    0.00	    0.00	    0.00	    0.00	    0.00	    0.00	    0.00	    0.00	    0.00	 7881.74	    0.50	    0.38	    0.38	    0.00	    0.39	    0.16	  499.91	  699.91	 1200.22	 1102.88	 1100.43
12	23	  899.92	    0.10	  199.98	  402.36	    3.70	  100.45	    0.00	    0.00	  199.73	    0.06	    0.36	 2601.97	 6718.26	    0.00	    0.00	    0.00	    0.00	    0.00	    0.00	    0.00	    0.00	    0.00	    0.00	    0.00
13	10	    0.00	    0.00	    0.00	    0.00	    0.00	    0.00	    0.00	    0.00	    0.00	    0.00	    0.00	    0.00	    0.00	 4655.09	  779.93	    0.34	    0.42	    0.03	  259.51	  179.20	  398.14	  596.42	 2293.20	  652.13
13	14	    0.21	    0.03	    0.03	    0.23	    0.06	    0.04	    0.00	    0.00	    0.00	    0.00	 1009.06	  339.04	  102.58	 6253.86	    0.00	    0.00	    0.00	    0.00	    0.00	    0.00	    0.00	    0.00	 1192.83	  135.37
13	22	    0.09	    0.01	    0.03	  498.28	   99.60	   99.56	    0.00	    0.00	  190.29	  794.88	 2687.01	    0.23	    0.00	 3191.05	  452.46	    0.00	  227.38	    0.00	  141.46	    0.00	    0.00	    0.00	    0.00	    0.00
14	9	    0.00	    0.00	    0.00	    0.00	    0.00	    0.00	    0.00	    0.00	    0.00	    0.00	    0.00	    0.00	    0.00	 1591.05	 7932.62	    0.33	    0.88	    0.06	 3245.81	 1761.61	 1501.92	 4403.83	 2004.07	  747.55
14	13	    0.00	    0.00	    0.00	    0.00	    0.00	    0.00	  199.60	  399.19	  463.88	 1697.62	    0.07	    0.00	    0.00	    0.00	 2532.39	  699.64	  927.75	   99.82	  700.95	  677.67	    0.34	  677.54	    0.00	    0.00
14	18	  300.03	    0.08	    0.01	  200.07	  100.03	    0.12	    0.02	    0.03	  400.16	 3255.04	  828.86	  300.06	  283.30	 2896.44	 5900.02	    0.06	    0.45	    0.01	    0.00	    0.05	  593.11	 2899.91	  899.98	  272.67
14	21	    0.00	    0.00	    0.00	  399.35	  296.60	    0.00	    0.00	    0.00	 1309.67	 5605.00	  713.03	    0.00	    0.00	  466.37	 5034.97	    0.25	 2472.80	    0.00	 2076.43	    0.00	    0.00	    0.00	    0.00	    0.00
15	7	    0.00	    0.00	    0.00	    0.00	    0.00	    0.00	    0.00	    0.00	    0.00	    0.29	    0.00	    0.00	    0.00	    0.06	    0.23	 6431.22	 1969.34	    0.14	    0.35	    0.35	    0.06	    0.09	    0.03	    0.02
15	9	    0.00	    0.06	    0.00	    0.00	    0.00	    0.08	 2395.56	    0.23	    0.00	    0.00	    0.00	    0.00	    0.00	    0.00	    0.00	 6616.86	    0.63	  899.74	    0.22	 1159.40	    0.00	    0.00	    0.00	    0.00
15	16	    0.49	  200.00	    0.01	    0.07	    0.05	  500.02	 1000.32	 1400.29	    0.24	    0.56	    0.10	    0.06	    0.00	    0.00	    0.00	 5968.32	    0.00	  600.29	    0.00	 1567.83	  332.89	    0.00	    0.00	  115.69
15	17	    0.02	    0.00	    0.00	    0.02	    0.00	    0.03	    0.00	    0.17	    0.61	 3642.18	  769.51	    0.07	    0.00	    0.03	    0.16	 7083.59	 3750.49	    0.00	    0.16	    0.00	    0.00	    0.00	    0.00	    0.00
16	9	    0.00	    0.00	    0.00	    0.00	    0.00	    0.00	    0.17	    0.00	    0.00	    0.00	    0.00	    0.00	    0.00	    0.00	    0.00	    1.16	 8098.77	    0.18	    0.00	    0.22	    0.00	    0.00	    0.00	    0.00
16	15	    0.00	    0.00	    0.00	    0.00	    0.00	    0.00	    0.00	    0.00	    0.00	    1.54	    0.32	    0.00	    0.00	  689.42	 1182.71	    0.00	 8520.33	    0.00	 1281.63	    0.00	    0.06	    0.12	    0.05	    0.03
16	18	    0.03	    0.02	    0.00	    0.02	    0.01	    0.06	    0.25	    0.41	    0.04	    0.18	    0.00	    0.00	    0.00	    0.00	    0.00	 3167.29	 6780.90	    0.16	    0.00	    0.00	    0.00	    0.00	    0.00	    0.00
17	6	    0.00	    0.00	    0.00	    0.00	    0.00	    0.00	    0.00	    0.00	    0.06	 1897.17	  498.69	    0.28	  342.28	  599.86	 1100.04	 1750.28	 1130.87	 1199.58	 1399.64	 3099.56	  700.11	 1299.76	  499.97	  299.99
17	15	   30.56	   36.65	    9.42	   36.46	   22.79	   85.52	 4795.89	  219.91	   22.20	    0.40	    0.13	   18.65	  599.17	   10.67	   17.69	    0.00	    0.13	 2000.17	   19.09	 4327.59	  932.89	 1199.97	  499.99	  415.68
17	19	  299.99	  299.90	    0.00	  299.99	  100.09	  800.02	 2880.28	 3999.56	  600.20	 1045.49	  170.84	    0.02	    0.00	    0.00	    0.00	 4833.32	 2019.68	 1600.25	    0.00	    0.00	    0.00	    0.00	    0.00	    0.00
18	14	    0.00	    0.10	    0.00	    0.00	    0.00	    0.21	  699.55	  999.14	    0.00	    0.00	    0.00	    0.00	    0.00	    0.00	    0.00	 1900.11	 4901.01	  299.86	 6823.19	 3538.86	    0.17	    0.42	    0.18	    0.08
18	16	    0.04	    0.00	    0.01	    0.05	    0.02	    0.00	    0.00	    0.00	    0.10	    0.41	    0.11	    0.06	    0.10	 1389.31	 2682.57	    0.00	    0.00	    0.00	 2981.55	  132.23	  267.12	 1699.96	  599.99	  184.31
18	19	    0.02	    0.00	    0.00	    0.04	    0.02	    0.03	    0.00	    0.00	    0.10	 1454.81	  428.76	    0.00	    0.00	 1207.15	 2417.45	    0.00	  180.34	    0.00	 2995.26	    0.00	    0.00	    0.00	    0.00	    0.00
19	17	    0.00	    0.00	    0.00	    0.00	    0.00	    0.00	    0.00	    0.00	    0.00	    0.23	    0.00	    2.11	 1041.34	  710.50	 1317.57	    0.00	    0.15	    0.00	 1718.58	 7827.15	 1732.99	 2799.73	 1099.96	  715.68
19	18	    0.00	  100.01	    0.00	    0.00	    0.00	  200.05	 1099.29	 1698.69	    0.00	    0.00	    0.00	    0.00	   16.80	    0.01	    0.00	   32.77	    0.00	  599.69	    0.00	 4871.03	   74.18	    0.48	    0.19	   11.72
19	20	    0.00	    0.00	    0.00	    0.01	    0.10	  100.01	  580.94	  600.59	    0.16	    0.05	    0.02	    0.01	    0.03	    0.02	    0.04	 1500.87	  499.83	  200.55	   76.79	 2701.38	    0.00	    0.08	    0.03	    0.02
19	21	    0.00	   99.89	    0.00	    0.02	    0.01	  199.98	  700.06	  800.27	    0.15	    0.24	    0.05	    0.00	    0.00	    0.00	    0.18	 1699.67	    0.12	  400.01	    0.09	 3100.44	    0.20	    0.00	    0.00	    0.00
20	19	    0.00	    0.00	    0.00	    0.00	    0.00	    0.00	    0.00	    0.00	    0.00	    0.11	    0.03	  402.02	 1657.98	    0.09	    0.18	    0.00	    0.08	    0.00	    0.19	    0.00	 3007.36	    0.23	    3.45	 1127.09
20	21	  263.03	    0.05	   65.76	    0.00	    0.00	    0.03	    0.06	    0.08	    0.00	    0.00	    0.00	  460.31	 1471.81	    0.00	    0.00	    0.17	    0.00	    0.04	    0.00	    0.43	 4696.50	    0.00	    1.63	 1618.26
20	23	    0.00	    0.00	    0.00	    0.00	    0.00	    0.02	  380.88	  200.51	    0.24	  482.70	    0.00	    0.00	    0.00	    0.00	  671.65	  900.80	  212.38	  100.51	  248.70	 1500.95	 3296.14	 2321.34	    0.00	    0.00
21	14	    0.00	    0.00	    0.00	    0.00	    0.00	    0.00	    0.06	    0.09	    0.00	    0.00	    0.00	    0.07	  878.08	    0.00	    0.00	    0.17	    0.00	    0.03	    0.00	    0.49	 2895.20	10580.86	 2711.04	 1284.77
21	19	    0.00	    0.00	    0.00	    0.00	    0.00	    0.00	    0.00	    0.00	    0.00	    0.12	    0.45	    0.08	    0.19	    3.30	    0.17	    0.00	    0.00	    0.00	    0.00	    0.00	    0.00	 5200.06	 1796.72	    0.32
21	20	    0.00	    0.00	    0.00	    0.00	   96.65	    0.00	    0.00	    0.00	  300.08	 1682.76	    3.76	    0.00	    0.00	    1.68	 1471.79	    0.09	  312.63	    0.00	  572.10	    0.00	    0.00	 4121.49	    2.11	    0.00
21	22	    0.00	    0.00	    0.00	    0.00	    0.00	    0.01	  200.06	  300.27	  309.74	 1322.36	    0.00	    0.00	    0.00	    0.00	  963.20	  499.84	  460.29	  100.02	  304.42	  700.38	    1.50	 4497.59	    0.00	    0.00
22	13	    0.01	    0.00	    0.00	    0.02	    0.00	    0.00	    0.40	    0.78	    0.00	    0.00	    0.00	    0.03	  682.04	    0.00	    0.00	    0.70	    0.00	    0.20	    0.01	    1.52	  797.80	 1118.87	 4586.04	 1187.50
22	21	  136.97	    0.06	   34.24	    0.63	    0.04	    0.00	    0.00	    0.00	    0.00	    0.00	  391.12	  239.84	  706.46	  738.61	    0.00	    0.00	    0.00	    0.00	    0.00	    0.00	    0.00	    0.00	 6608.23	  766.83
22	23	    0.00	    0.00	    0.00	    0.05	    0.01	    0.01	    0.02	    0.04	    0.03	  317.24	  995.94	    0.00	    0.00	 1352.43	  415.65	    0.07	   87.67	    0.00	  145.86	    0.14	    0.06	 1278.81	 3305.73	    0.00
23	12	    0.00	    0.00	    0.00	    0.00	    0.00	    0.00	  280.53	    0.00	    0.00	    0.00	    0.00	    0.00	    0.00	  554.05	  687.30	  599.93	    0.05	  100.33	  294.56	 1099.81	 1299.84	 2500.06	 1902.78	 1800.34
23	20	  363.03	    0.04	   65.76	  199.99	    3.25	    0.04	    0.00	    0.00	    0.00	    0.00	  396.25	 1162.32	 3729.76	  398.38	    0.00	    0.00	    0.00	    0.00	    0.00	    0.00	    0.00	    0.00	  702.95	 3245.33
23	22	  436.89	    0.06	  134.22	    2.42	    0.46	    0.44	    0.37	    0.55	    0.00	    0.00	    0.06	  939.65	 2188.50	    0.00	    0.00	    0.93	    0.00	    0.18	    0.00	    1.28	 1496.36	    0.09	    0.00	 2654.33
