0.000000000000000000e+00 1.000000000000000000e+00 4.596255531625734875e+03
0.000000000000000000e+00 2.000000000000000000e+00 8.220699260253408283e+03
1.000000000000000000e+00 0.000000000000000000e+00 4.621773860712360147e+03
1.000000000000000000e+00 5.000000000000000000e+00 5.945651082763732120e+03
2.000000000000000000e+00 0.000000000000000000e+00 8.195180931166767550e+03
2.000000000000000000e+00 3.000000000000000000e+00 1.388173905414629553e+04
2.000000000000000000e+00 1.100000000000000000e+01 9.875134972751071473e+03
3.000000000000000000e+00 2.000000000000000000e+00 1.390079710410056578e+04
3.000000000000000000e+00 4.000000000000000000e+00 1.787457410755952878e+04
3.000000000000000000e+00 1.000000000000000000e+01 5.211180835233652942e+03
4.000000000000000000e+00 3.000000000000000000e+00 1.789679370699783249e+04
4.000000000000000000e+00 5.000000000000000000e+00 8.799109964158418734e+03
4.000000000000000000e+00 8.000000000000000000e+00 1.631237096547019974e+04
5.000000000000000000e+00 1.000000000000000000e+00 5.971169411850360120e+03
5.000000000000000000e+00 4.000000000000000000e+00 8.803919422422923162e+03
5.000000000000000000e+00 7.000000000000000000e+00 1.259572732323343553e+04
6.000000000000000000e+00 7.000000000000000000e+00 1.212140310738335211e+04
6.000000000000000000e+00 1.700000000000000000e+01 1.588706047529603347e+04
7.000000000000000000e+00 5.000000000000000000e+00 1.262605511058456068e+04
7.000000000000000000e+00 6.000000000000000000e+00 1.206481733462134798e+04
7.000000000000000000e+00 8.000000000000000000e+00 6.803958899240596111e+03
7.000000000000000000e+00 1.500000000000000000e+01 8.392070554781337705e+03
8.000000000000000000e+00 4.000000000000000000e+00 1.632978110664403903e+04
8.000000000000000000e+00 7.000000000000000000e+00 6.756764850777861284e+03
8.000000000000000000e+00 9.000000000000000000e+00 2.156545494016508019e+04
9.000000000000000000e+00 8.000000000000000000e+00 2.163567103287618374e+04
9.000000000000000000e+00 1.000000000000000000e+01 1.779433525038256630e+04
9.000000000000000000e+00 1.400000000000000000e+01 2.309075877716681862e+04
9.000000000000000000e+00 1.500000000000000000e+01 1.102607583690198771e+04
9.000000000000000000e+00 1.600000000000000000e+01 8.100156341941870778e+03
1.000000000000000000e+01 3.000000000000000000e+00 5.308019285749615847e+03
1.000000000000000000e+01 9.000000000000000000e+00 1.767181826444623584e+04
1.000000000000000000e+01 1.100000000000000000e+01 8.481711954634243739e+03
1.000000000000000000e+01 1.300000000000000000e+01 9.764975706826649912e+03
1.100000000000000000e+01 2.000000000000000000e+00 9.830558593710156856e+03
1.100000000000000000e+01 1.000000000000000000e+01 8.517536387757145349e+03
1.100000000000000000e+01 1.200000000000000000e+01 1.225555125834260434e+04
1.200000000000000000e+01 1.100000000000000000e+01 1.234679931242460589e+04
1.200000000000000000e+01 2.300000000000000000e+01 1.116811305293731857e+04
1.300000000000000000e+01 1.000000000000000000e+01 9.803472738283349827e+03
1.300000000000000000e+01 1.400000000000000000e+01 9.069818235323709814e+03
1.300000000000000000e+01 2.200000000000000000e+01 8.403179860791864485e+03
1.400000000000000000e+01 9.000000000000000000e+00 2.315718054469313938e+04
1.400000000000000000e+01 1.300000000000000000e+01 9.114749569581561445e+03
1.400000000000000000e+01 1.800000000000000000e+01 1.904702266363126182e+04
1.400000000000000000e+01 2.100000000000000000e+01 1.841162242403873097e+04
1.500000000000000000e+01 7.000000000000000000e+00 8.413006617833192649e+03
1.500000000000000000e+01 9.000000000000000000e+00 1.105195407179608264e+04
1.500000000000000000e+01 1.600000000000000000e+01 1.166965848365115744e+04
1.500000000000000000e+01 1.700000000000000000e+01 1.537162876021925331e+04
1.600000000000000000e+01 9.000000000000000000e+00 8.100589418168869997e+03
1.600000000000000000e+01 1.500000000000000000e+01 1.165933770862125675e+04
1.600000000000000000e+01 1.800000000000000000e+01 9.954449816494527113e+03
1.700000000000000000e+01 6.000000000000000000e+00 1.594364624805803760e+04
1.700000000000000000e+01 1.500000000000000000e+01 1.542876383319514025e+04
1.700000000000000000e+01 1.900000000000000000e+01 1.905812636645458770e+04
1.800000000000000000e+01 1.400000000000000000e+01 1.907987715943747753e+04
1.800000000000000000e+01 1.600000000000000000e+01 9.944562117691619278e+03
1.800000000000000000e+01 1.900000000000000000e+01 8.665612272821850638e+03
1.900000000000000000e+01 1.700000000000000000e+01 1.907184721219246421e+04
1.900000000000000000e+01 1.800000000000000000e+01 8.688579069825167608e+03
1.900000000000000000e+01 2.000000000000000000e+01 6.339029986656549227e+03
1.900000000000000000e+01 2.100000000000000000e+01 7.003270998820044952e+03
2.000000000000000000e+01 1.900000000000000000e+01 6.276605899140849942e+03
2.000000000000000000e+01 2.100000000000000000e+01 8.617635178924792854e+03
2.000000000000000000e+01 2.300000000000000000e+01 1.034038360990233741e+04
2.100000000000000000e+01 1.400000000000000000e+01 1.839012103001669311e+04
2.100000000000000000e+01 1.900000000000000000e+01 7.002382729076936812e+03
2.100000000000000000e+01 2.000000000000000000e+01 8.603690407588374001e+03
2.100000000000000000e+01 2.200000000000000000e+01 9.691062353470864764e+03
2.200000000000000000e+01 1.300000000000000000e+01 8.396745557990710950e+03
2.200000000000000000e+01 2.100000000000000000e+01 9.654727918369306281e+03
2.200000000000000000e+01 2.300000000000000000e+01 7.916427010630658515e+03
2.300000000000000000e+01 1.200000000000000000e+01 1.115936110701932375e+04
2.300000000000000000e+01 2.000000000000000000e+01 1.029190429372305698e+04
2.300000000000000000e+01 2.200000000000000000e+01 7.873658272727932854e+03
