0.000000000000000000e+00 1.000000000000000000e+00 4.492630959654708022e+03
0.000000000000000000e+00 2.000000000000000000e+00 8.108602671002606257e+03
1.000000000000000000e+00 0.000000000000000000e+00 4.509263827718169523e+03
1.000000000000000000e+00 5.000000000000000000e+00 5.976605273756955285e+03
2.000000000000000000e+00 0.000000000000000000e+00 8.091969802939150213e+03
2.000000000000000000e+00 3.000000000000000000e+00 1.400789556763320979e+04
2.000000000000000000e+00 1.100000000000000000e+01 1.008192032143068536e+04
3.000000000000000000e+00 2.000000000000000000e+00 1.408693400392198964e+04
3.000000000000000000e+00 4.000000000000000000e+00 1.810451489435565600e+04
3.000000000000000000e+00 1.000000000000000000e+01 5.209828888528983043e+03
4.000000000000000000e+00 3.000000000000000000e+00 1.808713942217937074e+04
4.000000000000000000e+00 5.000000000000000000e+00 8.798059110346648595e+03
4.000000000000000000e+00 8.000000000000000000e+00 1.578426912705406357e+04
5.000000000000000000e+00 1.000000000000000000e+00 5.993238141820413148e+03
5.000000000000000000e+00 4.000000000000000000e+00 8.804590943209015677e+03
5.000000000000000000e+00 7.000000000000000000e+00 1.249140435318461277e+04
6.000000000000000000e+00 7.000000000000000000e+00 1.209657459631883830e+04
6.000000000000000000e+00 1.700000000000000000e+01 1.580217786524059011e+04
7.000000000000000000e+00 5.000000000000000000e+00 1.251456905411045045e+04
7.000000000000000000e+00 6.000000000000000000e+00 1.204235228480111982e+04
7.000000000000000000e+00 8.000000000000000000e+00 6.882191527988381495e+03
7.000000000000000000e+00 1.500000000000000000e+01 8.386685995985950285e+03
8.000000000000000000e+00 4.000000000000000000e+00 1.576036182201542579e+04
8.000000000000000000e+00 7.000000000000000000e+00 6.837581489224802681e+03
8.000000000000000000e+00 9.000000000000000000e+00 2.174597399214999314e+04
9.000000000000000000e+00 8.000000000000000000e+00 2.177745664834779018e+04
9.000000000000000000e+00 1.000000000000000000e+01 1.776444160274984824e+04
9.000000000000000000e+00 1.400000000000000000e+01 2.313591562042415535e+04
9.000000000000000000e+00 1.500000000000000000e+01 1.104567754246200820e+04
9.000000000000000000e+00 1.600000000000000000e+01 8.099780648393116280e+03
1.000000000000000000e+01 3.000000000000000000e+00 5.406242796994029959e+03
1.000000000000000000e+01 9.000000000000000000e+00 1.759705370397089428e+04
1.000000000000000000e+01 1.100000000000000000e+01 8.330665094371592204e+03
1.000000000000000000e+01 1.300000000000000000e+01 9.773308724386832182e+03
1.100000000000000000e+01 2.000000000000000000e+00 9.986249017078444012e+03
1.100000000000000000e+01 1.000000000000000000e+01 8.407508220484485719e+03
1.100000000000000000e+01 1.200000000000000000e+01 1.231320752277054089e+04
1.200000000000000000e+01 1.100000000000000000e+01 1.239437934453121306e+04
1.200000000000000000e+01 2.300000000000000000e+01 1.111850743971886186e+04
1.300000000000000000e+01 1.000000000000000000e+01 9.825491607960006149e+03
1.300000000000000000e+01 1.400000000000000000e+01 9.038582759407794583e+03
1.300000000000000000e+01 2.200000000000000000e+01 8.392120093511804953e+03
1.400000000000000000e+01 9.000000000000000000e+00 2.320525138471537139e+04
1.400000000000000000e+01 1.300000000000000000e+01 9.086828325337213755e+03
1.400000000000000000e+01 1.800000000000000000e+01 1.908601102429822276e+04
1.400000000000000000e+01 2.100000000000000000e+01 1.839804798764260704e+04
1.500000000000000000e+01 7.000000000000000000e+00 8.400238424157638292e+03
1.500000000000000000e+01 9.000000000000000000e+00 1.107480009269556285e+04
1.500000000000000000e+01 1.600000000000000000e+01 1.169139464462140859e+04
1.500000000000000000e+01 1.700000000000000000e+01 1.528513203537781919e+04
1.600000000000000000e+01 9.000000000000000000e+00 8.100192888845110247e+03
1.600000000000000000e+01 1.500000000000000000e+01 1.167787639242925616e+04
1.600000000000000000e+01 1.800000000000000000e+01 9.952006039092979336e+03
1.700000000000000000e+01 6.000000000000000000e+00 1.585640017675830677e+04
1.700000000000000000e+01 1.500000000000000000e+01 1.534132526597521064e+04
1.700000000000000000e+01 1.900000000000000000e+01 1.899388797753054314e+04
1.800000000000000000e+01 1.400000000000000000e+01 1.912514943954786941e+04
1.800000000000000000e+01 1.600000000000000000e+01 9.938900027352825418e+03
1.800000000000000000e+01 1.900000000000000000e+01 8.682891596117924564e+03
1.900000000000000000e+01 1.700000000000000000e+01 1.900430351964564761e+04
1.900000000000000000e+01 1.800000000000000000e+01 8.708923999627413650e+03
1.900000000000000000e+01 2.000000000000000000e+01 6.306352413776129652e+03
1.900000000000000000e+01 2.100000000000000000e+01 7.001995899412198924e+03
2.000000000000000000e+01 1.900000000000000000e+01 6.241007104068482477e+03
2.000000000000000000e+01 2.100000000000000000e+01 8.622400744750179001e+03
2.000000000000000000e+01 2.300000000000000000e+01 1.030738083864964028e+04
2.100000000000000000e+01 1.400000000000000000e+01 1.837649090261359379e+04
2.100000000000000000e+01 1.900000000000000000e+01 7.003789154744441475e+03
2.100000000000000000e+01 2.000000000000000000e+01 8.605717250725416307e+03
2.100000000000000000e+01 2.200000000000000000e+01 9.666934435172013764e+03
2.200000000000000000e+01 1.300000000000000000e+01 8.396057411155572481e+03
2.200000000000000000e+01 2.100000000000000000e+01 9.630487111450476732e+03
2.200000000000000000e+01 2.300000000000000000e+01 7.889483066449813123e+03
2.300000000000000000e+01 1.200000000000000000e+01 1.109967926147953040e+04
2.300000000000000000e+01 2.000000000000000000e+01 1.025871902296674671e+04
2.300000000000000000e+01 2.200000000000000000e+01 7.856973060372027248e+03
