i	j	       0	       1	       2	       3	       4	       5	       6	       7	       8	       9	      10	      11	      12	      13	      14	      15	      16	      17	      18	      19	      20	      21	      22	      23
0	1	 2600.42	    0.00	  261.50	  199.98	   15.19	    0.00	    0.01	    0.01	   30.37	   91.14	  199.96	  455.26	  454.50	   99.98	   15.20	    0.01	    0.02	    0.00	    0.03	    0.00	    0.01	    0.06	    0.20	   29.08
0	2	 6199.58	 1151.57	    0.00	    0.00	    0.00	  235.20	  145.40	  254.15	    0.00	    0.00	    0.00	    0.00	    0.00	    0.00	    0.00	   92.78	    0.00	   36.21	    0.00	    0.02	    0.00	    0.00	    0.00	    0.00
1	0	    0.00	 1251.57	    0.00	    0.00	    0.00	  535.20	  645.38	 1054.12	    0.00	    0.00	    0.00	    0.00	    0.00	    0.00	    0.00	  592.77	    0.35	  136.21	    0.04	  299.96	    0.00	    0.00	    0.00	    0.00
1	5	 2500.42	 2748.43	  161.50	    0.03	    0.00	    0.00	    0.00	    0.00	    0.00	    0.00	    0.02	  355.26	  154.50	    0.00	    0.00	    0.00	    0.00	    0.00	    0.00	    0.00	    0.01	    0.03	    0.20	   29.08
2	0	    0.00	    0.00	  361.50	  699.98	  215.19	    0.00	    0.03	    0.04	  530.37	 1391.14	  699.96	  655.26	  954.50	  399.98	  515.20	    0.03	  399.66	    0.00	  299.99	    0.06	  100.01	  400.06	  300.20	  129.08
2	3	 4498.86	  651.23	 1938.28	    0.00	    0.00	    0.00	    0.00	    0.00	    0.00	    0.00	    0.08	 3906.05	 2600.31	    0.10	    0.00	    0.00	    0.00	    0.00	    0.00	    0.00	  202.70	    0.22	    1.86	  470.75
2	11	 1600.72	  400.34	  500.22	 1601.79	  402.41	  500.46	  756.27	 1200.00	 1399.33	  670.05	    0.44	    0.00	    0.00	    0.10	   52.09	  532.44	  188.99	  199.58	   22.33	    0.10	    0.00	    0.00	    0.00	    0.00
3	2	    0.00	    0.00	    0.00	 2501.76	  717.59	  565.26	  710.89	 1145.89	 2029.70	 2361.11	  999.39	    0.00	    0.00	  499.52	  667.22	  639.68	  688.62	  163.37	  322.30	    0.10	    0.00	    0.03	    0.02	    0.00
3	4	 3198.02	  151.02	 1338.18	 6197.88	    0.00	    0.00	    0.00	    0.00	    0.00	    0.00	  908.44	 3305.77	 2000.14	  200.04	    0.07	    0.00	    0.00	    0.00	    0.04	    0.00	    2.76	    0.08	  199.80	  270.74
3	10	  800.84	  300.25	  400.10	 2900.35	  699.73	  599.59	    0.07	    4.05	    0.05	    0.15	    0.00	    0.28	    0.16	    0.06	    0.05	    0.10	    0.04	    0.01	    0.01	    0.02	    0.01	    0.04	    0.05	    0.02
4	3	    0.00	    0.04	    0.00	    0.00	 1917.32	 1564.84	 1110.96	 1849.94	 2729.75	 3559.95	    0.00	    0.00	    0.00	    0.00	 1166.20	 1439.61	 1188.31	  263.37	  521.88	  300.02	    0.03	  399.08	    0.00	    0.00
4	5	    0.00	    0.00	  526.21	 2111.43	 1250.51	    0.00	    0.01	    0.03	  569.76	 1308.80	  407.96	 1473.76	  585.76	  100.04	  284.75	    0.03	    0.04	    0.00	    0.10	    0.01	    0.01	    0.04	   99.80	   70.91
4	8	 2998.02	  899.60	  711.97	 3586.45	 2932.17	 1400.05	    0.02	    0.09	    0.00	    0.00	    0.48	 1632.02	 1214.38	    0.00	    0.00	    0.05	    0.00	    0.01	    0.00	    0.02	    0.00	    0.00	    0.00	  199.83
5	1	    0.00	    0.00	    0.00	    0.05	   84.81	  935.20	  845.38	 1454.11	  169.63	  508.86	    0.05	    0.00	    0.00	    0.03	   84.80	  992.75	  200.34	  136.21	  100.01	  399.96	    0.00	   99.96	    0.00	    0.00
5	4	    0.00	  848.62	    0.00	    0.00	    0.00	 3164.90	 1015.72	 1806.22	    0.00	    0.00	    0.00	    0.00	    0.00	    0.00	    0.00	 1459.25	    0.06	  201.90	    0.02	  309.94	    0.08	    0.00	    0.00	    0.00
5	7	 2200.42	 1499.81	  387.71	 1711.41	  965.70	 3499.90	    0.00	    0.00	    0.13	    0.06	    7.92	 1629.02	  540.27	    0.02	    0.00	    0.00	    0.00	    0.00	    0.00	    0.00	    0.00	    0.00	    0.00	    0.00
6	7	    0.00	    0.00	    0.00	    0.00	    0.00	    0.00	 4162.13	    0.00	    0.00	    0.00	    0.00	    0.00	    0.00	  399.65	  599.48	  402.70	  142.81	  999.96	  999.00	 2599.39	  500.27	  799.83	  299.98	  200.02
6	17	  427.89	  333.28	    7.49	  429.20	  118.36	  978.03	 7937.87	 4500.48	  820.77	    0.20	    0.11	  218.73	    0.03	    0.00	    0.00	    0.00	    0.02	    0.00	    0.00	    0.00	    0.00	    0.00	    0.00	    0.00
7	5	    0.00	    0.00	    0.00	    0.00	    0.00	    0.00	 2261.08	 4060.30	    0.00	    0.11	    0.00	    0.00	    0.00	    0.00	    0.05	 3351.97	  700.36	  438.10	  299.93	 1009.89	  100.06	  299.90	    0.00	    0.01
7	6	  927.89	  533.28	  107.49	  829.20	  318.36	 1378.03	    0.00	 5500.48	 1420.72	    2.14	    1.31	  918.73	   70.81	    0.00	    0.00	    0.00	    0.10	    0.00	    0.00	    0.00	    0.00	    0.00	    0.00	    0.00
7	8	    0.00	    0.00	    0.00	    0.00	    0.00	    0.00	  901.05	 3739.10	    0.00	    0.00	    0.00	    0.00	    0.00	    0.00	    0.00	 1293.41	    0.00	  261.96	    0.00	  689.79	    0.26	    0.00	    0.00	    0.03
7	15	  472.60	  566.56	  170.67	  674.47	  421.60	 1321.95	    0.00	 3400.11	  854.98	    0.00	    0.14	  490.66	    0.20	    0.00	    0.00	    0.00	    0.00	    0.00	    0.00	    0.00	    0.00	    0.00	    0.00	    0.00
8	4	    0.00	    0.00	    0.00	    0.00	    0.00	    0.00	  295.27	  543.84	 4099.51	 5868.75	    0.00	    0.00	    0.00	    0.00	 1650.87	  480.44	 1388.28	   61.48	  621.91	   90.11	   97.19	  599.04	    0.00	    0.00
8	7	    0.07	    0.04	   90.45	  492.26	  274.27	    0.08	    0.00	    0.00	 3075.57	 1601.95	  793.53	  380.38	  130.75	    0.00	    0.00	    0.00	    0.21	    0.00	    0.00	    0.00	    0.00	    0.00	    0.00	    0.00
8	9	 2497.95	  699.56	  521.52	 2394.19	 1857.91	  999.97	    5.85	 2395.36	 9024.92	    0.00	    0.32	  651.69	  483.68	    0.00	    0.00	    0.23	    0.00	    0.54	    0.00	    0.00	    0.00	    0.00	    0.00	    0.00
9	8	    0.00	    0.00	    0.00	    0.00	    0.00	    0.00	    0.05	    0.00	    0.00	10270.70	 2193.37	    0.05	    0.05	  600.00	 2650.87	  587.20	 2288.49	    0.06	 1021.91	    0.30	  396.93	 1299.04	  500.00	    0.14
9	10	    0.00	    0.00	    0.00	    0.00	    0.00	    0.00	  500.06	  795.97	 1708.47	 8366.18	    0.00	    0.00	    0.00	    0.00	 1287.46	 1568.62	 1911.35	  200.12	  426.17	  431.64	    1.60	  478.47	    0.00	    0.00
9	14	  799.79	  100.04	   99.97	 1099.00	  597.76	  200.00	    0.00	    0.00	 3092.12	14648.88	 1880.07	  643.08	    9.70	    0.00	    0.00	    0.00	    0.73	    0.00	    0.00	    0.00	    0.00	    0.00	    0.00	    0.00
9	15	    0.00	    0.00	   21.88	   96.41	   60.23	    0.00	    0.00	    0.00	  524.41	 8013.25	 2155.79	  189.34	    0.13	    0.00	    0.00	    0.00	    0.00	    0.00	    0.00	    0.00	    0.00	    0.00	    0.00	    0.00
9	16	  399.53	    0.04	   99.96	  499.93	  199.91	    0.04	    0.08	    0.11	  899.93	 3900.99	 1000.14	  600.02	  499.65	    0.05	    0.11	    0.10	    0.00	    0.05	    0.06	    0.13	    0.05	    0.13	    0.05	    0.02
10	3	    0.00	    0.00	    0.00	    0.00	    0.00	    0.00	    0.00	    0.00	    0.00	    1.30	 3407.75	    0.00	    0.00	 1199.52	    1.15	    0.18	    0.35	    0.02	    0.48	    0.10	    0.06	    0.85	  698.01	    0.02
10	9	    1.37	    0.47	    0.29	  501.14	    0.00	    0.00	    0.00	    0.00	    0.00	    0.00	11129.05	 2780.81	 1925.84	 1051.15	    0.00	    0.00	    0.00	    0.00	    0.00	    0.00	    0.00	    0.00	  339.27	   53.43
10	11	    0.00	    0.00	    0.00	    0.00	    0.00	    0.00	    0.13	    0.00	    0.10	 3230.04	 2401.33	    0.00	    0.00	  728.33	  660.65	  168.54	  911.00	    0.11	  282.49	    0.00	    0.00	    0.00	    0.00	    0.00
10	13	  300.24	  100.03	  100.04	  999.31	  199.75	  199.67	    0.00	    0.02	  308.42	 1134.99	 5361.87	 1056.93	   64.71	    0.00	    0.00	    0.00	    0.04	    0.00	    0.00	    0.00	    0.00	    0.00	    0.00	    0.00
11	2	    0.00	    0.00	    0.00	    0.00	    0.00	    0.00	    0.00	    0.00	    0.00	    0.09	    1.09	 4761.31	 3654.81	    0.65	    0.07	    0.00	    0.03	    0.00	    0.01	    0.04	  302.71	  500.25	  402.04	  599.82
11	10	    0.76	    0.25	    0.23	    0.09	    0.02	    0.09	    0.00	    0.00	    0.00	    0.00	    0.00	 5237.46	 2990.39	    0.00	    0.00	    0.00	    0.00	    0.00	    0.00	    0.00	    0.05	    0.00	    0.00	    0.46
11	12	 1399.96	  300.09	  299.99	 1001.69	  202.38	  300.37	   56.49	  600.00	  799.42	 1900.00	 1000.68	 3901.22	    0.00	   27.90	   12.70	    1.24	  499.96	    0.07	    4.82	    0.03	    0.00	    0.00	    0.00	    0.00
12	11	    0.00	    0.00	    0.00	    0.00	    0.00	    0.00	    0.09	    0.00	    0.00	    0.00	    0.00	    0.00	 7945.20	    0.13	    0.03	    0.26	    0.00	    0.37	    0.01	  499.98	  602.76	 1200.25	 1102.04	 1100.28
12	23	  899.96	    0.09	  199.99	  401.69	    2.38	  100.37	    0.00	    0.00	  199.42	    0.00	    0.68	 2601.22	 6654.80	    0.00	    0.00	    0.00	    0.00	    0.00	    0.00	    0.00	    0.00	    0.00	    0.00	    0.00
13	10	    0.00	    0.00	    0.00	    0.00	    0.00	    0.00	    0.00	    0.00	    0.00	    0.00	    0.00	    0.00	    0.00	 4578.94	  774.28	    0.00	    0.00	    0.00	  256.79	  168.44	  398.39	  622.34	 2337.23	  652.97
13	14	    0.20	    0.03	    0.03	    0.27	    0.07	    0.03	    0.00	    0.00	    0.00	    0.00	 1067.09	  356.88	   86.94	 6303.49	    0.00	    0.00	    0.00	    0.00	    0.00	    0.00	    0.00	    0.00	 1154.81	  110.79
13	22	    0.04	    0.00	    0.01	  499.05	   99.68	   99.65	    0.00	    0.00	  193.55	  805.06	 2694.84	    0.10	    0.12	 3217.57	  441.66	    0.00	  220.84	    0.00	  137.98	    0.00	    0.00	    0.00	    0.00	    0.00
14	9	    0.00	    0.00	    0.00	    0.00	    0.00	    0.00	    0.00	    0.00	    0.00	    0.00	    0.00	    0.00	    0.00	 1648.90	 7938.45	    0.27	    2.47	    0.05	 3247.79	 1704.80	 1598.58	 4377.63	 1960.78	  746.73
14	13	    0.00	    0.00	    0.00	    0.00	    0.00	    0.00	  199.94	  399.87	  485.12	 1770.07	    0.00	    0.00	    0.00	    0.00	 2515.94	  699.88	  920.80	   99.97	  694.75	  668.09	    0.61	  639.77	    0.00	    0.00
14	18	  299.99	    0.08	    0.00	  200.02	  100.01	    0.12	    0.02	    0.03	  400.23	 3283.81	  841.78	  300.00	  282.14	 2896.98	 5899.83	    0.05	    0.37	    0.01	    0.00	    0.05	  550.40	 2899.67	  899.98	  259.31
14	21	    0.00	    0.00	    0.00	  399.25	  297.83	    0.00	    0.00	    0.00	 1306.76	 5594.99	  705.37	    0.00	    0.00	  457.60	 5045.78	    0.21	 2498.87	    0.00	 2086.06	    0.00	    0.00	    0.00	    0.00	    0.00
15	7	    0.00	    0.00	    0.00	    0.00	    0.00	    0.00	    0.00	    0.00	    0.00	    0.24	    0.00	    0.00	    0.00	    0.33	    0.57	 6442.68	 1957.45	    0.10	    0.94	    0.29	    0.05	    0.07	    0.03	    0.02
15	9	    0.00	    0.05	    0.00	    0.00	    0.00	    0.06	 2394.16	    0.63	    0.00	    0.00	    0.00	    0.00	    0.00	    0.00	    0.00	 6553.91	    0.52	  899.41	    0.18	 1226.72	    0.00	    0.00	    0.00	    0.00
15	16	    0.50	  199.97	    0.04	    0.09	    0.10	  500.02	 1000.32	 1400.34	    0.11	    0.46	    0.08	    0.08	    0.03	    0.00	    0.00	 5956.98	    0.00	  600.30	    0.00	 1541.87	  354.38	    0.25	    0.00	  128.28
15	17	    0.04	    0.02	    0.00	    0.04	    0.02	    0.07	    0.00	    0.36	    0.19	 3614.19	  756.18	    0.10	    0.01	    0.02	    0.10	 7146.43	 3753.46	    0.00	    0.10	    0.00	    0.00	    0.00	    0.00	    0.00
16	9	    0.00	    0.00	    0.00	    0.00	    0.00	    0.00	    0.18	    0.09	    0.00	    0.00	    0.00	    0.00	    0.00	    0.00	    0.00	    1.52	 8097.59	    0.22	    0.18	    0.54	    0.00	    0.00	    0.00	    0.00
16	15	    0.00	    0.00	    0.00	    0.00	    0.00	    0.00	    0.00	    0.00	    0.00	    1.31	    0.22	    0.10	    0.00	  692.86	 1188.39	    0.00	 8511.32	    0.00	 1287.98	    0.00	    0.05	    0.10	    0.04	    0.02
16	18	    0.02	    0.02	    0.00	    0.02	    0.01	    0.06	    0.22	    0.35	    0.03	    0.15	    0.00	    0.00	    0.00	    0.00	    0.00	 3155.56	 6791.09	    0.12	    0.00	    0.00	    0.00	    0.00	    0.00	    0.00
17	6	    0.00	    0.00	    0.00	    0.00	    0.00	    0.00	    0.00	    0.00	    0.05	 1898.07	  498.81	    0.00	  329.22	  599.65	 1099.48	 1802.70	 1142.73	 1199.96	 1399.00	 3099.39	  700.27	 1299.83	  499.98	  300.02
17	15	   27.93	   33.48	    7.49	   29.25	   18.28	   78.21	 4794.48	  201.21	   20.91	    0.34	    0.11	   20.07	  599.71	    7.49	   12.28	    0.00	    0.10	 1999.81	   13.23	 4368.88	  954.38	 1200.22	  499.99	  428.28
17	19	  299.99	  299.83	    0.00	  299.99	  100.10	  799.89	 2943.38	 3999.62	  600.00	 1016.27	  157.41	    0.04	    0.00	    0.00	    0.00	 4843.72	 2010.77	 1600.23	    0.00	    0.00	    0.00	    0.00	    0.00	    0.00
18	14	    0.00	    0.01	    0.00	    0.00	    0.00	    0.02	  699.66	  999.49	    0.00	    0.00	    0.00	    0.00	    0.00	    0.00	    0.00	 1900.20	 4921.78	  299.90	 6828.60	 3471.82	    0.14	    0.35	    0.14	    0.06
18	16	    0.00	    0.00	    0.00	    0.00	    0.00	    0.00	    0.00	    0.00	    0.00	    0.00	    0.00	    0.00	    0.32	 1392.81	 2688.27	    0.00	    0.00	    0.00	 2988.10	  158.54	  245.62	 1699.72	  599.99	  171.72
18	19	    0.01	    0.00	    0.00	    0.03	    0.01	    0.02	    0.00	    0.00	    0.27	 1483.96	  441.78	    0.00	    0.00	 1204.18	 2411.56	    0.00	  169.68	    0.00	 2983.30	    0.00	    0.00	    0.00	    0.00	    0.00
19	17	    0.00	    0.00	    0.00	    0.00	    0.00	    0.00	    0.00	    0.00	    0.00	    0.28	    0.03	    1.28	 1028.89	  707.12	 1311.67	    0.00	    0.13	    0.00	 1712.13	 7868.28	 1754.65	 2800.05	 1099.96	  728.30
19	18	    0.00	   99.92	    0.00	    0.00	    0.00	  199.86	 1099.42	 1699.11	    0.00	    0.00	    0.00	    0.00	   18.19	    0.01	    0.00	   44.58	    0.00	  599.77	    0.00	 4830.31	   95.36	    0.39	    0.15	   12.46
19	20	    0.00	    0.00	    0.00	    0.01	    0.04	  100.02	  643.72	  600.24	    0.22	    0.04	    0.01	    0.01	    0.02	    0.01	    0.03	 1499.28	  480.15	  200.36	   71.26	 2700.44	    0.00	    0.07	    0.03	    0.02
19	21	    0.00	   99.91	    0.00	    0.01	    0.07	  200.03	  700.24	  800.27	    0.05	    0.19	    0.04	    0.00	    0.00	    0.00	    0.15	 1699.87	    0.24	  400.10	    0.07	 3100.97	    0.16	    0.00	    0.00	    0.00
20	19	    0.00	    0.00	    0.00	    0.00	    0.00	    0.00	    0.00	    0.00	    0.00	    0.10	    0.02	  401.10	 1646.58	    0.08	    0.15	    0.00	    0.07	    0.00	    0.17	    0.00	 3050.18	    0.20	    3.07	 1140.27
20	21	  263.65	    0.03	   65.91	    0.05	    0.00	    0.05	    0.06	    0.07	    0.00	    0.00	    0.00	  461.38	 1472.83	    0.00	    0.00	    0.15	    0.00	    0.03	    0.00	    0.37	 4750.91	    0.00	    0.69	 1611.87
20	23	    0.00	    0.00	    0.00	    0.00	    0.00	    0.02	  443.66	  200.17	    0.32	  480.09	    0.00	    0.00	    0.00	    0.00	  673.90	  899.20	  210.10	  100.33	  250.40	 1500.07	 3198.92	 2365.14	    0.00	    0.00
21	14	    0.00	    0.00	    0.00	    0.00	    0.00	    0.08	    0.29	    0.41	    0.00	    0.00	    0.00	    0.04	  885.50	    0.00	    0.00	    0.21	    0.00	    0.13	    0.00	    1.12	 2949.44	10516.73	 2705.80	 1295.20
21	19	    0.00	    0.00	    0.00	    0.00	    0.00	    0.00	    0.00	    0.00	    0.00	    0.19	    0.87	    0.14	    0.51	    2.88	    0.13	    0.00	    0.00	    0.00	    0.00	    0.00	    0.00	 5200.31	 1797.07	    0.51
21	20	    0.00	    0.00	    0.00	    0.06	   97.91	    0.00	    0.00	    0.00	  300.11	 1680.15	    2.03	    0.00	    0.00	    0.60	 1474.02	    0.07	  330.02	    0.00	  579.30	    0.00	    0.00	 4165.28	    1.04	    0.00
21	22	    0.00	    0.00	    0.00	    0.00	    0.00	    0.01	  200.00	  299.94	  306.70	 1314.85	    0.00	    0.00	    0.00	    0.00	  971.77	  499.94	  469.10	  100.01	  306.84	  700.22	    1.62	 4517.68	    0.00	    0.00
22	13	    0.01	    0.00	    0.00	    0.02	    0.00	    0.00	    0.06	    0.10	    0.00	    0.00	    0.06	    0.05	  622.35	    0.00	    0.00	    0.12	    0.00	    0.03	    0.01	    0.35	  797.78	 1182.57	 4592.04	 1163.75
22	21	  136.35	    0.06	   34.09	    0.74	    0.02	    0.00	    0.00	    0.00	    0.00	    0.00	  397.49	  238.80	  713.18	  745.88	    0.00	    0.00	    0.00	    0.00	    0.00	    0.00	    0.00	    0.00	 6603.23	  783.85
22	23	    0.00	    0.00	    0.00	    0.06	    0.01	    0.00	    0.09	    0.06	    0.25	  319.91	  997.40	    0.00	    0.00	 1371.69	  413.43	    0.19	   89.94	    0.05	  144.80	    0.38	    0.27	 1235.11	 3304.73	    0.00
23	12	    0.00	    0.00	    0.00	    0.00	    0.00	    0.00	  343.60	    0.00	    0.00	    0.00	    0.00	    0.00	    0.00	  572.23	  687.33	  599.02	    0.04	  100.30	  295.19	 1099.94	 1202.76	 2500.25	 1902.04	 1800.28
23	20	  363.64	    0.03	   65.91	  199.99	    2.04	    0.04	    0.00	    0.00	    0.00	    0.00	  397.98	 1162.48	 3719.39	  399.47	    0.00	    0.00	    0.00	    0.00	    0.00	    0.00	    0.00	    0.00	  702.69	 3252.12
23	22	  436.32	    0.06	  134.08	    1.77	    0.35	    0.35	    0.15	    0.22	    0.00	    0.00	    0.11	  938.75	 2135.41	    0.00	    0.00	    0.37	    0.00	    0.07	    0.00	    0.50	 1496.43	    0.00	    0.00	 2647.60
