0.000000000000000000e+00 1.000000000000000000e+00 4.507278035883839038e+03
0.000000000000000000e+00 2.000000000000000000e+00 8.125743674207828917e+03
1.000000000000000000e+00 0.000000000000000000e+00 4.526211382149873316e+03
1.000000000000000000e+00 5.000000000000000000e+00 5.967338326365505964e+03
2.000000000000000000e+00 0.000000000000000000e+00 8.106810327941804644e+03
2.000000000000000000e+00 3.000000000000000000e+00 1.398855284804905568e+04
2.000000000000000000e+00 1.100000000000000000e+01 1.005658440703631095e+04
3.000000000000000000e+00 2.000000000000000000e+00 1.406936895166944851e+04
3.000000000000000000e+00 4.000000000000000000e+00 1.798349026078564930e+04
3.000000000000000000e+00 1.000000000000000000e+01 5.110403770080205504e+03
4.000000000000000000e+00 3.000000000000000000e+00 1.796787408325757497e+04
4.000000000000000000e+00 5.000000000000000000e+00 8.798072601117968588e+03
4.000000000000000000e+00 8.000000000000000000e+00 1.583965883966676301e+04
5.000000000000000000e+00 1.000000000000000000e+00 5.986271672631539332e+03
5.000000000000000000e+00 4.000000000000000000e+00 8.802851038415361472e+03
5.000000000000000000e+00 7.000000000000000000e+00 1.250535204784677808e+04
6.000000000000000000e+00 7.000000000000000000e+00 1.210716341552967788e+04
6.000000000000000000e+00 1.700000000000000000e+01 1.580740430668937552e+04
7.000000000000000000e+00 5.000000000000000000e+00 1.252906383141019978e+04
7.000000000000000000e+00 6.000000000000000000e+00 1.205070869202350150e+04
7.000000000000000000e+00 8.000000000000000000e+00 6.881589091710394314e+03
7.000000000000000000e+00 1.500000000000000000e+01 8.389858241583959170e+03
8.000000000000000000e+00 4.000000000000000000e+00 1.581926422484128489e+04
8.000000000000000000e+00 7.000000000000000000e+00 6.834656500717764175e+03
8.000000000000000000e+00 9.000000000000000000e+00 2.180470800936935484e+04
9.000000000000000000e+00 8.000000000000000000e+00 2.183738080355125567e+04
9.000000000000000000e+00 1.000000000000000000e+01 1.777064883226725578e+04
9.000000000000000000e+00 1.400000000000000000e+01 2.312441856076391196e+04
9.000000000000000000e+00 1.500000000000000000e+01 1.104365219378147049e+04
9.000000000000000000e+00 1.600000000000000000e+01 8.100606226949235861e+03
1.000000000000000000e+01 3.000000000000000000e+00 5.306836051228701763e+03
1.000000000000000000e+01 9.000000000000000000e+00 1.760857724186658379e+04
1.000000000000000000e+01 1.100000000000000000e+01 8.348060115029842564e+03
1.000000000000000000e+01 1.300000000000000000e+01 9.766794946749425435e+03
1.100000000000000000e+01 2.000000000000000000e+00 9.956834957149863840e+03
1.100000000000000000e+01 1.000000000000000000e+01 8.428282294712729708e+03
1.100000000000000000e+01 1.200000000000000000e+01 1.230545337611704963e+04
1.200000000000000000e+01 1.100000000000000000e+01 1.238592610591350422e+04
1.200000000000000000e+01 2.300000000000000000e+01 1.112684928316059086e+04
1.300000000000000000e+01 1.000000000000000000e+01 9.820933457814338908e+03
1.300000000000000000e+01 1.400000000000000000e+01 9.046796696198729478e+03
1.300000000000000000e+01 2.200000000000000000e+01 8.393893844240685212e+03
1.400000000000000000e+01 9.000000000000000000e+00 2.319129298539211959e+04
1.400000000000000000e+01 1.300000000000000000e+01 9.097055857810586531e+03
1.400000000000000000e+01 1.800000000000000000e+01 1.907314401222177548e+04
1.400000000000000000e+01 2.100000000000000000e+01 1.840091232447002767e+04
1.500000000000000000e+01 7.000000000000000000e+00 8.404047892633823722e+03
1.500000000000000000e+01 9.000000000000000000e+00 1.107139107447080460e+04
1.500000000000000000e+01 1.600000000000000000e+01 1.168916128953874977e+04
1.500000000000000000e+01 1.700000000000000000e+01 1.530063893431493125e+04
1.600000000000000000e+01 9.000000000000000000e+00 8.100737306214281489e+03
1.600000000000000000e+01 1.500000000000000000e+01 1.167637657932884940e+04
1.600000000000000000e+01 1.800000000000000000e+01 9.954077378096217217e+03
1.700000000000000000e+01 6.000000000000000000e+00 1.586385903019555735e+04
1.700000000000000000e+01 1.500000000000000000e+01 1.535535217626404847e+04
1.700000000000000000e+01 1.900000000000000000e+01 1.899465686356494189e+04
1.800000000000000000e+01 1.400000000000000000e+01 1.911211480347058023e+04
1.800000000000000000e+01 1.600000000000000000e+01 9.941423747151333373e+03
1.800000000000000000e+01 1.900000000000000000e+01 8.682584524080077244e+03
1.900000000000000000e+01 1.700000000000000000e+01 1.900582482902024640e+04
1.900000000000000000e+01 1.800000000000000000e+01 8.708901684384001783e+03
1.900000000000000000e+01 2.000000000000000000e+01 6.308901620974882462e+03
1.900000000000000000e+01 2.100000000000000000e+01 7.000280930535083826e+03
2.000000000000000000e+01 1.900000000000000000e+01 6.244263691102413759e+03
2.000000000000000000e+01 2.100000000000000000e+01 8.625310193014294782e+03
2.000000000000000000e+01 2.300000000000000000e+01 1.031322163089195055e+04
2.100000000000000000e+01 1.400000000000000000e+01 1.837907511946126760e+04
2.100000000000000000e+01 1.900000000000000000e+01 7.002403986166767027e+03
2.100000000000000000e+01 2.000000000000000000e+01 8.609360820411437089e+03
2.100000000000000000e+01 2.200000000000000000e+01 9.671282864378325030e+03
2.200000000000000000e+01 1.300000000000000000e+01 8.397773193693761641e+03
2.200000000000000000e+01 2.100000000000000000e+01 9.635619342398393201e+03
2.200000000000000000e+01 2.300000000000000000e+01 7.890308917266966091e+03
2.300000000000000000e+01 1.200000000000000000e+01 1.110732201295703999e+04
2.300000000000000000e+01 2.000000000000000000e+01 1.026453307362234227e+04
2.300000000000000000e+01 2.200000000000000000e+01 7.858524744740115239e+03
