i	j	o6d17l17
0	1	 4481.13
0	2	 8104.99
1	0	 4506.39
1	5	 5965.72
2	0	 8079.73
2	3	14011.97
2	11	10029.29
3	2	14036.57
3	4	18010.32
3	10	 5209.16
4	3	18034.70
4	5	 8797.43
4	8	15792.03
5	1	 5990.98
5	4	 8804.02
5	7	12478.53
6	7	12226.38
6	17	15750.68
7	5	12510.37
7	6	12169.82
7	8	 6861.33
7	15	 8423.71
8	4	15809.82
8	7	 6814.94
8	9	21776.97
9	8	21848.38
9	10	17730.58
9	14	23148.35
9	15	11050.93
9	16	 8100.19
10	3	 5309.38
10	9	17609.77
10	11	 8367.69
10	13	 9782.99
11	2	 9979.44
11	10	 8408.86
11	12	12297.97
12	11	12389.29
12	23	11126.66
13	10	 9821.23
13	14	 9038.00
13	22	 8398.62
14	9	23214.44
14	13	 9080.51
14	18	19115.30
14	21	18405.99
15	7	 8445.38
15	9	11076.86
15	16	11691.11
15	17	15398.78
16	9	 8100.39
16	15	11678.03
16	18	 9957.39
17	6	15807.25
17	15	15459.45
17	19	18981.80
18	14	19146.84
18	16	 9944.50
18	19	 8689.93
19	17	18999.04
19	18	 8708.59
19	20	 6306.46
19	21	 7002.55
20	19	 6243.42
20	21	 8618.44
20	23	10309.24
21	14	18383.05
21	19	 7001.49
21	20	 8606.22
21	22	 9660.08
22	13	 8394.35
22	21	 9623.84
22	23	 7905.89
23	12	11117.98
23	20	10258.42
23	22	 7865.38
