0.000000000000000000e+00 1.000000000000000000e+00 4.501917573969675686e+03
0.000000000000000000e+00 2.000000000000000000e+00 8.170235048453270792e+03
1.000000000000000000e+00 0.000000000000000000e+00 4.570185080439644480e+03
1.000000000000000000e+00 5.000000000000000000e+00 5.971854680547144198e+03
2.000000000000000000e+00 0.000000000000000000e+00 8.101967541983306546e+03
2.000000000000000000e+00 3.000000000000000000e+00 1.414638989598054650e+04
2.000000000000000000e+00 1.100000000000000000e+01 1.034826829904973602e+04
3.000000000000000000e+00 2.000000000000000000e+00 1.430502137676235725e+04
3.000000000000000000e+00 4.000000000000000000e+00 1.813815422157523790e+04
3.000000000000000000e+00 1.000000000000000000e+01 5.208576306701763315e+03
4.000000000000000000e+00 3.000000000000000000e+00 1.830264697116881871e+04
4.000000000000000000e+00 5.000000000000000000e+00 8.791036254534838008e+03
4.000000000000000000e+00 8.000000000000000000e+00 1.581300726185978056e+04
5.000000000000000000e+00 1.000000000000000000e+00 6.040122187017109354e+03
5.000000000000000000e+00 4.000000000000000000e+00 8.807668576149910223e+03
5.000000000000000000e+00 7.000000000000000000e+00 1.249256131530992570e+04
6.000000000000000000e+00 7.000000000000000000e+00 1.215223087057138764e+04
6.000000000000000000e+00 1.700000000000000000e+01 1.577367974225527541e+04
7.000000000000000000e+00 5.000000000000000000e+00 1.257746114339497217e+04
7.000000000000000000e+00 6.000000000000000000e+00 1.202887869681666962e+04
7.000000000000000000e+00 8.000000000000000000e+00 6.898163533030145118e+03
7.000000000000000000e+00 1.500000000000000000e+01 8.386908194955429281e+03
8.000000000000000000e+00 4.000000000000000000e+00 1.596086768983830734e+04
8.000000000000000000e+00 7.000000000000000000e+00 6.823159976807552084e+03
8.000000000000000000e+00 9.000000000000000000e+00 2.178992339639474812e+04
9.000000000000000000e+00 8.000000000000000000e+00 2.196278026815068733e+04
9.000000000000000000e+00 1.000000000000000000e+01 1.767364558229781323e+04
9.000000000000000000e+00 1.400000000000000000e+01 2.320800717841502046e+04
9.000000000000000000e+00 1.500000000000000000e+01 1.103789541649405146e+04
9.000000000000000000e+00 1.600000000000000000e+01 8.100552138758896035e+03
1.000000000000000000e+01 3.000000000000000000e+00 5.302715037889995074e+03
1.000000000000000000e+01 9.000000000000000000e+00 1.754951538837274711e+04
1.000000000000000000e+01 1.100000000000000000e+01 8.474467644004804242e+03
1.000000000000000000e+01 1.300000000000000000e+01 9.790914932819343449e+03
1.100000000000000000e+01 2.000000000000000000e+00 1.012136931179795465e+04
1.100000000000000000e+01 1.000000000000000000e+01 8.448727095387846930e+03
1.100000000000000000e+01 1.200000000000000000e+01 1.221222676979992866e+04
1.200000000000000000e+01 1.100000000000000000e+01 1.205958723393117543e+04
1.200000000000000000e+01 2.300000000000000000e+01 1.104868506356393846e+04
1.300000000000000000e+01 1.000000000000000000e+01 9.886664018699488224e+03
1.300000000000000000e+01 1.400000000000000000e+01 9.021837034140127798e+03
1.300000000000000000e+01 2.200000000000000000e+01 8.460486184469651562e+03
1.400000000000000000e+01 9.000000000000000000e+00 2.336565208758574954e+04
1.400000000000000000e+01 1.300000000000000000e+01 9.037420223449538753e+03
1.400000000000000000e+01 1.800000000000000000e+01 1.896033849921318324e+04
1.400000000000000000e+01 2.100000000000000000e+01 1.856050139007985126e+04
1.500000000000000000e+01 7.000000000000000000e+00 8.423459405508348937e+03
1.500000000000000000e+01 9.000000000000000000e+00 1.107741559999972196e+04
1.500000000000000000e+01 1.600000000000000000e+01 1.163591924520945940e+04
1.500000000000000000e+01 1.700000000000000000e+01 1.548373956285778331e+04
1.600000000000000000e+01 9.000000000000000000e+00 8.100374111763460860e+03
1.600000000000000000e+01 1.500000000000000000e+01 1.162787931161106826e+04
1.600000000000000000e+01 1.800000000000000000e+01 9.960872641176125398e+03
1.700000000000000000e+01 6.000000000000000000e+00 1.589703191600998434e+04
1.700000000000000000e+01 1.500000000000000000e+01 1.556785089051477917e+04
1.700000000000000000e+01 1.900000000000000000e+01 1.913837778171345781e+04
1.800000000000000000e+01 1.400000000000000000e+01 1.898435659320795457e+04
1.800000000000000000e+01 1.600000000000000000e+01 9.952654680582287256e+03
1.800000000000000000e+01 1.900000000000000000e+01 8.638413511435026521e+03
1.900000000000000000e+01 1.700000000000000000e+01 1.924584128312515531e+04
1.900000000000000000e+01 1.800000000000000000e+01 8.654213644835954256e+03
1.900000000000000000e+01 2.000000000000000000e+01 6.365260625700178025e+03
1.900000000000000000e+01 2.100000000000000000e+01 7.000526275049533979e+03
2.000000000000000000e+01 1.900000000000000000e+01 6.387933506131552349e+03
2.000000000000000000e+01 2.100000000000000000e+01 8.413214500775429769e+03
2.000000000000000000e+01 2.300000000000000000e+01 1.025002923034577361e+04
2.100000000000000000e+01 1.400000000000000000e+01 1.860971139456523451e+04
2.100000000000000000e+01 1.900000000000000000e+01 7.001117029430789444e+03
2.100000000000000000e+01 2.000000000000000000e+01 8.390653822038180806e+03
2.100000000000000000e+01 2.200000000000000000e+01 9.601997487527431076e+03
2.200000000000000000e+01 1.300000000000000000e+01 8.540652081040394478e+03
2.200000000000000000e+01 2.100000000000000000e+01 9.629237567656802639e+03
2.200000000000000000e+01 2.300000000000000000e+01 7.644345332788971064e+03
2.300000000000000000e+01 1.200000000000000000e+01 1.079604552769518523e+04
2.300000000000000000e+01 2.000000000000000000e+01 1.029526278951440327e+04
2.300000000000000000e+01 2.200000000000000000e+01 7.751751309489093728e+03
