0.000000000000000000e+00 1.000000000000000000e+00 4.571700180141771853e+03
0.000000000000000000e+00 2.000000000000000000e+00 8.163023242991825100e+03
1.000000000000000000e+00 0.000000000000000000e+00 4.563386960703641307e+03
1.000000000000000000e+00 5.000000000000000000e+00 6.016547653776007792e+03
2.000000000000000000e+00 0.000000000000000000e+00 8.171336462429960193e+03
2.000000000000000000e+00 3.000000000000000000e+00 1.422341403374992296e+04
2.000000000000000000e+00 1.100000000000000000e+01 1.003344288654374759e+04
3.000000000000000000e+00 2.000000000000000000e+00 1.452234203474623064e+04
3.000000000000000000e+00 4.000000000000000000e+00 1.821737779990834679e+04
3.000000000000000000e+00 1.000000000000000000e+01 5.210645710098844575e+03
4.000000000000000000e+00 3.000000000000000000e+00 1.802268188877721332e+04
4.000000000000000000e+00 5.000000000000000000e+00 8.802942903163908341e+03
4.000000000000000000e+00 8.000000000000000000e+00 1.595344233479559443e+04
5.000000000000000000e+00 1.000000000000000000e+00 6.008234434337879975e+03
5.000000000000000000e+00 4.000000000000000000e+00 8.797123887031812046e+03
5.000000000000000000e+00 7.000000000000000000e+00 1.257499434931701035e+04
6.000000000000000000e+00 7.000000000000000000e+00 1.216870645240021622e+04
6.000000000000000000e+00 1.700000000000000000e+01 1.575075214900217179e+04
7.000000000000000000e+00 5.000000000000000000e+00 1.256086211374677441e+04
7.000000000000000000e+00 6.000000000000000000e+00 1.214764176880487321e+04
7.000000000000000000e+00 8.000000000000000000e+00 6.934655948401559726e+03
7.000000000000000000e+00 1.500000000000000000e+01 8.419208764728446113e+03
8.000000000000000000e+00 4.000000000000000000e+00 1.576456543979657363e+04
8.000000000000000000e+00 7.000000000000000000e+00 6.891610220839179419e+03
8.000000000000000000e+00 9.000000000000000000e+00 2.186582130447642339e+04
9.000000000000000000e+00 8.000000000000000000e+00 2.173389868191497953e+04
9.000000000000000000e+00 1.000000000000000000e+01 1.778169676780967347e+04
9.000000000000000000e+00 1.400000000000000000e+01 2.332697649475234721e+04
9.000000000000000000e+00 1.500000000000000000e+01 1.107968436357991959e+04
9.000000000000000000e+00 1.600000000000000000e+01 8.100501156953534519e+03
1.000000000000000000e+01 3.000000000000000000e+00 5.804269622226288448e+03
1.000000000000000000e+01 9.000000000000000000e+00 1.742852077083400582e+04
1.000000000000000000e+01 1.100000000000000000e+01 8.325383363125056349e+03
1.000000000000000000e+01 1.300000000000000000e+01 9.808656606064816515e+03
1.100000000000000000e+01 2.000000000000000000e+00 9.742828104985548634e+03
1.100000000000000000e+01 1.000000000000000000e+01 8.552540270881818287e+03
1.100000000000000000e+01 1.200000000000000000e+01 1.225867949404461433e+04
1.200000000000000000e+01 1.100000000000000000e+01 1.229522162024319914e+04
1.200000000000000000e+01 2.300000000000000000e+01 1.122000948180194246e+04
1.300000000000000000e+01 1.000000000000000000e+01 9.921947613459829881e+03
1.300000000000000000e+01 1.400000000000000000e+01 8.993955361501471998e+03
1.300000000000000000e+01 2.200000000000000000e+01 8.397591458130353203e+03
1.400000000000000000e+01 9.000000000000000000e+00 2.340894107964310388e+04
1.400000000000000000e+01 1.300000000000000000e+01 9.064850906012614359e+03
1.400000000000000000e+01 1.800000000000000000e+01 1.891339817393318299e+04
1.400000000000000000e+01 2.100000000000000000e+01 1.843843683584651080e+04
1.500000000000000000e+01 7.000000000000000000e+00 8.427057573125250201e+03
1.500000000000000000e+01 9.000000000000000000e+00 1.111863710076174539e+04
1.500000000000000000e+01 1.600000000000000000e+01 1.169449275545172713e+04
1.500000000000000000e+01 1.700000000000000000e+01 1.536430283553984555e+04
1.600000000000000000e+01 9.000000000000000000e+00 8.100837209295249522e+03
1.600000000000000000e+01 1.500000000000000000e+01 1.167379789128033372e+04
1.600000000000000000e+01 1.800000000000000000e+01 9.958063265716476963e+03
1.700000000000000000e+01 6.000000000000000000e+00 1.577181683259751662e+04
1.700000000000000000e+01 1.500000000000000000e+01 1.543179924528985794e+04
1.700000000000000000e+01 1.900000000000000000e+01 1.900419454113677784e+04
1.800000000000000000e+01 1.400000000000000000e+01 1.897357805820457725e+04
1.800000000000000000e+01 1.600000000000000000e+01 9.937704453886799456e+03
1.800000000000000000e+01 1.900000000000000000e+01 8.676326538197088666e+03
1.900000000000000000e+01 1.700000000000000000e+01 1.899275563448210596e+04
1.900000000000000000e+01 1.800000000000000000e+01 8.716147610638798142e+03
1.900000000000000000e+01 2.000000000000000000e+01 6.314413329119563969e+03
1.900000000000000000e+01 2.100000000000000000e+01 7.002074213752580363e+03
2.000000000000000000e+01 1.900000000000000000e+01 6.242867132246102301e+03
2.000000000000000000e+01 2.100000000000000000e+01 8.616286938234301488e+03
2.000000000000000000e+01 2.300000000000000000e+01 1.029552630478027459e+04
2.100000000000000000e+01 1.400000000000000000e+01 1.843111708097699739e+04
2.100000000000000000e+01 1.900000000000000000e+01 7.002002576413100542e+03
2.100000000000000000e+01 2.000000000000000000e+01 8.588459603917253844e+03
2.100000000000000000e+01 2.200000000000000000e+01 9.633519194303404220e+03
2.200000000000000000e+01 1.300000000000000000e+01 8.439986921014231484e+03
2.200000000000000000e+01 2.100000000000000000e+01 9.598300467777344238e+03
2.200000000000000000e+01 2.300000000000000000e+01 7.956145942662810739e+03
2.300000000000000000e+01 1.200000000000000000e+01 1.115655160800052909e+04
2.300000000000000000e+01 2.000000000000000000e+01 1.025180744222386056e+04
2.300000000000000000e+01 2.200000000000000000e+01 7.963322679020635405e+03
