0.000000000000000000e+00 1.000000000000000000e+00 4.499620543213906785e+03
0.000000000000000000e+00 2.000000000000000000e+00 8.142380695972326976e+03
1.000000000000000000e+00 0.000000000000000000e+00 4.543642347622307170e+03
1.000000000000000000e+00 5.000000000000000000e+00 5.975206890773857594e+03
2.000000000000000000e+00 0.000000000000000000e+00 8.098358891563932957e+03
2.000000000000000000e+00 3.000000000000000000e+00 1.431463746498723958e+04
2.000000000000000000e+00 1.100000000000000000e+01 9.893844044654644676e+03
3.000000000000000000e+00 2.000000000000000000e+00 1.417274855324696546e+04
3.000000000000000000e+00 4.000000000000000000e+00 1.801386092746282884e+04
3.000000000000000000e+00 1.000000000000000000e+01 5.506695454685738696e+03
4.000000000000000000e+00 3.000000000000000000e+00 1.816955342635053967e+04
4.000000000000000000e+00 5.000000000000000000e+00 8.792459688232287590e+03
4.000000000000000000e+00 8.000000000000000000e+00 1.579018708546322159e+04
5.000000000000000000e+00 1.000000000000000000e+00 6.019228695182257979e+03
5.000000000000000000e+00 4.000000000000000000e+00 8.809596916848196997e+03
5.000000000000000000e+00 7.000000000000000000e+00 1.249200607314361514e+04
6.000000000000000000e+00 7.000000000000000000e+00 1.212036456050014749e+04
6.000000000000000000e+00 1.700000000000000000e+01 1.581075912223583873e+04
7.000000000000000000e+00 5.000000000000000000e+00 1.255316510616793130e+04
7.000000000000000000e+00 6.000000000000000000e+00 1.203776448088980032e+04
7.000000000000000000e+00 8.000000000000000000e+00 6.875838336828173851e+03
7.000000000000000000e+00 1.500000000000000000e+01 8.387230032626115644e+03
8.000000000000000000e+00 4.000000000000000000e+00 1.592874235573500664e+04
8.000000000000000000e+00 7.000000000000000000e+00 6.832967508405897206e+03
8.000000000000000000e+00 9.000000000000000000e+00 2.175636048730711627e+04
9.000000000000000000e+00 8.000000000000000000e+00 2.195204492915662559e+04
9.000000000000000000e+00 1.000000000000000000e+01 1.762296542392308766e+04
9.000000000000000000e+00 1.400000000000000000e+01 2.311444527165655745e+04
9.000000000000000000e+00 1.500000000000000000e+01 1.104308479360724778e+04
9.000000000000000000e+00 1.600000000000000000e+01 8.100478406453751631e+03
1.000000000000000000e+01 3.000000000000000000e+00 5.309114044057753745e+03
1.000000000000000000e+01 9.000000000000000000e+00 1.763693145323279896e+04
1.000000000000000000e+01 1.100000000000000000e+01 8.474544063351449950e+03
1.000000000000000000e+01 1.300000000000000000e+01 9.795512449681338694e+03
1.100000000000000000e+01 2.000000000000000000e+00 9.991711151986517507e+03
1.100000000000000000e+01 1.000000000000000000e+01 8.398805602446816920e+03
1.100000000000000000e+01 1.200000000000000000e+01 1.226837173795411945e+04
1.200000000000000000e+01 1.100000000000000000e+01 1.239050038438136107e+04
1.200000000000000000e+01 2.300000000000000000e+01 1.112398382071687593e+04
1.300000000000000000e+01 1.000000000000000000e+01 9.787635529267701713e+03
1.300000000000000000e+01 1.400000000000000000e+01 9.025120899416846441e+03
1.300000000000000000e+01 2.200000000000000000e+01 8.415653883103370390e+03
1.400000000000000000e+01 9.000000000000000000e+00 2.317744245067491283e+04
1.400000000000000000e+01 1.300000000000000000e+01 9.051736666931275977e+03
1.400000000000000000e+01 1.800000000000000000e+01 1.908051576546216893e+04
1.400000000000000000e+01 2.100000000000000000e+01 1.841515576589341799e+04
1.500000000000000000e+01 7.000000000000000000e+00 8.408659814462345821e+03
1.500000000000000000e+01 9.000000000000000000e+00 1.106177143530799731e+04
1.500000000000000000e+01 1.600000000000000000e+01 1.168082796725789922e+04
1.500000000000000000e+01 1.700000000000000000e+01 1.531930335667697182e+04
1.600000000000000000e+01 9.000000000000000000e+00 8.100512998274440179e+03
1.600000000000000000e+01 1.500000000000000000e+01 1.167291529877706671e+04
1.600000000000000000e+01 1.800000000000000000e+01 9.950934287933025189e+03
1.700000000000000000e+01 6.000000000000000000e+00 1.589335920184618953e+04
1.700000000000000000e+01 1.500000000000000000e+01 1.536733244869479495e+04
1.700000000000000000e+01 1.900000000000000000e+01 1.900101132446337942e+04
1.800000000000000000e+01 1.400000000000000000e+01 1.909985813194813090e+04
1.800000000000000000e+01 1.600000000000000000e+01 9.943056211272889414e+03
1.800000000000000000e+01 1.900000000000000000e+01 8.685785690401577085e+03
1.900000000000000000e+01 1.700000000000000000e+01 1.903164049609156791e+04
1.900000000000000000e+01 1.800000000000000000e+01 8.697249980227401466e+03
1.900000000000000000e+01 2.000000000000000000e+01 6.310538359501843843e+03
1.900000000000000000e+01 2.100000000000000000e+01 7.002431697861653447e+03
2.000000000000000000e+01 1.900000000000000000e+01 6.251655929632786865e+03
2.000000000000000000e+01 2.100000000000000000e+01 8.600101213430974894e+03
2.000000000000000000e+01 2.300000000000000000e+01 1.030327317598976515e+04
2.100000000000000000e+01 1.400000000000000000e+01 1.838542634594024639e+04
2.100000000000000000e+01 1.900000000000000000e+01 7.003407589184698736e+03
2.100000000000000000e+01 2.000000000000000000e+01 8.595791782520111155e+03
2.100000000000000000e+01 2.200000000000000000e+01 9.640739166372448381e+03
2.200000000000000000e+01 1.300000000000000000e+01 8.381161195175316607e+03
2.200000000000000000e+01 2.100000000000000000e+01 9.607676206831451054e+03
2.200000000000000000e+01 2.300000000000000000e+01 7.939199776448940611e+03
2.300000000000000000e+01 1.200000000000000000e+01 1.114611246714412664e+04
2.300000000000000000e+01 2.000000000000000000e+01 1.024870017703158555e+04
2.300000000000000000e+01 2.200000000000000000e+01 7.871644128979884044e+03
