0.000000000000000000e+00 1.000000000000000000e+00 4.543771342716887375e+03
0.000000000000000000e+00 2.000000000000000000e+00 8.120272160141496897e+03
1.000000000000000000e+00 0.000000000000000000e+00 4.521415290692854796e+03
1.000000000000000000e+00 5.000000000000000000e+00 5.990621149209875512e+03
2.000000000000000000e+00 0.000000000000000000e+00 8.142628212165531295e+03
2.000000000000000000e+00 3.000000000000000000e+00 1.403565012402831780e+04
2.000000000000000000e+00 1.100000000000000000e+01 1.000276047297269542e+04
3.000000000000000000e+00 2.000000000000000000e+00 1.403336787645488948e+04
3.000000000000000000e+00 4.000000000000000000e+00 1.803533437339245211e+04
3.000000000000000000e+00 1.000000000000000000e+01 5.208654586060802103e+03
4.000000000000000000e+00 3.000000000000000000e+00 1.803477676040706501e+04
4.000000000000000000e+00 5.000000000000000000e+00 8.804893664686798729e+03
4.000000000000000000e+00 8.000000000000000000e+00 1.577132985425571496e+04
5.000000000000000000e+00 1.000000000000000000e+00 5.968265097185844752e+03
5.000000000000000000e+00 4.000000000000000000e+00 8.796819143700075074e+03
5.000000000000000000e+00 7.000000000000000000e+00 1.254875476216854622e+04
6.000000000000000000e+00 7.000000000000000000e+00 1.209852263862750260e+04
6.000000000000000000e+00 1.700000000000000000e+01 1.608754214119705102e+04
7.000000000000000000e+00 5.000000000000000000e+00 1.251832418915778544e+04
7.000000000000000000e+00 6.000000000000000000e+00 1.220389922322946586e+04
7.000000000000000000e+00 8.000000000000000000e+00 6.875980139659206543e+03
7.000000000000000000e+00 1.500000000000000000e+01 8.376647994198317974e+03
8.000000000000000000e+00 4.000000000000000000e+00 1.577884676225705698e+04
8.000000000000000000e+00 7.000000000000000000e+00 6.930945242056206553e+03
8.000000000000000000e+00 9.000000000000000000e+00 2.163969207912845741e+04
9.000000000000000000e+00 8.000000000000000000e+00 2.180217408952678670e+04
9.000000000000000000e+00 1.000000000000000000e+01 1.772070777346512477e+04
9.000000000000000000e+00 1.400000000000000000e+01 2.298925484359756229e+04
9.000000000000000000e+00 1.500000000000000000e+01 1.109741494959009651e+04
9.000000000000000000e+00 1.600000000000000000e+01 8.100590825004865110e+03
1.000000000000000000e+01 3.000000000000000000e+00 5.306929951472760877e+03
1.000000000000000000e+01 9.000000000000000000e+00 1.761995094584163598e+04
1.000000000000000000e+01 1.100000000000000000e+01 8.358244360920783947e+03
1.000000000000000000e+01 1.300000000000000000e+01 9.732188433136790991e+03
1.100000000000000000e+01 2.000000000000000000e+00 1.002739877257015360e+04
1.100000000000000000e+01 1.000000000000000000e+01 8.379989911357573874e+03
1.100000000000000000e+01 1.200000000000000000e+01 1.226469657643756909e+04
1.200000000000000000e+01 1.100000000000000000e+01 1.241108042647179536e+04
1.200000000000000000e+01 2.300000000000000000e+01 1.110310450654627857e+04
1.300000000000000000e+01 1.000000000000000000e+01 9.807961420488491058e+03
1.300000000000000000e+01 1.400000000000000000e+01 9.039397073619098592e+03
1.300000000000000000e+01 2.200000000000000000e+01 8.282161176788165903e+03
1.400000000000000000e+01 9.000000000000000000e+00 2.318129360125670428e+04
1.400000000000000000e+01 1.300000000000000000e+01 9.077538217422154048e+03
1.400000000000000000e+01 1.800000000000000000e+01 1.950977350477262371e+04
1.400000000000000000e+01 2.100000000000000000e+01 1.806724828498544593e+04
1.500000000000000000e+01 7.000000000000000000e+00 8.396628903392542270e+03
1.500000000000000000e+01 9.000000000000000000e+00 1.106811310144459276e+04
1.500000000000000000e+01 1.600000000000000000e+01 1.167660796427420610e+04
1.500000000000000000e+01 1.700000000000000000e+01 1.493649188624990711e+04
1.600000000000000000e+01 9.000000000000000000e+00 8.101092753513031312e+03
1.600000000000000000e+01 1.500000000000000000e+01 1.170014273433061680e+04
1.600000000000000000e+01 1.800000000000000000e+01 9.934645936985445587e+03
1.700000000000000000e+01 6.000000000000000000e+00 1.598216555659508595e+04
1.700000000000000000e+01 1.500000000000000000e+01 1.490363617724221876e+04
1.700000000000000000e+01 1.900000000000000000e+01 1.933804034956965188e+04
1.800000000000000000e+01 1.400000000000000000e+01 1.933903977224244954e+04
1.800000000000000000e+01 1.600000000000000000e+01 9.958682635550019768e+03
1.800000000000000000e+01 1.900000000000000000e+01 8.823632760094886180e+03
1.900000000000000000e+01 1.700000000000000000e+01 1.909980805595998027e+04
1.900000000000000000e+01 1.800000000000000000e+01 8.676935726129269824e+03
1.900000000000000000e+01 2.000000000000000000e+01 6.102038080134908341e+03
1.900000000000000000e+01 2.100000000000000000e+01 7.699500147600760101e+03
2.000000000000000000e+01 1.900000000000000000e+01 6.312869813628516567e+03
2.000000000000000000e+01 2.100000000000000000e+01 8.534655900166304491e+03
2.000000000000000000e+01 2.300000000000000000e+01 1.030089433743323207e+04
2.100000000000000000e+01 1.400000000000000000e+01 1.836816191897784665e+04
2.100000000000000000e+01 1.900000000000000000e+01 7.003739086531880275e+03
2.100000000000000000e+01 2.000000000000000000e+01 8.806294203640421983e+03
2.100000000000000000e+01 2.200000000000000000e+01 9.704258625918959297e+03
2.200000000000000000e+01 1.300000000000000000e+01 8.319793020336819609e+03
2.200000000000000000e+01 2.100000000000000000e+01 9.581049502316589496e+03
2.200000000000000000e+01 2.300000000000000000e+01 7.944684458695387548e+03
2.300000000000000000e+01 1.200000000000000000e+01 1.114948835658050666e+04
2.300000000000000000e+01 2.000000000000000000e+01 1.024008776745273099e+04
2.300000000000000000e+01 2.200000000000000000e+01 7.859107178641653263e+03
