i	j	o4d11l6
0	1	 4499.93
0	2	 8136.72
1	0	 4537.85
1	5	 5960.90
2	0	 8098.80
2	3	14028.22
2	11	 9940.29
3	2	13940.58
3	4	18027.11
3	10	 5407.18
4	3	18138.64
4	5	 8792.32
4	8	15789.70
5	1	 5998.82
5	4	 8807.44
5	7	12492.07
6	7	12114.11
6	17	15802.79
7	5	12545.10
7	6	12040.32
7	8	 6878.14
7	15	 8385.82
8	4	15886.10
8	7	 6834.01
8	9	21756.09
9	8	21908.36
9	10	17657.00
9	14	23120.78
9	15	11044.87
9	16	 8100.75
10	3	 5308.00
10	9	17625.89
10	11	 8438.70
10	13	 9787.13
11	2	 9990.02
11	10	 8399.39
11	12	12280.35
12	11	12390.78
12	23	11122.67
13	10	 9796.16
13	14	 9028.79
13	22	 8412.21
14	9	23182.95
14	13	 9063.33
14	18	19082.47
14	21	18411.35
15	7	 8409.20
15	9	11066.41
15	16	11684.74
15	17	15300.71
16	9	 8100.42
16	15	11676.39
16	18	 9952.51
17	6	15876.58
17	15	15353.98
17	19	18990.54
18	14	19106.80
18	16	 9943.83
18	19	 8685.83
19	17	19017.59
19	18	 8701.48
19	20	 6305.53
19	21	 7001.85
20	19	 6247.11
20	21	 8606.36
20	23	10303.10
21	14	18383.74
21	19	 7002.98
21	20	 8600.89
21	22	 9645.93
22	13	 8386.70
22	21	 9613.97
22	23	 7925.69
23	12	11133.09
23	20	10250.15
23	22	 7868.21
