i	j	o2d7l15
0	1	 4494.86
0	2	 8117.15
1	0	 4518.07
1	5	 5966.54
2	0	 8093.94
2	3	14021.76
2	11	10035.24
3	2	14044.49
3	4	18018.69
3	10	 5208.59
4	3	18042.63
4	5	 8796.40
4	8	15788.11
5	1	 5989.75
5	4	 8805.72
5	7	12491.21
6	7	12104.54
6	17	15797.94
7	5	12523.74
7	6	12041.55
7	8	 6883.20
7	15	 8386.69
8	4	15802.73
8	7	 6836.24
8	9	21752.02
9	8	21819.68
9	10	17728.15
9	14	23131.77
9	15	11045.58
9	16	 8099.72
10	3	 5307.38
10	9	17604.23
10	11	 8367.49
10	13	 9778.26
11	2	 9989.30
11	10	 8403.93
11	12	12304.98
12	11	12395.49
12	23	11119.82
13	10	 9816.70
13	14	 9034.64
13	22	 8397.10
14	9	23194.22
14	13	 9079.03
14	18	19085.41
14	21	18402.87
15	7	 8403.18
15	9	11073.40
15	16	11686.34
15	17	15289.01
16	9	 8101.03
16	15	11677.02
16	18	 9948.66
17	6	15860.93
17	15	15342.64
17	19	18990.62
18	14	19115.83
18	16	 9940.64
18	19	 8686.84
19	17	19007.25
19	18	 8709.25
19	20	 6304.37
19	21	 7003.17
20	19	 6245.27
20	21	 8619.85
20	23	10307.16
21	14	18379.29
21	19	 7001.30
21	20	 8609.51
21	22	 9659.65
22	13	 8391.14
22	21	 9623.86
22	23	 7899.29
23	12	11110.33
23	20	10258.41
23	22	 7857.54
