i	j	       0	       1	       2	       3	       4	       5	       6	       7	       8	       9	      10	      11	      12	      13	      14	      15	      16	      17	      18	      19	      20	      21	      22	      23
0	1	 2600.74	    0.00	  268.75	  200.02	   16.36	    0.00	    0.01	    0.02	   32.73	   98.21	  200.02	  465.77	  462.93	  100.00	   16.38	    0.02	    0.04	    0.00	    0.01	    0.00	    0.01	    0.07	    0.26	   30.34
0	2	 6199.26	 1144.33	    0.00	    0.00	    0.00	  233.86	  144.01	  251.98	    0.00	    0.00	    0.00	    0.00	    0.00	    0.00	    0.00	   99.22	    0.00	   35.85	    0.00	    0.00	    0.00	    0.00	    0.00	    0.00
1	0	    0.00	 1244.33	    0.00	    0.00	    0.00	  533.86	  643.99	 1051.95	    0.00	    0.00	    0.00	    0.00	    0.00	    0.00	    0.00	  599.20	    0.49	  135.84	    0.03	  299.99	    0.00	    0.00	    0.00	    0.00
1	5	 2500.74	 2755.67	  168.75	    0.04	    0.00	    0.00	    0.00	    0.00	    0.00	    0.00	    0.04	  365.77	  162.93	    0.01	    0.00	    0.00	    0.00	    0.00	    0.00	    0.00	    0.01	    0.03	    0.26	   30.34
2	0	    0.00	    0.00	  368.75	  700.02	  216.36	    0.00	    0.03	    0.05	  532.73	 1398.21	  700.02	  665.77	  962.93	  400.00	  516.38	    0.04	  399.55	    0.00	  299.99	    0.02	  100.01	  400.07	  300.26	  130.34
2	3	 4498.90	  644.07	 1931.05	    0.00	    0.00	    0.04	    0.00	    0.00	    0.00	    0.00	    0.00	 3737.94	 2519.17	    0.09	    0.00	    0.00	    0.00	    0.00	    0.00	    0.00	  275.00	    0.10	    4.15	  469.41
2	11	 1600.35	  400.27	  500.21	 1602.52	  403.45	  500.59	  701.01	 1200.00	 1399.71	  687.99	    0.97	    0.00	    0.00	    0.09	   53.44	  554.60	  193.99	  199.06	   22.89	    0.09	    0.00	    0.00	    0.00	    0.00
3	2	    0.00	    0.00	    0.00	 2502.54	  719.81	  566.76	  657.04	 1148.07	 2032.43	 2386.20	 1000.29	    0.00	    0.00	  499.53	  669.76	  655.42	  693.53	  163.22	  322.88	    0.10	    0.00	    0.06	  299.78	    0.00
3	4	 3197.51	  143.85	 1330.83	 6697.11	    0.00	    0.00	    0.00	    0.00	    0.00	    0.11	  901.87	 3137.59	 1918.88	  200.02	    0.07	    0.00	    0.01	    0.00	    0.02	    0.00	   75.05	    0.04	  199.71	  269.42
3	10	  801.39	  300.26	  400.21	 2400.35	  699.86	  599.55	    0.35	    6.51	    0.39	    0.16	    0.00	    0.34	    0.28	    0.07	    0.06	    0.12	    0.04	    0.04	    0.02	    0.02	    0.02	    0.05	    0.05	    0.02
4	3	    0.00	    0.04	    0.00	    0.00	 1919.67	 1566.27	 1057.39	 1854.58	 2732.82	 3584.01	    0.00	    0.00	    0.00	    0.00	 1168.18	 1455.54	 1192.97	  263.26	  522.23	  300.13	    0.03	  399.21	    0.01	    0.00
4	5	    0.00	    0.00	  526.31	 2115.67	 1251.88	    0.00	    0.02	    0.03	  567.43	 1301.73	  401.70	 1471.34	  608.33	  100.02	  283.51	    0.04	    0.04	    0.00	    0.02	    0.01	    0.01	    0.00	   99.71	   69.65
4	8	 2997.51	  899.64	  704.53	 4081.44	 2928.45	 1400.01	    0.03	    0.10	    0.00	    0.00	    0.17	 1466.26	 1110.55	    0.00	    0.00	    0.06	    0.00	    0.01	    0.00	    0.03	    0.01	    0.00	    0.00	  199.77
5	1	    0.00	    0.00	    0.00	    0.02	   83.64	  933.86	  843.98	 1451.93	  167.27	  501.79	    0.02	    0.00	    0.00	    0.01	   83.62	  999.18	  200.45	  135.84	  100.01	  399.98	    0.00	   99.96	    0.00	    0.00
5	4	    0.00	  855.83	    0.00	    0.00	    0.00	 3166.28	  972.79	 1822.93	    0.00	    0.00	    0.00	    0.00	    0.00	    0.00	    0.00	 1473.01	    0.24	  203.76	    0.03	  309.47	    0.01	    0.05	    0.00	    0.00
5	7	 2200.74	 1499.84	  395.05	 1715.69	  968.24	 3499.85	    0.00	    0.00	    0.15	    0.07	    1.72	 1637.10	  571.26	    0.02	    0.00	    0.00	    0.00	    0.00	    0.00	    0.00	    0.00	    0.00	    0.00	    0.00
6	7	    0.00	    0.00	    0.00	    0.00	    0.00	    0.00	 4104.38	    0.00	    0.00	    0.00	    0.00	    0.00	    0.00	  399.87	  599.61	  443.87	  156.97	  999.30	  999.20	 2599.61	  500.04	  799.90	  300.00	  199.99
6	17	  428.40	  333.92	    7.77	  430.43	  119.03	  979.39	 7995.62	 4504.07	  819.48	    0.61	    0.14	  217.92	    0.02	    0.00	    0.00	    0.00	    0.03	    0.00	    0.00	    0.00	    0.00	    0.00	    0.00	    0.00
7	5	    0.00	    0.00	    0.00	    0.00	    0.00	    0.00	 2216.75	 4074.83	    0.00	    0.12	    0.00	    0.00	    0.00	    0.00	    0.11	 3372.15	  700.65	  439.60	  300.02	 1009.45	   99.99	  299.98	    0.03	    0.01
7	6	  928.40	  533.92	  107.77	  830.43	  319.03	 1379.39	    0.00	 5504.07	 1419.42	    5.30	    1.98	  917.92	   98.64	    0.00	    0.00	    0.00	    0.11	    0.00	    0.00	    0.00	    0.00	    0.00	    0.00	    0.00
7	8	    0.00	    0.00	    0.00	    0.00	    0.00	    0.00	  887.63	 3725.09	    0.00	    0.00	    0.00	    0.00	    0.00	    0.00	    0.00	 1329.96	    0.00	  259.82	    0.00	  690.52	    0.10	    0.00	    0.00	    0.00
7	15	  472.42	  565.96	  171.27	  678.29	  423.94	 1320.55	    0.00	 3396.00	  879.85	    0.00	    0.06	  474.86	    0.14	    0.00	    0.00	    0.00	    0.00	    0.00	    0.00	    0.00	    0.00	    0.00	    0.00	    0.00
8	4	    0.00	    0.00	    0.00	    0.00	    0.00	    0.00	  284.64	  531.78	 4100.25	 5885.62	    0.00	    0.00	    0.00	    0.00	 1651.62	  482.62	 1392.76	   59.51	  622.20	   90.69	   24.99	  599.13	    0.01	    0.00
8	7	    0.08	    0.04	   83.99	  493.03	  274.73	    0.09	    0.00	    0.00	 3099.12	 1605.09	  800.32	  355.68	  127.52	    0.00	    0.00	    0.00	    0.22	    0.00	    0.00	    0.00	    0.00	    0.00	    0.00	    0.00
8	9	 2497.43	  699.59	  520.54	 2888.41	 1853.72	  999.92	    3.06	 2393.42	 9000.63	    0.00	    0.00	  510.63	  383.08	    0.00	    0.00	    0.24	    0.00	    0.34	    0.00	    0.00	    0.00	    0.00	    0.00	    0.00
9	8	    0.00	    0.00	    0.00	    0.00	    0.00	    0.00	    0.05	    0.00	    0.00	10290.72	 2200.15	    0.05	    0.05	  600.00	 2651.62	  552.85	 2292.98	    0.02	 1022.20	    0.15	  324.87	 1299.13	  500.01	    0.23
9	10	    0.00	    0.00	    0.00	    0.00	    0.00	    0.00	  499.65	  793.51	 1723.89	 8408.57	    0.00	    0.00	    0.00	    0.00	 1321.31	 1545.60	 1906.40	  200.09	  436.61	  436.33	    1.91	  536.07	    0.00	    0.00
9	14	  799.27	   99.95	   99.91	 1098.52	  596.83	  200.05	    0.00	    0.00	 3075.80	14596.85	 1937.09	  657.70	    4.46	    0.00	    0.00	    0.00	    0.80	    0.00	    0.00	    0.00	    0.00	    0.00	    0.00	    0.00
9	15	    0.00	    0.00	   20.97	   91.33	   57.08	    0.00	    0.00	    0.00	  501.11	 8003.17	 2166.60	  206.03	    0.36	    0.00	    0.00	    0.00	    0.00	    0.00	    0.00	    0.00	    0.00	    0.00	    0.00	    0.00
9	16	  399.15	    0.02	   99.98	  499.91	  199.94	    0.04	    0.08	    0.12	  899.83	 3900.69	 1000.08	  599.89	  499.79	    0.06	    0.12	    0.11	    0.00	    0.05	    0.07	    0.14	    0.05	    0.14	    0.05	    0.02
10	3	    0.00	    0.00	    0.00	    0.00	    0.00	    0.00	    0.00	    0.00	    0.00	    2.47	 3402.16	    0.00	    0.00	 1199.53	    1.71	    0.00	    0.62	    0.00	    0.69	    0.00	    0.05	    0.83	  995.38	    0.04
10	9	    0.99	    0.32	    0.32	    1.34	    0.12	    0.10	    0.00	    0.00	    0.00	    0.00	11203.93	 2953.04	 2021.57	 1031.29	    0.00	    0.00	    0.00	    0.00	    0.00	    0.00	    0.00	    0.00	  297.06	   45.26
10	11	    0.00	    0.00	    0.00	    0.00	    0.00	    0.00	    0.00	    0.00	    0.11	 3212.01	 2400.34	    0.00	    0.00	  702.59	  648.01	  145.89	  905.91	    0.13	  277.70	    0.00	    0.00	    0.00	    0.24	    0.00
10	13	  300.86	  100.11	  100.12	  999.09	  199.76	  199.52	    0.00	    0.02	  324.17	 1194.25	 5293.57	 1042.59	   11.40	    0.00	    0.00	    0.00	    0.04	    0.00	    0.00	    0.00	    0.00	    0.00	    0.00	    0.00
11	2	    0.00	    0.00	    0.00	    0.00	    0.00	    0.00	    0.00	    0.00	    0.00	    0.00	    0.70	 4603.70	 3582.10	    0.64	    0.05	    0.00	    0.00	    0.00	    0.00	    0.00	  375.00	  500.10	  104.64	  599.75
11	10	    0.46	    0.17	    0.23	    0.08	    0.03	    0.07	    0.00	    0.00	    0.00	    0.00	    0.00	 5395.29	 3032.69	    0.00	    0.00	    0.00	    0.00	    0.00	    0.00	    0.00	    0.04	    0.00	    0.00	    0.57
11	12	 1399.90	  300.10	  299.98	 1002.44	  203.42	  300.52	    1.01	  600.00	  799.81	 1900.00	 1000.61	 3901.01	    0.00	    2.74	    1.40	    0.82	  499.89	    0.03	    0.59	    0.04	    0.00	    0.00	    0.00	    0.00
12	11	    0.00	    0.00	    0.00	    0.00	    0.00	    0.00	    0.00	    0.00	    0.00	    0.00	    0.00	    0.00	 7914.79	    0.71	    0.00	    0.33	    0.00	    0.83	    0.00	  499.95	  675.04	 1200.10	  804.40	 1100.32
12	23	  899.90	    0.10	  199.98	  402.44	    3.42	  100.52	    0.00	    0.00	  199.81	    0.00	    0.61	 2601.01	 6685.21	    0.00	    0.00	    0.00	    0.00	    0.00	    0.00	    0.00	    0.00	    0.00	    0.00	    0.00
13	10	    0.00	    0.00	    0.00	    0.00	    0.00	    0.00	    0.00	    0.00	    0.00	    0.00	    0.00	    0.00	    0.00	 4533.34	  728.35	    0.17	    0.12	    0.00	  241.76	  163.65	  398.09	  564.72	 2592.63	  644.70
13	14	    0.76	    0.10	    0.10	    0.71	    0.06	    0.04	    0.00	    0.00	    0.00	    0.00	 1024.39	  342.30	   82.85	 6354.30	    0.00	    0.00	    0.00	    0.00	    0.00	    0.00	    0.00	    0.00	 1127.44	  108.00
13	22	    0.11	    0.01	    0.02	  498.40	   99.71	   99.49	    0.00	    0.00	  198.72	  825.31	 2669.24	    0.32	    0.33	 3212.35	  442.79	    0.00	  226.13	    0.00	  139.28	    0.00	    0.00	    0.00	    0.00	    0.00
14	9	    0.00	    0.00	    0.00	    0.00	    0.00	    0.00	    0.00	    0.00	    0.00	    0.00	    0.00	    0.00	    0.00	 1668.77	 7973.06	    0.29	    0.80	    0.05	 3258.68	 1645.78	 1526.83	 4435.34	 2003.00	  754.99
14	13	    0.00	    0.00	    0.00	    0.02	    0.00	    0.00	  199.73	  399.45	  474.54	 1731.06	    0.07	    0.00	    0.00	    0.00	 2471.14	  699.44	  926.21	   99.86	  681.04	  662.57	    1.27	  745.12	    0.00	    0.00
14	18	  300.03	    0.06	    0.01	  200.07	  100.03	    0.10	    0.02	    0.03	  400.15	 3291.15	  830.65	  300.06	  270.99	 2897.90	 5899.62	    0.05	    0.41	    0.01	    0.00	    0.05	  514.01	 2899.92	  899.98	  242.20
14	21	    0.00	    0.00	    0.00	  399.14	  296.86	    0.00	    0.00	    0.00	 1301.11	 5574.64	  730.77	    0.00	    0.00	  487.63	 5056.18	    0.23	 2524.66	    0.00	 2094.19	    0.00	    0.00	    0.00	    0.00	    0.00
15	7	    0.00	    0.00	    0.00	    0.00	    0.00	    0.00	    0.00	    0.00	    0.00	    0.27	    0.00	    0.00	    0.00	    0.10	    0.50	 6458.24	 1943.57	    0.12	    0.82	    0.36	    0.05	    0.08	    0.03	    0.02
15	9	    0.00	    0.05	    0.00	    0.00	    0.00	    0.07	 2396.49	    0.21	    0.00	    0.00	    0.00	    0.00	    0.00	    0.00	    0.00	 6496.94	    0.57	  899.69	    0.19	 1290.65	    0.00	    0.00	    0.00	    0.00
15	16	    0.83	  200.00	    0.01	    0.06	    0.05	  500.02	 1000.35	 1400.22	    0.11	    0.50	    0.09	    0.05	    0.00	    0.00	    0.00	 5939.36	    0.00	  600.15	    0.00	 1533.25	  365.50	    0.00	    0.00	  139.30
15	17	    0.02	    0.00	    0.00	    0.02	    0.00	    0.03	    0.00	    0.15	    0.50	 3604.18	  766.96	    0.14	    0.00	    0.03	    0.48	 7205.45	 3740.04	    0.00	    0.48	    0.00	    0.00	    0.00	    0.00	    0.00
16	9	    0.00	    0.00	    0.00	    0.00	    0.00	    0.00	    0.23	    0.00	    0.00	    0.00	    0.00	    0.00	    0.00	    0.00	    0.00	    1.08	 8098.81	    0.08	    0.00	    0.19	    0.00	    0.00	    0.00	    0.00
16	15	    0.00	    0.00	    0.00	    0.00	    0.00	    0.00	    0.00	    0.00	    0.00	    1.42	    0.26	    0.00	    0.00	  694.83	 1192.27	    0.00	 8484.06	    0.00	 1292.13	    0.00	    0.05	    0.11	    0.04	    0.03
16	18	    0.03	    0.02	    0.00	    0.02	    0.01	    0.06	    0.21	    0.34	    0.04	    0.16	    0.00	    0.00	    0.00	    0.00	    0.00	 3138.39	 6817.13	    0.11	    0.00	    0.00	    0.00	    0.00	    0.00	    0.00
17	6	    0.00	    0.00	    0.00	    0.00	    0.00	    0.00	    0.00	    0.00	    0.05	 1895.31	  498.15	    0.00	  301.37	  599.87	 1099.61	 1843.87	 1156.89	 1199.30	 1399.20	 3099.61	  700.04	 1299.90	  500.00	  299.99
17	15	   28.43	   34.10	    7.77	   30.46	   19.04	   79.57	 4796.85	  204.59	   19.66	    0.36	    0.12	   19.31	  599.51	    5.30	    8.70	    0.00	    0.11	 1999.96	    9.37	 4424.25	  965.50	 1199.97	  499.99	  439.30
17	19	  299.99	  299.82	    0.00	  299.99	  100.00	  799.85	 2998.78	 3999.64	  600.27	 1009.33	  168.83	    0.02	    0.00	    0.00	    0.00	 4861.58	 1983.20	 1600.74	    0.00	    0.00	    0.00	    0.00	    0.00	    0.00
18	14	    0.00	    0.01	    0.00	    0.00	    0.00	    0.02	  699.68	  999.40	    0.00	    0.00	    0.00	    0.00	    0.00	    0.00	    0.00	 1899.87	 4951.28	  299.90	 6833.91	 3407.95	    0.16	    0.38	    0.17	    0.07
18	16	    0.04	    0.00	    0.01	    0.05	    0.02	    0.00	    0.00	    0.00	    0.09	    0.38	    0.10	    0.06	    0.21	 1394.77	 2692.14	    0.00	    0.00	    0.00	 2992.06	  166.80	  234.50	 1699.97	  599.99	  160.70
18	19	    0.02	    0.00	    0.00	    0.04	    0.02	    0.02	    0.00	    0.00	    0.09	 1490.93	  430.55	    0.00	    0.00	 1203.14	 2407.47	    0.00	  166.26	    0.00	 2974.03	    0.00	    0.00	    0.00	    0.00	    0.00
19	17	    0.00	    0.00	    0.00	    0.00	    0.00	    0.00	    0.00	    0.00	    0.00	    0.21	    0.00	    1.25	 1000.86	  705.15	 1307.84	    0.00	    0.14	    0.00	 1708.09	 7923.86	 1765.54	 2799.88	 1099.98	  739.29
19	18	    0.00	   99.93	    0.00	    0.00	    0.00	  199.88	 1099.46	 1699.03	    0.00	    0.00	    0.00	    0.00	   29.23	    0.01	    0.00	   61.42	    0.00	  599.77	    0.00	 4774.70	  120.65	    0.43	    0.18	   18.57
19	20	    0.00	    0.00	    0.00	    0.01	    0.00	  100.01	  699.20	  600.30	    0.22	    0.05	    0.02	    0.01	    0.02	    0.02	    0.03	 1499.94	  449.28	  200.92	   66.04	 2700.76	    0.00	    0.07	    0.03	    0.02
19	21	    0.00	   99.89	    0.00	    0.02	    0.01	  199.98	  700.12	  800.30	    0.14	    0.21	    0.05	    0.00	    0.00	    0.00	    0.16	 1700.22	    0.11	  400.05	    0.08	 3100.68	    0.18	    0.00	    0.00	    0.00
20	19	    0.00	    0.00	    0.00	    0.00	    0.00	    0.00	    0.00	    0.00	    0.00	    0.10	    0.03	  401.08	 1629.64	    0.08	    0.16	    0.00	    0.07	    0.00	    0.18	    0.00	 3086.36	    0.22	    2.19	 1157.35
20	21	  265.08	    0.06	   66.27	    0.15	    0.00	    0.03	    0.06	    0.08	    0.00	    0.00	    0.00	  463.89	 1477.74	    0.00	    0.00	    0.16	    0.00	    0.03	    0.00	    0.40	 4642.72	    0.00	    0.86	 1621.30
20	23	    0.00	    0.00	    0.00	    0.00	    0.00	    0.02	  499.14	  200.23	    0.03	  463.98	    0.00	    0.00	    0.00	    0.00	  655.38	  899.87	  194.95	  100.89	  240.72	 1500.36	 3270.92	 2274.35	    0.00	    0.00
21	14	    0.00	    0.00	    0.00	    0.00	    0.00	    0.00	    0.06	    0.08	    0.00	    0.00	    0.00	    0.06	  883.68	    0.00	    0.00	    0.16	    0.00	    0.03	    0.00	    0.45	 2841.96	10679.99	 2775.37	 1289.12
21	19	    0.00	    0.00	    0.00	    0.00	    0.00	    0.00	    0.00	    0.00	    0.00	    0.11	    0.66	    0.17	    0.47	    1.96	    0.40	    0.00	    0.00	    0.00	    0.00	    0.00	    0.00	 5200.16	 1798.01	    0.53
21	20	    0.01	    0.00	    0.00	    0.02	   97.04	    0.00	    0.00	    0.00	  299.81	 1664.04	    2.09	    0.04	    0.00	    1.19	 1455.51	    0.08	  345.73	    0.00	  574.85	    0.00	    0.00	 4074.49	    1.57	    0.00
21	22	    0.00	    0.00	    0.00	    0.00	    0.00	    0.01	  200.12	  300.30	  301.44	 1310.71	    0.00	    0.00	    0.00	    0.00	 1000.43	  500.37	  479.03	  100.06	  319.42	  700.63	    0.94	 4445.35	    0.00	    0.00
22	13	    0.01	    0.00	    0.00	    0.00	    0.00	    0.00	    0.27	    0.52	    0.00	    0.00	    0.00	    0.03	  671.78	    0.00	    0.00	    0.73	    0.00	    0.14	    0.00	    1.08	  796.81	 1019.60	 4820.07	 1152.70
22	21	  134.93	    0.05	   33.73	    0.73	    0.18	    0.00	    0.00	    0.00	    0.00	    0.00	  371.93	  236.37	  706.40	  715.52	    0.00	    0.00	    0.00	    0.00	    0.00	    0.00	    0.00	    0.00	 6674.08	  768.35
22	23	    0.01	    0.00	    0.00	    0.02	    0.00	    0.01	    0.01	    0.03	    0.16	  336.02	  997.36	    0.06	    0.00	 1396.83	  443.22	    0.07	  105.16	    0.00	  158.70	    0.13	    0.06	 1325.85	 3005.86	    0.00
23	12	    0.00	    0.00	    0.00	    0.00	    0.00	    0.00	  398.99	    0.00	    0.00	    0.00	    0.00	    0.00	    0.00	  597.96	  698.60	  599.51	    0.11	  100.81	  299.41	 1099.91	 1275.04	 2500.10	 1604.40	 1800.32
23	20	  365.06	    0.05	   66.27	  200.11	    2.95	    0.03	    0.00	    0.00	    0.00	    0.00	  397.92	 1164.92	 3707.36	  398.87	    0.00	    0.00	    0.00	    0.00	    0.00	    0.00	    0.00	    0.00	  701.46	 3278.63
23	22	  434.85	    0.04	  133.71	    2.35	    0.47	    0.51	    0.17	    0.26	    0.00	    0.00	    0.05	  936.14	 2177.85	    0.00	    0.00	    0.43	    0.00	    0.08	    0.00	    0.58	 1495.93	    0.09	    0.00	 2621.05
