i	j	o9d6l49
0	1	 4672.24
0	2	 8193.34
1	0	 4593.96
1	5	 6007.46
2	0	 8271.61
2	3	13905.04
2	11	 9903.99
3	2	13973.81
3	4	17912.54
3	10	 5221.75
4	3	17983.47
4	5	 8817.82
4	8	15521.09
5	1	 5929.18
5	4	 8784.94
5	7	12691.80
6	7	12260.33
6	17	15147.99
7	5	12580.64
7	6	13258.57
7	8	 7006.29
7	15	 7746.56
8	4	15624.89
8	7	 7212.89
8	9	22979.38
9	8	23389.78
9	10	17762.40
9	14	22829.04
9	15	10864.56
9	16	 8100.11
10	3	 5319.60
10	9	17635.50
10	11	 8514.75
10	13	 9685.71
11	2	 9913.49
11	10	 8482.56
11	12	12461.06
12	11	12538.38
12	23	11118.29
13	10	 9788.84
13	14	 9044.53
13	22	 8335.38
14	9	23129.56
14	13	 9104.48
14	18	18645.24
14	21	18299.01
15	7	 8427.04
15	9	11000.20
15	16	11559.66
15	17	14087.07
16	9	 8101.27
16	15	11488.92
16	18	 9978.45
17	6	14149.75
17	15	14973.93
17	19	19526.46
18	14	18858.28
18	16	 9908.86
18	19	 8462.22
19	17	19315.07
19	18	 8605.68
19	20	 6456.56
19	21	 7002.94
20	19	 6288.86
20	21	 8589.52
20	23	10346.15
21	14	18346.44
21	19	 7002.72
21	20	 8494.65
21	22	 9681.99
22	13	 8378.57
22	21	 9634.32
22	23	 7844.06
23	12	11095.60
23	20	10273.32
23	22	 7839.58
