0.000000000000000000e+00 1.000000000000000000e+00 4.502459166979852853e+03
0.000000000000000000e+00 2.000000000000000000e+00 8.097323973786073111e+03
1.000000000000000000e+00 0.000000000000000000e+00 4.497991771274218991e+03
1.000000000000000000e+00 5.000000000000000000e+00 5.984368150501760283e+03
2.000000000000000000e+00 0.000000000000000000e+00 8.101791369491713340e+03
2.000000000000000000e+00 3.000000000000000000e+00 1.404183497012426233e+04
2.000000000000000000e+00 1.100000000000000000e+01 1.003209555912560791e+04
3.000000000000000000e+00 2.000000000000000000e+00 1.405112656599767615e+04
3.000000000000000000e+00 4.000000000000000000e+00 1.803869173691954711e+04
3.000000000000000000e+00 1.000000000000000000e+01 5.208993976583342373e+03
4.000000000000000000e+00 3.000000000000000000e+00 1.804907967217609985e+04
4.000000000000000000e+00 5.000000000000000000e+00 8.800410679920176335e+03
4.000000000000000000e+00 8.000000000000000000e+00 1.581230280917389609e+04
5.000000000000000000e+00 1.000000000000000000e+00 5.979900754796126421e+03
5.000000000000000000e+00 4.000000000000000000e+00 8.800125393799386075e+03
5.000000000000000000e+00 7.000000000000000000e+00 1.250307880264806408e+04
6.000000000000000000e+00 7.000000000000000000e+00 1.204887209505067767e+04
6.000000000000000000e+00 1.700000000000000000e+01 1.572658576232383712e+04
7.000000000000000000e+00 5.000000000000000000e+00 1.249832612082163905e+04
7.000000000000000000e+00 6.000000000000000000e+00 1.206101689190044635e+04
7.000000000000000000e+00 8.000000000000000000e+00 6.838821213772608644e+03
7.000000000000000000e+00 1.500000000000000000e+01 8.386024915261086790e+03
8.000000000000000000e+00 4.000000000000000000e+00 1.582297603055125182e+04
8.000000000000000000e+00 7.000000000000000000e+00 6.843950072865718539e+03
8.000000000000000000e+00 9.000000000000000000e+00 2.176669155970866268e+04
9.000000000000000000e+00 8.000000000000000000e+00 2.188249364017909829e+04
9.000000000000000000e+00 1.000000000000000000e+01 1.771058975623976585e+04
9.000000000000000000e+00 1.400000000000000000e+01 2.314923898279099740e+04
9.000000000000000000e+00 1.500000000000000000e+01 1.104970383043986112e+04
9.000000000000000000e+00 1.600000000000000000e+01 8.100618190254841466e+03
1.000000000000000000e+01 3.000000000000000000e+00 5.307897637200195277e+03
1.000000000000000000e+01 9.000000000000000000e+00 1.760258457100977830e+04
1.000000000000000000e+01 1.100000000000000000e+01 8.387329542378462065e+03
1.000000000000000000e+01 1.300000000000000000e+01 9.786046458802225970e+03
1.100000000000000000e+01 2.000000000000000000e+00 1.002727135895782521e+04
1.100000000000000000e+01 1.000000000000000000e+01 8.417682643893947898e+03
1.100000000000000000e+01 1.200000000000000000e+01 1.232058312101163028e+04
1.200000000000000000e+01 1.100000000000000000e+01 1.244611202235934979e+04
1.200000000000000000e+01 2.300000000000000000e+01 1.106976084600986906e+04
1.300000000000000000e+01 1.000000000000000000e+01 9.846591832673619137e+03
1.300000000000000000e+01 1.400000000000000000e+01 9.034816367063771395e+03
1.300000000000000000e+01 2.200000000000000000e+01 8.450248855322937743e+03
1.400000000000000000e+01 9.000000000000000000e+00 2.328864498217281653e+04
1.400000000000000000e+01 1.300000000000000000e+01 9.071573968036314909e+03
1.400000000000000000e+01 1.800000000000000000e+01 1.884505006963064807e+04
1.400000000000000000e+01 2.100000000000000000e+01 1.840139164063908174e+04
1.500000000000000000e+01 7.000000000000000000e+00 8.388288171191319634e+03
1.500000000000000000e+01 9.000000000000000000e+00 1.103441615633331094e+04
1.500000000000000000e+01 1.600000000000000000e+01 1.161530810252768060e+04
1.500000000000000000e+01 1.700000000000000000e+01 1.520100905888477610e+04
1.600000000000000000e+01 9.000000000000000000e+00 8.100307130679977490e+03
1.600000000000000000e+01 1.500000000000000000e+01 1.166645388959442062e+04
1.600000000000000000e+01 1.800000000000000000e+01 9.914854762245186066e+03
1.700000000000000000e+01 6.000000000000000000e+00 1.571444096547407571e+04
1.700000000000000000e+01 1.500000000000000000e+01 1.513683885364169691e+04
1.700000000000000000e+01 1.900000000000000000e+01 1.895577900206138293e+04
1.800000000000000000e+01 1.400000000000000000e+01 1.869724783483828287e+04
1.800000000000000000e+01 1.600000000000000000e+01 9.965689489737065742e+03
1.800000000000000000e+01 1.900000000000000000e+01 8.701141123794364830e+03
1.900000000000000000e+01 1.700000000000000000e+01 1.877946399996856417e+04
1.900000000000000000e+01 1.800000000000000000e+01 8.604173616493892041e+03
1.900000000000000000e+01 2.000000000000000000e+01 6.238004760517597788e+03
1.900000000000000000e+01 2.100000000000000000e+01 7.597615535473266391e+03
2.000000000000000000e+01 1.900000000000000000e+01 6.461300543940111311e+03
2.000000000000000000e+01 2.100000000000000000e+01 8.403420382053935100e+03
2.000000000000000000e+01 2.300000000000000000e+01 1.030690976592059451e+04
2.100000000000000000e+01 1.400000000000000000e+01 1.862535747578579685e+04
2.100000000000000000e+01 1.900000000000000000e+01 7.001037242657461320e+03
2.100000000000000000e+01 2.000000000000000000e+01 8.671440909624718188e+03
2.100000000000000000e+01 2.200000000000000000e+01 9.690181436573224346e+03
2.200000000000000000e+01 1.300000000000000000e+01 8.474036628221791034e+03
2.200000000000000000e+01 2.100000000000000000e+01 9.585589506474927475e+03
2.200000000000000000e+01 2.300000000000000000e+01 7.885731941889744121e+03
2.300000000000000000e+01 1.200000000000000000e+01 1.109528974735758857e+04
2.300000000000000000e+01 2.000000000000000000e+01 1.026218502177231676e+04
2.300000000000000000e+01 2.200000000000000000e+01 7.804927784690300541e+03
