0.000000000000000000e+00 1.000000000000000000e+00 4.494871534527695076e+03
0.000000000000000000e+00 2.000000000000000000e+00 8.118363259840070896e+03
1.000000000000000000e+00 0.000000000000000000e+00 4.518384370128132105e+03
1.000000000000000000e+00 5.000000000000000000e+00 5.967411883651176140e+03
2.000000000000000000e+00 0.000000000000000000e+00 8.094850424239628410e+03
2.000000000000000000e+00 3.000000000000000000e+00 1.402087313227152845e+04
2.000000000000000000e+00 1.100000000000000000e+01 1.003677106388683023e+04
3.000000000000000000e+00 2.000000000000000000e+00 1.404476019425030245e+04
3.000000000000000000e+00 4.000000000000000000e+00 1.801684992924322796e+04
3.000000000000000000e+00 1.000000000000000000e+01 5.208814446578903699e+03
4.000000000000000000e+00 3.000000000000000000e+00 1.804059962452643595e+04
4.000000000000000000e+00 5.000000000000000000e+00 8.796868155676706010e+03
4.000000000000000000e+00 8.000000000000000000e+00 1.578672739636968436e+04
5.000000000000000000e+00 1.000000000000000000e+00 5.990924719251615898e+03
5.000000000000000000e+00 4.000000000000000000e+00 8.805020260491171939e+03
5.000000000000000000e+00 7.000000000000000000e+00 1.249208516794194475e+04
6.000000000000000000e+00 7.000000000000000000e+00 1.210324428051377799e+04
6.000000000000000000e+00 1.700000000000000000e+01 1.580190831758255445e+04
7.000000000000000000e+00 5.000000000000000000e+00 1.252375010835684952e+04
7.000000000000000000e+00 6.000000000000000000e+00 1.204218604192640487e+04
7.000000000000000000e+00 8.000000000000000000e+00 6.881465779040669986e+03
7.000000000000000000e+00 1.500000000000000000e+01 8.386002133386991773e+03
8.000000000000000000e+00 4.000000000000000000e+00 1.580232498683842095e+04
8.000000000000000000e+00 7.000000000000000000e+00 6.836034537367690064e+03
8.000000000000000000e+00 9.000000000000000000e+00 2.174839270038545510e+04
9.000000000000000000e+00 8.000000000000000000e+00 2.181855904918123997e+04
9.000000000000000000e+00 1.000000000000000000e+01 1.773024229336243297e+04
9.000000000000000000e+00 1.400000000000000000e+01 2.312860802992897152e+04
9.000000000000000000e+00 1.500000000000000000e+01 1.104574629669921524e+04
9.000000000000000000e+00 1.600000000000000000e+01 8.100434465534510309e+03
1.000000000000000000e+01 3.000000000000000000e+00 5.308951813274467895e+03
1.000000000000000000e+01 9.000000000000000000e+00 1.760567598775545048e+04
1.000000000000000000e+01 1.100000000000000000e+01 8.366024610104081148e+03
1.000000000000000000e+01 1.300000000000000000e+01 9.779327361332747387e+03
1.100000000000000000e+01 2.000000000000000000e+00 9.989371166307613748e+03
1.100000000000000000e+01 1.000000000000000000e+01 8.404090393845019207e+03
1.100000000000000000e+01 1.200000000000000000e+01 1.230317927975797647e+04
1.200000000000000000e+01 1.100000000000000000e+01 1.239384516591970169e+04
1.200000000000000000e+01 2.300000000000000000e+01 1.112012715011966066e+04
1.300000000000000000e+01 1.000000000000000000e+01 9.816832638680398304e+03
1.300000000000000000e+01 1.400000000000000000e+01 9.035611879336953280e+03
1.300000000000000000e+01 2.200000000000000000e+01 8.396976524064326441e+03
1.400000000000000000e+01 9.000000000000000000e+00 2.319681453060823696e+04
1.400000000000000000e+01 1.300000000000000000e+01 9.077284481603617678e+03
1.400000000000000000e+01 1.800000000000000000e+01 1.908528184829545353e+04
1.400000000000000000e+01 2.100000000000000000e+01 1.840519685790406584e+04
1.500000000000000000e+01 7.000000000000000000e+00 8.402040076887511532e+03
1.500000000000000000e+01 9.000000000000000000e+00 1.107270855083420065e+04
1.500000000000000000e+01 1.600000000000000000e+01 1.168957283391749843e+04
1.500000000000000000e+01 1.700000000000000000e+01 1.528688680829277109e+04
1.600000000000000000e+01 9.000000000000000000e+00 8.099998365122994983e+03
1.600000000000000000e+01 1.500000000000000000e+01 1.167475505029612759e+04
1.600000000000000000e+01 1.800000000000000000e+01 9.955421942735363700e+03
1.700000000000000000e+01 6.000000000000000000e+00 1.586296655616992757e+04
1.700000000000000000e+01 1.500000000000000000e+01 1.534470478954965620e+04
1.700000000000000000e+01 1.900000000000000000e+01 1.898686523109324116e+04
1.800000000000000000e+01 1.400000000000000000e+01 1.911994248657144635e+04
1.800000000000000000e+01 1.600000000000000000e+01 9.940168058702449343e+03
1.800000000000000000e+01 1.900000000000000000e+01 8.687393828426207619e+03
1.900000000000000000e+01 1.700000000000000000e+01 1.900574145093747211e+04
1.900000000000000000e+01 1.800000000000000000e+01 8.706800582669307914e+03
1.900000000000000000e+01 2.000000000000000000e+01 6.303805188904198076e+03
1.900000000000000000e+01 2.100000000000000000e+01 7.002921456861904517e+03
2.000000000000000000e+01 1.900000000000000000e+01 6.243428768942339957e+03
2.000000000000000000e+01 2.100000000000000000e+01 8.617818630472316727e+03
2.000000000000000000e+01 2.300000000000000000e+01 1.030661485864967653e+04
2.100000000000000000e+01 1.400000000000000000e+01 1.838041532257398649e+04
2.100000000000000000e+01 1.900000000000000000e+01 7.001580850911090238e+03
2.100000000000000000e+01 2.000000000000000000e+01 8.606902146342050401e+03
2.100000000000000000e+01 2.200000000000000000e+01 9.660423588939042020e+03
2.200000000000000000e+01 1.300000000000000000e+01 8.392809199145320235e+03
2.200000000000000000e+01 2.100000000000000000e+01 9.623384963527889340e+03
2.200000000000000000e+01 2.300000000000000000e+01 7.901430943537579878e+03
2.300000000000000000e+01 1.200000000000000000e+01 1.111079303628138223e+04
2.300000000000000000e+01 2.000000000000000000e+01 1.025715492281810111e+04
2.300000000000000000e+01 2.200000000000000000e+01 7.860224993207429179e+03
