0.000000000000000000e+00 1.000000000000000000e+00 4.543517201642764121e+03
0.000000000000000000e+00 2.000000000000000000e+00 8.131302300774888863e+03
1.000000000000000000e+00 0.000000000000000000e+00 4.531807647564373838e+03
1.000000000000000000e+00 5.000000000000000000e+00 5.990627208566040281e+03
2.000000000000000000e+00 0.000000000000000000e+00 8.143011854853281875e+03
2.000000000000000000e+00 3.000000000000000000e+00 1.403192465285322760e+04
2.000000000000000000e+00 1.100000000000000000e+01 1.004355490872472910e+04
3.000000000000000000e+00 2.000000000000000000e+00 1.406363972203885351e+04
3.000000000000000000e+00 4.000000000000000000e+00 1.803187058747464107e+04
3.000000000000000000e+00 1.000000000000000000e+01 5.208724565359433655e+03
4.000000000000000000e+00 3.000000000000000000e+00 1.806365884311324771e+04
4.000000000000000000e+00 5.000000000000000000e+00 8.804696003897222909e+03
4.000000000000000000e+00 8.000000000000000000e+00 1.576969685638041483e+04
5.000000000000000000e+00 1.000000000000000000e+00 5.978917654487654545e+03
5.000000000000000000e+00 4.000000000000000000e+00 8.797430119382901466e+03
5.000000000000000000e+00 7.000000000000000000e+00 1.254792978772872993e+04
6.000000000000000000e+00 7.000000000000000000e+00 1.210185582426028486e+04
6.000000000000000000e+00 1.700000000000000000e+01 1.619502000327744827e+04
7.000000000000000000e+00 5.000000000000000000e+00 1.252895434913601821e+04
7.000000000000000000e+00 6.000000000000000000e+00 1.240280536708124237e+04
7.000000000000000000e+00 8.000000000000000000e+00 6.873017608022573768e+03
7.000000000000000000e+00 1.500000000000000000e+01 8.167921313533837747e+03
8.000000000000000000e+00 4.000000000000000000e+00 1.580875099653333018e+04
8.000000000000000000e+00 7.000000000000000000e+00 6.922721333664438134e+03
8.000000000000000000e+00 9.000000000000000000e+00 2.164344683338844334e+04
9.000000000000000000e+00 8.000000000000000000e+00 2.183220469918323579e+04
9.000000000000000000e+00 1.000000000000000000e+01 1.771791760442674058e+04
9.000000000000000000e+00 1.400000000000000000e+01 2.306880682906154107e+04
9.000000000000000000e+00 1.500000000000000000e+01 1.100264569978724103e+04
9.000000000000000000e+00 1.600000000000000000e+01 8.100566359300014483e+03
1.000000000000000000e+01 3.000000000000000000e+00 5.308651378906456557e+03
1.000000000000000000e+01 9.000000000000000000e+00 1.759458881939865387e+04
1.000000000000000000e+01 1.100000000000000000e+01 8.373834175172327377e+03
1.000000000000000000e+01 1.300000000000000000e+01 9.759561038692534567e+03
1.100000000000000000e+01 2.000000000000000000e+00 1.002354939361749348e+04
1.100000000000000000e+01 1.000000000000000000e+01 8.387773966417616975e+03
1.100000000000000000e+01 1.200000000000000000e+01 1.231805228773082126e+04
1.200000000000000000e+01 1.100000000000000000e+01 1.241198656386889343e+04
1.200000000000000000e+01 2.300000000000000000e+01 1.110039446091782884e+04
1.300000000000000000e+01 1.000000000000000000e+01 9.822219275966170244e+03
1.300000000000000000e+01 1.400000000000000000e+01 9.026558829736326516e+03
1.300000000000000000e+01 2.200000000000000000e+01 8.377483264646383759e+03
1.400000000000000000e+01 9.000000000000000000e+00 2.321385869520905180e+04
1.400000000000000000e+01 1.300000000000000000e+01 9.077936087302447049e+03
1.400000000000000000e+01 1.800000000000000000e+01 1.899295079598568555e+04
1.400000000000000000e+01 2.100000000000000000e+01 1.837243049354589675e+04
1.500000000000000000e+01 7.000000000000000000e+00 8.400191692120224616e+03
1.500000000000000000e+01 9.000000000000000000e+00 1.106951962495785665e+04
1.500000000000000000e+01 1.600000000000000000e+01 1.166810655151090032e+04
1.500000000000000000e+01 1.700000000000000000e+01 1.540195595805968878e+04
1.600000000000000000e+01 9.000000000000000000e+00 8.100727218804734548e+03
1.600000000000000000e+01 1.500000000000000000e+01 1.163449350546998539e+04
1.600000000000000000e+01 1.800000000000000000e+01 9.970968140884266177e+03
1.700000000000000000e+01 6.000000000000000000e+00 1.589407046045649076e+04
1.700000000000000000e+01 1.500000000000000000e+01 1.573471330785762257e+04
1.700000000000000000e+01 1.900000000000000000e+01 1.910367555872107914e+04
1.800000000000000000e+01 1.400000000000000000e+01 1.909023703416225544e+04
1.800000000000000000e+01 1.600000000000000000e+01 9.937515954348053128e+03
1.800000000000000000e+01 1.900000000000000000e+01 8.631131569284294528e+03
1.900000000000000000e+01 1.700000000000000000e+01 1.903548336569805906e+04
1.900000000000000000e+01 1.800000000000000000e+01 8.694965620924645918e+03
1.900000000000000000e+01 2.000000000000000000e+01 6.340008361620491996e+03
1.900000000000000000e+01 2.100000000000000000e+01 7.001889775813138840e+03
2.000000000000000000e+01 1.900000000000000000e+01 6.234923003177523242e+03
2.000000000000000000e+01 2.100000000000000000e+01 8.615780048248914682e+03
2.000000000000000000e+01 2.300000000000000000e+01 1.031032782917684017e+04
2.100000000000000000e+01 1.400000000000000000e+01 1.837157337908299087e+04
2.100000000000000000e+01 1.900000000000000000e+01 7.002616992873438903e+03
2.100000000000000000e+01 2.000000000000000000e+01 8.574848499589241328e+03
2.100000000000000000e+01 2.200000000000000000e+01 9.656723144217679874e+03
2.200000000000000000e+01 1.300000000000000000e+01 8.388764244353898903e+03
2.200000000000000000e+01 2.100000000000000000e+01 9.615661698155396152e+03
2.200000000000000000e+01 2.300000000000000000e+01 7.881011411515017244e+03
2.300000000000000000e+01 1.200000000000000000e+01 1.109432873705590100e+04
2.300000000000000000e+01 2.000000000000000000e+01 1.024617401939355477e+04
2.300000000000000000e+01 2.200000000000000000e+01 7.851230945160246847e+03
