0.000000000000000000e+00 1.000000000000000000e+00 4.495875246188090387e+03
0.000000000000000000e+00 2.000000000000000000e+00 8.118110434285875272e+03
1.000000000000000000e+00 0.000000000000000000e+00 4.518681334892779887e+03
1.000000000000000000e+00 5.000000000000000000e+00 5.967857384387954880e+03
2.000000000000000000e+00 0.000000000000000000e+00 8.095304345581187590e+03
2.000000000000000000e+00 3.000000000000000000e+00 1.401888110575609062e+04
2.000000000000000000e+00 1.100000000000000000e+01 1.003825560627641971e+04
3.000000000000000000e+00 2.000000000000000000e+00 1.404619888176994755e+04
3.000000000000000000e+00 4.000000000000000000e+00 1.801630565353404018e+04
3.000000000000000000e+00 1.000000000000000000e+01 5.209703482025747689e+03
4.000000000000000000e+00 3.000000000000000000e+00 1.804501653572458235e+04
4.000000000000000000e+00 5.000000000000000000e+00 8.796756954351898457e+03
4.000000000000000000e+00 8.000000000000000000e+00 1.578542032151891726e+04
5.000000000000000000e+00 1.000000000000000000e+00 5.990663473092640743e+03
5.000000000000000000e+00 4.000000000000000000e+00 8.805185540297765328e+03
5.000000000000000000e+00 7.000000000000000000e+00 1.249246968739912700e+04
6.000000000000000000e+00 7.000000000000000000e+00 1.210075363303762424e+04
6.000000000000000000e+00 1.700000000000000000e+01 1.580033168383295924e+04
7.000000000000000000e+00 5.000000000000000000e+00 1.252370436204968064e+04
7.000000000000000000e+00 6.000000000000000000e+00 1.204309464589019990e+04
7.000000000000000000e+00 8.000000000000000000e+00 6.883085682491718217e+03
7.000000000000000000e+00 1.500000000000000000e+01 8.384615742017091179e+03
8.000000000000000000e+00 4.000000000000000000e+00 1.580570261776360167e+04
8.000000000000000000e+00 7.000000000000000000e+00 6.835187417902900052e+03
8.000000000000000000e+00 9.000000000000000000e+00 2.175000071544422099e+04
9.000000000000000000e+00 8.000000000000000000e+00 2.182238474710010996e+04
9.000000000000000000e+00 1.000000000000000000e+01 1.772914423337081826e+04
9.000000000000000000e+00 1.400000000000000000e+01 2.313052603416813872e+04
9.000000000000000000e+00 1.500000000000000000e+01 1.104564782474510321e+04
9.000000000000000000e+00 1.600000000000000000e+01 8.100217139169612892e+03
1.000000000000000000e+01 3.000000000000000000e+00 5.308310375849072443e+03
1.000000000000000000e+01 9.000000000000000000e+00 1.760814605355128879e+04
1.000000000000000000e+01 1.100000000000000000e+01 8.364474048408623275e+03
1.000000000000000000e+01 1.300000000000000000e+01 9.779105841528817109e+03
1.100000000000000000e+01 2.000000000000000000e+00 9.988131741557876012e+03
1.100000000000000000e+01 1.000000000000000000e+01 8.406213373075810523e+03
1.100000000000000000e+01 1.200000000000000000e+01 1.230241373726962593e+04
1.200000000000000000e+01 1.100000000000000000e+01 1.239402919721827493e+04
1.200000000000000000e+01 2.300000000000000000e+01 1.111940661616652324e+04
1.300000000000000000e+01 1.000000000000000000e+01 9.814975230865396952e+03
1.300000000000000000e+01 1.400000000000000000e+01 9.034891364490855267e+03
1.300000000000000000e+01 2.200000000000000000e+01 8.398447235892663230e+03
1.400000000000000000e+01 9.000000000000000000e+00 2.319807177434731420e+04
1.400000000000000000e+01 1.300000000000000000e+01 9.077388017085173487e+03
1.400000000000000000e+01 1.800000000000000000e+01 1.908572184898739579e+04
1.400000000000000000e+01 2.100000000000000000e+01 1.840275496012714939e+04
1.500000000000000000e+01 7.000000000000000000e+00 8.406089694109037737e+03
1.500000000000000000e+01 9.000000000000000000e+00 1.107122785806074171e+04
1.500000000000000000e+01 1.600000000000000000e+01 1.168724011250559306e+04
1.500000000000000000e+01 1.700000000000000000e+01 1.528525967384639443e+04
1.600000000000000000e+01 9.000000000000000000e+00 8.100473577150221900e+03
1.600000000000000000e+01 1.500000000000000000e+01 1.167708793649544714e+04
1.600000000000000000e+01 1.800000000000000000e+01 9.951681565380187749e+03
1.700000000000000000e+01 6.000000000000000000e+00 1.585799067098038176e+04
1.700000000000000000e+01 1.500000000000000000e+01 1.534246583526410359e+04
1.700000000000000000e+01 1.900000000000000000e+01 1.898818053559321197e+04
1.800000000000000000e+01 1.400000000000000000e+01 1.911697204210105701e+04
1.800000000000000000e+01 1.600000000000000000e+01 9.941785827350637192e+03
1.800000000000000000e+01 1.900000000000000000e+01 8.685983919115700701e+03
1.900000000000000000e+01 1.700000000000000000e+01 1.900304568415836184e+04
1.900000000000000000e+01 1.800000000000000000e+01 8.707338374199816826e+03
1.900000000000000000e+01 2.000000000000000000e+01 6.304841568568296680e+03
1.900000000000000000e+01 2.100000000000000000e+01 7.004015806293266905e+03
2.000000000000000000e+01 1.900000000000000000e+01 6.242129603002554177e+03
2.000000000000000000e+01 2.100000000000000000e+01 8.618828591191440864e+03
2.000000000000000000e+01 2.300000000000000000e+01 1.030422951868566452e+04
2.100000000000000000e+01 1.400000000000000000e+01 1.838154715978697277e+04
2.100000000000000000e+01 1.900000000000000000e+01 7.002947375508279947e+03
2.100000000000000000e+01 2.000000000000000000e+01 8.604509949341610991e+03
2.100000000000000000e+01 2.200000000000000000e+01 9.660442676663820748e+03
2.200000000000000000e+01 1.300000000000000000e+01 8.391819972634933947e+03
2.200000000000000000e+01 2.100000000000000000e+01 9.623847803688822751e+03
2.200000000000000000e+01 2.300000000000000000e+01 7.902460908165467117e+03
2.300000000000000000e+01 1.200000000000000000e+01 1.111102207611517042e+04
2.300000000000000000e+01 2.000000000000000000e+01 1.025583619496975007e+04
2.300000000000000000e+01 2.200000000000000000e+01 7.859238771932727104e+03
