i	j	o11d7l8
0	1	 4497.16
0	2	 8119.47
1	0	 4520.19
1	5	 5969.17
2	0	 8096.44
2	3	14017.23
2	11	10037.26
3	2	14041.95
3	4	18014.09
3	10	 5209.03
4	3	18041.49
4	5	 8795.08
4	8	15786.09
5	1	 5992.20
5	4	 8805.65
5	7	12492.04
6	7	12103.42
6	17	15798.13
7	5	12525.65
7	6	12041.96
7	8	 6881.13
7	15	 8386.78
8	4	15802.92
8	7	 6836.46
8	9	21746.63
9	8	21818.78
9	10	17726.84
9	14	23128.15
9	15	11047.43
9	16	 8100.11
10	3	 5306.36
10	9	17606.12
10	11	 8366.92
10	13	 9778.02
11	2	 9989.50
11	10	 8405.40
11	12	12303.83
12	11	12394.55
12	23	11119.99
13	10	 9816.14
13	14	 9037.07
13	22	 8396.46
14	9	23195.43
14	13	 9079.70
14	18	19084.53
14	21	18405.48
15	7	 8403.61
15	9	11072.60
15	16	11687.97
15	17	15289.04
16	9	 8100.52
16	15	11677.12
16	18	 9952.48
17	6	15859.58
17	15	15341.90
17	19	18987.80
18	14	19118.29
18	16	 9942.04
18	19	 8684.77
19	17	19002.11
19	18	 8708.10
19	20	 6305.22
19	21	 7000.63
20	19	 6241.80
20	21	 8620.08
20	23	10307.29
21	14	18381.63
21	19	 7001.69
21	20	 8606.68
21	22	 9658.15
22	13	 8391.95
22	21	 9621.96
22	23	 7901.41
23	12	11110.71
23	20	10257.27
23	22	 7860.71
