0.000000000000000000e+00 1.000000000000000000e+00 4.493972636886927830e+03
0.000000000000000000e+00 2.000000000000000000e+00 8.118217751569645770e+03
1.000000000000000000e+00 0.000000000000000000e+00 4.519740200353693581e+03
1.000000000000000000e+00 5.000000000000000000e+00 5.965644560945755074e+03
2.000000000000000000e+00 0.000000000000000000e+00 8.092450188102860011e+03
2.000000000000000000e+00 3.000000000000000000e+00 1.402322445588512710e+04
2.000000000000000000e+00 1.100000000000000000e+01 1.003608610542999486e+04
3.000000000000000000e+00 2.000000000000000000e+00 1.404358826530236729e+04
3.000000000000000000e+00 4.000000000000000000e+00 1.801964518493159994e+04
3.000000000000000000e+00 1.000000000000000000e+01 5.212340475504463029e+03
4.000000000000000000e+00 3.000000000000000000e+00 1.804479516276909635e+04
4.000000000000000000e+00 5.000000000000000000e+00 8.796937010285795623e+03
4.000000000000000000e+00 8.000000000000000000e+00 1.578855884178595988e+04
5.000000000000000000e+00 1.000000000000000000e+00 5.991412124412524463e+03
5.000000000000000000e+00 4.000000000000000000e+00 8.806074584315496395e+03
5.000000000000000000e+00 7.000000000000000000e+00 1.249038655510654098e+04
6.000000000000000000e+00 7.000000000000000000e+00 1.210260226419850551e+04
6.000000000000000000e+00 1.700000000000000000e+01 1.580027567023916345e+04
7.000000000000000000e+00 5.000000000000000000e+00 1.252529169260300478e+04
7.000000000000000000e+00 6.000000000000000000e+00 1.204202179224670363e+04
7.000000000000000000e+00 8.000000000000000000e+00 6.879977668286382141e+03
7.000000000000000000e+00 1.500000000000000000e+01 8.384869660482543622e+03
8.000000000000000000e+00 4.000000000000000000e+00 1.580457124559376643e+04
8.000000000000000000e+00 7.000000000000000000e+00 6.836484146454884467e+03
8.000000000000000000e+00 9.000000000000000000e+00 2.175087864107908536e+04
9.000000000000000000e+00 8.000000000000000000e+00 2.182339752305540242e+04
9.000000000000000000e+00 1.000000000000000000e+01 1.772792427736225000e+04
9.000000000000000000e+00 1.400000000000000000e+01 2.312941324349369825e+04
9.000000000000000000e+00 1.500000000000000000e+01 1.104690592023310637e+04
9.000000000000000000e+00 1.600000000000000000e+01 8.100450147178486077e+03
1.000000000000000000e+01 3.000000000000000000e+00 5.307554307084204993e+03
1.000000000000000000e+01 9.000000000000000000e+00 1.760597526552957788e+04
1.000000000000000000e+01 1.100000000000000000e+01 8.366331053299412815e+03
1.000000000000000000e+01 1.300000000000000000e+01 9.779578971562610604e+03
1.100000000000000000e+01 2.000000000000000000e+00 9.989954732545982552e+03
1.100000000000000000e+01 1.000000000000000000e+01 8.403839613519483464e+03
1.100000000000000000e+01 1.200000000000000000e+01 1.230447069343907788e+04
1.200000000000000000e+01 1.100000000000000000e+01 1.239584788077513986e+04
1.200000000000000000e+01 2.300000000000000000e+01 1.111937312727522112e+04
1.300000000000000000e+01 1.000000000000000000e+01 9.815335231089597073e+03
1.300000000000000000e+01 1.400000000000000000e+01 9.035471782276097656e+03
1.300000000000000000e+01 2.200000000000000000e+01 8.398243413074824275e+03
1.400000000000000000e+01 9.000000000000000000e+00 2.319916309822311814e+04
1.400000000000000000e+01 1.300000000000000000e+01 9.078884791953007152e+03
1.400000000000000000e+01 1.800000000000000000e+01 1.908568410059968664e+04
1.400000000000000000e+01 2.100000000000000000e+01 1.840283804358311681e+04
1.500000000000000000e+01 7.000000000000000000e+00 8.402687847858720488e+03
1.500000000000000000e+01 9.000000000000000000e+00 1.107190686720823214e+04
1.500000000000000000e+01 1.600000000000000000e+01 1.168876680599578867e+04
1.500000000000000000e+01 1.700000000000000000e+01 1.529115256949796822e+04
1.600000000000000000e+01 9.000000000000000000e+00 8.100167239282922310e+03
1.600000000000000000e+01 1.500000000000000000e+01 1.167654198539646495e+04
1.600000000000000000e+01 1.800000000000000000e+01 9.952305232743074157e+03
1.700000000000000000e+01 6.000000000000000000e+00 1.586085614219096351e+04
1.700000000000000000e+01 1.500000000000000000e+01 1.534619652444860731e+04
1.700000000000000000e+01 1.900000000000000000e+01 1.899143052182535030e+04
1.800000000000000000e+01 1.400000000000000000e+01 1.912115624209548696e+04
1.800000000000000000e+01 1.600000000000000000e+01 9.939797504248195764e+03
1.800000000000000000e+01 1.900000000000000000e+01 8.684063708703291923e+03
1.900000000000000000e+01 1.700000000000000000e+01 1.900705494872779673e+04
1.900000000000000000e+01 1.800000000000000000e+01 8.707028121704215664e+03
1.900000000000000000e+01 2.000000000000000000e+01 6.302759392368904628e+03
1.900000000000000000e+01 2.100000000000000000e+01 7.002902392944786698e+03
2.000000000000000000e+01 1.900000000000000000e+01 6.242215451226476944e+03
2.000000000000000000e+01 2.100000000000000000e+01 8.617942310169202756e+03
2.000000000000000000e+01 2.300000000000000000e+01 1.030556589024013920e+04
2.100000000000000000e+01 1.400000000000000000e+01 1.838052876649362588e+04
2.100000000000000000e+01 1.900000000000000000e+01 7.002035173990562726e+03
2.100000000000000000e+01 2.000000000000000000e+01 8.605939210029247988e+03
2.100000000000000000e+01 2.200000000000000000e+01 9.658348123557207145e+03
2.200000000000000000e+01 1.300000000000000000e+01 8.390586662924903067e+03
2.200000000000000000e+01 2.100000000000000000e+01 9.623168527373545658e+03
2.200000000000000000e+01 2.300000000000000000e+01 7.901236978604649266e+03
2.300000000000000000e+01 1.200000000000000000e+01 1.111075031461128856e+04
2.300000000000000000e+01 2.000000000000000000e+01 1.025702504923766901e+04
2.300000000000000000e+01 2.200000000000000000e+01 7.858400632271064751e+03
