i	j	o23d8l37
0	1	 4485.92
0	2	 8118.41
1	0	 4519.27
1	5	 5952.27
2	0	 8085.05
2	3	13929.71
2	11	 9969.39
3	2	13982.82
3	4	17927.86
3	10	 5210.81
4	3	17984.13
4	5	 8794.67
4	8	15691.18
5	1	 5985.62
5	4	 8805.25
5	7	12480.96
6	7	12122.76
6	17	15823.16
7	5	12524.89
7	6	12047.48
7	8	 6907.03
7	15	 8389.76
8	4	15736.87
8	7	 6856.22
8	9	21830.25
9	8	21925.13
9	10	17753.32
9	14	23164.51
9	15	11050.91
9	16	 8100.79
10	3	 5307.66
10	9	17632.18
10	11	 8343.80
10	13	 9785.87
11	2	 9882.93
11	10	 8369.58
11	12	12214.08
12	11	12253.39
12	23	11063.04
13	10	 9835.80
13	14	 9055.15
13	22	 8417.04
14	9	23251.50
14	13	 9092.27
14	18	19026.67
14	21	18446.39
15	7	 8409.23
15	9	11080.18
15	16	11686.16
15	17	15336.88
16	9	 8100.54
16	15	11674.41
16	18	 9954.67
17	6	15898.43
17	15	15397.37
17	19	19017.59
18	14	19058.41
18	16	 9942.67
18	19	 8684.84
19	17	19053.36
19	18	 8704.57
19	20	 6330.29
19	21	 7003.18
20	19	 6287.97
20	21	 8614.37
20	23	10328.87
21	14	18438.76
21	19	 7001.00
21	20	 8602.53
21	22	 9664.37
22	13	 8429.86
22	21	 9642.72
22	23	 7968.99
23	12	11002.35
23	20	10298.39
23	22	 7960.16
