0.000000000000000000e+00 1.000000000000000000e+00 4.496165358865544476e+03
0.000000000000000000e+00 2.000000000000000000e+00 8.122980815256093592e+03
1.000000000000000000e+00 0.000000000000000000e+00 4.523606575306611376e+03
1.000000000000000000e+00 5.000000000000000000e+00 5.966961051044619126e+03
2.000000000000000000e+00 0.000000000000000000e+00 8.095539598815023965e+03
2.000000000000000000e+00 3.000000000000000000e+00 1.401792965327575075e+04
2.000000000000000000e+00 1.100000000000000000e+01 1.003311818635959571e+04
3.000000000000000000e+00 2.000000000000000000e+00 1.403765417724041799e+04
3.000000000000000000e+00 4.000000000000000000e+00 1.801722339678836215e+04
3.000000000000000000e+00 1.000000000000000000e+01 5.210116957756017655e+03
4.000000000000000000e+00 3.000000000000000000e+00 1.803840704408286911e+04
4.000000000000000000e+00 5.000000000000000000e+00 8.796475963179982500e+03
4.000000000000000000e+00 8.000000000000000000e+00 1.578508816019717960e+04
5.000000000000000000e+00 1.000000000000000000e+00 5.994402267485684206e+03
5.000000000000000000e+00 4.000000000000000000e+00 8.803004914250763250e+03
5.000000000000000000e+00 7.000000000000000000e+00 1.249294118765988605e+04
6.000000000000000000e+00 7.000000000000000000e+00 1.210470544863391115e+04
6.000000000000000000e+00 1.700000000000000000e+01 1.580240417265764336e+04
7.000000000000000000e+00 5.000000000000000000e+00 1.252691135517173461e+04
7.000000000000000000e+00 6.000000000000000000e+00 1.204394412232738250e+04
7.000000000000000000e+00 8.000000000000000000e+00 6.879215760501419936e+03
7.000000000000000000e+00 1.500000000000000000e+01 8.384683883344259812e+03
8.000000000000000000e+00 4.000000000000000000e+00 1.579974285642090399e+04
8.000000000000000000e+00 7.000000000000000000e+00 6.835274927663852395e+03
8.000000000000000000e+00 9.000000000000000000e+00 2.174893469576902862e+04
9.000000000000000000e+00 8.000000000000000000e+00 2.181964855915520820e+04
9.000000000000000000e+00 1.000000000000000000e+01 1.773086052014744200e+04
9.000000000000000000e+00 1.400000000000000000e+01 2.312907336297097936e+04
9.000000000000000000e+00 1.500000000000000000e+01 1.104623809251586317e+04
9.000000000000000000e+00 1.600000000000000000e+01 8.100374195912142568e+03
1.000000000000000000e+01 3.000000000000000000e+00 5.308657834426183399e+03
1.000000000000000000e+01 9.000000000000000000e+00 1.760665710778079301e+04
1.000000000000000000e+01 1.100000000000000000e+01 8.367331302921458700e+03
1.000000000000000000e+01 1.300000000000000000e+01 9.779319433903092431e+03
1.100000000000000000e+01 2.000000000000000000e+00 9.985952445953858842e+03
1.100000000000000000e+01 1.000000000000000000e+01 8.406493723180634333e+03
1.100000000000000000e+01 1.200000000000000000e+01 1.230196650586332544e+04
1.200000000000000000e+01 1.100000000000000000e+01 1.239396318571676784e+04
1.200000000000000000e+01 2.300000000000000000e+01 1.111937943303503926e+04
1.300000000000000000e+01 1.000000000000000000e+01 9.814494477947440828e+03
1.300000000000000000e+01 1.400000000000000000e+01 9.036158420447043682e+03
1.300000000000000000e+01 2.200000000000000000e+01 8.399179764945170973e+03
1.400000000000000000e+01 9.000000000000000000e+00 2.319766631288179997e+04
1.400000000000000000e+01 1.300000000000000000e+01 9.078916877276864398e+03
1.400000000000000000e+01 1.800000000000000000e+01 1.908652909428072599e+04
1.400000000000000000e+01 2.100000000000000000e+01 1.840318981670884750e+04
1.500000000000000000e+01 7.000000000000000000e+00 8.401833557387140900e+03
1.500000000000000000e+01 9.000000000000000000e+00 1.107252912508018198e+04
1.500000000000000000e+01 1.600000000000000000e+01 1.168776123524378090e+04
1.500000000000000000e+01 1.700000000000000000e+01 1.528686052353113701e+04
1.600000000000000000e+01 9.000000000000000000e+00 8.100407489189782609e+03
1.600000000000000000e+01 1.500000000000000000e+01 1.167718740300940954e+04
1.600000000000000000e+01 1.800000000000000000e+01 9.953087966715916991e+03
1.700000000000000000e+01 6.000000000000000000e+00 1.586316549896417200e+04
1.700000000000000000e+01 1.500000000000000000e+01 1.534087506237271737e+04
1.700000000000000000e+01 1.900000000000000000e+01 1.899019431904008889e+04
1.800000000000000000e+01 1.400000000000000000e+01 1.911890357777588724e+04
1.800000000000000000e+01 1.600000000000000000e+01 9.942547427759189304e+03
1.800000000000000000e+01 1.900000000000000000e+01 8.683856405384023674e+03
1.900000000000000000e+01 1.700000000000000000e+01 1.900497018418822336e+04
1.900000000000000000e+01 1.800000000000000000e+01 8.705690349922437235e+03
1.900000000000000000e+01 2.000000000000000000e+01 6.303199360940860061e+03
1.900000000000000000e+01 2.100000000000000000e+01 7.003983221592211521e+03
2.000000000000000000e+01 1.900000000000000000e+01 6.241920243703522829e+03
2.000000000000000000e+01 2.100000000000000000e+01 8.616916627463107943e+03
2.000000000000000000e+01 2.300000000000000000e+01 1.030616896000939414e+04
2.100000000000000000e+01 1.400000000000000000e+01 1.838216673995434030e+04
2.100000000000000000e+01 1.900000000000000000e+01 7.001872148516098605e+03
2.100000000000000000e+01 2.000000000000000000e+01 8.605518460867511749e+03
2.100000000000000000e+01 2.200000000000000000e+01 9.657823560903385442e+03
2.200000000000000000e+01 1.300000000000000000e+01 8.391596352159682283e+03
2.200000000000000000e+01 2.100000000000000000e+01 9.623291244477159125e+03
2.200000000000000000e+01 2.300000000000000000e+01 7.902877215784325017e+03
2.300000000000000000e+01 1.200000000000000000e+01 1.111137611288848348e+04
2.300000000000000000e+01 2.000000000000000000e+01 1.025628800936766856e+04
2.300000000000000000e+01 2.200000000000000000e+01 7.860761486572614558e+03
