i	j	o0d12l1
0	1	 4989.07
0	2	 8112.92
1	0	 5013.36
1	5	 6029.75
2	0	 8088.63
2	3	14444.53
2	11	10022.01
3	2	14466.60
3	4	18441.16
3	10	 5207.64
4	3	18464.14
4	5	 8797.07
4	8	15779.42
5	1	 6054.05
5	4	 8806.10
5	7	12486.51
6	7	12098.95
6	17	15804.75
7	5	12519.83
7	6	12040.81
7	8	 6881.94
7	15	 8384.60
8	4	15793.37
8	7	 6838.36
8	9	21740.62
9	8	21810.99
9	10	17733.05
9	14	23129.64
9	15	11044.61
9	16	 8100.65
10	3	 5306.72
10	9	17610.15
10	11	 8374.96
10	13	 9776.67
11	2	 9975.65
11	10	 8412.54
11	12	12298.16
12	11	12389.37
12	23	11126.03
13	10	 9815.28
13	14	 9038.89
13	22	 8398.27
14	9	23196.31
14	13	 9082.63
14	18	19087.82
14	21	18405.56
15	7	 8403.36
15	9	11071.36
15	16	11688.47
15	17	15283.17
16	9	 8100.50
16	15	11677.50
16	18	 9953.11
17	6	15862.89
17	15	15339.65
17	19	18991.25
18	14	19119.98
18	16	 9941.99
18	19	 8685.15
19	17	19005.88
19	18	 8706.20
19	20	 6308.69
19	21	 7002.59
20	19	 6245.12
20	21	 8620.78
20	23	10308.45
21	14	18383.81
21	19	 7001.83
21	20	 8606.46
21	22	 9663.28
22	13	 8393.13
22	21	 9626.45
22	23	 7904.28
23	12	11117.24
23	20	10259.20
23	22	 7862.32
