0.000000000000000000e+00 1.000000000000000000e+00 4.494037132536818717e+03
0.000000000000000000e+00 2.000000000000000000e+00 8.119156070365484084e+03
1.000000000000000000e+00 0.000000000000000000e+00 4.519777771375529483e+03
1.000000000000000000e+00 5.000000000000000000e+00 5.965994327820509170e+03
2.000000000000000000e+00 0.000000000000000000e+00 8.093415431526762404e+03
2.000000000000000000e+00 3.000000000000000000e+00 1.401969798148848531e+04
2.000000000000000000e+00 1.100000000000000000e+01 1.003709944014506254e+04
3.000000000000000000e+00 2.000000000000000000e+00 1.404383460846574962e+04
3.000000000000000000e+00 4.000000000000000000e+00 1.801841033335543398e+04
3.000000000000000000e+00 1.000000000000000000e+01 5.206407922707140642e+03
4.000000000000000000e+00 3.000000000000000000e+00 1.804217165445534920e+04
4.000000000000000000e+00 5.000000000000000000e+00 8.797521811969512783e+03
4.000000000000000000e+00 8.000000000000000000e+00 1.578690875640869126e+04
5.000000000000000000e+00 1.000000000000000000e+00 5.991734966659220845e+03
5.000000000000000000e+00 4.000000000000000000e+00 8.805106684355992911e+03
5.000000000000000000e+00 7.000000000000000000e+00 1.249132936673683071e+04
6.000000000000000000e+00 7.000000000000000000e+00 1.210286967909672239e+04
6.000000000000000000e+00 1.700000000000000000e+01 1.580126455510695087e+04
7.000000000000000000e+00 5.000000000000000000e+00 1.252465487796203161e+04
7.000000000000000000e+00 6.000000000000000000e+00 1.204381736789479510e+04
7.000000000000000000e+00 8.000000000000000000e+00 6.882337166732825608e+03
7.000000000000000000e+00 1.500000000000000000e+01 8.385184124367187906e+03
8.000000000000000000e+00 4.000000000000000000e+00 1.580308520512212453e+04
8.000000000000000000e+00 7.000000000000000000e+00 6.837580652187484702e+03
8.000000000000000000e+00 9.000000000000000000e+00 2.175063171833230444e+04
9.000000000000000000e+00 8.000000000000000000e+00 2.182205165250038772e+04
9.000000000000000000e+00 1.000000000000000000e+01 1.772839846549961294e+04
9.000000000000000000e+00 1.400000000000000000e+01 2.312906430010161057e+04
9.000000000000000000e+00 1.500000000000000000e+01 1.104506575762972352e+04
9.000000000000000000e+00 1.600000000000000000e+01 8.101151708153655818e+03
1.000000000000000000e+01 3.000000000000000000e+00 5.306783228584484277e+03
1.000000000000000000e+01 9.000000000000000000e+00 1.760537000136335337e+04
1.000000000000000000e+01 1.100000000000000000e+01 8.364556525731564761e+03
1.000000000000000000e+01 1.300000000000000000e+01 9.777436015474071610e+03
1.100000000000000000e+01 2.000000000000000000e+00 9.987222174329066547e+03
1.100000000000000000e+01 1.000000000000000000e+01 8.404674156219960423e+03
1.100000000000000000e+01 1.200000000000000000e+01 1.230151147228187438e+04
1.200000000000000000e+01 1.100000000000000000e+01 1.239175183695428677e+04
1.200000000000000000e+01 2.300000000000000000e+01 1.112046921090315300e+04
1.300000000000000000e+01 1.000000000000000000e+01 9.814665226726785477e+03
1.300000000000000000e+01 1.400000000000000000e+01 9.035802172703608449e+03
1.300000000000000000e+01 2.200000000000000000e+01 8.397016935625126280e+03
1.400000000000000000e+01 9.000000000000000000e+00 2.319619229789209930e+04
1.400000000000000000e+01 1.300000000000000000e+01 9.076994149094183740e+03
1.400000000000000000e+01 1.800000000000000000e+01 1.908245905620948179e+04
1.400000000000000000e+01 2.100000000000000000e+01 1.840456249907982055e+04
1.500000000000000000e+01 7.000000000000000000e+00 8.404213838935826061e+03
1.500000000000000000e+01 9.000000000000000000e+00 1.107166837350020432e+04
1.500000000000000000e+01 1.600000000000000000e+01 1.168801351621054891e+04
1.500000000000000000e+01 1.700000000000000000e+01 1.529081669195936956e+04
1.600000000000000000e+01 9.000000000000000000e+00 8.101869492797020030e+03
1.600000000000000000e+01 1.500000000000000000e+01 1.167809536030777599e+04
1.600000000000000000e+01 1.800000000000000000e+01 9.951564726489548775e+03
1.700000000000000000e+01 6.000000000000000000e+00 1.586031686630886907e+04
1.700000000000000000e+01 1.500000000000000000e+01 1.534636717830127600e+04
1.700000000000000000e+01 1.900000000000000000e+01 1.899231867634342780e+04
1.800000000000000000e+01 1.400000000000000000e+01 1.911448922182329261e+04
1.800000000000000000e+01 1.600000000000000000e+01 9.942364355230169167e+03
1.800000000000000000e+01 1.900000000000000000e+01 8.683906296702860345e+03
1.900000000000000000e+01 1.700000000000000000e+01 1.900692147388723970e+04
1.900000000000000000e+01 1.800000000000000000e+01 8.706736091057280646e+03
1.900000000000000000e+01 2.000000000000000000e+01 6.305992821302396806e+03
1.900000000000000000e+01 2.100000000000000000e+01 7.002790343657447011e+03
2.000000000000000000e+01 1.900000000000000000e+01 6.243925362886764560e+03
2.000000000000000000e+01 2.100000000000000000e+01 8.618091786324961504e+03
2.000000000000000000e+01 2.300000000000000000e+01 1.030793465552290218e+04
2.100000000000000000e+01 1.400000000000000000e+01 1.838085230764707376e+04
2.100000000000000000e+01 1.900000000000000000e+01 7.002290393971301455e+03
2.100000000000000000e+01 2.000000000000000000e+01 8.606799059144619605e+03
2.100000000000000000e+01 2.200000000000000000e+01 9.659580675966317358e+03
2.200000000000000000e+01 1.300000000000000000e+01 8.393054170487255760e+03
2.200000000000000000e+01 2.100000000000000000e+01 9.624077807667072193e+03
2.200000000000000000e+01 2.300000000000000000e+01 7.899554923087034695e+03
2.300000000000000000e+01 1.200000000000000000e+01 1.111070957557556176e+04
2.300000000000000000e+01 2.000000000000000000e+01 1.025715992428760183e+04
2.300000000000000000e+01 2.200000000000000000e+01 7.860089289649916282e+03
