i	j	       0	       1	       2	       3	       4	       5	       6	       7	       8	       9	      10	      11	      12	      13	      14	      15	      16	      17	      18	      19	      20	      21	      22	      23
0	1	 2600.01	    0.00	  266.87	  200.02	   17.13	    0.00	    0.01	    0.02	   34.24	  102.83	  200.02	  474.82	  460.86	  100.01	   17.18	    0.02	    0.04	    0.00	    0.01	    0.00	    0.01	    0.07	    0.30	   29.43
0	2	 6199.99	 1164.14	    0.00	    0.00	    0.00	  236.17	  148.54	  258.42	    0.00	    0.00	    0.00	    0.00	    0.00	    0.00	    0.00	   84.77	    0.00	   36.81	    0.00	    0.00	    0.00	    0.00	    0.00	    0.00
1	0	    0.00	 1264.14	    0.00	    0.00	    0.00	  536.17	  648.52	 1058.39	    0.00	    0.00	    0.00	    0.00	    0.00	    0.00	    0.00	  584.75	    0.55	  136.81	    0.02	  299.99	    0.00	    0.00	    0.00	    0.00
1	5	 2500.01	 2735.86	  166.87	    0.04	    0.00	    0.00	    0.00	    0.00	    0.00	    0.00	    0.04	  374.82	  160.86	    0.01	    0.00	    0.00	    0.00	    0.00	    0.00	    0.00	    0.01	    0.02	    0.30	   29.43
2	0	    0.00	    0.00	  366.87	  700.02	  217.13	    0.00	    0.03	    0.05	  534.24	 1402.83	  700.02	  674.82	  960.86	  400.01	  517.18	    0.03	  399.48	    0.00	  299.99	    0.02	  100.01	  400.07	  300.30	  129.43
2	3	 4499.94	  664.03	 1933.09	    0.00	    0.00	    0.04	    0.00	    0.00	    0.00	    0.00	    0.00	 3746.55	 2500.88	    0.05	    0.00	    0.00	    0.00	    0.00	    0.00	    0.00	  202.30	    0.04	    1.95	  470.24
2	11	 1600.04	  400.10	  500.04	 1601.44	  403.29	  500.35	  757.00	 1200.00	 1399.49	  697.68	    0.54	    0.00	    0.00	    0.08	   60.42	  493.90	  196.74	  198.93	   25.89	    0.07	    0.00	    0.00	    0.00	    0.00
3	2	    0.00	    0.00	    0.00	 2501.46	  720.41	  564.22	  708.49	 1141.63	 2033.73	 2400.51	 1000.38	    0.00	    0.00	  499.89	  677.55	  609.16	  696.22	  162.12	  325.88	    0.09	    0.00	    0.03	    0.03	    0.00
3	4	 3199.50	  164.00	 1333.05	 6698.86	    0.00	    0.00	    0.00	    0.00	    0.00	    0.07	  903.61	 3146.36	 1900.74	  200.00	    0.01	    0.00	    0.03	    0.00	    0.00	    0.00	    2.32	    0.02	  199.70	  270.24
3	10	  800.44	  300.07	  400.05	 2399.67	  699.88	  599.71	    0.75	    4.70	    1.19	    0.15	    0.00	    0.19	    0.14	    0.06	    0.05	    0.20	    0.04	    0.02	    0.02	    0.02	    0.02	    0.04	    0.05	    0.02
4	3	    0.00	    0.04	    0.00	    0.00	 1920.29	 1563.89	 1109.24	 1846.33	 2734.92	 3599.46	    0.00	    0.00	    0.00	    0.08	 1175.50	 1409.23	 1196.00	  262.12	  525.00	  300.07	    0.03	  398.73	    0.00	    0.00
4	5	    0.00	    0.00	  526.85	 2137.31	 1263.60	    0.00	    0.02	    0.03	  565.88	 1297.12	  403.24	 1462.12	  587.57	  100.02	  282.78	    0.03	    0.04	    0.00	    0.08	    0.01	    0.01	    0.01	   99.70	   70.56
4	8	 2999.50	  899.91	  706.19	 4061.55	 2916.10	 1399.90	    0.02	    0.09	    0.00	    0.00	    0.37	 1484.24	 1113.18	    0.00	    0.00	    0.05	    0.00	    0.01	    0.00	    0.02	    0.07	    0.00	    0.00	  199.68
5	1	    0.00	    0.00	    0.00	    0.02	   82.87	  936.17	  848.51	 1458.37	  165.76	  497.17	    0.02	    0.00	    0.00	    0.01	   82.82	  984.74	  200.52	  136.81	  100.01	  399.98	    0.00	   99.95	    0.00	    0.00
5	4	    0.00	  835.96	    0.00	    0.00	    0.00	 3163.79	 1028.60	 1830.08	    0.00	    0.00	    0.00	    0.00	    0.00	    0.00	    0.00	 1428.24	    0.32	  204.41	    0.02	  311.40	    0.03	    0.00	    0.00	    0.00
5	7	 2200.01	 1499.91	  393.72	 1737.34	  980.73	 3500.04	    0.00	    0.00	    0.14	    0.06	    3.27	 1636.94	  548.42	    0.03	    0.00	    0.00	    0.00	    0.00	    0.00	    0.00	    0.00	    0.00	    0.00	    0.00
6	7	    0.00	    0.00	    0.00	    0.00	    0.00	    0.00	 4163.12	    0.00	    0.00	    0.00	    0.00	    0.00	    0.00	  399.59	  599.26	  185.34	   76.82	  998.63	  998.68	 2598.94	  799.80	  799.77	  299.95	  199.97
6	17	  430.58	  336.57	    8.59	  433.83	  121.18	  985.63	 7936.88	 4519.19	  832.27	    0.49	    0.12	  218.42	    0.06	    0.00	    0.00	    0.00	    0.02	    0.00	    0.00	    0.00	    0.00	    0.00	    0.00	    0.00
7	5	    0.00	    0.00	    0.00	    0.00	    0.00	    0.00	 2277.10	 4088.43	    0.02	    0.12	    0.00	    0.00	    0.00	    0.00	    0.04	 3312.94	  700.79	  441.21	  299.96	 1011.38	  100.02	  299.93	    0.00	    0.01
7	6	  930.58	  536.57	  108.59	  833.83	  321.18	 1385.63	    0.00	 5519.19	 1432.22	    3.49	    1.36	  918.35	   74.03	    0.00	    0.00	    0.00	    0.10	    0.00	    0.00	    0.00	    0.00	    0.00	    0.00	    0.00
7	8	    0.00	    0.00	    0.00	    0.00	    0.00	    0.00	  886.02	 3711.25	    0.00	    0.00	    0.00	    0.00	    0.00	    0.00	    0.00	 1052.24	    0.00	  257.72	    0.00	  688.15	  299.93	    0.00	    0.00	    0.00
7	15	  469.71	  563.38	  173.14	  689.70	  431.04	 1314.50	    0.00	 3381.13	  875.04	    0.00	    0.05	  486.40	    0.37	    0.00	    0.00	    0.00	    0.00	    0.00	    0.00	    0.00	    0.00	    0.00	    0.00	    0.00
8	4	    0.00	    0.00	    0.00	    0.00	    0.00	    0.00	  280.68	  516.37	 4100.80	 5896.51	    0.00	    0.00	    0.00	    0.10	 1658.28	  481.08	 1395.69	   57.73	  625.05	   88.71	   97.75	  598.71	    0.00	    0.00
8	7	    0.28	    0.04	   88.02	  486.20	  271.50	    0.08	    0.00	    0.00	 3107.14	 1603.29	  798.15	  367.81	  125.97	    0.00	    0.00	    0.00	    0.21	    0.00	    0.00	    0.00	    0.00	    0.00	    0.00	    0.00
8	9	 2499.22	  699.88	  518.18	 2875.35	 1844.61	  999.81	    5.41	 2394.98	 8992.06	    0.00	    0.00	  516.48	  387.25	    0.00	    0.00	    0.76	    0.00	    0.14	    0.00	    0.00	    0.00	    0.00	    0.00	    0.00
9	8	    0.00	    0.00	    0.00	    0.00	    0.00	    0.00	    0.05	    0.00	    0.00	10299.80	 2197.78	    0.05	    0.05	  600.10	 2658.28	  829.55	 2295.90	    0.14	 1025.05	    0.53	   97.75	 1298.71	  500.00	    0.32
9	10	    0.00	    0.00	    0.00	    0.00	    0.00	    0.00	  499.39	  795.43	 1711.78	 8371.38	    0.00	    0.00	    0.00	    0.15	 1293.35	 1605.72	 1903.42	  200.10	  426.64	  406.28	    1.17	  510.59	    0.12	    0.00
9	14	  799.86	  100.00	   99.99	 1099.24	  596.82	  199.84	    0.00	    0.00	 3087.47	14571.08	 1905.73	  643.15	    3.84	    0.00	    0.00	    0.00	    0.74	    0.00	    0.00	    0.00	    0.00	    0.00	    0.00	    0.00
9	15	    0.00	    0.00	   18.27	   76.51	   47.82	    0.00	    0.00	    0.00	  492.94	 8057.46	 2167.07	  193.93	    0.11	    0.00	    0.00	    0.00	    0.00	    0.00	    0.00	    0.00	    0.00	    0.00	    0.00	    0.00
9	16	  399.68	    0.02	   99.98	  499.91	  199.97	    0.04	    0.08	    0.11	  899.86	 3900.28	  999.82	  599.84	  499.86	    0.10	    0.12	    0.11	    0.00	    0.05	    0.07	    0.13	    0.05	    0.13	    0.05	    0.02
10	3	    0.00	    0.00	    0.00	    0.00	    0.00	    0.00	    0.00	    0.00	    0.00	    1.28	 3404.00	    0.00	    0.00	 1199.82	    2.10	    0.13	    0.29	    0.01	    0.90	    0.04	    0.01	    1.33	  697.82	    0.02
10	9	    0.33	    0.09	    0.07	    0.31	    0.00	    0.00	    0.00	    0.00	    0.00	    0.00	11170.41	 2920.49	 2016.61	 1139.25	    0.00	    0.00	    0.00	    0.00	    0.00	    0.00	    0.00	    0.00	  305.20	   48.58
10	11	    0.00	    0.00	    0.00	    0.00	    0.00	    0.00	    0.14	    0.00	    0.15	 3202.32	 2399.98	    0.00	    0.00	  723.63	  650.66	  205.79	  903.18	    0.11	  278.52	    0.07	    0.00	    0.00	    0.00	    0.00
10	13	  300.23	  100.02	  100.04	  999.43	  199.91	  199.78	    0.00	    0.13	  312.83	 1167.95	 5325.62	 1056.54	   11.21	    0.00	    0.00	    0.00	    0.00	    0.00	    0.00	    0.00	    0.00	    0.00	    0.00	    0.00
11	2	    0.00	    0.00	    0.00	    0.00	    0.00	    0.00	    0.00	    0.00	    0.00	    0.00	    0.18	 4621.36	 3561.74	    0.25	    0.05	    0.00	    0.00	    0.00	    0.00	    0.00	  302.31	  500.07	  402.23	  599.67
11	10	    0.11	    0.04	    0.05	    0.07	    0.02	    0.07	    0.00	    0.00	    0.00	    0.00	    0.00	 5376.85	 3027.68	    0.00	    0.00	    0.00	    0.00	    0.00	    0.00	    0.00	    0.04	    0.00	    0.00	    0.22
11	12	 1399.93	  300.06	  299.99	 1001.37	  203.26	  300.28	   57.21	  600.00	  799.63	 1900.00	 1000.34	 3901.79	    0.00	   23.85	   11.02	    0.73	  499.91	    0.03	    4.41	    0.02	    0.00	    0.00	    0.00	    0.00
12	11	    0.00	    0.00	    0.00	    0.00	    0.00	    0.00	    0.07	    0.00	    0.00	    0.00	    0.00	    0.00	 7889.42	    0.38	    0.00	    1.04	    0.00	    0.99	    0.00	  499.88	  602.35	 1200.07	 1102.23	 1099.89
12	23	  899.93	    0.06	  199.99	  401.37	    3.26	  100.28	    0.00	    0.00	  199.63	    0.00	    0.34	 2601.79	 6710.58	    0.00	    0.00	    0.00	    0.00	    0.00	    0.00	    0.00	    0.00	    0.00	    0.00	    0.00
13	10	    0.00	    0.00	    0.00	    0.00	    0.00	    0.00	    0.00	    0.00	    0.00	    0.00	    0.00	    0.00	    0.00	 4662.49	  759.35	    0.00	    0.00	    0.01	  252.76	  193.80	  398.79	  590.70	 2302.85	  648.35
13	14	    0.17	    0.02	    0.02	    0.18	    0.04	    0.04	    0.00	    0.00	    0.00	    0.00	 1045.28	  356.57	  103.25	 6202.66	    0.00	    0.00	    0.00	    0.00	    0.00	    0.00	    0.00	    0.00	 1196.67	  132.43
13	22	    0.07	    0.01	    0.02	  499.27	   99.87	   99.74	    0.00	    0.00	  197.19	  823.39	 2680.40	    0.00	    0.00	 3234.85	  413.29	    0.00	  211.71	    0.00	  128.84	    0.00	    0.00	    0.00	    0.00	    0.00
14	9	    0.00	    0.00	    0.00	    0.00	    0.00	    0.00	    0.07	    0.00	    0.00	    0.00	    0.00	    0.00	    0.00	 1561.10	 7951.75	    0.28	    0.54	    0.12	 3251.58	 1955.85	 1298.96	 4409.43	 1994.96	  751.77
14	13	    0.00	    0.00	    0.00	    0.00	    0.00	    0.00	  199.68	  399.26	  484.36	 1755.45	    0.06	    0.00	    0.00	    0.00	 2472.64	  699.49	  911.71	   99.84	  681.58	  692.93	    1.31	  679.21	    0.00	    0.00
14	18	  300.03	    0.03	    0.01	  200.07	  100.02	    0.06	    0.02	    0.03	  400.12	 3239.07	  831.08	  300.11	  299.79	 2895.73	 5899.41	    0.05	    0.38	    0.01	    0.00	    0.05	  733.99	 2899.82	  899.95	  329.33
14	21	    0.00	    0.00	    0.00	  399.36	  296.83	    0.00	    0.00	    0.00	 1303.00	 5576.55	  719.87	    0.00	    0.00	  445.83	 5076.20	    0.22	 2480.28	    0.00	 2089.61	    0.00	    0.00	    0.00	    0.00	    0.00
15	7	    0.00	    0.00	    0.00	    0.00	    0.00	    0.00	    0.00	    0.00	    0.00	    0.25	    0.00	    0.00	    0.00	    0.38	    0.77	 6379.84	 2023.86	    0.30	    1.29	    0.58	    0.15	    0.15	    0.06	    0.04
15	9	    0.00	    0.05	    0.00	    0.00	    0.00	    0.07	 2393.58	    0.56	    0.00	    0.00	    0.00	    0.00	    0.00	    0.00	    0.00	 6832.81	    1.53	  899.86	    0.18	  951.09	    0.00	    0.00	    0.00	    0.00
15	16	    0.30	  200.04	    0.01	    0.06	    0.02	  500.07	 1000.65	 1400.70	    0.11	    0.47	    0.08	    0.05	    0.00	    0.00	    0.00	 5986.19	    0.00	  600.29	    0.00	 1672.80	  251.68	    0.11	    0.04	   70.21
15	17	    0.02	    0.00	    0.00	    0.02	    0.00	    0.02	    0.00	    0.14	    0.33	 3657.95	  767.38	    0.13	    0.00	    0.02	    0.06	 6901.16	 3714.91	    0.00	    0.22	    0.00	    0.00	    0.00	    0.00	    0.00
16	9	    0.00	    0.00	    0.00	    0.00	    0.00	    0.00	    0.45	    0.00	    0.00	    0.00	    0.00	    0.00	    0.00	    0.00	    0.00	    1.53	 8098.00	    0.17	    0.00	    0.00	    0.00	    0.00	    0.00	    0.00
16	15	    0.00	    0.00	    0.00	    0.00	    0.00	    0.00	    0.00	    0.00	    0.00	    0.87	    0.22	    0.00	    0.00	  684.13	 1173.78	    0.00	 8540.20	    0.00	 1272.43	    0.00	    0.05	    0.10	    0.04	    0.02
16	18	    0.02	    0.05	    0.00	    0.02	    0.01	    0.11	    0.28	    0.80	    0.06	    0.26	    0.00	    0.00	    0.00	    0.00	    0.00	 3184.77	 6761.80	    0.17	    0.00	    0.00	    0.00	    0.00	    0.00	    0.00
17	6	    0.00	    0.00	    0.00	    0.00	    0.00	    0.00	    0.00	    0.00	    0.05	 1897.01	  498.75	    0.07	  326.03	  599.59	 1099.26	 1585.34	 1076.75	 1198.63	 1398.68	 3098.94	  999.80	 1299.77	  499.95	  299.97
17	15	   30.61	   36.71	    8.59	   33.86	   21.16	   85.66	 4794.23	  220.26	   32.46	    0.34	    0.11	   19.84	  599.53	   16.28	   27.05	    0.00	    0.11	 2000.45	   29.25	 4224.47	  851.78	 1200.16	  500.05	  370.22
17	19	  299.99	  299.86	    0.00	  299.99	  100.02	  799.99	 2942.65	 3999.07	  600.09	 1061.29	  168.69	    0.04	    0.00	    0.00	    0.00	 4815.82	 2038.21	 1600.92	    0.00	    0.00	    0.00	    0.00	    0.00	    0.00
18	14	    0.00	    0.01	    0.00	    0.00	    0.00	    0.19	  699.43	  999.22	    0.00	    0.00	    0.00	    0.00	    0.00	    0.00	    0.00	 1899.89	 4892.18	  299.78	 6822.77	 3747.78	    0.13	    0.36	    0.15	    0.07
18	16	    0.04	    0.00	    0.01	    0.05	    0.02	    0.00	    0.00	    0.00	    0.09	    0.38	    0.32	    0.11	    0.14	 1384.03	 2673.66	    0.00	    0.00	    0.00	 2972.37	   27.07	  348.32	 1699.86	  599.96	  229.80
18	19	    0.02	    0.00	    0.00	    0.03	    0.02	    0.02	    0.00	    0.00	    0.09	 1438.95	  430.76	    0.00	    0.00	 1211.71	 2425.74	    0.00	  170.01	    0.00	 3004.86	    0.00	    0.00	    0.00	    0.00	    0.00
19	17	    0.00	    0.00	    0.00	    0.00	    0.00	    0.00	    0.00	    0.00	    0.00	    0.20	    0.06	    1.41	 1025.50	  715.84	 1326.26	    0.00	    0.13	    0.00	 1727.71	 7723.42	 1951.58	 2799.93	 1100.00	  670.19
19	18	    0.00	   99.93	    0.00	    0.00	    0.00	  200.04	 1099.14	 1698.39	    0.00	    0.00	    0.00	    0.00	    0.35	    0.01	    0.00	   15.07	    0.00	  599.60	    0.00	 4974.81	   14.46	    0.41	    0.16	    0.53
19	20	    0.00	    0.00	    0.00	    0.01	    0.03	  100.00	  643.06	  600.26	    0.13	    0.05	    0.02	    0.01	    0.02	    0.02	    0.03	 1500.74	  508.06	  201.08	   77.24	 2700.68	    0.00	    0.07	    0.03	    0.02
19	21	    0.00	   99.93	    0.00	    0.02	    0.01	  199.97	  700.46	  800.43	    0.05	    0.20	    0.04	    0.00	    0.00	    0.00	    0.15	 1700.01	    0.10	  400.24	    0.07	 3101.09	    0.16	    0.00	    0.00	    0.00
20	19	    0.00	    0.00	    0.00	    0.00	    0.00	    0.00	    0.00	    0.00	    0.00	    0.10	    0.02	  401.19	 1625.21	    0.07	    0.15	    0.00	    0.07	    0.00	    0.16	    0.00	 3166.21	    0.20	    5.26	 1070.19
20	21	  264.59	    0.06	   66.15	    0.00	    0.00	    0.03	    0.10	    0.12	    0.00	    0.00	    0.00	  463.04	 1488.03	    0.00	    0.00	    0.26	    0.00	    0.06	    0.00	    0.60	 4635.03	    0.00	    0.08	 1676.89
20	23	    0.00	    0.00	    0.00	    0.00	    0.00	    0.02	  442.97	  200.16	    0.24	  485.69	    0.00	    0.00	    0.00	    0.00	  681.99	  900.59	  211.34	  101.02	  252.01	 1500.16	 3198.77	 2334.89	    0.00	    0.00
21	14	    0.00	    0.00	    0.00	    0.00	    0.00	    0.00	    0.34	    0.07	    0.00	    0.00	    0.00	    0.40	  892.70	    0.00	    0.00	    0.14	    0.00	    0.19	    0.00	    1.05	 2834.13	10588.10	 2698.09	 1348.60
21	19	    0.00	    0.00	    0.00	    0.00	    0.00	    0.00	    0.00	    0.00	    0.00	    0.10	    0.64	    0.18	    0.66	    4.09	    0.55	    0.00	    0.00	    0.00	    0.00	    0.00	    0.00	 5200.21	 1794.93	    0.56
21	20	    0.01	    0.00	    0.00	    0.02	   96.99	    0.01	    0.01	    0.03	  300.12	 1685.74	    2.08	    0.00	    0.00	    1.15	 1482.11	    0.11	  303.34	    0.01	  574.93	    0.08	    0.00	 4135.03	    1.49	    0.00
21	22	    0.00	    0.00	    0.00	    0.00	    0.00	    0.01	  200.21	  300.45	  302.93	 1290.91	    0.00	    0.00	    0.00	    0.00	  993.70	  500.23	  477.04	  100.11	  314.76	  700.57	    1.06	 4476.66	    0.00	    0.00
22	13	    0.01	    0.00	    0.00	    0.02	    0.00	    0.00	    0.32	    0.61	    0.00	    0.00	    0.00	    0.03	  692.04	    0.00	    0.00	    0.51	    0.00	    0.17	    0.01	    0.87	  797.48	 1111.48	 4599.53	 1180.78
22	21	  135.42	    0.02	   33.85	    0.64	    0.15	    0.02	    0.00	    0.00	    0.00	    0.00	  382.81	  237.55	  705.33	  759.40	    0.00	    0.00	    0.00	    0.00	    0.00	    0.00	    0.00	    0.00	 6594.42	  772.27
22	23	    0.00	    0.00	    0.00	    0.02	    0.00	    0.01	    0.01	    0.03	    0.12	  314.31	  997.64	    0.00	    0.00	 1375.45	  406.99	    0.04	   88.75	    0.00	  143.58	    0.14	    0.05	 1265.18	 3306.06	    0.00
23	12	    0.00	    0.00	    0.00	    0.00	    0.00	    0.00	  342.86	    0.00	    0.00	    0.00	    0.00	    0.00	    0.00	  576.54	  688.98	  600.31	    0.09	  100.96	  295.59	 1099.86	 1202.35	 2500.07	 1902.23	 1799.89
23	20	  364.58	    0.05	   66.15	  199.97	    2.98	    0.03	    0.00	    0.00	    0.00	    0.00	  397.93	 1164.22	 3713.21	  398.91	    0.00	    0.00	    0.00	    0.00	    0.00	    0.00	    0.00	    0.00	  703.83	 3247.06
23	22	  435.35	    0.01	  133.84	    1.41	    0.28	    0.28	    0.13	    0.19	    0.00	    0.00	    0.05	  937.57	 2197.37	    0.00	    0.00	    0.32	    0.00	    0.06	    0.00	    0.43	 1496.48	    0.00	    0.00	 2653.05
