i	j	       0	       1	       2	       3	       4	       5	       6	       7	       8	       9	      10	      11	      12	      13	      14	      15	      16	      17	      18	      19	      20	      21	      22	      23
0	1	 2600.15	    0.00	  271.89	  200.02	   13.90	    0.00	    0.01	    0.02	   27.80	   83.44	  200.02	  480.51	  463.60	  100.00	   13.92	    0.02	    0.04	    0.00	    0.01	    0.00	    0.01	    0.05	    0.17	   29.84
0	2	 6199.85	 1163.22	    0.00	    0.00	    0.00	  241.47	  130.75	  226.94	    0.00	    0.00	    0.00	    0.00	    0.00	    0.00	    0.00	   82.04	    0.00	   32.27	    0.00	    0.02	    0.00	    0.00	    0.00	    0.00
1	0	    0.00	 1263.22	    0.00	    0.00	    0.00	  541.47	  630.73	 1026.91	    0.00	    0.00	    0.00	    0.00	    0.00	    0.00	    0.00	  582.02	    0.81	  132.27	    0.03	  300.01	    0.00	    0.00	    0.00	    0.00
1	5	 2500.15	 2736.78	  171.89	    0.04	    0.00	    0.00	    0.00	    0.00	    0.00	    0.00	    0.04	  380.51	  163.60	    0.01	    0.00	    0.00	    0.00	    0.00	    0.00	    0.00	    0.01	    0.03	    0.17	   29.84
2	0	    0.00	    0.00	  371.89	  700.02	  213.90	    0.00	    0.03	    0.05	  527.80	 1383.44	  700.02	  680.51	  963.60	  400.00	  513.92	    0.04	  399.22	    0.00	  299.99	    0.02	  100.01	  400.05	  300.17	  129.84
2	3	 4499.86	  663.08	 1928.08	    0.00	    0.00	    0.00	    0.00	    0.00	    0.00	    0.00	    0.00	 3751.40	 2477.20	    0.09	    0.00	    0.00	    0.00	    0.00	    0.00	    0.00	  202.80	    0.02	    3.33	  469.96
2	11	 1599.99	  400.15	  500.03	 1601.73	  403.33	  500.43	  777.09	 1200.00	 1399.02	  809.15	    1.01	    0.00	    0.00	    0.33	   83.27	  536.75	  228.08	  199.26	   35.69	    0.24	    0.00	    0.10	    0.10	    0.00
3	2	    0.00	    0.00	    0.00	 2501.75	  717.23	  558.96	  746.37	 1173.11	 2026.82	 2492.59	 1000.24	    0.00	    0.00	  499.88	  697.13	  654.75	  727.30	  166.99	  335.67	    0.23	    0.02	    0.17	    0.16	    0.01
3	4	 3198.75	  163.01	 1327.96	 6697.94	    0.00	    0.00	    0.00	    0.00	    0.00	    0.12	  904.96	 3150.34	 1876.30	  200.11	    0.07	    0.00	    0.01	    0.00	    0.02	    0.00	    2.84	    0.04	  199.90	  270.01
3	10	  801.11	  300.11	  400.12	 2400.31	  699.81	  599.67	    0.45	    8.22	    0.45	    0.17	    0.00	    1.06	    0.91	    0.07	    0.06	    0.12	    0.04	    0.02	    0.02	    0.03	    0.02	    0.05	    0.05	    0.03
4	3	    0.00	    0.05	    0.00	    0.00	 1917.04	 1558.63	 1146.82	 1881.33	 2727.28	 3692.37	    0.00	    0.00	    0.00	    0.00	  696.83	 1454.86	 1227.22	  267.01	  535.47	  300.26	    0.03	  399.32	    0.00	    0.00
4	5	    0.00	    0.00	  522.96	 2140.00	 1268.37	    0.00	    0.02	    0.03	  572.35	 1316.50	  404.39	 1458.51	  564.25	  100.02	  286.03	    0.04	    0.04	    0.00	    0.10	    0.01	    0.01	    0.00	   99.83	   70.14
4	8	 2998.75	  899.92	  705.00	 4057.94	 2914.60	 1400.06	    0.03	    0.10	    0.00	    0.00	    0.57	 1491.83	 1112.04	    0.09	    0.00	    0.06	    0.00	    0.01	    0.00	    0.03	    0.00	    0.00	    0.07	  199.87
5	1	    0.00	    0.00	    0.00	    0.02	   86.10	  941.47	  830.72	 1426.89	  172.20	  516.56	    0.02	    0.00	    0.00	    0.01	   86.08	  982.00	  200.78	  132.27	  100.01	  400.01	    0.00	   99.98	    0.00	    0.00
5	4	    0.00	  836.95	    0.00	    0.00	    0.00	 3158.69	 1031.67	 1808.18	    0.00	    0.00	    0.00	    0.00	    0.00	    0.00	    0.00	 1454.00	    0.65	  202.38	    0.03	  305.18	    0.02	    0.00	    0.00	    0.00
5	7	 2200.15	 1499.83	  394.85	 1740.02	  982.27	 3499.84	    0.00	    0.00	    0.15	    0.07	    4.41	 1639.02	  527.85	    0.03	    0.00	    0.00	    0.00	    0.00	    0.00	    0.00	    0.00	    0.00	    0.00	    0.00
6	7	    0.00	    0.00	    0.00	    0.00	    0.00	    0.00	 4180.66	    0.00	    0.00	    0.00	    0.00	    0.00	    0.00	  399.86	  599.83	  356.99	  131.18	  999.48	  999.55	 2600.13	  500.07	  799.97	  299.97	  199.99
6	17	  430.91	  336.85	    8.58	  434.34	  121.47	  986.29	 7919.34	 4521.07	  831.57	    0.69	    0.13	  216.63	    0.13	    0.00	    0.00	    0.00	    0.03	    0.00	    0.00	    0.00	    0.00	    0.00	    0.00	    0.00
7	5	    0.00	    0.00	    0.00	    0.00	    0.00	    0.00	 2262.37	 4035.04	    0.00	    0.13	    0.00	    0.00	    0.00	    0.00	    0.05	 3335.97	  701.39	  434.65	  299.94	 1005.17	  100.00	  299.95	    0.00	    0.01
7	6	  930.91	  536.85	  108.58	  834.34	  321.47	 1386.29	    0.00	 5521.07	 1431.51	    4.90	    1.39	  916.56	   50.16	    0.00	    0.00	    0.00	    0.11	    0.00	    0.00	    0.00	    0.00	    0.00	    0.00	    0.00
7	8	    0.00	    0.00	    0.00	    0.00	    0.00	    0.00	  918.28	 3764.95	    0.00	    0.00	    0.00	    0.00	    0.00	    0.00	    0.02	 1243.23	    0.00	  264.96	    0.00	  695.31	    0.12	    0.10	    0.00	    0.00
7	15	  469.64	  563.02	  173.67	  687.15	  429.45	 1313.64	    0.00	 3378.94	  885.42	    0.00	    0.06	  484.51	    0.28	    0.00	    0.00	    0.00	    0.00	    0.00	    0.00	    0.00	    0.00	    0.00	    0.00	    0.00
8	4	    0.00	    0.00	    0.00	    0.00	    0.00	    0.00	  315.19	  573.28	 4099.63	 6008.75	    0.00	    0.00	    0.00	    0.00	 1182.79	  500.96	 1426.60	   64.64	  635.53	   95.12	   97.18	  599.28	    0.00	    0.00
8	7	    0.40	    0.04	   87.41	  481.47	  268.65	    0.09	    0.00	    0.00	 3116.78	 1604.68	  797.04	  362.05	  122.59	    0.00	    0.00	    0.00	    0.23	    0.00	    0.00	    0.00	    0.00	    0.00	    0.00	    0.00
8	9	 2498.35	  699.87	  517.59	 2876.47	 1845.95	  999.96	    3.18	 2391.76	 8983.59	    0.00	    0.00	  529.83	  389.51	    0.00	    0.00	    0.26	    0.00	    0.35	    0.00	    0.36	    0.00	    0.00	    0.00	    0.00
9	8	    0.00	    0.00	    0.00	    0.00	    0.00	    0.00	    0.05	    0.00	    0.00	10413.43	 2196.48	    0.05	    0.05	  599.92	 2182.77	  657.93	 2326.83	    0.02	 1035.53	    0.15	  397.06	 1299.18	  499.93	    0.13
9	10	    0.00	    0.00	    0.00	    0.00	    0.00	    0.00	  499.55	  791.86	 1732.27	 8318.07	    0.00	    0.00	    0.00	    0.00	 1429.69	 1563.29	 1871.54	  199.97	  471.54	  470.00	    1.86	  547.45	    0.00	    0.00
9	14	  798.98	   99.91	   99.88	 1098.04	  596.86	  199.99	    0.00	    0.00	 3068.29	14528.56	 1974.53	  682.56	   10.29	    0.00	    0.00	    0.00	    0.82	    0.00	    0.00	    0.00	    0.00	    0.00	    0.00	    0.00
9	15	    0.00	    0.00	   17.75	   78.60	   49.13	    0.00	    0.00	    0.00	  483.20	 8039.08	 2182.50	  198.15	    0.11	    0.00	    0.00	    0.00	    0.00	    0.00	    0.00	    0.00	    0.00	    0.00	    0.00	    0.00
9	16	  399.37	    0.02	   99.97	  499.83	  199.96	    0.04	    0.09	    0.12	  899.83	 3900.86	  999.77	  599.80	  499.83	    0.06	    0.13	    0.12	    0.00	    0.05	    0.07	    0.15	    0.05	    0.15	    0.05	    0.03
10	3	    0.00	    0.00	    0.00	    0.00	    0.00	    0.00	    0.00	    0.00	    0.00	    0.51	 3405.20	    0.00	    0.00	 1199.96	  500.43	    0.00	    0.14	    0.00	    0.24	    0.00	    0.04	    0.93	  696.78	    0.09
10	9	    0.00	    0.00	    0.00	    0.00	    0.00	    0.00	    0.00	    0.00	    0.00	    0.00	11253.27	 2950.73	 2020.78	  995.41	    0.00	    0.00	    0.00	    0.00	    0.00	    0.00	    0.00	    0.00	  284.69	   49.38
10	11	    0.00	    0.00	    0.00	    0.00	    0.00	    0.00	    0.00	    0.00	    0.11	 3090.85	 2400.89	    0.00	    0.00	  753.59	  633.67	  163.61	  871.55	    0.02	  271.55	    0.00	    0.00	    0.00	    0.00	    0.00
10	13	  301.23	  100.15	  100.17	 1000.39	  199.84	  199.74	    0.00	    0.09	  332.61	 1226.87	 5240.64	 1017.61	   33.41	    0.00	    0.00	    0.00	    0.05	    0.00	    0.00	    0.00	    0.00	    0.00	    0.00	    0.00
11	2	    0.00	    0.00	    0.00	    0.00	    0.00	    0.00	    0.00	    0.00	    0.00	    0.00	    0.80	 4631.91	 3540.80	    0.55	    0.05	    0.00	    0.00	    0.00	    0.00	    0.00	  302.79	  499.99	  403.44	  599.79
11	10	    0.11	    0.04	    0.06	    0.08	    0.03	    0.07	    0.00	    0.00	    0.00	    0.00	    0.00	 5367.28	 3053.29	    0.00	    0.00	    0.00	    0.00	    0.00	    0.00	    0.00	    0.04	    0.00	    0.00	    0.51
11	12	 1399.88	  300.10	  299.98	 1001.64	  203.30	  300.36	   77.16	  600.00	  799.13	 1900.00	 1001.11	 3900.81	    0.00	   53.77	   16.89	    0.36	  499.62	    0.03	    7.24	    0.09	    0.00	    0.00	    0.00	    0.00
12	11	    0.00	    0.00	    0.00	    0.00	    0.00	    0.00	    0.07	    0.00	    0.00	    0.00	    0.00	    0.00	 7894.09	    0.40	    0.00	    0.00	    0.00	    0.75	    0.00	  499.85	  602.83	 1199.89	 1103.34	 1100.30
12	23	  899.88	    0.10	  199.98	  401.64	    3.30	  100.36	    0.00	    0.00	  199.13	    0.00	    1.11	 2600.81	 6705.91	    0.00	    0.00	    0.00	    0.00	    0.00	    0.00	    0.00	    0.00	    0.00	    0.00	    0.00
13	10	    0.00	    0.00	    0.00	    0.00	    0.00	    0.00	    0.00	    0.00	    0.00	    0.00	    0.00	    0.00	    0.00	 4548.90	 1104.36	    0.20	    0.15	    0.03	  200.23	  129.98	  398.13	  553.44	 2281.42	  648.93
13	14	    1.11	    0.14	    0.15	    1.03	    0.06	    0.07	    0.00	    0.00	    0.00	    0.00	  953.89	  317.52	   96.32	 6352.12	    0.00	    0.00	    0.00	    0.00	    0.00	    0.00	    0.00	    0.00	 1201.12	  129.18
13	22	    0.13	    0.01	    0.03	  499.38	   99.78	   99.67	    0.00	    0.00	  195.68	  809.50	 2686.82	    0.32	    0.31	 3198.98	  424.52	    0.00	  216.91	    0.00	  132.20	    0.00	    0.00	    0.00	    0.00	    0.00
14	9	    0.00	    0.00	    0.00	    0.00	    0.00	    0.00	    0.00	    0.00	    0.00	    0.00	    0.00	    0.00	    0.00	 1704.57	 7612.58	    0.30	    0.81	    0.05	 3306.94	 1798.19	 1598.97	 4446.77	 2015.29	  750.78
14	13	    0.00	    0.00	    0.00	    0.00	    0.00	    0.00	  199.59	  399.18	  463.07	 1682.62	    0.07	    0.00	    0.00	    0.00	 2828.88	  700.07	  917.01	   99.79	  632.42	  628.25	    0.72	  574.02	    0.00	    0.00
14	18	  300.09	    0.06	    0.02	  200.14	  100.03	    0.08	    0.02	    0.03	  400.15	 3255.49	  816.14	  300.15	  284.88	 2897.08	 5899.82	    0.06	    0.42	    0.01	    0.00	    0.05	  572.72	 2899.91	  899.98	  262.51
14	21	    0.00	    0.00	    0.00	  398.93	  296.89	    0.00	    0.00	    0.00	 1305.07	 5590.45	  712.21	    0.00	    0.00	  450.48	 5058.72	    0.24	 2482.87	    0.00	 2083.70	    0.00	    0.00	    0.00	    0.00	    0.00
15	7	    0.00	    0.00	    0.00	    0.00	    0.00	    0.00	    0.00	    0.00	    0.00	    0.27	    0.00	    0.00	    0.00	    0.11	    0.25	 6422.20	 1970.08	    0.13	    0.39	    0.35	    0.05	    0.08	    0.03	    0.02
15	9	    0.00	    0.05	    0.00	    0.00	    0.00	    0.07	 2396.27	    0.22	    0.00	    0.00	    0.00	    0.00	    0.00	    0.00	    0.00	 6618.38	    0.58	  899.55	    0.20	 1171.53	    0.00	    0.00	    0.00	    0.00
15	16	    0.56	  200.06	    0.01	    0.06	    0.03	  500.15	 1000.51	 1401.25	    0.12	    0.52	    0.09	    0.05	    0.00	    0.00	    0.00	 5959.84	    0.00	  600.25	    0.00	 1558.51	  346.08	    0.00	    0.00	  125.22
15	17	    0.02	    0.00	    0.00	    0.02	    0.00	    0.03	    0.00	    0.15	    0.16	 3640.26	  782.90	    0.13	    0.00	    0.03	    0.17	 7099.58	 3735.06	    0.00	    0.17	    0.00	    0.00	    0.00	    0.00	    0.00
16	9	    0.00	    0.00	    0.00	    0.00	    0.00	    0.00	    0.25	    0.00	    0.00	    0.00	    0.00	    0.00	    0.00	    0.00	    0.00	    2.39	 8097.80	    0.09	    0.00	    0.21	    0.00	    0.00	    0.00	    0.00
16	15	    0.00	    0.00	    0.00	    0.00	    0.00	    0.00	    0.00	    0.00	    0.00	    1.59	    0.31	    0.00	    0.00	  692.21	 1186.77	    0.00	 8505.60	    0.00	 1286.05	    0.00	    0.05	    0.11	    0.05	    0.03
16	18	    0.03	    0.09	    0.00	    0.02	    0.01	    0.19	    0.35	    1.37	    0.04	    0.16	    0.00	    0.00	    0.00	    0.00	    0.00	 3157.56	 6796.59	    0.21	    0.00	    0.00	    0.00	    0.00	    0.00	    0.00
17	6	    0.00	    0.00	    0.00	    0.00	    0.00	    0.00	    0.00	    0.00	    0.05	 1895.79	  498.74	    0.07	  349.97	  599.86	 1099.83	 1756.99	 1131.10	 1199.48	 1399.55	 3100.13	  700.07	 1299.97	  499.97	  299.99
17	15	   30.94	   37.10	    8.58	   34.33	   21.46	   86.60	 4796.78	  222.68	   31.66	    0.38	    0.12	   17.53	  599.61	    7.93	   13.65	    0.00	    0.12	 1999.93	   14.71	 4330.38	  946.08	 1199.98	  499.99	  425.22
17	19	  299.99	  299.76	    0.00	  300.03	  100.02	  799.71	 2922.57	 3998.54	  600.02	 1045.00	  184.19	    0.16	    0.09	    0.00	    0.00	 4842.59	 2004.01	 1600.59	    0.00	    0.00	    0.00	    0.00	    0.00	    0.00
18	14	    0.00	    0.01	    0.00	    0.00	    0.00	    0.02	  699.40	  999.13	    0.00	    0.00	    0.00	    0.00	    0.00	    0.00	    0.00	 1900.50	 4900.28	  299.77	 6823.06	 3525.71	    0.16	    0.39	    0.16	    0.07
18	16	    0.10	    0.02	    0.02	    0.12	    0.02	    0.00	    0.00	    0.00	    0.09	    0.38	    0.45	    0.15	    0.17	 1392.15	 2686.64	    0.00	    0.00	    0.00	 2985.97	  141.56	  253.92	 1699.96	  599.99	  174.78
18	19	    0.02	    0.00	    0.00	    0.04	    0.02	    0.03	    0.00	    0.00	    0.10	 1455.27	  415.69	    0.00	    0.00	 1204.95	 2413.18	    0.00	  196.73	    0.00	 2990.97	    0.00	    0.00	    0.00	    0.00	    0.00
19	17	    0.00	    0.00	    0.00	    0.00	    0.00	    0.00	    0.00	    0.00	    0.00	    0.21	    0.01	    0.99	 1049.53	  707.76	 1313.31	    0.00	    0.14	    0.00	 1714.09	 7830.51	 1746.15	 2799.95	 1099.96	  725.21
19	18	    0.00	   99.88	    0.00	    0.00	    0.00	  199.77	 1099.04	 1697.72	    0.00	    0.00	    0.00	    0.00	   15.29	    0.01	    0.00	   42.88	    0.00	  599.55	    0.00	 4867.22	   81.36	    0.44	    0.18	   12.34
19	20	    0.00	    0.00	    0.00	    0.05	    0.02	  100.01	  623.33	  600.61	    0.06	    0.05	    0.02	    0.01	    0.03	    0.02	    0.03	 1500.59	  500.57	  200.95	   76.98	 2701.30	    0.00	    0.08	    0.03	    0.02
19	21	    0.00	   99.88	    0.00	    0.02	    0.01	  199.95	  700.20	  800.21	    0.06	    0.22	    0.05	    0.00	    0.00	    0.00	    0.17	 1699.12	    0.11	  400.10	    0.08	 3100.97	    0.18	    0.00	    0.00	    0.00
20	19	    0.00	    0.00	    0.00	    0.00	    0.00	    0.00	    0.00	    0.00	    0.00	    0.11	    0.03	  400.82	 1664.66	    0.08	    0.17	    0.00	    0.07	    0.00	    0.18	    0.00	 3027.69	    0.23	    1.64	 1137.24
20	21	  264.24	    0.09	   66.06	    0.30	    0.00	    0.03	    0.06	    0.08	    0.00	    0.00	    0.00	  462.41	 1470.56	    0.00	    0.00	    0.16	    0.00	    0.04	    0.00	    0.42	 4774.33	    0.00	    0.00	 1604.21
20	23	    0.00	    0.00	    0.00	    0.00	    0.00	    0.02	  423.27	  200.53	    0.36	  490.62	    0.00	    0.00	    0.00	    0.00	  685.18	  900.51	  216.33	  100.91	  251.87	 1500.88	 3197.97	 2347.72	    0.00	    0.00
21	14	    0.00	    0.00	    0.00	    0.00	    0.00	    0.00	    0.21	    0.08	    0.00	    0.00	    0.00	    0.07	  878.27	    0.00	    0.00	    0.16	    0.00	    0.09	    0.00	    0.78	 2972.26	10520.31	 2713.99	 1284.05
21	19	    0.00	    0.00	    0.00	    0.00	    0.00	    0.00	    0.00	    0.00	    0.00	    0.11	    0.17	    0.03	    0.11	    2.76	    0.15	    0.00	    0.00	    0.00	    0.00	    0.00	    0.00	 5200.23	 1798.52	    0.33
21	20	    0.01	    0.00	    0.00	    0.03	   96.96	    0.00	    0.00	    0.00	  300.31	 1690.68	    1.96	    0.04	    0.00	    0.58	 1485.32	    0.08	  315.83	    0.00	  575.08	    0.00	    0.00	 4147.87	    1.02	    0.00
21	22	    0.00	    0.00	    0.00	    0.00	    0.00	    0.01	  200.05	  300.21	  304.82	 1299.88	    0.00	    0.00	    0.00	    0.00	  973.41	  499.27	  467.15	  100.04	  308.70	  700.60	    2.26	 4531.58	    0.00	    0.00
22	13	    0.01	    0.00	    0.00	    0.02	    0.00	    0.00	    0.41	    0.74	    0.00	    0.00	    0.00	    0.23	  663.21	    0.00	    0.00	    0.14	    0.00	    0.23	    0.01	    1.72	  797.40	 1179.42	 4582.53	 1178.10
22	21	  135.78	    0.03	   33.94	    0.78	    0.06	    0.03	    0.00	    0.00	    0.00	    0.00	  389.87	  237.73	  707.82	  752.87	    0.00	    0.00	    0.00	    0.00	    0.00	    0.00	    0.00	    0.00	 6613.53	  780.17
22	23	    0.01	    0.00	    0.00	    0.03	    0.00	    0.01	    0.03	    0.06	    0.50	  309.38	  997.00	    0.07	    0.00	 1346.11	  397.93	    0.11	   84.05	    0.00	  140.89	    0.23	    0.06	 1252.26	 3303.93	    0.00
23	12	    0.00	    0.00	    0.00	    0.00	    0.00	    0.00	  322.91	    0.00	    0.00	    0.00	    0.00	    0.00	    0.00	  546.63	  683.11	  599.64	    0.38	  100.72	  292.76	 1099.76	 1202.83	 2499.89	 1903.34	 1800.30
23	20	  364.22	    0.09	   66.06	  200.22	    3.02	    0.03	    0.00	    0.00	    0.00	    0.00	  398.05	 1163.17	 3735.19	  399.48	    0.00	    0.00	    0.00	    0.00	    0.00	    0.00	    0.00	    0.00	  700.59	 3241.43
23	22	  435.67	    0.02	  133.92	    1.45	    0.28	    0.36	    0.39	    0.59	    0.00	    0.00	    0.05	  937.71	 2170.72	    0.00	    0.00	    0.98	    0.00	    0.19	    0.00	    1.35	 1495.21	    0.09	    0.00	 2658.27
