0.000000000000000000e+00 1.000000000000000000e+00 4.525419137020524431e+03
0.000000000000000000e+00 2.000000000000000000e+00 8.125992106068488283e+03
1.000000000000000000e+00 0.000000000000000000e+00 4.526522796170755100e+03
1.000000000000000000e+00 5.000000000000000000e+00 5.983194187301380225e+03
2.000000000000000000e+00 0.000000000000000000e+00 8.124888446918255795e+03
2.000000000000000000e+00 3.000000000000000000e+00 1.404709524882861479e+04
2.000000000000000000e+00 1.100000000000000000e+01 1.004340301669091969e+04
3.000000000000000000e+00 2.000000000000000000e+00 1.405819433483085595e+04
3.000000000000000000e+00 4.000000000000000000e+00 1.804597706296888282e+04
3.000000000000000000e+00 1.000000000000000000e+01 5.208919365273210133e+03
4.000000000000000000e+00 3.000000000000000000e+00 1.805716197013650526e+04
4.000000000000000000e+00 5.000000000000000000e+00 8.801239795018713266e+03
4.000000000000000000e+00 8.000000000000000000e+00 1.579515113575188479e+04
5.000000000000000000e+00 1.000000000000000000e+00 5.984297846451612713e+03
5.000000000000000000e+00 4.000000000000000000e+00 8.800381222096020792e+03
5.000000000000000000e+00 7.000000000000000000e+00 1.252623285195925564e+04
6.000000000000000000e+00 7.000000000000000000e+00 1.210134683246975874e+04
6.000000000000000000e+00 1.700000000000000000e+01 1.598478568555038692e+04
7.000000000000000000e+00 5.000000000000000000e+00 1.252647793818679020e+04
7.000000000000000000e+00 6.000000000000000000e+00 1.209913226789719738e+04
7.000000000000000000e+00 8.000000000000000000e+00 6.884092109999664899e+03
7.000000000000000000e+00 1.500000000000000000e+01 8.407417765587222675e+03
8.000000000000000000e+00 4.000000000000000000e+00 1.580719461584219425e+04
8.000000000000000000e+00 7.000000000000000000e+00 6.880250821641779112e+03
8.000000000000000000e+00 9.000000000000000000e+00 2.171352133723446968e+04
9.000000000000000000e+00 8.000000000000000000e+00 2.182172352896689699e+04
9.000000000000000000e+00 1.000000000000000000e+01 1.770889391713209989e+04
9.000000000000000000e+00 1.400000000000000000e+01 2.307525600841331470e+04
9.000000000000000000e+00 1.500000000000000000e+01 1.108159197614846016e+04
9.000000000000000000e+00 1.600000000000000000e+01 8.100706579373763816e+03
1.000000000000000000e+01 3.000000000000000000e+00 5.308833544107821581e+03
1.000000000000000000e+01 9.000000000000000000e+00 1.759990528060456563e+04
1.000000000000000000e+01 1.100000000000000000e+01 8.374168348935452741e+03
1.000000000000000000e+01 1.300000000000000000e+01 9.760889300719338280e+03
1.100000000000000000e+01 2.000000000000000000e+00 1.003120027153843512e+04
1.100000000000000000e+01 1.000000000000000000e+01 8.406498027074208949e+03
1.100000000000000000e+01 1.200000000000000000e+01 1.231931499128454379e+04
1.200000000000000000e+01 1.100000000000000000e+01 1.243944192427084454e+04
1.200000000000000000e+01 2.300000000000000000e+01 1.107768101105622191e+04
1.300000000000000000e+01 1.000000000000000000e+01 9.819485164887655628e+03
1.300000000000000000e+01 1.400000000000000000e+01 9.032532235347127425e+03
1.300000000000000000e+01 2.200000000000000000e+01 8.451601313997929537e+03
1.400000000000000000e+01 9.000000000000000000e+00 2.320058758000608213e+04
1.400000000000000000e+01 1.300000000000000000e+01 9.072809983427634506e+03
1.400000000000000000e+01 1.800000000000000000e+01 1.931408273300614383e+04
1.400000000000000000e+01 2.100000000000000000e+01 1.842134426856667778e+04
1.500000000000000000e+01 7.000000000000000000e+00 8.409289575600076205e+03
1.500000000000000000e+01 9.000000000000000000e+00 1.107352068127003622e+04
1.500000000000000000e+01 1.600000000000000000e+01 1.170850146305275302e+04
1.500000000000000000e+01 1.700000000000000000e+01 1.554466962602326748e+04
1.600000000000000000e+01 9.000000000000000000e+00 8.100637130919399169e+03
1.600000000000000000e+01 1.500000000000000000e+01 1.174814001398365690e+04
1.600000000000000000e+01 1.800000000000000000e+01 9.936941159759609945e+03
1.700000000000000000e+01 6.000000000000000000e+00 1.598700025012295191e+04
1.700000000000000000e+01 1.500000000000000000e+01 1.549883159022678410e+04
1.700000000000000000e+01 1.900000000000000000e+01 1.924869344299782824e+04
1.800000000000000000e+01 1.400000000000000000e+01 1.919804489937725884e+04
1.800000000000000000e+01 1.600000000000000000e+01 9.976510262236162816e+03
1.800000000000000000e+01 1.900000000000000000e+01 8.781965291199627245e+03
1.900000000000000000e+01 1.700000000000000000e+01 1.910506997177392986e+04
1.900000000000000000e+01 1.800000000000000000e+01 8.705496560047284220e+03
1.900000000000000000e+01 2.000000000000000000e+01 6.218886210451858460e+03
1.900000000000000000e+01 2.100000000000000000e+01 7.002067133337051928e+03
2.000000000000000000e+01 1.900000000000000000e+01 6.397131259617717660e+03
2.000000000000000000e+01 2.100000000000000000e+01 8.459601495255261398e+03
2.000000000000000000e+01 2.300000000000000000e+01 1.030221448802564919e+04
2.100000000000000000e+01 1.400000000000000000e+01 1.860299142186883546e+04
2.100000000000000000e+01 1.900000000000000000e+01 6.503729881794938592e+03
2.100000000000000000e+01 2.000000000000000000e+01 8.685076129519944516e+03
2.100000000000000000e+01 2.200000000000000000e+01 9.682993286637476558e+03
2.200000000000000000e+01 1.300000000000000000e+01 8.469919430085737986e+03
2.200000000000000000e+01 2.100000000000000000e+01 9.591777822662190374e+03
2.200000000000000000e+01 2.300000000000000000e+01 7.892458941452748149e+03
2.300000000000000000e+01 1.200000000000000000e+01 1.109780794404251901e+04
2.300000000000000000e+01 2.000000000000000000e+01 1.025498490292684255e+04
2.300000000000000000e+01 2.200000000000000000e+01 7.819561593565264957e+03
