i	j	o12d6l37
0	1	 4490.17
0	2	 8115.68
1	0	 4516.69
1	5	 5965.49
2	0	 8089.16
2	3	14016.71
2	11	10038.29
3	2	14043.09
3	4	18013.26
3	10	 5210.48
4	3	18043.31
4	5	 8796.66
4	8	15785.43
5	1	 5992.01
5	4	 8805.96
5	7	12487.66
6	7	12102.40
6	17	15841.15
7	5	12523.49
7	6	12038.54
7	8	 6877.81
7	15	 8380.34
8	4	15806.17
8	7	 6831.18
8	9	21756.71
9	8	21830.83
9	10	17727.29
9	14	23136.23
9	15	11041.85
9	16	 8100.68
10	3	 5306.81
10	9	17607.02
10	11	 8370.00
10	13	 9780.54
11	2	 9985.38
11	10	 8404.33
11	12	12307.28
12	11	12388.71
12	23	11124.54
13	10	 9822.28
13	14	 9036.75
13	22	 8392.67
14	9	23204.41
14	13	 9078.56
14	18	19086.50
14	21	18396.14
15	7	 8398.93
15	9	11068.17
15	16	11675.23
15	17	15316.24
16	9	 8100.57
16	15	11664.38
16	18	 9952.55
17	6	15905.01
17	15	15372.00
17	19	19023.75
18	14	19119.66
18	16	 9941.59
18	19	 8672.95
19	17	19043.38
19	18	 8695.15
19	20	 6313.55
19	21	 7002.39
20	19	 6255.64
20	21	 8610.05
20	23	10306.82
21	14	18372.97
21	19	 7002.13
21	20	 8598.74
21	22	 9658.43
22	13	 8392.59
22	21	 9623.68
22	23	 7895.66
23	12	11105.97
23	20	10260.22
23	22	 7860.83
