i	j	       0	       1	       2	       3	       4	       5	       6	       7	       8	       9	      10	      11	      12	      13	      14	      15	      16	      17	      18	      19	      20	      21	      22	      23
0	1	 2600.17	    0.00	  271.84	  199.98	   22.68	    0.00	    0.01	    0.02	   45.35	  136.27	  199.98	  502.03	  475.60	  100.00	   22.68	    0.02	    0.02	    0.00	    0.03	    0.00	    0.00	    0.07	    0.15	   28.82
0	2	 6199.83	 1191.13	    0.00	    0.00	    0.00	  226.73	  151.82	  265.20	    0.00	    0.00	    0.00	    0.00	    0.00	    0.00	    0.00	  133.80	    0.00	   37.89	    0.00	    0.02	    0.00	    0.00	    0.00	    0.00
1	0	    0.00	 1291.13	    0.00	    0.00	    0.00	  526.73	  651.80	 1065.16	    0.00	    0.00	    0.00	    0.00	    0.00	    0.00	    0.00	  633.78	    0.44	  137.88	    0.03	  299.91	    0.00	    0.02	    0.00	    0.00
1	5	 2500.17	 2708.87	  171.84	    0.00	    0.00	    0.00	    0.00	    0.00	    0.00	    0.00	    0.00	  402.03	  175.60	    0.00	    0.00	    0.00	    0.00	    0.00	    0.00	    0.00	    0.00	    0.01	    0.15	   28.82
2	0	    0.00	    0.00	  371.84	  699.98	  222.68	    0.00	    0.03	    0.05	  545.35	 1436.27	  699.98	  702.03	  975.60	  400.00	  522.68	    0.04	  399.57	    0.00	  300.01	    0.11	  100.00	  400.05	  300.15	  128.82
2	3	 4499.12	  690.83	 1927.95	    0.00	    0.00	    0.07	    0.00	    0.00	    0.00	    0.00	    0.00	 3784.69	 2510.93	    0.09	    0.00	    0.00	    0.00	    0.00	    0.00	    0.00	  202.98	    0.06	    4.47	  471.00
2	11	 1600.70	  400.30	  500.21	 1601.61	  403.22	  500.35	  701.11	 1200.00	 1399.64	  712.03	    0.60	    0.00	    0.00	    0.23	   61.22	  597.19	  200.77	  199.48	   26.24	    0.07	    0.00	    0.00	    0.00	    0.00
3	2	    0.00	    0.00	    0.00	 2501.59	  725.90	  573.69	  649.32	 1134.85	 2044.99	 2448.15	 1000.45	    0.00	    0.00	  500.10	  683.79	  663.41	  700.30	  161.60	  326.21	    0.07	    0.00	    0.00	    0.00	    0.00
3	4	 3197.14	  190.92	 1327.66	 6696.64	    0.00	    0.00	    0.00	    0.00	    0.00	    0.00	  905.45	 3184.63	 1910.88	  200.00	    0.07	    0.00	    0.00	    0.00	    0.02	    0.00	    3.02	    0.07	  199.84	  270.97
3	10	  801.98	  299.96	  400.29	 2401.76	  699.99	  599.79	    0.08	    4.29	    0.90	    0.16	    0.00	    0.06	    0.04	    0.07	    0.06	    0.28	    0.04	    0.02	    0.02	    0.02	    0.02	    0.04	    0.05	    0.02
4	3	    0.00	    0.04	    0.00	    0.00	 1925.89	 1573.40	 1049.40	 1839.14	 2745.89	 3646.99	    0.00	    0.00	    0.00	    0.00	 1180.83	 1463.69	 1199.95	  261.62	  524.97	  300.09	    0.03	  398.90	    0.00	    0.00
4	5	    0.00	    0.00	  533.65	 2203.87	 1291.38	    0.00	    0.02	    0.03	  554.72	 1263.61	  404.51	 1459.32	  540.47	  100.00	  277.11	    0.04	    0.04	    0.00	    0.09	    0.01	    0.01	    0.02	   99.84	   71.16
4	8	 2997.14	  899.95	  694.01	 3992.78	 2882.73	 1399.98	    0.03	    0.12	    0.00	    0.00	    0.94	 1525.31	 1170.42	    0.00	    0.00	    0.07	    0.00	    0.01	    0.00	    0.03	    0.00	    0.00	    0.00	  199.81
5	1	    0.00	    0.00	    0.00	    0.02	   77.32	  926.73	  851.79	 1465.15	  154.65	  463.73	    0.02	    0.00	    0.00	    0.01	   77.32	 1033.77	  200.43	  137.88	   99.99	  399.90	    0.00	   99.96	    0.00	    0.00
5	4	    0.00	  809.08	    0.00	    0.00	    0.00	 3173.38	  968.92	 1815.36	    0.00	    0.00	    0.00	    0.00	    0.00	    0.00	    0.00	 1518.84	    0.56	  202.74	    0.03	  311.80	    0.07	    0.00	    0.00	    0.00
5	7	 2200.17	 1499.79	  405.49	 1803.85	 1014.06	 3499.88	    0.00	    0.00	    0.07	    0.00	    4.50	 1661.35	  516.07	    0.00	    0.00	    0.00	    0.00	    0.00	    0.00	    0.00	    0.00	    0.00	    0.00	    0.00
6	7	    0.00	    0.00	    0.00	    0.00	    0.00	    0.00	 4109.93	    0.00	    0.00	    0.15	    0.00	    0.00	    0.00	  399.80	  599.71	  567.18	  183.18	  999.11	  999.14	 2598.65	  499.95	  799.77	  299.94	  199.97
6	17	  400.09	  300.07	    0.07	  400.28	  100.19	  900.46	 7990.07	 4300.98	 1698.79	    0.28	    0.14	  197.50	    0.12	    0.00	    0.00	    0.00	    0.00	    0.00	    0.00	    0.00	    0.00	    0.00	    0.00	    0.00
7	5	    0.00	    0.00	    0.00	    0.00	    0.00	    0.00	 2220.69	 4080.47	    0.00	    0.12	    0.00	    0.00	    0.00	    0.00	    0.22	 3452.57	  700.95	  440.62	  299.93	 1011.70	  100.05	  299.93	    0.00	    0.01
7	6	  900.09	  500.07	  100.07	  800.28	  300.19	 1300.46	    0.00	 5300.98	 2298.39	    2.56	    0.89	  897.28	    0.51	    0.00	    0.00	    0.00	    0.04	    0.00	    0.00	    0.00	    0.00	    0.00	    0.00	    0.00
7	8	    0.00	    0.00	    0.00	    0.00	    0.00	    0.00	  889.24	 3719.46	    0.00	    0.00	    0.00	    0.00	    0.00	    0.00	    0.00	 1441.82	    0.10	  258.73	    0.00	  687.60	    0.03	    0.00	    0.00	    0.00
7	15	  500.16	  599.76	  161.00	  632.09	  395.02	 1399.51	    0.00	 3599.10	  620.23	    0.50	    0.16	  402.72	    0.14	    0.00	    0.00	    0.00	    0.00	    0.00	    0.00	    0.00	    0.00	    0.00	    0.00	    0.00
8	4	    0.00	    0.00	    0.00	    0.00	    0.00	    0.00	  280.53	  523.93	 4100.62	 5910.60	    0.00	    0.00	    0.00	    0.00	 1657.86	  444.95	 1399.42	   58.89	  625.02	   88.33	   96.95	  598.85	    0.00	    0.00
8	7	    0.08	    0.04	   55.59	  328.52	  181.16	    0.09	    0.00	    0.00	 3718.55	 1602.49	  796.55	  238.66	   84.58	    0.07	    0.00	    0.00	    0.15	    0.00	    0.00	    0.00	    0.00	    0.00	    0.00	    0.00
8	9	 2497.07	  699.91	  538.42	 2964.26	 1901.57	  999.89	    8.80	 2395.64	 8380.83	    0.00	    0.00	  686.77	  485.96	    0.00	    0.00	    0.32	    0.00	    0.06	    0.00	    0.00	    0.00	    0.00	    0.00	    0.00
9	8	    0.00	    0.00	    0.00	    0.00	    0.00	    0.00	    0.05	    0.00	    0.00	10313.10	 2195.61	    0.12	    0.12	  600.08	 2657.86	  403.38	 2299.47	    0.20	 1025.02	    0.70	  396.92	 1298.85	  500.00	    0.19
9	10	    0.00	    0.00	    0.00	    0.00	    0.00	    0.00	  499.87	  795.74	 1704.82	 8310.32	    0.00	    0.00	    0.00	    0.00	 1355.31	 1503.20	 1899.35	  199.98	  449.66	  468.05	    2.46	  518.65	    0.00	    0.00
9	14	  799.56	  100.00	   99.95	 1098.81	  596.96	  200.04	    0.00	    0.00	 2195.52	15045.71	 2045.74	  693.03	   41.88	    0.00	    0.00	    0.00	    0.76	    0.00	    0.00	    0.00	    0.00	    0.00	    0.00	    0.00
9	15	    0.05	    0.00	   38.95	  167.77	  104.85	    0.00	    0.00	    0.00	  780.88	 7630.71	 2093.30	  296.70	    0.30	    0.00	    0.00	    0.00	    0.00	    0.00	    0.00	    0.00	    0.00	    0.00	    0.00	    0.00
9	16	  399.64	    0.10	   99.97	  499.87	  199.95	    0.04	    0.08	    0.11	  899.92	 3900.16	 1000.07	  599.84	  499.87	    0.05	    0.12	    0.22	    0.00	    0.05	    0.07	    0.13	    0.05	    0.13	    0.05	    0.02
10	3	    0.00	    0.00	    0.00	    0.00	    0.00	    0.00	    0.00	    0.00	    0.00	    1.32	 3405.90	    0.00	    0.00	 1200.08	    3.09	    0.00	    0.39	    0.00	    1.28	    0.00	    0.03	    1.16	  695.43	    0.00
10	9	    2.18	    0.13	    0.45	    2.19	    0.19	    0.11	    0.00	    0.00	    0.30	    0.00	11234.71	 2902.92	 1956.21	 1058.12	    0.00	    0.00	    0.00	    0.00	    0.00	    0.00	    0.00	    0.00	  374.53	   51.61
10	11	    0.00	    0.00	    0.00	    0.00	    0.00	    0.00	    0.00	    0.00	    0.15	 3188.19	 2399.73	    0.00	    0.00	  799.98	  675.24	  103.48	  899.17	    0.02	  289.37	    0.00	    0.00	    0.00	    0.00	    0.00
10	13	  300.48	  100.04	  100.06	  999.65	  199.82	  199.69	    0.00	    0.03	  305.27	 1120.97	 5259.66	 1007.05	  117.18	    0.00	    0.00	    0.00	    0.00	    0.00	    0.00	    0.00	    0.00	    0.00	    0.00	    0.00
11	2	    0.00	    0.00	    0.00	    0.00	    0.00	    0.00	    0.00	    0.00	    0.00	    0.15	    0.14	 4686.72	 3586.52	    0.22	    0.11	    0.02	    0.05	    0.00	    0.03	    0.10	  302.98	  500.11	  404.62	  599.82
11	10	    0.68	    0.21	    0.22	    0.07	    0.02	    0.02	    0.00	    0.00	    0.00	    0.00	    0.00	 5309.92	 3073.35	    0.00	    0.00	    0.00	    0.00	    0.00	    0.00	    0.00	    0.03	    0.00	    0.00	    0.27
11	12	 1400.03	  300.09	  299.99	 1001.54	  203.20	  300.33	    1.38	  600.00	  799.79	 1900.07	 1000.19	 3903.37	    0.00	  100.34	   36.47	    1.17	  499.90	    0.03	   15.63	    0.03	    0.00	    0.00	    0.00	    0.00
12	11	    0.00	    0.00	    0.00	    0.00	    0.00	    0.00	    0.27	    0.00	    0.00	    0.00	    0.00	    0.00	 7959.87	    0.34	    0.13	    0.52	    0.00	    0.53	    0.05	  500.06	  603.00	 1200.11	 1104.62	 1100.09
12	23	  900.03	    0.09	  199.99	  401.54	    3.20	  100.33	    0.00	    0.00	  199.79	    0.07	    0.19	 2603.37	 6640.13	    0.00	    0.00	    0.00	    0.00	    0.00	    0.00	    0.00	    0.00	    0.00	    0.00	    0.00
13	10	    0.00	    0.00	    0.00	    0.00	    0.00	    0.00	    0.06	    0.00	    0.00	    0.00	    0.00	    0.00	    0.00	 4658.11	  722.96	    0.00	    0.18	    0.02	  240.97	  131.92	  397.53	  582.47	 2369.91	  651.32
13	14	    0.47	    0.05	    0.06	    0.45	    0.00	    0.00	    0.00	    0.00	    0.32	    0.00	  976.54	  307.05	   99.16	 6283.07	    0.00	    0.00	    0.00	    0.00	    0.00	    0.00	    0.00	    0.00	 1226.08	  129.66
13	22	    0.05	    0.00	    0.01	  499.21	   99.82	   99.70	    0.00	    0.00	  198.73	  831.73	 2683.19	    0.09	    0.00	 3158.82	  461.31	    0.00	  236.50	    0.00	  145.02	    0.00	    0.00	    0.00	    0.00	    0.00
14	9	    0.00	    0.00	    0.00	    0.00	    0.00	    0.00	    0.00	    0.00	    0.00	    0.00	    0.00	    0.00	    0.00	 1642.01	 8013.29	    0.29	    0.76	    0.05	 3274.41	 1402.79	 1599.43	 4417.63	 1925.51	  748.60
14	13	    0.00	    0.00	    0.00	    0.02	    0.00	    0.00	  199.10	  398.21	  493.78	 1810.76	    0.07	    0.00	    0.00	    0.00	 2484.27	  699.07	  936.68	   99.55	  685.98	  629.44	    0.35	  636.60	    0.00	    0.00
14	18	  299.99	    0.06	    0.00	  200.02	  100.01	    0.05	    0.02	    0.03	  400.06	 3666.74	  905.34	  300.00	  300.04	 2896.10	 5899.66	    0.05	    0.41	    0.01	    0.00	    0.05	  685.46	 2899.92	  899.98	  297.90
14	21	    0.05	    0.00	    0.01	  399.22	  296.95	    0.00	    0.00	    0.00	 1301.38	 5568.22	  716.87	    0.08	    0.00	  444.96	 5002.78	    0.23	 2564.94	    0.00	 2136.32	    0.00	    0.00	    0.00	    0.00	    0.00
15	7	    0.00	    0.00	    0.00	    0.00	    0.00	    0.00	    0.00	    0.00	    0.00	    0.54	    0.00	    0.00	    0.00	    0.12	    0.51	 6527.21	 1917.76	    0.24	    0.79	    0.64	    0.14	    0.16	    0.07	    0.05
15	9	    0.00	    0.05	    0.00	    0.00	    0.00	    0.07	 2390.77	    0.21	    0.00	    0.00	    0.00	    0.00	    0.00	    0.00	    0.00	 6305.09	    0.56	  899.95	    0.19	 1565.65	    0.00	    0.00	    0.00	    0.00
15	16	    0.39	  199.95	    0.03	    0.15	    0.06	  500.05	 1000.71	 1400.45	    0.29	    0.50	    0.09	    0.16	    0.09	    0.00	    0.00	 5996.02	    0.00	  600.32	    0.00	 1697.74	  313.76	    0.00	    0.00	  102.10
15	17	    0.00	    0.00	    0.00	    0.00	    0.00	    0.00	    0.00	    0.00	    0.93	 3231.01	  693.64	    0.10	    0.00	    0.03	    0.06	 7271.68	 3881.03	    0.00	    0.18	    0.00	    0.00	    0.00	    0.00	    0.00
16	9	    0.00	    0.00	    0.00	    0.00	    0.00	    0.00	    0.43	    0.00	    0.00	    0.00	    0.00	    0.00	    0.00	    0.00	    0.00	    1.09	 8098.27	    0.17	    0.15	    0.45	    0.00	    0.00	    0.00	    0.00
16	15	    0.00	    0.00	    0.00	    0.00	    0.00	    0.00	    0.00	    0.00	    0.00	    0.50	    0.16	    0.00	    0.00	  698.58	 1199.28	    0.00	 8599.24	    0.00	 1299.86	    0.00	    0.05	    0.11	    0.04	    0.03
16	18	    0.03	    0.05	    0.00	    0.02	    0.01	    0.09	    0.36	    0.56	    0.22	    0.16	    0.00	    0.00	    0.00	    0.00	    0.00	 3195.15	 6702.49	    0.20	    0.00	    0.00	    0.00	    0.00	    0.00	    0.00
17	6	    0.00	    0.00	    0.00	    0.00	    0.00	    0.00	    0.00	    0.00	    0.40	 1897.87	  499.25	    0.21	  399.61	  599.80	 1099.71	 1967.18	 1183.14	 1199.11	 1399.14	 3098.65	  699.95	 1299.77	  499.94	  299.97
17	15	    0.19	    0.24	    0.07	    0.30	    0.19	    0.61	 4791.48	    1.56	    0.11	    0.34	    0.11	    0.83	  599.65	    1.57	    1.29	    0.00	    0.11	 2000.51	    1.30	 4864.04	  913.85	 1200.05	  500.02	  402.12
17	19	  299.91	  299.82	    0.00	  299.99	  100.01	  799.85	 2998.59	 3999.42	 1499.21	  633.48	   94.41	    0.06	    0.10	    0.00	    0.00	 4804.50	 2097.91	 1600.38	    0.00	    0.00	    0.00	    0.00	    0.00	    0.00
18	14	    0.00	    0.01	    0.00	    0.00	    0.00	    0.02	  699.03	  998.12	  899.35	    0.00	    0.00	    0.00	    0.00	    0.00	    0.00	 1899.41	 5002.02	  299.58	 6896.70	 3131.57	    0.15	    0.38	    0.16	    0.07
18	16	    0.00	    0.00	    0.00	    0.00	    0.00	    0.00	    0.00	    0.00	    0.00	    0.00	    0.00	    0.00	    0.04	 1398.52	 2699.16	    0.00	    0.00	    0.00	 2999.94	    2.57	  286.25	 1699.97	  600.00	  197.91
18	19	    0.02	    0.00	    0.00	    0.04	    0.02	    0.02	    0.00	    0.00	    0.09	 1866.90	  505.34	    0.00	    0.00	 1197.59	 2400.49	    0.00	    0.88	    0.00	 2903.36	    0.00	    0.00	    0.00	    0.00	    0.00
19	17	    0.00	    0.00	    0.00	    0.00	    0.00	    0.00	    0.00	    0.00	    0.00	    0.40	    0.00	    3.51	 1099.24	  701.35	 1300.93	    0.00	    0.14	    0.00	 1700.26	 8362.69	 1713.79	 2799.82	 1099.96	  702.08
19	18	    0.00	   99.90	    0.00	    0.00	    0.00	  199.90	 1098.66	 1697.53	  899.17	    0.00	    0.00	    0.00	    0.00	    0.01	    0.00	    4.21	    0.00	  599.37	    0.00	 4334.10	    0.94	    0.43	    0.17	    0.07
19	20	    0.02	    0.00	    0.00	    0.01	    0.02	   99.97	  699.33	  600.68	    0.08	    0.05	    0.02	    0.01	    0.02	    0.02	    0.03	 1500.46	  398.62	  200.74	    3.18	 2701.67	    0.00	    0.07	    0.03	    0.02
19	21	    0.00	   99.92	    0.00	    0.02	    0.01	  200.00	  700.60	  801.20	    0.06	    0.21	    0.04	    0.00	    0.00	    0.00	    0.16	 1699.83	    0.11	  400.27	    0.08	 3101.54	    0.18	    0.00	    0.00	    0.00
20	19	    0.09	    0.00	    0.00	    0.00	    0.00	    0.00	    0.00	    0.00	    0.00	    0.29	    0.02	  403.43	 1699.09	    0.07	    0.15	    0.00	    0.06	    0.00	    0.16	    0.00	 2914.79	    0.21	    2.43	 1101.88
20	21	  258.18	    0.04	   64.54	    0.07	    0.00	    0.03	    0.10	    0.11	    0.03	    0.00	    0.00	  451.81	 1430.62	    0.00	    0.00	    0.25	    0.00	    0.06	    0.00	    0.58	 4886.83	    0.00	    0.00	 1603.57
20	23	    0.00	    0.00	    0.00	    0.00	    0.00	    0.02	  499.25	  200.59	    0.03	  481.59	    0.00	    0.00	    0.00	    0.00	  660.78	  900.33	  199.48	  100.69	  239.66	 1501.17	 3198.39	 2291.21	    0.00	    0.00
21	14	    0.00	    0.00	    0.00	    0.00	    0.00	    0.00	    0.09	    0.12	    0.03	    0.00	    0.00	    0.00	  859.01	    0.00	    0.00	    0.23	    0.00	    0.04	    0.00	    0.71	 3085.08	10553.77	 2599.26	 1316.77
21	19	    0.00	    0.00	    0.00	    0.00	    0.00	    0.00	    0.00	    0.00	    0.00	    0.00	    0.29	    0.03	    0.08	    3.72	    0.49	    0.00	    0.00	    0.00	    0.00	    0.00	    0.12	 5200.11	 1797.73	    0.30
21	20	    0.00	    0.00	    0.00	    0.02	   97.06	    0.01	    0.01	    0.03	  299.96	 1681.83	    1.84	    0.00	    0.00	    0.81	 1460.90	    0.12	  400.92	    0.01	  636.64	    0.08	    0.00	 4091.34	    1.41	    0.00
21	22	    0.00	    0.00	    0.00	    0.00	    0.00	    0.02	  200.60	  301.17	  301.47	 1286.60	    0.00	    0.00	    0.00	    0.00	  941.56	  499.96	  464.12	  100.28	  299.76	  701.34	    1.80	 4554.77	    0.00	    0.00
22	13	    0.04	    0.01	    0.01	    0.00	    0.00	    0.01	    0.95	    1.76	    0.00	    0.00	    0.00	    0.09	  581.98	    0.00	    0.00	    0.93	    0.00	    0.47	    0.01	    2.48	  797.18	 1145.87	 4695.99	 1180.98
22	21	  141.78	    0.03	   35.44	    0.71	    0.10	    0.00	    0.00	    0.00	    0.00	    0.00	  385.22	  248.14	  728.46	  759.57	    0.00	    0.00	    0.00	    0.00	    0.00	    0.00	    0.00	    0.00	 6498.41	  813.50
22	23	    0.00	    0.00	    0.00	    0.00	    0.00	    0.00	    0.07	    0.05	    0.20	  318.33	  998.02	    0.00	    0.00	 1299.25	  402.87	    0.10	  100.62	    0.02	  144.76	    0.35	    0.06	 1308.98	 3305.61	    0.00
23	12	    0.00	    0.00	    0.00	    0.00	    0.00	    0.00	  398.89	    0.00	    0.00	    0.00	    0.00	    0.00	    0.00	  500.00	  663.65	  599.35	    0.10	  100.50	  284.42	 1100.03	 1203.00	 2500.11	 1904.62	 1800.09
23	20	  358.25	    0.04	   64.54	  200.04	    2.93	    0.06	    0.00	    0.00	    0.01	    0.00	  398.16	 1155.23	 3729.69	  399.25	    0.00	    0.00	    0.00	    0.00	    0.00	    0.00	    0.00	    0.00	  700.99	 3205.43
23	22	  441.77	    0.05	  135.44	    1.50	    0.28	    0.28	    0.43	    0.65	    0.00	    0.00	    0.05	  948.14	 2110.44	    0.00	    0.00	    1.08	    0.00	    0.21	    0.00	    1.49	 1495.44	    0.08	    0.00	 2694.48
