0.000000000000000000e+00 1.000000000000000000e+00 4.484764418498097257e+03
0.000000000000000000e+00 2.000000000000000000e+00 8.197693450198001301e+03
1.000000000000000000e+00 0.000000000000000000e+00 4.597684994634350915e+03
1.000000000000000000e+00 5.000000000000000000e+00 5.925860382271882372e+03
2.000000000000000000e+00 0.000000000000000000e+00 8.084772874061744915e+03
2.000000000000000000e+00 3.000000000000000000e+00 1.401409201857531662e+04
2.000000000000000000e+00 1.100000000000000000e+01 1.012100081497414430e+04
3.000000000000000000e+00 2.000000000000000000e+00 1.408058644939812257e+04
3.000000000000000000e+00 4.000000000000000000e+00 1.801401876973941398e+04
3.000000000000000000e+00 1.000000000000000000e+01 5.209464250217371045e+03
4.000000000000000000e+00 3.000000000000000000e+00 1.808030247002469332e+04
4.000000000000000000e+00 5.000000000000000000e+00 8.779186501953381594e+03
4.000000000000000000e+00 8.000000000000000000e+00 1.577178609107135708e+04
5.000000000000000000e+00 1.000000000000000000e+00 6.038780958408135120e+03
5.000000000000000000e+00 4.000000000000000000e+00 8.821759977934936614e+03
5.000000000000000000e+00 7.000000000000000000e+00 1.246348153198932050e+04
6.000000000000000000e+00 7.000000000000000000e+00 1.228391393312208493e+04
6.000000000000000000e+00 1.700000000000000000e+01 1.581144605974124897e+04
7.000000000000000000e+00 5.000000000000000000e+00 1.261897558410711099e+04
7.000000000000000000e+00 6.000000000000000000e+00 1.197694941243273024e+04
7.000000000000000000e+00 8.000000000000000000e+00 7.025063685736927255e+03
7.000000000000000000e+00 1.500000000000000000e+01 8.374241072346365399e+03
8.000000000000000000e+00 4.000000000000000000e+00 1.579549631537509595e+04
8.000000000000000000e+00 7.000000000000000000e+00 6.787001898706546854e+03
8.000000000000000000e+00 9.000000000000000000e+00 2.178541648468153289e+04
9.000000000000000000e+00 8.000000000000000000e+00 2.167106492195487590e+04
9.000000000000000000e+00 1.000000000000000000e+01 1.774934670552577882e+04
9.000000000000000000e+00 1.400000000000000000e+01 2.318778518990917655e+04
9.000000000000000000e+00 1.500000000000000000e+01 1.101400215361648588e+04
9.000000000000000000e+00 1.600000000000000000e+01 8.101117840611845168e+03
1.000000000000000000e+01 3.000000000000000000e+00 5.309674980754896751e+03
1.000000000000000000e+01 9.000000000000000000e+00 1.756936676446678393e+04
1.000000000000000000e+01 1.100000000000000000e+01 8.337416770210847972e+03
1.000000000000000000e+01 1.300000000000000000e+01 9.803387110498451875e+03
1.100000000000000000e+01 2.000000000000000000e+00 9.941585808015091970e+03
1.100000000000000000e+01 1.000000000000000000e+01 8.421725062221377812e+03
1.100000000000000000e+01 1.200000000000000000e+01 1.236008412974681232e+04
1.200000000000000000e+01 1.100000000000000000e+01 1.236497741479828437e+04
1.200000000000000000e+01 2.300000000000000000e+01 1.114578505634745670e+04
1.300000000000000000e+01 1.000000000000000000e+01 9.739309607966450130e+03
1.300000000000000000e+01 1.400000000000000000e+01 9.010275346043232275e+03
1.300000000000000000e+01 2.200000000000000000e+01 8.278392650726238571e+03
1.400000000000000000e+01 9.000000000000000000e+00 2.298069428251511636e+04
1.400000000000000000e+01 1.300000000000000000e+01 9.098895502040533756e+03
1.400000000000000000e+01 1.800000000000000000e+01 1.808975651420193390e+04
1.400000000000000000e+01 2.100000000000000000e+01 1.847220326348439266e+04
1.500000000000000000e+01 7.000000000000000000e+00 8.460832390805189789e+03
1.500000000000000000e+01 9.000000000000000000e+00 1.118742400664554589e+04
1.500000000000000000e+01 1.600000000000000000e+01 1.194261258511084088e+04
1.500000000000000000e+01 1.700000000000000000e+01 1.540067501907568476e+04
1.600000000000000000e+01 9.000000000000000000e+00 8.100415273309202348e+03
1.600000000000000000e+01 1.500000000000000000e+01 1.170589100110844811e+04
1.600000000000000000e+01 1.800000000000000000e+01 9.991540777548359983e+03
1.700000000000000000e+01 6.000000000000000000e+00 1.611841058043060366e+04
1.700000000000000000e+01 1.500000000000000000e+01 1.589740977456598921e+04
1.700000000000000000e+01 1.900000000000000000e+01 1.892084280911816313e+04
1.800000000000000000e+01 1.400000000000000000e+01 1.877057383180153920e+04
1.800000000000000000e+01 1.600000000000000000e+01 9.754116626243321662e+03
1.800000000000000000e+01 1.900000000000000000e+01 8.679814246632275172e+03
1.900000000000000000e+01 1.700000000000000000e+01 1.962454208529781317e+04
1.900000000000000000e+01 1.800000000000000000e+01 9.123207412926845791e+03
1.900000000000000000e+01 2.000000000000000000e+01 6.297487840976351436e+03
1.900000000000000000e+01 2.100000000000000000e+01 7.003739173548770850e+03
2.000000000000000000e+01 1.900000000000000000e+01 5.872453316604130123e+03
2.000000000000000000e+01 2.100000000000000000e+01 9.011506856317259007e+03
2.000000000000000000e+01 2.300000000000000000e+01 1.027053019607269925e+04
2.100000000000000000e+01 1.400000000000000000e+01 1.757291519448801046e+04
2.100000000000000000e+01 1.900000000000000000e+01 8.475866140395206457e+03
2.100000000000000000e+01 2.000000000000000000e+01 8.580626584296065630e+03
2.100000000000000000e+01 2.200000000000000000e+01 9.566950662191644369e+03
2.200000000000000000e+01 1.300000000000000000e+01 8.125694992196943531e+03
2.200000000000000000e+01 2.100000000000000000e+01 9.708909288020493477e+03
2.200000000000000000e+01 2.300000000000000000e+01 8.098963915256964356e+03
2.300000000000000000e+01 1.200000000000000000e+01 1.105067834139893057e+04
2.300000000000000000e+01 2.000000000000000000e+01 1.027637594372165586e+04
2.300000000000000000e+01 2.200000000000000000e+01 8.088224882556531156e+03
