0.000000000000000000e+00 1.000000000000000000e+00 4.496211665388379515e+03
0.000000000000000000e+00 2.000000000000000000e+00 8.120666287957942586e+03
1.000000000000000000e+00 0.000000000000000000e+00 4.520997980949192424e+03
1.000000000000000000e+00 5.000000000000000000e+00 5.966501451667921174e+03
2.000000000000000000e+00 0.000000000000000000e+00 8.095879972397118763e+03
2.000000000000000000e+00 3.000000000000000000e+00 1.401976863651554595e+04
2.000000000000000000e+00 1.100000000000000000e+01 1.003547853583371580e+04
3.000000000000000000e+00 2.000000000000000000e+00 1.404316587961898585e+04
3.000000000000000000e+00 4.000000000000000000e+00 1.801896257784103727e+04
3.000000000000000000e+00 1.000000000000000000e+01 5.213405892978449629e+03
4.000000000000000000e+00 3.000000000000000000e+00 1.804406401147913493e+04
4.000000000000000000e+00 5.000000000000000000e+00 8.793799884282456333e+03
4.000000000000000000e+00 8.000000000000000000e+00 1.578973349128696282e+04
5.000000000000000000e+00 1.000000000000000000e+00 5.991287767228738630e+03
5.000000000000000000e+00 4.000000000000000000e+00 8.805261636905161140e+03
5.000000000000000000e+00 7.000000000000000000e+00 1.248982016002955243e+04
6.000000000000000000e+00 7.000000000000000000e+00 1.210134980375860505e+04
6.000000000000000000e+00 1.700000000000000000e+01 1.580151653701819669e+04
7.000000000000000000e+00 5.000000000000000000e+00 1.252606822821306196e+04
7.000000000000000000e+00 6.000000000000000000e+00 1.204928159149426028e+04
7.000000000000000000e+00 8.000000000000000000e+00 6.881769294125127999e+03
7.000000000000000000e+00 1.500000000000000000e+01 8.381290960901904327e+03
8.000000000000000000e+00 4.000000000000000000e+00 1.580337317230236476e+04
8.000000000000000000e+00 7.000000000000000000e+00 6.840702722268049911e+03
8.000000000000000000e+00 9.000000000000000000e+00 2.174597128824774336e+04
9.000000000000000000e+00 8.000000000000000000e+00 2.181854439740605085e+04
9.000000000000000000e+00 1.000000000000000000e+01 1.772641332311503356e+04
9.000000000000000000e+00 1.400000000000000000e+01 2.312733766326432306e+04
9.000000000000000000e+00 1.500000000000000000e+01 1.104582089338118203e+04
9.000000000000000000e+00 1.600000000000000000e+01 8.100386745555885682e+03
1.000000000000000000e+01 3.000000000000000000e+00 5.311701702443793693e+03
1.000000000000000000e+01 9.000000000000000000e+00 1.760644940217102339e+04
1.000000000000000000e+01 1.100000000000000000e+01 8.366026642777263987e+03
1.000000000000000000e+01 1.300000000000000000e+01 9.779512979166951482e+03
1.100000000000000000e+01 2.000000000000000000e+00 9.987294977169480262e+03
1.100000000000000000e+01 1.000000000000000000e+01 8.406434263424092933e+03
1.100000000000000000e+01 1.200000000000000000e+01 1.230209387782391605e+04
1.200000000000000000e+01 1.100000000000000000e+01 1.239431793980650400e+04
1.200000000000000000e+01 2.300000000000000000e+01 1.111873980526284686e+04
1.300000000000000000e+01 1.000000000000000000e+01 9.817437247041465525e+03
1.300000000000000000e+01 1.400000000000000000e+01 9.034707921258259375e+03
1.300000000000000000e+01 2.200000000000000000e+01 8.397205182809915641e+03
1.400000000000000000e+01 9.000000000000000000e+00 2.319561792624432928e+04
1.400000000000000000e+01 1.300000000000000000e+01 9.078661689843529530e+03
1.400000000000000000e+01 1.800000000000000000e+01 1.908413739061133674e+04
1.400000000000000000e+01 2.100000000000000000e+01 1.840450298016027591e+04
1.500000000000000000e+01 7.000000000000000000e+00 8.406537388678167190e+03
1.500000000000000000e+01 9.000000000000000000e+00 1.107074699303455782e+04
1.500000000000000000e+01 1.600000000000000000e+01 1.168808596360693264e+04
1.500000000000000000e+01 1.700000000000000000e+01 1.528494786354441021e+04
1.600000000000000000e+01 9.000000000000000000e+00 8.099717413024835878e+03
1.600000000000000000e+01 1.500000000000000000e+01 1.167673645720477543e+04
1.600000000000000000e+01 1.800000000000000000e+01 9.952155412726258874e+03
1.700000000000000000e+01 6.000000000000000000e+00 1.585358474928253236e+04
1.700000000000000000e+01 1.500000000000000000e+01 1.534646989737618060e+04
1.700000000000000000e+01 1.900000000000000000e+01 1.899200139273978129e+04
1.800000000000000000e+01 1.400000000000000000e+01 1.911890395475964033e+04
1.800000000000000000e+01 1.600000000000000000e+01 9.940136573793077332e+03
1.800000000000000000e+01 1.900000000000000000e+01 8.685177097791347478e+03
1.900000000000000000e+01 1.700000000000000000e+01 1.900559163883588917e+04
1.900000000000000000e+01 1.800000000000000000e+01 8.707924823006458610e+03
1.900000000000000000e+01 2.000000000000000000e+01 6.304681534260173066e+03
1.900000000000000000e+01 2.100000000000000000e+01 7.002097537524537074e+03
2.000000000000000000e+01 1.900000000000000000e+01 6.242380167860181245e+03
2.000000000000000000e+01 2.100000000000000000e+01 8.618338798277591195e+03
2.000000000000000000e+01 2.300000000000000000e+01 1.030719419219315569e+04
2.100000000000000000e+01 1.400000000000000000e+01 1.838197044757724507e+04
2.100000000000000000e+01 1.900000000000000000e+01 7.000736875235733351e+03
2.100000000000000000e+01 2.000000000000000000e+01 8.607250025091094358e+03
2.100000000000000000e+01 2.200000000000000000e+01 9.658859097720978752e+03
2.200000000000000000e+01 1.300000000000000000e+01 8.391175682099150436e+03
2.200000000000000000e+01 2.100000000000000000e+01 9.623877129662625521e+03
2.200000000000000000e+01 2.300000000000000000e+01 7.900267575503037733e+03
2.300000000000000000e+01 1.200000000000000000e+01 1.111096386724543299e+04
2.300000000000000000e+01 2.000000000000000000e+01 1.025598159897966980e+04
2.300000000000000000e+01 2.200000000000000000e+01 7.859256106733928391e+03
