i	j	       0	       1	       2	       3	       4	       5	       6	       7	       8	       9	      10	      11	      12	      13	      14	      15	      16	      17	      18	      19	      20	      21	      22	      23
0	1	 2600.25	    0.00	  262.19	  199.98	   19.36	    0.00	    0.01	    0.02	   38.72	  116.29	  200.02	  457.95	  452.68	  100.00	   19.31	    0.02	    0.03	    0.00	    0.02	    0.00	    0.01	    0.09	    0.13	   28.93
0	2	 6199.75	 1132.64	    0.00	    0.00	    0.00	  205.37	  161.98	  278.26	    0.00	    0.00	    0.00	    0.00	    0.00	    0.00	    0.00	  101.11	    0.00	   39.63	    0.00	    0.02	    0.00	    0.00	    0.00	    0.00
1	0	    0.00	 1232.64	    0.00	    0.00	    0.00	  505.37	  661.96	 1078.22	    0.00	    0.00	    0.00	    0.00	    0.00	    0.00	    0.00	  601.09	    0.49	  139.63	    0.08	  299.98	    0.00	    0.02	    0.00	    0.00
1	5	 2500.25	 2767.36	  162.19	    0.00	    0.00	    0.00	    0.00	    0.00	    0.00	    0.00	    0.04	  357.95	  152.68	    0.01	    0.00	    0.00	    0.00	    0.00	    0.00	    0.00	    0.01	    0.03	    0.13	   28.93
2	0	    0.00	    0.00	  362.19	  699.98	  219.36	    0.00	    0.03	    0.05	  538.72	 1416.29	  700.02	  657.95	  952.68	  400.00	  519.31	    0.04	  399.55	    0.00	  299.93	    0.04	  100.00	  400.07	  300.13	  128.93
2	3	 4499.74	  632.51	 1937.78	    0.00	    0.00	    0.00	    0.00	    0.24	    0.00	    0.00	    0.00	 3767.06	 2505.77	    0.08	    0.00	    0.00	    0.00	    0.00	    0.00	    0.00	  203.06	    0.25	    1.44	  470.89
2	11	 1600.00	  400.13	  500.03	 1602.12	  403.72	  500.41	  765.35	 1200.00	 1399.61	  661.65	    1.24	    0.00	    0.00	    0.17	   59.26	  528.93	  186.62	  199.48	   25.40	    0.11	    0.00	    0.00	    0.00	    0.00
3	2	    0.00	    0.00	    0.00	 2502.11	  723.08	  595.05	  703.39	 1122.03	 2038.32	 2377.94	 1000.64	    0.00	    0.00	  499.81	  678.51	  627.85	  686.17	  159.86	  325.33	    0.11	    0.00	    0.09	    0.07	    0.00
3	4	 3198.25	  132.52	 1337.62	 6697.86	    0.00	    0.00	    0.00	    0.00	    0.00	    0.07	  905.73	 3166.25	 1905.31	  200.09	    0.06	    0.00	    0.03	    0.00	    0.02	    0.00	    3.11	    0.04	  199.93	  270.93
3	10	  801.49	  300.03	  400.16	 2400.03	  699.68	  599.67	    0.42	    3.81	    0.38	    0.16	    0.00	    0.82	    0.45	    0.06	    0.06	    0.12	    0.04	    0.02	    0.02	    0.02	    0.02	    0.04	    0.05	    0.02
4	3	    0.00	    0.04	    0.00	    0.00	 1922.77	 1594.72	 1103.81	 1825.60	 2738.71	 3577.30	    0.00	    0.00	    0.00	    0.00	 1177.92	 1427.97	 1186.04	  259.87	  525.14	  300.13	    0.04	  398.83	    0.00	    0.00
4	5	    0.00	    0.00	  531.08	 2137.24	 1260.92	    0.00	    0.02	    0.03	  561.41	 1283.65	  405.30	 1476.47	  588.92	  100.02	  279.77	    0.04	    0.04	    0.00	    0.10	    0.01	    0.01	    0.00	   99.87	   71.05
4	8	 2998.25	  899.86	  706.54	 4060.62	 2916.31	 1399.84	    0.03	    0.10	    0.00	    0.00	    0.44	 1489.78	 1116.39	    0.07	    0.00	    0.06	    0.00	    0.01	    0.00	    0.03	    0.00	    0.00	    0.06	  199.88
5	1	    0.00	    0.00	    0.00	    0.02	   80.64	  905.37	  861.96	 1478.21	  161.28	  483.71	    0.02	    0.00	    0.00	    0.01	   80.69	 1001.07	  200.45	  139.63	  100.07	  399.98	    0.00	   99.95	    0.00	    0.00
5	4	    0.00	  867.38	    0.00	    0.00	    0.00	 3194.56	 1139.45	 1420.68	    0.00	    0.00	    0.00	    0.00	    0.00	    0.00	    0.00	 1606.10	    0.11	  226.87	    0.03	  347.20	    0.07	    0.05	    0.00	    0.00
5	7	 2200.25	 1499.98	  393.27	 1737.22	  980.28	 3500.07	    0.00	    0.00	    0.15	    0.07	    5.31	 1634.42	  541.60	    0.02	    0.00	    0.00	    0.00	    0.00	    0.00	    0.00	    0.00	    0.00	    0.00	    0.00
6	7	    0.00	    0.00	    0.00	    0.00	    0.00	    0.00	 4167.75	    0.00	    0.00	    0.00	    0.00	    0.00	    0.00	  399.77	  600.52	  396.34	  146.33	  999.34	  999.33	 2599.51	  500.08	  800.03	  299.99	  200.00
6	17	  431.27	  337.26	    7.36	  429.38	  118.46	  987.11	 7932.25	 4522.61	  824.50	    0.60	    0.12	  213.33	    0.04	    0.00	    0.00	    0.00	    0.02	    0.00	    0.00	    0.00	    0.00	    0.00	    0.00	    0.00
7	5	    0.00	    0.00	    0.00	    0.00	    0.00	    0.00	 2401.39	 3698.86	    0.02	    0.12	    0.00	    0.00	    0.00	    0.00	    0.92	 3507.14	  700.52	  466.49	  300.00	 1047.16	  100.06	  299.98	    0.00	    0.01
7	6	  931.27	  537.26	  107.36	  829.38	  318.46	 1387.11	    0.00	 5522.61	 1424.44	    5.10	    1.65	  913.26	   68.24	    0.00	    0.00	    0.00	    0.11	    0.00	    0.00	    0.00	    0.00	    0.00	    0.00	    0.00
7	8	    0.00	    0.00	    0.00	    0.00	    0.00	    0.00	  766.36	 4101.05	    0.00	    0.00	    0.00	    0.00	    0.00	    0.00	    0.00	 1132.75	    0.00	  232.90	    0.00	  652.48	    0.04	    0.08	    0.00	    0.00
7	15	  469.06	  562.77	  173.49	  686.95	  429.33	 1313.05	    0.00	 3377.48	  882.14	    0.00	    0.06	  487.48	    0.30	    0.00	    0.00	    0.00	    0.00	    0.00	    0.00	    0.00	    0.00	    0.00	    0.00	    0.00
8	4	    0.00	    0.00	    0.00	    0.00	    0.00	    0.00	  164.41	  905.06	 4100.12	 5860.88	    0.00	    0.00	    0.00	    0.00	 1657.63	  321.96	 1385.94	   33.01	  625.19	   52.97	   96.86	  598.75	    0.00	    0.00
8	7	    0.08	    0.04	   87.58	  479.12	  267.50	    0.09	    0.00	    0.00	 3106.46	 1604.90	  796.40	  366.32	  126.94	    0.00	    0.00	    0.00	    0.22	    0.00	    0.00	    0.00	    0.00	    0.00	    0.00	    0.00
8	9	 2498.18	  699.82	  518.96	 2881.51	 1848.81	  999.75	    2.03	 2396.09	 8993.42	    0.00	    0.00	  523.51	  389.51	    0.00	    0.00	    0.24	    0.00	    0.12	    0.00	    0.30	    0.00	    0.00	    0.00	    0.00
9	8	    0.00	    0.00	    0.00	    0.00	    0.00	    0.00	    0.05	    0.00	    0.00	10265.78	 2195.96	    0.05	    0.05	  599.93	 2657.63	  589.39	 2286.16	    0.23	 1025.19	    0.77	  396.83	 1298.66	  499.94	    0.12
9	10	    0.00	    0.00	    0.00	    0.00	    0.00	    0.00	  499.52	  796.19	 1711.35	 8391.87	    0.00	    0.00	    0.00	    0.00	 1277.23	 1570.68	 1913.41	  200.07	  421.79	  433.34	    2.08	  510.16	    0.00	    0.00
9	14	  798.53	   99.86	   99.82	 1097.92	  596.54	  199.78	    0.00	    0.00	 3088.70	14613.17	 1885.48	  641.97	    6.79	    0.00	    0.00	    0.00	    0.79	    0.00	    0.00	    0.00	    0.00	    0.00	    0.00	    0.00
9	15	    0.00	    0.00	   19.16	   83.68	   52.30	    0.00	    0.00	    0.00	  493.54	 8028.45	 2173.69	  197.28	    0.11	    0.00	    0.00	    0.00	    0.00	    0.00	    0.00	    0.00	    0.00	    0.00	    0.00	    0.00
9	16	  399.65	    0.02	   99.98	  499.91	  199.96	    0.04	    0.08	    0.11	  899.84	 3900.73	  999.60	  599.89	  499.91	    0.06	    0.12	    0.11	    0.00	    0.02	    0.07	    0.14	    0.05	    0.14	    0.05	    0.02
10	3	    0.00	    0.00	    0.00	    0.00	    0.00	    0.00	    0.00	    0.00	    0.00	    0.88	 3406.37	    0.00	    0.00	 1199.88	    0.71	    0.00	    0.20	    0.00	    0.22	    0.00	    0.04	    1.09	  698.61	    0.06
10	9	    0.00	    0.00	    0.00	    0.00	    0.00	    0.00	    0.00	    0.00	    0.00	    0.00	11154.74	 2915.69	 2017.35	 1083.96	    0.00	    0.00	    0.00	    0.00	    0.00	    0.00	    0.00	    0.00	  366.08	   65.15
10	11	    0.00	    0.00	    0.00	    0.00	    0.00	    0.00	    0.00	    0.00	    0.15	 3238.35	 2399.91	    0.00	    0.00	  721.49	  646.48	  170.96	  913.34	    0.11	  277.04	    0.00	    0.00	    0.00	    0.00	    0.00
10	13	  301.59	  100.07	  100.21	 1000.11	  199.71	  199.69	    0.00	    0.00	  311.57	 1152.81	 5338.98	 1057.98	   13.60	    0.00	    0.00	    0.00	    0.04	    0.00	    0.00	    0.00	    0.00	    0.00	    0.00	    0.00
11	2	    0.00	    0.00	    0.00	    0.00	    0.00	    0.00	    0.00	    0.00	    0.00	    0.00	    0.62	 4625.02	 3558.45	    0.45	    0.05	    0.00	    0.00	    0.00	    0.00	    0.03	  303.06	  500.23	  401.50	  599.83
11	10	    0.10	    0.04	    0.05	    0.08	    0.02	    0.02	    0.00	    0.00	    0.00	    0.00	    0.00	 5372.85	 3030.49	    0.00	    0.00	    0.00	    0.00	    0.00	    0.00	    0.00	    0.22	    0.00	    0.00	    0.40
11	12	 1399.90	  300.09	  299.98	 1002.05	  203.70	  300.39	   65.41	  600.00	  799.76	 1900.00	 1000.53	 3902.14	    0.00	   21.53	    5.69	    0.84	  499.96	    0.01	    2.44	    0.04	    0.00	    0.00	    0.00	    0.00
12	11	    0.00	    0.00	    0.00	    0.00	    0.00	    0.00	    0.06	    0.00	    0.00	    0.00	    0.00	    0.00	 7888.93	    0.32	    0.00	    0.94	    0.00	    0.42	    0.00	  499.95	  603.28	 1200.23	 1101.50	 1100.22
12	23	  899.90	    0.09	  199.98	  402.05	    3.70	  100.39	    0.00	    0.00	  199.76	    0.00	    0.53	 2602.14	 6711.07	    0.00	    0.00	    0.00	    0.00	    0.00	    0.00	    0.00	    0.00	    0.00	    0.00	    0.00
13	10	    0.00	    0.00	    0.00	    0.00	    0.00	    0.00	    0.06	    0.00	    0.00	    0.00	    0.00	    0.00	    0.00	 4605.26	  769.90	    0.17	    0.12	    0.02	  255.46	  166.63	  397.72	  590.89	 2364.64	  664.79
13	14	    1.50	    0.07	    0.19	    1.65	    0.05	    0.06	    0.00	    0.00	    0.00	    0.00	 1059.59	  358.03	   99.47	 6245.46	    0.00	    0.00	    0.00	    0.00	    0.00	    0.00	    0.00	    0.00	 1144.69	  124.77
13	22	    0.11	    0.01	    0.02	  498.48	   99.66	   99.64	    0.00	    0.00	  192.57	  802.93	 2679.46	    0.25	    0.00	 3249.28	  426.07	    0.00	  216.38	    0.00	  132.51	    0.00	    0.00	    0.00	    0.00	    0.00
14	9	    0.00	    0.00	    0.00	    0.00	    0.00	    0.00	    0.08	    0.00	    0.00	    0.00	    0.00	    0.00	    0.00	 1616.03	 7934.99	    0.29	    0.74	    0.08	 3246.86	 1721.35	 1598.95	 4408.96	 1933.90	  735.00
14	13	    0.00	    0.00	    0.00	    0.00	    0.00	    0.00	  199.60	  399.19	  480.99	 1750.13	    0.06	    0.00	    0.00	    0.00	 2495.97	  699.12	  916.46	   99.80	  687.96	  665.28	    1.04	  683.85	    0.00	    0.00
14	18	  300.03	    0.06	    0.01	  200.06	  100.03	    0.11	    0.02	    0.03	  400.14	 3266.03	  824.82	  300.05	  282.40	 2896.48	 5900.55	    0.05	    0.40	    0.01	    0.00	    0.05	  556.84	 2899.92	  899.98	  253.99
14	21	    0.00	    0.00	    0.00	  399.50	  296.57	    0.00	    0.00	    0.00	 1307.56	 5597.02	  720.19	    0.00	    0.00	  432.95	 5068.50	    0.23	 2487.69	    0.00	 2093.48	    0.00	    0.00	    0.00	    0.00	    0.00
15	7	    0.00	    0.00	    0.00	    0.00	    0.00	    0.00	    0.00	    0.00	    0.00	    0.26	    0.00	    0.00	    0.00	    0.20	    0.41	 6443.56	 1954.08	    0.05	    0.67	    0.13	    0.02	    0.03	    0.01	    0.01
15	9	    0.00	    0.05	    0.00	    0.00	    0.00	    0.07	 2397.42	    0.21	    0.00	    0.00	    0.00	    0.00	    0.00	    0.00	    0.00	 6558.57	    0.56	  900.06	    0.19	 1212.45	    0.00	    0.00	    0.00	    0.00
15	16	    0.34	  200.07	    0.01	    0.06	    0.03	  500.13	 1000.25	 1401.27	    0.11	    0.50	    0.09	    0.05	    0.00	    0.00	    0.00	 5962.29	    0.00	  600.17	    0.00	 1534.50	  352.75	    0.00	    0.00	  133.60
15	17	    0.02	    0.00	    0.00	    0.02	    0.00	    0.03	    0.00	    0.15	    0.16	 3629.47	  774.04	    0.12	    0.00	    0.03	    0.15	 7135.58	 3758.25	    0.00	    0.15	    0.00	    0.00	    0.00	    0.00	    0.00
16	9	    0.00	    0.00	    0.00	    0.00	    0.00	    0.00	    0.12	    0.00	    0.00	    0.00	    0.00	    0.00	    0.00	    0.00	    0.00	    1.08	 8099.07	    0.06	    0.00	    0.16	    0.00	    0.00	    0.00	    0.00
16	15	    0.00	    0.00	    0.00	    0.00	    0.00	    0.00	    0.00	    0.00	    0.00	    1.42	    0.26	    0.00	    0.00	  690.61	 1185.73	    0.00	 8512.77	    0.00	 1285.03	    0.00	    0.05	    0.10	    0.04	    0.03
16	18	    0.03	    0.09	    0.00	    0.02	    0.01	    0.17	    0.21	    1.38	    0.03	    0.16	    0.00	    0.00	    0.00	    0.00	    0.00	 3161.33	 6788.16	    0.14	    0.00	    0.00	    0.00	    0.00	    0.00	    0.00
17	6	    0.00	    0.00	    0.00	    0.00	    0.00	    0.00	    0.00	    0.00	    0.05	 1895.49	  498.47	    0.06	  331.81	  599.77	 1100.52	 1796.34	 1146.25	 1199.34	 1399.33	 3099.51	  700.08	 1300.03	  499.99	  300.00
17	15	   31.30	   37.36	    7.36	   29.45	   18.40	   87.17	 4797.68	  224.15	   24.59	    0.36	    0.11	   15.41	  599.60	    9.62	   14.82	    0.00	    0.11	 2000.29	   15.98	 4347.08	  952.71	 1199.92	  499.97	  433.58
17	19	  299.99	  299.90	    0.00	  299.95	  100.06	  799.96	 2934.58	 3998.62	  600.01	 1034.42	  175.77	    0.12	    0.00	    0.00	    0.00	 4839.24	 2012.05	 1600.37	    0.00	    0.00	    0.00	    0.00	    0.00	    0.00
18	14	    0.00	    0.14	    0.00	    0.00	    0.00	    0.27	  699.38	  999.10	    0.00	    0.00	    0.00	    0.00	    0.00	    0.00	    0.00	 1899.46	 4904.51	  299.76	 6828.30	 3485.84	    0.15	    0.38	    0.16	    0.07
18	16	    0.04	    0.00	    0.01	    0.04	    0.02	    0.00	    0.00	    0.00	    0.08	    0.35	    0.57	    0.05	    0.09	 1390.55	 2685.61	    0.00	    0.00	    0.00	 2984.96	  165.52	  247.26	 1699.97	  599.99	  166.40
18	19	    0.02	    0.00	    0.00	    0.04	    0.02	    0.02	    0.00	    0.00	    0.09	 1465.84	  424.24	    0.00	    0.00	 1205.94	 2414.94	    0.00	  184.05	    0.00	 2986.74	    0.00	    0.00	    0.00	    0.00	    0.00
19	17	    0.00	    0.00	    0.00	    0.00	    0.00	    0.00	    0.00	    0.00	    0.00	    0.21	    0.19	    2.15	 1031.36	  709.36	 1315.20	    0.00	    0.14	    0.00	 1715.16	 7846.58	 1752.79	 2799.96	 1099.96	  733.59
19	18	    0.00	  100.00	    0.00	    0.00	    0.00	  200.01	 1099.14	 1697.69	    0.00	    0.00	    0.00	    0.00	   17.68	    0.01	    0.00	   38.08	    0.00	  599.61	    0.00	 4851.31	   90.57	    0.42	    0.17	   12.48
19	20	    0.00	    0.00	    0.00	    0.01	    0.07	  100.01	  635.00	  600.66	    0.05	    0.05	    0.02	    0.01	    0.02	    0.02	    0.03	 1500.99	  495.52	  200.64	   71.68	 2701.21	    0.00	    0.07	    0.03	    0.02
19	21	    0.00	   99.90	    0.00	    0.02	    0.01	  199.96	  700.43	  800.26	    0.06	    0.21	    0.04	    0.00	    0.00	    0.00	    0.16	 1700.17	    0.51	  400.12	    0.08	 3100.89	    0.17	    0.00	    0.00	    0.00
20	19	    0.00	    0.00	    0.00	    0.00	    0.00	    0.00	    0.00	    0.00	    0.00	    0.10	    0.02	  401.96	 1648.89	    0.08	    0.16	    0.00	    0.07	    0.00	    0.17	    0.00	 3043.53	    0.24	    2.82	 1145.79
20	21	  263.35	    0.08	   65.84	    0.11	    0.00	    0.03	    0.10	    0.12	    0.00	    0.00	    0.00	  460.86	 1469.28	    0.00	    0.00	    0.26	    0.00	    0.06	    0.00	    0.61	 4758.85	    0.00	    0.00	 1599.35
20	23	    0.00	    0.00	    0.00	    0.00	    0.00	    0.02	  434.91	  200.57	    0.12	  488.30	    0.00	    0.00	    0.00	    0.00	  684.35	  900.84	  211.47	  100.59	  252.89	 1500.68	 3197.62	 2335.58	    0.00	    0.00
21	14	    0.00	    0.00	    0.00	    0.00	    0.00	    0.00	    0.32	    0.12	    0.00	    0.00	    0.00	    0.06	  876.15	    0.00	    0.00	    0.23	    0.00	    0.13	    0.00	    0.84	 2956.68	10592.35	 2689.04	 1264.15
21	19	    0.00	    0.00	    0.00	    0.04	    0.00	    0.00	    0.00	    0.00	    0.00	    0.11	    0.21	    0.08	    0.17	    3.37	    0.28	    0.00	    0.00	    0.00	    0.00	    0.00	    0.00	 5200.21	 1797.34	    0.30
21	20	    0.01	    0.00	    0.00	    0.02	   96.62	    0.01	    0.01	    0.02	  300.06	 1688.35	    2.96	    0.04	    0.00	    1.36	 1484.48	    0.12	  316.02	    0.01	  581.38	    0.07	    0.00	 4135.75	    0.73	    0.00
21	22	    0.00	    0.00	    0.00	    0.00	    0.00	    0.01	  200.21	  300.24	  307.56	 1308.77	    0.00	    0.00	    0.00	    0.00	  983.89	  500.32	  472.19	  100.05	  312.18	  700.59	    2.34	 4471.69	    0.00	    0.00
22	13	    0.01	    0.00	    0.00	    0.02	    0.00	    0.00	    0.46	    0.81	    0.00	    0.00	    0.00	    0.30	  685.88	    0.00	    0.00	    1.05	    0.00	    0.23	    0.01	    1.35	  796.68	 1107.05	 4609.34	 1189.55
22	21	  136.66	    0.02	   34.16	    0.43	    0.05	    0.02	    0.00	    0.00	    0.00	    0.00	  382.94	  239.31	  707.04	  771.78	    0.00	    0.00	    0.00	    0.00	    0.00	    0.00	    0.00	    0.00	 6587.10	  765.11
22	23	    0.01	    0.00	    0.00	    0.02	    0.00	    0.01	    0.20	    0.12	    0.13	  311.70	  996.57	    0.00	    0.00	 1377.50	  409.96	    0.42	   88.57	    0.05	  144.68	    0.83	    0.06	 1264.73	 3303.56	    0.00
23	12	    0.00	    0.00	    0.00	    0.00	    0.00	    0.00	  334.65	    0.00	    0.00	    0.00	    0.00	    0.00	    0.00	  578.79	  694.31	  600.11	    0.04	  100.41	  297.56	 1099.92	 1203.28	 2500.23	 1901.50	 1800.22
23	20	  363.33	    0.07	   65.84	  200.08	    3.31	    0.03	    0.00	    0.00	    0.01	    0.00	  397.05	 1162.78	 3718.15	  398.70	    0.00	    0.00	    0.00	    0.00	    0.00	    0.00	    0.00	    0.00	  702.06	 3245.12
23	22	  436.58	    0.01	  134.14	    1.99	    0.39	    0.39	    0.46	    0.69	    0.00	    0.00	    0.05	  939.36	 2192.92	    0.00	    0.00	    1.15	    0.00	    0.23	    0.00	    1.60	 1494.40	    0.09	    0.00	 2654.66
