0.000000000000000000e+00 1.000000000000000000e+00 4.493462937432494073e+03
0.000000000000000000e+00 2.000000000000000000e+00 8.614857306624862758e+03
1.000000000000000000e+00 0.000000000000000000e+00 4.515385291512399817e+03
1.000000000000000000e+00 5.000000000000000000e+00 5.965628445032523814e+03
2.000000000000000000e+00 0.000000000000000000e+00 8.592934952544956104e+03
2.000000000000000000e+00 3.000000000000000000e+00 1.402302279610973164e+04
2.000000000000000000e+00 1.100000000000000000e+01 1.003822404754829404e+04
3.000000000000000000e+00 2.000000000000000000e+00 1.404987323972910053e+04
3.000000000000000000e+00 4.000000000000000000e+00 1.801795201367755362e+04
3.000000000000000000e+00 1.000000000000000000e+01 5.209177536660120495e+03
4.000000000000000000e+00 3.000000000000000000e+00 1.804457490008157765e+04
4.000000000000000000e+00 5.000000000000000000e+00 8.797506576073186807e+03
4.000000000000000000e+00 8.000000000000000000e+00 1.578678442791331327e+04
5.000000000000000000e+00 1.000000000000000000e+00 5.987550799112436835e+03
5.000000000000000000e+00 4.000000000000000000e+00 8.807951542284885363e+03
5.000000000000000000e+00 7.000000000000000000e+00 1.249110409157040885e+04
6.000000000000000000e+00 7.000000000000000000e+00 1.210213257440159032e+04
6.000000000000000000e+00 1.700000000000000000e+01 1.579841620642408088e+04
7.000000000000000000e+00 5.000000000000000000e+00 1.252347141186202134e+04
7.000000000000000000e+00 6.000000000000000000e+00 1.204112446273526075e+04
7.000000000000000000e+00 8.000000000000000000e+00 6.883194573277359268e+03
7.000000000000000000e+00 1.500000000000000000e+01 8.386347118285002580e+03
8.000000000000000000e+00 4.000000000000000000e+00 1.580296234810563874e+04
8.000000000000000000e+00 7.000000000000000000e+00 6.835930844122375674e+03
8.000000000000000000e+00 9.000000000000000000e+00 2.175187525681425905e+04
9.000000000000000000e+00 8.000000000000000000e+00 2.182078944785155909e+04
9.000000000000000000e+00 1.000000000000000000e+01 1.772760734088215395e+04
9.000000000000000000e+00 1.400000000000000000e+01 2.313041441715880501e+04
9.000000000000000000e+00 1.500000000000000000e+01 1.104646574613013399e+04
9.000000000000000000e+00 1.600000000000000000e+01 8.100374925620147224e+03
1.000000000000000000e+01 3.000000000000000000e+00 5.309405093875480816e+03
1.000000000000000000e+01 9.000000000000000000e+00 1.760519763114704256e+04
1.000000000000000000e+01 1.100000000000000000e+01 8.364895511570965027e+03
1.000000000000000000e+01 1.300000000000000000e+01 9.778137449710160581e+03
1.100000000000000000e+01 2.000000000000000000e+00 9.989451249849018495e+03
1.100000000000000000e+01 1.000000000000000000e+01 8.403682655550042909e+03
1.100000000000000000e+01 1.200000000000000000e+01 1.230376098479042412e+04
1.200000000000000000e+01 1.100000000000000000e+01 1.239377533107022646e+04
1.200000000000000000e+01 2.300000000000000000e+01 1.111994974551843734e+04
1.300000000000000000e+01 1.000000000000000000e+01 9.817168153211327080e+03
1.300000000000000000e+01 1.400000000000000000e+01 9.034661822794452746e+03
1.300000000000000000e+01 2.200000000000000000e+01 8.398233786364113257e+03
1.400000000000000000e+01 9.000000000000000000e+00 2.319657266466024157e+04
1.400000000000000000e+01 1.300000000000000000e+01 9.080566572577679835e+03
1.400000000000000000e+01 1.800000000000000000e+01 1.908332780137083319e+04
1.400000000000000000e+01 2.100000000000000000e+01 1.840354791709171332e+04
1.500000000000000000e+01 7.000000000000000000e+00 8.404970056065258177e+03
1.500000000000000000e+01 9.000000000000000000e+00 1.107155627156125047e+04
1.500000000000000000e+01 1.600000000000000000e+01 1.169013403440211914e+04
1.500000000000000000e+01 1.700000000000000000e+01 1.528394291321172750e+04
1.600000000000000000e+01 9.000000000000000000e+00 8.100450053460044728e+03
1.600000000000000000e+01 1.500000000000000000e+01 1.167841624322733878e+04
1.600000000000000000e+01 1.800000000000000000e+01 9.951898500714562033e+03
1.700000000000000000e+01 6.000000000000000000e+00 1.585942431809040318e+04
1.700000000000000000e+01 1.500000000000000000e+01 1.533937416759790722e+04
1.700000000000000000e+01 1.900000000000000000e+01 1.898776197542080263e+04
1.800000000000000000e+01 1.400000000000000000e+01 1.911826724175688651e+04
1.800000000000000000e+01 1.600000000000000000e+01 9.940255837379652803e+03
1.800000000000000000e+01 1.900000000000000000e+01 8.684504083714371518e+03
1.900000000000000000e+01 1.700000000000000000e+01 1.900420134147331555e+04
1.900000000000000000e+01 1.800000000000000000e+01 8.707800860765502875e+03
1.900000000000000000e+01 2.000000000000000000e+01 6.305620408614139706e+03
1.900000000000000000e+01 2.100000000000000000e+01 7.001905000791672137e+03
2.000000000000000000e+01 1.900000000000000000e+01 6.242494662484979926e+03
2.000000000000000000e+01 2.100000000000000000e+01 8.618437784582059976e+03
2.000000000000000000e+01 2.300000000000000000e+01 1.030720417831011218e+04
2.100000000000000000e+01 1.400000000000000000e+01 1.838067147399033274e+04
2.100000000000000000e+01 1.900000000000000000e+01 7.004766890024489840e+03
2.100000000000000000e+01 2.000000000000000000e+01 8.605807151130189595e+03
2.100000000000000000e+01 2.200000000000000000e+01 9.658782966587375995e+03
2.200000000000000000e+01 1.300000000000000000e+01 8.391359740082059943e+03
2.200000000000000000e+01 2.100000000000000000e+01 9.626137779266937287e+03
2.200000000000000000e+01 2.300000000000000000e+01 7.899763320220572496e+03
2.300000000000000000e+01 1.200000000000000000e+01 1.110996409179824695e+04
2.300000000000000000e+01 2.000000000000000000e+01 1.025670906563281824e+04
2.300000000000000000e+01 2.200000000000000000e+01 7.860244086618077745e+03
