i	j	       0	       1	       2	       3	       4	       5	       6	       7	       8	       9	      10	      11	      12	      13	      14	      15	      16	      17	      18	      19	      20	      21	      22	      23
0	1	 2600.15	    0.00	  266.67	  200.00	   16.71	    0.00	    0.01	    0.02	   33.42	  100.27	  200.00	  475.14	  458.52	   99.99	   16.67	    0.02	    0.02	    0.00	    0.02	    0.00	    0.01	    0.06	    0.14	   28.62
0	2	 6199.85	 1160.60	    0.00	    0.00	    0.00	  234.79	  141.19	  246.48	    0.00	    0.00	    0.00	    0.00	    0.00	    0.00	    0.00	  100.86	    0.00	   35.03	    0.00	    0.00	    0.00	    0.00	    0.00	    0.00
1	0	    0.00	 1260.60	    0.00	    0.00	    0.00	  534.79	  641.17	 1046.45	    0.00	    0.00	    0.00	    0.00	    0.00	    0.00	    0.00	  600.84	    0.62	  135.02	    0.04	  299.99	    0.00	    0.01	    0.00	    0.00
1	5	 2500.15	 2739.40	  166.67	    0.04	    0.00	    0.00	    0.00	    0.00	    0.00	    0.00	    0.04	  375.14	  158.52	    0.02	    0.00	    0.00	    0.00	    0.00	    0.00	    0.00	    0.01	    0.03	    0.14	   28.62
2	0	    0.00	    0.00	  366.67	  700.00	  216.71	    0.00	    0.03	    0.05	  533.42	 1400.27	  700.00	  675.14	  958.52	  399.99	  516.67	    0.03	  399.40	    0.00	  299.97	    0.02	  100.01	  400.05	  300.14	  128.62
2	3	 4499.21	  660.29	 1933.13	    0.00	    0.00	    0.11	    0.00	    0.00	    0.00	    0.00	    0.00	 3744.94	 2505.60	    0.08	    0.00	    0.00	    0.00	    0.00	    0.00	    0.00	  202.38	    0.02	    1.96	  471.15
2	11	 1600.64	  400.31	  500.20	 1601.98	  403.54	  500.48	  775.06	 1200.00	 1399.72	  665.78	    0.42	    0.00	    0.00	    0.10	   52.41	  527.52	  187.78	  199.30	   22.46	    0.08	    0.00	    0.00	    0.00	    0.00
3	2	    0.00	    0.00	    0.00	 2501.97	  720.26	  565.80	  733.90	 1153.57	 2033.14	 2365.65	  999.32	    0.00	    0.00	  499.32	  668.89	  626.69	  687.13	  164.27	  322.36	    0.09	    0.00	    0.03	    0.02	    0.00
3	4	 3197.96	  160.01	 1332.95	 6697.43	    0.00	    0.00	    0.00	    0.00	    0.00	    0.44	  903.97	 3144.67	 1905.41	  200.03	    0.10	    0.00	    0.06	    0.00	    0.07	    0.00	    2.45	    0.12	  199.85	  271.19
3	10	  801.25	  300.32	  400.17	 2400.60	  699.86	  599.47	    0.43	    7.44	    0.53	    0.15	    0.00	    0.27	    0.19	    0.06	    0.05	    0.11	    0.04	    0.02	    0.02	    0.02	    0.02	    0.04	    0.05	    0.02
4	3	    0.00	    0.04	    0.00	    0.00	 1920.12	 1565.16	 1134.33	 1861.00	 2733.68	 3563.48	    0.00	    0.00	    0.00	    0.00	 1166.31	 1426.80	 1186.54	  264.29	  521.27	  300.07	    0.03	  399.05	    0.00	    0.00
4	5	    0.00	    0.00	  530.77	 2138.28	 1264.98	    0.00	    0.02	    0.03	  566.71	 1299.68	  403.80	 1457.24	  581.29	  100.03	  282.98	    0.03	    0.04	    0.00	    0.07	    0.01	    0.01	    0.03	   99.85	   71.37
4	8	 2997.96	  899.56	  702.18	 4059.15	 2914.91	 1399.90	    0.02	    0.09	    0.00	    0.00	    0.16	 1487.43	 1124.12	    0.00	    0.00	    0.05	    0.00	    0.01	    0.00	    0.02	    0.00	    0.00	    0.00	  199.82
5	1	    0.00	    0.00	    0.00	    0.05	   83.29	  934.79	  841.16	 1446.43	  166.58	  499.73	    0.05	    0.00	    0.00	    0.02	   83.33	 1000.83	  200.60	  135.02	  100.03	  399.98	    0.00	   99.98	    0.00	    0.00
5	4	    0.00	  839.59	    0.00	    0.00	    0.00	 3165.06	 1032.24	 1809.11	    0.00	    0.00	    0.00	    0.00	    0.00	    0.00	    0.00	 1449.15	    0.07	  202.39	    0.02	  307.26	    0.09	    0.08	    0.00	    0.00
5	7	 2200.15	 1499.81	  397.45	 1738.27	  981.69	 3500.15	    0.00	    0.00	    0.14	    0.06	    3.80	 1632.38	  539.81	    0.02	    0.00	    0.00	    0.00	    0.00	    0.00	    0.00	    0.00	    0.00	    0.00	    0.00
6	7	    0.00	    0.00	    0.00	    0.00	    0.00	    0.00	 4178.45	    0.00	    0.00	    0.00	    0.00	    0.00	    0.00	  399.87	  600.12	  388.17	  137.95	  999.08	  999.65	 2599.10	  500.14	  800.04	  299.98	  199.99
6	17	  430.66	  336.62	    8.31	  431.84	  119.93	  985.80	 7921.55	 4520.28	  833.27	    0.44	    0.13	  217.29	    0.02	    0.00	    0.00	    0.00	    0.02	    0.00	    0.00	    0.00	    0.00	    0.00	    0.00	    0.00
7	5	    0.00	    0.00	    0.00	    0.00	    0.00	    0.00	 2273.38	 4055.51	    0.00	    0.11	    0.00	    0.00	    0.00	    0.00	    0.35	 3349.95	  700.63	  437.41	  299.98	 1007.24	  100.07	  300.00	    0.00	    0.01
7	6	  930.66	  536.62	  108.31	  831.84	  319.93	 1385.80	    0.00	 5520.28	 1433.22	    3.57	    1.15	  917.29	   60.15	    0.00	    0.00	    0.00	    0.10	    0.00	    0.00	    0.00	    0.00	    0.00	    0.00	    0.00
7	8	    0.00	    0.00	    0.00	    0.00	    0.00	    0.19	  905.07	 3744.40	    0.00	    0.00	    0.00	    0.00	    0.00	    0.00	    0.00	 1276.74	    0.00	  261.77	    0.00	  692.18	    0.11	    0.11	    0.00	    0.00
7	15	  469.56	  563.23	  175.34	  698.70	  436.69	 1314.24	    0.00	 3379.81	  863.49	    0.00	    0.17	  478.13	    0.18	    0.00	    0.00	    0.00	    0.00	    0.00	    0.00	    0.00	    0.00	    0.00	    0.00	    0.00
8	4	    0.00	    0.00	    0.00	    0.00	    0.00	    0.00	  302.13	  552.02	 4100.39	 5862.71	    0.00	    0.00	    0.00	    0.00	 1649.19	  477.73	 1386.46	   61.91	  621.25	   92.84	   97.50	  598.89	    0.00	    0.00
8	7	    0.07	    0.04	   86.21	  492.27	  274.93	    0.08	    0.00	    0.00	 3096.57	 1603.38	  797.51	  363.03	  120.53	    0.00	    0.00	    0.00	    0.20	    0.00	    0.00	    0.00	    0.00	    0.00	    0.00	    0.00
8	9	 2497.89	  699.52	  515.97	 2866.88	 1839.97	 1000.01	    3.01	 2392.47	 9003.04	    0.00	    0.00	  524.54	  403.73	    0.00	    0.00	    0.22	    0.00	    0.06	    0.00	    0.00	    0.00	    0.00	    0.00	    0.00
9	8	    0.00	    0.00	    0.00	    0.00	    0.00	    0.00	    0.05	    0.00	    0.00	10266.10	 2197.35	    0.14	    0.14	  600.00	 2649.19	  601.15	 2286.66	    0.18	 1021.25	    0.64	  397.39	 1298.78	  500.00	    0.18
9	10	    0.00	    0.00	    0.00	    0.00	    0.00	    0.00	  499.57	  792.56	 1716.80	 8409.19	    0.00	    0.00	    0.00	    0.00	 1287.62	 1572.19	 1912.34	  200.00	  425.97	  422.90	    2.97	  484.29	    0.00	    0.00
9	14	  799.83	  100.04	   99.98	 1099.30	  596.73	  200.03	    0.00	    0.00	 3082.72	14585.53	 1909.67	  650.49	    3.82	    0.00	    0.00	    0.00	    0.73	    0.00	    0.00	    0.00	    0.00	    0.00	    0.00	    0.00
9	15	    0.00	    0.00	   16.36	   69.53	   43.45	    0.00	    0.00	    0.00	  503.73	 8038.38	 2171.62	  203.49	    0.12	    0.00	    0.00	    0.00	    0.00	    0.00	    0.00	    0.00	    0.00	    0.00	    0.00	    0.00
9	16	  399.73	    0.04	   99.97	  499.85	  199.94	    0.04	    0.08	    0.11	  899.79	 3900.81	  999.76	  599.83	  499.85	    0.05	    0.11	    0.11	    0.00	    0.05	    0.07	    0.13	    0.05	    0.13	    0.05	    0.02
10	3	    0.00	    0.00	    0.00	    0.00	    0.00	    0.00	    0.00	    0.00	    0.00	    2.77	 3403.29	    0.00	    0.00	 1199.33	    2.73	    0.00	    0.69	    0.00	    1.17	    0.05	    0.06	    1.12	  697.97	    0.06
10	9	    1.67	    0.51	    0.34	    1.80	    0.16	    0.00	    0.00	    0.00	    0.00	    0.00	11178.40	 2929.41	 2000.19	 1132.16	    0.00	    0.00	    0.00	    0.00	    0.00	    0.00	    0.00	    0.00	  312.58	   48.56
10	11	    0.00	    0.00	    0.00	    0.00	    0.00	    0.00	    0.00	    0.00	    0.14	 3234.62	 2400.90	    0.00	    0.00	  712.87	  652.52	  172.30	  912.22	    0.02	  279.64	    0.00	    0.00	    0.00	    0.00	    0.00
10	13	  300.36	  100.03	  100.07	  998.87	  199.73	  199.62	    0.00	    0.00	  317.20	 1171.96	 5317.41	 1049.55	   23.15	    0.00	    0.00	    0.00	    0.00	    0.00	    0.00	    0.00	    0.00	    0.00	    0.00	    0.00
11	2	    0.00	    0.00	    0.00	    0.00	    0.00	    0.00	    0.00	    0.00	    0.00	    0.40	    1.09	 4620.08	 3564.12	    0.85	    0.19	    0.00	    0.05	    0.00	    0.07	    0.00	  302.38	  500.04	  402.08	  599.77
11	10	    0.77	    0.22	    0.23	    0.07	    0.02	    0.15	    0.00	    0.00	    0.00	    0.00	    0.00	 5378.68	 3023.15	    0.00	    0.00	    0.00	    0.00	    0.00	    0.00	    0.00	    0.04	    0.00	    0.00	    0.37
11	12	 1399.87	  300.09	  299.97	 1001.90	  203.52	  300.33	   75.14	  600.00	  799.86	 1900.00	 1000.22	 3901.23	    0.00	   12.68	    4.74	    0.74	  499.96	    0.05	    2.03	    0.03	    0.00	    0.00	    0.00	    0.00
12	11	    0.00	    0.00	    0.00	    0.00	    0.00	    0.00	    0.08	    0.00	    0.00	    0.00	    0.00	    0.00	 7887.27	    0.56	    0.00	    0.93	    0.00	    0.74	    0.00	  499.95	  602.43	 1200.04	 1102.08	 1100.14
12	23	  899.87	    0.09	  199.97	  401.90	    3.52	  100.33	    0.00	    0.00	  199.86	    0.00	    0.22	 2601.23	 6712.73	    0.00	    0.00	    0.00	    0.00	    0.00	    0.00	    0.00	    0.00	    0.00	    0.00	    0.00
13	10	    0.00	    0.00	    0.00	    0.00	    0.00	    0.00	    0.00	    0.00	    0.00	    0.00	    0.00	    0.00	    0.00	 4644.30	  767.58	    0.00	    0.53	    0.00	  254.83	  177.13	  397.04	  616.78	 2310.50	  648.23
13	14	    0.23	    0.03	    0.04	    0.26	    0.05	    0.00	    0.00	    0.00	    0.00	    0.00	 1034.64	  349.61	  100.03	 6208.51	    0.00	    0.00	    0.00	    0.00	    0.00	    0.00	    0.00	    0.00	 1209.19	  133.77
13	22	    0.14	    0.00	    0.03	  498.63	   99.68	   99.63	    0.00	    0.00	  192.98	  809.85	 2682.83	    0.34	    0.33	 3247.18	  435.66	    0.00	  194.83	    0.00	  137.62	    0.00	    0.00	    0.00	    0.00	    0.00
14	9	    0.00	    0.00	    0.00	    0.00	    0.00	    0.00	    0.00	    0.00	    0.00	    0.00	    0.00	    0.00	    0.00	 1567.89	 7936.92	    0.28	    0.91	    0.05	 3246.98	 1719.58	 1600.41	 4383.20	 1987.46	  751.65
14	13	    0.00	    0.00	    0.00	    0.00	    0.00	    0.00	  199.67	  399.33	  475.79	 1737.89	    0.06	    0.00	    0.00	    0.00	 2503.24	  699.50	  895.36	   99.83	  692.44	  676.10	    0.47	  701.62	    0.00	    0.00
14	18	  300.05	    0.11	    0.02	  200.10	  100.01	    0.19	    0.01	    0.03	  400.06	 3257.45	  827.31	  300.16	  279.64	 2896.75	 5900.14	    0.05	    0.38	    0.01	    0.00	    0.04	  560.49	 2899.92	  900.06	  261.48
14	21	    0.00	    0.00	    0.00	  399.47	  296.77	    0.00	    0.00	    0.00	 1306.88	 5590.19	  716.94	    0.00	    0.00	  443.99	 5059.70	    0.21	 2463.40	    0.00	 2125.59	    0.00	    0.00	    0.00	    0.00	    0.00
15	7	    0.00	    0.00	    0.00	    0.00	    0.00	    0.00	    0.00	    0.00	    0.00	    0.24	    0.00	    0.00	    0.00	    0.11	    0.24	 6438.52	 1962.57	    0.11	    0.34	    0.32	    0.04	    0.07	    0.03	    0.02
15	9	    0.00	    0.05	    0.00	    0.00	    0.00	    0.07	 2396.51	    0.20	    0.00	    0.00	    0.00	    0.00	    0.00	    0.00	    0.00	 6571.47	    0.52	  899.91	    0.18	 1203.95	    0.00	    0.00	    0.00	    0.00
15	16	    0.23	  199.98	    0.01	    0.08	    0.07	  500.06	 1000.33	 1400.28	    0.25	    0.47	    0.08	    0.08	    0.03	    0.00	    0.00	 5982.91	    0.00	  600.30	    0.00	 1533.31	  347.69	    0.00	    0.00	  123.27
15	17	    0.04	    0.02	    0.00	    0.04	    0.01	    0.07	    0.00	    0.34	    0.19	 3639.12	  772.04	    0.09	    0.01	    0.07	    0.17	 7107.11	 3768.46	    0.00	    0.17	    0.00	    0.00	    0.00	    0.00	    0.00
16	9	    0.00	    0.00	    0.00	    0.00	    0.00	    0.00	    0.17	    0.00	    0.00	    0.00	    0.00	    0.00	    0.00	    0.00	    0.00	    1.49	 8098.30	    0.21	    0.12	    0.13	    0.00	    0.00	    0.00	    0.00
16	15	    0.00	    0.00	    0.00	    0.00	    0.00	    0.00	    0.00	    0.00	    0.00	    1.12	    0.23	    0.00	    0.00	  687.20	 1178.92	    0.00	 8531.45	    0.00	 1277.48	    0.00	    0.05	    0.10	    0.12	    0.07
16	18	    0.02	    0.02	    0.00	    0.02	    0.01	    0.09	    0.23	    0.39	    0.03	    0.15	    0.00	    0.00	    0.00	    0.00	    0.00	 3181.53	 6770.25	    0.13	    0.00	    0.00	    0.00	    0.00	    0.00	    0.00
17	6	    0.00	    0.00	    0.00	    0.00	    0.00	    0.00	    0.00	    0.00	    0.05	 1896.87	  498.98	    0.00	  339.86	  599.87	 1100.12	 1788.17	 1137.88	 1199.08	 1399.65	 3099.10	  700.14	 1300.04	  499.98	  299.99
17	15	   30.71	   36.82	    8.31	   31.89	   19.93	   85.95	 4796.84	  221.02	   33.21	    0.33	    0.11	   18.56	  599.74	   12.99	   21.49	    0.00	    0.11	 2000.31	   23.20	 4337.58	  947.68	 1199.97	  499.91	  423.22
17	19	  299.99	  299.83	    0.00	  299.99	  100.01	  799.92	 2924.71	 3999.61	  600.19	 1042.66	  173.09	    0.04	    0.00	    0.00	    0.00	 4818.93	 2030.63	 1600.61	    0.00	    0.00	    0.00	    0.00	    0.00	    0.00
18	14	    0.00	    0.04	    0.00	    0.00	    0.00	    0.16	  699.60	  999.28	    0.00	    0.00	    0.00	    0.00	    0.00	    0.00	    0.00	 1899.88	 4859.32	  299.86	 6865.01	 3495.26	    0.15	    0.36	    0.15	    0.07
18	16	    0.06	    0.00	    0.02	    0.08	    0.00	    0.00	    0.00	    0.00	    0.00	    0.00	    0.39	    0.09	    0.12	 1387.14	 2678.80	    0.00	    0.00	    0.00	 2977.54	  166.69	  252.32	 1699.97	  600.07	  176.77
18	19	    0.02	    0.00	    0.00	    0.03	    0.02	    0.02	    0.00	    0.00	    0.09	 1457.60	  426.92	    0.06	    0.09	 1209.62	 2421.34	    0.00	  211.31	    0.00	 2957.46	    0.00	    0.00	    0.00	    0.00	    0.00
19	17	    0.00	    0.00	    0.00	    0.00	    0.00	    0.00	    0.00	    0.00	    0.00	    0.30	    0.00	    1.22	 1039.57	  712.78	 1321.44	    0.00	    0.13	    0.00	 1722.68	 7836.68	 1747.81	 2800.01	 1099.89	  723.21
19	18	    0.00	   99.92	    0.00	    0.00	    0.00	  199.90	 1099.36	 1698.86	    0.00	    0.00	    0.00	    0.00	   20.57	    0.01	    0.00	   18.31	    0.00	  599.72	    0.00	 4861.91	   91.98	    0.40	    0.16	   15.36
19	20	    0.00	    0.00	    0.00	    0.01	    0.02	  100.02	  625.22	  600.49	    0.12	    0.05	    0.02	    0.00	    0.00	    0.00	    0.03	 1500.85	  541.59	  200.82	   34.93	 2701.06	    0.00	    0.00	    0.00	    0.00
19	21	    0.00	   99.91	    0.00	    0.02	    0.01	  200.03	  700.13	  800.25	    0.16	    0.20	    0.04	    0.00	    0.00	    0.00	    0.15	 1699.77	    0.29	  400.07	    0.07	 3100.35	    0.17	    0.00	    0.00	    0.00
20	19	    0.00	    0.00	    0.00	    0.00	    0.00	    0.00	    0.00	    0.00	    0.00	    0.09	    0.02	  401.10	 1659.98	    0.07	    0.15	    0.00	    0.06	    0.00	    0.16	    0.00	 3039.96	    0.21	    1.43	 1138.32
20	21	  262.18	    0.08	   65.55	    0.18	    0.00	    0.01	    0.05	    0.07	    0.00	    0.00	    0.00	  458.82	 1461.56	    0.00	    0.00	    0.14	    0.00	    0.03	    0.00	    0.36	 4763.44	    0.00	    0.08	 1605.65
20	23	    0.00	    0.00	    0.00	    0.00	    0.00	    0.02	  425.17	  200.43	    0.11	  479.77	    0.00	    0.00	    0.00	    0.00	  671.80	  900.79	  299.97	  100.79	  245.08	 1500.70	 3196.60	 2285.80	    0.00	    0.00
21	14	    0.00	    0.00	    0.00	    0.00	    0.00	    0.00	    0.08	    0.08	    0.00	    0.00	    0.00	    0.05	  875.80	    0.12	    0.00	    0.16	    0.00	    0.04	    0.00	    0.46	 2961.22	10584.39	 2678.18	 1279.29
21	19	    0.00	    0.00	    0.00	    0.00	    0.00	    0.00	    0.00	    0.00	    0.00	    0.19	    0.03	    0.02	    0.07	    3.10	    0.14	    0.00	    0.00	    0.00	    0.07	    0.00	    0.00	 5200.20	 1798.61	    0.25
21	20	    0.02	    0.00	    0.00	    0.03	   96.82	    0.00	    0.00	    0.00	  299.98	 1679.82	    1.26	    0.06	    0.02	    0.57	 1471.92	    0.07	  358.44	    0.00	  610.31	    0.00	    0.00	 4086.01	    0.41	    0.02
21	22	    0.00	    0.00	    0.00	    0.00	    0.00	    0.04	  200.11	  300.24	  307.06	 1310.37	    0.00	    0.00	    0.00	    0.00	  987.80	  499.89	  405.24	  100.06	  315.28	  700.25	    2.39	 4529.40	    0.00	    0.00
22	13	    0.01	    0.00	    0.00	    0.02	    0.00	    0.00	    0.33	    0.67	    0.00	    0.00	    0.00	    0.41	  677.21	    0.00	    0.00	    0.50	    0.00	    0.17	    0.01	    1.03	  796.56	 1115.16	 4619.69	 1182.00
22	21	  137.83	    0.01	   34.45	    0.37	    0.04	    0.00	    0.00	    0.00	    0.00	    0.00	  384.30	  241.31	  714.33	  759.80	    0.00	    0.00	    0.00	    0.00	    0.00	    0.00	    0.00	    0.00	 6577.13	  773.91
22	23	    0.02	    0.00	    0.00	    0.03	    0.00	    0.02	    0.09	    0.05	    0.04	  320.23	  998.58	    0.08	    0.00	 1387.38	  423.46	    0.19	    0.07	    0.05	  152.89	    0.31	    0.29	 1314.31	 3303.18	    0.00
23	12	    0.00	    0.00	    0.00	    0.00	    0.00	    0.00	  324.94	    0.00	    0.00	    0.00	    0.00	    0.00	    0.00	  587.88	  695.26	  600.18	    0.04	  100.69	  297.97	 1099.92	 1202.43	 2500.04	 1902.08	 1800.14
23	20	  362.16	    0.08	   65.55	  200.14	    3.16	    0.01	    0.00	    0.00	    0.01	    0.00	  398.75	 1159.86	 3721.51	  399.51	    0.00	    0.00	    0.00	    0.00	    0.00	    0.00	    0.00	    0.00	  701.10	 3243.96
23	22	  437.72	    0.01	  134.43	    1.79	    0.36	    0.35	    0.31	    0.48	    0.00	    0.00	    0.05	  941.45	 2191.21	    0.00	    0.00	    0.79	    0.00	    0.16	    0.00	    1.09	 1494.46	    0.08	    0.00	 2655.91
