0.000000000000000000e+00 1.000000000000000000e+00 4.486782517323497814e+03
0.000000000000000000e+00 2.000000000000000000e+00 8.118770659885346504e+03
1.000000000000000000e+00 0.000000000000000000e+00 4.519212602879843871e+03
1.000000000000000000e+00 5.000000000000000000e+00 5.959150122200305304e+03
2.000000000000000000e+00 0.000000000000000000e+00 8.086340574329004085e+03
2.000000000000000000e+00 3.000000000000000000e+00 1.398559415286148214e+04
2.000000000000000000e+00 1.100000000000000000e+01 9.943204357551392604e+03
3.000000000000000000e+00 2.000000000000000000e+00 1.395066058211879135e+04
3.000000000000000000e+00 4.000000000000000000e+00 1.798195177089867502e+04
3.000000000000000000e+00 1.000000000000000000e+01 5.306986106292125442e+03
4.000000000000000000e+00 3.000000000000000000e+00 1.804658059954544660e+04
4.000000000000000000e+00 5.000000000000000000e+00 8.795893081723159412e+03
4.000000000000000000e+00 8.000000000000000000e+00 1.575239881178303949e+04
5.000000000000000000e+00 1.000000000000000000e+00 5.991580207756651362e+03
5.000000000000000000e+00 4.000000000000000000e+00 8.802841608203341821e+03
5.000000000000000000e+00 7.000000000000000000e+00 1.248584561868525634e+04
6.000000000000000000e+00 7.000000000000000000e+00 1.210393896102371036e+04
6.000000000000000000e+00 1.700000000000000000e+01 1.583196408508888999e+04
7.000000000000000000e+00 5.000000000000000000e+00 1.252522423072178754e+04
7.000000000000000000e+00 6.000000000000000000e+00 1.203981347057818857e+04
7.000000000000000000e+00 8.000000000000000000e+00 6.885479240273815776e+03
7.000000000000000000e+00 1.500000000000000000e+01 8.382574915864612194e+03
8.000000000000000000e+00 4.000000000000000000e+00 1.581007911394962866e+04
8.000000000000000000e+00 7.000000000000000000e+00 6.836477404034341816e+03
8.000000000000000000e+00 9.000000000000000000e+00 2.171165898782689328e+04
9.000000000000000000e+00 8.000000000000000000e+00 2.182033745375403669e+04
9.000000000000000000e+00 1.000000000000000000e+01 1.770731013968485422e+04
9.000000000000000000e+00 1.400000000000000000e+01 2.314901103127999522e+04
9.000000000000000000e+00 1.500000000000000000e+01 1.104837230120597269e+04
9.000000000000000000e+00 1.600000000000000000e+01 8.100690323032413289e+03
1.000000000000000000e+01 3.000000000000000000e+00 5.307423706902651247e+03
1.000000000000000000e+01 9.000000000000000000e+00 1.763009109622962933e+04
1.000000000000000000e+01 1.100000000000000000e+01 8.377979853737297162e+03
1.000000000000000000e+01 1.300000000000000000e+01 9.793079236803618187e+03
1.100000000000000000e+01 2.000000000000000000e+00 9.945707842737736428e+03
1.100000000000000000e+01 1.000000000000000000e+01 8.379106069388051765e+03
1.100000000000000000e+01 1.200000000000000000e+01 1.222159809311408935e+04
1.200000000000000000e+01 1.100000000000000000e+01 1.232522779395120233e+04
1.200000000000000000e+01 2.300000000000000000e+01 1.108886687819725194e+04
1.300000000000000000e+01 1.000000000000000000e+01 9.815171578308159951e+03
1.300000000000000000e+01 1.400000000000000000e+01 9.038995157950872454e+03
1.300000000000000000e+01 2.200000000000000000e+01 8.421178246382867655e+03
1.400000000000000000e+01 9.000000000000000000e+00 2.321017091481511306e+04
1.400000000000000000e+01 1.300000000000000000e+01 9.076531803076628421e+03
1.400000000000000000e+01 1.800000000000000000e+01 1.906379905849380157e+04
1.400000000000000000e+01 2.100000000000000000e+01 1.843785491141604871e+04
1.500000000000000000e+01 7.000000000000000000e+00 8.406829873695081915e+03
1.500000000000000000e+01 9.000000000000000000e+00 1.107262457827129583e+04
1.500000000000000000e+01 1.600000000000000000e+01 1.168376974267339938e+04
1.500000000000000000e+01 1.700000000000000000e+01 1.531636581526372720e+04
1.600000000000000000e+01 9.000000000000000000e+00 8.101175671814296038e+03
1.600000000000000000e+01 1.500000000000000000e+01 1.167471643510410649e+04
1.600000000000000000e+01 1.800000000000000000e+01 9.953029041813490039e+03
1.700000000000000000e+01 6.000000000000000000e+00 1.589608957553440632e+04
1.700000000000000000e+01 1.500000000000000000e+01 1.537392635772881295e+04
1.700000000000000000e+01 1.900000000000000000e+01 1.901520493662754234e+04
1.800000000000000000e+01 1.400000000000000000e+01 1.909124797279650011e+04
1.800000000000000000e+01 1.600000000000000000e+01 9.944461083026120832e+03
1.800000000000000000e+01 1.900000000000000000e+01 8.683989521803667230e+03
1.900000000000000000e+01 1.700000000000000000e+01 1.903689096953812259e+04
1.900000000000000000e+01 1.800000000000000000e+01 8.702870477318982012e+03
1.900000000000000000e+01 2.000000000000000000e+01 6.330014949243062802e+03
1.900000000000000000e+01 2.100000000000000000e+01 7.001834346386859579e+03
2.000000000000000000e+01 1.900000000000000000e+01 6.267529874702693633e+03
2.000000000000000000e+01 2.100000000000000000e+01 8.607179048856385634e+03
2.000000000000000000e+01 2.300000000000000000e+01 1.032337562506698850e+04
2.100000000000000000e+01 1.400000000000000000e+01 1.840910252577422216e+04
2.100000000000000000e+01 1.900000000000000000e+01 7.004886409353140152e+03
2.100000000000000000e+01 2.000000000000000000e+01 8.597105465258920958e+03
2.100000000000000000e+01 2.200000000000000000e+01 9.661438145852654998e+03
2.200000000000000000e+01 1.300000000000000000e+01 8.405733942761662547e+03
2.200000000000000000e+01 2.100000000000000000e+01 9.625664239579673449e+03
2.200000000000000000e+01 2.300000000000000000e+01 7.964304417066062342e+03
2.300000000000000000e+01 1.200000000000000000e+01 1.109249657903436673e+04
2.300000000000000000e+01 2.000000000000000000e+01 1.027096413412408219e+04
2.300000000000000000e+01 2.200000000000000000e+01 7.913086207171865681e+03
