i	j	o16d13l56
0	1	 4525.32
0	2	 8113.12
1	0	 4514.19
1	5	 5983.14
2	0	 8124.24
2	3	13992.78
2	11	10039.20
3	2	14065.84
3	4	17992.16
3	10	 5208.50
4	3	18063.66
4	5	 8804.87
4	8	15737.01
5	1	 5972.02
5	4	 8798.70
5	7	12530.25
6	7	12073.72
6	17	15965.08
7	5	12512.96
7	6	12134.82
7	8	 6852.92
7	15	 8415.31
8	4	15814.68
8	7	 6919.55
8	9	21614.72
9	8	21859.01
9	10	17762.61
9	14	23437.49
9	15	11113.73
9	16	 8100.07
10	3	 5310.06
10	9	17578.81
10	11	 8358.04
10	13	 9858.37
11	2	 9977.27
11	10	 8383.50
11	12	12299.72
12	11	12363.25
12	23	11154.00
13	10	 9850.67
13	14	 9052.07
13	22	 8431.75
14	9	23220.83
14	13	 9062.21
14	18	18868.29
14	21	18437.24
15	7	 8392.50
15	9	11048.43
15	16	11717.57
15	17	15210.67
16	9	 8710.11
16	15	11435.15
16	18	 9652.72
17	6	15903.98
17	15	15404.98
17	19	18939.09
18	14	18547.99
18	16	 9980.34
18	19	 8692.72
19	17	18972.30
19	18	 8700.04
19	20	 6240.91
19	21	 7091.64
20	19	 6270.80
20	21	 8603.23
20	23	10292.70
21	14	18451.02
21	19	 7002.28
21	20	 8653.56
21	22	 9655.41
22	13	 8413.92
22	21	 9630.15
22	23	 7922.11
23	12	11117.53
23	20	10272.27
23	22	 7879.02
