0.000000000000000000e+00 1.000000000000000000e+00 4.512188170703081596e+03
0.000000000000000000e+00 2.000000000000000000e+00 8.131857186576266940e+03
1.000000000000000000e+00 0.000000000000000000e+00 4.532412255701249705e+03
1.000000000000000000e+00 5.000000000000000000e+00 5.973575112998028089e+03
2.000000000000000000e+00 0.000000000000000000e+00 8.111633101578098831e+03
2.000000000000000000e+00 3.000000000000000000e+00 1.403574308842796199e+04
2.000000000000000000e+00 1.100000000000000000e+01 1.009203690234775604e+04
3.000000000000000000e+00 2.000000000000000000e+00 1.409716638785386749e+04
3.000000000000000000e+00 4.000000000000000000e+00 1.803386165438453099e+04
3.000000000000000000e+00 1.000000000000000000e+01 5.209919032003180291e+03
4.000000000000000000e+00 3.000000000000000000e+00 1.809626118089914962e+04
4.000000000000000000e+00 5.000000000000000000e+00 8.799539820344232794e+03
4.000000000000000000e+00 8.000000000000000000e+00 1.578412730952695892e+04
5.000000000000000000e+00 1.000000000000000000e+00 5.993799197996196199e+03
5.000000000000000000e+00 4.000000000000000000e+00 8.803359683211107040e+03
5.000000000000000000e+00 7.000000000000000000e+00 1.251204152962078660e+04
6.000000000000000000e+00 7.000000000000000000e+00 1.211143482210291404e+04
6.000000000000000000e+00 1.700000000000000000e+01 1.596829949238000518e+04
7.000000000000000000e+00 5.000000000000000000e+00 1.253608547748581987e+04
7.000000000000000000e+00 6.000000000000000000e+00 1.207596752172710512e+04
7.000000000000000000e+00 8.000000000000000000e+00 6.883748614644460758e+03
7.000000000000000000e+00 1.500000000000000000e+01 8.398686335115031397e+03
8.000000000000000000e+00 4.000000000000000000e+00 1.584270697317471786e+04
8.000000000000000000e+00 7.000000000000000000e+00 6.862543916092207837e+03
8.000000000000000000e+00 9.000000000000000000e+00 2.171603695013824836e+04
9.000000000000000000e+00 8.000000000000000000e+00 2.185341191523375164e+04
9.000000000000000000e+00 1.000000000000000000e+01 1.772284223999792448e+04
9.000000000000000000e+00 1.400000000000000000e+01 2.308743749425038186e+04
9.000000000000000000e+00 1.500000000000000000e+01 1.106799253182784560e+04
9.000000000000000000e+00 1.600000000000000000e+01 8.100615607016412469e+03
1.000000000000000000e+01 3.000000000000000000e+00 5.308942804914455337e+03
1.000000000000000000e+01 9.000000000000000000e+00 1.760725635420783146e+04
1.000000000000000000e+01 1.100000000000000000e+01 8.387140870834400630e+03
1.000000000000000000e+01 1.300000000000000000e+01 9.760231212025644709e+03
1.100000000000000000e+01 2.000000000000000000e+00 1.001038951792371699e+04
1.100000000000000000e+01 1.000000000000000000e+01 8.397545563742562081e+03
1.100000000000000000e+01 1.200000000000000000e+01 1.238265687185184106e+04
1.200000000000000000e+01 1.100000000000000000e+01 1.241141418033594709e+04
1.200000000000000000e+01 2.300000000000000000e+01 1.111162536572153113e+04
1.300000000000000000e+01 1.000000000000000000e+01 9.833264406238664378e+03
1.300000000000000000e+01 1.400000000000000000e+01 9.042289188738610392e+03
1.300000000000000000e+01 2.200000000000000000e+01 8.327187751233092058e+03
1.400000000000000000e+01 9.000000000000000000e+00 2.323532528827599162e+04
1.400000000000000000e+01 1.300000000000000000e+01 9.071935691073225826e+03
1.400000000000000000e+01 1.800000000000000000e+01 1.902319048921985086e+04
1.400000000000000000e+01 2.100000000000000000e+01 1.821376906066031370e+04
1.500000000000000000e+01 7.000000000000000000e+00 8.408467681156504113e+03
1.500000000000000000e+01 9.000000000000000000e+00 1.107251526376641232e+04
1.500000000000000000e+01 1.600000000000000000e+01 1.170606926356584700e+04
1.500000000000000000e+01 1.700000000000000000e+01 1.535444652528595361e+04
1.600000000000000000e+01 9.000000000000000000e+00 8.101165931937868663e+03
1.600000000000000000e+01 1.500000000000000000e+01 1.174011974876943350e+04
1.600000000000000000e+01 1.800000000000000000e+01 9.929430020446829076e+03
1.700000000000000000e+01 6.000000000000000000e+00 1.600376679275581228e+04
1.700000000000000000e+01 1.500000000000000000e+01 1.533470011806239563e+04
1.700000000000000000e+01 1.900000000000000000e+01 1.904776214870067270e+04
1.800000000000000000e+01 1.400000000000000000e+01 1.892206015294017561e+04
1.800000000000000000e+01 1.600000000000000000e+01 9.964030830571873594e+03
1.800000000000000000e+01 1.900000000000000000e+01 8.771130008794454625e+03
1.900000000000000000e+01 1.700000000000000000e+01 1.896348304185291636e+04
1.900000000000000000e+01 1.800000000000000000e+01 8.704600482639827533e+03
1.900000000000000000e+01 2.000000000000000000e+01 6.058387331616011579e+03
1.900000000000000000e+01 2.100000000000000000e+01 7.431088197892694552e+03
2.000000000000000000e+01 1.900000000000000000e+01 6.235698922813207901e+03
2.000000000000000000e+01 2.100000000000000000e+01 8.607065092098389869e+03
2.000000000000000000e+01 2.300000000000000000e+01 1.025525573201322914e+04
2.100000000000000000e+01 1.400000000000000000e+01 1.839243369330018322e+04
2.100000000000000000e+01 1.900000000000000000e+01 7.002967973693114800e+03
2.100000000000000000e+01 2.000000000000000000e+01 8.793673515279229832e+03
2.100000000000000000e+01 2.200000000000000000e+01 9.671772885668982781e+03
2.200000000000000000e+01 1.300000000000000000e+01 8.370574443111474466e+03
2.200000000000000000e+01 2.100000000000000000e+01 9.608925717290152534e+03
2.200000000000000000e+01 2.300000000000000000e+01 7.883916891459625731e+03
2.300000000000000000e+01 1.200000000000000000e+01 1.104038267420563898e+04
2.300000000000000000e+01 2.000000000000000000e+01 1.024595890002958186e+04
2.300000000000000000e+01 2.200000000000000000e+01 7.864456414959151516e+03
