i	j	       0	       1	       2	       3	       4	       5	       6	       7	       8	       9	      10	      11	      12	      13	      14	      15	      16	      17	      18	      19	      20	      21	      22	      23
0	1	 2600.48	    0.00	  268.30	  200.02	   16.58	    0.00	    0.01	    0.02	   33.15	   99.64	  200.02	  469.31	  461.82	  100.01	   16.54	    0.02	    0.02	    0.00	    0.01	    0.00	    0.01	    0.06	    0.18	   29.73
0	2	 6199.52	 1161.45	    0.00	    0.00	    0.00	  241.91	  141.07	  245.33	    0.00	    0.00	    0.00	    0.00	    0.00	    0.00	    0.00	   95.22	    0.00	   34.77	    0.00	    0.00	    0.00	    0.00	    0.00	    0.00
1	0	    0.00	 1261.45	    0.00	    0.00	    0.00	  541.91	  641.05	 1045.30	    0.00	    0.00	    0.00	    0.00	    0.00	    0.00	    0.00	  595.20	    0.13	  134.77	    0.03	  299.99	    0.00	    0.00	    0.00	    0.00
1	5	 2500.48	 2738.55	  168.30	    0.04	    0.00	    0.00	    0.00	    0.00	    0.00	    0.00	    0.04	  369.31	  161.82	    0.01	    0.00	    0.00	    0.00	    0.00	    0.00	    0.00	    0.01	    0.03	    0.18	   29.73
2	0	    0.00	    0.00	  368.30	  700.02	  216.58	    0.00	    0.03	    0.05	  533.15	 1399.64	  700.02	  669.31	  961.82	  400.01	  516.54	    0.04	  399.89	    0.00	  299.99	    0.02	  100.01	  400.06	  300.18	  129.73
2	3	 4499.13	  661.16	 1931.48	    0.00	    0.00	    0.00	    0.00	    0.00	    0.00	    0.00	    0.00	 3758.40	 2492.00	    0.08	    0.00	    0.00	    0.00	    0.00	    0.00	    0.00	  202.67	    0.02	    2.83	  469.82
2	11	 1600.39	  400.29	  500.22	 1601.50	  402.49	  500.35	  772.98	 1200.00	 1399.60	  665.43	    0.62	    0.00	    0.00	    0.24	   51.76	  532.10	  187.68	  199.21	   22.18	    0.15	    0.00	    0.11	    0.00	    0.00
3	2	    0.00	    0.00	    0.00	 2501.52	  719.07	  558.45	  731.94	 1154.72	 2032.75	 2365.07	  999.99	    0.00	    0.00	  499.87	  668.25	  636.91	  687.58	  164.44	  322.17	    0.17	    0.02	    0.22	    0.07	    0.01
3	4	 3198.07	  161.17	 1331.48	 6697.52	    0.00	    0.00	    0.00	    0.00	    0.00	    0.08	  904.47	 3158.05	 1891.71	  200.02	    0.06	    0.00	    0.03	    0.00	    0.02	    0.00	    2.71	    0.12	  199.81	  269.84
3	10	  801.06	  300.03	  400.00	 2400.96	  699.98	  599.78	    0.87	    4.92	    0.93	    0.16	    0.00	    0.35	    0.29	    0.06	    0.06	    0.11	    0.04	    0.02	    0.02	    0.02	    0.02	    0.04	    0.05	    0.02
4	3	    0.00	    0.04	    0.00	    0.00	 1919.04	 1558.23	 1132.81	 1859.64	 2733.68	 3562.81	    0.00	    0.00	    0.00	    0.00	 1166.51	 1436.66	 1186.69	  264.46	  521.44	  300.19	    0.03	  399.08	    0.00	    0.00
4	5	    0.00	    0.00	  529.04	 2120.82	 1254.87	    0.00	    0.02	    0.03	  566.99	 1300.37	  404.30	 1485.70	  581.73	  100.02	  282.78	    0.04	    0.04	    0.00	    0.02	    0.01	    0.01	    0.00	   99.81	   70.23
4	8	 2998.07	  899.78	  702.44	 4076.70	 2926.08	 1399.87	    0.02	    0.10	    0.00	    0.00	    0.17	 1472.34	 1109.98	    0.00	    0.00	    0.06	    0.00	    0.01	    0.00	    0.02	    0.00	    0.00	    0.00	  199.61
5	1	    0.00	    0.00	    0.00	    0.02	   83.42	  941.91	  841.04	 1445.28	  166.85	  500.36	    0.02	    0.00	    0.00	    0.01	   83.46	  995.18	  200.11	  134.77	  100.01	  399.98	    0.00	   99.97	    0.00	    0.00
5	4	    0.00	  838.65	    0.00	    0.00	    0.00	 3158.11	 1029.94	 1804.04	    0.00	    0.00	    0.00	    0.00	    0.00	    0.00	    0.00	 1465.72	    0.13	  202.37	    0.03	  305.54	    0.03	    0.06	    0.00	    0.00
5	7	 2200.48	 1499.90	  397.33	 1720.84	  971.45	 3499.99	    0.00	    0.00	    0.14	    0.14	    4.32	 1655.01	  543.55	    0.03	    0.00	    0.00	    0.00	    0.00	    0.00	    0.00	    0.00	    0.00	    0.00	    0.00
6	7	    0.00	    0.00	    0.00	    0.00	    0.00	    0.00	 4176.65	    0.00	    0.00	    0.00	    0.00	    0.00	    0.00	  399.87	  600.27	  388.86	  138.75	  999.17	  999.34	 2599.80	  500.20	  800.01	  299.97	  200.02
6	17	  430.66	  336.72	    8.55	  433.73	  121.17	  985.92	 7923.35	 4519.80	  821.47	    0.61	    0.14	  224.06	    0.05	    0.00	    0.00	    0.00	    0.03	    0.00	    0.00	    0.00	    0.00	    0.00	    0.00	    0.00
7	5	    0.00	    0.00	    0.00	    0.00	    0.00	    0.00	 2270.96	 4049.29	    0.00	    0.12	    0.00	    0.00	    0.00	    0.00	    0.68	 3360.87	  700.20	  437.13	  300.02	 1005.52	  100.02	  300.00	    0.00	    0.04
7	6	  930.66	  536.72	  108.55	  833.73	  321.17	 1385.92	    0.00	 5519.80	 1421.42	    3.50	    1.37	  923.85	   61.57	    0.00	    0.00	    0.00	    0.11	    0.00	    0.00	    0.00	    0.00	    0.00	    0.00	    0.00
7	8	    0.00	    0.00	    0.00	    0.00	    0.00	    0.00	  905.68	 3750.28	    0.00	    0.00	    0.00	    0.00	    0.00	    0.00	    0.00	 1267.76	    0.00	  262.16	    0.00	  694.64	    0.23	    0.09	    0.00	    0.00
7	15	  469.90	  563.23	  172.55	  687.30	  429.56	 1314.16	    0.00	 3380.63	  885.32	    0.00	    0.06	  478.23	    0.55	    0.00	    0.00	    0.00	    0.00	    0.00	    0.00	    0.00	    0.00	    0.00	    0.00	    0.00
8	4	    0.00	    0.00	    0.00	    0.00	    0.00	    0.00	  302.91	  555.73	 4100.67	 5863.11	    0.00	    0.00	    0.00	    0.00	 1649.24	  471.02	 1386.57	   62.10	  621.42	   94.68	   97.29	  598.90	    0.00	    0.00
8	7	    0.08	    0.04	   83.77	  500.19	  279.28	    0.09	    0.00	    0.00	 3106.60	 1603.21	  797.10	  347.07	  118.57	    0.00	    0.00	    0.00	    0.22	    0.00	    0.00	    0.00	    0.00	    0.00	    0.00	    0.00
8	9	 2497.99	  699.74	  518.67	 2876.50	 1846.80	  999.78	    2.85	 2394.65	 8992.73	    0.00	    0.00	  525.32	  391.46	    0.00	    0.00	    0.24	    0.00	    0.15	    0.00	    0.31	    0.00	    0.00	    0.00	    0.00
9	8	    0.00	    0.00	    0.00	    0.00	    0.00	    0.00	    0.05	    0.00	    0.00	10266.32	 2196.93	    0.05	    0.05	  600.00	 2649.24	  603.45	 2286.79	    0.08	 1021.42	    0.33	  397.06	 1298.82	  500.00	    0.39
9	10	    0.00	    0.00	    0.00	    0.00	    0.00	    0.00	  499.13	  795.22	 1720.81	 8430.92	    0.00	    0.00	    0.00	    0.00	 1268.73	 1568.16	 1912.90	  199.97	  419.72	  419.08	    2.47	  486.73	    0.00	    0.00
9	14	  798.82	   99.85	   99.86	 1097.90	  597.60	  199.91	    0.00	    0.00	 3078.51	14561.87	 1929.16	  660.48	    5.51	    0.00	    0.00	    0.00	    0.79	    0.00	    0.00	    0.00	    0.00	    0.00	    0.00	    0.00
9	15	    0.05	    0.00	   18.91	   79.01	   49.38	    0.00	    0.00	    0.00	  493.58	 8040.27	 2169.11	  196.53	    0.11	    0.00	    0.00	    0.00	    0.00	    0.00	    0.00	    0.00	    0.00	    0.00	    0.00	    0.00
9	16	  399.37	    0.02	   99.98	  499.91	  199.94	    0.04	    0.08	    0.12	  899.83	 3900.61	 1000.12	  599.89	  499.91	    0.10	    0.12	    0.11	    0.00	    0.05	    0.07	    0.14	    0.05	    0.14	    0.05	    0.02
10	3	    0.00	    0.00	    0.00	    0.00	    0.00	    0.00	    0.00	    0.00	    0.00	    2.50	 3404.46	    0.00	    0.00	 1199.87	    1.85	    0.37	    0.96	    0.00	    0.76	    0.00	    0.05	    1.28	  697.11	    0.05
10	9	    0.24	    0.07	    0.07	    0.32	    0.12	    0.10	    0.00	    0.00	    0.00	    0.00	11195.31	 2931.63	 2014.12	 1090.67	    0.00	    0.00	    0.00	    0.00	    0.00	    0.00	    0.00	    0.00	  321.08	   51.48
10	11	    0.00	    0.00	    0.00	    0.00	    0.00	    0.00	    0.00	    0.00	    0.16	 3234.57	 2400.58	    0.00	    0.00	  712.77	  655.03	  168.07	  912.27	    0.09	  280.70	    0.00	    0.00	    0.03	    0.00	    0.00
10	13	  301.31	  100.14	  100.18	 1000.73	  199.88	  199.76	    0.00	    0.14	  321.58	 1194.02	 5299.65	 1039.33	   19.06	    0.00	    0.00	    0.00	    0.04	    0.00	    0.00	    0.00	    0.00	    0.00	    0.00	    0.00
11	2	    0.00	    0.00	    0.00	    0.00	    0.00	    0.00	    0.00	    0.00	    0.00	    0.00	    0.65	 4627.70	 3553.82	    0.46	    0.05	    0.00	    0.00	    0.00	    0.00	    0.00	  302.66	  499.97	  402.94	  599.54
11	10	    0.49	    0.18	    0.24	    0.08	    0.03	    0.07	    0.00	    0.00	    0.00	    0.00	    0.00	 5370.61	 3032.89	    0.00	    0.00	    0.00	    0.00	    0.00	    0.00	    0.00	    0.04	    0.00	    0.00	    0.63
11	12	 1399.90	  300.11	  299.98	 1001.42	  202.46	  300.28	   73.29	  600.00	  799.75	 1900.00	 1000.55	 3901.69	    0.00	   12.93	    6.74	    0.81	  499.96	    0.06	    2.89	    0.04	    0.00	    0.00	    0.00	    0.00
12	11	    0.00	    0.00	    0.00	    0.00	    0.00	    0.00	    0.31	    0.00	    0.00	    0.00	    0.00	    0.00	 7886.72	    0.38	    0.00	    0.65	    0.00	    0.76	    0.00	  499.89	  602.70	 1199.83	 1102.94	 1100.17
12	23	  899.90	    0.11	  199.98	  401.42	    2.46	  100.28	    0.00	    0.00	  199.75	    0.00	    0.55	 2601.69	 6713.28	    0.00	    0.00	    0.00	    0.00	    0.00	    0.00	    0.00	    0.00	    0.00	    0.00	    0.00
13	10	    0.00	    0.00	    0.00	    0.00	    0.00	    0.00	    0.00	    0.00	    0.00	    0.00	    0.00	    0.00	    0.00	 4603.25	  788.09	    0.17	    0.33	    0.10	  261.74	  180.89	  397.52	  614.54	 2318.14	  650.87
13	14	    1.21	    0.15	    0.15	    1.10	    0.06	    0.04	    0.00	    0.00	    0.00	    0.00	 1008.36	  339.04	  103.62	 6266.78	    0.00	    0.00	    0.00	    0.00	    0.00	    0.00	    0.00	    0.00	 1177.47	  139.62
13	22	    0.11	    0.00	    0.02	  499.65	   99.83	   99.72	    0.00	    0.00	  191.51	  810.69	 2691.35	    0.32	    0.41	 3229.98	  427.66	    0.00	  212.51	    0.00	  134.03	    0.00	    0.00	    0.00	    0.00	    0.00
14	9	    0.00	    0.00	    0.00	    0.00	    0.00	    0.00	    0.00	    0.00	    0.00	    0.00	    0.00	    0.00	    0.00	 1609.43	 7918.10	    0.29	    0.81	    0.05	 3241.01	 1713.88	 1599.58	 4385.69	 1978.97	  748.94
14	13	    0.00	    0.00	    0.00	    0.00	    0.00	    0.00	  199.53	  398.93	  469.92	 1716.67	    0.06	    0.00	    0.00	    0.00	 2515.76	  699.65	  912.80	   99.84	  695.75	  679.58	    0.13	  694.21	    0.00	    0.00
14	18	  300.03	    0.08	    0.01	  200.07	  100.03	    0.11	    0.02	    0.03	  400.15	 3255.94	  829.29	  300.06	  281.94	 2897.78	 5900.44	    0.05	    0.40	    0.01	    0.00	    0.05	  555.16	 2899.92	  899.98	  261.77
14	21	    0.00	    0.00	    0.00	  398.93	  297.63	    0.00	    0.00	    0.00	 1308.44	 5589.26	  708.17	    0.00	    0.00	  459.57	 5065.71	    0.23	 2492.99	    0.00	 2082.22	    0.00	    0.00	    0.00	    0.00	    0.00
15	7	    0.00	    0.00	    0.00	    0.00	    0.00	    0.00	    0.00	    0.00	    0.00	    0.26	    0.00	    0.00	    0.00	    0.10	    0.41	 6439.76	 1961.33	    0.12	    0.68	    0.36	    0.05	    0.08	    0.03	    0.02
15	9	    0.00	    0.05	    0.00	    0.00	    0.00	    0.07	 2396.22	    0.69	    0.00	    0.00	    0.00	    0.00	    0.00	    0.00	    0.00	 6570.11	    0.56	  899.81	    0.19	 1205.21	    0.00	    0.00	    0.00	    0.00
15	16	    0.62	  200.03	    0.01	    0.06	    0.05	  500.10	 1000.32	 1400.92	    0.11	    0.50	    0.09	    0.05	    0.00	    0.00	    0.00	 5958.92	    0.00	  600.15	    0.00	 1549.05	  352.37	    0.00	    0.00	  125.51
15	17	    0.04	    0.02	    0.00	    0.04	    0.01	    0.08	    0.00	    0.39	    0.21	 3641.21	  769.49	    0.07	    0.01	    0.03	    0.37	 7131.21	 3746.27	    0.00	    0.37	    0.00	    0.00	    0.00	    0.00	    0.00
16	9	    0.00	    0.00	    0.00	    0.00	    0.00	    0.00	    0.20	    0.00	    0.00	    0.00	    0.00	    0.00	    0.00	    0.00	    0.00	    1.08	 8099.12	    0.08	    0.00	    0.16	    0.00	    0.00	    0.00	    0.00
16	15	    0.00	    0.00	    0.00	    0.00	    0.00	    0.00	    0.00	    0.00	    0.00	    1.34	    0.30	    0.00	    0.00	  692.27	 1187.65	    0.00	 8508.06	    0.00	 1287.07	    0.00	    0.05	    0.11	    0.04	    0.03
16	18	    0.03	    0.07	    0.00	    0.02	    0.01	    0.14	    0.21	    1.04	    0.04	    0.16	    0.00	    0.00	    0.00	    0.00	    0.00	 3157.95	 6792.83	    0.11	    0.00	    0.00	    0.00	    0.00	    0.00	    0.00
17	6	    0.00	    0.00	    0.00	    0.00	    0.00	    0.00	    0.00	    0.00	    0.05	 1897.11	  498.77	    0.21	  338.48	  599.87	 1100.27	 1788.86	 1138.67	 1199.17	 1399.34	 3099.80	  700.20	 1300.01	  499.97	  300.02
17	15	   30.71	   36.88	    8.55	   33.79	   21.12	   86.09	 4796.54	  221.37	   21.42	    0.36	    0.12	   25.37	  599.35	    7.85	   13.14	    0.00	    0.11	 2000.09	   14.18	 4354.62	  952.37	 1199.97	  499.99	  425.51
17	19	  299.99	  299.85	    0.00	  299.99	  100.06	  799.91	 2926.81	 3998.82	  600.21	 1044.55	  170.75	    0.02	    0.00	    0.00	    0.00	 4842.34	 2007.66	 1600.74	    0.00	    0.00	    0.00	    0.00	    0.00	    0.00
18	14	    0.00	    0.08	    0.00	    0.00	    0.00	    0.16	  699.49	  998.89	    0.00	    0.00	    0.00	    0.00	    0.00	    0.00	    0.00	 1900.07	 4906.21	  299.88	 6818.98	 3493.06	    0.15	    0.40	    0.16	    0.07
18	16	    0.04	    0.02	    0.01	    0.05	    0.02	    0.00	    0.00	    0.00	    0.09	    0.39	    0.10	    0.06	    0.09	 1392.17	 2687.52	    0.00	    0.00	    0.00	 2987.00	  150.96	  247.63	 1699.97	  599.99	  174.49
18	19	    0.02	    0.00	    0.00	    0.04	    0.02	    0.02	    0.00	    0.00	    0.09	 1455.71	  429.19	    0.00	    0.00	 1205.62	 2412.92	    0.00	  187.02	    0.00	 2994.02	    0.00	    0.00	    0.00	    0.00	    0.00
19	17	    0.00	    0.00	    0.00	    0.00	    0.00	    0.00	    0.00	    0.00	    0.00	    0.21	    0.00	    1.46	 1037.77	  707.70	 1313.03	    0.00	    0.14	    0.00	 1713.14	 7854.42	 1752.57	 2799.98	 1099.96	  725.53
19	18	    0.00	   99.96	    0.00	    0.00	    0.00	  199.94	 1099.26	 1697.82	    0.00	    0.00	    0.00	    0.00	   18.15	    0.01	    0.00	   42.06	    0.00	  599.75	    0.00	 4843.97	   92.63	    0.45	    0.17	   12.79
19	20	    0.00	    0.00	    0.00	    0.01	    0.07	  100.01	  627.30	  600.41	    0.16	    0.05	    0.02	    0.01	    0.02	    0.02	    0.03	 1500.45	  494.51	  200.85	   80.97	 2700.88	    0.00	    0.07	    0.03	    0.02
19	21	    0.00	   99.89	    0.00	    0.02	    0.01	  199.98	  700.25	  800.59	    0.14	    0.21	    0.04	    0.00	    0.00	    0.00	    0.16	 1699.83	    0.11	  400.14	    0.08	 3100.73	    0.17	    0.00	    0.00	    0.00
20	19	    0.00	    0.00	    0.00	    0.00	    0.00	    0.00	    0.00	    0.00	    0.00	    0.10	    0.03	  401.38	 1655.76	    0.08	    0.16	    0.00	    0.07	    0.00	    0.18	    0.00	 3045.37	    0.22	    1.16	 1138.04
20	21	  262.94	    0.09	   65.73	    0.04	    0.00	    0.03	    0.06	    0.08	    0.00	    0.00	    0.00	  460.61	 1468.54	    0.00	    0.00	    0.16	    0.00	    0.03	    0.00	    0.40	 4757.45	    0.00	    0.00	 1601.60
20	23	    0.00	    0.00	    0.00	    0.00	    0.00	    0.02	  427.25	  200.33	    0.03	  446.71	    0.00	    0.00	    0.00	    0.00	  630.40	  900.38	  199.87	  100.82	  233.57	 1500.48	 3197.18	 2469.38	    0.00	    0.00
21	14	    0.00	    0.00	    0.00	    0.00	    0.00	    0.00	    0.06	    0.08	    0.00	    0.00	    0.00	    0.53	  872.81	    0.00	    0.00	    0.15	    0.00	    0.03	    0.00	    0.44	 2954.71	10579.41	 2701.32	 1271.02
21	19	    0.00	    0.00	    0.00	    0.00	    0.00	    0.00	    0.00	    0.00	    0.00	    0.10	    0.10	    0.08	    0.17	    2.03	    0.14	    0.00	    0.00	    0.00	    0.00	    0.00	    0.00	 5200.29	 1799.00	    0.30
21	20	    0.01	    0.00	    0.00	    0.02	   97.75	    0.00	    0.00	    0.00	  299.85	 1646.76	    1.71	    0.04	    0.07	    0.76	 1430.53	    0.08	  305.43	    0.00	  552.77	    0.00	    0.00	 4269.53	    1.07	    0.00
21	22	    0.00	    0.00	    0.00	    0.00	    0.00	    0.01	  200.25	  300.59	  308.72	 1342.61	    0.00	    0.00	    0.00	    0.00	 1035.20	  499.98	  487.67	  100.14	  329.53	  700.68	    2.91	 4350.77	    0.00	    0.00
22	13	    0.01	    0.00	    0.00	    0.02	    0.00	    0.00	    0.47	    0.92	    0.00	    0.00	    0.00	    0.03	  684.97	    0.00	    0.00	    0.52	    0.00	    0.26	    0.01	    1.32	  797.39	 1120.33	 4595.61	 1190.50
22	21	  137.08	    0.01	   34.27	    1.04	    0.11	    0.00	    0.00	    0.00	    0.00	    0.00	  393.59	  240.04	  704.51	  743.23	    0.00	    0.00	    0.00	    0.00	    0.00	    0.00	    0.00	    0.00	 6601.39	  769.71
22	23	    0.01	    0.00	    0.00	    0.02	    0.00	    0.01	    0.02	    0.04	    0.23	  353.29	  997.81	    0.06	    0.00	 1386.75	  462.86	    0.09	  100.18	    0.00	  163.54	    0.22	    0.06	 1130.53	 3303.00	    0.00
23	12	    0.00	    0.00	    0.00	    0.00	    0.00	    0.00	  327.02	    0.00	    0.00	    0.00	    0.00	    0.00	    0.00	  587.44	  693.26	  599.83	    0.04	  100.70	  297.11	 1099.85	 1202.70	 2499.83	 1902.94	 1800.17
23	20	  362.92	    0.09	   65.73	  200.01	    2.18	    0.03	    0.00	    0.00	    0.01	    0.00	  398.30	 1161.94	 3724.21	  399.30	    0.00	    0.00	    0.00	    0.00	    0.00	    0.00	    0.00	    0.00	  700.06	 3239.63
23	22	  436.99	    0.02	  134.25	    1.43	    0.28	    0.28	    0.25	    0.37	    0.00	    0.00	    0.05	  939.81	 2189.07	    0.00	    0.00	    0.63	    0.00	    0.12	    0.00	    0.86	 1494.54	    0.09	    0.00	 2660.21
