i	j	       0	       1	       2	       3	       4	       5	       6	       7	       8	       9	      10	      11	      12	      13	      14	      15	      16	      17	      18	      19	      20	      21	      22	      23
0	1	 2600.39	    0.00	  274.51	  199.98	   17.31	    0.00	    0.01	    0.02	   34.61	  103.83	  200.02	  501.65	  465.89	  100.01	   17.32	    0.02	    0.04	    0.00	    0.01	    0.00	    0.01	    0.17	    0.21	   29.51
0	2	 6199.61	 1175.06	    0.00	    0.00	    0.00	  231.59	  138.42	  241.83	    0.00	    0.00	    0.00	    0.00	    0.00	    0.00	    0.00	  102.59	    0.00	   34.55	    0.00	    0.00	    0.00	    0.00	    0.00	    0.00
1	0	    0.00	 1275.06	    0.00	    0.00	    0.00	  531.59	  638.40	 1041.80	    0.00	    0.00	    0.00	    0.00	    0.00	    0.00	    0.00	  602.57	    0.18	  134.55	    0.03	  299.96	    0.00	    0.00	    0.00	    0.00
1	5	 2500.39	 2724.94	  174.51	    0.00	    0.00	    0.00	    0.00	    0.00	    0.00	    0.00	    0.04	  401.65	  165.89	    0.01	    0.00	    0.00	    0.00	    0.00	    0.00	    0.00	    0.01	    0.03	    0.21	   29.51
2	0	    0.00	    0.00	  374.51	  699.98	  217.31	    0.00	    0.03	    0.05	  534.61	 1403.83	  700.02	  701.65	  965.89	  400.01	  517.32	    0.04	  399.86	    0.00	  299.99	    0.05	  100.01	  400.17	  300.21	  129.51
2	3	 4499.61	  674.94	 1925.46	    0.00	    0.00	    0.04	    0.00	    0.00	    0.00	    0.00	    0.00	 3825.60	 2472.57	    0.09	    0.00	    0.00	    0.00	    0.00	    0.00	    0.00	  205.41	    0.29	    1.86	  470.28
2	11	 1600.00	  400.13	  500.04	 1601.96	  406.82	  500.49	  702.59	 1200.00	 1399.83	  708.67	    0.67	    0.00	    0.00	    0.27	   61.56	  532.49	  199.88	  199.22	   26.38	    0.08	    0.00	    0.00	    0.00	    0.00
3	2	    0.00	    0.00	    0.00	 2501.95	  724.13	  568.94	  664.19	 1158.22	 2034.44	 2412.51	 1000.51	    0.00	    0.00	  500.13	  678.83	  629.94	  699.74	  164.67	  326.37	    0.09	    0.02	    0.09	    0.06	    0.00
3	4	 3198.15	  174.94	 1325.23	 6697.24	    0.00	    0.00	    0.00	    0.00	    0.00	    0.08	  907.46	 3224.57	 1871.98	  200.10	    0.09	    0.00	    0.03	    0.00	    0.03	    0.00	    5.48	    0.05	  199.86	  270.33
3	10	  801.46	  300.04	  400.23	 2400.81	  699.80	  599.51	    0.24	    4.52	    0.44	    0.16	    0.00	    1.03	    0.59	    0.07	    0.06	    0.11	    0.04	    0.02	    0.02	    0.02	    0.02	    0.05	    0.05	    0.02
4	3	    0.00	    0.05	    0.00	    0.00	 1923.93	 1568.41	 1064.43	 1862.73	 2734.88	 3612.52	    0.00	    0.00	    0.00	    0.00	 1177.52	 1430.05	 1199.73	  264.69	  525.82	  300.12	    0.03	  398.94	    0.00	    0.00
4	5	    0.00	    0.00	  527.25	 2169.47	 1281.67	    0.00	    0.02	    0.03	  565.53	 1296.10	  407.09	 1482.89	  523.82	  100.02	  282.54	    0.04	    0.04	    0.00	    0.14	    0.01	    0.01	    0.00	   99.79	   70.47
4	8	 2998.15	  899.80	  697.98	 4027.77	 2894.40	 1399.77	    0.10	    0.10	    0.00	    0.00	    0.37	 1541.68	 1148.16	    0.09	    0.00	    0.06	    0.00	    0.01	    0.00	    0.02	    0.01	    0.00	    0.07	  199.86
5	1	    0.00	    0.00	    0.00	    0.02	   82.69	  931.59	  838.39	 1441.78	  165.39	  496.17	    0.02	    0.00	    0.00	    0.01	   82.68	 1002.55	  200.14	  134.55	  100.01	  399.95	    0.00	   99.86	    0.00	    0.00
5	4	    0.00	  824.91	    0.00	    0.00	    0.00	 3168.17	  978.78	 1829.28	    0.00	    0.00	    0.00	    0.00	    0.00	    0.00	    0.00	 1478.51	    0.07	  204.74	    0.03	  310.42	    0.04	    0.00	    0.00	    0.00
5	7	 2200.39	 1500.03	  401.76	 1769.45	  998.97	 3500.24	    0.00	    0.00	    0.14	    0.06	    7.11	 1684.55	  489.71	    0.03	    0.00	    0.00	    0.00	    0.00	    0.00	    0.00	    0.00	    0.00	    0.00	    0.00
6	7	    0.00	    0.00	    0.00	    0.00	    0.00	    0.00	 4107.26	    0.00	    0.00	    0.00	    0.00	    0.00	    0.00	  399.92	  599.91	  431.00	  147.76	  999.26	  999.52	 2599.93	  500.08	  799.85	  299.97	  199.99
6	17	  438.37	  346.08	   12.45	  449.25	  130.82	 1007.71	 7992.74	 4575.77	  855.02	    0.84	    0.15	  229.07	    0.04	    0.00	    0.00	    0.00	    0.03	    0.00	    0.00	    0.00	    0.00	    0.00	    0.00	    0.00
7	5	    0.00	    0.00	    0.00	    0.00	    0.00	    0.00	 2217.16	 4071.03	    0.00	    0.13	    0.00	    0.00	    0.00	    0.00	    0.14	 3381.03	  700.17	  439.28	  299.90	 1010.36	  100.02	  299.83	    0.00	    0.01
7	6	  938.37	  546.08	  112.45	  849.25	  330.82	 1407.71	    0.00	 5575.77	 1454.97	    3.75	    0.84	  929.07	    1.92	    0.00	    0.00	    0.00	    0.11	    0.00	    0.00	    0.00	    0.00	    0.00	    0.00	    0.00
7	8	    0.00	    0.00	    0.00	    0.00	    0.00	    0.00	  890.10	 3728.92	    0.00	    0.00	    0.00	    0.00	    0.00	    0.00	    0.00	 1296.18	    0.00	  260.10	    0.00	  689.92	    0.11	    0.10	    0.00	    0.00
7	15	  462.09	  553.99	  176.40	  697.60	  435.98	 1292.62	    0.00	 3324.29	  958.86	    0.00	    0.06	  515.42	    0.48	    0.00	    0.00	    0.00	    0.00	    0.00	    0.00	    0.00	    0.00	    0.00	    0.00	    0.00
8	4	    0.00	    0.00	    0.00	    0.00	    0.00	    0.00	  285.77	  533.58	 4100.42	 5908.55	    0.00	    0.00	    0.00	    0.00	 1659.97	  451.63	 1399.67	   59.96	  625.91	   89.73	   94.54	  598.89	    0.00	    0.00
8	7	    0.08	    0.04	   87.10	  477.40	  267.82	    0.09	    0.00	    0.00	 3213.69	 1603.54	  793.79	  359.94	  112.69	    0.00	    0.00	    0.00	    0.23	    0.00	    0.00	    0.00	    0.00	    0.00	    0.00	    0.00
8	9	 2498.08	  699.76	  510.89	 2850.37	 1826.58	  999.68	    4.49	 2395.43	 8885.90	    0.00	    0.00	  581.79	  435.52	    0.00	    0.00	    0.25	    0.00	    0.17	    0.00	    0.36	    0.00	    0.00	    0.00	    0.00
9	8	    0.00	    0.00	    0.00	    0.00	    0.00	    0.00	    0.05	    0.00	    0.00	10312.09	 2193.42	    0.05	    0.05	  599.92	 2659.97	  555.65	 2299.90	    0.02	 1025.91	    0.15	  394.41	 1298.79	  499.93	    0.14
9	10	    0.00	    0.00	    0.00	    0.00	    0.00	    0.00	  499.69	  795.53	 1707.24	 8323.50	    0.00	    0.00	    0.00	    0.00	 1342.82	 1566.44	 1900.02	  199.97	  444.27	  432.87	    2.12	  486.92	    0.00	    0.00
9	14	  799.39	   99.80	   99.93	 1098.25	  593.37	  199.71	    0.00	    0.00	 3092.46	14429.15	 1903.08	  679.99	   40.95	    0.00	    0.00	    0.00	    0.81	    0.00	    0.07	    0.00	    0.00	    0.00	    0.00	    0.00
9	15	    0.00	    0.00	   11.16	   53.20	   33.25	    0.00	    0.00	    0.00	  386.37	 8234.51	 2237.91	  153.53	    0.12	    0.00	    0.00	    0.00	    0.00	    0.00	    0.00	    0.00	    0.00	    0.00	    0.00	    0.00
9	16	  399.50	    0.02	   99.97	  499.83	  199.96	    0.04	    0.08	    0.12	  899.82	 3900.75	  999.79	  599.80	  499.83	    0.10	    0.13	    0.12	    0.00	    0.05	    0.07	    0.14	    0.05	    0.14	    0.05	    0.03
10	3	    0.00	    0.00	    0.00	    0.00	    0.00	    0.00	    0.00	    0.00	    0.00	    0.23	 3407.97	    0.00	    0.00	 1200.21	    1.46	    0.00	    0.08	    0.00	    0.59	    0.00	    0.08	    0.96	  698.11	    0.07
10	9	    0.81	    0.00	    0.16	    0.91	    0.00	    0.00	    0.00	    0.00	    0.00	    0.00	11234.19	 2851.58	 2005.43	 1095.40	    0.00	    0.00	    0.00	    0.00	    0.00	    0.00	    0.00	    0.00	  355.27	   60.03
10	11	    0.00	    0.00	    0.00	    0.00	    0.00	    0.00	    0.00	    0.00	    0.11	 3191.33	 2400.24	    0.00	    0.00	  788.52	  656.32	  166.75	  900.07	    0.02	  281.26	    0.00	    0.00	    0.00	    0.00	    0.00
10	13	  300.76	  100.09	  100.12	  999.99	  199.83	  199.58	    0.00	    0.04	  307.58	 1132.11	 5257.60	 1020.22	  131.41	    0.00	    0.00	    0.00	    0.04	    0.00	    0.00	    0.00	    0.00	    0.00	    0.00	    0.00
11	2	    0.00	    0.00	    0.00	    0.00	    0.00	    0.00	    0.00	    0.00	    0.00	    0.00	    0.19	 4727.26	 3538.46	    0.23	    0.05	    0.00	    0.00	    0.00	    0.00	    0.03	  305.40	  500.37	  402.01	  599.80
11	10	    0.12	    0.04	    0.06	    0.08	    0.03	    0.07	    0.00	    0.00	    0.00	    0.00	    0.00	 5270.77	 3136.25	    0.00	    0.00	    0.00	    0.00	    0.00	    0.00	    0.00	    0.04	    0.00	    0.00	    0.59
11	12	 1399.88	  300.08	  299.98	 1001.88	  206.80	  300.41	    2.90	  600.00	  799.94	 1900.00	 1000.72	 3901.97	    0.00	   88.94	   17.83	    0.45	  499.95	    0.03	    7.64	    0.02	    0.00	    0.00	    0.00	    0.00
12	11	    0.00	    0.00	    0.00	    0.00	    0.00	    0.00	    0.32	    0.00	    0.00	    0.00	    0.00	    0.00	 7974.71	    0.38	    0.00	    1.20	    0.00	    0.79	    0.00	  499.98	  605.44	 1200.37	 1102.01	 1100.39
12	23	  899.88	    0.08	  199.98	  401.88	    6.80	  100.41	    0.00	    0.00	  199.94	    0.00	    0.72	 2601.97	 6625.29	    0.00	    0.00	    0.00	    0.00	    0.00	    0.00	    0.00	    0.00	    0.00	    0.00	    0.00
13	10	    0.00	    0.00	    0.00	    0.00	    0.00	    0.00	    0.07	    0.00	    0.00	    0.00	    0.00	    0.00	    0.00	 4684.07	  714.90	    0.20	    0.14	    0.03	  237.56	  167.10	  397.90	  614.00	 2353.32	  659.49
13	14	    0.65	    0.08	    0.10	    0.90	    0.06	    0.04	    0.00	    0.00	    0.00	    0.00	  951.98	  320.16	  119.35	 6221.81	    0.00	    0.00	    0.00	    0.00	    0.00	    0.00	    0.00	    0.00	 1255.06	  163.31
13	22	    0.13	    0.01	    0.03	  499.11	   99.77	   99.54	    0.00	    0.00	  200.08	  839.48	 2705.69	    0.24	    0.00	 3194.13	  470.28	    0.00	  236.74	    0.00	  148.48	    0.00	    0.00	    0.00	    0.00	    0.00
14	9	    0.00	    0.00	    0.00	    0.00	    0.00	    0.00	    0.00	    0.00	    0.00	    0.00	    0.00	    0.00	    0.00	 1604.62	 8002.92	    0.30	    0.88	    0.05	 3270.05	 1688.01	 1596.59	 4385.85	 1944.71	  740.13
14	13	    0.00	    0.00	    0.00	    0.00	    0.00	    0.00	  199.78	  399.56	  492.50	 1807.36	    0.07	    0.00	    0.00	    0.00	 2485.18	  699.91	  936.84	   99.89	  686.04	  666.41	    0.49	  594.09	    0.00	    0.00
14	18	  300.03	    0.03	    0.02	  200.14	  100.03	    0.05	    0.02	    0.03	  400.15	 3061.31	  761.18	  300.15	  274.63	 2896.20	 5899.66	    0.06	    0.41	    0.01	    0.00	    0.05	  496.57	 2899.81	  899.94	  231.93
14	21	    0.00	    0.00	    0.00	  399.01	  293.40	    0.00	    0.00	    0.00	 1299.81	 5560.47	  693.81	    0.00	    0.00	  420.98	 5012.24	    0.23	 2613.65	    0.00	 2143.98	    0.00	    0.00	    0.00	    0.00	    0.00
15	7	    0.00	    0.00	    0.00	    0.00	    0.00	    0.00	    0.00	    0.00	    0.00	    0.27	    0.00	    0.00	    0.00	    0.05	    0.23	 6446.21	 1952.30	    0.12	    0.38	    0.35	    0.05	    0.08	    0.03	    0.02
15	9	    0.00	    0.05	    0.00	    0.00	    0.00	    0.07	 2395.22	    0.22	    0.00	    0.00	    0.00	    0.00	    0.00	    0.00	    0.00	 6520.48	    0.58	  899.74	    0.20	 1244.64	    0.00	    0.00	    0.00	    0.00
15	16	    0.48	  200.02	    0.01	    0.06	    0.03	  500.02	 1000.26	 1400.27	    0.12	    0.51	    0.09	    0.05	    0.00	    0.00	    0.00	 5990.26	    0.00	  600.16	    0.00	 1499.23	  385.29	    0.11	    0.04	  148.25
15	17	    0.04	    0.02	    0.00	    0.04	    0.01	    0.08	    0.00	    0.35	    0.47	 3835.62	  838.32	    0.10	    0.01	    0.03	    0.16	 7143.05	 3794.72	    0.00	    0.19	    0.00	    0.00	    0.00	    0.00	    0.00
16	9	    0.00	    0.00	    0.00	    0.00	    0.00	    0.00	    0.12	    0.00	    0.00	    0.00	    0.00	    0.00	    0.00	    0.00	    0.00	    1.18	 8099.27	    0.09	    0.07	    0.16	    0.00	    0.00	    0.00	    0.00
16	15	    0.00	    0.00	    0.00	    0.00	    0.00	    0.00	    0.00	    0.00	    0.00	    1.52	    0.33	    0.00	    0.00	  698.61	 1199.33	    0.00	 8547.47	    0.00	 1299.67	    0.00	    0.05	    0.11	    0.05	    0.03
16	18	    0.03	    0.03	    0.00	    0.02	    0.01	    0.06	    0.23	    0.39	    0.04	    0.16	    0.00	    0.00	    0.00	    0.00	    0.00	 3189.20	 6753.25	    0.13	    0.00	    0.00	    0.00	    0.00	    0.00	    0.00
17	6	    0.00	    0.00	    0.00	    0.00	    0.00	    0.00	    0.00	    0.00	    0.05	 1897.09	  499.31	    0.00	  398.12	  599.92	 1099.91	 1831.00	 1147.67	 1199.26	 1399.52	 3099.93	  700.08	 1299.85	  499.97	  299.99
17	15	   38.43	   46.10	   12.45	   49.30	   30.81	  107.55	 4795.49	  276.56	   55.35	    0.37	    0.12	   31.20	  599.41	    1.47	    1.06	    0.00	    0.12	 2000.02	    1.09	 4344.21	  985.28	 1200.08	  500.02	  448.24
17	19	  299.99	  300.00	    0.00	  299.99	  100.02	  800.24	 2997.26	 3999.57	  600.08	 1239.20	  239.16	    0.10	    0.00	    0.00	    0.00	 4812.05	 2047.10	 1600.72	    0.00	    0.00	    0.00	    0.00	    0.00	    0.00
18	14	    0.00	    0.15	    0.00	    0.00	    0.00	    0.31	  699.74	  999.54	    0.00	    0.00	    0.00	    0.00	    0.00	    0.00	    0.00	 1900.39	 5050.96	  299.93	 6100.07	 3454.01	    0.16	    0.38	    0.16	    0.07
18	16	    0.04	    0.00	    0.02	    0.12	    0.02	    0.00	    0.00	    0.00	    0.10	    0.41	    0.45	    0.15	    0.17	 1398.51	 2699.20	    0.00	    0.00	    0.00	 2999.67	  200.79	  214.72	 1699.86	  599.96	  151.75
18	19	    0.02	    0.00	    0.00	    0.04	    0.02	    0.02	    0.00	    0.00	    0.09	 1261.06	  360.73	    0.00	    0.00	 1197.70	 2400.46	    0.00	    2.70	    0.00	 3700.26	    0.00	    0.00	    0.00	    0.00	    0.00
19	17	    0.00	    0.00	    0.00	    0.00	    0.00	    0.00	    0.00	    0.00	    0.00	    0.21	    0.11	    2.13	 1097.48	  701.36	 1300.81	    0.00	    0.14	    0.00	 1700.42	 7844.15	 1785.36	 2799.93	 1100.00	  748.23
19	18	    0.00	  100.10	    0.00	    0.00	    0.00	  200.22	 1099.49	 1699.12	    0.00	    0.00	    0.00	    0.00	   25.54	    0.01	    0.00	   11.13	    0.00	  599.79	    0.00	 4854.75	  118.31	    0.43	    0.17	   19.90
19	20	    0.00	    0.00	    0.00	    0.01	    0.03	  100.01	  698.04	  600.91	    0.12	    0.05	    0.02	    0.01	    0.02	    0.02	    0.03	 1502.24	  349.46	  201.09	    0.02	 2702.08	    0.00	    0.07	    0.03	    0.02
19	21	    0.00	   99.90	    0.00	    0.02	    0.01	  200.03	  699.73	  799.54	    0.06	    0.21	    0.05	    0.00	    0.00	    0.00	    0.16	 1698.68	    0.27	  399.84	  800.00	 3099.03	    0.18	    0.00	    0.00	    0.00
20	19	    0.00	    0.00	    0.00	    0.00	    0.00	    0.00	    0.00	    0.00	    0.00	    0.11	    0.03	  401.93	 1722.72	    0.08	    0.17	    0.00	    0.07	    0.00	    0.18	    0.00	 3103.84	    0.23	    2.79	 1167.61
20	21	  260.28	    0.07	   65.07	    0.47	    0.00	    0.03	    0.06	    0.08	    0.00	    0.00	    0.00	  455.49	 1415.32	    0.00	    0.00	    0.16	    0.00	    0.04	    0.00	    0.42	 4696.95	    0.00	    0.00	 1539.73
20	23	    0.00	    0.00	    0.00	    0.00	    0.00	    0.02	  497.98	  200.83	    0.03	  477.43	    0.00	    0.00	    0.00	    0.00	  667.01	  902.16	  200.43	  101.06	  242.21	 1501.66	 3199.20	 2312.07	    0.00	    0.00
21	14	    0.00	    0.00	    0.00	    0.00	    0.00	    0.00	    0.06	    0.06	    0.00	    0.00	    0.00	    0.00	  814.33	    0.00	    0.00	    0.11	    0.00	    0.03	  799.93	    0.46	 2893.48	10479.36	 2589.44	 1208.68
21	19	    0.00	    0.00	    0.00	    0.00	    0.00	    0.00	    0.00	    0.00	    0.00	    0.10	    0.26	    0.12	    0.32	    3.60	    0.37	    0.00	    0.00	    0.00	    0.00	    0.00	    0.00	 5200.21	 1797.41	    0.54
21	20	    0.01	    0.00	    0.00	    0.03	   93.46	    0.00	    0.00	    0.00	  299.90	 1677.49	    1.27	    0.04	    0.09	    0.69	 1467.15	    0.08	  451.05	    0.00	  642.38	    0.00	    0.00	 4112.23	    1.21	    0.07
21	22	    0.00	    0.00	    0.00	    0.00	    0.00	    0.06	  199.73	  299.56	  299.96	 1283.10	    0.00	    0.00	    0.00	    0.00	  944.88	  498.89	  462.87	   99.84	  301.67	  698.99	    3.65	 4608.21	    0.00	    0.00
22	13	    0.01	    0.00	    0.00	    0.02	    0.00	    0.00	    0.29	    0.39	    0.00	    0.00	    0.00	    0.18	  587.94	    0.00	    0.00	    0.29	    0.00	    0.14	    0.00	    0.69	  797.41	 1219.91	 4708.38	 1222.79
22	21	  139.74	    0.03	   34.93	    0.53	    0.06	    0.00	    0.00	    0.00	    0.00	    0.00	  407.68	  244.67	  699.42	  783.31	    0.00	    0.00	    0.00	    0.00	    0.00	    0.00	    0.00	    0.00	 6488.06	  769.57
22	23	    0.01	    0.00	    0.00	    0.03	    0.00	    0.01	    0.03	    0.06	    0.04	  322.57	  998.07	    0.00	    0.00	 1310.82	  415.16	    0.09	   99.61	    0.00	  150.15	    0.36	    0.06	 1289.04	 3303.56	    0.00
23	12	    0.00	    0.00	    0.00	    0.00	    0.00	    0.00	  397.41	    0.00	    0.00	    0.00	    0.00	    0.00	    0.00	  511.44	  682.17	  600.76	    0.05	  100.76	  292.36	 1099.96	 1205.44	 2500.37	 1902.01	 1800.39
23	20	  360.26	    0.06	   65.07	  200.44	    6.51	    0.04	    0.00	    0.00	    0.00	    0.00	  398.74	 1157.36	 3737.93	  399.38	    0.00	    0.00	    0.00	    0.00	    0.00	    0.00	    0.00	    0.00	  701.55	 3207.25
23	22	  439.63	    0.02	  134.91	    1.47	    0.29	    0.41	    0.59	    0.89	    0.00	    0.00	    0.05	  944.61	 2087.36	    0.00	    0.00	    1.49	    0.00	    0.30	    0.00	    2.06	 1493.82	    0.74	    0.00	 2692.36
