i	j	       0	       1	       2	       3	       4	       5	       6	       7	       8	       9	      10	      11	      12	      13	      14	      15	      16	      17	      18	      19	      20	      21	      22	      23
0	1	 2600.27	    0.00	  265.91	  200.05	   17.38	    0.00	    0.01	    0.01	   34.76	  104.40	  200.05	  466.36	  458.56	  100.01	   17.35	    0.01	    0.08	    0.00	    0.04	    0.00	    0.02	    0.08	    0.14	   29.42
0	2	 6199.73	 1153.81	    0.00	    0.00	    0.00	  241.65	  145.57	  251.32	    0.00	    0.00	    0.00	    0.00	    0.00	    0.00	    0.00	   92.14	    0.00	   35.90	    0.00	    0.00	    0.00	    0.00	    0.00	    0.00
1	0	    0.00	 1253.81	    0.00	    0.00	    0.00	  541.65	  645.55	 1051.29	    0.00	    0.00	    0.00	    0.00	    0.00	    0.00	    0.00	  591.97	    0.22	  135.90	    0.11	  299.89	    0.00	    0.00	    0.00	    0.00
1	5	 2500.27	 2746.19	  165.91	    0.07	    0.00	    0.00	    0.00	    0.00	    0.00	    0.00	    0.07	  366.36	  158.56	    0.02	    0.00	    0.00	    0.00	    0.00	    0.00	    0.00	    0.02	    0.04	    0.14	   29.42
2	0	    0.00	    0.00	  365.91	  700.05	  217.38	    0.00	    0.03	    0.04	  534.76	 1404.40	  700.05	  666.36	  958.56	  400.01	  517.35	    0.19	  399.86	    0.00	  299.93	    0.11	  100.02	  400.08	  300.14	  129.42
2	3	 4499.69	  653.72	 1934.07	    0.00	    0.00	    0.16	    0.00	    0.00	    0.00	    0.00	    0.00	 3756.58	 2502.74	    0.02	    0.00	    0.00	    0.00	    0.00	    0.00	    0.00	  202.02	    0.09	    2.13	  470.22
2	11	 1600.04	  400.09	  500.02	 1602.30	  403.40	  500.44	  773.21	 1200.01	 1399.42	  651.25	    0.44	    0.00	    0.00	    0.08	   61.82	  533.20	  183.65	  199.70	   26.54	    0.19	    0.06	    0.13	    0.10	    0.00
3	2	    0.00	    0.00	    0.00	 2502.35	  720.78	  558.95	  727.67	 1148.73	 2034.17	 2355.65	  999.87	    0.00	    0.00	  499.62	  679.12	  641.24	  683.50	  163.80	  326.47	    0.21	    0.07	    0.16	    0.12	    0.01
3	4	 3196.27	  153.58	 1333.52	 6695.19	    0.00	    0.00	    0.00	    0.00	    0.00	    0.00	  905.46	 3156.44	 1902.64	  200.02	    0.01	    0.00	    0.00	    0.00	    0.00	    0.00	    2.05	    0.05	  199.88	  270.21
3	10	  803.42	  300.19	  400.55	 2402.46	  699.58	  599.55	    0.33	    5.93	    0.05	    0.00	    0.00	    0.14	    0.10	    0.00	    0.00	    0.19	    0.00	    0.06	    0.00	    0.02	    0.00	    0.00	    0.05	    0.02
4	3	    0.00	    0.04	    0.00	    0.00	 1920.36	 1558.34	 1128.00	 1854.66	 2734.22	 3553.44	    0.00	    0.00	    0.00	    0.00	 1177.32	 1441.44	 1183.04	  263.86	  525.86	  300.23	    0.01	  399.18	    0.00	    0.00
4	5	    0.00	    0.00	  529.23	 2132.11	 1260.22	    0.00	    0.01	    0.03	  565.37	 1295.54	  404.83	 1477.90	  577.91	  100.02	  281.77	    0.03	    0.04	    0.00	    0.06	    0.01	    0.00	    0.00	   99.88	   70.57
4	8	 2996.27	  899.81	  704.29	 4063.08	 2919.42	 1400.07	    0.09	    0.09	    0.00	    0.00	    0.63	 1478.54	 1124.73	    0.00	    0.00	    0.05	    0.00	    0.01	    0.00	    0.02	    0.00	    0.00	    0.00	  199.64
5	1	    0.00	    0.00	    0.00	    0.02	   82.62	  941.65	  845.54	 1451.28	  165.24	  495.60	    0.02	    0.00	    0.00	    0.01	   82.65	  991.96	  200.14	  135.90	  100.07	  399.89	    0.00	   99.96	    0.00	    0.00
5	4	    0.00	  846.28	    0.00	    0.00	    0.00	 3158.42	 1027.63	 1805.60	    0.00	    0.00	    0.00	    0.00	    0.00	    0.00	    0.00	 1458.36	    0.36	  202.44	    0.03	  306.27	    0.04	    0.04	    0.00	    0.00
5	7	 2200.27	 1499.91	  395.14	 1732.16	  977.60	 3499.94	    0.00	    0.00	    0.13	    0.06	    4.88	 1644.26	  536.47	    0.04	    0.00	    0.00	    0.00	    0.00	    0.00	    0.00	    0.00	    0.00	    0.02	    0.00
6	7	    0.00	    0.00	    0.00	    0.00	    0.00	    0.00	 4177.85	    0.00	    0.00	    0.00	    0.00	    0.00	    0.00	  399.93	  600.63	  384.19	  142.01	  999.52	  999.65	 2599.29	  500.01	  799.88	  299.97	  199.99
6	17	  430.66	  336.66	    7.88	  431.46	  119.68	  985.73	 7922.15	 4519.64	  829.84	    0.19	    0.11	  219.16	    0.00	    0.00	    0.00	    0.00	    0.13	    0.00	    0.00	    0.00	    0.00	    0.00	    0.00	    0.00
7	5	    0.00	    0.00	    0.00	    0.00	    0.00	    0.00	 2273.16	 4056.85	    0.00	    0.12	    0.00	    0.00	    0.00	    0.00	    0.88	 3350.28	  700.47	  438.33	  300.04	 1006.15	  100.02	  299.96	    0.00	    0.01
7	6	  930.66	  536.66	  107.88	  831.46	  319.68	 1385.73	    0.00	 5519.64	 1429.79	    2.98	    0.72	  918.83	   59.55	    0.00	    0.00	    0.00	    0.20	    0.00	    0.00	    0.00	    0.00	    0.00	    0.00	    0.00
7	8	    0.00	    0.00	    0.00	    0.00	    0.00	    0.00	  904.69	 3743.14	    0.00	    0.00	    0.00	    0.00	    0.00	    0.00	    0.00	 1278.64	    0.00	  261.31	    0.00	  693.54	    0.05	    0.00	    0.00	    0.00
7	15	  469.68	  563.29	  173.57	  687.43	  429.61	 1314.29	    0.00	 3380.37	  880.62	    0.00	    0.21	  484.11	    0.46	    0.00	    0.00	    0.00	    0.00	    0.00	    0.00	    0.00	    0.00	    0.00	    0.00	    0.00
8	4	    0.00	    0.00	    0.00	    0.00	    0.00	    0.00	  300.47	  549.18	 4099.60	 5848.98	    0.00	    0.00	    0.00	    0.00	 1659.07	  483.16	 1382.71	   61.43	  625.89	   93.99	   97.93	  599.08	    0.00	    0.00
8	7	    0.07	    0.04	   86.31	  486.73	  271.69	    0.08	    0.00	    0.00	 3110.27	 1602.78	  796.05	  358.67	  123.53	    0.00	    0.00	    0.00	    0.31	    0.00	    0.00	    0.00	    0.00	    0.00	    0.00	    0.00
8	9	 2496.20	  699.78	  517.98	 2876.35	 1847.73	  999.99	    4.36	 2394.05	 8990.13	    0.00	    0.00	  519.91	  401.24	    0.00	    0.00	    0.33	    0.00	    0.06	    0.00	    0.00	    0.00	    0.00	    0.00	    0.00
9	8	    0.00	    0.00	    0.00	    0.00	    0.00	    0.00	    0.05	    0.00	    0.00	10251.76	 2195.42	    0.05	    0.05	  600.00	 2659.07	  604.81	 2283.02	    0.17	 1025.89	    0.42	  397.89	 1299.08	  500.00	    0.36
9	10	    0.00	    0.00	    0.00	    0.00	    0.00	    0.00	  499.67	  794.14	 1923.65	 7894.32	    0.00	    0.00	    0.00	    0.06	 1419.91	 1566.81	 1916.68	  199.95	  468.96	  469.80	    0.98	  569.67	    0.00	    0.00
9	14	  797.60	   99.81	   99.70	 1096.36	  597.00	  200.02	    0.00	    0.00	 2876.90	15092.13	 1686.41	  576.77	    6.01	    0.00	    0.00	    0.00	    0.68	    0.00	    0.00	    0.00	    0.00	    0.00	    0.00	    0.00
9	15	    0.00	    0.00	   18.56	   81.22	   50.76	    0.00	    0.00	    0.00	  489.65	 8061.67	 2148.65	  196.42	    0.36	    0.00	    0.00	    0.00	    0.00	    0.00	    0.00	    0.00	    0.00	    0.00	    0.00	    0.00
9	16	  399.69	    0.02	   99.98	  499.92	  199.97	    0.04	    0.08	    0.11	  899.92	 3900.11	  999.91	  599.91	  499.83	    0.05	    0.11	    0.21	    0.00	    0.05	    0.06	    0.13	    0.05	    0.13	    0.05	    0.02
10	3	    0.00	    0.00	    0.00	    0.00	    0.00	    0.00	    0.00	    0.00	    0.00	    2.21	 3405.33	    0.00	    0.00	 1199.63	    1.81	    0.00	    0.46	    0.00	    0.61	    0.00	    0.08	    0.94	  697.92	    0.03
10	9	    1.09	    0.00	    0.27	    1.15	    0.00	    0.00	    0.00	    0.00	    0.00	    0.00	10930.39	 2853.24	 2005.01	 1249.06	    0.00	    0.00	    0.00	    0.00	    0.00	    0.00	    0.00	    0.00	  482.50	   82.19
10	11	    0.00	    0.00	    0.00	    0.00	    0.00	    0.00	    0.00	    0.00	    0.10	 3248.75	 2400.72	    0.00	    0.00	  713.56	  643.48	  167.01	  916.31	    0.02	  275.76	    0.00	    0.00	    0.00	    0.00	    0.00
10	13	  302.36	  100.20	  100.30	 1001.31	  199.58	  199.55	    0.00	    0.08	  523.60	  643.36	 5563.56	 1122.94	   22.81	    0.00	    0.00	    0.00	    0.05	    0.00	    0.00	    0.00	    0.00	    0.00	    0.00	    0.00
11	2	    0.00	    0.00	    0.00	    0.00	    0.00	    0.00	    0.00	    0.00	    0.00	    0.00	    0.63	 4622.94	 3561.30	    0.49	    0.05	    0.00	    0.00	    0.00	    0.00	    0.10	  302.03	  500.14	  402.24	  599.63
11	10	    0.03	    0.01	    0.02	    0.00	    0.00	    0.00	    0.00	    0.00	    0.00	    0.00	    0.00	 5376.03	 3027.72	    0.00	    0.00	    0.00	    0.00	    0.00	    0.00	    0.00	    0.07	    0.00	    0.00	    0.45
11	12	 1400.01	  300.07	  300.00	 1002.30	  203.40	  300.44	   73.33	  600.01	  799.52	 1900.00	 1000.54	 3901.02	    0.00	   13.77	    5.64	    0.61	  499.96	    0.05	    2.42	    0.06	    0.04	    0.08	    0.05	    0.00
12	11	    0.00	    0.00	    0.00	    0.00	    0.00	    0.00	    0.12	    0.00	    0.00	    0.00	    0.00	    0.00	 7889.02	    0.62	    0.39	    0.41	    0.00	    0.33	    0.12	  499.97	  602.08	 1200.09	 1102.19	 1100.08
12	23	  900.01	    0.07	  200.00	  402.30	    3.40	  100.44	    0.00	    0.01	  199.52	    0.00	    0.54	 2601.02	 6710.98	    0.00	    0.00	    0.00	    0.00	    0.00	    0.00	    0.00	    0.00	    0.00	    0.00	    0.00
13	10	    0.00	    0.00	    0.00	    0.00	    0.00	    0.00	    0.00	    0.00	    0.00	    0.00	    0.00	    0.00	    0.00	 4762.19	  625.38	    0.00	    0.14	    0.01	  207.40	  130.18	  399.04	  531.28	 2480.37	  681.73
13	14	    2.37	    0.20	    0.30	    2.67	    0.00	    0.00	    0.00	    0.00	    0.00	    0.00	 1249.61	  423.23	   90.68	 6147.78	    0.00	    0.00	    0.00	    0.00	    0.00	    0.00	    0.00	    0.00	 1010.78	  109.79
13	22	    0.00	    0.00	    0.00	  498.66	   99.58	   99.55	    0.00	    0.00	  213.23	  889.78	 2714.01	    0.00	    0.00	 3190.03	  380.04	    0.00	  195.65	    0.00	  118.27	    0.00	    0.00	    0.00	    0.00	    0.00
14	9	    0.00	    0.00	    0.00	    0.00	    0.00	    0.00	    0.00	    0.00	    0.00	    0.00	    0.00	    0.00	    0.00	 1451.05	 8079.10	    0.27	    1.20	    0.05	 3294.24	 1764.58	 1598.73	 4468.88	 1817.55	  718.19
14	13	    0.00	    0.00	    0.00	    0.00	    0.00	    0.00	  199.73	  399.55	  289.61	 2346.34	    0.00	    0.00	    0.00	    0.00	 2305.37	  699.35	  895.72	   99.86	  625.66	  629.15	    0.58	  591.17	    0.00	    0.00
14	18	  299.97	    0.05	    0.00	  200.02	  100.01	    0.08	    0.02	    0.03	  400.07	 3235.20	  850.30	  300.00	  282.10	 2897.09	 5900.61	    0.05	    0.40	    0.01	    0.00	    0.05	  556.63	 2899.93	  899.99	  262.58
14	21	    0.00	    0.00	    0.00	  399.01	  296.99	    0.01	    0.00	    0.00	 1287.22	 5510.60	  685.71	    0.00	    0.00	  499.64	 5114.92	    0.22	 2511.29	    0.00	 2097.94	    0.00	    0.00	    0.00	    0.00	    0.00
15	7	    0.00	    0.00	    0.00	    0.00	    0.00	    0.00	    0.00	    0.00	    0.00	    0.26	    0.00	    0.00	    0.00	    0.03	    0.25	 6444.73	 1958.35	    0.12	    0.39	    0.40	    0.05	    0.08	    0.01	    0.02
15	9	    0.00	    0.05	    0.00	    0.00	    0.00	    0.07	 2395.31	    0.20	    0.00	    0.00	    0.00	    0.00	    0.00	    0.00	    0.00	 6569.87	    0.55	  899.84	    0.19	 1205.77	    0.18	    0.00	    0.00	    0.00
15	16	    0.36	  200.06	    0.02	    0.09	    0.04	  500.11	 1000.17	 1400.91	    0.11	    0.49	    0.09	    0.09	    0.03	    0.00	    0.00	 5958.36	    0.00	  600.24	    0.00	 1544.16	  356.37	    0.00	    0.00	  125.70
15	17	    0.04	    0.02	    0.00	    0.07	    0.02	    0.07	    0.00	    0.28	    0.51	 3661.71	  748.89	    0.08	    0.01	    0.03	    0.17	 7127.04	 3747.69	    0.00	    0.19	    0.00	    0.00	    0.00	    0.00	    0.00
16	9	    0.00	    0.00	    0.00	    0.00	    0.00	    0.00	    0.12	    0.00	    0.00	    0.00	    0.00	    0.00	    0.00	    0.00	    0.00	    1.37	 8098.64	    0.21	    0.48	    0.00	    0.00	    0.00	    0.00	    0.00
16	15	    0.00	    0.00	    0.00	    0.00	    0.00	    0.00	    0.00	    0.00	    0.00	    0.45	    0.00	    0.00	    0.00	  692.09	 1188.04	    0.00	 8506.37	    0.00	 1287.44	    0.00	    0.05	    0.10	    0.04	    0.03
16	18	    0.05	    0.07	    0.00	    0.02	    0.01	    0.15	    0.12	    1.01	    0.03	    0.15	    0.00	    0.00	    0.00	    0.00	    0.00	 3157.21	 6794.98	    0.07	    0.00	    0.00	    0.00	    0.00	    0.00	    0.00
17	6	    0.00	    0.00	    0.00	    0.00	    0.00	    0.00	    0.00	    0.00	    0.05	 1897.22	  499.40	    0.33	  340.45	  599.93	 1100.63	 1784.19	 1141.93	 1199.52	 1399.65	 3099.29	  700.01	 1299.88	  499.97	  299.99
17	15	   30.71	   36.84	    7.88	   31.51	   19.69	   85.96	 4795.48	  221.02	   30.36	    0.33	    0.11	   19.64	  599.22	    7.97	   12.37	    0.00	    0.21	 2000.20	   13.33	 4350.32	  956.55	 1199.98	  499.97	  425.70
17	19	  299.99	  299.84	    0.00	  300.01	  100.01	  799.84	 2926.67	 3998.90	  599.94	 1064.81	  149.84	    0.04	    0.00	    0.00	    0.00	 4842.85	 2005.80	 1600.27	    0.00	    0.00	    0.00	    0.00	    0.00	    0.00
18	14	    0.00	    0.03	    0.00	    0.00	    0.00	    0.06	  699.56	  999.36	    0.00	    0.00	    0.00	    0.00	    0.00	    0.00	    0.00	 1899.77	 4907.93	  299.84	 6817.84	 3493.01	    0.14	    0.35	    0.15	    0.06
18	16	    0.00	    0.00	    0.00	    0.00	    0.00	    0.00	    0.00	    0.00	    0.00	    0.00	    0.00	    0.00	    0.14	 1392.03	 2687.93	    0.00	    0.00	    0.00	 2987.86	  155.71	  243.63	 1699.97	  600.00	  174.30
18	19	    0.01	    0.00	    0.00	    0.03	    0.01	    0.02	    0.00	    0.00	    0.11	 1435.35	  450.30	    0.00	    0.00	 1205.07	 2412.68	    0.00	  187.45	    0.00	 2994.30	    0.00	    0.00	    0.00	    0.00	    0.00
19	17	    0.00	    0.00	    0.00	    0.00	    0.00	    0.00	    0.00	    0.00	    0.00	    0.45	    0.34	    0.78	 1039.66	  707.88	 1312.83	    0.00	    0.13	    0.00	 1712.79	 7849.62	 1756.56	 2799.86	 1099.94	  725.69
19	18	    0.00	   99.91	    0.00	    0.00	    0.00	  199.86	 1099.43	 1698.32	    0.00	    0.00	    0.00	    0.00	   18.04	    0.01	    0.00	   42.51	    0.00	  599.76	    0.00	 4848.68	   87.15	    0.39	    0.16	   11.78
19	20	    0.00	    0.00	    0.00	    0.01	    0.00	  100.00	  626.97	  600.25	    0.01	    0.04	    0.01	    0.01	    0.02	    0.01	    0.03	 1500.16	  492.81	  200.38	   81.63	 2700.67	    0.00	    0.07	    0.03	    0.02
19	21	    0.00	   99.93	    0.00	    0.04	    0.02	  200.00	  700.27	  800.32	    0.07	    0.27	    0.04	    0.00	    0.00	    0.00	    0.20	 1700.18	    0.38	  400.13	    0.07	 3101.03	    0.16	    0.00	    0.00	    0.00
20	19	    0.00	    0.00	    0.00	    0.00	    0.00	    0.00	    0.00	    0.00	    0.00	    0.10	    0.02	  400.66	 1657.49	    0.08	    0.14	    0.00	    0.06	    0.00	    0.15	    0.00	 3043.30	    1.05	    2.32	 1137.11
20	21	  262.27	    0.05	   65.57	    0.18	    0.00	    0.01	    0.06	    0.08	    0.00	    0.00	    0.00	  459.03	 1468.63	    0.00	    0.00	    0.17	    0.00	    0.03	    0.00	    0.38	 4758.17	    0.00	    0.85	 1602.36
20	23	    0.00	    0.00	    0.00	    0.00	    0.00	    0.02	  426.91	  200.17	    0.05	  469.33	    0.00	    0.00	    0.00	    0.00	  694.28	  900.07	  214.31	  100.34	  257.94	 1500.29	 3198.53	 2343.03	    0.00	    0.00
21	14	    0.00	    0.00	    0.00	    0.00	    0.00	    0.00	    0.18	    0.22	    0.00	    0.00	    0.00	    0.00	  885.41	    0.00	    0.00	    0.12	    0.00	    0.08	    0.00	    0.77	 2955.79	10559.63	 2706.61	 1270.92
21	19	    0.00	    0.00	    0.00	    0.00	    0.00	    0.00	    0.00	    0.00	    0.04	    0.52	    0.23	    0.09	    0.24	    2.76	    0.25	    0.00	    0.00	    0.00	    0.04	    0.00	    0.57	 5199.27	 1797.81	    0.38
21	20	    0.00	    0.00	    0.00	    0.00	   97.01	    0.00	    0.00	    0.00	  300.04	 1669.38	    1.92	    0.00	    0.00	    0.87	 1494.38	    0.08	  321.56	    0.00	  576.46	    0.00	    0.00	 4144.01	    0.82	    0.00
21	22	    0.00	    0.00	    0.00	    0.00	    0.00	    0.02	  200.15	  300.19	  287.22	 1240.98	    0.08	    0.00	    0.00	    0.00	 1020.49	  500.37	  490.11	  100.09	  321.50	  700.65	    1.97	 4497.08	    0.00	    0.00
22	13	    0.01	    0.00	    0.00	    0.02	    0.00	    0.00	    0.27	    0.37	    0.02	    0.08	    0.06	    0.29	  667.87	    0.00	    0.05	    0.65	    0.03	    0.15	    0.01	    1.03	  798.46	 1140.11	 4591.15	 1191.53
22	21	  137.73	    0.02	   34.43	    0.77	    0.00	    0.00	    0.00	    0.00	    0.00	    0.00	  416.48	  241.06	  717.02	  703.99	    0.00	    0.00	    0.00	    0.00	    0.00	    0.00	    0.00	    0.00	 6604.40	  768.94
22	23	    0.00	    0.00	    0.00	    0.00	    0.00	    0.00	    0.01	    0.02	    0.43	  330.67	  997.66	    0.00	    0.00	 1386.04	  400.48	    0.05	   85.83	    0.00	  139.76	    0.08	    0.05	 1257.06	 3304.45	    0.00
23	12	    0.00	    0.00	    0.00	    0.00	    0.00	    0.00	  326.79	    0.00	    0.00	    0.00	    0.00	    0.00	    0.00	  586.85	  694.75	  599.79	    0.04	  100.28	  297.71	 1099.91	 1202.04	 2500.01	 1902.14	 1800.08
23	20	  362.26	    0.05	   65.57	  200.17	    2.98	    0.02	    0.00	    0.00	    0.00	    0.00	  398.09	 1159.68	 3726.09	  399.19	    0.00	    0.00	    0.00	    0.00	    0.00	    0.00	    0.00	    0.00	  702.31	 3239.45
23	22	  437.74	    0.03	  134.44	    2.12	    0.42	    0.44	    0.13	    0.20	    0.00	    0.00	    0.11	  941.35	 2184.89	    0.00	    0.00	    0.33	    0.09	    0.07	    0.00	    0.46	 1496.55	    0.08	    0.00	 2660.47
