0.000000000000000000e+00 1.000000000000000000e+00 4.444852339033677708e+03
0.000000000000000000e+00 2.000000000000000000e+00 8.119563359073798892e+03
1.000000000000000000e+00 0.000000000000000000e+00 4.519549540123846782e+03
1.000000000000000000e+00 5.000000000000000000e+00 5.977634962121159333e+03
2.000000000000000000e+00 0.000000000000000000e+00 8.044866157983630728e+03
2.000000000000000000e+00 3.000000000000000000e+00 1.430124626038476345e+04
2.000000000000000000e+00 1.100000000000000000e+01 9.947646240865818982e+03
3.000000000000000000e+00 2.000000000000000000e+00 1.389460985345071458e+04
3.000000000000000000e+00 4.000000000000000000e+00 1.833091576146900479e+04
3.000000000000000000e+00 1.000000000000000000e+01 6.004620319300505798e+03
4.000000000000000000e+00 3.000000000000000000e+00 1.868874433946187855e+04
4.000000000000000000e+00 5.000000000000000000e+00 8.785236088185436529e+03
4.000000000000000000e+00 8.000000000000000000e+00 1.537351418348801963e+04
5.000000000000000000e+00 1.000000000000000000e+00 6.052332163211322950e+03
5.000000000000000000e+00 4.000000000000000000e+00 8.816000885532434040e+03
5.000000000000000000e+00 7.000000000000000000e+00 1.242958451300157503e+04
6.000000000000000000e+00 7.000000000000000000e+00 1.216356904465614571e+04
6.000000000000000000e+00 1.700000000000000000e+01 1.576391671994544049e+04
7.000000000000000000e+00 5.000000000000000000e+00 1.253504651143873707e+04
7.000000000000000000e+00 6.000000000000000000e+00 1.204163161550586483e+04
7.000000000000000000e+00 8.000000000000000000e+00 6.947534994174672647e+03
7.000000000000000000e+00 1.500000000000000000e+01 8.387300423557398972e+03
8.000000000000000000e+00 4.000000000000000000e+00 1.570057796413389769e+04
8.000000000000000000e+00 7.000000000000000000e+00 6.899116115934823029e+03
8.000000000000000000e+00 9.000000000000000000e+00 2.204497750424238620e+04
9.000000000000000000e+00 8.000000000000000000e+00 2.242362240664839919e+04
9.000000000000000000e+00 1.000000000000000000e+01 1.768056720548383964e+04
9.000000000000000000e+00 1.400000000000000000e+01 2.313613788846695752e+04
9.000000000000000000e+00 1.500000000000000000e+01 1.105254914831032329e+04
9.000000000000000000e+00 1.600000000000000000e+01 8.099909944871840707e+03
1.000000000000000000e+01 3.000000000000000000e+00 5.340155334373582264e+03
1.000000000000000000e+01 9.000000000000000000e+00 1.790360406142051579e+04
1.000000000000000000e+01 1.100000000000000000e+01 8.446945278573206451e+03
1.000000000000000000e+01 1.300000000000000000e+01 9.835689718266681666e+03
1.100000000000000000e+01 2.000000000000000000e+00 1.027958544670969604e+04
1.100000000000000000e+01 1.000000000000000000e+01 8.184295786268206939e+03
1.100000000000000000e+01 1.200000000000000000e+01 1.229507011334751769e+04
1.200000000000000000e+01 1.100000000000000000e+01 1.246435982688639706e+04
1.200000000000000000e+01 2.300000000000000000e+01 1.104962344506675799e+04
1.300000000000000000e+01 1.000000000000000000e+01 9.756911081581407416e+03
1.300000000000000000e+01 1.400000000000000000e+01 9.122915008781414144e+03
1.300000000000000000e+01 2.200000000000000000e+01 8.423328472011029589e+03
1.400000000000000000e+01 9.000000000000000000e+00 2.318386843680734819e+04
1.400000000000000000e+01 1.300000000000000000e+01 9.122048300582839147e+03
1.400000000000000000e+01 1.800000000000000000e+01 1.907220954271891242e+04
1.400000000000000000e+01 2.100000000000000000e+01 1.839414147810243230e+04
1.500000000000000000e+01 7.000000000000000000e+00 8.419243871084130660e+03
1.500000000000000000e+01 9.000000000000000000e+00 1.106036152155283344e+04
1.500000000000000000e+01 1.600000000000000000e+01 1.168077728348277378e+04
1.500000000000000000e+01 1.700000000000000000e+01 1.532479594724111848e+04
1.600000000000000000e+01 9.000000000000000000e+00 8.099975069758293102e+03
1.600000000000000000e+01 1.500000000000000000e+01 1.168428366088323492e+04
1.600000000000000000e+01 1.800000000000000000e+01 9.945917219672919600e+03
1.700000000000000000e+01 6.000000000000000000e+00 1.588585414909572501e+04
1.700000000000000000e+01 1.500000000000000000e+01 1.536104539060988282e+04
1.700000000000000000e+01 1.900000000000000000e+01 1.896542128395917098e+04
1.800000000000000000e+01 1.400000000000000000e+01 1.906400155900136087e+04
1.800000000000000000e+01 1.600000000000000000e+01 9.949488721959836766e+03
1.800000000000000000e+01 1.900000000000000000e+01 8.698766060838104750e+03
1.900000000000000000e+01 1.700000000000000000e+01 1.902360815647821801e+04
1.900000000000000000e+01 1.800000000000000000e+01 8.694129579407459460e+03
1.900000000000000000e+01 2.000000000000000000e+01 6.296346427411493096e+03
1.900000000000000000e+01 2.100000000000000000e+01 7.001873474624445407e+03
2.000000000000000000e+01 1.900000000000000000e+01 6.248960859758180050e+03
2.000000000000000000e+01 2.100000000000000000e+01 8.642188714919568156e+03
2.000000000000000000e+01 2.300000000000000000e+01 1.034465560016037489e+04
2.100000000000000000e+01 1.400000000000000000e+01 1.834921330196185227e+04
2.100000000000000000e+01 1.900000000000000000e+01 7.002809433366172925e+03
2.100000000000000000e+01 2.000000000000000000e+01 8.652544993705130764e+03
2.100000000000000000e+01 2.200000000000000000e+01 9.717726344399728987e+03
2.200000000000000000e+01 1.300000000000000000e+01 8.345416543524339431e+03
2.200000000000000000e+01 2.100000000000000000e+01 9.684090405786444535e+03
2.200000000000000000e+01 2.300000000000000000e+01 7.872140825053998014e+03
2.300000000000000000e+01 1.200000000000000000e+01 1.111891315860563736e+04
2.300000000000000000e+01 2.000000000000000000e+01 1.028691375372149014e+04
2.300000000000000000e+01 2.200000000000000000e+01 7.760592957954014310e+03
