0.000000000000000000e+00 1.000000000000000000e+00 4.470043435287734610e+03
0.000000000000000000e+00 2.000000000000000000e+00 8.100898063812400324e+03
1.000000000000000000e+00 0.000000000000000000e+00 4.501868932637922626e+03
1.000000000000000000e+00 5.000000000000000000e+00 5.961817148917028135e+03
2.000000000000000000e+00 0.000000000000000000e+00 8.069072566462204122e+03
2.000000000000000000e+00 3.000000000000000000e+00 1.400923143547799555e+04
2.000000000000000000e+00 1.100000000000000000e+01 1.002978207956788174e+04
3.000000000000000000e+00 2.000000000000000000e+00 1.403493323898008566e+04
3.000000000000000000e+00 4.000000000000000000e+00 1.800527081870272013e+04
3.000000000000000000e+00 1.000000000000000000e+01 5.209162822034052624e+03
4.000000000000000000e+00 3.000000000000000000e+00 1.803307256146902728e+04
4.000000000000000000e+00 5.000000000000000000e+00 8.797555511056987598e+03
4.000000000000000000e+00 8.000000000000000000e+00 1.579328622686134440e+04
5.000000000000000000e+00 1.000000000000000000e+00 5.993642646267217060e+03
5.000000000000000000e+00 4.000000000000000000e+00 8.804437077608234176e+03
5.000000000000000000e+00 7.000000000000000000e+00 1.246733816358962940e+04
6.000000000000000000e+00 7.000000000000000000e+00 1.234134092570072426e+04
6.000000000000000000e+00 1.700000000000000000e+01 1.614245268826581378e+04
7.000000000000000000e+00 5.000000000000000000e+00 1.250604522749106036e+04
7.000000000000000000e+00 6.000000000000000000e+00 1.226156887324276431e+04
7.000000000000000000e+00 8.000000000000000000e+00 6.855419072777509427e+03
7.000000000000000000e+00 1.500000000000000000e+01 8.456968716969504385e+03
8.000000000000000000e+00 4.000000000000000000e+00 1.581420640307639042e+04
8.000000000000000000e+00 7.000000000000000000e+00 6.794885328961308005e+03
8.000000000000000000e+00 9.000000000000000000e+00 2.179624190551982247e+04
9.000000000000000000e+00 8.000000000000000000e+00 2.185662833791867888e+04
9.000000000000000000e+00 1.000000000000000000e+01 1.773371790052363940e+04
9.000000000000000000e+00 1.400000000000000000e+01 2.316732203915001446e+04
9.000000000000000000e+00 1.500000000000000000e+01 1.105423104109110682e+04
9.000000000000000000e+00 1.600000000000000000e+01 8.100095034561280045e+03
1.000000000000000000e+01 3.000000000000000000e+00 5.307062882769818316e+03
1.000000000000000000e+01 9.000000000000000000e+00 1.760909224409025410e+04
1.000000000000000000e+01 1.100000000000000000e+01 8.371914506066565082e+03
1.000000000000000000e+01 1.300000000000000000e+01 9.790023086325927579e+03
1.100000000000000000e+01 2.000000000000000000e+00 9.972254778715599969e+03
1.100000000000000000e+01 1.000000000000000000e+01 8.412188555613845892e+03
1.100000000000000000e+01 1.200000000000000000e+01 1.230296993661478336e+04
1.200000000000000000e+01 1.100000000000000000e+01 1.238571668530978786e+04
1.200000000000000000e+01 2.300000000000000000e+01 1.112878033177467114e+04
1.300000000000000000e+01 1.000000000000000000e+01 9.823023441081042620e+03
1.300000000000000000e+01 1.400000000000000000e+01 9.036042683886769737e+03
1.300000000000000000e+01 2.200000000000000000e+01 8.421128605563455494e+03
1.400000000000000000e+01 9.000000000000000000e+00 2.321365348023190018e+04
1.400000000000000000e+01 1.300000000000000000e+01 9.081711022397874331e+03
1.400000000000000000e+01 1.800000000000000000e+01 1.915495176036134217e+04
1.400000000000000000e+01 2.100000000000000000e+01 1.846702647895311384e+04
1.500000000000000000e+01 7.000000000000000000e+00 8.476437472229203195e+03
1.500000000000000000e+01 9.000000000000000000e+00 1.109222602961614029e+04
1.500000000000000000e+01 1.600000000000000000e+01 1.170182894503365060e+04
1.500000000000000000e+01 1.700000000000000000e+01 1.522774483992390924e+04
1.600000000000000000e+01 9.000000000000000000e+00 8.100780693786589836e+03
1.600000000000000000e+01 1.500000000000000000e+01 1.167948714349907277e+04
1.600000000000000000e+01 1.800000000000000000e+01 9.959296100886505883e+03
1.700000000000000000e+01 6.000000000000000000e+00 1.622222474072377736e+04
1.700000000000000000e+01 1.500000000000000000e+01 1.530755038524321390e+04
1.700000000000000000e+01 1.900000000000000000e+01 1.904393500159184987e+04
1.800000000000000000e+01 1.400000000000000000e+01 1.922950372662579321e+04
1.800000000000000000e+01 1.600000000000000000e+01 9.937639958577239668e+03
1.800000000000000000e+01 1.900000000000000000e+01 8.678404161895370635e+03
1.900000000000000000e+01 1.700000000000000000e+01 1.910351259936911083e+04
1.900000000000000000e+01 1.800000000000000000e+01 8.731299985850551820e+03
1.900000000000000000e+01 2.000000000000000000e+01 6.360485168865160631e+03
1.900000000000000000e+01 2.100000000000000000e+01 6.860264986840410529e+03
2.000000000000000000e+01 1.900000000000000000e+01 6.231649246340565696e+03
2.000000000000000000e+01 2.100000000000000000e+01 8.632258411415881710e+03
2.000000000000000000e+01 2.300000000000000000e+01 1.031261341319245912e+04
2.100000000000000000e+01 1.400000000000000000e+01 1.838447429228166220e+04
2.100000000000000000e+01 1.900000000000000000e+01 7.001574331097447612e+03
2.100000000000000000e+01 2.000000000000000000e+01 8.555512132588428358e+03
2.100000000000000000e+01 2.200000000000000000e+01 9.652310622067809163e+03
2.200000000000000000e+01 1.300000000000000000e+01 8.408460621807464122e+03
2.200000000000000000e+01 2.100000000000000000e+01 9.634321500825921248e+03
2.200000000000000000e+01 2.300000000000000000e+01 7.895461686075879697e+03
2.300000000000000000e+01 1.200000000000000000e+01 1.111152708046967382e+04
2.300000000000000000e+01 2.000000000000000000e+01 1.026052376949533755e+04
2.300000000000000000e+01 2.200000000000000000e+01 7.864804581078005867e+03
