i	j	o6d15l17
0	1	 4403.38
0	2	 8028.66
1	0	 4428.89
1	5	 5959.61
2	0	 8003.14
2	3	13966.72
2	11	 9977.58
3	2	13991.05
3	4	17965.65
3	10	 5206.97
4	3	17989.01
4	5	 8795.49
4	8	15820.49
5	1	 5985.12
5	4	 8802.60
5	7	12398.44
6	7	12987.32
6	17	15423.36
7	5	12431.06
7	6	12930.01
7	8	 6741.20
7	15	 8662.07
8	4	15836.74
8	7	 6693.64
8	9	21924.27
9	8	21992.96
9	10	17751.38
9	14	23237.67
9	15	11097.65
9	16	 8100.44
10	3	 5307.95
10	9	17628.61
10	11	 8385.00
10	13	 9817.12
11	2	 9927.74
11	10	 8426.38
11	12	12266.72
12	11	12358.25
12	23	11157.44
13	10	 9853.96
13	14	 9047.75
13	22	 8408.63
14	9	23304.17
14	13	 9090.01
14	18	19259.71
14	21	18425.19
15	7	 8684.93
15	9	11122.81
15	16	11715.62
15	17	14740.18
16	9	 8100.23
16	15	11704.99
16	18	 9941.07
17	6	15480.68
17	15	14798.84
17	19	18949.68
18	14	19294.11
18	16	 9930.22
18	19	 8713.93
19	17	18965.66
19	18	 8737.48
19	20	 6312.60
19	21	 7001.59
20	19	 6251.49
20	21	 8624.31
20	23	10321.90
21	14	18399.55
21	19	 7002.24
21	20	 8613.85
21	22	 9669.64
22	13	 8403.20
22	21	 9634.19
22	23	 7924.59
23	12	11148.97
23	20	10271.24
23	22	 7883.71
