0.000000000000000000e+00 1.000000000000000000e+00 4.577052486523262814e+03
0.000000000000000000e+00 2.000000000000000000e+00 8.108038033738375816e+03
1.000000000000000000e+00 0.000000000000000000e+00 4.507961378318435891e+03
1.000000000000000000e+00 5.000000000000000000e+00 6.016802258636136685e+03
2.000000000000000000e+00 0.000000000000000000e+00 8.177129141943199102e+03
2.000000000000000000e+00 3.000000000000000000e+00 1.406086495405792812e+04
2.000000000000000000e+00 1.100000000000000000e+01 9.990892864588426164e+03
3.000000000000000000e+00 2.000000000000000000e+00 1.404204299318271296e+04
3.000000000000000000e+00 4.000000000000000000e+00 1.806009895327609047e+04
3.000000000000000000e+00 1.000000000000000000e+01 5.209125264041141236e+03
4.000000000000000000e+00 3.000000000000000000e+00 1.804190840629810555e+04
4.000000000000000000e+00 5.000000000000000000e+00 8.812877987789761391e+03
4.000000000000000000e+00 8.000000000000000000e+00 1.578341595227802463e+04
5.000000000000000000e+00 1.000000000000000000e+00 5.947711150431314309e+03
5.000000000000000000e+00 4.000000000000000000e+00 8.789227177045553617e+03
5.000000000000000000e+00 7.000000000000000000e+00 1.258935731071968257e+04
6.000000000000000000e+00 7.000000000000000000e+00 1.203701969433501836e+04
6.000000000000000000e+00 1.700000000000000000e+01 1.605794805338936021e+04
7.000000000000000000e+00 5.000000000000000000e+00 1.249661539177064515e+04
7.000000000000000000e+00 6.000000000000000000e+00 1.223029250492851133e+04
7.000000000000000000e+00 8.000000000000000000e+00 6.831907319174698387e+03
7.000000000000000000e+00 1.500000000000000000e+01 8.447399790001036308e+03
8.000000000000000000e+00 4.000000000000000000e+00 1.578887621604426204e+04
8.000000000000000000e+00 7.000000000000000000e+00 6.987496673294003813e+03
8.000000000000000000e+00 9.000000000000000000e+00 2.159314417988209971e+04
9.000000000000000000e+00 8.000000000000000000e+00 2.185419379776766073e+04
9.000000000000000000e+00 1.000000000000000000e+01 1.769035935832888572e+04
9.000000000000000000e+00 1.400000000000000000e+01 2.290323788942642204e+04
9.000000000000000000e+00 1.500000000000000000e+01 1.116591741169212219e+04
9.000000000000000000e+00 1.600000000000000000e+01 8.100123090201646846e+03
1.000000000000000000e+01 3.000000000000000000e+00 5.308493850143898271e+03
1.000000000000000000e+01 9.000000000000000000e+00 1.762626117487132433e+04
1.000000000000000000e+01 1.100000000000000000e+01 8.382488698263472543e+03
1.000000000000000000e+01 1.300000000000000000e+01 9.698241636504784765e+03
1.100000000000000000e+01 2.000000000000000000e+00 1.007880593366849280e+04
1.100000000000000000e+01 1.000000000000000000e+01 8.373520188783299091e+03
1.100000000000000000e+01 1.200000000000000000e+01 1.227772241709310765e+04
1.200000000000000000e+01 1.100000000000000000e+01 1.245666697669298446e+04
1.200000000000000000e+01 2.300000000000000000e+01 1.105821145442999841e+04
1.300000000000000000e+01 1.000000000000000000e+01 9.842480548630170233e+03
1.300000000000000000e+01 1.400000000000000000e+01 9.055673888373145019e+03
1.300000000000000000e+01 2.200000000000000000e+01 8.123805565870259670e+03
1.400000000000000000e+01 9.000000000000000000e+00 2.325490165533699837e+04
1.400000000000000000e+01 1.300000000000000000e+01 9.053131190521378812e+03
1.400000000000000000e+01 1.800000000000000000e+01 1.872405816562603650e+04
1.400000000000000000e+01 2.100000000000000000e+01 1.757477532657502161e+04
1.500000000000000000e+01 7.000000000000000000e+00 8.392341327526184614e+03
1.500000000000000000e+01 9.000000000000000000e+00 1.103882255121628259e+04
1.500000000000000000e+01 1.600000000000000000e+01 1.171667878511674826e+04
1.500000000000000000e+01 1.700000000000000000e+01 1.585649846589122535e+04
1.600000000000000000e+01 9.000000000000000000e+00 8.100701986110000689e+03
1.600000000000000000e+01 1.500000000000000000e+01 1.193821565756631935e+04
1.600000000000000000e+01 1.800000000000000000e+01 9.757924327479749991e+03
1.700000000000000000e+01 6.000000000000000000e+00 1.586467524279587269e+04
1.700000000000000000e+01 1.500000000000000000e+01 1.545280827049093932e+04
1.700000000000000000e+01 1.900000000000000000e+01 1.962487224176371819e+04
1.800000000000000000e+01 1.400000000000000000e+01 1.809487357510343645e+04
1.800000000000000000e+01 1.600000000000000000e+01 9.980040095837663102e+03
1.800000000000000000e+01 1.900000000000000000e+01 9.112859140208411191e+03
1.900000000000000000e+01 1.700000000000000000e+01 1.892790923576997375e+04
1.900000000000000000e+01 1.800000000000000000e+01 8.705790318043735169e+03
1.900000000000000000e+01 2.000000000000000000e+01 5.942008106032666547e+03
1.900000000000000000e+01 2.100000000000000000e+01 8.498651731983673017e+03
2.000000000000000000e+01 1.900000000000000000e+01 6.229974695203143710e+03
2.000000000000000000e+01 2.100000000000000000e+01 8.594933434998527446e+03
2.000000000000000000e+01 2.300000000000000000e+01 1.032541294398647005e+04
2.100000000000000000e+01 1.400000000000000000e+01 1.845308098515640813e+04
2.100000000000000000e+01 1.900000000000000000e+01 7.006653314654775386e+03
2.100000000000000000e+01 2.000000000000000000e+01 8.992327163919642771e+03
2.100000000000000000e+01 2.200000000000000000e+01 9.746082780120921598e+03
2.200000000000000000e+01 1.300000000000000000e+01 8.270587175847411345e+03
2.200000000000000000e+01 2.100000000000000000e+01 9.529783750294544006e+03
2.200000000000000000e+01 2.300000000000000000e+01 8.108228576413477640e+03
2.300000000000000000e+01 1.200000000000000000e+01 1.113715601402987159e+04
2.300000000000000000e+01 2.000000000000000000e+01 1.021598580423584463e+04
2.300000000000000000e+01 2.200000000000000000e+01 8.038711156564237172e+03
