i	j	o8d1l11
0	1	 4495.48
0	2	 8117.69
1	0	 4519.10
1	5	 5965.88
2	0	 8094.07
2	3	14022.27
2	11	10036.21
3	2	14044.31
3	4	18020.28
3	10	 5210.82
4	3	18045.38
4	5	 8796.74
4	8	15787.77
5	1	 5989.51
5	4	 8805.73
5	7	12492.46
6	7	12106.03
6	17	15796.75
7	5	12525.08
7	6	12044.02
7	8	 6884.53
7	15	 8385.25
8	4	15803.87
8	7	 6836.97
8	9	21750.75
9	8	21819.30
9	10	17726.87
9	14	23129.67
9	15	11045.22
9	16	 8099.98
10	3	 5307.76
10	9	17603.71
10	11	 8366.40
10	13	 9778.42
11	2	 9990.54
11	10	 8402.95
11	12	12301.94
12	11	12392.82
12	23	11119.94
13	10	 9815.64
13	14	 9035.13
13	22	 8398.75
14	9	23192.69
14	13	 9078.84
14	18	19085.36
14	21	18405.73
15	7	 8403.42
15	9	11073.31
15	16	11687.37
15	17	15283.99
16	9	 8100.59
16	15	11677.18
16	18	 9952.46
17	6	15858.76
17	15	15340.44
17	19	18986.33
18	14	19115.02
18	16	 9942.87
18	19	 8685.47
19	17	19004.79
19	18	 8705.54
19	20	 6303.83
19	21	 7002.19
20	19	 6241.18
20	21	 8619.61
20	23	10306.71
21	14	18382.81
21	19	 7003.37
21	20	 8606.27
21	22	 9659.01
22	13	 8392.26
22	21	 9623.92
22	23	 7902.78
23	12	11110.82
23	20	10257.40
23	22	 7861.21
