0.000000000000000000e+00 1.000000000000000000e+00 4.788915484753673809e+03
0.000000000000000000e+00 2.000000000000000000e+00 8.108809251090808175e+03
1.000000000000000000e+00 0.000000000000000000e+00 4.809260185479274696e+03
1.000000000000000000e+00 5.000000000000000000e+00 6.000562914440111854e+03
2.000000000000000000e+00 0.000000000000000000e+00 8.088464550365205469e+03
2.000000000000000000e+00 3.000000000000000000e+00 1.405241940154104668e+04
2.000000000000000000e+00 1.100000000000000000e+01 1.001504602236088795e+04
3.000000000000000000e+00 2.000000000000000000e+00 1.429196632741258509e+04
3.000000000000000000e+00 4.000000000000000000e+00 1.834866628591500921e+04
3.000000000000000000e+00 1.000000000000000000e+01 5.209235406824047459e+03
4.000000000000000000e+00 3.000000000000000000e+00 1.829416139179550373e+04
4.000000000000000000e+00 5.000000000000000000e+00 8.799141754135236624e+03
4.000000000000000000e+00 8.000000000000000000e+00 1.578564606668488523e+04
5.000000000000000000e+00 1.000000000000000000e+00 6.020907615165721836e+03
5.000000000000000000e+00 4.000000000000000000e+00 8.802571596449626668e+03
5.000000000000000000e+00 7.000000000000000000e+00 1.248833377233798274e+04
6.000000000000000000e+00 7.000000000000000000e+00 1.210210812719116439e+04
6.000000000000000000e+00 1.700000000000000000e+01 1.583830266008734361e+04
7.000000000000000000e+00 5.000000000000000000e+00 1.251210831537798549e+04
7.000000000000000000e+00 6.000000000000000000e+00 1.204259619615510746e+04
7.000000000000000000e+00 8.000000000000000000e+00 6.892405695333293806e+03
7.000000000000000000e+00 1.500000000000000000e+01 8.383791414069193706e+03
8.000000000000000000e+00 4.000000000000000000e+00 1.572771133025098970e+04
8.000000000000000000e+00 7.000000000000000000e+00 6.837994760482196398e+03
8.000000000000000000e+00 9.000000000000000000e+00 2.174553238631690328e+04
9.000000000000000000e+00 8.000000000000000000e+00 2.173318671503191217e+04
9.000000000000000000e+00 1.000000000000000000e+01 1.781183637479099343e+04
9.000000000000000000e+00 1.400000000000000000e+01 2.316786343101548846e+04
9.000000000000000000e+00 1.500000000000000000e+01 1.104776170750836354e+04
9.000000000000000000e+00 1.600000000000000000e+01 8.100291254004243456e+03
1.000000000000000000e+01 3.000000000000000000e+00 5.603287226815073154e+03
1.000000000000000000e+01 9.000000000000000000e+00 1.755606417923629851e+04
1.000000000000000000e+01 1.100000000000000000e+01 8.296924775148740082e+03
1.000000000000000000e+01 1.300000000000000000e+01 9.765580910638071146e+03
1.100000000000000000e+01 2.000000000000000000e+00 9.755154395763735010e+03
1.100000000000000000e+01 1.000000000000000000e+01 8.434732572791694110e+03
1.100000000000000000e+01 1.200000000000000000e+01 1.221260694987106217e+04
1.200000000000000000e+01 1.100000000000000000e+01 1.219052312091686326e+04
1.200000000000000000e+01 2.300000000000000000e+01 1.109461885640312903e+04
1.300000000000000000e+01 1.000000000000000000e+01 9.866052737431462447e+03
1.300000000000000000e+01 1.400000000000000000e+01 9.041785322659939993e+03
1.300000000000000000e+01 2.200000000000000000e+01 8.413261517982587975e+03
1.400000000000000000e+01 9.000000000000000000e+00 2.327307658825467661e+04
1.400000000000000000e+01 1.300000000000000000e+01 9.092205182990448520e+03
1.400000000000000000e+01 1.800000000000000000e+01 1.904740765928678957e+04
1.400000000000000000e+01 2.100000000000000000e+01 1.846619529327077180e+04
1.500000000000000000e+01 7.000000000000000000e+00 8.402464960924229672e+03
1.500000000000000000e+01 9.000000000000000000e+00 1.108545092063459924e+04
1.500000000000000000e+01 1.600000000000000000e+01 1.168220843162289202e+04
1.500000000000000000e+01 1.700000000000000000e+01 1.532268959346947486e+04
1.600000000000000000e+01 9.000000000000000000e+00 8.100815407908576162e+03
1.600000000000000000e+01 1.500000000000000000e+01 1.166676375297517552e+04
1.600000000000000000e+01 1.800000000000000000e+01 9.956153415217922884e+03
1.700000000000000000e+01 6.000000000000000000e+00 1.589781459112340417e+04
1.700000000000000000e+01 1.500000000000000000e+01 1.539449703209843756e+04
1.700000000000000000e+01 1.900000000000000000e+01 1.902379605812203590e+04
1.800000000000000000e+01 1.400000000000000000e+01 1.909437025824149896e+04
1.800000000000000000e+01 1.600000000000000000e+01 9.941232890474542728e+03
1.800000000000000000e+01 1.900000000000000000e+01 8.670327426250210920e+03
1.900000000000000000e+01 1.700000000000000000e+01 1.905511542778707371e+04
1.900000000000000000e+01 1.800000000000000000e+01 8.702369500461565622e+03
1.900000000000000000e+01 2.000000000000000000e+01 6.316908635624402450e+03
1.900000000000000000e+01 2.100000000000000000e+01 7.002863566380856355e+03
2.000000000000000000e+01 1.900000000000000000e+01 6.281162422079070893e+03
2.000000000000000000e+01 2.100000000000000000e+01 8.539028737841947077e+03
2.000000000000000000e+01 2.300000000000000000e+01 1.029673111038485149e+04
2.100000000000000000e+01 1.400000000000000000e+01 1.847486571188570451e+04
2.100000000000000000e+01 1.900000000000000000e+01 7.001971223802564964e+03
2.100000000000000000e+01 2.000000000000000000e+01 8.515197064104197125e+03
2.100000000000000000e+01 2.200000000000000000e+01 9.660039047371537890e+03
2.200000000000000000e+01 1.300000000000000000e+01 8.463313484445470749e+03
2.200000000000000000e+01 2.100000000000000000e+01 9.643985449670466551e+03
2.200000000000000000e+01 2.300000000000000000e+01 7.772430124995498772e+03
2.300000000000000000e+01 1.200000000000000000e+01 1.097253502744892830e+04
2.300000000000000000e+01 2.000000000000000000e+01 1.028481657057725715e+04
2.300000000000000000e+01 2.200000000000000000e+01 7.806428493757293836e+03
