0.000000000000000000e+00 1.000000000000000000e+00 4.496475922595062002e+03
0.000000000000000000e+00 2.000000000000000000e+00 8.120365527889672194e+03
1.000000000000000000e+00 0.000000000000000000e+00 4.520916425111514400e+03
1.000000000000000000e+00 5.000000000000000000e+00 5.967970353123251698e+03
2.000000000000000000e+00 0.000000000000000000e+00 8.095925025373217068e+03
2.000000000000000000e+00 3.000000000000000000e+00 1.401935245450807633e+04
2.000000000000000000e+00 1.100000000000000000e+01 1.003621744168467376e+04
3.000000000000000000e+00 2.000000000000000000e+00 1.404299040872892692e+04
3.000000000000000000e+00 4.000000000000000000e+00 1.801890568500374138e+04
3.000000000000000000e+00 1.000000000000000000e+01 5.209398001742681117e+03
4.000000000000000000e+00 3.000000000000000000e+00 1.804373329355757232e+04
4.000000000000000000e+00 5.000000000000000000e+00 8.796700698984526753e+03
4.000000000000000000e+00 8.000000000000000000e+00 1.578740489570392674e+04
5.000000000000000000e+00 1.000000000000000000e+00 5.992410855639707734e+03
5.000000000000000000e+00 4.000000000000000000e+00 8.803264101101476626e+03
5.000000000000000000e+00 7.000000000000000000e+00 1.249292432719502540e+04
6.000000000000000000e+00 7.000000000000000000e+00 1.210485870682932000e+04
6.000000000000000000e+00 1.700000000000000000e+01 1.580234263979553907e+04
7.000000000000000000e+00 5.000000000000000000e+00 1.252392823182844222e+04
7.000000000000000000e+00 6.000000000000000000e+00 1.204099938959058818e+04
7.000000000000000000e+00 8.000000000000000000e+00 6.883201997609963655e+03
7.000000000000000000e+00 1.500000000000000000e+01 8.387954607113524617e+03
8.000000000000000000e+00 4.000000000000000000e+00 1.580566910214080053e+04
8.000000000000000000e+00 7.000000000000000000e+00 6.835626374943576593e+03
8.000000000000000000e+00 9.000000000000000000e+00 2.174807512400886480e+04
9.000000000000000000e+00 8.000000000000000000e+00 2.181876370777935153e+04
9.000000000000000000e+00 1.000000000000000000e+01 1.772445527764772487e+04
9.000000000000000000e+00 1.400000000000000000e+01 2.313042826893837264e+04
9.000000000000000000e+00 1.500000000000000000e+01 1.104646463633078201e+04
9.000000000000000000e+00 1.600000000000000000e+01 8.101216618293487954e+03
1.000000000000000000e+01 3.000000000000000000e+00 5.308208347409722592e+03
1.000000000000000000e+01 9.000000000000000000e+00 1.760437653313964256e+04
1.000000000000000000e+01 1.100000000000000000e+01 8.365911140452406471e+03
1.000000000000000000e+01 1.300000000000000000e+01 9.776050581936537128e+03
1.100000000000000000e+01 2.000000000000000000e+00 9.988138984947367135e+03
1.100000000000000000e+01 1.000000000000000000e+01 8.405018722045017057e+03
1.100000000000000000e+01 1.200000000000000000e+01 1.230367392494250089e+04
1.200000000000000000e+01 1.100000000000000000e+01 1.239470304979779030e+04
1.200000000000000000e+01 2.300000000000000000e+01 1.111947481553435864e+04
1.300000000000000000e+01 1.000000000000000000e+01 9.815674601502914811e+03
1.300000000000000000e+01 1.400000000000000000e+01 9.037873534557960738e+03
1.300000000000000000e+01 2.200000000000000000e+01 8.398412373597662736e+03
1.400000000000000000e+01 9.000000000000000000e+00 2.319624363054099740e+04
1.400000000000000000e+01 1.300000000000000000e+01 9.081946515961899422e+03
1.400000000000000000e+01 1.800000000000000000e+01 1.908139939167461125e+04
1.400000000000000000e+01 2.100000000000000000e+01 1.840246005639500800e+04
1.500000000000000000e+01 7.000000000000000000e+00 8.402674817174600321e+03
1.500000000000000000e+01 9.000000000000000000e+00 1.107196283445365225e+04
1.500000000000000000e+01 1.600000000000000000e+01 1.168559052018158036e+04
1.500000000000000000e+01 1.700000000000000000e+01 1.529576178656625052e+04
1.600000000000000000e+01 9.000000000000000000e+00 8.100670386846530164e+03
1.600000000000000000e+01 1.500000000000000000e+01 1.167639931808987239e+04
1.600000000000000000e+01 1.800000000000000000e+01 9.952601643710322605e+03
1.700000000000000000e+01 6.000000000000000000e+00 1.586620195703427999e+04
1.700000000000000000e+01 1.500000000000000000e+01 1.534517139684192989e+04
1.700000000000000000e+01 1.900000000000000000e+01 1.899157405995219960e+04
1.800000000000000000e+01 1.400000000000000000e+01 1.911631930749333696e+04
1.800000000000000000e+01 1.600000000000000000e+01 9.942864210171665036e+03
1.800000000000000000e+01 1.900000000000000000e+01 8.682659095667397196e+03
1.900000000000000000e+01 1.700000000000000000e+01 1.900484298746657441e+04
1.900000000000000000e+01 1.800000000000000000e+01 8.707841577947458063e+03
1.900000000000000000e+01 2.000000000000000000e+01 6.306623088093957449e+03
1.900000000000000000e+01 2.100000000000000000e+01 7.000855682720047298e+03
2.000000000000000000e+01 1.900000000000000000e+01 6.243072131764402911e+03
2.000000000000000000e+01 2.100000000000000000e+01 8.616024141725742084e+03
2.000000000000000000e+01 2.300000000000000000e+01 1.030665085149561492e+04
2.100000000000000000e+01 1.400000000000000000e+01 1.837742848358285119e+04
2.100000000000000000e+01 1.900000000000000000e+01 7.002858048844014775e+03
2.100000000000000000e+01 2.000000000000000000e+01 8.603646748472889158e+03
2.100000000000000000e+01 2.200000000000000000e+01 9.657908771755613998e+03
2.200000000000000000e+01 1.300000000000000000e+01 8.393963411760090821e+03
2.200000000000000000e+01 2.100000000000000000e+01 9.622502171814594476e+03
2.200000000000000000e+01 2.300000000000000000e+01 7.902038110781712021e+03
2.300000000000000000e+01 1.200000000000000000e+01 1.111050394038965896e+04
2.300000000000000000e+01 2.000000000000000000e+01 1.025547728841890603e+04
2.300000000000000000e+01 2.200000000000000000e+01 7.862182549003131498e+03
