i	j	o15d3l20
0	1	 4497.55
0	2	 8119.01
1	0	 4519.99
1	5	 5969.29
2	0	 8096.57
2	3	14020.50
2	11	10035.46
3	2	14042.81
3	4	18015.05
3	10	 5210.70
4	3	18039.95
4	5	 8796.58
4	8	15784.81
5	1	 5991.73
5	4	 8803.79
5	7	12493.99
6	7	12103.90
6	17	15808.21
7	5	12523.64
7	6	12050.87
7	8	 6882.79
7	15	 8378.60
8	4	15802.50
8	7	 6835.41
8	9	21749.04
9	8	21819.35
9	10	17728.63
9	14	23128.32
9	15	11046.23
9	16	 8100.65
10	3	 5308.11
10	9	17605.36
10	11	 8366.99
10	13	 9778.44
11	2	 9990.72
11	10	 8403.33
11	12	12303.37
12	11	12394.96
12	23	11119.36
13	10	 9816.24
13	14	 9037.24
13	22	 8397.72
14	9	23195.87
14	13	 9079.80
14	18	19083.85
14	21	18403.08
15	7	 8402.60
15	9	11072.51
15	16	11687.84
15	17	15289.36
16	9	 8100.40
16	15	11675.91
16	18	 9953.00
17	6	15861.23
17	15	15351.57
17	19	18990.24
18	14	19117.62
18	16	 9940.81
18	19	 8685.02
19	17	19005.47
19	18	 8706.61
19	20	 6304.91
19	21	 7002.20
20	19	 6241.84
20	21	 8618.95
20	23	10307.50
21	14	18379.41
21	19	 7002.09
21	20	 8606.91
21	22	 9658.62
22	13	 8392.97
22	21	 9622.80
22	23	 7900.26
23	12	11110.95
23	20	10256.47
23	22	 7859.70
