i	j	       0	       1	       2	       3	       4	       5	       6	       7	       8	       9	      10	      11	      12	      13	      14	      15	      16	      17	      18	      19	      20	      21	      22	      23
0	1	 2600.21	    0.00	  276.31	  199.98	   19.97	    0.00	    0.01	    0.02	   39.94	  119.83	  199.98	  528.92	  467.26	  100.00	   19.98	    0.02	    0.04	    0.00	    0.05	    0.00	    0.00	    0.11	    0.16	   29.36
0	2	 6199.79	 1202.43	    0.00	    0.00	    0.00	  244.43	  157.77	  243.80	    0.00	    0.00	    0.00	    0.00	    0.00	    0.00	    0.00	   98.75	    0.00	   34.72	    0.00	    0.02	    0.00	    0.00	    0.00	    0.00
1	0	    0.00	 1302.43	    0.00	    0.00	    0.00	  544.43	  657.70	 1043.69	    0.00	    0.00	    0.00	    0.00	    0.00	    0.00	    0.00	  598.50	    0.14	  134.71	    0.03	  299.98	    0.00	    0.02	    0.00	    0.00
1	5	 2500.21	 2697.57	  176.31	    0.00	    0.00	    0.00	    0.00	    0.00	    0.00	    0.00	    0.00	  428.92	  167.26	    0.00	    0.00	    0.00	    0.00	    0.00	    0.00	    0.00	    0.00	    0.01	    0.16	   29.36
2	0	    0.00	    0.00	  376.31	  699.98	  219.97	    0.00	    0.08	    0.13	  539.94	 1419.83	  699.98	  728.92	  967.26	  400.00	  519.98	    0.27	  399.89	    0.01	  300.03	    0.05	  100.00	  400.09	  300.16	  129.36
2	3	 4499.79	  702.38	 1923.68	    0.00	    0.00	    0.08	    0.00	    0.00	    0.00	    0.00	    0.00	 3809.71	 2460.79	    0.09	    0.00	    0.00	    0.00	    0.00	    0.00	    0.00	  203.19	    0.25	    2.72	  470.49
2	11	 1600.00	  400.05	  500.01	 1601.36	  401.58	  500.27	  921.87	 1200.00	 1399.61	  612.85	    0.42	    0.00	    0.00	    0.13	   51.35	  537.83	  172.70	  199.72	   22.01	    0.12	    0.00	    0.00	    0.00	    0.00
3	2	    0.00	    0.00	    0.00	 2501.34	  721.55	  555.92	  864.19	 1156.33	 2039.55	 2332.60	 1000.03	    0.00	    0.00	  499.88	  671.26	  639.35	  672.56	  165.01	  322.02	    0.15	    0.00	    0.06	    0.04	    0.00
3	4	 3198.84	  202.36	 1323.57	 6698.15	    0.00	    0.00	    0.00	    0.00	    0.00	    0.18	  905.43	 3209.35	 1860.49	  200.06	    0.13	    0.00	    0.04	    0.00	    0.04	    0.00	    3.23	    0.18	  199.91	  270.51
3	10	  800.96	  300.06	  400.11	 2400.51	  699.77	  599.70	    0.39	    4.83	    0.32	    0.17	    0.00	    0.36	    0.30	    0.07	    0.06	    0.12	    0.04	    0.02	    0.02	    0.03	    0.02	    0.05	    0.05	    0.03
4	3	    0.00	    0.04	    0.00	    0.00	 1921.32	 1555.54	 1264.58	 1861.16	 2739.87	 3531.18	    0.00	    0.00	    0.00	    0.00	 1169.49	 1439.08	 1172.13	  265.02	  521.26	  300.17	    0.04	  399.02	    0.00	    0.00
4	5	    0.00	    0.00	  526.93	 2184.82	 1288.13	    0.00	    0.02	    0.03	  560.04	 1280.05	  404.98	 1489.84	  522.21	  100.00	  279.77	    0.04	    0.19	    0.00	    0.04	    0.01	    0.01	    0.02	   99.83	   70.62
4	8	 2998.84	  899.99	  696.64	 4013.33	 2890.55	 1400.16	    0.03	    0.10	    0.00	    0.00	    0.45	 1519.50	 1138.28	    0.06	    0.00	    0.06	    0.00	    0.01	    0.00	    0.03	    0.01	    0.00	    0.08	  199.89
5	1	    0.00	    0.00	    0.00	    0.02	   80.03	  944.43	  857.69	 1443.67	  160.06	  480.17	    0.02	    0.00	    0.00	    0.01	   80.02	  998.48	  200.11	  134.71	   99.97	  399.97	    0.00	   99.91	    0.00	    0.00
5	4	    0.00	  797.67	    0.00	    0.00	    0.00	 3155.70	 1118.13	 1780.60	    0.00	    0.00	    0.00	    0.00	    0.00	    0.00	    0.00	 1442.39	    0.07	  199.80	    0.03	  301.87	    0.01	    0.00	    0.00	    0.00
5	7	 2200.21	 1499.91	  403.23	 1784.80	 1008.09	 3499.87	    0.00	    0.00	    0.00	    0.00	    4.96	 1718.76	  489.47	    0.00	    0.00	    0.00	    0.00	    0.00	    0.00	    0.00	    0.00	    0.00	    0.00	    0.00
6	7	    0.00	    0.00	    0.00	    0.00	    0.00	    0.00	 4322.66	    0.00	    0.00	    0.00	    0.00	    0.00	    0.00	  399.86	  600.00	  334.12	  120.23	  999.72	  999.50	 2599.97	  500.21	  799.86	  300.00	  200.00
6	17	  444.64	  353.42	   14.83	  458.72	  136.76	 1024.75	 7777.34	 4620.23	  858.90	    0.69	    0.13	  241.17	    0.01	    0.00	    0.00	    0.00	    0.00	    0.00	    0.00	    0.00	    0.00	    0.00	    0.00	    0.00
7	5	    0.00	    0.00	    0.00	    0.00	    0.00	    0.00	 2375.80	 4024.24	    0.02	    0.12	    0.00	    0.00	    0.00	    0.00	    0.25	 3340.83	  699.99	  434.51	  299.96	 1001.83	  100.00	  299.89	    0.01	    0.01
7	6	  944.64	  553.42	  114.83	  858.72	  336.76	 1424.75	    0.00	 5620.23	 1458.65	    9.45	    2.86	  941.17	    2.10	    0.00	    0.00	    0.00	    0.08	    0.00	    0.00	    0.00	    0.00	    0.00	    0.00	    0.00
7	8	    0.00	    0.00	    0.00	    0.00	    0.00	    0.00	  946.87	 3775.71	    0.00	    0.00	    0.00	    0.00	    0.00	    0.00	    0.00	 1243.13	    0.00	  265.27	    0.00	  698.28	    0.23	    0.00	    0.00	    0.00
7	15	  455.64	  546.53	  175.81	  699.40	  437.10	 1275.21	    0.00	 3279.82	 1043.84	    0.43	    0.00	  546.21	    0.12	    0.00	    0.00	    0.00	    0.00	    0.00	    0.00	    0.00	    0.00	    0.00	    0.00	    0.00
8	4	    0.00	    0.00	    0.00	    0.00	    0.00	    0.00	  346.49	  580.69	 4099.91	 5811.04	    0.00	    0.00	    0.00	    0.00	 1649.13	  496.79	 1372.22	   65.23	  621.23	   98.34	   96.82	  598.86	    0.00	    0.00
8	7	    0.08	    0.04	   87.41	  473.31	  265.76	    0.09	    0.00	    0.00	 3302.51	 1609.23	  797.64	  368.61	  112.76	    0.00	    0.00	    0.00	    0.20	    0.00	    0.00	    0.00	    0.00	    0.00	    0.00	    0.00
8	9	 2498.76	  699.94	  509.23	 2840.01	 1824.79	 1000.07	    0.45	 2395.12	 8797.57	    0.00	    0.00	  550.94	  425.57	    0.00	    0.00	    0.24	    0.00	    0.11	    0.00	    0.25	    0.00	    0.00	    0.00	    0.00
9	8	    0.00	    0.00	    0.00	    0.00	    0.00	    0.00	    0.05	    0.00	    0.00	10220.27	 2197.18	    0.05	    0.05	  599.95	 2649.13	  653.84	 2272.42	    0.06	 1021.23	    0.29	  396.58	 1298.86	  499.92	    0.11
9	10	    0.00	    0.00	    0.00	    0.00	    0.00	    0.00	  499.61	  795.21	 1692.18	 8363.20	    0.00	    0.00	    0.00	    0.00	 1277.64	 1563.27	 1927.64	  200.10	  422.31	  428.00	    2.76	  486.98	    0.00	    0.00
9	14	  799.07	   99.97	   99.89	 1098.17	  598.66	  200.07	    0.00	    0.00	 3107.95	14197.19	 1960.65	  658.56	   28.72	    0.00	    0.00	    0.00	    0.80	    0.00	    0.00	    0.00	    0.00	    0.00	    0.00	    0.00
9	15	    0.13	    0.00	    9.38	   42.01	   26.20	    0.00	    0.00	    0.00	  297.74	 8518.62	 2188.10	  109.99	    0.41	    0.00	    0.00	    0.00	    0.00	    0.00	    0.00	    0.00	    0.00	    0.00	    0.00	    0.00
9	16	  399.56	    0.03	   99.97	  499.83	  199.93	    0.07	    0.08	    0.12	  899.70	 3900.73	 1000.04	  599.80	  499.83	    0.10	    0.12	    0.12	    0.00	    0.03	    0.07	    0.14	    0.05	    0.14	    0.05	    0.02
10	3	    0.00	    0.00	    0.00	    0.00	    0.00	    0.00	    0.00	    0.00	    0.00	    1.77	 3405.47	    0.00	    0.00	 1199.92	    1.95	    0.39	    0.51	    0.00	    0.82	    0.00	    0.03	    1.02	  697.28	    0.05
10	9	    0.00	    0.00	    0.00	    0.00	    0.00	    0.00	    0.00	    0.00	    0.00	    0.00	11245.97	 2817.45	 2003.44	 1119.98	    0.00	    0.00	    0.00	    0.00	    0.00	    0.00	    0.00	    0.00	  334.87	   52.23
10	11	    0.00	    0.00	    0.00	    0.00	    0.00	    0.00	    0.00	    0.00	    0.23	 3287.24	 2400.34	    0.00	    0.00	  703.06	  650.07	  163.00	  927.13	    0.13	  278.58	    0.00	    0.00	    0.00	    0.00	    0.00
10	13	  300.99	  100.07	  100.13	 1000.59	  199.80	  199.72	    0.00	    0.04	  292.28	 1074.36	 5248.22	 1041.33	  119.29	    0.00	    0.00	    0.00	    0.04	    0.00	    0.00	    0.00	    0.00	    0.00	    0.00	    0.00
11	2	    0.00	    0.00	    0.00	    0.00	    0.00	    0.00	    0.00	    0.00	    0.00	    0.09	    0.36	 4738.63	 3528.05	    0.33	    0.08	    0.00	    0.03	    0.00	    0.01	    0.00	  303.18	  500.28	  402.84	  599.85
11	10	    0.03	    0.01	    0.02	    0.08	    0.02	    0.02	    0.00	    0.00	    0.00	    0.00	    0.00	 5258.42	 3122.43	    0.00	    0.00	    0.00	    0.00	    0.00	    0.00	    0.00	    0.13	    0.00	    0.00	    0.19
11	12	 1399.97	  300.04	  299.99	 1001.28	  201.55	  300.25	  221.87	  600.00	  799.84	 1900.00	 1000.39	 3902.95	    0.00	    3.03	    1.38	    0.93	  499.80	    0.06	    0.59	    0.00	    0.00	    0.00	    0.00	    0.00
12	11	    0.00	    0.00	    0.00	    0.00	    0.00	    0.00	    0.00	    0.00	    0.00	    0.00	    0.00	    0.00	 7950.48	    0.17	    0.03	    0.10	    0.00	    0.21	    0.01	  499.88	  603.31	 1200.28	 1102.84	 1100.04
12	23	  899.97	    0.04	  199.99	  401.28	    1.55	  100.25	    0.00	    0.00	  199.84	    0.00	    0.39	 2602.95	 6649.52	    0.00	    0.00	    0.00	    0.00	    0.00	    0.00	    0.00	    0.00	    0.00	    0.00	    0.00
13	10	    0.00	    0.00	    0.00	    0.00	    0.00	    0.00	    0.00	    0.00	    0.00	    0.00	    0.00	    0.00	    0.00	 4622.90	  774.33	    0.00	    0.00	    0.02	  257.07	  171.98	  397.12	  614.00	 2332.10	  652.06
13	14	    0.96	    0.09	    0.12	    1.14	    0.00	    0.00	    0.00	    0.00	    0.00	    0.00	 1008.06	  341.59	  110.56	 6245.71	    0.00	    0.00	    0.00	    0.00	    0.00	    0.00	    0.00	    0.00	 1184.84	  136.61
13	22	    0.07	    0.00	    0.02	  499.47	   99.80	   99.73	    0.00	    0.00	  176.69	  728.60	 2640.22	    0.00	    0.00	 3231.39	  396.57	    0.00	  207.12	    0.00	  124.99	    0.00	    0.00	    0.00	    0.00	    0.00
14	9	    0.00	    0.00	    0.00	    0.00	    0.00	    0.00	    0.00	    0.00	    0.00	    0.00	    0.00	    0.00	    0.00	 1580.06	 7926.90	    0.30	    0.83	    0.05	 3243.42	 1735.36	 1599.39	 4385.97	 1965.10	  747.91
14	13	    0.00	    0.00	    0.00	    0.02	    0.00	    0.00	  199.60	  399.20	  484.41	 1754.24	    0.07	    0.00	    0.00	    0.00	 2470.90	  699.12	  907.07	   99.80	  682.05	  670.89	    1.04	  667.29	    0.00	    0.00
14	18	  300.03	    0.06	    0.01	  200.07	  100.03	    0.08	    0.02	    0.03	  400.15	 3971.40	  808.86	  300.15	  296.87	 2892.42	 5899.49	    0.05	    0.42	    0.01	    0.00	    0.05	  580.28	 2900.27	  899.95	  258.97
14	21	    0.00	    0.00	    0.00	  399.23	  298.63	    0.00	    0.00	    0.00	 1323.39	 4471.55	  759.79	    0.00	    0.00	  473.23	 5102.71	    0.23	 2992.78	    0.00	 2174.60	    0.00	    0.00	    0.00	    0.00	    0.00
15	7	    0.00	    0.00	    0.00	    0.00	    0.00	    0.00	    0.00	    0.00	    0.00	    0.78	    0.26	    0.00	    0.00	    0.14	    0.24	 6449.84	 1979.64	    0.06	    0.46	    0.13	    0.02	    0.03	    0.01	    0.01
15	9	    0.00	    0.05	    0.00	    0.00	    0.00	    0.07	 2399.07	    0.21	    0.00	    0.00	    0.00	    0.00	    0.00	    0.00	    0.00	 6616.15	    0.56	  899.94	    0.19	 1192.63	    0.00	    0.00	    0.00	    0.00
15	16	    0.43	  200.00	    0.02	    0.14	    0.06	  500.02	 1000.55	 1400.54	    0.25	    1.08	    0.09	    0.05	    0.07	    0.00	    0.00	 5770.43	    0.00	  600.28	    0.00	 1636.33	  380.77	    0.10	    0.04	  138.84
15	17	    0.04	    0.01	    0.00	    0.15	    0.04	    0.07	    0.00	    0.34	    0.96	 4119.58	  788.53	    0.09	    0.00	    0.21	    0.54	 7263.59	 3419.27	    0.00	    0.65	    0.00	    0.00	    0.00	    0.00	    0.00
16	9	    0.00	    0.00	    0.00	    0.00	    0.00	    0.00	    0.22	    0.00	    0.00	    0.00	    0.00	    0.00	    0.00	    0.00	    0.00	    0.53	 8099.47	    0.08	    0.00	    0.19	    0.00	    0.00	    0.00	    0.00
16	15	    0.00	    0.00	    0.00	    0.00	    0.00	    0.00	    0.00	    0.00	    0.00	    2.01	    0.61	    0.00	    0.00	  698.60	 1199.13	    0.00	 8199.34	    0.00	 1299.67	    0.00	    0.05	    0.10	    0.04	    0.03
16	18	    0.03	    0.04	    0.00	    0.02	    0.01	    0.09	    0.41	    0.66	    0.03	    0.16	    0.00	    0.00	    0.00	    0.00	    0.00	 2970.01	 7101.18	    0.23	    0.00	    0.00	    0.00	    0.00	    0.00	    0.00
17	6	    0.00	    0.00	    0.00	    0.00	    0.00	    0.00	    0.00	    0.00	    0.25	 1891.24	  497.28	    0.00	  397.90	  599.86	 1100.00	 1734.12	 1120.15	 1199.72	 1399.50	 3099.97	  700.21	 1299.86	  500.00	  300.00
17	15	   44.70	   53.53	   14.83	   58.88	   36.80	  124.94	 4799.62	  321.28	   59.64	    0.37	    0.18	   43.95	  599.55	    1.76	    1.65	    0.00	    0.12	 2000.28	    1.63	 4429.09	  980.73	 1200.03	  500.01	  438.83
17	19	  299.99	  299.90	    0.00	  299.99	  100.00	  799.87	 2777.72	 3999.30	  599.98	 1528.99	  191.30	    0.00	    0.00	    0.00	    0.00	 5029.46	 1699.14	 1600.00	    0.00	    0.00	    0.00	    0.00	    0.00	    0.00
18	14	    0.00	    0.01	    0.00	    0.00	    0.00	    0.02	  699.56	  999.18	    0.00	    0.00	    0.00	    0.00	    0.00	    0.00	    0.00	 1899.60	 5400.31	  299.84	 6900.07	 3505.43	    0.16	    0.39	    0.16	    0.07
18	16	    0.04	    0.02	    0.01	    0.05	    0.02	    0.00	    0.00	    0.00	    0.09	    0.37	    0.48	    0.15	    0.09	 1398.50	 2699.01	    0.00	    0.00	    0.00	 2999.60	   63.72	  219.23	 1699.86	  599.96	  161.16
18	19	    0.02	    0.00	    0.00	    0.04	    0.02	    0.03	    0.00	    0.00	    0.10	 2171.18	  408.38	    0.00	    0.00	 1193.93	 2400.48	    0.00	    1.30	    0.00	 2900.32	    0.00	    0.00	    0.46	    0.00	    0.00
19	17	    0.00	    0.00	    0.00	    0.00	    0.00	    0.00	    0.00	    0.00	    0.00	    0.32	    0.08	    2.69	 1097.44	  701.40	 1301.12	    0.00	    0.14	    0.00	 1700.48	 7929.06	 1780.94	 2799.88	 1100.00	  738.83
19	18	    0.00	   99.93	    0.00	    0.00	    0.00	  199.87	 1099.14	 1698.49	    0.00	    0.00	    0.00	    0.00	    3.23	    0.01	    0.00	  229.54	    0.00	  599.60	    0.00	 4769.10	   39.11	    0.44	    0.18	    2.26
19	20	    0.00	    0.00	    0.00	    0.01	    0.00	  100.03	  478.36	  600.34	    0.04	 1199.95	    0.02	    0.00	    0.00	    0.00	    0.03	 1499.66	    0.26	  200.28	    0.02	 2700.75	    0.00	    0.00	    0.00	    0.00
19	21	    0.00	   99.97	    0.00	    0.02	    0.01	  200.00	  700.22	  800.47	    0.06	    0.22	    0.05	    0.00	    0.00	    0.00	    0.17	 1700.26	    0.11	  400.12	    0.08	 3101.09	    0.18	    0.00	    0.00	    0.00
20	19	    0.00	    0.00	    0.00	    0.00	    0.00	    0.00	    0.00	    0.00	    0.00	    0.10	    0.02	  402.66	 1700.58	    0.08	    0.16	    0.00	    0.07	    0.00	    0.17	    0.00	 3020.23	    0.23	    3.16	 1140.93
20	21	  258.25	    0.01	   64.56	    0.13	    0.00	    0.01	    0.06	    0.07	    0.00	    0.00	    0.00	  451.94	 1436.99	    0.00	    0.00	    0.15	    0.00	    0.03	    0.00	    0.39	 4783.51	    0.00	    0.09	 1576.94
20	23	    0.00	    0.00	    0.00	    0.00	    0.00	    0.02	  278.30	  200.26	    0.06	  521.22	    0.00	    0.00	    0.00	    0.00	  725.77	  899.59	  198.24	  100.24	  263.85	 1500.35	 3196.25	 2469.90	    0.00	    0.00
21	14	    0.00	    0.00	    0.00	    0.00	    0.00	    0.00	    0.06	    0.05	    0.00	    0.00	    0.00	    0.00	  857.59	    0.00	    0.00	    0.10	    0.00	    0.03	    0.00	    0.87	 2980.55	10553.14	 2680.04	 1270.20
21	19	    0.00	    0.00	    0.00	    0.00	    0.00	    0.00	    0.00	    0.00	    0.03	    0.22	    0.44	    0.03	    0.08	    7.40	    0.67	    0.00	    0.00	    0.00	    0.08	    0.00	    0.00	 5199.63	 1797.02	    0.16
21	20	    0.00	    0.00	    0.00	    0.00	   98.67	    0.00	    0.00	    0.00	  300.00	  521.32	    2.99	    0.01	    0.03	    0.66	 1525.90	    0.08	  798.05	    0.00	  664.01	    0.00	    0.00	 4270.13	    0.76	    0.02
21	22	    0.00	    0.00	    0.00	    0.00	    0.00	    0.01	  200.22	  300.50	  323.43	 1350.23	    0.00	    0.00	    0.00	    0.00	  976.31	  500.46	  494.84	  100.13	  310.59	  700.61	    3.14	 4377.10	    0.00	    0.00
22	13	    0.04	    0.01	    0.01	    0.00	    0.00	    0.01	    0.40	    0.76	    0.00	    0.00	    0.00	    0.26	  591.27	    0.00	    0.00	    0.88	    0.00	    0.22	    0.01	    1.08	  796.08	 1146.71	 4616.94	 1188.67
22	21	  141.75	    0.01	   35.44	    0.62	    0.03	    0.00	    0.00	    0.00	    0.00	    0.00	  343.60	  248.11	  720.70	  734.83	    0.00	    0.00	    0.00	    0.00	    0.00	    0.00	    0.00	    0.00	 6577.74	  793.44
22	23	    0.00	    0.00	    0.00	    0.04	    0.01	    0.01	    0.02	    0.04	    0.12	  278.83	  996.68	    0.00	    0.00	 1396.56	  372.88	    0.08	  101.95	    0.00	  135.57	    0.20	    0.06	 1130.79	 3305.32	    0.00
23	12	    0.00	    0.00	    0.00	    0.00	    0.00	    0.00	  178.13	    0.00	    0.00	    0.00	    0.00	    0.00	    0.00	  597.14	  698.65	  599.17	    0.20	  100.15	  299.42	 1099.88	 1203.31	 2500.28	 1902.84	 1800.04
23	20	  358.25	    0.01	   64.56	  200.12	    1.32	    0.00	    0.00	    0.00	    0.01	    0.05	  397.02	 1154.59	 3737.55	  399.42	    0.00	    0.00	    0.00	    0.00	    0.00	    0.00	    0.00	    0.00	  702.48	 3217.85
23	22	  441.72	    0.03	  135.43	    1.20	    0.24	    0.28	    0.20	    0.30	    0.00	    0.00	    0.05	  948.36	 2111.97	    0.00	    0.00	    0.50	    0.00	    0.10	    0.00	    0.68	 1493.00	    0.40	    0.00	 2682.10
