i	j	o16d7l46
0	1	 4521.65
0	2	 8222.37
1	0	 4622.79
1	5	 5936.38
2	0	 8121.24
2	3	14066.34
2	11	10118.23
3	2	14078.84
3	4	18063.72
3	10	 5208.46
4	3	18076.23
4	5	 8775.88
4	8	15797.76
5	1	 6037.51
5	4	 8822.83
5	7	12497.67
6	7	12899.44
6	17	15818.06
7	5	12645.75
7	6	12034.45
7	8	 7072.76
7	15	 8388.96
8	4	15763.32
8	7	 6825.73
8	9	21768.96
9	8	21587.50
9	10	17704.42
9	14	23166.40
9	15	11040.60
9	16	 8100.36
10	3	 5308.45
10	9	17585.49
10	11	 8331.31
10	13	 9782.72
11	2	10004.58
11	10	 8419.99
11	12	12352.47
12	11	12427.50
12	23	11088.93
13	10	 9775.10
13	14	 9034.80
13	22	 8388.99
14	9	23060.17
14	13	 9059.77
14	18	19025.62
14	21	18393.58
15	7	 7919.09
15	9	10984.28
15	16	11608.92
15	17	16110.74
16	9	 8100.38
16	15	11644.04
16	18	 9942.65
17	6	16683.04
17	15	15549.43
17	19	19015.04
18	14	18920.80
18	16	 9977.78
18	19	 8674.53
19	17	19218.72
19	18	 8604.85
19	20	 6278.99
19	21	 7001.46
20	19	 6311.76
20	21	 8557.89
20	23	10283.37
21	14	18317.15
21	19	 7002.68
21	20	 8610.30
21	22	 9643.92
22	13	 8356.40
22	21	 9621.11
22	23	 7877.29
23	12	11063.96
23	20	10263.74
23	22	 7821.89
