i	j	o2d5l0
0	1	 4494.99
0	2	 8118.90
1	0	 4519.79
1	5	 5966.49
2	0	 8094.10
2	3	14020.42
2	11	10035.54
3	2	14042.07
3	4	18017.87
3	10	 5211.01
4	3	18042.27
4	5	 8796.43
4	8	15787.17
5	1	 5991.29
5	4	 8803.30
5	7	12491.43
6	7	12100.64
6	17	15800.53
7	5	12523.09
7	6	12041.95
7	8	 6882.88
7	15	 8385.50
8	4	15804.71
8	7	 6835.95
8	9	21748.53
9	8	21819.14
9	10	17726.39
9	14	23129.73
9	15	11046.57
9	16	 8100.72
10	3	 5308.26
10	9	17605.39
10	11	 8366.48
10	13	 9778.48
11	2	 9989.08
11	10	 8404.50
11	12	12301.93
12	11	12393.49
12	23	11119.57
13	10	 9816.70
13	14	 9037.31
13	22	 8397.93
14	9	23193.67
14	13	 9080.73
14	18	19085.20
14	21	18405.17
15	7	 8405.41
15	9	11074.40
15	16	11686.64
15	17	15285.02
16	9	 8100.57
16	15	11677.50
16	18	 9951.79
17	6	15859.22
17	15	15341.89
17	19	18989.72
18	14	19117.35
18	16	 9942.50
18	19	 8684.42
19	17	19005.28
19	18	 8707.27
19	20	 6304.95
19	21	 7001.54
20	19	 6243.37
20	21	 8617.46
20	23	10306.44
21	14	18380.38
21	19	 7001.54
21	20	 8605.20
21	22	 9659.25
22	13	 8392.73
22	21	 9622.20
22	23	 7902.77
23	12	11111.13
23	20	10257.12
23	22	 7860.52
