i	j	       0	       1	       2	       3	       4	       5	       6	       7	       8	       9	      10	      11	      12	      13	      14	      15	      16	      17	      18	      19	      20	      21	      22	      23
0	1	 2599.92	    0.00	  270.61	  200.02	   16.21	    0.00	    0.01	    0.01	   32.41	   97.36	  200.02	  478.09	  463.59	  100.01	   16.26	    0.01	    0.03	    0.00	    0.02	    0.00	    0.01	    0.12	    0.14	   29.44
0	2	 6200.08	 1170.90	    0.00	    0.00	    0.00	  225.75	  140.93	  245.38	    0.00	    0.00	    0.00	    0.00	    0.00	    0.00	    0.00	  104.06	    0.00	   34.96	    0.00	    0.02	    0.00	    0.00	    0.00	    0.00
1	0	    0.00	 1270.90	    0.00	    0.00	    0.00	  525.75	  640.85	 1045.26	    0.00	    0.00	    0.00	    0.00	    0.00	    0.00	    0.00	  603.99	    0.35	  134.95	    0.02	  299.97	    0.00	    0.01	    0.00	    0.00
1	5	 2499.92	 2729.10	  170.61	    0.04	    0.00	    0.00	    0.00	    0.00	    0.00	    0.00	    0.04	  378.09	  163.59	    0.01	    0.00	    0.00	    0.00	    0.00	    0.00	    0.00	    0.01	    0.03	    0.14	   29.44
2	0	    0.00	    0.00	  370.61	  700.02	  216.21	    0.00	    0.08	    0.13	  532.41	 1397.36	  700.02	  678.09	  963.59	  400.01	  516.26	    0.09	  399.68	    0.01	  300.00	    0.05	  100.01	  400.11	  300.14	  129.44
2	3	 4500.14	  570.78	 1929.39	    0.00	    0.00	    0.00	    0.00	    0.00	    0.00	    0.00	    0.00	 3774.68	 2519.02	    0.07	    0.00	    0.00	    0.00	    0.00	    0.00	    0.00	  203.16	    0.14	    2.58	  470.34
2	11	 1599.94	  500.11	  500.00	 1601.57	  402.90	  500.29	  775.40	 1199.87	 1399.70	  654.48	    0.40	    0.00	    0.00	    0.09	   50.65	  548.11	  184.60	  199.16	   21.71	    0.06	    0.00	    0.00	    0.00	    0.00
3	2	    0.00	    0.00	    0.00	 2501.59	  719.11	  574.54	  734.55	 1154.62	 2032.11	 2351.76	  999.59	    0.00	    0.00	  499.63	  666.84	  644.13	  684.25	  164.21	  321.70	    0.09	    0.01	    0.09	    0.06	    0.01
3	4	 3197.62	  170.47	 1329.02	 6696.21	    0.00	    0.00	    0.00	    0.00	    0.00	    0.20	  906.95	 3173.84	 1918.56	  200.09	    0.06	    0.00	    0.02	    0.00	    0.04	    0.01	    3.24	    0.10	  199.92	  270.37
3	10	  802.51	  200.34	  400.37	 2402.20	  699.83	  599.79	    0.42	    3.87	    0.49	    0.14	    0.00	    0.83	    0.45	    0.06	    0.05	    0.10	    0.04	    0.01	    0.01	    0.02	    0.01	    0.04	    0.05	    0.02
4	3	    0.00	    0.03	    0.00	    0.00	 1918.94	 1574.33	 1134.97	 1858.49	 2732.60	 3550.48	    0.00	    0.00	    0.00	    0.00	 1165.15	 1444.23	 1183.88	  264.22	  520.99	  300.04	    0.06	  399.43	    0.00	    0.00
4	5	    0.00	    0.00	  526.83	 2135.13	 1263.12	    0.00	    0.01	    0.03	  567.71	 1302.59	  406.56	 1462.93	  579.17	  100.03	  283.23	    0.03	    0.04	    0.00	    0.04	    0.01	    0.01	    0.02	   99.86	   70.55
4	8	 2997.62	  899.70	  702.19	 4061.08	 2917.94	 1399.85	    0.02	    0.08	    0.00	    0.00	    0.39	 1510.91	 1139.39	    0.07	    0.00	    0.05	    0.00	    0.01	    0.00	    0.02	    0.00	    0.00	    0.05	  199.82
5	1	    0.00	    0.00	    0.00	    0.02	   83.79	  925.75	  840.85	 1445.25	  167.59	  502.64	    0.02	    0.00	    0.00	    0.01	   83.74	 1003.98	  200.32	  134.95	  100.00	  399.97	    0.00	   99.92	    0.00	    0.00
5	4	    0.00	  829.26	    0.00	    0.00	    0.00	 3174.18	 1033.48	 1806.03	    0.00	    0.00	    0.00	    0.00	    0.00	    0.00	    0.00	 1453.50	    0.06	  202.67	    0.02	  304.76	    0.06	    0.00	    0.00	    0.00
5	7	 2199.92	 1499.84	  397.44	 1735.15	  979.33	 3500.07	    0.00	    0.00	    0.12	    0.05	    6.58	 1641.02	  542.76	    0.03	    0.00	    0.00	    0.00	    0.00	    0.00	    0.00	    0.00	    0.00	    0.00	    0.00
6	7	    0.00	    0.00	    0.00	    0.00	    0.00	    0.00	 4178.75	    0.00	    0.00	    0.00	    0.00	    0.00	    0.00	  399.78	  600.10	  385.50	  141.25	  999.19	  999.32	 2599.90	  500.11	  799.89	  299.98	  199.99
6	17	  430.59	  336.55	    8.43	  433.27	  120.87	  985.78	 7921.25	 4518.98	  828.78	    0.19	    0.11	  220.91	    0.15	    0.00	    0.00	    0.00	    0.02	    0.00	    0.00	    0.00	    0.00	    0.00	    0.00	    0.00
7	5	    0.00	    0.00	    0.00	    0.00	    0.00	    0.00	 2274.31	 4051.25	    0.00	    0.11	    0.00	    0.00	    0.00	    0.00	    0.52	 3357.44	  700.34	  437.61	  299.98	 1004.72	  100.05	  299.87	    0.00	    0.01
7	6	  930.59	  536.55	  108.43	  833.27	  320.87	 1385.78	    0.00	 5518.98	 1428.73	    3.62	    1.19	  920.70	   61.29	    0.00	    0.00	    0.00	    0.09	    0.00	    0.00	    0.00	    0.00	    0.00	    0.00	    0.00
7	8	    0.00	    0.00	    0.00	    0.00	    0.00	    0.00	  904.44	 3748.69	    0.00	    0.00	    0.00	    0.00	    0.00	    0.00	    0.00	 1268.80	    0.00	  261.67	    0.00	  695.43	    0.09	    0.08	    0.00	    0.00
7	15	  469.61	  563.32	  172.96	  684.94	  428.06	 1314.36	    0.00	 3381.08	  895.58	    0.00	    0.05	  475.99	    0.36	    0.00	    0.00	    0.00	    0.00	    0.00	    0.00	    0.00	    0.00	    0.00	    0.00	    0.00
8	4	    0.00	    0.00	    0.00	    0.00	    0.00	    0.00	  301.52	  552.57	 4100.31	 5852.87	    0.00	    0.00	    0.00	    0.00	 1648.31	  490.81	 1383.83	   61.56	  620.97	   95.31	   96.76	  599.35	    0.00	    0.00
8	7	    0.27	    0.04	   83.95	  483.06	  269.60	    0.08	    0.00	    0.00	 3124.19	 1603.45	  794.66	  355.67	  118.89	    0.00	    0.00	    0.00	    0.19	    0.00	    0.00	    0.00	    0.00	    0.00	    0.00	    0.00
8	9	 2497.35	  699.67	  518.24	 2878.02	 1848.34	  999.78	    2.99	 2396.20	 8975.50	    0.00	    0.00	  555.29	  420.55	    0.00	    0.00	    0.21	    0.00	    0.13	    0.00	    0.27	    0.00	    0.00	    0.00	    0.00
9	8	    0.00	    0.00	    0.00	    0.00	    0.00	    0.00	    0.05	    0.00	    0.00	10256.32	 2194.27	    0.05	    0.05	  599.94	 2648.31	  622.17	 2284.02	    0.02	 1020.97	    0.13	  396.67	 1299.28	  499.95	    0.18
9	10	    0.00	    0.00	    0.00	    0.00	    0.00	    0.00	  499.53	  796.28	 1717.59	 8416.67	    0.00	    0.00	    0.00	    0.00	 1297.26	 1551.49	 1915.46	  199.98	  428.89	  423.35	    1.40	  490.51	    0.00	    0.00
9	14	  798.44	   99.92	   99.81	 1097.20	  597.22	  199.80	    0.00	    0.00	 3082.18	14572.79	 1913.68	  654.23	    6.73	    0.00	    0.00	    0.00	    0.68	    0.00	    0.00	    0.00	    0.00	    0.00	    0.00	    0.00
9	15	    0.00	    0.00	   18.62	   81.84	   51.15	    0.00	    0.00	    0.00	  475.87	 8053.35	 2160.09	  201.96	    0.29	    0.00	    0.00	    0.00	    0.00	    0.00	    0.00	    0.00	    0.00	    0.00	    0.00	    0.00
9	16	  399.70	    0.01	   99.97	  499.86	  199.97	    0.04	    0.07	    0.10	  899.85	 3900.87	  999.79	  599.83	  499.86	    0.08	    0.11	    0.10	    0.00	    0.04	    0.06	    0.12	    0.04	    0.12	    0.04	    0.02
10	3	    0.00	    0.00	    0.00	    0.00	    0.00	    0.00	    0.00	    0.00	    0.00	    1.62	 3406.54	    0.00	    0.00	 1199.70	    1.80	    0.00	    0.43	    0.00	    0.76	    0.08	    0.04	    0.65	  697.44	    0.07
10	9	    0.79	    0.22	    0.16	    0.88	    0.00	    0.00	    0.00	    0.00	    0.00	    0.00	11167.85	 2900.78	 1986.37	 1115.54	    0.00	    0.00	    0.00	    0.00	    0.00	    0.00	    0.00	    0.00	  350.31	   48.69
10	11	    0.00	    0.00	    0.00	    0.00	    0.00	    0.00	    0.12	    0.13	    0.22	 3245.68	 2401.05	    0.00	    0.00	  713.30	  653.12	  151.88	  915.39	    0.05	  279.89	    0.12	    0.10	    0.22	    0.16	    0.05
10	13	  301.75	  100.09	  100.23	 1001.38	  199.85	  199.81	    0.00	    0.02	  317.86	 1169.52	 5324.56	 1045.49	    7.54	    0.00	    0.00	    0.00	    0.03	    0.00	    0.00	    0.00	    0.00	    0.00	    0.00	    0.00
11	2	    0.00	    0.00	    0.00	    0.00	    0.00	    0.00	    0.00	    0.00	    0.00	    0.08	    0.84	 4652.76	 3582.60	    0.53	    0.07	    0.00	    0.03	    0.00	    0.01	    0.00	  303.16	  500.16	  402.65	  599.76
11	10	    0.03	   99.97	    0.01	    0.07	    0.02	    0.02	    0.00	    0.00	    0.00	    0.00	    0.00	 5345.44	 2993.46	    0.00	    0.00	    0.00	    0.00	    0.00	    0.00	    0.00	    0.31	    0.00	    0.00	    0.46
11	12	 1399.91	  300.15	  299.98	 1001.50	  202.88	  300.27	   75.58	  600.00	  799.92	 1900.07	 1000.62	 3901.80	    0.00	   12.98	    3.72	    0.30	  499.96	    0.04	    1.60	    0.07	    0.07	    0.14	    0.09	    0.00
12	11	    0.00	    0.00	    0.00	    0.00	    0.00	    0.00	    0.06	    0.00	    0.00	    0.00	    0.00	    0.00	 7876.07	    0.12	    0.02	    0.31	    0.00	    0.84	    0.01	  499.89	  603.43	 1200.08	 1102.58	 1100.17
12	23	  899.91	    0.15	  199.98	  401.50	    2.88	  100.27	    0.00	    0.00	  199.92	    0.07	    0.62	 2601.80	 6723.93	    0.00	    0.00	    0.00	    0.00	    0.00	    0.00	    0.00	    0.00	    0.00	    0.00	    0.00
13	10	    0.00	    0.00	    0.00	    0.00	    0.00	    0.00	    0.18	    0.00	    0.00	    0.00	    0.00	    0.00	    0.00	 4628.50	  757.62	    0.30	    0.36	    0.05	  251.74	  176.82	  398.43	  610.32	 2347.87	  648.33
13	14	    1.63	    0.12	    0.21	    2.19	    0.05	    0.05	    0.00	    0.00	    0.00	    0.00	 1053.40	  345.50	   91.23	 6252.56	    0.00	    0.00	    0.00	    0.00	    0.00	    0.00	    0.00	    0.00	 1152.71	  125.07
13	22	    0.13	    0.01	    0.02	  499.21	   99.81	   99.76	    0.00	    0.00	  199.05	  824.97	 2671.22	    0.23	    0.00	 3218.94	  431.50	    0.00	  217.12	    0.00	  134.98	    0.00	    0.00	    0.00	    0.00	    0.00
14	9	    0.00	    0.00	    0.00	    0.00	    0.00	    0.00	    0.00	    0.00	    0.00	    0.00	    0.00	    0.00	    0.00	 1584.48	 7945.68	    0.25	    0.76	    0.05	 3249.75	 1722.77	 1598.11	 4389.91	 1949.68	  751.52
14	13	    0.00	    0.01	    0.00	    0.00	    0.01	    0.00	  199.43	  398.86	  481.18	 1755.45	    0.00	    0.00	    0.00	    0.00	 2489.11	  699.60	  917.45	   99.72	  686.72	  675.09	    0.54	  672.83	    0.00	    0.00
14	18	  300.07	    0.08	    0.02	  200.12	  100.02	    0.13	    0.01	    0.03	  400.13	 3242.43	  838.36	  300.12	  281.73	 2897.90	 5900.14	    0.05	    0.35	    0.01	    0.00	    0.04	  557.00	 2899.66	  899.96	  261.00
14	21	    0.00	    0.00	    0.00	  399.28	  297.24	    0.00	    0.00	    0.00	 1300.87	 5574.91	  728.72	    0.00	    0.00	  470.19	 5065.07	    0.20	 2481.92	    0.00	 2085.88	    0.00	    0.00	    0.00	    0.00	    0.00
15	7	    0.00	    0.00	    0.00	    0.00	    0.00	    0.00	    0.00	    0.00	    0.00	    0.23	    0.00	    0.00	    0.00	    0.19	    0.42	 6440.75	 1958.99	    0.10	    0.66	    0.25	    0.04	    0.06	    0.02	    0.02
15	9	    0.00	    0.05	    0.00	    0.00	    0.00	    0.06	 2396.50	    0.18	    0.00	    0.00	    0.00	    0.00	    0.00	    0.00	    0.00	 6572.39	    0.48	  899.79	    0.17	 1200.43	    0.00	    0.00	    0.00	    0.00
15	16	    0.24	  200.02	    0.01	    0.05	    0.02	  500.06	 1000.27	 1401.26	    0.10	    0.43	    0.08	    0.05	    0.00	    0.00	    0.00	 5965.30	    0.00	  600.12	    0.00	 1542.94	  352.46	    0.27	    0.03	  126.08
15	17	    0.03	    0.02	    0.00	    0.03	    0.01	    0.06	    0.00	    0.31	    0.17	 3654.53	  760.39	    0.08	    0.01	    0.02	    0.13	 7121.56	 3755.79	    0.00	    0.13	    0.00	    0.00	    0.00	    0.00	    0.00
16	9	    0.00	    0.00	    0.00	    0.00	    0.00	    0.00	    0.16	    0.00	    0.00	    0.00	    0.00	    0.00	    0.00	    0.00	    0.00	    0.91	 8098.93	    0.07	    0.00	    0.12	    0.00	    0.00	    0.00	    0.00
16	15	    0.00	    0.00	    0.00	    0.00	    0.00	    0.00	    0.00	    0.00	    0.00	    1.53	    0.22	    0.00	    0.00	  690.80	 1185.22	    0.00	 8515.17	    0.00	 1284.40	    0.00	    0.05	    0.09	    0.04	    0.02
16	18	    0.02	    0.05	    0.00	    0.02	    0.01	    0.09	    0.18	    1.36	    0.03	    0.14	    0.00	    0.00	    0.00	    0.00	    0.00	 3164.49	 6785.90	    0.10	    0.00	    0.00	    0.00	    0.00	    0.00	    0.00
17	6	    0.00	    0.00	    0.00	    0.00	    0.00	    0.00	    0.00	    0.00	    0.05	 1896.56	  498.91	    0.22	  338.86	  599.78	 1100.10	 1785.50	 1141.18	 1199.19	 1399.32	 3099.90	  700.11	 1299.89	  499.98	  299.99
17	15	   30.66	   36.76	    8.43	   33.31	   20.82	   85.82	 4796.77	  220.66	   28.82	    0.31	    0.10	   22.18	  599.36	    9.41	   15.33	    0.00	    0.10	 2000.01	   16.55	 4343.63	  952.46	 1200.24	  500.02	  426.07
17	19	  299.96	  299.81	    0.00	  300.00	  100.06	  800.03	 2924.48	 3998.62	  600.09	 1058.02	  161.55	    0.11	    0.00	    0.00	    0.00	 4836.07	 2014.66	 1600.80	    0.00	    0.00	    0.00	    0.00	    0.00	    0.00
18	14	    0.00	    0.05	    0.00	    0.00	    0.00	    0.28	  699.40	  998.82	    0.00	    0.00	    0.00	    0.00	    0.00	    0.00	    0.00	 1899.96	 4899.80	  299.75	 6822.35	 3497.52	    0.13	    0.33	    0.14	    0.06
18	16	    0.08	    0.02	    0.02	    0.10	    0.02	    0.00	    0.00	    0.00	    0.08	    0.36	    0.35	    0.12	    0.14	 1390.72	 2685.12	    0.00	    0.00	    0.00	 2984.35	  157.06	  247.54	 1699.70	  599.97	  173.92
18	19	    0.01	    0.00	    0.00	    0.03	    0.01	    0.02	    0.00	    0.00	    0.08	 1442.21	  438.01	    0.00	    0.00	 1207.19	 2415.02	    0.00	  186.45	    0.00	 2993.31	    0.00	    0.00	    0.00	    0.00	    0.00
19	17	    0.00	    0.00	    0.00	    0.00	    0.00	    0.00	    0.00	    0.00	    0.00	    0.18	    0.07	    1.51	 1038.06	  709.16	 1315.29	    0.00	    0.12	    0.00	 1715.74	 7843.53	 1752.56	 2800.13	 1099.99	  726.07
19	18	    0.00	   99.94	    0.00	    0.00	    0.00	  200.08	 1099.20	 1697.44	    0.00	    0.00	    0.00	    0.00	   18.41	    0.01	    0.00	   35.42	    0.00	  599.64	    0.00	 4854.54	   90.67	    0.37	    0.15	   12.98
19	20	    0.00	    0.00	    0.00	    0.05	    0.06	  100.01	  624.81	  600.46	    0.04	    0.04	    0.01	    0.01	    0.02	    0.01	    0.03	 1500.73	  500.65	  200.98	   77.65	 2700.79	    0.00	    0.06	    0.02	    0.02
19	21	    0.00	   99.87	    0.00	    0.01	    0.01	  199.96	  700.47	  800.73	    0.13	    0.18	    0.04	    0.00	    0.00	    0.00	    0.14	 1699.91	    0.40	  400.18	    0.07	 3101.14	    0.15	    0.00	    0.00	    0.00
20	19	    0.00	    0.00	    0.00	    0.00	    0.00	    0.00	    0.00	    0.00	    0.00	    0.09	    0.02	  401.34	 1656.19	    0.07	    0.14	    0.00	    0.06	    0.00	    0.15	    0.00	 3043.38	    0.20	    3.42	 1138.54
20	21	  263.06	    0.11	   65.77	    0.39	    0.00	    0.03	    0.05	    0.07	    0.00	    0.00	    0.00	  460.36	 1467.31	    0.00	    0.00	    0.13	    0.00	    0.03	    0.00	    0.34	 4757.57	    0.00	    0.00	 1600.88
20	23	    0.00	    0.00	    0.00	    0.00	    0.00	    0.01	  424.76	  200.40	    0.02	  489.26	    0.00	    0.00	    0.00	    0.00	  683.48	  900.66	  208.78	  100.95	  252.60	 1500.45	 3199.05	 2343.31	    0.00	    0.00
21	14	    0.00	    0.00	    0.00	    0.00	    0.00	    0.00	    0.05	    0.07	    0.00	    0.00	    0.00	    0.39	  883.77	    0.00	    0.00	    0.13	    0.00	    0.02	    0.00	    0.38	 2955.52	10562.07	 2696.79	 1287.39
21	19	    0.03	    0.00	    0.00	    0.03	    0.00	    0.00	    0.00	    0.00	    0.00	    0.09	    0.54	    0.07	    0.30	    1.93	    0.29	    0.00	    0.00	    0.00	    0.00	    0.00	    0.00	 5200.35	 1796.75	    0.52
21	20	    0.01	    0.00	    0.00	    0.02	   97.29	    0.00	    0.00	    0.00	  299.97	 1689.31	    2.84	    0.03	    0.07	    0.46	 1483.60	    0.07	  308.19	    0.00	  575.10	    0.00	    0.00	 4143.45	    0.80	    0.05
21	22	    0.00	    0.00	    0.00	    0.00	    0.00	    0.01	  200.47	  300.72	  301.02	 1286.12	    0.00	    0.00	    0.00	    0.00	  981.32	  500.04	  474.13	  100.18	  310.84	  701.11	    2.20	 4494.13	    0.00	    0.00
22	13	    0.01	    0.03	    0.00	    0.02	    0.00	    0.00	    0.74	    1.12	    0.00	    0.00	    0.06	    0.24	  683.69	    0.00	    0.00	    0.70	    0.00	    0.34	    0.01	    1.73	  797.89	 1137.50	 4600.58	 1173.39
22	21	  136.98	    0.02	   34.23	    0.37	    0.04	    0.02	    0.00	    0.00	    0.00	    0.42	  374.62	  240.13	  716.83	  732.20	    0.00	    0.00	    0.00	    0.00	    0.00	    0.00	    0.00	    0.00	 6594.34	  787.09
22	23	    0.01	    0.00	    0.00	    0.02	    0.00	    0.01	    0.04	    0.09	    0.07	  310.67	  996.65	    0.00	    0.00	 1386.74	  412.82	    0.15	   91.26	    0.00	  145.82	    0.48	    0.10	 1256.71	 3305.08	    0.00
23	12	    0.00	    0.00	    0.00	    0.00	    0.00	    0.00	  324.48	    0.00	    0.00	    0.00	    0.00	    0.00	    0.00	  587.14	  696.30	  600.01	    0.04	  100.80	  298.41	 1099.82	 1203.36	 2499.94	 1902.49	 1800.17
23	20	  363.05	    0.11	   65.77	  200.32	    2.65	    0.03	    0.00	    0.00	    0.01	    0.00	  397.17	 1161.66	 3723.41	  399.60	    0.00	    0.00	    0.00	    0.00	    0.00	    0.00	    0.00	    0.00	  702.59	 3239.35
23	22	  436.87	    0.04	  134.22	    1.20	    0.23	    0.27	    0.32	    0.48	    0.00	    0.00	    0.10	  940.14	 2200.52	    0.00	    0.00	    0.80	    0.00	    0.16	    0.00	    1.11	 1495.79	    0.08	    0.00	 2660.48
