i	j	       0	       1	       2	       3	       4	       5	       6	       7	       8	       9	      10	      11	      12	      13	      14	      15	      16	      17	      18	      19	      20	      21	      22	      23
0	1	 2600.01	    0.00	  265.10	  199.98	   17.07	    0.00	    0.01	    0.02	   34.14	  102.44	  199.98	  462.12	  457.27	   99.99	   17.09	    0.02	    0.02	    0.00	    0.02	    0.01	    0.00	    0.08	    0.15	   29.26
0	2	 6199.99	 1188.06	    0.00	    0.00	    0.00	  239.31	  149.05	  260.80	    0.00	    0.00	    0.00	    0.00	    0.00	    0.00	    0.00	  123.74	    0.00	   36.73	    0.00	    0.00	    0.00	    0.00	    0.00	    0.00
1	0	    0.00	 1288.06	    0.00	    0.00	    0.00	  539.31	  649.03	 1060.76	    0.00	    0.00	    0.00	    0.00	    0.00	    0.00	    0.00	  623.71	    0.07	  136.73	    0.03	  299.98	    0.00	    0.00	    0.00	    0.00
1	5	 2500.01	 2711.94	  165.10	    0.00	    0.00	    0.00	    0.00	    0.00	    0.00	    0.00	    0.00	  362.12	  157.27	    0.01	    0.00	    0.00	    0.00	    0.00	    0.00	    0.00	    0.00	    0.00	    0.15	   29.26
2	0	    0.00	    0.00	  365.10	  699.98	  217.07	    0.00	    0.04	    0.06	  534.14	 1402.44	  699.98	  662.12	  957.27	  399.99	  517.09	    0.05	  399.95	    0.01	  299.98	    0.02	  100.00	  400.08	  300.15	  129.26
2	3	 4499.28	  687.82	 1934.61	    0.00	    0.00	    0.00	    0.00	    0.00	    0.00	    0.00	    0.00	 3735.53	 2483.61	    0.11	    0.00	    0.00	    0.00	    0.00	    0.00	    0.00	  201.27	    0.02	    1.22	  470.62
2	11	 1600.72	  400.24	  500.28	 1601.26	  403.29	  500.19	  701.07	 1200.04	 1399.59	  717.53	    0.38	    0.00	    0.00	    0.05	   68.29	  597.81	  202.35	  198.65	   29.27	    0.00	    0.00	    0.00	    0.00	    0.00
3	2	    0.00	    0.00	    0.00	 2501.24	  720.36	  560.88	  652.05	 1139.30	 2033.72	 2419.86	 1000.31	    0.00	    0.00	  499.94	  685.28	  674.12	  702.26	  161.92	  329.23	    0.02	    0.01	    0.09	    0.00	    0.00
3	4	 3198.00	  187.90	 1334.52	 6696.77	    0.00	    0.00	    0.00	    0.00	    0.00	    0.09	  905.84	 3135.36	 1883.49	  200.09	    0.05	    0.00	    0.04	    0.00	    0.03	    0.00	    1.28	    0.05	  199.92	  270.59
3	10	  801.28	  299.97	  400.10	 2401.99	  699.78	  599.77	    0.39	    4.71	    0.39	    0.20	    0.00	    0.17	    0.12	    0.08	    0.07	    0.14	    0.05	    0.02	    0.02	    0.03	    0.02	    0.06	    0.07	    0.03
4	3	    0.00	    0.05	    0.00	    0.00	 1920.13	 1560.65	 1052.44	 1844.01	 2734.11	 3619.00	    0.00	    0.00	    0.00	    0.00	 1183.77	 1474.27	 1201.93	  261.94	  528.60	  300.05	    0.04	  399.30	    0.00	    0.00
4	5	    0.00	    0.00	  527.36	 2142.66	 1266.54	    0.00	    0.02	    0.04	  565.86	 1297.42	  405.22	 1446.53	  573.84	  100.01	  282.83	    0.05	    0.05	    0.01	    0.16	    0.02	    0.01	    0.01	   99.84	   70.73
4	8	 2998.00	  899.93	  707.16	 4054.11	 2913.33	 1400.09	    0.00	    0.04	    0.00	    0.00	    0.63	 1488.83	 1109.66	    0.09	    0.00	    0.00	    0.00	    0.00	    0.00	    0.00	    0.00	    0.00	    0.07	  199.86
5	1	    0.00	    0.00	    0.00	    0.02	   82.93	  939.31	  849.02	 1460.74	  165.86	  497.56	    0.02	    0.00	    0.00	    0.01	   82.91	 1023.69	  200.05	  136.73	  100.02	  399.98	    0.00	   99.92	    0.00	    0.00
5	4	    0.00	  812.08	    0.00	    0.00	    0.00	 3160.74	  978.68	 1832.24	    0.00	    0.00	    0.00	    0.00	    0.00	    0.00	    0.00	 1521.08	    0.08	  204.93	    0.03	  311.85	    0.04	    0.00	    0.00	    0.00
5	7	 2200.01	 1499.86	  392.46	 1742.64	  983.61	 3499.94	    0.00	    0.00	    0.00	    0.00	    5.20	 1608.66	  531.11	    0.00	    0.00	    0.00	    0.00	    0.00	    0.00	    0.00	    0.00	    0.00	    0.00	    0.00
6	7	    0.00	    0.00	    0.00	    0.00	    0.00	    0.00	 4107.58	    0.00	    0.00	    0.20	    0.00	    0.00	    0.00	  399.49	  599.34	  587.53	  193.27	  998.77	  998.78	 2599.31	  499.99	  799.76	  299.94	  199.97
6	17	  427.13	  332.27	    7.53	  429.07	  118.26	  975.60	 7992.42	 4494.11	  817.91	    0.00	    0.17	  216.91	    0.05	    0.00	    0.00	    0.00	    0.00	    0.00	    0.00	    0.00	    0.00	    0.00	    0.00	    0.00
7	5	    0.00	    0.00	    0.00	    0.00	    0.00	    0.00	 2227.68	 4092.94	    0.00	    0.14	    0.00	    0.00	    0.00	    0.00	    0.08	 3444.73	  700.08	  441.66	  299.89	 1011.81	  100.04	  299.91	    0.01	    0.02
7	6	  927.13	  532.27	  107.53	  829.07	  318.26	 1375.60	    0.00	 5494.11	 1417.78	    2.20	    0.92	  916.87	   55.16	    0.00	    0.00	    0.00	    0.05	    0.00	    0.00	    0.00	    0.00	    0.00	    0.00	    0.00
7	8	    0.00	    0.00	    0.00	    0.00	    0.00	    0.00	  880.50	 3706.51	    0.00	    0.00	    0.00	    0.00	    0.00	    0.00	    0.00	 1492.52	    0.00	  257.37	    0.00	  688.05	    0.11	    0.00	    0.00	    0.00
7	15	  473.30	  567.64	  174.33	  689.76	  431.14	 1324.46	    0.00	 3406.44	  847.22	    0.39	    0.08	  459.18	    0.30	    0.00	    0.00	    0.00	    0.00	    0.00	    0.00	    0.00	    0.00	    0.00	    0.00	    0.00
8	4	    0.00	    0.00	    0.00	    0.00	    0.00	    0.00	  273.78	  511.85	 4099.98	 5916.33	    0.00	    0.00	    0.00	    0.01	 1666.54	  453.23	 1401.87	   57.01	  628.70	   88.22	   98.72	  599.26	    0.00	    0.00
8	7	    0.42	    0.05	   89.41	  476.19	  265.80	    0.11	    0.00	    0.00	 3065.00	 1602.23	  795.80	  367.39	  124.35	    0.06	    0.00	    0.00	    0.20	    0.00	    0.00	    0.00	    0.00	    0.00	    0.00	    0.00
8	9	 2497.58	  699.87	  517.76	 2877.92	 1847.53	  999.98	    6.88	 2394.69	 9035.03	    0.00	    0.00	  521.50	  385.37	    0.00	    0.00	    0.89	    0.00	    0.42	    0.00	    0.00	    0.00	    0.00	    0.00	    0.00
9	8	    0.00	    0.00	    0.00	    0.00	    0.00	    0.00	    0.17	    0.00	    0.00	10318.56	 2195.17	    0.06	    0.06	  599.98	 2666.54	  361.59	 2302.06	    0.06	 1028.70	    0.17	  398.61	 1299.26	  499.93	    0.14
9	10	    0.00	    0.00	    0.00	    0.00	    0.00	    0.00	  499.42	  795.25	 1723.67	 8378.22	    0.00	    0.00	    0.00	    0.00	 1316.63	 1501.65	 1897.76	  199.92	  436.28	  458.07	    1.54	  540.94	    0.00	    0.00
9	14	  799.13	   99.97	   99.90	 1098.16	  596.86	  199.94	    0.00	    0.00	 3076.14	14638.17	 1927.80	  648.19	    2.59	    0.00	    0.00	    0.00	    0.92	    0.00	    0.00	    0.00	    0.00	    0.00	    0.00	    0.00
9	15	    0.00	    0.00	   18.14	   81.22	   50.77	    0.00	    0.00	    0.00	  535.30	 7964.39	 2141.24	  222.79	    0.14	    0.00	    0.00	    0.00	    0.00	    0.00	    0.00	    0.00	    0.00	    0.00	    0.00	    0.00
9	16	  399.69	    0.07	   99.99	  499.95	  199.91	    0.13	    0.05	    0.07	  899.91	 3900.65	 1000.08	  599.94	  499.78	    0.07	    0.15	    0.14	    0.00	    0.03	    0.09	    0.09	    0.06	    0.17	    0.06	    0.03
10	3	    0.00	    0.00	    0.00	    0.00	    0.00	    0.00	    0.00	    0.00	    0.00	    1.15	 3406.15	    0.00	    0.00	 1200.01	    1.63	    0.00	    0.42	    0.00	    0.68	    0.00	    0.00	    0.88	  698.76	    0.00
10	9	    1.24	    0.11	    0.28	    1.42	    0.00	    0.00	    0.00	    0.00	    0.00	    0.00	11164.29	 2949.48	 2017.20	 1077.75	    0.00	    0.00	    0.00	    0.00	    0.00	    0.00	    0.00	    0.00	  306.87	   50.72
10	11	    0.00	    0.00	    0.00	    0.00	    0.00	    0.00	    0.00	    0.00	    0.18	 3182.58	 2399.80	    0.00	    0.00	  806.83	  663.81	  102.12	  897.60	    0.02	  284.47	    0.00	    0.00	    0.00	    0.00	    0.00
10	13	  300.72	  100.06	  100.09	 1000.67	  199.81	  199.79	    0.00	    0.00	  323.88	 1194.69	 5329.76	 1051.67	    2.17	    0.00	    0.00	    0.00	    0.07	    0.00	    0.00	    0.00	    0.00	    0.00	    0.00	    0.00
11	2	    0.00	    0.00	    0.00	    0.00	    0.00	    0.00	    0.00	    0.00	    0.00	    0.11	    0.05	 4597.65	 3540.88	    0.20	    0.10	    0.00	    0.04	    0.00	    0.02	    0.00	  301.27	  500.01	  401.38	  599.87
11	10	    0.69	    0.20	    0.28	    0.10	    0.03	    0.02	    0.00	    0.04	    0.00	    0.00	    0.00	 5400.99	 3019.25	    0.00	    0.00	    0.00	    0.00	    0.00	    0.00	    0.00	    0.05	    0.00	    0.00	    0.07
11	12	 1400.03	  300.04	  300.01	 1001.16	  203.26	  300.17	    1.07	  600.00	  799.77	 1900.00	 1000.13	 3901.36	    0.00	  106.88	   32.04	    0.51	  499.92	    0.02	   13.73	    0.00	    0.00	    0.00	    0.00	    0.00
12	11	    0.00	    0.00	    0.00	    0.00	    0.00	    0.00	    0.00	    0.00	    0.00	    0.00	    0.00	    0.00	 7860.14	    0.21	    0.04	    0.58	    0.00	    1.35	    0.02	  500.00	  601.32	 1200.01	 1101.38	 1099.95
12	23	  900.03	    0.04	  200.01	  401.16	    3.26	  100.17	    0.00	    0.00	  199.77	    0.00	    0.13	 2601.36	 6739.86	    0.00	    0.00	    0.00	    0.00	    0.00	    0.00	    0.00	    0.00	    0.00	    0.00	    0.00
13	10	    0.00	    0.00	    0.00	    0.00	    0.00	    0.00	    0.19	    0.00	    0.00	    0.00	    0.00	    0.00	    0.00	 4684.51	  748.75	    0.32	    0.28	    0.08	  248.85	  141.90	  398.39	  559.88	 2305.56	  650.61
13	14	    0.74	    0.07	    0.10	    0.90	    0.00	    0.00	    0.00	    0.00	    0.00	    0.00	 1054.00	  351.90	   74.30	 6317.49	    0.00	    0.00	    0.00	    0.00	    0.00	    0.00	    0.00	    0.00	 1113.14	   97.64
13	22	    0.00	    0.00	    0.00	  499.80	   99.81	   99.80	    0.00	    0.00	  196.55	  814.96	 2675.84	    0.00	    0.00	 3098.01	  434.44	    0.00	  224.27	    0.00	  134.92	    0.00	    0.00	    0.00	    0.00	    0.00
14	9	    0.00	    0.00	    0.00	    0.00	    0.00	    0.00	    0.16	    0.08	    0.00	    0.00	    0.00	    0.00	    0.00	 1622.30	 7983.32	    0.37	    0.00	    0.06	 3264.51	 1326.72	 1600.22	 4440.37	 1993.12	  749.45
14	13	    0.00	    0.00	    0.00	    0.00	    0.01	    0.01	  199.46	  398.56	  472.67	 1720.27	    0.08	    0.00	    0.00	    0.00	 2483.19	  699.64	  924.49	   99.71	  683.76	  639.86	    0.62	  776.58	    0.00	    0.00
14	18	  299.87	    0.09	    0.00	  200.03	  100.01	    0.17	    0.00	    0.00	  400.08	 3332.80	  857.61	  300.08	  300.20	 2899.02	 5899.79	    0.00	    0.51	    0.00	    0.00	    0.06	  999.41	 1200.06	  899.97	  399.99
14	21	    0.00	    0.00	    0.00	  399.04	  296.84	    0.00	    0.00	    0.00	 1303.40	 5585.11	  724.11	    0.00	    0.00	  496.17	 5033.70	    0.27	 2538.01	    0.00	 2095.57	    0.00	    0.00	    0.00	    0.00	    0.00
15	7	    0.00	    0.00	    0.00	    0.00	    0.00	    0.00	    0.60	    0.00	    0.00	    0.31	    0.00	    0.00	    0.00	    0.45	    0.74	 6549.73	 1906.67	    0.26	    1.11	    0.56	    0.15	    0.15	    0.06	    0.04
15	9	    0.00	    0.06	    0.00	    0.00	    0.00	    0.08	 2392.60	    0.54	    0.00	    0.00	    0.00	    0.00	    0.00	    0.00	    0.00	 6262.13	    0.65	  899.54	    0.22	 1631.60	    0.00	    0.00	    0.00	    0.00
15	16	    0.34	  199.98	    0.01	    0.07	    0.10	  499.99	 1000.03	 1400.57	    0.13	    0.58	    0.10	    0.06	    0.00	    0.00	    0.00	 5994.29	    0.00	  600.01	    0.00	 1123.05	    0.24	 1123.05	    0.00	    0.00
15	17	    0.03	    0.01	    0.00	    0.05	    0.01	    0.08	    0.00	    0.42	    0.78	 3565.40	  741.69	    0.02	    0.00	    0.18	    0.57	 7293.85	 3797.00	    0.00	    0.59	    0.00	    0.00	    0.00	    0.00	    0.00
16	9	    0.00	    0.00	    0.00	    0.00	    0.00	    0.00	    0.00	    0.00	    0.00	    0.00	    0.00	    0.00	    0.00	    0.00	    0.00	    0.00	 8100.09	    0.00	    0.32	    0.00	    0.00	    0.00	    0.00	    0.00
16	15	    0.00	    0.00	    0.00	    0.00	    0.00	    0.00	    0.00	    0.00	    0.00	    1.05	    0.33	    0.00	    0.00	  699.78	 1199.87	    0.00	 8504.17	    0.00	 1300.42	    0.00	    0.06	    0.12	    0.05	    0.03
16	18	    0.03	    0.06	    0.00	    0.02	    0.01	    0.11	    0.13	    0.71	    0.04	    0.18	    0.00	    0.00	    0.00	    0.00	    0.00	 3194.43	 6795.73	    0.08	    0.00	    0.00	    0.00	    0.00	    0.00	    0.00
17	6	    0.00	    0.00	    0.00	    0.00	    0.00	    0.00	    0.00	    0.00	    0.14	 1897.99	  499.25	    0.05	  344.89	  599.49	 1099.34	 1987.53	 1193.21	 1198.77	 1398.78	 3099.31	  699.99	 1299.76	  499.94	  299.97
17	15	   27.07	   32.41	    7.53	   29.14	   18.21	   75.68	 4793.23	  195.09	   18.39	    0.45	    0.14	   18.11	  599.56	    0.84	    1.44	    0.00	    0.14	 1999.81	    1.50	 4355.21	  600.33	 2323.08	  500.01	  300.01
17	19	  300.08	  299.87	    0.00	  299.98	  100.07	  799.99	 2999.19	 3999.44	  600.17	  967.59	  142.51	    0.05	    0.00	    0.00	    0.16	 4806.33	 2003.81	 1601.42	    0.18	    0.00	    0.00	    0.00	    0.00	    0.00
18	14	    0.00	    0.05	    0.00	    0.00	    0.00	    0.24	  699.53	  998.57	    0.00	    0.00	    0.00	    0.00	    0.00	    0.00	    0.00	 1900.13	 4962.08	  299.73	 6843.84	 3066.27	    0.13	    0.00	    0.00	    0.00
18	16	    0.00	    0.00	    0.00	    0.00	    0.00	    0.00	    0.05	    0.07	    0.00	    0.00	    0.15	    0.00	    0.22	 1399.71	 2699.72	    0.00	    0.00	    0.03	 3000.66	  576.87	  599.76	  576.90	  599.99	  300.00
18	19	    0.02	    0.01	    0.00	    0.05	    0.02	    0.03	    0.00	    0.00	    0.12	 1532.98	  457.46	    0.08	    0.00	 1199.31	 2400.08	    0.00	  134.16	    0.00	 2955.50	    0.00	    0.00	    0.00	    0.00	    0.00
19	17	    0.00	    0.00	    0.00	    0.00	    0.00	    0.00	    0.00	    0.00	    0.00	    0.64	    0.05	    1.27	 1044.40	  700.16	 1300.37	    0.00	    0.17	    0.00	 1699.86	 7854.51	 1400.32	 3922.84	 1099.95	  599.98
19	18	    0.12	   99.91	    0.00	    0.00	    0.00	  199.99	 1099.44	 1697.93	    0.00	    0.00	    0.00	    0.00	    0.02	    0.00	    0.00	    5.70	    0.00	  599.69	    0.00	 4843.07	    0.48	  576.84	    0.02	    0.01
19	20	    0.01	    0.01	    0.00	    0.01	    0.08	  100.04	  699.37	  600.56	    0.21	    0.06	    0.02	    0.00	    0.00	    0.00	    0.04	 1500.76	  437.51	  201.54	   55.93	 2701.36	    0.00	    0.00	    0.00	    0.00
19	21	    0.00	   99.96	    0.00	    0.02	    0.01	  199.99	  700.38	  800.95	    0.07	    0.27	    0.06	    0.00	    0.00	    0.00	    0.20	 1699.87	    0.38	  400.20	    0.10	 3101.06	    0.22	    0.00	    0.00	    0.00
20	19	    0.02	    0.00	    0.00	    0.00	    0.00	    0.00	    0.00	    0.00	    0.00	    0.00	    0.12	  401.14	 1644.39	    0.23	    0.19	    0.00	    0.00	    0.00	    0.00	    0.00	 2601.03	    0.35	  225.06	  999.94
20	21	  248.84	    0.01	   62.21	    0.18	    0.00	    0.02	    0.10	    0.07	    0.00	    0.00	    0.00	  435.47	 1414.16	    0.00	    0.00	    0.15	    0.00	    0.05	    0.00	    0.59	 5202.46	    0.00	    0.00	 1647.20
20	23	    0.00	    0.00	    0.00	    0.00	    0.00	    0.03	  499.27	  200.49	    0.03	  477.37	    0.00	    0.00	    0.00	    0.00	  659.17	  900.70	  202.16	  101.49	  240.21	 1500.77	 3196.51	 2292.33	    0.00	    0.00
21	14	    0.00	    0.00	    0.00	    0.00	    0.00	    0.00	    0.09	    0.07	    0.00	    0.00	    0.00	    0.00	  923.31	    0.00	    0.00	    0.15	    0.00	    0.04	    0.00	    0.38	 3400.11	 9017.01	 2779.95	 1451.80
21	19	    0.00	    0.00	    0.00	    0.00	    0.00	    0.00	    0.00	    0.00	    0.00	    0.39	    0.03	    0.00	    0.03	    0.62	    0.20	    0.00	    0.09	    0.00	    0.21	    0.00	    0.00	 6899.33	 1574.91	    0.06
21	20	    0.00	    0.00	    0.00	    0.00	   96.85	    0.00	    0.00	    0.00	  299.82	 1677.31	    3.13	    0.02	    0.03	    1.10	 1459.31	    0.09	  364.65	    0.00	  584.29	    0.00	    0.00	 4092.68	    1.32	    0.03
21	22	    0.00	    0.00	    0.00	    0.00	    0.00	    0.01	  200.39	  300.94	  303.65	 1307.67	    0.00	    0.00	    0.00	    0.00	  974.39	  500.05	  473.65	  100.21	  311.17	  701.26	    2.57	 4390.98	    0.00	    0.00
22	13	    0.02	    0.01	    0.01	    0.03	    0.00	    0.01	    0.73	    1.44	    0.00	    0.00	    0.00	    0.22	  672.13	    0.00	    0.00	    0.68	    0.00	    0.36	    0.02	    2.03	  797.77	  983.30	 4518.70	 1148.25
22	21	  151.16	    0.02	   37.79	    0.76	    0.00	    0.00	    0.00	    0.00	    0.00	    0.00	  378.99	  264.55	  809.21	  705.55	    0.00	    0.00	    0.00	    0.00	    0.00	    0.00	    0.00	    0.00	 6456.18	  904.68
22	23	    0.00	    0.00	    0.00	    0.00	    0.00	    0.00	    0.03	    0.07	    0.20	  322.63	  996.91	    0.00	    0.00	 1292.45	  408.83	    0.31	   97.93	    0.03	  146.07	    0.52	    0.07	 1307.78	 3525.12	    0.00
23	12	    0.00	    0.00	    0.00	    0.00	    0.00	    0.00	  398.93	    0.00	    0.00	    0.00	    0.00	    0.00	    0.00	  493.33	  668.00	  600.07	    0.08	  101.33	  286.28	 1100.00	 1201.32	 2500.01	 1901.38	 1799.95
23	20	  348.85	    0.01	   62.21	  200.17	    3.07	    0.01	    0.00	    0.00	    0.00	    0.00	  396.97	 1136.59	 3658.52	  399.12	    0.00	    0.00	    0.00	    0.00	    0.00	    0.00	    0.00	    0.00	  923.74	 3147.11
23	22	  451.18	    0.03	  137.80	    0.98	    0.19	    0.19	    0.37	    0.56	    0.00	    0.00	    0.07	  964.77	 2281.35	    0.00	    0.00	    0.94	    0.00	    0.19	    0.00	    1.29	 1495.27	    0.11	    0.00	 2752.94
