i	j	       0	       1	       2	       3	       4	       5	       6	       7	       8	       9	      10	      11	      12	      13	      14	      15	      16	      17	      18	      19	      20	      21	      22	      23
0	1	 2600.56	    0.00	  265.48	  200.02	   16.10	    0.00	    0.01	    0.02	   32.21	   96.83	  200.02	  471.55	  457.23	  100.00	   16.12	    0.02	    0.03	    0.00	    0.01	    0.00	    0.01	    0.06	    0.20	   28.17
0	2	 6199.44	 1163.94	    0.00	    0.00	    0.00	  230.14	  142.33	  249.04	    0.00	    0.00	    0.00	    0.00	    0.00	    0.00	    0.00	  105.14	    0.00	   35.41	    0.00	    0.02	    0.00	    0.00	    0.00	    0.00
1	0	    0.00	 1263.94	    0.00	    0.00	    0.00	  530.14	  642.31	 1049.01	    0.00	    0.00	    0.00	    0.00	    0.00	    0.00	    0.00	  605.13	    0.32	  135.41	    0.02	  299.98	    0.00	    0.02	    0.00	    0.00
1	5	 2500.56	 2736.06	  165.48	    0.04	    0.00	    0.00	    0.00	    0.00	    0.00	    0.00	    0.04	  371.55	  157.23	    0.01	    0.00	    0.00	    0.00	    0.00	    0.00	    0.00	    0.01	    0.03	    0.20	   28.17
2	0	    0.00	    0.00	  365.48	  700.02	  216.10	    0.00	    0.03	    0.05	  532.21	 1396.83	  700.02	  671.55	  957.23	  400.00	  516.12	    0.03	  399.72	    0.00	  299.99	    0.04	  100.00	  400.04	  300.20	  128.17
2	3	 4499.45	  663.82	 1934.49	    0.00	    0.00	    0.00	    0.00	    0.00	    0.00	    0.00	    0.00	 3777.61	 2453.09	    0.08	    0.00	    0.00	    0.00	    0.00	    0.00	    0.00	  202.09	    0.02	    2.50	  471.55
2	11	 1599.99	  400.12	  500.03	 1601.49	  402.84	  500.29	  709.87	 1200.00	 1399.35	  690.00	    0.98	    0.00	    0.00	    0.17	   61.82	  554.33	  194.62	  199.43	   26.49	    0.17	    0.00	    0.00	    0.00	    0.00
3	2	    0.00	    0.00	    0.00	 2501.50	  718.94	  570.15	  667.57	 1151.00	 2031.56	 2386.83	 1000.39	    0.00	    0.00	  499.67	  677.89	  649.22	  694.33	  164.02	  326.48	    0.17	    0.02	    0.08	    0.05	    0.01
3	4	 3198.11	  163.75	 1334.34	 6697.64	    0.00	    0.00	    0.00	    0.00	    0.00	    0.11	  904.49	 3176.71	 1852.54	  200.10	    0.08	    0.00	    0.01	    0.00	    0.02	    0.00	    2.15	    0.05	  199.86	  271.59
3	10	  801.33	  300.11	  400.15	 2400.86	  699.86	  599.80	    0.25	    4.22	    0.41	    0.15	    0.00	    0.90	    0.55	    0.06	    0.05	    0.11	    0.04	    0.02	    0.02	    0.02	    0.02	    0.04	    0.05	    0.02
4	3	    0.00	    0.04	    0.00	    0.00	 1918.80	 1569.95	 1067.82	 1855.23	 2731.97	 3585.65	    0.00	    0.00	    0.00	    0.00	 1176.73	 1449.33	 1193.86	  264.04	  525.99	  300.19	    0.03	  399.37	    0.00	    0.00
4	5	    0.00	    0.00	  531.95	 2151.30	 1272.49	    0.00	    0.02	    0.03	  567.93	 1303.11	  403.97	 1475.45	  531.56	  100.02	  283.55	    0.03	    0.04	    0.00	    0.17	    0.01	    0.01	    0.00	   99.79	   71.81
4	8	 2998.11	  899.84	  702.39	 4046.33	 2908.71	 1399.94	    0.02	    0.09	    0.00	    0.00	    0.52	 1501.27	 1120.99	    0.08	    0.00	    0.05	    0.00	    0.01	    0.00	    0.02	    0.01	    0.00	    0.07	  199.78
5	1	    0.00	    0.00	    0.00	    0.02	   83.90	  930.14	  842.30	 1449.00	  167.79	  503.17	    0.02	    0.00	    0.00	    0.01	   83.88	 1005.11	  200.28	  135.41	  100.01	  399.98	    0.00	   99.99	    0.00	    0.00
5	4	    0.00	  836.13	    0.00	    0.00	    0.00	 3169.89	  980.65	 1819.01	    0.00	    0.00	    0.00	    0.00	    0.00	    0.00	    0.00	 1485.46	    0.09	  203.78	    0.02	  309.43	    0.12	    0.00	    0.00	    0.00
5	7	 2200.56	 1499.93	  397.43	 1751.32	  988.59	 3499.97	    0.00	    0.00	    0.14	    0.06	    3.99	 1647.00	  488.79	    0.02	    0.00	    0.00	    0.00	    0.00	    0.00	    0.00	    0.00	    0.00	    0.00	    0.00
6	7	    0.00	    0.00	    0.00	    0.00	    0.00	    0.00	 4115.19	    0.00	    0.00	    0.00	    0.00	    0.00	    0.00	  399.87	  600.12	  448.22	  153.61	  999.88	  999.51	 2600.01	  500.50	  799.98	  299.97	  199.99
6	17	  432.51	  338.94	    8.72	  432.98	  120.65	  991.03	 7984.81	 4533.66	  826.74	    0.63	    0.12	  219.16	    0.15	    0.00	    0.00	    0.00	    0.02	    0.00	    0.00	    0.00	    0.00	    0.00	    0.00	    0.00
7	5	    0.00	    0.00	    0.00	    0.00	    0.00	    0.00	 2222.94	 4067.98	    0.00	    0.12	    0.00	    0.00	    0.00	    0.00	    0.33	 3390.54	  700.34	  439.19	  299.86	 1009.39	  100.10	  299.96	    0.00	    0.01
7	6	  932.51	  538.94	  108.72	  832.98	  320.65	 1391.03	    0.00	 5533.66	 1426.69	    1.03	    0.62	  919.10	    4.28	    0.00	    0.00	    0.00	    0.10	    0.00	    0.00	    0.00	    0.00	    0.00	    0.00	    0.00
7	8	    0.00	    0.00	    0.00	    0.00	    0.00	    0.00	  892.25	 3731.95	    0.00	    0.00	    0.00	    0.00	    0.00	    0.00	    0.00	 1317.98	    0.00	  260.81	    0.00	  690.97	    0.46	    0.09	    0.00	    0.00
7	15	  468.12	  561.02	  173.03	  689.52	  430.93	 1309.02	    0.00	 3366.41	  901.69	    0.00	    0.06	  480.35	    0.50	    0.00	    0.00	    0.00	    0.00	    0.00	    0.00	    0.00	    0.00	    0.00	    0.00	    0.00
8	4	    0.00	    0.00	    0.00	    0.00	    0.00	    0.00	  287.21	  536.34	 4099.91	 5888.65	    0.00	    0.00	    0.00	    0.00	 1660.20	  463.96	 1393.80	   60.27	  626.12	   90.80	   97.79	  599.32	    0.00	    0.00
8	7	    0.07	    0.04	   84.31	  471.18	  262.99	    0.08	    0.00	    0.00	 3128.24	 1600.84	  796.69	  352.45	  116.00	    0.00	    0.00	    0.00	    0.21	    0.00	    0.00	    0.00	    0.02	    0.00	    0.00	    0.00
8	9	 2498.04	  699.80	  518.08	 2875.16	 1845.72	  999.86	    5.11	 2395.71	 8971.86	    0.00	    0.00	  548.87	  405.04	    0.00	    0.00	    0.23	    0.00	    0.57	    0.00	    0.33	    0.16	    0.00	    0.00	    0.00
9	8	    0.00	    0.00	    0.00	    0.00	    0.00	    0.00	    0.05	    0.00	    0.00	10289.49	 2196.17	    0.05	    0.05	  599.92	 2660.20	  546.16	 2294.01	    0.02	 1026.12	    0.14	  397.49	 1299.23	  499.93	    0.22
9	10	    0.00	    0.00	    0.00	    0.00	    0.00	    0.00	  499.59	  795.80	 1718.96	 8390.35	    0.00	    0.00	    0.00	    0.00	 1291.30	 1545.59	 1905.39	  199.91	  426.77	  444.20	    1.71	  518.74	    0.00	    0.00
9	14	  798.75	   99.83	   99.85	 1097.72	  597.26	  199.88	    0.00	    0.00	 3081.31	14579.38	 1929.97	  660.67	    7.51	    0.00	    0.00	    0.00	    0.75	    0.00	    0.00	    0.00	    0.00	    0.00	    0.00	    0.00
9	15	    0.00	    0.00	   18.26	   77.59	   48.49	    0.00	    0.00	    0.00	  471.75	 8040.02	 2174.27	  198.57	    0.10	    0.00	    0.00	    0.00	    0.00	    0.00	    0.00	    0.00	    0.00	    0.00	    0.00	    0.00
9	16	  399.29	    0.02	   99.97	  499.85	  199.97	    0.04	    0.08	    0.11	  899.84	 3900.77	  999.79	  599.82	  499.85	    0.10	    0.12	    0.11	    0.00	    0.05	    0.07	    0.13	    0.05	    0.13	    0.05	    0.02
10	3	    0.00	    0.00	    0.00	    0.00	    0.00	    0.00	    0.00	    0.00	    0.00	    1.45	 3404.88	    0.00	    0.00	 1199.74	    1.30	    0.00	    0.52	    0.00	    0.53	    0.00	    0.05	    0.78	  697.46	    0.08
10	9	    0.00	    0.00	    0.00	    0.00	    0.00	    0.00	    0.00	    0.00	    0.00	    0.00	11200.19	 2910.24	 2002.47	 1130.20	    0.00	    0.00	    0.00	    0.00	    0.00	    0.00	    0.00	    0.00	  319.76	   47.69
10	11	    0.00	    0.00	    0.00	    0.00	    0.00	    0.00	    0.00	    0.00	    0.10	 3210.00	 2400.66	    0.00	    0.00	  755.45	  656.87	  145.89	  905.22	    0.02	  281.49	    0.00	    0.00	    0.00	    0.00	    0.00
10	13	  301.44	  100.15	  100.20	 1000.93	  199.88	  199.87	    0.00	    0.02	  319.27	 1179.05	 5294.27	 1039.26	   51.50	    0.00	    0.00	    0.00	    0.04	    0.00	    0.00	    0.00	    0.00	    0.00	    0.00	    0.00
11	2	    0.00	    0.00	    0.00	    0.00	    0.00	    0.00	    0.00	    0.00	    0.00	    0.00	    0.61	 4649.17	 3510.33	    0.59	    0.05	    0.00	    0.00	    0.00	    0.00	    0.03	  302.08	  499.98	  402.65	  599.71
11	10	    0.10	    0.04	    0.05	    0.08	    0.02	    0.06	    0.00	    0.00	    0.00	    0.00	    0.00	 5348.59	 3053.42	    0.00	    0.00	    0.00	    0.00	    0.00	    0.00	    0.00	    0.04	    0.00	    0.00	    0.57
11	12	 1399.89	  300.08	  299.98	 1001.41	  202.81	  300.23	    9.93	  600.00	  799.45	 1900.00	 1001.03	 3902.24	    0.00	   55.66	   18.64	    0.73	  499.84	    0.06	    7.99	    0.04	    0.00	    0.00	    0.00	    0.00
12	11	    0.00	    0.00	    0.00	    0.00	    0.00	    0.00	    0.06	    0.00	    0.00	    0.00	    0.00	    0.00	 7863.74	    0.63	    0.00	    0.51	    0.00	    0.61	    0.00	  499.89	  602.12	 1199.98	 1102.65	 1100.28
12	23	  899.89	    0.08	  199.98	  401.41	    2.81	  100.23	    0.00	    0.00	  199.45	    0.00	    1.03	 2602.24	 6736.26	    0.00	    0.00	    0.00	    0.00	    0.00	    0.00	    0.00	    0.00	    0.00	    0.00	    0.00
13	10	    0.00	    0.00	    0.00	    0.00	    0.00	    0.00	    0.16	    0.00	    0.00	    0.00	    0.00	    0.00	    0.00	 4685.34	  766.81	    0.19	    0.36	    0.09	  255.24	  155.77	  398.29	  582.00	 2317.17	  647.18
13	14	    1.33	    0.14	    0.18	    1.42	    0.06	    0.07	    0.00	    0.00	    0.00	    0.00	 1034.82	  339.40	   95.09	 6239.97	    0.00	    0.00	    0.00	    0.00	    0.00	    0.00	    0.00	    0.00	 1204.29	  123.70
13	22	    0.12	    0.01	    0.03	  499.53	   99.83	   99.81	    0.00	    0.00	  200.84	  834.01	 2659.51	    0.23	    0.00	 3174.70	  436.43	    0.00	  225.55	    0.00	  136.05	    0.00	    0.00	    0.00	    0.00	    0.00
14	9	    0.00	    0.00	    0.00	    0.00	    0.00	    0.00	    0.00	    0.00	    0.00	    0.00	    0.00	    0.00	    0.00	 1569.82	 7951.61	    0.28	    2.49	    0.05	 3252.77	 1642.54	 1599.09	 4418.10	 1980.22	  752.55
14	13	    0.00	    0.00	    0.00	    0.00	    0.00	    0.00	  199.61	  398.90	  481.57	 1754.96	    0.06	    0.00	    0.00	    0.00	 2503.25	  699.47	  925.87	   99.79	  691.28	  654.17	    1.60	  676.20	    0.00	    0.00
14	18	  300.08	    0.04	    0.02	  200.13	  100.03	    0.07	    0.02	    0.03	  400.14	 3258.48	  824.96	  300.13	  266.53	 2898.12	 5900.17	    0.05	    0.39	    0.01	    0.00	    0.05	  443.96	 2899.92	  899.98	  215.72
14	21	    0.00	    0.00	    0.00	  399.02	  297.29	    0.00	    0.00	    0.00	 1299.60	 5565.94	  739.76	    0.00	    0.00	  472.03	 5044.97	    0.22	 2506.70	    0.00	 2085.94	    0.00	    0.00	    0.00	    0.00	    0.00
15	7	    0.00	    0.00	    0.00	    0.00	    0.00	    0.00	    0.00	    0.00	    0.00	    0.25	    0.00	    0.00	    0.00	    0.10	    0.22	 6460.29	 1946.61	    0.12	    0.36	    0.35	    0.05	    0.08	    0.03	    0.02
15	9	    0.00	    0.05	    0.00	    0.00	    0.00	    0.07	 2394.38	    0.20	    0.00	    0.00	    0.00	    0.00	    0.00	    0.00	    0.00	 6487.14	    0.53	  899.27	    0.18	 1301.41	    0.00	    0.00	    0.00	    0.00
15	16	    0.65	  200.00	    0.01	    0.06	    0.02	  499.99	 1000.35	 1400.23	    0.11	    0.47	    0.08	    0.05	    0.00	    0.00	    0.00	 5965.81	    0.00	  600.15	    0.00	 1483.61	  408.47	    0.00	    0.00	  158.59
15	17	    0.02	    0.00	    0.00	    0.02	    0.00	    0.02	    0.00	    0.14	    0.15	 3641.09	  774.63	    0.12	    0.03	    0.02	    0.15	 7186.76	 3742.26	    0.00	    0.15	    0.00	    0.00	    0.00	    0.00	    0.00
16	9	    0.00	    0.00	    0.00	    0.00	    0.00	    0.00	    0.22	    0.00	    0.00	    0.00	    0.00	    0.00	    0.00	    0.00	    0.00	    4.21	 8097.13	    0.08	    0.00	    0.19	    0.00	    0.00	    0.00	    0.00
16	15	    0.00	    0.00	    0.00	    0.00	    0.00	    0.00	    0.00	    0.00	    0.00	    1.44	    0.28	    0.00	    0.00	  694.20	 1190.62	    0.00	 8489.30	    0.00	 1290.10	    0.00	    0.05	    0.10	    0.04	    0.02
16	18	    0.02	    0.02	    0.00	    0.02	    0.01	    0.03	    0.21	    0.34	    0.03	    0.15	    0.00	    0.00	    0.00	    0.00	    0.00	 3161.70	 6813.57	    0.12	    0.00	    0.00	    0.00	    0.00	    0.00	    0.00
17	6	    0.00	    0.00	    0.00	    0.00	    0.00	    0.00	    0.00	    0.00	    0.05	 1899.60	  499.50	    0.06	  395.87	  599.87	 1100.12	 1848.22	 1153.53	 1199.88	 1399.51	 3100.01	  700.50	 1299.98	  499.97	  299.99
17	15	   32.54	   39.03	    8.72	   32.97	   20.60	   91.07	 4794.73	  234.16	   26.82	    0.35	    0.11	   21.26	  599.42	    5.93	    9.75	    0.00	    0.11	 1999.54	   10.58	 4385.37	 1008.48	 1199.98	  499.99	  458.58
17	19	  299.99	  299.92	    0.00	  300.03	  100.05	  799.99	 2990.08	 3999.63	  600.02	 1041.97	  175.16	    0.15	    0.10	    0.00	    0.00	 4838.54	 1988.77	 1600.58	    0.00	    0.00	    0.00	    0.00	    0.00	    0.00
18	14	    0.00	    0.06	    0.00	    0.00	    0.00	    0.13	  699.57	  998.85	    0.00	    0.00	    0.00	    0.00	    0.00	    0.00	    0.00	 1899.86	 4934.68	  299.82	 6829.99	 3396.33	    0.15	    0.36	    0.15	    0.07
18	16	    0.09	    0.00	    0.02	    0.11	    0.02	    0.00	    0.00	    0.00	    0.08	    0.35	    0.41	    0.13	    0.15	 1394.10	 2690.50	    0.00	    0.00	    0.00	 2990.04	  216.45	  191.53	 1699.97	  599.99	  141.42
18	19	    0.02	    0.00	    0.00	    0.03	    0.02	    0.02	    0.00	    0.00	    0.09	 1458.28	  424.55	    0.00	    0.00	 1204.02	 2409.68	    0.00	  179.27	    0.00	 2979.97	    0.00	    0.00	    0.00	    0.00	    0.00
19	17	    0.00	    0.00	    0.00	    0.00	    0.00	    0.00	    0.00	    0.00	    0.00	    0.20	    0.01	    2.19	 1095.21	  705.77	 1309.72	    0.00	    0.13	    0.00	 1709.94	 7885.39	 1808.98	 2799.95	 1099.96	  758.57
19	18	    0.00	  100.01	    0.00	    0.00	    0.00	  200.05	 1099.35	 1698.48	    0.00	    0.00	    0.00	    0.00	   33.62	    0.01	    0.00	   38.11	    0.00	  599.70	    0.00	 4812.73	  147.72	    0.40	    0.16	   25.76
19	20	    0.00	    0.00	    0.00	    0.05	    0.06	  100.01	  690.25	  600.17	    0.05	    0.05	    0.02	    0.01	    0.02	    0.02	    0.03	 1500.00	  467.88	  200.62	   70.13	 2700.39	    0.00	    0.07	    0.03	    0.02
19	21	    0.00	   99.90	    0.00	    0.02	    0.01	  199.96	  700.48	  800.98	    0.05	    0.20	    0.04	    0.00	    0.00	    0.00	    0.15	 1700.43	    0.10	  400.26	    0.07	 3101.49	    0.17	    0.00	    0.00	    0.00
20	19	    0.00	    0.00	    0.00	    0.00	    0.00	    0.00	    0.00	    0.00	    0.00	    0.10	    0.02	  402.02	 1728.68	    0.08	    0.16	    0.00	    0.07	    0.00	    0.17	    0.00	 2756.88	    0.22	    2.45	 1184.05
20	21	  256.87	    0.07	   64.22	    0.35	    0.00	    0.03	    0.06	    0.07	    0.00	    0.00	    0.00	  449.53	 1419.25	    0.00	    0.00	    0.15	    0.00	    0.03	    0.00	    0.38	 5045.27	    0.00	    0.00	 1536.26
20	23	    0.00	    0.00	    0.00	    0.00	    0.00	    0.02	  490.20	  200.10	    0.34	  477.14	    0.00	    0.00	    0.00	    0.00	  669.57	  899.93	  204.38	  100.59	  246.29	 1500.01	 3197.85	 2311.51	    0.00	    0.00
21	14	    0.00	    0.00	    0.00	    0.00	    0.00	    0.00	    0.06	    0.08	    0.00	    0.00	    0.00	    0.06	  863.93	    0.00	    0.00	    0.15	    0.00	    0.03	    0.00	    0.42	 2844.50	10593.86	 2675.77	 1244.51
21	19	    0.00	    0.00	    0.00	    0.00	    0.00	    0.00	    0.00	    0.00	    0.00	    0.10	    0.34	    0.03	    0.07	    1.70	    0.07	    0.00	    0.00	    0.00	    0.00	    0.00	  399.98	 5200.20	 1797.70	    0.30
21	20	    0.01	    0.00	    0.00	    0.03	   97.35	    0.00	    0.00	    0.00	  300.29	 1677.19	    1.83	    0.04	    0.00	    0.85	 1469.69	    0.07	  336.57	    0.00	  576.33	    0.00	    0.00	 4111.66	    0.09	    0.00
21	22	    0.00	    0.00	    0.00	    0.00	    0.00	    0.01	  200.48	  300.98	  299.37	 1288.86	    0.00	    0.00	    0.00	    0.00	  975.36	  500.57	  470.23	  100.26	  309.68	  701.44	    0.95	 4494.28	    0.00	    0.00
22	13	    0.01	    0.00	    0.00	    0.02	    0.00	    0.00	    0.55	    1.08	    0.00	    0.00	    0.00	    0.37	  643.59	    0.00	    0.00	    0.72	    0.00	    0.30	    0.01	    1.60	  796.69	 1105.80	 4621.46	 1170.88
22	21	  143.14	    0.03	   35.78	    0.65	    0.05	    0.03	    0.00	    0.00	    0.00	    0.00	  362.37	  250.60	  744.75	  730.52	    0.00	    0.00	    0.00	    0.00	    0.00	    0.00	    0.00	    0.00	 6573.56	  808.55
22	23	    0.01	    0.00	    0.00	    0.03	    0.00	    0.01	    0.01	    0.03	    0.21	  322.86	  997.20	    0.00	    0.00	 1344.18	  411.79	    0.06	   95.78	    0.00	  145.72	    0.12	    0.05	 1288.56	 3304.98	    0.00
23	12	    0.00	    0.00	    0.00	    0.00	    0.00	    0.00	  390.13	    0.00	    0.00	    0.00	    0.00	    0.00	    0.00	  544.97	  681.36	  599.78	    0.16	  100.55	  292.01	 1099.85	 1202.12	 2499.98	 1902.65	 1800.28
23	20	  356.86	    0.07	   64.22	  200.27	    2.59	    0.03	    0.00	    0.00	    0.00	    0.00	  398.18	 1151.50	 3747.91	  399.21	    0.00	    0.00	    0.00	    0.00	    0.00	    0.00	    0.00	    0.00	  702.33	 3220.29
23	22	  443.04	    0.02	  135.76	    1.16	    0.23	    0.23	    0.08	    0.13	    0.00	    0.00	    0.05	  950.74	 2188.35	    0.00	    0.00	    0.21	    0.00	    0.04	    0.00	    0.28	 1495.79	    0.08	    0.00	 2679.42
