0.000000000000000000e+00 1.000000000000000000e+00 4.494411872331132145e+03
0.000000000000000000e+00 2.000000000000000000e+00 8.119253537211660841e+03
1.000000000000000000e+00 0.000000000000000000e+00 4.519257658105767405e+03
1.000000000000000000e+00 5.000000000000000000e+00 5.967481604799178967e+03
2.000000000000000000e+00 0.000000000000000000e+00 8.094407751437007391e+03
2.000000000000000000e+00 3.000000000000000000e+00 1.401871758569056146e+04
2.000000000000000000e+00 1.100000000000000000e+01 1.003597298508995846e+04
3.000000000000000000e+00 2.000000000000000000e+00 1.404262405744972784e+04
3.000000000000000000e+00 4.000000000000000000e+00 1.801936729846826711e+04
3.000000000000000000e+00 1.000000000000000000e+01 5.207574845801736046e+03
4.000000000000000000e+00 3.000000000000000000e+00 1.804312651387464939e+04
4.000000000000000000e+00 5.000000000000000000e+00 8.795510212442490229e+03
4.000000000000000000e+00 8.000000000000000000e+00 1.578947693017560596e+04
5.000000000000000000e+00 1.000000000000000000e+00 5.992327390573821503e+03
5.000000000000000000e+00 4.000000000000000000e+00 8.804588630728339922e+03
5.000000000000000000e+00 7.000000000000000000e+00 1.249061790594604463e+04
6.000000000000000000e+00 7.000000000000000000e+00 1.210101034526331750e+04
6.000000000000000000e+00 1.700000000000000000e+01 1.580247758659883584e+04
7.000000000000000000e+00 5.000000000000000000e+00 1.252454211000653049e+04
7.000000000000000000e+00 6.000000000000000000e+00 1.203852365413966436e+04
7.000000000000000000e+00 8.000000000000000000e+00 6.881991902122523243e+03
7.000000000000000000e+00 1.500000000000000000e+01 8.386712100340748293e+03
8.000000000000000000e+00 4.000000000000000000e+00 1.580415772729613309e+04
8.000000000000000000e+00 7.000000000000000000e+00 6.834685579463261092e+03
8.000000000000000000e+00 9.000000000000000000e+00 2.174832138790383760e+04
9.000000000000000000e+00 8.000000000000000000e+00 2.181569586236508985e+04
9.000000000000000000e+00 1.000000000000000000e+01 1.772849849793433168e+04
9.000000000000000000e+00 1.400000000000000000e+01 2.313186574725355240e+04
9.000000000000000000e+00 1.500000000000000000e+01 1.104739977166368408e+04
9.000000000000000000e+00 1.600000000000000000e+01 8.100203309799356248e+03
1.000000000000000000e+01 3.000000000000000000e+00 5.307722102154531967e+03
1.000000000000000000e+01 9.000000000000000000e+00 1.760683067344889787e+04
1.000000000000000000e+01 1.100000000000000000e+01 8.365675283083615795e+03
1.000000000000000000e+01 1.300000000000000000e+01 9.778538257986238023e+03
1.100000000000000000e+01 2.000000000000000000e+00 9.987220727556137717e+03
1.100000000000000000e+01 1.000000000000000000e+01 8.406326050136334743e+03
1.100000000000000000e+01 1.200000000000000000e+01 1.230409015020002334e+04
1.200000000000000000e+01 1.100000000000000000e+01 1.239598865971893792e+04
1.200000000000000000e+01 2.300000000000000000e+01 1.111906774074986606e+04
1.300000000000000000e+01 1.000000000000000000e+01 9.816366922800865723e+03
1.300000000000000000e+01 1.400000000000000000e+01 9.035723222091410207e+03
1.300000000000000000e+01 2.200000000000000000e+01 8.397170075563910359e+03
1.400000000000000000e+01 9.000000000000000000e+00 2.319359541383410760e+04
1.400000000000000000e+01 1.300000000000000000e+01 9.079480576054489575e+03
1.400000000000000000e+01 1.800000000000000000e+01 1.908656683368427184e+04
1.400000000000000000e+01 2.100000000000000000e+01 1.840551049544753187e+04
1.500000000000000000e+01 7.000000000000000000e+00 8.405455935936846799e+03
1.500000000000000000e+01 9.000000000000000000e+00 1.107496700128741213e+04
1.500000000000000000e+01 1.600000000000000000e+01 1.168428552932532875e+04
1.500000000000000000e+01 1.700000000000000000e+01 1.529359363206291528e+04
1.600000000000000000e+01 9.000000000000000000e+00 8.099948712541773602e+03
1.600000000000000000e+01 1.500000000000000000e+01 1.167668628607372921e+04
1.600000000000000000e+01 1.800000000000000000e+01 9.950911803291952310e+03
1.700000000000000000e+01 6.000000000000000000e+00 1.586496427772248535e+04
1.700000000000000000e+01 1.500000000000000000e+01 1.534750394053433411e+04
1.700000000000000000e+01 1.900000000000000000e+01 1.899164778253410259e+04
1.800000000000000000e+01 1.400000000000000000e+01 1.911655887677145802e+04
1.800000000000000000e+01 1.600000000000000000e+01 9.943057962782771938e+03
1.800000000000000000e+01 1.900000000000000000e+01 8.684056814065337676e+03
1.900000000000000000e+01 1.700000000000000000e+01 1.900804478212919275e+04
1.900000000000000000e+01 1.800000000000000000e+01 8.706195016643323470e+03
1.900000000000000000e+01 2.000000000000000000e+01 6.304386944072162805e+03
1.900000000000000000e+01 2.100000000000000000e+01 7.002582728288426551e+03
2.000000000000000000e+01 1.900000000000000000e+01 6.242983016134706304e+03
2.000000000000000000e+01 2.100000000000000000e+01 8.617172288777315771e+03
2.000000000000000000e+01 2.300000000000000000e+01 1.030668067667481955e+04
2.100000000000000000e+01 1.400000000000000000e+01 1.838100547290397662e+04
2.100000000000000000e+01 1.900000000000000000e+01 7.002521858398971744e+03
2.100000000000000000e+01 2.000000000000000000e+01 8.606740489322959547e+03
2.100000000000000000e+01 2.200000000000000000e+01 9.657259748597341968e+03
2.200000000000000000e+01 1.300000000000000000e+01 8.391241386415453235e+03
2.200000000000000000e+01 2.100000000000000000e+01 9.622262056709983881e+03
2.200000000000000000e+01 2.300000000000000000e+01 7.900764312981864350e+03
2.300000000000000000e+01 1.200000000000000000e+01 1.111096625026877155e+04
2.300000000000000000e+01 2.000000000000000000e+01 1.025570854819172018e+04
2.300000000000000000e+01 2.200000000000000000e+01 7.859837931946060962e+03
