0.000000000000000000e+00 1.000000000000000000e+00 4.603673985870515025e+03
0.000000000000000000e+00 2.000000000000000000e+00 8.165132101622626578e+03
1.000000000000000000e+00 0.000000000000000000e+00 4.565809723029464294e+03
1.000000000000000000e+00 5.000000000000000000e+00 6.008215725823243702e+03
2.000000000000000000e+00 0.000000000000000000e+00 8.202996364463673672e+03
2.000000000000000000e+00 3.000000000000000000e+00 1.408738486141666181e+04
2.000000000000000000e+00 1.100000000000000000e+01 1.007178900418260309e+04
3.000000000000000000e+00 2.000000000000000000e+00 1.409936920765019750e+04
3.000000000000000000e+00 4.000000000000000000e+00 1.808570933689034791e+04
3.000000000000000000e+00 1.000000000000000000e+01 5.209830861270606874e+03
4.000000000000000000e+00 3.000000000000000000e+00 1.809819333000875849e+04
4.000000000000000000e+00 5.000000000000000000e+00 8.809136263604941632e+03
4.000000000000000000e+00 8.000000000000000000e+00 1.577616214142876015e+04
5.000000000000000000e+00 1.000000000000000000e+00 5.970351462982190242e+03
5.000000000000000000e+00 4.000000000000000000e+00 8.791798250438985633e+03
5.000000000000000000e+00 7.000000000000000000e+00 1.261228484155998012e+04
6.000000000000000000e+00 7.000000000000000000e+00 1.214256537728748299e+04
6.000000000000000000e+00 1.700000000000000000e+01 1.599979706787292889e+04
7.000000000000000000e+00 5.000000000000000000e+00 1.255708256555296975e+04
7.000000000000000000e+00 6.000000000000000000e+00 1.224980800781678408e+04
7.000000000000000000e+00 8.000000000000000000e+00 6.917475240846099041e+03
7.000000000000000000e+00 1.500000000000000000e+01 8.472450546767024207e+03
8.000000000000000000e+00 4.000000000000000000e+00 1.580598414771312491e+04
8.000000000000000000e+00 7.000000000000000000e+00 7.009662743671267890e+03
8.000000000000000000e+00 9.000000000000000000e+00 2.156645000693695692e+04
9.000000000000000000e+00 8.000000000000000000e+00 2.178845951604650327e+04
9.000000000000000000e+00 1.000000000000000000e+01 1.768554090816887037e+04
9.000000000000000000e+00 1.400000000000000000e+01 2.286654504598156200e+04
9.000000000000000000e+00 1.500000000000000000e+01 1.119001373845655144e+04
9.000000000000000000e+00 1.600000000000000000e+01 8.100365419745602594e+03
1.000000000000000000e+01 3.000000000000000000e+00 5.309331214385726526e+03
1.000000000000000000e+01 9.000000000000000000e+00 1.759792536597017897e+04
1.000000000000000000e+01 1.100000000000000000e+01 8.380664643517908189e+03
1.000000000000000000e+01 1.300000000000000000e+01 9.691493650447449909e+03
1.100000000000000000e+01 2.000000000000000000e+00 1.009766892079012177e+04
1.100000000000000000e+01 1.000000000000000000e+01 8.384161353926443553e+03
1.100000000000000000e+01 1.200000000000000000e+01 1.235516799356625597e+04
1.200000000000000000e+01 1.100000000000000000e+01 1.248454462058231002e+04
1.200000000000000000e+01 2.300000000000000000e+01 1.103176697375458025e+04
1.300000000000000000e+01 1.000000000000000000e+01 9.799881750955366442e+03
1.300000000000000000e+01 1.400000000000000000e+01 9.029751127765335696e+03
1.300000000000000000e+01 2.200000000000000000e+01 8.336058662517067205e+03
1.400000000000000000e+01 9.000000000000000000e+00 2.315837926867496935e+04
1.400000000000000000e+01 1.300000000000000000e+01 9.061959946390650657e+03
1.400000000000000000e+01 1.800000000000000000e+01 1.884443147343788587e+04
1.400000000000000000e+01 2.100000000000000000e+01 1.824027426555914644e+04
1.500000000000000000e+01 7.000000000000000000e+00 8.432303398464162456e+03
1.500000000000000000e+01 9.000000000000000000e+00 1.110819320430919834e+04
1.500000000000000000e+01 1.600000000000000000e+01 1.121877648679441700e+04
1.500000000000000000e+01 1.700000000000000000e+01 1.623060761525366252e+04
1.600000000000000000e+01 9.000000000000000000e+00 8.099976782507746066e+03
1.600000000000000000e+01 1.500000000000000000e+01 1.091883654178664256e+04
1.600000000000000000e+01 1.800000000000000000e+01 9.483788245223442573e+03
1.700000000000000000e+01 6.000000000000000000e+00 1.589255443734363325e+04
1.700000000000000000e+01 1.500000000000000000e+01 1.640857987781123302e+04
1.700000000000000000e+01 1.900000000000000000e+01 1.989270368780656645e+04
1.800000000000000000e+01 1.400000000000000000e+01 1.883945386136385059e+04
1.800000000000000000e+01 1.600000000000000000e+01 9.183459662977809785e+03
1.800000000000000000e+01 1.900000000000000000e+01 9.183681833904656742e+03
1.900000000000000000e+01 1.700000000000000000e+01 1.986343331983483222e+04
1.900000000000000000e+01 1.800000000000000000e+01 8.878375639584999590e+03
1.900000000000000000e+01 2.000000000000000000e+01 6.479840491893271974e+03
1.900000000000000000e+01 2.100000000000000000e+01 7.002139842462900560e+03
2.000000000000000000e+01 1.900000000000000000e+01 6.046147298607387711e+03
2.000000000000000000e+01 2.100000000000000000e+01 8.745246734501461106e+03
2.000000000000000000e+01 2.300000000000000000e+01 1.033101183376662266e+04
2.100000000000000000e+01 1.400000000000000000e+01 1.846929491895190949e+04
2.100000000000000000e+01 1.900000000000000000e+01 7.001256473457384345e+03
2.100000000000000000e+01 2.000000000000000000e+01 8.455383983978110336e+03
2.100000000000000000e+01 2.200000000000000000e+01 9.659193325237158206e+03
2.200000000000000000e+01 1.300000000000000000e+01 8.412237944399661501e+03
2.200000000000000000e+01 2.100000000000000000e+01 9.597467859101046997e+03
2.200000000000000000e+01 2.300000000000000000e+01 7.827634000410052067e+03
2.300000000000000000e+01 1.200000000000000000e+01 1.106114360077064339e+04
2.300000000000000000e+01 2.000000000000000000e+01 1.018718139100408189e+04
2.300000000000000000e+01 2.200000000000000000e+01 7.842087816156545159e+03
