i	j	       0	       1	       2	       3	       4	       5	       6	       7	       8	       9	      10	      11	      12	      13	      14	      15	      16	      17	      18	      19	      20	      21	      22	      23
0	1	 2600.67	    0.00	  270.39	  200.02	   15.34	    0.00	    0.01	    0.02	   30.68	   92.08	  200.02	  479.09	  462.16	  100.01	   15.41	    0.02	    0.04	    0.00	    0.03	    0.00	    0.01	    0.07	    0.22	   29.52
0	2	 6199.33	 1174.88	    0.00	    0.00	    0.00	  233.66	  141.04	  244.68	    0.00	    0.00	    0.00	    0.00	    0.00	    0.00	    0.00	   92.79	    0.00	   34.80	    0.00	    0.02	    0.00	    0.00	    0.00	    0.00
1	0	    0.00	 1274.88	    0.00	    0.00	    0.00	  533.66	  641.02	 1044.65	    0.00	    0.00	    0.00	    0.00	    0.00	    0.00	    0.00	  592.77	    0.05	  134.80	    0.03	  299.93	    0.00	    0.02	    0.00	    0.00
1	5	 2500.67	 2725.12	  170.39	    0.04	    0.00	    0.00	    0.00	    0.00	    0.00	    0.00	    0.04	  379.09	  162.16	    0.01	    0.00	    0.00	    0.00	    0.00	    0.00	    0.00	    0.01	    0.03	    0.22	   29.52
2	0	    0.00	    0.00	  370.39	  700.02	  215.34	    0.00	    0.03	    0.05	  530.68	 1392.08	  700.02	  679.09	  962.16	  400.01	  515.41	    0.04	  399.99	    0.00	  300.00	    0.10	  100.01	  400.06	  300.22	  129.52
2	3	 4498.93	  674.64	 1929.41	    0.00	    0.00	    0.00	    0.00	    0.00	    0.00	    0.00	    0.00	 3740.79	 2501.12	    0.08	    0.00	    0.00	    0.00	    0.00	    0.00	    0.00	  203.30	    0.50	    3.25	  469.90
2	11	 1600.40	  400.24	  500.21	 1601.83	  402.69	  500.57	  767.41	 1200.00	 1399.67	  668.05	    0.45	    0.00	    0.00	    0.15	   49.73	  539.98	  188.42	  199.76	   21.31	    0.32	    0.00	    0.00	    0.00	    0.00
3	2	    0.00	    0.00	    0.00	 2501.85	  718.03	  566.90	  726.39	 1155.37	 2030.36	 2360.13	  999.51	    0.00	    0.00	  499.62	  665.08	  647.22	  688.41	  164.97	  321.31	    0.32	    0.02	    0.10	    0.07	    0.00
3	4	 3198.02	  174.65	 1329.41	 6697.24	    0.00	    0.00	    0.00	    0.00	    0.00	    0.10	  905.19	 3140.42	 1900.87	  200.12	    0.07	    0.00	    0.01	    0.00	    0.04	    0.00	    3.34	    0.25	  199.78	  269.91
3	10	  800.91	  300.03	  400.00	 2400.91	  699.92	  599.56	    0.53	    5.31	    0.22	    0.16	    0.00	    0.36	    0.25	    0.06	    0.06	    0.11	    0.04	    0.02	    0.02	    0.02	    0.02	    0.04	    0.05	    0.02
4	3	    0.00	    0.04	    0.00	    0.00	 1917.95	 1566.47	 1126.92	 1860.68	 2730.57	 3558.17	    0.00	    0.00	    0.00	    0.00	 1163.43	 1446.99	 1187.57	  264.98	  520.62	  300.34	    0.03	  398.82	    0.00	    0.00
4	5	    0.00	    0.00	  523.44	 2147.24	 1270.99	    0.00	    0.02	    0.03	  569.46	 1307.86	  404.06	 1437.79	  580.56	  100.02	  284.49	    0.04	    0.04	    0.00	    0.04	    0.01	    0.01	    0.00	   99.78	   70.46
4	8	 2998.02	  899.79	  705.97	 4049.99	 2911.05	 1399.80	    0.02	    0.10	    0.00	    0.00	    1.13	 1502.64	 1120.31	    0.11	    0.00	    0.06	    0.00	    0.01	    0.00	    0.02	    0.01	    0.00	    0.00	  199.45
5	1	    0.00	    0.00	    0.00	    0.02	   84.66	  933.66	  841.01	 1444.63	  169.32	  507.92	    0.02	    0.00	    0.00	    0.01	   84.59	  992.75	  200.01	  134.80	  100.00	  399.92	    0.00	   99.97	    0.00	    0.00
5	4	    0.00	  825.18	    0.00	    0.00	    0.00	 3166.27	 1026.32	 1809.15	    0.00	    0.00	    0.00	    0.00	    0.00	    0.00	    0.00	 1467.80	    0.07	  203.25	    0.03	  305.43	    0.04	    0.00	    0.00	    0.00
5	7	 2200.67	 1499.94	  393.82	 1747.26	  986.34	 3500.07	    0.00	    0.00	    0.15	    0.07	    4.09	 1616.88	  542.72	    0.02	    0.00	    0.00	    0.00	    0.00	    0.00	    0.00	    0.00	    0.00	    0.00	    0.00
6	7	    0.00	    0.00	    0.00	    0.00	    0.00	    0.00	 4172.02	    0.00	    0.00	    0.00	    0.00	    0.00	    0.00	  399.93	  599.91	  392.39	  141.96	  999.96	  999.68	 2599.83	  500.28	  799.87	  299.98	  199.99
6	17	  430.04	  335.97	    8.36	  431.74	  119.97	  984.18	 7927.98	 4515.57	  825.77	    0.58	    0.13	  219.59	    0.00	    0.00	    0.00	    0.00	    0.02	    0.00	    0.00	    0.00	    0.00	    0.00	    0.00	    0.00
7	5	    0.00	    0.00	    0.00	    0.00	    0.00	    0.00	 2267.32	 4053.75	    0.00	    0.12	    0.00	    0.00	    0.00	    0.00	    0.11	 3360.51	  700.04	  438.04	  299.98	 1005.34	  100.03	  299.94	    0.00	    0.01
7	6	  930.04	  535.97	  108.36	  831.74	  319.97	 1384.18	    0.00	 5515.57	 1425.72	    3.28	    1.21	  919.59	   68.49	    0.00	    0.00	    0.00	    0.11	    0.00	    0.00	    0.00	    0.00	    0.00	    0.00	    0.00
7	8	    0.00	    0.00	    0.00	    0.00	    0.00	    0.00	  904.70	 3746.18	    0.00	    0.00	    0.00	    0.00	    0.00	    0.00	    0.00	 1275.71	    0.00	  262.02	    0.00	  694.78	    0.29	    0.00	    0.00	    0.00
7	15	  470.70	  564.01	  174.54	  692.58	  432.86	 1315.98	    0.00	 3384.50	  881.93	    0.00	    0.06	  466.25	    0.16	    0.00	    0.00	    0.00	    0.00	    0.00	    0.00	    0.00	    0.00	    0.00	    0.00	    0.00
8	4	    0.00	    0.00	    0.00	    0.00	    0.00	    0.00	  300.64	  551.66	 4100.04	 5865.93	    0.00	    0.00	    0.00	    0.00	 1647.85	  479.28	 1387.54	   61.75	  620.60	   94.95	   96.66	  598.57	    0.00	    0.00
8	7	    0.08	    0.04	   89.08	  477.06	  266.50	    0.09	    0.00	    0.00	 3107.50	 1603.07	  797.19	  368.96	  125.93	    0.00	    0.00	    0.00	    0.22	    0.00	    0.00	    0.00	    0.00	    0.00	    0.00	    0.00
8	9	 2497.94	  699.75	  516.89	 2872.94	 1844.56	  999.72	    4.14	 2394.62	 8992.46	    0.00	    0.00	  533.80	  394.50	    0.00	    0.00	    0.24	    0.00	    0.30	    0.00	    0.00	    0.00	    0.00	    0.00	    0.00
9	8	    0.00	    0.00	    0.00	    0.00	    0.00	    0.00	    0.05	    0.00	    0.00	10269.01	 2196.06	    0.12	    0.12	  599.90	 2647.85	  603.75	 2287.76	    0.02	 1020.60	    0.14	  396.36	 1298.57	  500.00	    0.55
9	10	    0.00	    0.00	    0.00	    0.00	    0.00	    0.00	  499.41	  794.71	 1712.34	 8381.85	    0.00	    0.00	    0.00	    0.00	 1321.66	 1560.55	 1912.06	  200.05	  437.44	  429.43	    2.75	  474.55	    0.00	    0.00
9	14	  798.95	   99.85	   99.87	 1097.59	  597.43	  199.84	    0.00	    0.00	 3087.47	14615.19	 1892.26	  636.66	    4.33	    0.00	    0.00	    0.00	    0.78	    0.00	    0.00	    0.00	    0.00	    0.00	    0.00	    0.00
9	15	    0.09	    0.00	   17.10	   75.73	   47.30	    0.00	    0.00	    0.00	  492.81	 8033.37	 2166.22	  213.52	    0.11	    0.00	    0.00	    0.00	    0.00	    0.00	    0.00	    0.00	    0.00	    0.00	    0.00	    0.00
9	16	  399.14	    0.02	   99.98	  499.91	  199.94	    0.04	    0.08	    0.11	  899.83	 3900.58	  999.83	  599.89	  499.91	    0.06	    0.12	    0.11	    0.00	    0.05	    0.07	    0.14	    0.05	    0.14	    0.05	    0.02
10	3	    0.00	    0.00	    0.00	    0.00	    0.00	    0.00	    0.00	    0.00	    0.00	    2.22	 3404.71	    0.00	    0.00	 1199.72	    1.77	    0.35	    0.88	    0.00	    0.75	    0.00	    0.05	    1.07	  696.64	    0.03
10	9	    0.24	    0.07	    0.07	    0.29	    0.11	    0.09	    0.00	    0.00	    0.00	    0.00	11154.38	 2916.40	 2009.96	  929.11	    0.00	    0.00	    0.00	    0.00	    0.00	    0.00	    0.00	    0.00	  520.89	   73.85
10	11	    0.00	    0.00	    0.00	    0.00	    0.00	    0.00	    0.00	    0.00	    0.10	 3231.95	 2401.50	    0.00	    0.00	  716.52	  658.38	  160.48	  911.53	    0.09	  282.14	    0.00	    0.00	    0.04	    0.04	    0.00
10	13	  301.10	  100.13	  100.15	 1000.71	  199.83	  199.54	    0.00	    0.02	  312.46	 1147.83	 5339.42	 1063.27	   13.19	    0.00	    0.00	    0.00	    0.04	    0.00	    0.00	    0.00	    0.00	    0.00	    0.00	    0.00
11	2	    0.00	    0.00	    0.00	    0.00	    0.00	    0.00	    0.00	    0.00	    0.00	    0.00	    0.96	 4619.88	 3563.28	    0.62	    0.05	    0.00	    0.00	    0.00	    0.00	    0.08	  303.29	  500.46	  403.41	  599.43
11	10	    0.43	    0.16	    0.22	    0.08	    0.02	    0.07	    0.00	    0.00	    0.00	    0.00	    0.00	 5379.30	 3022.90	    0.00	    0.00	    0.00	    0.00	    0.00	    0.00	    0.00	    0.20	    0.00	    0.00	    0.45
11	12	 1399.97	  300.08	  299.99	 1001.75	  202.66	  300.50	   67.53	  600.00	  799.78	 1900.00	 1000.99	 3900.82	    0.00	   16.37	    8.06	    0.65	  499.96	    0.06	    3.45	    0.00	    0.00	    0.00	    0.00	    0.00
12	11	    0.00	    0.00	    0.00	    0.00	    0.00	    0.00	    0.13	    0.00	    0.00	    0.00	    0.00	    0.00	 7886.18	    0.32	    0.00	    0.19	    0.00	    0.21	    0.00	  499.76	  603.49	 1200.42	 1103.37	 1099.88
12	23	  899.97	    0.08	  199.99	  401.75	    2.66	  100.50	    0.00	    0.00	  199.78	    0.00	    0.99	 2600.82	 6713.82	    0.00	    0.00	    0.00	    0.00	    0.00	    0.00	    0.00	    0.00	    0.00	    0.00	    0.00
13	10	    0.00	    0.00	    0.00	    0.00	    0.00	    0.00	    0.06	    0.00	    0.00	    0.00	    0.00	    0.00	    0.00	 4445.29	  738.44	    0.16	    0.36	    0.02	  245.44	  170.54	  397.08	  626.51	 2517.51	  673.41
13	14	    1.08	    0.13	    0.14	    0.98	    0.05	    0.03	    0.00	    0.00	    0.00	    0.00	 1088.89	  363.22	  131.02	 6474.28	    0.00	    0.00	    0.00	    0.00	    0.00	    0.00	    0.00	    0.00	  809.47	  166.18
13	22	    0.03	    0.00	    0.01	  499.75	   99.79	   99.51	    0.00	    0.00	  193.64	  815.65	 2650.59	    0.08	    0.09	 3180.43	  475.93	    0.00	  232.99	    0.00	  148.43	    0.00	    0.00	    0.00	    0.00	    0.00
14	9	    0.00	    0.00	    0.00	    0.00	    0.00	    0.00	    0.00	    0.00	    0.00	    0.00	    0.00	    0.00	    0.00	 1770.84	 7969.63	    0.29	    0.81	    0.05	 3257.91	 1715.74	 1599.15	 4373.26	 1779.16	  726.72
14	13	    0.00	    0.00	    0.00	    0.00	    0.00	    0.00	  199.69	  399.42	  481.19	 1767.82	    0.06	    0.00	    0.00	    0.00	 2514.37	  699.51	  933.31	   99.84	  693.86	  669.42	    0.51	  619.65	    0.00	    0.00
14	18	  300.03	    0.05	    0.01	  200.07	  100.03	    0.05	    0.02	    0.03	  400.15	 3263.08	  832.61	  300.06	  282.51	 2897.05	 5899.22	    0.05	    0.40	    0.01	    0.00	    0.05	  548.65	 2899.92	  899.98	  260.65
14	21	    0.00	    0.00	    0.00	  398.50	  297.45	    0.00	    0.00	    0.00	 1306.14	 5584.29	  748.47	    0.00	    0.00	  506.39	 5016.77	    0.22	 2484.48	    0.00	 2063.10	    0.00	    0.00	    0.00	    0.00	    0.00
15	7	    0.00	    0.00	    0.00	    0.00	    0.00	    0.00	    0.00	    0.00	    0.00	    0.26	    0.00	    0.00	    0.00	    0.05	    0.20	 6443.83	 1957.97	    0.11	    0.30	    0.29	    0.04	    0.07	    0.03	    0.02
15	9	    0.00	    0.05	    0.00	    0.00	    0.00	    0.07	 2395.20	    0.21	    0.00	    0.00	    0.00	    0.00	    0.00	    0.00	    0.00	 6562.90	    0.55	  899.68	    0.19	 1213.84	    0.00	    0.00	    0.00	    0.00
15	16	    0.85	  200.01	    0.01	    0.06	    0.05	  500.05	 1000.48	 1400.51	    0.11	    0.49	    0.09	    0.05	    0.00	    0.00	    0.00	 5954.90	    0.00	  600.23	    0.00	 1543.42	  359.64	    0.00	    0.00	  126.99
15	17	    0.04	    0.02	    0.00	    0.11	    0.03	    0.07	    0.00	    0.33	    0.34	 3634.28	  766.59	    0.09	    0.03	    0.03	    0.14	 7138.37	 3745.79	    0.00	    0.14	    0.00	    0.00	    0.00	    0.00	    0.00
16	9	    0.00	    0.00	    0.00	    0.00	    0.00	    0.00	    0.21	    0.00	    0.00	    0.00	    0.00	    0.00	    0.00	    0.00	    0.00	    0.99	 8099.24	    0.08	    0.00	    0.13	    0.00	    0.00	    0.00	    0.00
16	15	    0.00	    0.00	    0.00	    0.00	    0.00	    0.00	    0.00	    0.00	    0.00	    1.30	    0.27	    0.00	    0.00	  692.97	 1189.44	    0.00	 8504.20	    0.00	 1288.88	    0.00	    0.05	    0.10	    0.04	    0.03
16	18	    0.03	    0.05	    0.00	    0.02	    0.01	    0.09	    0.36	    0.63	    0.03	    0.16	    0.00	    0.00	    0.00	    0.00	    0.00	 3154.02	 6796.56	    0.20	    0.00	    0.00	    0.00	    0.00	    0.00	    0.00
17	6	    0.00	    0.00	    0.00	    0.00	    0.00	    0.00	    0.00	    0.00	    0.05	 1897.30	  498.92	    0.00	  331.51	  599.93	 1099.91	 1792.39	 1141.88	 1199.96	 1399.68	 3099.83	  700.28	 1299.87	  499.98	  299.99
17	15	   30.09	   36.07	    8.36	   31.86	   19.91	   84.22	 4795.68	  216.55	   25.71	    0.36	    0.11	   20.37	  599.76	    7.11	   10.91	    0.00	    0.11	 2000.02	   11.75	 4357.55	  959.63	 1199.97	  499.99	  426.99
17	19	  299.99	  299.92	    0.00	  299.99	  100.09	  800.03	 2932.29	 3999.35	  600.35	 1037.40	  167.84	    0.04	    0.02	    0.00	    0.00	 4845.98	 2003.96	 1600.02	    0.00	    0.00	    0.00	    0.00	    0.00	    0.00
18	14	    0.00	    0.07	    0.00	    0.00	    0.00	    0.18	  699.64	  999.39	    0.00	    0.00	    0.00	    0.00	    0.00	    0.00	    0.00	 1899.97	 4918.22	  299.88	 6814.87	 3484.02	    0.15	    0.37	    0.16	    0.07
18	16	    0.04	    0.02	    0.01	    0.05	    0.02	    0.00	    0.00	    0.00	    0.09	    0.38	    0.35	    0.06	    0.09	 1392.91	 2689.32	    0.00	    0.00	    0.00	 2988.81	  156.58	  240.37	 1699.96	  599.99	  173.01
18	19	    0.02	    0.00	    0.00	    0.04	    0.02	    0.02	    0.00	    0.00	    0.09	 1462.85	  432.25	    0.00	    0.00	 1204.15	 2409.91	    0.00	  178.75	    0.00	 2996.32	    0.00	    0.00	    0.00	    0.00	    0.00
19	17	    0.00	    0.00	    0.00	    0.00	    0.00	    0.00	    0.00	    0.00	    0.00	    0.20	    0.15	    0.73	 1031.27	  707.01	 1310.67	    0.00	    0.14	    0.00	 1711.30	 7857.38	 1759.91	 2799.84	 1099.96	  726.98
19	18	    0.00	  100.00	    0.00	    0.00	    0.00	  200.06	 1099.27	 1698.73	    0.00	    0.00	    0.00	    0.00	   17.58	    0.01	    0.00	   45.90	    0.00	  599.67	    0.00	 4840.54	   91.87	    0.42	    0.17	   12.42
19	20	    0.00	    0.00	    0.00	    0.01	    0.10	  100.01	  632.91	  600.48	    0.38	    0.05	    0.02	    0.01	    0.02	    0.02	    0.03	 1500.16	  482.40	  200.32	   85.12	 2700.85	    0.00	    0.07	    0.03	    0.02
19	21	    0.00	   99.92	    0.00	    0.02	    0.01	  199.98	  700.11	  800.14	    0.06	    0.21	    0.04	    0.00	    0.00	    0.00	    0.16	 1699.92	    0.24	  400.04	    0.08	 3101.23	    0.17	    0.00	    0.00	    0.00
20	19	    0.00	    0.00	    0.00	    0.00	    0.00	    0.00	    0.00	    0.00	    0.00	    0.10	    0.09	  400.57	 1648.47	    0.22	    0.16	    0.00	    0.07	    0.00	    0.17	    0.00	 3051.95	    0.23	    1.17	 1139.07
20	21	  264.43	    0.01	   66.11	    0.24	    0.02	    0.03	    0.06	    0.07	    0.00	    0.00	    0.13	  462.75	 1469.62	    0.14	    0.00	    0.15	    0.00	    0.03	    0.00	    0.40	 4749.16	    0.00	    0.24	 1603.93
20	23	    0.00	    0.00	    0.00	    0.00	    0.00	    0.02	  432.86	  200.40	    0.06	  488.78	    0.00	    0.00	    0.00	    0.00	  676.46	  900.08	  211.00	  100.29	  250.00	 1500.45	 3198.89	 2347.10	    0.00	    0.00
21	14	    0.00	    0.00	    0.00	    0.00	    0.00	    0.00	    0.06	    0.05	    0.00	    0.00	    0.00	    0.18	  847.16	    0.00	    0.00	    0.10	    0.00	    0.03	    0.00	    1.20	 2948.17	10492.46	 2869.52	 1221.12
21	19	    0.00	    0.00	    0.00	    0.00	    0.00	    0.00	    0.00	    0.00	    0.00	    0.10	    0.02	    0.14	    0.38	    2.67	    0.79	    0.00	    0.00	    0.00	    0.00	    0.00	    0.00	 5200.10	 1798.99	    0.35
21	20	    0.00	    0.00	    0.00	    0.05	   97.56	    0.00	    0.00	    0.00	  299.68	 1688.84	    1.92	    0.00	    0.00	    0.76	 1476.59	    0.08	  328.67	    0.00	  565.05	    0.00	    0.00	 4147.26	    0.69	    0.00
21	22	    0.00	    0.00	    0.00	    0.00	    0.00	    0.01	  200.11	  300.16	  306.52	 1295.57	    0.00	    0.00	    0.00	    0.00	  939.55	  500.11	  456.05	  100.04	  298.12	  700.43	    1.17	 4560.19	    0.00	    0.00
22	13	    0.01	    0.00	    0.00	    0.02	    0.00	    0.00	    0.37	    0.56	    0.00	    0.00	    0.00	    0.03	  717.92	    0.00	    0.00	    0.65	    0.00	    0.18	    0.01	    1.12	  796.57	 1206.86	 4426.99	 1239.59
22	21	  135.57	    0.07	   33.89	    1.29	    0.09	    0.00	    0.00	    0.00	    0.00	    0.00	  353.30	  237.57	  677.93	  696.90	    0.00	    0.00	    0.00	    0.00	    0.00	    0.00	    0.00	    0.00	 6768.95	  717.55
22	23	    0.00	    0.00	    0.00	    0.14	    0.03	    0.01	    0.02	    0.05	    0.16	  311.22	  997.35	    0.00	    0.00	 1383.53	  415.48	    0.10	   89.04	    0.00	  146.54	    0.27	    0.22	 1253.41	 3304.06	    0.00
23	12	    0.00	    0.00	    0.00	    0.00	    0.00	    0.00	  332.59	    0.00	    0.00	    0.00	    0.00	    0.00	    0.00	  583.95	  691.94	  599.55	    0.04	  100.15	  296.55	 1099.76	 1203.49	 2500.42	 1903.37	 1799.88
23	20	  364.42	    0.01	   66.11	  200.18	    2.36	    0.03	    0.00	    0.00	    0.00	    0.00	  398.29	 1163.30	 3718.06	  399.58	    0.00	    0.00	    0.00	    0.00	    0.00	    0.00	    0.00	    0.00	  700.69	 3242.98
23	22	  435.55	    0.07	  133.89	    1.71	    0.33	    0.49	    0.29	    0.45	    0.00	    0.00	    0.05	  937.52	 2195.76	    0.00	    0.00	    0.63	    0.00	    0.14	    0.00	    0.96	 1495.62	    0.09	    0.00	 2657.14
