i	j	       0	       1	       2	       3	       4	       5	       6	       7	       8	       9	      10	      11	      12	      13	      14	      15	      16	      17	      18	      19	      20	      21	      22	      23
0	1	 2600.96	    0.00	  266.52	  200.03	   15.39	    0.00	    0.01	    0.02	   30.76	   92.66	  200.03	  480.21	  459.53	  100.01	   15.47	    0.02	    0.10	    0.00	    0.06	    0.00	    0.01	    0.08	    0.03	   28.11
0	2	 6199.04	 1166.54	    0.00	    0.00	    0.00	  225.16	  138.84	  242.81	    0.00	    0.00	    0.00	    0.00	    0.00	    0.00	    0.00	  105.56	    0.00	   34.42	    0.00	    0.00	    0.00	    0.00	    0.00	    0.00
1	0	    0.00	 1266.54	    0.00	    0.00	    0.00	  525.16	  638.82	 1042.78	    0.00	    0.00	    0.00	    0.00	    0.00	    0.00	    0.00	  605.54	    0.64	  134.42	    0.06	  299.99	    0.01	    0.00	    0.00	    0.00
1	5	 2500.96	 2733.46	  166.52	    0.05	    0.00	    0.00	    0.00	    0.00	    0.00	    0.00	    0.05	  380.21	  159.53	    0.02	    0.00	    0.00	    0.00	    0.00	    0.00	    0.00	    0.01	    0.02	    0.03	   28.11
2	0	    0.00	    0.00	  366.52	  700.03	  215.39	    0.00	    0.03	    0.05	  530.76	 1392.66	  700.03	  680.21	  959.53	  400.01	  515.47	    0.04	  399.46	    0.00	  300.00	    0.02	  100.00	  400.08	  300.03	  128.11
2	3	 4498.56	  666.36	 1933.33	    0.00	    0.00	    0.00	    0.00	    0.00	    0.00	    0.00	    0.00	 3780.84	 2458.43	    0.08	    0.00	    0.00	    0.00	    0.00	    0.00	    0.00	  208.28	    0.02	    2.50	  471.48
2	11	 1600.48	  400.18	  500.16	 1602.15	  407.60	  500.59	  702.87	 1200.00	 1399.47	  687.24	    0.39	    0.00	    0.00	    0.09	   60.70	  556.98	  193.84	  199.55	   26.01	    0.05	    0.00	    0.00	    0.00	    0.00
3	2	    0.00	    0.00	    0.00	 2502.18	  722.99	  575.42	  664.06	 1157.24	 2030.23	 2379.58	 1000.11	    0.00	    0.00	  499.90	  676.03	  651.45	  693.27	  165.13	  326.00	    0.06	    0.00	    0.00	    0.00	    0.00
3	4	 3196.53	  165.96	 1332.93	 6696.08	    0.00	    0.00	    0.00	    0.00	    0.00	    0.18	  905.60	 3180.48	 1858.20	  200.01	    0.03	    0.00	    0.03	    0.00	    0.01	    0.00	    8.30	    0.04	  199.96	  271.49
3	10	  802.04	  300.44	  400.40	 2401.74	  699.60	  599.41	    0.63	    5.65	    0.62	    0.16	    0.00	    0.36	    0.23	    0.06	    0.06	    0.33	    0.04	    0.03	    0.02	    0.02	    0.02	    0.04	    0.05	    0.02
4	3	    0.00	    0.04	    0.00	    0.00	 1922.60	 1574.84	 1064.69	 1862.89	 2730.86	 3577.83	    0.00	    0.00	    0.00	    0.00	 1174.35	 1451.78	 1192.85	  265.16	  525.31	  300.08	    0.03	  399.23	    0.00	    0.00
4	5	    0.00	    0.00	  531.45	 2148.02	 1271.15	    0.00	    0.02	    0.03	  569.31	 1307.27	  405.43	 1474.95	  529.95	  100.01	  284.47	    0.04	    0.24	    0.00	    0.10	    0.01	    0.01	    0.01	   99.96	   71.88
4	8	 2996.53	  899.41	  701.48	 4048.06	 2906.26	 1400.07	    0.02	    0.09	    0.00	    0.00	    0.17	 1505.53	 1128.25	    0.00	    0.00	    0.05	    0.00	    0.01	    0.00	    0.02	    0.01	    0.00	    0.00	  199.61
5	1	    0.00	    0.00	    0.00	    0.02	   84.61	  925.16	  838.81	 1442.76	  169.24	  507.34	    0.02	    0.00	    0.00	    0.01	   84.53	 1005.52	  200.54	  134.42	  100.00	  399.98	    0.01	   99.94	    0.00	    0.00
5	4	    0.00	  833.49	    0.00	    0.00	    0.00	 3174.91	  974.48	 1821.09	    0.00	    0.00	    0.00	    0.00	    0.00	    0.00	    0.00	 1488.93	    0.25	  204.31	    0.03	  308.38	    0.05	    0.00	    0.00	    0.00
5	7	 2200.96	 1499.96	  397.96	 1748.05	  986.54	 3499.93	    0.00	    0.00	    0.14	    0.13	    5.46	 1655.17	  489.48	    0.02	    0.00	    0.00	    0.00	    0.00	    0.00	    0.00	    0.00	    0.00	    0.00	    0.00
6	7	    0.00	    0.00	    0.00	    0.00	    0.00	    0.00	 4105.33	    0.00	    0.00	    0.00	    0.00	    0.00	    0.00	  399.82	  599.55	  442.30	  145.39	  999.36	  999.08	 2599.38	  500.06	  799.76	  299.95	  199.97
6	17	  432.85	  339.37	    9.21	  436.25	  122.72	  991.90	 7994.67	 4535.90	  831.22	    0.37	    0.12	  218.53	    0.02	    0.00	    0.00	    0.00	    0.00	    0.00	    0.00	    0.00	    0.00	    0.00	    0.00	    0.00
7	5	    0.00	    0.00	    0.00	    0.00	    0.00	    0.00	 2213.27	 4063.82	    0.06	    0.20	    0.00	    0.00	    0.00	    0.00	    0.07	 3394.41	  700.55	  438.72	  299.93	 1008.35	  100.04	  299.91	    0.00	    0.01
7	6	  932.85	  539.37	  109.21	  836.25	  322.72	 1391.90	    0.00	 5535.90	 1431.17	    5.58	    1.57	  918.53	    2.59	    0.00	    0.00	    0.00	    0.08	    0.00	    0.00	    0.00	    0.00	    0.00	    0.00	    0.00
7	8	    0.00	    0.00	    0.00	    0.00	    0.00	    0.00	  892.06	 3736.09	    0.00	    0.00	    0.00	    0.00	    0.00	    0.00	    0.00	 1291.92	    0.09	  260.98	    0.00	  691.58	    0.16	    0.00	    0.00	    0.00
7	15	  468.19	  560.63	  173.32	  689.94	  431.19	 1308.11	    0.00	 3364.19	  905.83	    0.00	    0.06	  485.47	    0.16	    0.00	    0.00	    0.00	    0.00	    0.00	    0.00	    0.00	    0.00	    0.00	    0.00	    0.00
8	4	    0.00	    0.00	    0.00	    0.00	    0.00	    0.00	  290.25	  541.92	 4100.17	 5884.92	    0.00	    0.00	    0.00	    0.00	 1658.78	  462.94	 1392.81	   60.86	  625.37	   91.74	   91.70	  599.20	    0.00	    0.00
8	7	    0.08	    0.04	   84.57	  478.14	  267.37	    0.09	    0.00	    0.00	 3136.92	 1605.02	  796.03	  348.83	  113.28	    0.00	    0.00	    0.00	    0.19	    0.00	    0.00	    0.00	    0.00	    0.00	    0.00	    0.00
8	9	 2496.45	  699.37	  516.91	 2869.92	 1838.89	  999.98	    1.88	 2394.25	 8962.91	    0.00	    0.00	  556.74	  415.02	    0.00	    0.00	    0.92	    0.00	    0.15	    0.00	    0.00	    0.00	    0.00	    0.00	    0.00
9	8	    0.00	    0.00	    0.00	    0.00	    0.00	    0.00	    0.05	    0.00	    0.00	10289.94	 2195.86	    0.05	    0.05	  600.00	 2658.78	  571.89	 2292.91	    0.02	 1025.37	    0.14	  391.52	 1299.20	  500.00	    0.39
9	10	    0.00	    0.00	    0.00	    0.00	    0.00	    0.00	  499.31	  794.35	 1728.40	 8439.59	    0.00	    0.00	    0.00	    0.00	 1301.84	 1542.65	 1906.38	  199.97	  429.96	  439.90	    0.72	  537.64	    0.00	    0.00
9	14	  799.04	   99.89	   99.91	 1098.18	  592.80	  200.01	    0.00	    0.00	 3071.68	14504.20	 1967.63	  660.37	    8.51	    0.00	    0.00	    0.00	    0.77	    0.00	    0.00	    0.00	    0.00	    0.00	    0.00	    0.00
9	15	    0.00	    0.00	   17.48	   73.86	   46.16	    0.00	    0.00	    0.00	  463.04	 8065.19	 2180.28	  194.69	    0.49	    0.00	    0.00	    0.00	    0.00	    0.00	    0.00	    0.00	    0.00	    0.00	    0.00	    0.00
9	16	  398.95	    0.02	   99.96	  499.82	  199.93	    0.04	    0.08	    0.11	  899.79	 3901.09	 1000.18	  599.88	  499.73	    0.09	    0.12	    0.11	    0.00	    0.02	    0.07	    0.13	    0.05	    0.13	    0.05	    0.02
10	3	    0.00	    0.00	    0.00	    0.00	    0.00	    0.00	    0.00	    0.00	    0.00	    2.09	 3405.71	    0.00	    0.00	 1199.89	    1.77	    0.00	    0.49	    0.00	    0.72	    0.00	    0.02	    0.83	  697.52	    0.03
10	9	    1.53	    0.48	    0.44	    1.94	    0.00	    0.00	    0.00	    0.00	    0.00	    0.00	11243.95	 2898.25	 1993.76	 1147.57	    0.00	    0.00	    0.00	    0.00	    0.00	    0.00	    0.00	    0.00	  357.55	   54.47
10	11	    0.00	    0.00	    0.00	    0.00	    0.00	    0.00	    0.00	    0.00	    0.15	 3213.17	 2400.50	    0.00	    0.00	  727.06	  649.97	  142.98	  906.15	    0.02	  278.25	    0.11	    0.09	    0.26	    0.20	    0.00
10	13	  301.01	  100.12	  100.13	  999.88	  199.63	  199.49	    0.00	    0.00	  328.87	 1224.49	 5249.84	 1039.62	   26.67	    0.00	    0.00	    0.00	    0.00	    0.00	    0.00	    0.00	    0.00	    0.00	    0.00	    0.00
11	2	    0.00	    0.00	    0.00	    0.00	    0.00	    0.00	    0.00	    0.00	    0.00	    0.32	    0.31	 4661.05	 3517.96	    0.28	    0.14	    0.00	    0.03	    0.00	    0.01	    0.00	  308.27	  500.10	  402.53	  599.59
11	10	    0.51	    0.16	    0.17	    0.08	    0.02	    0.07	    0.00	    0.00	    0.00	    0.00	    0.00	 5337.51	 3020.20	    0.00	    0.00	    0.00	    0.00	    0.00	    0.00	    0.00	    0.11	    0.00	    0.00	    0.28
11	12	 1399.97	  300.02	  299.99	 1002.07	  207.57	  300.51	    3.15	  600.00	  799.62	 1900.09	 1000.59	 3901.44	    0.00	   27.12	   10.56	    0.52	  499.96	    0.06	    4.27	    0.06	    0.06	    0.14	    0.08	    0.00
12	11	    0.00	    0.00	    0.00	    0.00	    0.00	    0.00	    0.28	    0.00	    0.00	    0.00	    0.00	    0.00	 7838.16	    0.25	    0.03	    0.57	    0.00	    0.50	    0.01	  499.90	  608.36	 1199.97	 1102.42	 1099.87
12	23	  899.97	    0.02	  199.99	  402.07	    7.57	  100.51	    0.00	    0.00	  199.62	    0.09	    0.59	 2601.44	 6761.84	    0.00	    0.00	    0.00	    0.00	    0.00	    0.00	    0.00	    0.00	    0.00	    0.00	    0.00
13	10	    0.00	    0.00	    0.00	    0.00	    0.00	    0.00	    0.05	    0.00	    0.00	    0.00	    0.00	    0.00	    0.00	 4674.46	  749.84	    0.00	    0.22	    0.02	  249.00	  160.19	  399.27	  563.42	 2355.21	  654.20
13	14	    1.03	    0.12	    0.13	    1.16	    0.00	    0.00	    0.00	    0.00	    0.00	    0.00	 1033.00	  339.87	  102.17	 6258.97	    0.00	    0.00	    0.00	    0.00	    0.00	    0.00	    0.00	    0.00	 1215.87	  133.54
13	22	    0.00	    0.00	    0.00	  498.74	   99.63	   99.50	    0.00	    0.00	  200.99	  853.24	 2616.91	    0.00	    0.00	 3166.57	  462.08	    0.00	  222.16	    0.00	  143.18	    0.00	    0.00	    0.00	    0.00	    0.00
14	9	    0.00	    0.00	    0.00	    0.00	    0.00	    0.00	    0.07	    0.00	    0.00	    0.00	    0.00	    0.00	    0.00	 1552.53	 7960.75	    0.29	    0.00	    0.08	 3255.21	 1684.66	 1592.28	 4436.97	 1942.50	  745.94
14	13	    0.00	    0.00	    0.00	    0.00	    0.00	    0.00	  199.63	  399.26	  472.12	 1728.75	    0.06	    0.00	    0.00	    0.00	 2511.92	  699.65	  922.38	   99.82	  692.17	  659.04	    0.61	  743.64	    0.00	    0.00
14	18	  300.02	    0.04	    0.03	  200.16	  100.06	    0.07	    0.02	    0.03	  400.30	 3228.84	  817.60	  300.16	  270.36	 2896.85	 5899.66	    0.05	    0.40	    0.01	    0.00	    0.05	  492.96	 2899.92	  900.10	  246.64
14	21	    0.04	    0.00	    0.01	  399.18	  292.73	    0.00	    0.00	    0.00	 1299.25	 5546.61	  782.96	    0.07	    0.00	  509.67	 5027.67	    0.22	 2428.54	    0.00	 2047.49	    0.00	    0.00	    0.00	    0.00	    0.00
15	7	    0.00	    0.00	    0.00	    0.00	    0.00	    0.00	    0.00	    0.00	    0.00	    0.63	    0.15	    0.00	    0.00	    0.16	    0.52	 6444.04	 1955.14	    0.34	    0.85	    0.55	    0.15	    0.15	    0.06	    0.04
15	9	    0.00	    0.05	    0.00	    0.00	    0.00	    0.07	 2397.49	    0.20	    0.00	    0.00	    0.00	    0.00	    0.00	    0.00	    0.00	 6513.28	    0.54	  899.79	    0.19	 1255.51	    0.00	    0.00	    0.00	    0.00
15	16	    1.05	  200.02	    0.01	    0.06	    0.03	  500.05	 1000.01	 1400.44	    0.11	    0.48	    0.08	    0.05	    0.00	    0.00	    0.00	 5979.42	    0.00	  600.03	    0.00	 1515.21	  377.45	    0.00	    0.00	  131.55
15	17	    0.04	    0.01	    0.00	    0.04	    0.01	    0.06	    0.00	    0.29	    0.34	 3666.91	  780.76	    0.13	    0.01	    0.06	    0.13	 7163.26	 3768.31	    0.00	    0.13	    0.00	    0.00	    0.00	    0.03	    0.00
16	9	    0.00	    0.00	    0.00	    0.00	    0.00	    0.00	    0.00	    0.00	    0.00	    0.00	    0.00	    0.00	    0.00	    0.00	    0.00	    0.17	 8099.51	    0.00	    0.00	    0.00	    0.00	    0.00	    0.00	    0.00
16	15	    0.00	    0.00	    0.00	    0.00	    0.00	    0.00	    0.00	    0.00	    0.12	    2.49	    0.55	    0.09	    0.06	  692.53	 1188.55	    0.00	 8523.88	    0.00	 1288.11	    0.00	    0.05	    0.10	    0.16	    0.03
16	18	    0.04	    0.04	    0.00	    0.03	    0.01	    0.09	    0.09	    0.55	    0.05	    0.25	    0.02	    0.02	    0.02	    0.00	    0.00	 3179.37	 6776.61	    0.05	    0.00	    0.00	    0.00	    0.00	    0.00	    0.00
17	6	    0.00	    0.00	    0.00	    0.00	    0.00	    0.00	    0.00	    0.00	    0.05	 1894.79	  498.55	    0.00	  397.43	  599.82	 1099.55	 1842.30	 1145.31	 1199.36	 1399.08	 3099.38	  700.06	 1299.76	  499.95	  299.97
17	15	   32.90	   39.46	    9.21	   36.29	   22.68	   92.07	 4797.51	  236.75	   31.46	    0.35	    0.11	   19.92	  599.29	    7.69	   12.10	    0.00	    0.11	 2000.16	   13.06	 4371.28	  977.54	 1200.05	  499.93	  431.56
17	19	  299.99	  299.93	    0.00	  299.99	  100.05	  799.90	 2997.16	 3999.45	  600.05	 1072.34	  182.24	    0.02	    0.00	    0.00	    0.00	 4820.96	 2023.02	 1600.48	    0.00	    0.00	    0.00	    0.00	    0.00	    0.00
18	14	    0.00	    0.03	    0.00	    0.00	    0.00	    0.06	  699.59	  999.22	    0.00	    0.00	    0.00	    0.00	    0.00	    0.00	    0.00	 1900.06	 4850.55	  299.85	 6794.88	 3443.33	    0.15	    0.38	    0.15	    0.07
18	16	    0.05	    0.00	    0.03	    0.15	    0.06	    0.00	    0.00	    0.00	    0.27	    1.16	    0.30	    0.18	    0.35	 1392.44	 2688.43	    0.00	    0.00	    0.00	 2988.04	  184.65	  222.56	 1699.97	  600.11	  168.45
18	19	    0.02	    0.00	    0.00	    0.04	    0.02	    0.02	    0.00	    0.00	    0.09	 1427.92	  417.33	    0.00	    0.00	 1204.43	 2411.23	    0.00	  226.45	    0.00	 3017.08	    0.00	    0.00	    0.00	    0.00	    0.00
19	17	    0.00	    0.00	    0.00	    0.00	    0.00	    0.00	    0.00	    0.00	    0.00	    0.20	    0.02	    1.28	 1096.69	  707.45	 1311.52	    0.00	    0.13	    0.00	 1712.00	 7870.65	 1777.60	 2799.81	 1099.85	  731.53
19	18	    0.00	   99.95	    0.00	    0.00	    0.00	  199.93	 1099.48	 1698.64	    0.00	    0.00	    0.00	    0.00	   29.97	    0.01	    0.00	   20.64	    0.00	  599.79	    0.00	 4827.93	  129.74	    0.42	    0.17	   21.88
19	20	    0.00	    0.00	    0.00	    0.01	    0.02	  100.01	  697.32	  600.25	    0.08	    0.05	    0.02	    0.01	    0.02	    0.02	    0.03	 1500.43	  549.30	  200.53	  105.18	 2700.38	    0.00	    0.07	    0.03	    0.02
19	21	    0.00	   99.98	    0.00	    0.02	    0.04	  199.98	  700.36	  800.56	    0.06	    0.21	    0.04	    0.00	    0.00	    0.00	    0.16	 1699.89	    0.10	  400.16	    0.06	 3101.03	    0.11	    0.00	    0.00	    0.00
20	19	    0.00	    0.00	    0.00	    0.00	    0.00	    0.00	    0.00	    0.00	    0.00	    0.10	    0.02	  401.25	 1726.59	    0.08	    0.16	    0.00	    0.07	    0.00	    0.17	    0.00	 3107.46	    0.21	    3.12	 1153.27
20	21	  246.58	    0.00	   61.65	    0.16	    0.00	    0.01	    0.06	    0.07	    0.00	    0.00	    0.00	  431.52	 1360.36	    0.00	    0.00	    0.15	    0.00	    0.03	    0.00	    0.38	 5386.16	    0.00	    0.08	 1485.61
20	23	    0.00	    0.00	    0.00	    0.00	    0.00	    0.02	  497.26	  200.18	    0.25	  529.37	    0.00	    0.00	    0.00	    0.00	  747.68	  900.36	  236.29	  100.50	  277.67	 1500.01	 2506.38	 2628.12	    0.00	    0.00
21	14	    0.00	    0.00	    0.00	    0.00	    0.00	    0.00	    0.13	    0.07	    0.00	    0.00	    0.00	    0.00	  859.68	    0.08	    0.00	    0.15	    0.00	    0.05	    0.00	    0.42	 2885.71	10680.15	 2626.57	 1258.97
21	19	    0.00	    0.00	    0.00	    0.00	    0.00	    0.00	    0.00	    0.00	    0.00	    0.10	    0.49	    0.03	    0.10	    2.97	    0.33	    0.00	    0.00	    0.00	    0.00	    0.00	    0.00	 5200.10	 1796.92	    0.17
21	20	    0.00	    0.00	    0.00	    0.00	   92.77	    0.00	    0.00	    0.00	  300.17	 1729.43	    0.50	    0.00	    0.00	    0.31	 1547.81	    0.08	  287.06	    0.00	  572.65	    0.00	    0.00	 4428.26	    0.34	    0.00
21	22	    0.00	    0.00	    0.00	    0.00	    0.00	    0.01	  200.29	  300.55	  299.14	 1217.29	    0.00	    0.00	    0.00	    0.00	  879.70	  500.03	  441.59	  100.14	  274.90	  700.99	  700.57	 4091.50	    0.00	    0.00
22	13	    0.01	    0.00	    0.00	    0.02	    0.00	    0.00	    0.42	    0.74	    0.00	    0.00	    0.00	    0.25	  675.50	    0.00	    0.00	    0.35	    0.00	    0.20	    0.00	    1.15	  798.66	 1019.78	 4671.08	 1187.74
22	21	  153.38	    0.02	   38.34	    0.64	    0.00	    0.02	    0.00	    0.00	    0.00	    0.00	  317.99	  268.44	  799.41	  693.69	    0.00	    0.00	    0.00	    0.00	    0.00	    0.00	    0.00	    0.00	 6523.75	  873.54
22	23	    0.00	    0.00	    0.00	    0.00	    0.00	    0.00	    0.04	    0.07	    0.13	  270.53	  999.11	    0.00	    0.00	 1372.88	  341.78	    0.11	   63.75	    0.02	  118.07	    0.41	    0.05	  971.80	 3305.17	    0.00
23	12	    0.00	    0.00	    0.00	    0.00	    0.00	    0.00	  397.13	    0.00	    0.00	    0.00	    0.00	    0.00	    0.00	  573.13	  689.46	  600.05	    0.04	  100.43	  295.74	 1099.84	 1208.29	 2499.84	 1902.33	 1799.87
23	20	  346.58	    0.00	   61.65	  200.15	    7.21	    0.02	    0.00	    0.00	    0.00	    0.00	  399.51	 1132.76	 3686.93	  399.75	    0.00	    0.00	    0.00	    0.00	    0.00	    0.00	    0.00	    0.00	  702.84	 3138.85
23	22	  453.39	    0.02	  138.35	    1.92	    0.37	    0.52	    0.17	    0.26	    0.00	    0.00	    0.19	  968.68	 2274.91	    0.00	    0.00	    0.43	    0.00	    0.08	    0.00	    0.58	  798.14	    0.08	    0.00	 2761.27
