i	j	o5d9l14
0	1	 3979.24
0	2	 7606.17
1	0	 4006.56
1	5	 5775.97
2	0	 7578.85
2	3	14204.14
2	11	10026.24
3	2	14224.25
3	4	18203.18
3	10	 5209.99
4	3	18224.90
4	5	 8714.16
4	8	15581.09
5	1	 5803.29
5	4	 8720.47
5	7	12690.35
6	7	11857.44
6	17	15684.23
7	5	12723.97
7	6	11790.78
7	8	 7151.34
7	15	 8307.69
8	4	15596.51
8	7	 7105.69
8	9	22067.33
9	8	22137.10
9	10	17727.83
9	14	23298.35
9	15	11126.47
9	16	 8100.81
10	3	 5308.39
10	9	17607.87
10	11	 8348.96
10	13	 9833.07
11	2	 9978.80
11	10	 8388.12
11	12	12277.69
12	11	12369.42
12	23	11145.40
13	10	 9872.35
13	14	 9036.63
13	22	 8408.01
14	9	23364.72
14	13	 9080.22
14	18	19343.99
14	21	18430.18
15	7	 8320.31
15	9	11149.55
15	16	11739.57
15	17	14939.74
16	9	 8101.08
16	15	11727.09
16	18	 9942.79
17	6	15750.88
17	15	14987.93
17	19	18883.62
18	14	19378.11
18	16	 9930.58
18	19	 8740.13
19	17	18898.46
19	18	 8762.03
19	20	 6294.64
19	21	 7002.95
20	19	 6230.79
20	21	 8632.64
20	23	10309.80
21	14	18406.03
21	19	 7003.54
21	20	 8619.53
21	22	 9662.26
22	13	 8403.69
22	21	 9625.58
22	23	 7922.46
23	12	11137.13
23	20	10259.06
23	22	 7881.47
