i	j	       0	       1	       2	       3	       4	       5	       6	       7	       8	       9	      10	      11	      12	      13	      14	      15	      16	      17	      18	      19	      20	      21	      22	      23
0	1	 2600.09	    0.00	  267.41	  199.98	   16.24	    0.00	    0.01	    0.01	   32.48	   97.49	  200.00	  466.92	  462.78	  100.00	   16.26	    0.01	    0.03	    0.00	    0.02	    0.00	    0.01	    0.06	    0.13	   29.79
0	2	 6199.91	 1162.69	    0.00	    0.00	    0.00	  244.29	  142.45	  244.92	    0.00	    0.00	    0.00	    0.00	    0.00	    0.00	    0.00	   91.60	    0.00	   34.80	    0.00	    0.00	    0.00	    0.00	    0.00	    0.00
1	0	    0.00	 1262.69	    0.00	    0.00	    0.00	  544.29	  642.43	 1044.89	    0.00	    0.00	    0.00	    0.00	    0.00	    0.00	    0.00	  591.58	    0.28	  134.80	    0.10	  299.99	    0.00	    0.00	    0.00	    0.00
1	5	 2500.09	 2737.31	  167.41	    0.00	    0.00	    0.00	    0.00	    0.00	    0.00	    0.00	    0.02	  366.92	  162.78	    0.00	    0.00	    0.00	    0.00	    0.00	    0.00	    0.00	    0.01	    0.01	    0.13	   29.79
2	0	    0.00	    0.00	  367.41	  699.98	  216.24	    0.00	    0.03	    0.04	  532.48	 1397.49	  700.00	  666.92	  962.78	  400.00	  516.26	    0.03	  399.76	    0.00	  299.91	    0.01	  100.01	  400.06	  300.13	  129.79
2	3	 4499.24	  662.51	 1932.41	    0.00	    0.00	    0.04	    0.00	    0.00	    0.00	    0.00	    0.08	 3742.51	 2507.81	    0.02	    0.00	    0.00	    0.00	    0.00	    0.00	    0.00	  202.52	    0.02	    2.39	  469.92
2	11	 1600.67	  400.18	  500.18	 1601.95	  402.98	  500.39	  797.93	 1200.00	 1399.60	  655.23	    0.58	    0.00	    0.00	    0.14	   50.82	  531.09	  184.81	  199.14	   21.78	    0.12	    0.00	    0.00	    0.00	    0.00
3	2	    0.00	    0.00	    0.00	 2501.94	  719.22	  556.13	  755.51	 1155.13	 2032.08	 2352.64	 1000.19	    0.00	    0.00	  499.90	  667.01	  639.53	  684.54	  164.34	  321.68	    0.14	    0.00	    0.00	    0.00	    0.00
3	4	 3197.37	  162.33	 1332.14	 6696.52	    0.00	    0.00	    0.00	    0.00	    0.00	    0.00	  904.91	 3142.20	 1907.63	  200.00	    0.06	    0.00	    0.00	    0.00	    0.02	    0.00	    2.55	    0.10	  199.84	  269.90
3	10	  801.87	  300.28	  400.27	 2401.55	  699.77	  599.62	    0.75	    3.62	    0.29	    0.15	    0.00	    0.31	    0.18	    0.06	    0.05	    0.23	    0.04	    0.03	    0.01	    0.02	    0.01	    0.04	    0.05	    0.02
4	3	    0.00	    0.10	    0.00	    0.00	 1919.00	 1555.72	 1156.18	 1858.74	 2732.37	 3551.09	    0.00	    0.00	    0.00	    0.08	 1166.26	 1439.61	 1184.14	  264.36	  521.37	  300.11	    0.04	  399.20	    0.00	    0.00
4	5	    0.00	    0.00	  526.37	 2125.74	 1257.26	    0.00	    0.01	    0.03	  567.48	 1302.33	  404.43	 1464.86	  592.88	  100.00	  283.59	    0.03	    0.08	    0.00	    0.10	    0.01	    0.00	    0.02	   99.84	   70.20
4	8	 2997.37	  899.59	  705.76	 4070.78	 2923.74	 1399.95	    0.03	    0.10	    0.00	    0.00	    0.48	 1477.34	 1114.75	    0.00	    0.00	    0.06	    0.00	    0.01	    0.00	    0.03	    0.00	    0.00	    0.00	  199.70
5	1	    0.00	    0.00	    0.00	    0.02	   83.76	  944.29	  842.42	 1444.87	  167.52	  502.51	    0.02	    0.00	    0.00	    0.01	   83.74	  991.57	  200.24	  134.80	  100.09	  399.99	    0.00	   99.95	    0.00	    0.00
5	4	    0.00	  837.36	    0.00	    0.00	    0.00	 3155.66	 1049.43	 1800.92	    0.00	    0.00	    0.00	    0.00	    0.00	    0.00	    0.00	 1459.45	    0.44	  202.19	    0.02	  303.05	    0.06	    0.08	    0.00	    0.00
5	7	 2200.09	 1499.95	  393.78	 1725.72	  973.50	 3500.04	    0.00	    0.00	    0.00	    0.00	    4.43	 1631.78	  555.66	    0.00	    0.00	    0.00	    0.00	    0.00	    0.00	    0.00	    0.00	    0.00	    0.00	    0.00
6	7	    0.00	    0.00	    0.00	    0.00	    0.00	    0.00	 4204.29	    0.00	    0.00	    0.00	    0.00	    0.00	    0.00	  399.75	  599.72	  378.35	  137.91	  998.97	  999.35	 2599.06	  500.14	  799.86	  299.97	  199.97
6	17	  429.46	  335.36	    7.62	  428.42	  117.84	  982.61	 7895.71	 4511.45	  820.60	    0.47	    0.12	  215.00	    0.01	    0.00	    0.00	    0.00	    0.02	    0.00	    0.00	    0.00	    0.00	    0.00	    0.00	    0.00
7	5	    0.00	    0.00	    0.00	    0.00	    0.00	    0.00	 2291.83	 4045.77	    0.04	    0.18	    0.00	    0.00	    0.00	    0.00	    0.15	 3350.98	  700.61	  436.99	  300.01	 1003.03	  100.04	  300.00	    0.03	    0.01
7	6	  929.46	  535.36	  107.62	  828.42	  317.84	 1382.61	    0.00	 5511.45	 1420.40	    0.78	    0.50	  915.00	   78.24	    0.00	    0.00	    0.00	    0.10	    0.00	    0.00	    0.00	    0.00	    0.00	    0.00	    0.00
7	8	    0.00	    0.00	    0.00	    0.00	    0.00	    0.00	  912.46	 3753.42	    0.00	    0.00	    0.00	    0.00	    0.00	    0.00	    0.00	 1259.78	    0.00	  262.11	    0.00	  696.42	    0.19	    0.00	    0.00	    0.00
7	15	  470.70	  564.62	  172.68	  681.00	  425.59	 1317.51	    0.00	 3389.36	  888.23	    0.39	    0.19	  469.99	    0.27	    0.00	    0.00	    0.00	    0.00	    0.00	    0.00	    0.00	    0.00	    0.00	    0.00	    0.00
8	4	    0.00	    0.00	    0.00	    0.00	    0.00	    0.00	  306.80	  557.95	 4099.85	 5853.41	    0.00	    0.00	    0.00	    0.08	 1649.79	  480.25	 1383.78	   62.18	  621.43	   97.10	   97.44	  599.05	    0.00	    0.00
8	7	    0.07	    0.04	   86.52	  483.70	  269.92	    0.08	    0.00	    0.00	 3108.66	 1600.71	  796.06	  353.21	  122.85	    0.04	    0.00	    0.00	    0.20	    0.00	    0.00	    0.00	    0.00	    0.00	    0.00	    0.00
8	9	 2497.30	  699.55	  519.24	 2887.08	 1853.82	  999.87	    6.02	 2395.57	 8991.49	    0.00	    0.33	  524.17	  391.95	    0.00	    0.00	    0.22	    0.00	    0.12	    0.00	    0.00	    0.00	    0.00	    0.00	    0.00
9	8	    0.00	    0.00	    0.00	    0.00	    0.00	    0.00	    0.33	    0.00	    0.00	10254.12	 2195.90	    0.05	    0.05	  600.12	 2649.79	  620.64	 2283.98	    0.17	 1021.43	    0.65	  397.25	 1299.05	  500.00	    0.30
9	10	    0.00	    0.00	    0.00	    0.00	    0.00	    0.00	  499.43	  796.44	 1715.68	 8414.65	    0.00	    0.00	    0.00	    0.00	 1269.40	 1568.96	 1915.53	  200.03	  419.37	  424.44	    0.85	  498.99	    0.00	    0.00
9	14	  798.36	   99.83	   99.80	 1097.29	  597.21	  199.89	    0.00	    0.00	 3084.29	14631.34	 1902.87	  643.71	    3.30	    0.00	    0.00	    0.00	    0.72	    0.00	    0.00	    0.00	    0.00	    0.00	    0.00	    0.00
9	15	    0.00	    0.00	   19.70	   90.62	   56.64	    0.00	    0.00	    0.00	  491.67	 7999.65	 2161.61	  214.00	    0.25	    0.02	    0.00	    0.00	    0.00	    0.00	    0.00	    0.00	    0.00	    0.00	    0.00	    0.00
9	16	  399.82	    0.02	   99.98	  499.91	  199.97	    0.04	    0.08	    0.11	  899.85	 3900.24	  999.96	  599.90	  499.91	    0.05	    0.11	    0.10	    0.00	    0.05	    0.06	    0.13	    0.05	    0.13	    0.05	    0.02
10	3	    0.00	    0.00	    0.00	    0.00	    0.00	    0.00	    0.08	    0.00	    0.00	    1.70	 3405.02	    0.00	    0.00	 1199.85	    0.86	    0.15	    0.44	    0.02	    0.34	    0.05	    0.00	    0.92	  697.50	    0.00
10	9	    0.87	    0.24	    0.24	    0.75	    0.00	    0.00	    0.00	    0.00	    0.00	    0.00	11160.01	 2933.48	 2011.56	 1105.58	    0.00	    0.00	    0.00	    0.00	    0.00	    0.00	    0.00	    0.00	  327.17	   58.21
10	11	    0.00	    0.00	    0.00	    0.00	    0.00	    0.00	    0.11	    0.00	    0.10	 3244.85	 2400.26	    0.00	    0.00	  709.03	  651.40	  169.05	  915.18	    0.05	  279.15	    0.00	    0.00	    0.00	    0.00	    0.00
10	13	  301.77	  100.18	  100.24	 1000.87	  199.80	  199.68	    0.00	    0.06	  315.87	 1168.25	 5334.70	 1056.16	    9.40	    0.00	    0.00	    0.00	    0.04	    0.00	    0.00	    0.00	    0.00	    0.00	    0.00	    0.00
11	2	    0.00	    0.00	    0.00	    0.00	    0.00	    0.00	    0.00	    0.00	    0.00	    0.08	    0.47	 4609.43	 3570.59	    0.27	    0.07	    0.00	    0.03	    0.00	    0.01	    0.00	  302.53	  500.08	  402.52	  599.71
11	10	    0.77	    0.14	    0.21	    0.07	    0.02	    0.06	    0.00	    0.00	    0.00	    0.00	    0.00	 5389.33	 3020.78	    0.00	    0.00	    0.00	    0.00	    0.00	    0.00	    0.00	    0.04	    0.00	    0.00	    0.08
11	12	 1399.90	  300.04	  299.97	 1001.88	  202.96	  300.33	   98.04	  600.00	  799.69	 1900.00	 1000.38	 3901.25	    0.00	    9.02	    2.19	    0.96	  499.96	    0.05	    0.94	    0.03	    0.00	    0.00	    0.00	    0.00
12	11	    0.00	    0.00	    0.00	    0.00	    0.00	    0.00	    0.00	    0.00	    0.00	    0.00	    0.00	    0.00	 7891.37	    0.12	    0.04	    0.82	    0.00	    0.86	    0.02	  499.90	  602.56	 1200.08	 1102.52	 1099.79
12	23	  899.90	    0.04	  199.97	  401.88	    2.96	  100.33	    0.00	    0.00	  199.69	    0.00	    0.38	 2601.25	 6708.63	    0.00	    0.00	    0.00	    0.00	    0.00	    0.00	    0.00	    0.00	    0.00	    0.00	    0.00
13	10	    0.00	    0.00	    0.00	    0.00	    0.00	    0.00	    0.00	    0.00	    0.00	    0.00	    0.00	    0.00	    0.00	 4614.41	  782.82	    0.00	    0.09	    0.00	  260.10	  175.58	  399.10	  601.89	 2324.62	  658.11
13	14	    1.67	    0.18	    0.21	    2.08	    0.03	    0.04	    0.00	    0.00	    0.00	    0.00	 1052.32	  356.05	  101.88	 6169.99	    0.00	    0.00	    0.00	    0.00	    0.00	    0.00	    0.00	    0.00	 1217.48	  134.28
13	22	    0.11	    0.00	    0.03	  498.81	   99.77	   99.65	    0.00	    0.00	  187.37	  785.94	 2682.44	    0.16	    0.00	 3315.61	  419.97	    0.00	  209.13	    0.00	  129.04	    0.00	    0.00	    0.00	    0.00	    0.00
14	9	    0.00	    0.00	    0.00	    0.00	    0.00	    0.00	    0.00	    0.00	    0.00	    0.00	    0.00	    0.00	    0.00	 1594.60	 7919.30	    0.27	    0.78	    0.05	 3240.69	 1734.34	 1598.15	 4398.17	 1972.87	  742.11
14	13	    0.00	    0.00	    0.00	    0.00	    0.00	    0.00	  199.64	  399.28	  471.49	 1717.69	    0.00	    0.00	    0.00	    0.00	 2502.79	  699.22	  909.17	   99.82	  689.13	  674.46	    0.82	  718.03	    0.00	    0.00
14	18	  300.03	    0.07	    0.01	  200.06	  100.02	    0.13	    0.02	    0.03	  400.13	 3299.63	  837.90	  300.05	  283.46	 2698.97	 5899.44	    0.05	    0.37	    0.01	    0.00	    0.05	  558.96	 2899.93	  899.98	  264.01
14	21	    0.00	    0.00	    0.00	  399.31	  297.21	    0.00	    0.00	    0.00	 1312.66	 5614.02	  717.29	    0.00	    0.00	  576.42	 5078.47	    0.21	 2435.96	    0.00	 2055.16	    0.00	    0.00	    0.00	    0.00	    0.00
15	7	    0.00	    0.00	    0.00	    0.00	    0.00	    0.00	    0.00	    0.00	    0.00	    0.64	    0.20	    0.00	    0.00	    0.22	    0.43	 6432.41	 1962.59	    0.13	    0.66	    0.40	    0.10	    0.14	    0.06	    0.04
15	9	    0.00	    0.05	    0.00	    0.00	    0.00	    0.07	 2393.62	    0.98	    0.00	    0.00	    0.00	    0.00	    0.00	    0.00	    0.00	 6588.28	    0.52	  899.99	    0.18	 1190.68	    0.00	    0.00	    0.00	    0.00
15	16	    0.17	  200.00	    0.01	    0.06	    0.02	  500.03	 1000.32	 1400.50	    0.11	    0.46	    0.08	    0.05	    0.00	    0.00	    0.00	 5958.44	    0.00	  600.17	    0.00	 1545.73	  355.21	    0.00	    0.00	  124.53
15	17	    0.08	    0.02	    0.00	    0.08	    0.02	    0.13	    0.00	    0.54	    0.69	 3600.16	  761.75	    0.11	    0.00	    0.02	    0.06	 7120.87	 3735.69	    0.00	    0.24	    0.00	    0.00	    0.00	    0.00	    0.00
16	9	    0.00	    0.00	    0.00	    0.00	    0.00	    0.00	    0.20	    0.00	    0.00	    0.00	    0.00	    0.00	    0.00	    0.00	    0.00	    0.94	 8098.94	    0.09	    0.00	    0.20	    0.00	    0.00	    0.00	    0.00
16	15	    0.00	    0.00	    0.00	    0.00	    0.00	    0.00	    0.00	    0.00	    0.00	    0.90	    0.13	    0.00	    0.00	  689.70	 1182.45	    0.00	 8498.70	    0.00	 1281.63	    0.00	    0.05	    0.10	    0.04	    0.02
16	18	    0.02	    0.02	    0.00	    0.02	    0.01	    0.06	    0.20	    0.61	    0.03	    0.15	    0.00	    0.00	    0.00	    0.00	    0.00	 3157.60	 6802.37	    0.13	    0.00	    0.00	    0.00	    0.00	    0.00	    0.00
17	6	    0.00	    0.00	    0.00	    0.00	    0.00	    0.00	    0.00	    0.00	    0.20	 1899.69	  499.63	    0.00	  321.77	  599.75	 1099.72	 1778.35	 1137.83	 1198.97	 1399.35	 3099.06	  700.14	 1299.86	  499.97	  299.97
17	15	   29.55	   35.45	    7.62	   28.51	   17.82	   82.71	 4793.94	  212.67	   20.89	    0.33	    0.11	   16.17	  599.49	   10.52	   18.03	    0.00	    0.10	 2000.29	   19.45	 4336.80	  955.26	 1200.04	  500.02	  424.55
17	19	  299.99	  299.93	    0.00	  299.99	  100.04	  800.03	 2901.77	 3999.33	  600.19	 1000.80	  162.14	    0.02	    0.00	    0.00	    0.00	 4842.52	 1997.90	 1600.74	    0.00	    0.00	    0.00	    0.00	    0.00	    0.00
18	14	    0.00	    0.06	    0.00	    0.00	    0.00	    0.19	  699.47	  999.07	    0.00	    0.00	    0.00	    0.00	    0.00	    0.00	    0.00	 1899.61	 4845.56	  299.80	 6784.98	 3508.13	    0.14	    0.35	    0.14	    0.06
18	16	    0.04	    0.00	    0.01	    0.04	    0.02	    0.00	    0.00	    0.00	    0.08	    0.35	    0.09	    0.05	    0.09	 1389.65	 2682.34	    0.00	    0.00	    0.00	 2981.57	  154.34	  244.79	 1699.97	  600.00	  175.47
18	19	    0.01	    0.00	    0.00	    0.03	    0.01	    0.02	    0.00	    0.00	    0.09	 1499.43	  437.81	    0.00	    0.00	 1009.32	 2417.10	    0.00	  257.18	    0.00	 3033.45	    0.00	    0.00	    0.00	    0.00	    0.00
19	17	    0.00	    0.00	    0.00	    0.00	    0.00	    0.00	    0.00	    0.00	    0.00	    0.19	    0.00	    1.08	 1021.25	  710.25	 1317.69	    0.00	    0.13	    0.00	 1718.56	 7835.86	 1755.40	 2799.90	 1099.99	  724.52
19	18	    0.00	   99.98	    0.00	    0.00	    0.00	  200.02	 1099.25	 1698.43	    0.00	    0.00	    0.00	    0.00	   16.63	    0.00	    0.00	   41.95	    0.00	  599.66	    0.00	 4862.43	   85.98	    0.39	    0.16	   11.52
19	20	    0.00	    0.00	    0.00	    0.01	    0.05	  100.03	  602.23	  600.52	    0.17	    0.04	    0.01	    0.01	    0.02	    0.01	    0.03	 1500.66	  554.92	  200.99	  114.98	 2700.94	    0.00	    0.07	    0.03	    0.02
19	21	    0.00	   99.96	    0.00	    0.01	    0.01	  200.00	  700.28	  800.38	    0.11	    0.19	    0.04	    0.00	    0.00	    0.00	    0.15	 1699.91	    0.10	  400.08	    0.07	 3100.78	    0.16	    0.00	    0.00	    0.00
20	19	    0.00	    0.00	    0.00	    0.00	    0.00	    0.00	    0.00	    0.00	    0.00	    0.09	    0.02	  401.01	 1637.80	    0.09	    0.15	    0.00	    0.06	    0.00	    0.16	    0.00	 3041.53	    0.21	    1.55	 1135.89
20	21	  263.72	    0.03	   65.93	    0.13	    0.00	    0.02	    0.05	    0.07	    0.00	    0.00	    0.00	  461.76	 1473.69	    0.00	    0.00	    0.14	    0.00	    0.03	    0.00	    0.36	 4761.77	    0.00	    0.00	 1615.80
20	23	    0.00	    0.00	    0.00	    0.00	    0.00	    0.02	  402.18	  200.45	    0.13	  480.44	    0.00	    0.00	    0.00	    0.00	  683.95	  900.60	  220.48	  100.96	  257.60	 1500.58	 3196.70	 2365.15	    0.00	    0.00
21	14	    0.00	    0.00	    0.00	    0.00	    0.00	    0.02	    0.19	    0.23	    0.00	    0.00	    0.00	    0.29	  878.28	    0.00	    0.00	    0.15	    0.00	    0.08	    0.00	    0.71	 2957.78	10615.77	 2655.23	 1271.78
21	19	    0.00	    0.00	    0.00	    0.00	    0.00	    0.00	    0.00	    0.00	    0.00	    0.10	    0.08	    0.06	    0.10	  200.85	    0.63	    0.00	    0.00	    0.00	    0.00	    0.00	    0.00	 5200.15	 1798.63	    0.16
21	20	    0.00	    0.00	    0.00	    0.00	   97.33	    0.00	    0.00	    0.00	  299.95	 1680.49	    1.81	    0.00	    0.00	    0.35	 1484.07	    0.07	  265.63	    0.00	  542.78	    0.00	    0.00	 4165.29	    0.23	    0.00
21	22	    0.00	    0.00	    0.00	    0.00	    0.00	    0.01	  200.15	  300.22	  312.82	 1333.61	    0.00	    0.00	    0.00	    0.00	  993.93	  500.04	  470.43	  100.03	  312.45	  700.43	    4.15	 4418.78	    0.00	    0.00
22	13	    0.01	    0.00	    0.00	    0.02	    0.00	    0.00	    0.36	    0.66	    0.00	    0.00	    0.06	    0.06	  692.48	    0.00	    0.00	    0.78	    0.00	    0.18	    0.01	    1.13	  798.28	 1083.86	 4642.10	 1192.40
22	21	  136.28	    0.01	   34.07	    0.54	    0.12	    0.00	    0.00	    0.00	    0.00	    0.00	  384.56	  238.59	  704.68	  824.79	    0.00	    0.00	    0.00	    0.00	    0.00	    0.00	    0.00	    0.00	 6554.09	  756.14
22	23	    0.00	    0.00	    0.00	    0.04	    0.01	    0.01	    0.14	    0.08	    0.19	  319.56	  997.93	    0.00	    0.00	 1390.82	  413.90	    0.14	   79.56	    0.03	  141.48	    0.52	    0.05	 1235.32	 3303.81	    0.00
23	12	    0.00	    0.00	    0.00	    0.00	    0.00	    0.00	  301.96	    0.00	    0.00	    0.00	    0.00	    0.00	    0.00	  591.09	  697.85	  599.86	    0.04	  100.82	  299.08	 1099.88	 1202.56	 2500.08	 1902.52	 1799.79
23	20	  363.72	    0.02	   65.93	  200.13	    2.62	    0.00	    0.00	    0.00	    0.01	    0.00	  398.20	 1162.76	 3711.47	  399.73	    0.00	    0.00	    0.00	    0.00	    0.00	    0.00	    0.00	    0.00	  701.29	 3251.68
23	22	  436.19	    0.02	  134.04	    1.79	    0.35	    0.35	    0.35	    0.53	    0.00	    0.00	    0.11	  938.49	 2197.16	    0.00	    0.00	    0.88	    0.00	    0.17	    0.00	    1.22	 1494.19	    0.40	    0.00	 2648.54
