0.000000000000000000e+00 1.000000000000000000e+00 4.494072461777631361e+03
0.000000000000000000e+00 2.000000000000000000e+00 8.108572062447560711e+03
1.000000000000000000e+00 0.000000000000000000e+00 4.509201076896822997e+03
1.000000000000000000e+00 5.000000000000000000e+00 5.960423380931649262e+03
2.000000000000000000e+00 0.000000000000000000e+00 8.093443447328359980e+03
2.000000000000000000e+00 3.000000000000000000e+00 1.396778738927245467e+04
2.000000000000000000e+00 1.100000000000000000e+01 9.932452963623460164e+03
3.000000000000000000e+00 2.000000000000000000e+00 1.395588713738932711e+04
3.000000000000000000e+00 4.000000000000000000e+00 1.796434102725032790e+04
3.000000000000000000e+00 1.000000000000000000e+01 5.210930229246622730e+03
4.000000000000000000e+00 3.000000000000000000e+00 1.795428439889528090e+04
4.000000000000000000e+00 5.000000000000000000e+00 8.797585188548682709e+03
4.000000000000000000e+00 8.000000000000000000e+00 1.572403005373896485e+04
5.000000000000000000e+00 1.000000000000000000e+00 5.975551996050841808e+03
5.000000000000000000e+00 4.000000000000000000e+00 8.803578557600189015e+03
5.000000000000000000e+00 7.000000000000000000e+00 1.249173782503209623e+04
6.000000000000000000e+00 7.000000000000000000e+00 1.211076070499998605e+04
6.000000000000000000e+00 1.700000000000000000e+01 1.582949681698418499e+04
7.000000000000000000e+00 5.000000000000000000e+00 1.251285980920278780e+04
7.000000000000000000e+00 6.000000000000000000e+00 1.206336977266832582e+04
7.000000000000000000e+00 8.000000000000000000e+00 6.903744463754243043e+03
7.000000000000000000e+00 1.500000000000000000e+01 8.393719377119034107e+03
8.000000000000000000e+00 4.000000000000000000e+00 1.570798005633241883e+04
8.000000000000000000e+00 7.000000000000000000e+00 6.864587648015971354e+03
8.000000000000000000e+00 9.000000000000000000e+00 2.185698854850513817e+04
9.000000000000000000e+00 8.000000000000000000e+00 2.190178173536032773e+04
9.000000000000000000e+00 1.000000000000000000e+01 1.775287618206059051e+04
9.000000000000000000e+00 1.400000000000000000e+01 2.318798333988012746e+04
9.000000000000000000e+00 1.500000000000000000e+01 1.105459591197599730e+04
9.000000000000000000e+00 1.600000000000000000e+01 8.100956199534763073e+03
1.000000000000000000e+01 3.000000000000000000e+00 5.309086605718552164e+03
1.000000000000000000e+01 9.000000000000000000e+00 1.763311244778122273e+04
1.000000000000000000e+01 1.100000000000000000e+01 8.329880569132978053e+03
1.000000000000000000e+01 1.300000000000000000e+01 9.800066202545758642e+03
1.100000000000000000e+01 2.000000000000000000e+00 9.929224600387376995e+03
1.100000000000000000e+01 1.000000000000000000e+01 8.384999136985570658e+03
1.100000000000000000e+01 1.200000000000000000e+01 1.216336657562690743e+04
1.200000000000000000e+01 1.100000000000000000e+01 1.231525678024342415e+04
1.200000000000000000e+01 2.300000000000000000e+01 1.100258890649669956e+04
1.300000000000000000e+01 1.000000000000000000e+01 9.823340276885739513e+03
1.300000000000000000e+01 1.400000000000000000e+01 9.045222941600517515e+03
1.300000000000000000e+01 2.200000000000000000e+01 8.436457239131255847e+03
1.400000000000000000e+01 9.000000000000000000e+00 2.323042553725385005e+04
1.400000000000000000e+01 1.300000000000000000e+01 9.097052243494707000e+03
1.400000000000000000e+01 1.800000000000000000e+01 1.902387863215920152e+04
1.400000000000000000e+01 2.100000000000000000e+01 1.846226256352126074e+04
1.500000000000000000e+01 7.000000000000000000e+00 8.406607244696349881e+03
1.500000000000000000e+01 9.000000000000000000e+00 1.107734262735202901e+04
1.500000000000000000e+01 1.600000000000000000e+01 1.168907825705865434e+04
1.500000000000000000e+01 1.700000000000000000e+01 1.534175654622231195e+04
1.600000000000000000e+01 9.000000000000000000e+00 8.100324207919552464e+03
1.600000000000000000e+01 1.500000000000000000e+01 1.167625001322110620e+04
1.600000000000000000e+01 1.800000000000000000e+01 9.953774993934666782e+03
1.700000000000000000e+01 6.000000000000000000e+00 1.587688774931583794e+04
1.700000000000000000e+01 1.500000000000000000e+01 1.539021937301320031e+04
1.700000000000000000e+01 1.900000000000000000e+01 1.903350752732038018e+04
1.800000000000000000e+01 1.400000000000000000e+01 1.906138619083899903e+04
1.800000000000000000e+01 1.600000000000000000e+01 9.940314758481923491e+03
1.800000000000000000e+01 1.900000000000000000e+01 8.683865806706091462e+03
1.900000000000000000e+01 1.700000000000000000e+01 1.902936128644291239e+04
1.900000000000000000e+01 1.800000000000000000e+01 8.707913129933145683e+03
1.900000000000000000e+01 2.000000000000000000e+01 6.347101557514381057e+03
1.900000000000000000e+01 2.100000000000000000e+01 7.001878789702261201e+03
2.000000000000000000e+01 1.900000000000000000e+01 6.264743352365068858e+03
2.000000000000000000e+01 2.100000000000000000e+01 8.613990040118953402e+03
2.000000000000000000e+01 2.300000000000000000e+01 1.035142032983646277e+04
2.100000000000000000e+01 1.400000000000000000e+01 1.841902650410938440e+04
2.100000000000000000e+01 1.900000000000000000e+01 7.004138077201153465e+03
2.100000000000000000e+01 2.000000000000000000e+01 8.604330942920845700e+03
2.100000000000000000e+01 2.200000000000000000e+01 9.678390994698860595e+03
2.200000000000000000e+01 1.300000000000000000e+01 8.407902011577047233e+03
2.200000000000000000e+01 2.100000000000000000e+01 9.627755125587777002e+03
2.200000000000000000e+01 2.300000000000000000e+01 7.998192680085971006e+03
2.300000000000000000e+01 1.200000000000000000e+01 1.105447911111320900e+04
2.300000000000000000e+01 2.000000000000000000e+01 1.027872122188524372e+04
2.300000000000000000e+01 2.200000000000000000e+01 7.919001583420682437e+03
