i	j	       0	       1	       2	       3	       4	       5	       6	       7	       8	       9	      10	      11	      12	      13	      14	      15	      16	      17	      18	      19	      20	      21	      22	      23
0	1	 2600.01	    0.00	  247.79	  200.02	    7.76	    0.00	    0.01	    0.02	   15.52	   46.58	  200.02	  412.53	  440.91	  100.00	    7.82	    0.02	    0.03	    0.00	    0.01	    0.00	    0.01	    0.09	    0.06	   26.75
0	2	 6199.99	 1061.26	    0.00	    0.00	    0.00	  202.75	  125.87	  220.24	    0.00	    0.00	    0.00	    0.00	    0.00	    0.00	    0.00	   88.00	    0.00	   31.47	    0.00	    0.02	    0.00	    0.00	    0.00	    0.00
1	0	    0.00	 1161.26	    0.00	    0.00	    0.00	  502.75	  625.85	 1020.21	    0.00	    0.00	    0.00	    0.00	    0.00	    0.00	    0.00	  587.99	    0.75	  131.46	    0.02	  299.98	    0.00	    0.02	    0.00	    0.00
1	5	 2500.01	 2838.74	  147.79	    0.04	    0.00	    0.00	    0.00	    0.00	    0.00	    0.00	    0.04	  312.53	  140.91	    0.01	    0.00	    0.00	    0.00	    0.00	    0.00	    0.00	    0.01	    0.03	    0.06	   26.75
2	0	    0.00	    0.00	  347.79	  700.02	  207.76	    0.00	    0.03	    0.05	  515.52	 1346.58	  700.02	  612.53	  940.91	  400.00	  507.82	    0.03	  399.28	    0.00	  299.99	    0.04	  100.00	  400.08	  300.06	  126.75
2	3	 4499.91	  561.12	 1952.15	    0.00	    0.00	    0.00	    0.00	    0.00	    0.00	    0.00	    0.00	 3844.12	 2490.26	    0.08	    0.00	    0.00	    0.00	    0.00	    0.00	    0.00	  202.49	    0.23	    1.98	  472.93
2	11	 1600.08	  400.14	  500.06	 1601.39	  403.44	  500.29	  705.32	 1200.00	 1398.90	  692.98	    0.84	    0.00	    0.00	    0.15	   52.46	  565.10	  195.34	  199.54	   22.48	    0.17	    0.00	    0.00	    0.00	    0.00
3	2	    0.00	    0.00	    0.00	 2501.41	  711.20	  597.55	  679.48	 1179.80	 2014.41	 2339.56	 1000.31	    0.00	    0.00	  499.83	  660.24	  677.13	  694.62	  168.08	  322.47	    0.16	    0.02	    0.07	    0.05	    0.01
3	4	 3198.71	   61.10	 1352.04	 6697.77	    0.00	    0.00	    0.00	    0.00	    0.00	    0.11	  905.91	 3243.38	 1889.82	  200.09	    0.07	    0.00	    0.01	    0.00	    0.02	    0.00	    2.55	    0.23	  199.99	  272.96
3	10	  801.20	  300.06	  400.11	 2400.82	  699.85	  599.95	    0.63	    6.20	    0.37	    0.15	    0.00	    0.74	    0.44	    0.06	    0.05	    0.27	    0.04	    0.02	    0.02	    0.02	    0.02	    0.04	    0.05	    0.02
4	3	    0.00	    0.04	    0.00	    0.00	 1911.04	 1597.49	 1080.10	 1886.00	 2714.78	 3539.37	    0.00	    0.00	    0.00	    0.00	 1158.20	 1477.40	 1194.55	  268.09	  521.63	  300.18	    0.03	  398.77	    0.00	    0.00
4	5	    0.00	    0.00	  538.56	 2092.25	 1246.54	    0.00	    0.02	    0.03	  584.63	 1353.36	  405.43	 1474.06	  534.91	  100.02	  291.84	    0.03	    0.04	    0.00	    0.09	    0.01	    0.01	    0.00	   99.93	   73.24
4	8	 2998.71	  899.99	  713.48	 4105.52	 2942.42	 1200.23	    0.02	    0.09	    0.00	    0.00	    0.47	 1569.31	 1154.91	    0.07	    0.00	    0.05	    0.00	    0.01	    0.00	    0.02	    0.00	    0.00	    0.06	  199.72
5	1	    0.00	    0.00	    0.00	    0.02	   92.24	  902.75	  825.84	 1420.20	  184.48	  553.42	    0.02	    0.00	    0.00	    0.01	   92.18	  987.97	  200.72	  131.46	  100.01	  399.98	    0.00	   99.95	    0.00	    0.00
5	4	    0.00	  938.93	    0.00	    0.00	    0.00	 2997.72	  994.01	 1851.66	    0.00	    0.00	    0.00	    0.00	    0.00	    0.00	    0.00	 1503.28	    0.55	  208.20	    0.02	  309.53	    0.00	    0.00	    0.00	    0.00
5	7	 2200.01	 1499.81	  386.35	 1692.27	  954.29	 3699.53	    0.00	    0.00	    0.14	    0.06	    5.45	 1586.60	  475.82	    0.02	    0.00	    0.00	    0.00	    0.00	    0.00	    0.00	    0.00	    0.00	    0.00	    0.00
6	7	    0.00	    0.00	    0.00	    0.00	    0.00	    0.00	 4109.14	    0.00	    0.00	    0.00	    0.00	    0.00	    0.00	  399.72	  599.89	  456.96	  154.86	  999.29	  999.26	 2599.12	  500.12	  799.77	  299.94	  199.97
6	17	  423.50	  327.77	    6.69	  425.17	  115.79	 1164.67	 7990.86	 4466.26	  812.79	    0.57	    0.12	  212.05	    0.10	    0.00	    0.00	    0.00	    0.02	    0.00	    0.00	    0.00	    0.00	    0.00	    0.00	    0.00
7	5	    0.00	    0.00	    0.00	    0.00	    0.00	    0.00	 2219.84	 4071.83	    0.00	    0.12	    0.00	    0.00	    0.00	    0.00	    0.34	 3391.22	  701.23	  439.66	  299.95	 1009.50	   99.99	  299.92	    0.00	    0.01
7	6	  923.50	  527.77	  106.69	  825.17	  315.79	 1564.67	    0.00	 5466.26	 1412.74	    4.66	    1.51	  911.83	    1.72	    0.00	    0.00	    0.00	    0.10	    0.00	    0.00	    0.00	    0.00	    0.00	    0.00	    0.00
7	8	    0.00	    0.00	    0.00	    0.00	    0.00	    0.00	  889.30	 3728.11	    0.00	    0.00	    0.00	    0.00	    0.00	    0.00	    0.00	 1326.72	    0.10	  259.95	    0.00	  690.62	    0.27	    0.00	    0.00	    0.00
7	15	  476.84	  572.08	  171.93	  677.57	  423.43	 1334.95	    0.00	 3433.81	  836.49	    0.00	    0.06	  461.89	    0.23	    0.00	    0.00	    0.00	    0.00	    0.00	    0.00	    0.00	    0.00	    0.00	    0.00	    0.00
8	4	    0.00	    0.00	    0.00	    0.00	    0.00	    0.00	  286.13	  534.46	 4099.40	 5892.62	    0.00	    0.00	    0.00	    0.00	 1649.97	  474.20	 1394.02	   59.90	  621.67	   90.69	   97.48	  598.54	    0.00	    0.00
8	7	    0.33	    0.04	   92.26	  510.48	  284.93	    0.09	    0.00	    0.00	 3049.09	 1604.47	  796.12	  387.12	  126.14	    0.00	    0.00	    0.00	    0.21	    0.00	    0.00	    0.00	    0.00	    0.00	    0.00	    0.00
8	9	 2498.38	  699.95	  521.22	 2895.05	 1857.49	  800.14	    3.24	 2393.74	 9051.50	    0.00	    0.00	  582.24	  428.83	    0.00	    0.00	    0.74	    0.00	    0.14	    0.00	    0.29	    0.00	    0.00	    0.00	    0.00
9	8	    0.00	    0.00	    0.00	    0.00	    0.00	    0.00	    0.05	    0.00	    0.00	10297.09	 2195.64	    0.05	    0.05	  599.93	 2649.97	  548.17	 2294.13	    0.08	 1021.67	    0.33	  397.21	 1298.54	  499.94	    0.28
9	10	    0.00	    0.00	    0.00	    0.00	    0.00	    0.00	  499.32	  793.83	 1714.26	 8356.41	    0.00	    0.00	    0.00	    0.00	 1322.51	 1535.08	 1904.28	  199.98	  438.33	  449.70	    1.41	  511.75	    0.00	    0.00
9	14	  798.74	   99.99	   99.85	 1097.83	  596.71	    0.16	    0.00	    0.00	 3086.51	14697.09	 1950.34	  663.61	   15.78	    0.00	    0.00	    0.00	    0.75	    0.00	    0.00	    0.00	    0.00	    0.00	    0.00	    0.00
9	15	    0.00	    0.00	   21.39	   97.30	   60.81	    0.00	    0.00	    0.00	  550.89	 7948.70	 2153.45	  224.20	    0.25	    0.00	    0.00	    0.00	    0.00	    0.00	    0.00	    0.00	    0.00	    0.00	    0.00	    0.00
9	16	  399.64	    0.02	   99.98	  499.91	  199.97	    0.04	    0.08	    0.11	  899.85	 3900.70	  999.81	  599.90	  499.91	    0.05	    0.12	    0.11	    0.00	    0.05	    0.07	    0.13	    0.05	    0.13	    0.05	    0.02
10	3	    0.00	    0.00	    0.00	    0.00	    0.00	    0.00	    0.00	    0.00	    0.00	    0.46	 3406.22	    0.00	    0.00	 1199.89	    2.16	    0.00	    0.12	    0.00	    0.87	    0.00	    0.06	    1.35	  698.10	    0.07
10	9	    0.00	    0.00	    0.00	    0.00	    0.00	    0.00	    0.00	    0.00	    0.00	    0.00	11199.23	 2905.52	 1987.16	 1080.49	    0.00	    0.00	    0.00	    0.00	    0.00	    0.00	    0.00	    0.00	  372.98	   58.29
10	11	    0.00	    0.00	    0.00	    0.00	    0.00	    0.00	    0.00	    0.00	    0.10	 3207.02	 2400.52	    0.00	    0.00	  763.00	  668.05	  135.35	  904.50	    0.02	  286.29	    0.00	    0.00	    0.00	    0.00	    0.00
10	13	  301.31	  100.10	  100.16	 1000.89	  199.87	  200.01	    0.00	    0.02	  314.53	 1149.09	 5294.03	 1036.17	   74.05	    0.00	    0.00	    0.00	    0.04	    0.00	    0.00	    0.00	    0.00	    0.00	    0.00	    0.00
11	2	    0.00	    0.00	    0.00	    0.00	    0.00	    0.00	    0.00	    0.00	    0.00	    0.00	    0.55	 4656.65	 3531.17	    0.41	    0.05	    0.00	    0.00	    0.00	    0.00	    0.03	  302.48	  500.23	  402.00	  599.66
11	10	    0.10	    0.04	    0.05	    0.08	    0.02	    0.06	    0.00	    0.00	    0.00	    0.00	    0.00	 5340.95	 3060.77	    0.00	    0.00	    0.00	    0.00	    0.00	    0.00	    0.00	    0.04	    0.00	    0.00	    0.36
11	12	 1399.97	  300.10	  300.00	 1001.32	  203.42	  300.23	    5.38	  600.00	  799.00	 1900.00	 1000.81	 3902.40	    0.00	   62.98	   20.63	    0.51	  499.84	    0.03	    8.84	    0.04	    0.00	    0.00	    0.00	    0.00
12	11	    0.00	    0.00	    0.00	    0.00	    0.00	    0.00	    0.06	    0.00	    0.00	    0.00	    0.00	    0.00	 7891.94	    0.24	    0.16	    0.06	    0.00	    0.47	    0.07	  499.90	  602.52	 1200.23	 1102.00	 1100.02
12	23	  899.97	    0.10	  200.00	  401.32	    3.42	  100.23	    0.00	    0.00	  199.00	    0.00	    0.81	 2602.40	 6708.06	    0.00	    0.00	    0.00	    0.00	    0.00	    0.00	    0.00	    0.00	    0.00	    0.00	    0.00
13	10	    0.00	    0.00	    0.00	    0.00	    0.00	    0.00	    0.06	    0.00	    0.00	    0.00	    0.00	    0.00	    0.00	 4643.32	  747.65	    0.00	    0.35	    0.02	  248.81	  150.27	  398.61	  589.56	 2371.03	  657.98
13	14	    1.28	    0.12	    0.16	    1.51	    0.05	    0.21	    0.00	    0.00	    0.00	    0.00	 1017.31	  336.38	   96.16	 6275.72	    0.00	    0.00	    0.00	    0.00	    0.00	    0.00	    0.00	    0.00	 1186.78	  120.41
13	22	    0.10	    0.01	    0.02	  499.40	   99.82	   99.80	    0.00	    0.00	  195.89	  813.28	 2676.78	    0.20	    0.00	 3180.96	  455.54	    0.00	  233.45	    0.00	  140.89	    0.00	    0.00	    0.00	    0.00	    0.00
14	9	    0.00	    0.00	    0.00	    0.00	    0.00	    0.00	    0.00	    0.00	    0.00	    0.00	    0.00	    0.00	    0.00	 1619.50	 7972.60	    0.28	    0.73	    0.05	 3259.89	 1645.21	 1598.67	 4410.42	 1927.01	  742.01
14	13	    0.00	    0.00	    0.00	    0.00	    0.00	    0.00	  199.58	  399.16	  481.36	 1764.19	    0.06	    0.00	    0.00	    0.00	 2503.19	  699.11	  933.76	   99.79	  689.69	  648.05	    0.20	  660.16	    0.00	    0.00
14	18	  300.03	    0.11	    0.01	  200.06	  100.02	    0.18	    0.02	    0.03	  400.13	 3346.23	  845.07	  300.05	  288.55	 2899.31	 5899.68	    0.05	    0.38	    0.01	    0.00	    0.05	  599.77	 2899.92	  899.98	  273.75
14	21	    0.00	    0.00	    0.00	  399.27	  296.74	    0.00	    0.00	    0.00	 1305.01	 5586.67	  722.51	    0.00	    0.00	  456.91	 5024.53	    0.22	 2522.00	    0.00	 2088.37	    0.00	    0.00	    0.00	    0.00	    0.00
15	7	    0.00	    0.00	    0.00	    0.00	    0.00	    0.00	    0.00	    0.00	    0.00	    0.25	    0.00	    0.00	    0.00	    0.26	    0.45	 6460.98	 1946.36	    0.33	    0.69	    1.00	    0.14	    0.16	    0.07	    0.04
15	9	    0.00	    0.05	    0.00	    0.00	    0.00	    0.07	 2395.59	    0.20	    0.00	    0.00	    0.00	    0.00	    0.00	    0.00	    0.00	 6480.86	    0.53	  899.69	    0.18	 1304.48	    0.00	    0.00	    0.00	    0.00
15	16	    0.35	  200.04	    0.01	    0.06	    0.02	  500.21	 1000.73	 1401.21	    0.11	    0.47	    0.08	    0.05	    0.00	    0.00	    0.00	 5966.58	    0.00	  600.29	    0.00	 1580.58	  336.92	    0.00	    0.00	  118.58
15	17	    0.11	    0.05	    0.00	    0.11	    0.03	    0.18	    0.00	    0.83	    0.33	 3549.70	  753.79	    0.12	    0.00	    0.02	    0.14	 7191.57	 3767.42	    0.00	    0.31	    0.00	    0.00	    0.00	    0.00	    0.00
16	9	    0.00	    0.00	    0.00	    0.00	    0.00	    0.00	    0.61	    0.00	    0.00	    0.00	    0.00	    0.00	    0.00	    0.00	    0.00	    1.48	 8097.90	    0.23	    0.00	    0.19	    0.00	    0.00	    0.00	    0.00
16	15	    0.00	    0.00	    0.00	    0.00	    0.00	    0.00	    0.00	    0.00	    0.00	    1.37	    0.26	    0.00	    0.00	  695.62	 1192.56	    0.00	 8514.20	    0.00	 1292.54	    0.00	    0.05	    0.10	    0.04	    0.02
16	18	    0.02	    0.07	    0.00	    0.02	    0.01	    0.25	    0.20	    1.32	    0.03	    0.15	    0.00	    0.00	    0.00	    0.00	    0.00	 3165.22	 6787.90	    0.11	    0.00	    0.00	    0.00	    0.00	    0.00	    0.00
17	6	    0.00	    0.00	    0.00	    0.00	    0.00	    0.00	    0.00	    0.00	    0.05	 1895.91	  498.61	    0.22	  398.38	  599.72	 1099.89	 1856.96	 1154.78	 1199.29	 1399.26	 3099.12	  700.12	 1299.77	  499.94	  299.97
17	15	   23.62	   28.06	    6.69	   25.29	   15.81	   65.50	 4796.32	  168.43	   13.06	    0.34	    0.11	   14.08	  599.53	    4.66	    8.02	    0.00	    0.11	 2000.30	    8.63	 4486.06	  937.01	 1200.06	  500.02	  418.60
17	19	  299.99	  299.76	    0.00	  299.99	  100.01	  999.35	 2994.54	 3998.65	  600.01	  954.21	  155.20	    0.06	    0.07	    0.00	    0.00	 4834.61	 2012.68	 1600.41	    0.00	    0.00	    0.00	    0.00	    0.00	    0.00
18	14	    0.00	    0.01	    0.00	    0.00	    0.00	  199.80	  699.54	  999.11	    0.00	    0.00	    0.00	    0.00	    0.00	    0.00	    0.00	 1899.51	 4956.12	  299.82	 6837.96	 3392.89	    0.15	    0.36	    0.15	    0.07
18	16	    0.04	    0.02	    0.01	    0.04	    0.02	    0.00	    0.00	    0.00	    0.08	    0.34	    0.37	    0.05	    0.09	 1395.57	 2692.45	    0.00	    0.00	    0.00	 2992.48	  119.48	  263.09	 1699.97	  599.99	  181.42
18	19	    0.02	    0.00	    0.00	    0.03	    0.02	    0.02	    0.00	    0.00	    0.09	 1546.03	  444.71	    0.00	    0.00	 1203.76	 2407.24	    0.00	  132.16	    0.00	 2969.57	    0.00	    0.00	    0.00	    0.00	    0.00
19	17	    0.00	    0.00	    0.00	    0.00	    0.00	    0.00	    0.00	    0.00	    0.00	    0.20	    0.01	    2.19	 1097.87	  704.35	 1307.78	    0.00	    0.13	    0.00	 1707.59	 7985.18	 1737.12	 2799.82	 1099.96	  718.57
19	18	    0.00	   99.85	    0.00	    0.00	    0.00	  399.39	 1099.33	 1697.77	    0.00	    0.00	    0.00	    0.00	   11.54	    0.01	    0.00	   34.24	    0.00	  599.70	    0.00	 4712.32	   63.46	    0.40	    0.16	    7.74
19	20	    0.00	    0.00	    0.00	    0.01	    0.02	  100.02	  694.91	  600.46	    0.05	    0.05	    0.02	    0.01	    0.02	    0.02	    0.03	 1500.13	  444.68	  200.60	   62.07	 2700.84	    0.00	    0.07	    0.03	    0.02
19	21	    0.00	   99.91	    0.00	    0.02	    0.01	  199.96	  700.30	  800.43	    0.05	    0.20	    0.04	    0.00	    0.00	    0.00	    0.15	 1700.24	    0.10	  400.10	    0.07	 3101.66	    0.16	    0.00	    0.00	    0.00
20	19	    0.00	    0.00	    0.00	    0.00	    0.00	    0.00	    0.00	    0.00	    0.00	    0.10	    0.02	  402.11	 1709.27	    0.08	    0.16	    0.00	    0.07	    0.00	    0.17	    0.00	 3000.75	    0.22	    0.94	 1126.04
20	21	  258.52	    0.06	   64.63	    0.20	    0.00	    0.03	    0.06	    0.07	    0.00	    0.00	    0.00	  452.40	 1444.39	    0.00	    0.00	    0.15	    0.00	    0.03	    0.00	    0.38	 4800.18	    0.00	    0.00	 1595.09
20	23	    0.00	    0.00	    0.00	    0.00	    0.00	    0.02	  494.86	  200.39	    0.57	  484.50	    0.00	    0.00	    0.00	    0.00	  668.20	  900.06	  202.13	  100.57	  245.71	 1500.46	 3199.07	 2308.47	    0.00	    0.00
21	14	    0.00	    0.00	    0.00	    0.00	    0.00	    0.01	    0.06	    0.08	    0.00	    0.00	    0.00	    0.06	  876.61	    0.00	    0.00	    0.15	    0.00	    0.03	    0.00	    0.42	 2998.50	10570.14	 2640.06	 1295.28
21	19	    0.00	    0.00	    0.00	    0.00	    0.00	    0.00	    0.00	    0.00	    0.00	    0.10	    0.14	    0.03	    0.10	    0.55	    0.57	    0.00	    0.00	    0.00	    0.00	    0.00	    0.00	 5200.07	 1799.21	    0.28
21	20	    0.01	    0.00	    0.00	    0.02	   96.79	    0.00	    0.00	    0.00	  300.52	 1684.55	    2.09	    0.03	    0.00	    0.66	 1468.33	    0.07	  357.52	    0.00	  583.80	    0.00	    0.00	 4108.62	    0.44	    0.00
21	22	    0.00	    0.00	    0.00	    0.00	    0.00	    0.01	  200.30	  300.42	  304.54	 1302.22	    0.00	    0.00	    0.00	    0.00	  955.79	  500.39	  464.58	  100.11	  304.64	  701.62	    1.85	 4521.17	    0.00	    0.00
22	13	    0.08	    0.03	    0.03	    0.02	    0.00	    0.00	    0.48	    0.81	    0.00	    0.00	    0.00	    0.41	  622.10	    0.00	    0.00	    0.89	    0.00	    0.23	    0.01	    2.22	  798.40	 1129.40	 4657.82	 1178.39
22	21	  141.50	    0.03	   35.37	    0.53	    0.05	    0.02	    0.00	    0.00	    0.00	    0.00	  379.67	  247.72	  732.32	  744.30	    0.00	    0.00	    0.00	    0.00	    0.00	    0.00	    0.00	    0.00	 6539.71	  800.47
22	23	    0.01	    0.00	    0.00	    0.02	    0.00	    0.01	    0.13	    0.07	    0.44	  315.50	  997.16	    0.00	    0.00	 1336.66	  411.33	    0.27	   98.03	    0.03	  145.52	    0.46	    0.05	 1291.85	 3302.48	    0.00
23	12	    0.00	    0.00	    0.00	    0.00	    0.00	    0.00	  394.68	    0.00	    0.00	    0.00	    0.00	    0.00	    0.00	  537.26	  679.53	  599.55	    0.16	  100.44	  291.23	 1099.86	 1202.52	 2500.23	 1902.00	 1800.02
23	20	  358.50	    0.06	   64.63	  200.17	    3.19	    0.03	    0.00	    0.00	    0.00	    0.00	  397.92	 1154.47	 3753.63	  399.40	    0.00	    0.00	    0.00	    0.00	    0.00	    0.00	    0.00	    0.00	  700.48	 3221.12
23	22	  441.49	    0.04	  135.38	    1.17	    0.23	    0.23	    0.31	    0.46	    0.00	    0.00	    0.05	  947.93	 2154.43	    0.00	    0.00	    0.77	    0.00	    0.15	    0.00	    1.07	 1496.61	    0.08	    0.00	 2678.87
