0.000000000000000000e+00 1.000000000000000000e+00 4.539260034389551038e+03
0.000000000000000000e+00 2.000000000000000000e+00 7.741880452535077893e+03
1.000000000000000000e+00 0.000000000000000000e+00 4.542021662070194907e+03
1.000000000000000000e+00 5.000000000000000000e+00 5.979780036587738323e+03
2.000000000000000000e+00 0.000000000000000000e+00 7.739118824854428567e+03
2.000000000000000000e+00 3.000000000000000000e+00 1.401594587090030836e+04
2.000000000000000000e+00 1.100000000000000000e+01 1.005598230891261483e+04
3.000000000000000000e+00 2.000000000000000000e+00 1.407243983850794757e+04
3.000000000000000000e+00 4.000000000000000000e+00 1.801480527988753965e+04
3.000000000000000000e+00 1.000000000000000000e+01 5.211001450848603781e+03
4.000000000000000000e+00 3.000000000000000000e+00 1.807340558952662468e+04
4.000000000000000000e+00 5.000000000000000000e+00 8.801110395784457069e+03
4.000000000000000000e+00 8.000000000000000000e+00 1.574735103363520284e+04
5.000000000000000000e+00 1.000000000000000000e+00 5.982541664268379463e+03
5.000000000000000000e+00 4.000000000000000000e+00 8.798966014064673800e+03
5.000000000000000000e+00 7.000000000000000000e+00 1.253975694139655207e+04
6.000000000000000000e+00 7.000000000000000000e+00 1.212767717833360075e+04
6.000000000000000000e+00 1.700000000000000000e+01 1.602938063525842153e+04
7.000000000000000000e+00 5.000000000000000000e+00 1.254037418735742358e+04
7.000000000000000000e+00 6.000000000000000000e+00 1.214146144131451183e+04
7.000000000000000000e+00 8.000000000000000000e+00 6.901871704301604041e+03
7.000000000000000000e+00 1.500000000000000000e+01 8.419742953360670072e+03
8.000000000000000000e+00 4.000000000000000000e+00 1.580809572499404567e+04
8.000000000000000000e+00 7.000000000000000000e+00 6.920829314107914797e+03
8.000000000000000000e+00 9.000000000000000000e+00 2.162418103815705399e+04
9.000000000000000000e+00 8.000000000000000000e+00 2.180388333932222667e+04
9.000000000000000000e+00 1.000000000000000000e+01 1.774306650374768287e+04
9.000000000000000000e+00 1.400000000000000000e+01 2.328351995230647299e+04
9.000000000000000000e+00 1.500000000000000000e+01 1.111479017310839845e+04
9.000000000000000000e+00 1.600000000000000000e+01 7.701218910376681379e+03
1.000000000000000000e+01 3.000000000000000000e+00 5.308895108817174332e+03
1.000000000000000000e+01 9.000000000000000000e+00 1.758166041310862056e+04
1.000000000000000000e+01 1.100000000000000000e+01 8.356769289408030090e+03
1.000000000000000000e+01 1.300000000000000000e+01 9.811245276104109507e+03
1.100000000000000000e+01 2.000000000000000000e+00 9.996726713624326294e+03
1.100000000000000000e+01 1.000000000000000000e+01 8.385528470435032432e+03
1.100000000000000000e+01 1.200000000000000000e+01 1.231455775080874628e+04
1.200000000000000000e+01 1.100000000000000000e+01 1.238406133654747464e+04
1.200000000000000000e+01 2.300000000000000000e+01 1.113122052328155587e+04
1.300000000000000000e+01 1.000000000000000000e+01 9.818973662406615404e+03
1.300000000000000000e+01 1.400000000000000000e+01 9.044045846492081182e+03
1.300000000000000000e+01 2.200000000000000000e+01 8.413890307214620407e+03
1.400000000000000000e+01 9.000000000000000000e+00 2.315315690513490335e+04
1.400000000000000000e+01 1.300000000000000000e+01 9.066234966619080296e+03
1.400000000000000000e+01 1.800000000000000000e+01 1.930362958486952630e+04
1.400000000000000000e+01 2.100000000000000000e+01 1.842809724568185629e+04
1.500000000000000000e+01 7.000000000000000000e+00 8.415186852496131905e+03
1.500000000000000000e+01 9.000000000000000000e+00 1.108674855731615753e+04
1.500000000000000000e+01 1.600000000000000000e+01 1.183002472739341647e+04
1.500000000000000000e+01 1.700000000000000000e+01 1.535422744857342150e+04
1.600000000000000000e+01 9.000000000000000000e+00 8.100731965144703281e+03
1.600000000000000000e+01 1.500000000000000000e+01 1.163940552373063292e+04
1.600000000000000000e+01 1.800000000000000000e+01 9.845360456822343622e+03
1.700000000000000000e+01 6.000000000000000000e+00 1.601559637227752137e+04
1.700000000000000000e+01 1.500000000000000000e+01 1.551224893557946780e+04
1.700000000000000000e+01 1.900000000000000000e+01 1.902934381324093192e+04
1.800000000000000000e+01 1.400000000000000000e+01 1.911862662104626725e+04
1.800000000000000000e+01 1.600000000000000000e+01 1.005425430792755469e+04
1.800000000000000000e+01 1.900000000000000000e+01 8.738863410518490127e+03
1.900000000000000000e+01 1.700000000000000000e+01 1.907358103726607806e+04
1.900000000000000000e+01 1.800000000000000000e+01 8.762754297800442146e+03
1.900000000000000000e+01 2.000000000000000000e+01 6.251988734654828477e+03
1.900000000000000000e+01 2.100000000000000000e+01 7.003598167997426572e+03
2.000000000000000000e+01 1.900000000000000000e+01 6.221553479288849303e+03
2.000000000000000000e+01 2.100000000000000000e+01 8.639275129305813607e+03
2.000000000000000000e+01 2.300000000000000000e+01 1.028972913335886915e+04
2.100000000000000000e+01 1.400000000000000000e+01 1.840492628246054301e+04
2.100000000000000000e+01 1.900000000000000000e+01 7.002161534670485707e+03
2.100000000000000000e+01 2.000000000000000000e+01 8.640328228668169686e+03
2.100000000000000000e+01 2.200000000000000000e+01 9.653098048652540456e+03
2.200000000000000000e+01 1.300000000000000000e+01 8.399429573390112637e+03
2.200000000000000000e+01 2.100000000000000000e+01 9.629543551466658755e+03
2.200000000000000000e+01 2.300000000000000000e+01 7.906729934186966602e+03
2.300000000000000000e+01 1.200000000000000000e+01 1.110072410902028605e+04
2.300000000000000000e+01 2.000000000000000000e+01 1.025824077863053753e+04
2.300000000000000000e+01 2.200000000000000000e+01 7.868714703176582589e+03
