i	j	       0	       1	       2	       3	       4	       5	       6	       7	       8	       9	      10	      11	      12	      13	      14	      15	      16	      17	      18	      19	      20	      21	      22	      23
0	1	 2600.38	    0.00	  265.91	  199.98	   17.86	    0.00	    0.01	    0.02	   35.71	  107.17	  199.98	  463.33	  458.51	  100.00	   17.87	    0.02	    0.04	    0.00	    0.06	    0.00	    0.01	    0.12	    0.11	   29.47
0	2	 6199.62	 1149.89	    0.00	    0.00	    0.00	  239.03	  142.86	  248.55	    0.00	    0.00	    0.00	    0.00	    0.00	    0.00	    0.00	  105.25	    0.00	   35.26	    0.00	    0.02	    0.00	    0.00	    0.00	    0.00
1	0	    0.00	 1249.89	    0.00	    0.00	    0.00	  539.03	  642.83	 1048.51	    0.00	    0.00	    0.00	    0.00	    0.00	    0.00	    0.00	  605.23	    0.51	  135.25	    0.03	  300.01	    0.00	    0.00	    0.00	    0.00
1	5	 2500.38	 2750.11	  165.91	    0.00	    0.00	    0.00	    0.00	    0.00	    0.00	    0.00	    0.00	  363.33	  158.51	    0.00	    0.00	    0.00	    0.00	    0.00	    0.00	    0.00	    0.01	    0.03	    0.11	   29.47
2	0	    0.00	    0.00	  365.91	  699.98	  217.86	    0.00	    0.03	    0.05	  535.71	 1407.17	  699.98	  663.33	  958.51	  400.00	  517.87	    0.04	  399.53	    0.00	  300.04	    0.02	  100.01	  400.12	  300.11	  129.47
2	3	 4499.49	  649.77	 1934.03	    0.00	    0.00	    0.00	    0.00	    0.00	    0.00	    0.00	    0.00	 3767.70	 2495.53	    0.09	    0.00	    0.00	    0.00	    0.00	    0.00	    0.00	  202.74	    0.46	    2.74	  470.29
2	11	 1600.12	  400.12	  500.06	 1602.45	  403.00	  500.60	  766.21	 1200.00	 1399.75	  671.48	    0.53	    0.00	    0.00	    0.18	   48.73	  533.69	  189.27	  199.34	   20.88	    0.07	    0.00	    0.00	    0.21	    0.00
3	2	    0.00	    0.00	    0.00	 2502.43	  720.86	  561.57	  723.38	 1151.50	 2035.46	 2378.65	  999.95	    0.00	    0.00	  499.84	  666.54	  628.47	  688.80	  164.08	  320.92	    0.07	    0.02	    0.10	    0.44	    0.01
3	4	 3195.81	  149.86	 1333.33	 6695.37	    0.00	    0.00	    0.00	    0.00	    0.00	    0.11	  906.96	 3167.21	 1895.29	  200.11	    0.08	    0.00	    0.01	    0.00	    0.02	    0.00	    2.80	    0.05	  199.95	  270.34
3	10	  803.69	  299.96	  400.70	 2402.20	  699.55	  599.42	    0.66	    3.23	    0.54	    0.17	    0.00	    0.49	    0.25	    0.07	    0.06	    0.12	    0.04	    0.06	    0.02	    0.03	    0.02	    0.05	    0.06	    0.03
4	3	    0.00	    0.05	    0.00	    0.00	 1920.40	 1560.99	 1124.05	 1854.74	 2736.00	 3578.46	    0.00	    0.00	    0.00	    0.00	 1165.34	 1428.59	 1188.43	  264.14	  520.38	  300.09	    0.03	  399.16	    0.00	    0.00
4	5	    0.00	    0.00	  529.66	 2129.08	 1258.15	    0.00	    0.02	    0.03	  564.44	 1292.76	  406.04	 1480.70	  582.53	  100.03	  281.90	    0.04	    0.04	    0.00	    0.02	    0.01	    0.01	    0.00	   99.88	   70.52
4	8	 2995.81	  899.94	  703.67	 4066.29	 2921.45	 1399.93	    0.02	    0.10	    0.00	    0.00	    0.92	 1486.52	 1112.75	    0.08	    0.00	    0.06	    0.00	    0.01	    0.00	    0.02	    0.00	    0.00	    0.07	  199.82
5	1	    0.00	    0.00	    0.00	    0.02	   82.14	  939.03	  842.82	 1448.50	  164.29	  492.83	    0.02	    0.00	    0.00	    0.01	   82.13	 1005.21	  200.47	  135.25	   99.96	  400.01	    0.00	   99.91	    0.00	    0.00
5	4	    0.00	  850.13	    0.00	    0.00	    0.00	 3160.93	 1023.73	 1805.57	    0.00	    0.00	    0.00	    0.00	    0.00	    0.00	    0.00	 1454.07	    0.07	  202.42	    0.03	  307.69	    0.05	    0.00	    0.00	    0.00
5	7	 2200.38	 1499.98	  395.57	 1729.06	  976.01	 3500.05	    0.00	    0.00	    0.15	    0.07	    6.02	 1644.03	  541.04	    0.02	    0.00	    0.00	    0.00	    0.00	    0.00	    0.00	    0.00	    0.00	    0.00	    0.00
6	7	    0.00	    0.00	    0.00	    0.00	    0.00	    0.00	 4169.84	    0.00	    0.00	    0.00	    0.00	    0.00	    0.00	  399.87	  600.04	  396.58	  138.88	  999.63	  999.67	 2600.22	  500.25	  799.85	  299.99	  200.01
6	17	  431.00	  337.19	    8.50	  431.89	  119.96	  986.89	 7930.16	 4522.66	  820.14	    0.68	    0.15	  222.02	    0.01	    0.00	    0.00	    0.00	    0.03	    0.00	    0.00	    0.00	    0.00	    0.00	    0.00	    0.00
7	5	    0.00	    0.00	    0.00	    0.00	    0.00	    0.00	 2266.54	 4054.03	    0.00	    0.13	    0.00	    0.00	    0.00	    0.00	    0.23	 3359.25	  700.50	  437.67	  299.97	 1007.68	  100.04	  299.88	    0.00	    0.01
7	6	  931.00	  537.19	  108.50	  831.89	  319.96	 1386.89	    0.00	 5522.66	 1420.09	    1.96	    0.38	  922.02	   66.61	    0.00	    0.00	    0.00	    0.12	    0.00	    0.00	    0.00	    0.00	    0.00	    0.00	    0.00
7	8	    0.00	    0.00	    0.00	    0.00	    0.00	    0.00	  903.50	 3745.87	    0.00	    0.00	    0.00	    0.00	    0.00	    0.00	    0.00	 1276.70	    0.00	  262.01	    0.00	  692.67	    0.23	    0.00	    0.00	    0.00
7	15	  469.46	  562.83	  173.27	  682.17	  426.31	 1313.25	    0.00	 3377.44	  892.60	    0.00	    0.26	  483.05	    0.22	    0.00	    0.00	    0.00	    0.00	    0.00	    0.00	    0.00	    0.00	    0.00	    0.00	    0.00
8	4	    0.00	    0.00	    0.00	    0.00	    0.00	    0.00	  300.36	  549.30	 4100.44	 5871.11	    0.00	    0.00	    0.00	    0.00	 1647.16	  474.62	 1388.39	   61.73	  620.35	   92.44	   97.19	  599.11	    0.00	    0.00
8	7	    0.08	    0.04	   86.20	  485.00	  270.27	    0.10	    0.00	    0.00	 3112.54	 1601.75	  794.62	  361.05	  125.78	    0.00	    0.00	    0.00	    0.24	    0.00	    0.00	    0.00	    0.00	    0.00	    0.00	    0.00
8	9	 2495.73	  699.89	  517.47	 2881.29	 1851.18	  999.84	    3.23	 2396.67	 8987.02	    0.00	    0.00	  525.53	  387.02	    0.00	    0.00	    0.26	    0.00	    0.31	    0.00	    0.38	    0.00	    0.00	    0.00	    0.00
9	8	    0.00	    0.00	    0.00	    0.00	    0.00	    0.00	    0.06	    0.00	    0.00	10272.86	 2193.70	    0.06	    0.06	  599.92	 2647.16	  598.12	 2288.63	    0.02	 1020.35	    0.13	  396.96	 1299.11	  499.93	    0.18
9	10	    0.00	    0.00	    0.00	    0.00	    0.00	    0.00	  499.15	  796.77	 1722.32	 8411.52	    0.00	    0.00	    0.00	    0.00	 1343.85	 1566.35	 1910.19	  199.81	  444.63	  320.66	    1.56	  509.78	    0.00	    0.00
9	14	  799.93	   99.93	   99.99	 1099.56	  597.45	  199.87	    0.00	    0.00	 3077.39	14583.79	 1905.31	  660.35	    2.85	    0.00	    0.00	    0.00	    0.85	    0.00	    0.00	    0.00	    0.00	    0.00	    0.00	    0.00
9	15	    0.00	    0.00	   18.25	   86.07	   53.79	    0.00	    0.00	    0.00	  487.48	 8031.07	 2173.84	  194.97	    0.11	    0.00	    0.00	    0.00	    0.00	    0.00	    0.00	    0.00	    0.00	    0.00	    0.00	    0.00
9	16	  399.51	    0.02	   99.97	  499.83	  199.93	    0.04	    0.09	    0.12	  899.83	 3900.75	  999.73	  599.80	  499.83	    0.06	    0.13	    0.12	    0.00	    0.05	    0.07	    0.15	    0.05	    0.15	    0.05	    0.03
10	3	    0.00	    0.00	    0.00	    0.00	    0.00	    0.00	    0.00	    0.00	    0.00	    0.47	 3406.91	    0.00	    0.00	 1199.92	    1.34	    0.00	    0.43	    0.00	    0.58	    0.00	    0.06	    0.57	  697.71	    0.08
10	9	    3.72	    0.00	    0.74	    4.16	    0.00	    0.00	    0.00	    0.00	    0.00	    0.00	11172.58	 2929.66	 2015.83	 1096.09	    0.00	    0.00	    0.00	    0.00	    0.00	    0.00	    0.17	    0.00	  334.09	   47.82
10	11	    0.00	    0.00	    0.00	    0.00	    0.00	    0.00	    0.00	    0.00	    0.11	 3228.57	 2400.18	    0.00	    0.00	  720.23	  657.56	  166.67	  910.56	    0.02	  281.79	    0.00	    0.00	    0.04	    0.04	    0.00
10	13	  300.08	  100.00	  100.01	  998.12	  199.57	  199.49	    0.00	    0.00	  322.75	 1182.65	 5320.34	 1039.35	   17.22	    0.00	    0.00	    0.00	    0.04	    0.00	    0.00	    0.00	    0.00	    0.00	    0.00	    0.00
11	2	    0.00	    0.00	    0.00	    0.00	    0.00	    0.00	    0.00	    0.00	    0.00	    0.00	    0.56	 4631.03	 3554.04	    0.43	    0.06	    0.00	    0.00	    0.00	    0.00	    0.00	  302.74	  500.48	  402.62	  599.74
11	10	    0.11	    0.04	    0.06	    0.09	    0.03	    0.07	    0.00	    0.00	    0.00	    0.00	    0.00	 5368.52	 3032.80	    0.00	    0.00	    0.00	    0.00	    0.00	    0.00	    0.00	    0.25	    0.00	    0.00	    0.45
11	12	 1400.01	  300.08	  300.00	 1002.37	  202.97	  300.53	   66.27	  600.00	  799.86	 1900.05	 1000.14	 3900.45	    0.00	   20.27	    6.23	    0.84	  499.83	    0.06	    2.67	    0.00	    0.00	    0.00	    0.11	    0.00
12	11	    0.00	    0.00	    0.00	    0.00	    0.00	    0.00	    0.07	    0.00	    0.00	    0.00	    0.00	    0.00	 7886.84	    0.29	    0.00	    0.49	    0.00	    0.71	    0.00	  499.93	  602.98	 1200.44	 1102.48	 1100.19
12	23	  900.01	    0.08	  200.00	  402.37	    2.97	  100.53	    0.00	    0.00	  199.86	    0.05	    0.14	 2600.45	 6713.16	    0.00	    0.00	    0.00	    0.00	    0.00	    0.00	    0.00	    0.00	    0.00	    0.00	    0.00
13	10	    0.00	    0.00	    0.00	    0.00	    0.00	    0.00	    0.18	    0.00	    0.00	    0.00	    0.00	    0.00	    0.00	 4616.18	  714.99	    0.20	    0.80	    0.15	  237.73	  279.31	  398.40	  590.79	 2331.79	  647.43
13	14	    0.10	    0.01	    0.02	    0.13	    0.02	    0.01	    0.00	    0.00	    0.00	    0.00	 1026.58	  339.64	  100.96	 6265.35	    0.00	    0.00	    0.00	    0.00	    0.00	    0.00	    0.00	    0.00	 1171.70	  133.38
13	22	    0.00	    0.00	    0.00	  498.01	   99.56	   99.49	    0.00	    0.00	  195.27	  802.04	 2693.82	    0.00	    0.00	 3218.48	  432.59	    0.00	  221.26	    0.00	  134.83	    0.00	    0.00	    0.00	    0.00	    0.00
14	9	    0.00	    0.00	    0.00	    0.00	    0.00	    0.00	    0.08	    0.00	    0.00	    0.00	    0.00	    0.00	    0.00	 1603.89	 7991.14	    0.31	    0.80	    0.09	 3264.84	 1606.67	 1598.40	 4409.04	 1965.89	  752.39
14	13	    0.00	    0.00	    0.00	    0.00	    0.00	    0.00	  199.80	  399.30	  472.52	 1719.39	    0.07	    0.00	    0.00	    0.00	 2447.58	  699.80	  922.02	   99.93	  672.54	  778.00	    0.00	  669.15	    0.00	    0.00
14	18	  300.03	    0.05	    0.01	  200.07	  100.03	    0.09	    0.02	    0.03	  400.15	 3266.55	  825.31	  300.06	  277.88	 2897.01	 5899.98	    0.06	    0.44	    0.01	    0.00	    0.05	  554.12	 2899.91	  899.98	  260.93
14	21	    0.00	    0.00	    0.00	  399.61	  297.44	    0.00	    0.00	    0.00	 1304.72	 5597.85	  706.51	    0.00	    0.00	  464.45	 5061.29	    0.24	 2488.16	    0.00	 2085.10	    0.00	    0.00	    0.00	    0.00	    0.00
15	7	    0.00	    0.00	    0.00	    0.00	    0.00	    0.00	    0.21	    0.00	    0.00	    0.28	    0.00	    0.00	    0.00	    0.11	    0.19	 6439.37	 1961.49	    0.05	    0.31	    0.13	    0.02	    0.03	    0.01	    0.01
15	9	    0.00	    0.06	    0.00	    0.00	    0.00	    0.07	 2395.85	    0.22	    0.00	    0.00	    0.00	    0.00	    0.00	    0.00	    0.00	 6562.86	    0.60	  899.44	    0.21	 1213.73	    0.00	    0.00	    0.00	    0.00
15	16	    0.48	  200.02	    0.02	    0.14	    0.06	  500.02	 1000.29	 1400.30	    0.12	    0.53	    0.09	    0.14	    0.07	    0.00	    0.00	 5959.45	    0.00	  600.13	    0.00	 1552.52	  347.81	    0.00	    0.00	  124.73
15	17	    0.04	    0.02	    0.00	    0.04	    0.01	    0.07	    0.00	    0.41	    0.21	 3632.15	  774.29	    0.07	    0.00	    0.03	    0.16	 7138.32	 3747.22	    0.00	    0.16	    0.00	    0.00	    0.00	    0.00	    0.00
16	9	    0.00	    0.00	    0.00	    0.00	    0.00	    0.00	    0.15	    0.00	    0.00	    0.00	    0.00	    0.00	    0.00	    0.00	    0.00	    1.16	 8098.27	    0.06	    0.00	    0.15	    0.00	    0.00	    0.00	    0.00
16	15	    0.00	    0.00	    0.00	    0.00	    0.00	    0.00	    0.00	    0.00	    0.00	    1.49	    0.16	    0.00	    0.00	  692.26	 1186.86	    0.00	 8509.19	    0.00	 1286.13	    0.00	    0.06	    0.11	    0.05	    0.03
16	18	    0.03	    0.03	    0.00	    0.02	    0.01	    0.07	    0.23	    0.43	    0.04	    0.17	    0.00	    0.00	    0.00	    0.00	    0.00	 3158.41	 6792.54	    0.13	    0.00	    0.00	    0.00	    0.00	    0.00	    0.00
17	6	    0.00	    0.00	    0.00	    0.00	    0.00	    0.00	    0.00	    0.00	    0.06	 1898.72	  499.76	    0.00	  333.41	  599.87	 1100.04	 1796.58	 1138.80	 1199.63	 1399.67	 3100.22	  700.25	 1299.85	  499.99	  300.01
17	15	   31.06	   37.25	    8.50	   31.94	   19.96	   86.92	 4796.34	  223.50	   20.25	    0.39	    0.12	   22.19	  599.74	    7.88	   13.50	    0.00	    0.12	 1999.62	   14.55	 4366.38	  947.77	 1199.92	  499.97	  424.71
17	19	  299.99	  299.95	    0.00	  299.99	  100.01	  800.05	 2933.82	 3999.57	  600.04	 1033.94	  174.70	    0.07	    0.00	    0.00	    0.00	 4841.74	 2008.48	 1600.75	    0.00	    0.00	    0.00	    0.00	    0.00	    0.00
18	14	    0.00	    0.11	    0.00	    0.00	    0.00	    0.22	  699.48	  998.91	    0.00	    0.00	    0.00	    0.00	    0.00	    0.00	    0.00	 1900.18	 4910.57	  299.86	 6822.48	 3483.67	    0.17	    0.40	    0.17	    0.07
18	16	    0.04	    0.00	    0.01	    0.05	    0.02	    0.00	    0.00	    0.00	    0.09	    0.38	    0.34	    0.06	    0.09	 1392.20	 2686.72	    0.00	    0.00	    0.00	 2986.05	  147.48	  252.20	 1699.96	  599.99	  175.27
18	19	    0.02	    0.00	    0.00	    0.04	    0.02	    0.03	    0.00	    0.00	    0.10	 1466.34	  424.97	    0.00	    0.00	 1204.82	 2413.26	    0.00	  182.41	    0.00	 2991.46	    0.00	    0.00	    0.00	    0.00	    0.00
19	17	    0.00	    0.00	    0.00	    0.00	    0.00	    0.00	    0.00	    0.00	    0.00	    0.22	    0.15	    0.17	 1033.13	  707.72	 1313.37	    0.00	    0.15	    0.00	 1714.05	 7866.61	 1748.02	 2799.77	 1099.96	  724.72
19	18	    0.00	  100.03	    0.00	    0.00	    0.00	  200.08	 1099.23	 1698.45	    0.00	    0.00	    0.00	    0.00	   22.22	    0.01	    0.00	   41.71	    0.00	  599.72	    0.00	 4831.09	   98.25	    0.46	    0.18	   14.41
19	20	    0.00	    0.00	    0.00	    0.01	    0.02	  100.01	  634.13	  600.42	    0.08	    0.05	    0.02	    0.01	    0.03	    0.02	    0.03	 1500.32	  490.51	  200.85	   77.52	 2701.26	    0.00	    0.08	    0.03	    0.02
19	21	    0.00	   99.92	    0.00	    0.02	    0.01	  199.98	  700.46	  800.70	    0.06	    0.23	    0.05	    0.00	    0.00	    0.00	    0.17	 1699.72	    0.31	  400.18	    0.08	 3101.04	    0.19	    0.00	    0.00	    0.00
20	19	    0.00	    0.00	    0.00	    0.00	    0.00	    0.00	    0.00	    0.00	    0.00	    0.11	    0.03	  400.08	 1655.18	    0.09	    0.18	    0.00	    0.08	    0.00	    0.19	    0.00	 3046.45	    0.23	    0.26	 1138.82
20	21	  263.56	    0.07	   65.89	    0.00	    0.00	    0.03	    0.11	    0.13	    0.00	    0.00	    0.00	  461.22	 1464.46	    0.00	    0.00	    0.28	    0.00	    0.07	    0.00	    0.63	 4754.33	    0.00	    0.00	 1607.67
20	23	    0.00	    0.00	    0.00	    0.00	    0.00	    0.02	  434.03	  200.32	    0.13	  487.00	    0.00	    0.00	    0.00	    0.00	  679.71	  900.15	  213.54	  100.80	  252.03	 1500.70	 3199.22	 2338.86	    0.00	    0.00
21	14	    0.00	    0.00	    0.00	    0.00	    0.00	    0.00	    0.42	    0.42	    0.00	    0.00	    0.00	    0.06	  874.07	    0.00	    0.00	    0.24	    0.00	    0.17	    0.00	    1.06	 2952.36	10577.69	 2694.00	 1279.87
21	19	    0.00	    0.00	    0.00	    0.00	    0.00	    0.00	    0.00	    0.00	    0.00	    0.10	    0.52	    0.03	    0.19	    2.84	    0.15	    0.00	    0.00	    0.00	    0.00	    0.00	    0.00	 5200.07	 1799.91	    0.33
21	20	    0.00	    0.00	    0.00	    0.03	   97.49	    0.00	    0.01	    0.02	  300.04	 1687.06	    1.96	    0.00	    0.00	    0.73	 1479.85	    0.12	  323.11	    0.01	  574.70	    0.07	    0.00	 4139.01	    1.01	    0.00
21	22	    0.00	    0.00	    0.00	    0.00	    0.00	    0.01	  200.14	  300.38	  304.74	 1310.91	    0.00	    0.00	    0.00	    0.00	  981.46	  499.89	  465.36	  100.07	  310.48	  700.54	    2.16	 4483.23	    0.00	    0.00
22	13	    0.01	    0.00	    0.00	    0.02	    0.00	    0.00	    0.38	    0.70	    0.00	    0.00	    0.00	    0.29	  683.74	    0.00	    0.00	    0.39	    0.00	    0.22	    0.01	    1.31	  798.40	 1121.64	 4603.49	 1180.81
22	21	  136.44	    0.01	   34.11	    0.40	    0.04	    0.00	    0.00	    0.00	    0.00	    0.00	  395.92	  238.87	  709.80	  739.11	    0.00	    0.00	    0.00	    0.00	    0.00	    0.00	    0.00	    0.00	 6594.93	  772.53
22	23	    0.00	    0.00	    0.00	    0.00	    0.00	    0.00	    0.01	    0.03	    0.01	  312.95	  997.96	    0.00	    0.00	 1379.36	  414.05	    0.07	   86.63	    0.00	  145.29	    0.17	    0.06	 1263.22	 3301.59	    0.00
23	12	    0.00	    0.00	    0.00	    0.00	    0.00	    0.00	  333.79	    0.00	    0.00	    0.00	    0.00	    0.00	    0.00	  580.02	  693.77	  599.65	    0.17	  100.64	  297.33	 1099.93	 1202.98	 2500.44	 1902.37	 1800.19
23	20	  363.55	    0.06	   65.89	  199.96	    2.49	    0.04	    0.00	    0.00	    0.00	    0.00	  398.05	 1161.29	 3719.61	  399.34	    0.00	    0.00	    0.00	    0.00	    0.00	    0.00	    0.00	    0.00	  699.22	 3246.47
23	22	  436.46	    0.02	  134.12	    2.40	    0.48	    0.50	    0.25	    0.34	    0.00	    0.00	    0.06	  939.16	 2193.55	    0.00	    0.00	    0.58	    0.00	    0.16	    0.00	    0.94	 1496.30	    1.63	    0.00	 2653.34
