0.000000000000000000e+00 1.000000000000000000e+00 4.509043940154513621e+03
0.000000000000000000e+00 2.000000000000000000e+00 8.133822733632809104e+03
1.000000000000000000e+00 0.000000000000000000e+00 4.534746219041658151e+03
1.000000000000000000e+00 5.000000000000000000e+00 5.961707631038617365e+03
2.000000000000000000e+00 0.000000000000000000e+00 8.108120454745680945e+03
2.000000000000000000e+00 3.000000000000000000e+00 1.397703093910025018e+04
2.000000000000000000e+00 1.100000000000000000e+01 9.989122083509748336e+03
3.000000000000000000e+00 2.000000000000000000e+00 1.400064647117217828e+04
3.000000000000000000e+00 4.000000000000000000e+00 1.797557123100032186e+04
3.000000000000000000e+00 1.000000000000000000e+01 5.211046841619014231e+03
4.000000000000000000e+00 3.000000000000000000e+00 1.800111229010752504e+04
4.000000000000000000e+00 5.000000000000000000e+00 8.796453073562826830e+03
4.000000000000000000e+00 8.000000000000000000e+00 1.572674481412715613e+04
5.000000000000000000e+00 1.000000000000000000e+00 5.987409909925760985e+03
5.000000000000000000e+00 4.000000000000000000e+00 8.804494479432201842e+03
5.000000000000000000e+00 7.000000000000000000e+00 1.250471100359249613e+04
6.000000000000000000e+00 7.000000000000000000e+00 1.214405873892969248e+04
6.000000000000000000e+00 1.700000000000000000e+01 1.583409206543799519e+04
7.000000000000000000e+00 5.000000000000000000e+00 1.253845468834899293e+04
7.000000000000000000e+00 6.000000000000000000e+00 1.208411369174982246e+04
7.000000000000000000e+00 8.000000000000000000e+00 6.924466306915936002e+03
7.000000000000000000e+00 1.500000000000000000e+01 8.397742091094094576e+03
8.000000000000000000e+00 4.000000000000000000e+00 1.574424446736498976e+04
8.000000000000000000e+00 7.000000000000000000e+00 6.877132432176089424e+03
8.000000000000000000e+00 9.000000000000000000e+00 2.224314824623185632e+04
9.000000000000000000e+00 8.000000000000000000e+00 2.231331402472980699e+04
9.000000000000000000e+00 1.000000000000000000e+01 1.774725105719038766e+04
9.000000000000000000e+00 1.400000000000000000e+01 2.309451885454846706e+04
9.000000000000000000e+00 1.500000000000000000e+01 1.103063037590936256e+04
9.000000000000000000e+00 1.600000000000000000e+01 8.100446169824748722e+03
1.000000000000000000e+01 3.000000000000000000e+00 5.309121314583739149e+03
1.000000000000000000e+01 9.000000000000000000e+00 1.762745139399589607e+04
1.000000000000000000e+01 1.100000000000000000e+01 8.404490620142943953e+03
1.000000000000000000e+01 1.300000000000000000e+01 9.767407537289915126e+03
1.100000000000000000e+01 2.000000000000000000e+00 9.939804272550689348e+03
1.100000000000000000e+01 1.000000000000000000e+01 8.445096598958409231e+03
1.100000000000000000e+01 1.200000000000000000e+01 1.229452101120794032e+04
1.200000000000000000e+01 1.100000000000000000e+01 1.238580917906435025e+04
1.200000000000000000e+01 2.300000000000000000e+01 1.112768231063982603e+04
1.300000000000000000e+01 1.000000000000000000e+01 9.805076368244686819e+03
1.300000000000000000e+01 1.400000000000000000e+01 9.044066714031456286e+03
1.300000000000000000e+01 2.200000000000000000e+01 8.397442174877585785e+03
1.400000000000000000e+01 9.000000000000000000e+00 2.315918036477404530e+04
1.400000000000000000e+01 1.300000000000000000e+01 9.087463454516288039e+03
1.400000000000000000e+01 1.800000000000000000e+01 1.903733490803256791e+04
1.400000000000000000e+01 2.100000000000000000e+01 1.840282163927733200e+04
1.500000000000000000e+01 7.000000000000000000e+00 8.418874603410587952e+03
1.500000000000000000e+01 9.000000000000000000e+00 1.105576815888536294e+04
1.500000000000000000e+01 1.600000000000000000e+01 1.167817931135534673e+04
1.500000000000000000e+01 1.700000000000000000e+01 1.535849222626060327e+04
1.600000000000000000e+01 9.000000000000000000e+00 8.100612318315634184e+03
1.600000000000000000e+01 1.500000000000000000e+01 1.166852815219857621e+04
1.600000000000000000e+01 1.800000000000000000e+01 9.952352083529623997e+03
1.700000000000000000e+01 6.000000000000000000e+00 1.589403711261786157e+04
1.700000000000000000e+01 1.500000000000000000e+01 1.541441368070988028e+04
1.700000000000000000e+01 1.900000000000000000e+01 1.901819250232360355e+04
1.800000000000000000e+01 1.400000000000000000e+01 1.906916897415334097e+04
1.800000000000000000e+01 1.600000000000000000e+01 9.942867072863728026e+03
1.800000000000000000e+01 1.900000000000000000e+01 8.674723354503263181e+03
1.900000000000000000e+01 1.700000000000000000e+01 1.903405900395275967e+04
1.900000000000000000e+01 1.800000000000000000e+01 8.697072409958116623e+03
1.900000000000000000e+01 2.000000000000000000e+01 6.312281434498501767e+03
1.900000000000000000e+01 2.100000000000000000e+01 7.003853170652214430e+03
2.000000000000000000e+01 1.900000000000000000e+01 6.251985013233459540e+03
2.000000000000000000e+01 2.100000000000000000e+01 8.617796818080203593e+03
2.000000000000000000e+01 2.300000000000000000e+01 1.031572500028803188e+04
2.100000000000000000e+01 1.400000000000000000e+01 1.837904582386699622e+04
2.100000000000000000e+01 1.900000000000000000e+01 7.002365149001266218e+03
2.100000000000000000e+01 2.000000000000000000e+01 8.606966912539948680e+03
2.100000000000000000e+01 2.200000000000000000e+01 9.667486616671209049e+03
2.200000000000000000e+01 1.300000000000000000e+01 8.391714265347512992e+03
2.200000000000000000e+01 2.100000000000000000e+01 9.631392874069648315e+03
2.200000000000000000e+01 2.300000000000000000e+01 7.900479340666491225e+03
2.300000000000000000e+01 1.200000000000000000e+01 1.111897047849623414e+04
2.300000000000000000e+01 2.000000000000000000e+01 1.026625848456325548e+04
2.300000000000000000e+01 2.200000000000000000e+01 7.858657688534858607e+03
