0.000000000000000000e+00 1.000000000000000000e+00 4.495942581643605990e+03
0.000000000000000000e+00 2.000000000000000000e+00 8.116620914419820110e+03
1.000000000000000000e+00 0.000000000000000000e+00 4.517970443250925200e+03
1.000000000000000000e+00 5.000000000000000000e+00 5.972252029734395364e+03
2.000000000000000000e+00 0.000000000000000000e+00 8.094593052812501810e+03
2.000000000000000000e+00 3.000000000000000000e+00 1.404313019163926583e+04
2.000000000000000000e+00 1.100000000000000000e+01 1.003113845878877146e+04
3.000000000000000000e+00 2.000000000000000000e+00 1.403400216632739830e+04
3.000000000000000000e+00 4.000000000000000000e+00 1.804183292903463371e+04
3.000000000000000000e+00 1.000000000000000000e+01 5.270877159203106203e+03
4.000000000000000000e+00 3.000000000000000000e+00 1.809437924149032551e+04
4.000000000000000000e+00 5.000000000000000000e+00 8.795414981400210308e+03
4.000000000000000000e+00 8.000000000000000000e+00 1.575582002450091750e+04
5.000000000000000000e+00 1.000000000000000000e+00 5.994279891341718212e+03
5.000000000000000000e+00 4.000000000000000000e+00 8.802413234616902628e+03
5.000000000000000000e+00 7.000000000000000000e+00 1.249161195689126907e+04
6.000000000000000000e+00 7.000000000000000000e+00 1.209842300565747246e+04
6.000000000000000000e+00 1.700000000000000000e+01 1.585378423387660041e+04
7.000000000000000000e+00 5.000000000000000000e+00 1.252063807171528970e+04
7.000000000000000000e+00 6.000000000000000000e+00 1.204849885622098191e+04
7.000000000000000000e+00 8.000000000000000000e+00 6.880037877728674175e+03
7.000000000000000000e+00 1.500000000000000000e+01 8.388081882624383070e+03
8.000000000000000000e+00 4.000000000000000000e+00 1.580136808373988788e+04
8.000000000000000000e+00 7.000000000000000000e+00 6.845051729695870563e+03
8.000000000000000000e+00 9.000000000000000000e+00 2.170921370880278482e+04
9.000000000000000000e+00 8.000000000000000000e+00 2.181977562000897160e+04
9.000000000000000000e+00 1.000000000000000000e+01 1.771936140071401314e+04
9.000000000000000000e+00 1.400000000000000000e+01 2.311812342648573394e+04
9.000000000000000000e+00 1.500000000000000000e+01 1.105570209405869355e+04
9.000000000000000000e+00 1.600000000000000000e+01 8.100376654528380641e+03
1.000000000000000000e+01 3.000000000000000000e+00 5.309202821435547776e+03
1.000000000000000000e+01 9.000000000000000000e+00 1.763343371406658480e+04
1.000000000000000000e+01 1.100000000000000000e+01 8.363259131923256064e+03
1.000000000000000000e+01 1.300000000000000000e+01 9.778460683262144812e+03
1.100000000000000000e+01 2.000000000000000000e+00 1.001823862249333433e+04
1.100000000000000000e+01 1.000000000000000000e+01 8.381911758071524673e+03
1.100000000000000000e+01 1.200000000000000000e+01 1.229348571433037068e+04
1.200000000000000000e+01 1.100000000000000000e+01 1.239923850418320217e+04
1.200000000000000000e+01 2.300000000000000000e+01 1.111301365795966012e+04
1.300000000000000000e+01 1.000000000000000000e+01 9.812206032698875788e+03
1.300000000000000000e+01 1.400000000000000000e+01 9.043273948333591761e+03
1.300000000000000000e+01 2.200000000000000000e+01 8.378981719314031579e+03
1.400000000000000000e+01 9.000000000000000000e+00 2.319775368931852063e+04
1.400000000000000000e+01 1.300000000000000000e+01 9.082238890050821283e+03
1.400000000000000000e+01 1.800000000000000000e+01 1.918324445171694242e+04
1.400000000000000000e+01 2.100000000000000000e+01 1.833929011198862281e+04
1.500000000000000000e+01 7.000000000000000000e+00 8.402169996044722211e+03
1.500000000000000000e+01 9.000000000000000000e+00 1.107261420991409068e+04
1.500000000000000000e+01 1.600000000000000000e+01 1.168247542503774639e+04
1.500000000000000000e+01 1.700000000000000000e+01 1.521809318421017269e+04
1.600000000000000000e+01 9.000000000000000000e+00 8.100323873693803762e+03
1.600000000000000000e+01 1.500000000000000000e+01 1.168658267999406962e+04
1.600000000000000000e+01 1.800000000000000000e+01 9.944783214988547115e+03
1.700000000000000000e+01 6.000000000000000000e+00 1.590370838331308914e+04
1.700000000000000000e+01 1.500000000000000000e+01 1.524498615852961302e+04
1.700000000000000000e+01 1.900000000000000000e+01 1.906405094338233539e+04
1.800000000000000000e+01 1.400000000000000000e+01 1.916990326228759295e+04
1.800000000000000000e+01 1.600000000000000000e+01 9.948837689110285282e+03
1.800000000000000000e+01 1.900000000000000000e+01 8.702320840360054717e+03
1.900000000000000000e+01 1.700000000000000000e+01 1.904086806713823171e+04
1.900000000000000000e+01 1.800000000000000000e+01 8.693034125052456147e+03
1.900000000000000000e+01 2.000000000000000000e+01 6.259486963013798231e+03
1.900000000000000000e+01 2.100000000000000000e+01 7.139880924570691604e+03
2.000000000000000000e+01 1.900000000000000000e+01 6.264772606985463426e+03
2.000000000000000000e+01 2.100000000000000000e+01 8.596881212921081897e+03
2.000000000000000000e+01 2.300000000000000000e+01 1.030603974639889930e+04
2.100000000000000000e+01 1.400000000000000000e+01 1.837122650596797394e+04
2.100000000000000000e+01 1.900000000000000000e+01 7.002125689047312335e+03
2.100000000000000000e+01 2.000000000000000000e+01 8.651047871670474706e+03
2.100000000000000000e+01 2.200000000000000000e+01 9.670942562992719104e+03
2.200000000000000000e+01 1.300000000000000000e+01 8.373762127033540310e+03
2.200000000000000000e+01 2.100000000000000000e+01 9.619290380198086496e+03
2.200000000000000000e+01 2.300000000000000000e+01 7.909284754910499032e+03
2.300000000000000000e+01 1.200000000000000000e+01 1.111876644781249706e+04
2.300000000000000000e+01 2.000000000000000000e+01 1.025715873162117896e+04
2.300000000000000000e+01 2.200000000000000000e+01 7.852412979835380611e+03
