i	j	o6d23l61
0	1	 4497.33
0	2	 8116.11
1	0	 4516.41
1	5	 5969.85
2	0	 8097.03
2	3	14021.24
2	11	10030.91
3	2	14040.97
3	4	18018.10
3	10	 5208.72
4	3	18039.79
4	5	 8795.81
4	8	15789.22
5	1	 5988.94
5	4	 8804.40
5	7	12492.76
6	7	12094.22
6	17	15835.89
7	5	12520.43
7	6	12047.06
7	8	 6877.31
7	15	 8386.91
8	4	15802.32
8	7	 6841.13
8	9	21748.08
9	8	21825.02
9	10	17726.57
9	14	23124.20
9	15	11048.22
9	16	 8100.56
10	3	 5306.76
10	9	17606.27
10	11	 8364.43
10	13	 9775.38
11	2	 9992.10
11	10	 8400.13
11	12	12296.08
12	11	12392.96
12	23	11120.17
13	10	 9817.42
13	14	 9037.66
13	22	 8384.69
14	9	23201.68
14	13	 9078.88
14	18	19069.74
14	21	18365.31
15	7	 8403.58
15	9	11067.15
15	16	11684.75
15	17	15318.96
16	9	 8101.38
16	15	11682.44
16	18	 9949.65
17	6	15883.06
17	15	15356.88
17	19	19030.27
18	14	19070.65
18	16	 9948.16
18	19	 8700.56
19	17	19015.35
19	18	 8699.97
19	20	 6264.15
19	21	 7102.96
20	19	 6249.69
20	21	 8609.19
20	23	10304.49
21	14	18383.10
21	19	 7001.92
21	20	 8643.93
21	22	 9667.88
22	13	 8385.51
22	21	 9619.37
22	23	 7910.62
23	12	11117.05
23	20	10255.29
23	22	 7862.93
