0.000000000000000000e+00 1.000000000000000000e+00 4.517261886083545505e+03
0.000000000000000000e+00 2.000000000000000000e+00 7.764803777629067554e+03
1.000000000000000000e+00 0.000000000000000000e+00 4.564025355629165460e+03
1.000000000000000000e+00 5.000000000000000000e+00 5.958670615479557455e+03
2.000000000000000000e+00 0.000000000000000000e+00 7.718040308083446689e+03
2.000000000000000000e+00 3.000000000000000000e+00 1.404735663976234900e+04
2.000000000000000000e+00 1.100000000000000000e+01 1.004969146181782889e+04
3.000000000000000000e+00 2.000000000000000000e+00 1.404076644781718824e+04
3.000000000000000000e+00 4.000000000000000000e+00 1.804522005522299150e+04
3.000000000000000000e+00 1.000000000000000000e+01 5.210201633993625364e+03
4.000000000000000000e+00 3.000000000000000000e+00 1.803998346391199811e+04
4.000000000000000000e+00 5.000000000000000000e+00 8.790747832708160786e+03
4.000000000000000000e+00 8.000000000000000000e+00 1.578882298387435367e+04
5.000000000000000000e+00 1.000000000000000000e+00 6.005434085025176500e+03
5.000000000000000000e+00 4.000000000000000000e+00 8.810257162397963839e+03
5.000000000000000000e+00 7.000000000000000000e+00 1.250770167526977275e+04
6.000000000000000000e+00 7.000000000000000000e+00 1.220100985943440901e+04
6.000000000000000000e+00 1.700000000000000000e+01 1.595397584586950143e+04
7.000000000000000000e+00 5.000000000000000000e+00 1.257397447450520667e+04
7.000000000000000000e+00 6.000000000000000000e+00 1.206716090765037006e+04
7.000000000000000000e+00 8.000000000000000000e+00 6.963337141553036417e+03
7.000000000000000000e+00 1.500000000000000000e+01 8.392740550736059959e+03
8.000000000000000000e+00 4.000000000000000000e+00 1.576407706287357178e+04
8.000000000000000000e+00 7.000000000000000000e+00 6.852178859942140662e+03
8.000000000000000000e+00 9.000000000000000000e+00 2.173609139204498570e+04
9.000000000000000000e+00 8.000000000000000000e+00 2.170018718943328713e+04
9.000000000000000000e+00 1.000000000000000000e+01 1.770430196734913625e+04
9.000000000000000000e+00 1.400000000000000000e+01 2.309088023232864725e+04
9.000000000000000000e+00 1.500000000000000000e+01 1.105897471755505649e+04
9.000000000000000000e+00 1.600000000000000000e+01 8.101017128668991063e+03
1.000000000000000000e+01 3.000000000000000000e+00 5.308848033359451620e+03
1.000000000000000000e+01 9.000000000000000000e+00 1.762681185450656994e+04
1.000000000000000000e+01 1.100000000000000000e+01 8.345415635954330355e+03
1.000000000000000000e+01 1.300000000000000000e+01 9.782527281187649351e+03
1.100000000000000000e+01 2.000000000000000000e+00 1.000951818421735152e+04
1.100000000000000000e+01 1.000000000000000000e+01 8.398312569161997089e+03
1.100000000000000000e+01 1.200000000000000000e+01 1.229362065376556529e+04
1.200000000000000000e+01 1.100000000000000000e+01 1.240634430937275465e+04
1.200000000000000000e+01 2.300000000000000000e+01 1.110955703629695199e+04
1.300000000000000000e+01 1.000000000000000000e+01 9.850786634503247114e+03
1.300000000000000000e+01 1.400000000000000000e+01 9.023528322257805485e+03
1.300000000000000000e+01 2.200000000000000000e+01 8.404502362852535953e+03
1.400000000000000000e+01 9.000000000000000000e+00 2.334969728846725411e+04
1.400000000000000000e+01 1.300000000000000000e+01 9.088126601655347258e+03
1.400000000000000000e+01 1.800000000000000000e+01 1.909097443627200482e+04
1.400000000000000000e+01 2.100000000000000000e+01 1.842644969018845586e+04
1.500000000000000000e+01 7.000000000000000000e+00 8.436322679798346144e+03
1.500000000000000000e+01 9.000000000000000000e+00 1.114023849933043675e+04
1.500000000000000000e+01 1.600000000000000000e+01 1.165174734599274598e+04
1.500000000000000000e+01 1.700000000000000000e+01 1.545119131565289354e+04
1.600000000000000000e+01 9.000000000000000000e+00 7.702522200985886229e+03
1.600000000000000000e+01 1.500000000000000000e+01 1.182354007312672911e+04
1.600000000000000000e+01 1.800000000000000000e+01 1.006182397338677220e+04
1.700000000000000000e+01 6.000000000000000000e+00 1.608782479765354583e+04
1.700000000000000000e+01 1.500000000000000000e+01 1.540424449935656048e+04
1.700000000000000000e+01 1.900000000000000000e+01 1.905551983921566716e+04
1.800000000000000000e+01 1.400000000000000000e+01 1.933649199911799951e+04
1.800000000000000000e+01 1.600000000000000000e+01 9.835121772837657772e+03
1.800000000000000000e+01 1.900000000000000000e+01 8.741621721329616776e+03
1.900000000000000000e+01 1.700000000000000000e+01 1.904242197470337123e+04
1.900000000000000000e+01 1.800000000000000000e+01 8.760437083626513413e+03
1.900000000000000000e+01 2.000000000000000000e+01 6.286114530288654350e+03
1.900000000000000000e+01 2.100000000000000000e+01 7.002174013884022315e+03
2.000000000000000000e+01 1.900000000000000000e+01 6.193437061910573902e+03
2.000000000000000000e+01 2.100000000000000000e+01 8.651636472073987534e+03
2.000000000000000000e+01 2.300000000000000000e+01 1.030697009359257936e+04
2.100000000000000000e+01 1.400000000000000000e+01 1.840434746287861708e+04
2.100000000000000000e+01 1.900000000000000000e+01 7.000568980046698925e+03
2.100000000000000000e+01 2.000000000000000000e+01 8.627435259706086072e+03
2.100000000000000000e+01 2.200000000000000000e+01 9.663195976890548991e+03
2.200000000000000000e+01 1.300000000000000000e+01 8.408163436770610133e+03
2.200000000000000000e+01 2.100000000000000000e+01 9.615287503375460801e+03
2.200000000000000000e+01 2.300000000000000000e+01 7.910987870555640256e+03
2.300000000000000000e+01 1.200000000000000000e+01 1.112228069190414135e+04
2.300000000000000000e+01 2.000000000000000000e+01 1.023849383758240219e+04
2.300000000000000000e+01 2.200000000000000000e+01 7.866740470958631704e+03
