i	j	       0	       1	       2	       3	       4	       5	       6	       7	       8	       9	      10	      11	      12	      13	      14	      15	      16	      17	      18	      19	      20	      21	      22	      23
0	1	 2600.32	    0.00	  270.05	  200.02	   15.42	    0.00	    0.01	    0.02	   30.83	   92.53	  200.02	  476.79	  463.34	  100.00	   15.39	    0.02	    0.04	    0.00	    0.01	    0.00	    0.01	    0.07	    0.15	   29.26
0	2	 6199.68	 1174.38	    0.00	    0.00	    0.00	  233.40	  139.15	  240.70	    0.00	    0.00	    0.00	    0.00	    0.00	    0.00	    0.00	   99.71	    0.00	   34.39	    0.00	    0.02	    0.00	    0.00	    0.00	    0.00
1	0	    0.00	 1274.38	    0.00	    0.00	    0.00	  533.40	  639.13	 1040.66	    0.00	    0.00	    0.00	    0.00	    0.00	    0.00	    0.00	  599.69	    0.60	  134.39	    0.03	  299.98	    0.00	    0.02	    0.00	    0.00
1	5	 2500.32	 2725.62	  170.05	    0.04	    0.00	    0.00	    0.00	    0.00	    0.00	    0.00	    0.04	  376.79	  163.34	    0.01	    0.00	    0.00	    0.00	    0.00	    0.00	    0.00	    0.01	    0.03	    0.15	   29.26
2	0	    0.00	    0.00	  370.05	  700.02	  215.42	    0.00	    0.03	    0.05	  530.83	 1392.53	  700.02	  676.79	  963.34	  400.00	  515.39	    0.04	  399.43	    0.00	  299.99	    0.05	  100.01	  400.05	  300.15	  129.26
2	3	 4499.59	  674.23	 1929.88	    0.00	    0.00	    0.00	    0.00	    0.00	    0.00	    0.00	    0.00	 3755.13	 2486.78	    0.09	    0.00	    0.00	    0.00	    0.00	    0.00	    0.00	  202.00	    0.11	    2.24	  470.42
2	11	 1600.09	  400.15	  500.07	 1601.84	  403.49	  500.38	  779.13	 1200.00	 1399.39	  656.16	    1.00	    0.00	    0.00	    0.18	   45.82	  543.25	  185.07	  199.38	   19.64	    0.19	    0.00	    0.00	    0.00	    0.00
3	2	    0.00	    0.00	    0.00	 2501.86	  718.91	  566.98	  740.01	 1159.35	 2030.22	 2348.70	 1000.44	    0.00	    0.00	  499.83	  661.15	  643.57	  684.51	  165.00	  319.62	    0.18	    0.00	    0.07	    0.05	    0.00
3	4	 3198.76	  174.28	 1329.81	 6697.20	    0.00	    0.00	    0.00	    0.00	    0.00	    0.12	  905.35	 3154.12	 1886.20	  200.10	    0.08	    0.00	    0.01	    0.00	    0.02	    0.00	    2.05	    0.05	  199.91	  270.46
3	10	  800.83	  299.99	  400.07	 2400.94	  699.81	  599.66	    0.32	    5.54	    0.43	    0.17	    0.00	    1.01	    0.57	    0.07	    0.06	    0.12	    0.04	    0.02	    0.02	    0.03	    0.02	    0.05	    0.06	    0.03
4	3	    0.00	    0.05	    0.00	    0.00	 1918.72	 1566.65	 1140.34	 1864.90	 2730.65	 3547.32	    0.00	    0.00	    0.00	    0.00	 1160.27	 1443.69	 1183.85	  265.01	  519.26	  300.21	    0.03	  398.86	    0.00	    0.00
4	5	    0.00	    0.00	  525.98	 2140.92	 1267.28	    0.00	    0.02	    0.03	  569.33	 1307.41	  404.98	 1458.94	  566.36	  100.02	  284.44	    0.04	    0.04	    0.00	    0.02	    0.01	    0.01	    0.00	   99.84	   70.73
4	8	 2998.76	  899.94	  703.84	 4056.28	 2913.99	 1399.91	    0.03	    0.10	    0.00	    0.00	    0.37	 1495.19	 1119.84	    0.08	    0.00	    0.06	    0.00	    0.01	    0.00	    0.03	    0.00	    0.00	    0.07	  199.73
5	1	    0.00	    0.00	    0.00	    0.02	   84.58	  933.40	  839.12	 1440.65	  169.17	  507.47	    0.02	    0.00	    0.00	    0.01	   84.61	  999.68	  200.57	  134.39	  100.01	  399.98	    0.00	   99.98	    0.00	    0.00
5	4	    0.00	  825.71	    0.00	    0.00	    0.00	 3166.55	 1037.56	 1809.74	    0.00	    0.00	    0.00	    0.00	    0.00	    0.00	    0.00	 1456.63	    0.10	  203.07	    0.03	  305.26	    0.05	    0.00	    0.00	    0.00
5	7	 2200.32	 1499.92	  396.03	 1740.94	  982.70	 3500.05	    0.00	    0.00	    0.16	    0.07	    5.00	 1635.73	  529.71	    0.03	    0.00	    0.00	    0.00	    0.00	    0.00	    0.00	    0.00	    0.00	    0.00	    0.00
6	7	    0.00	    0.00	    0.00	    0.00	    0.00	    0.00	 4184.13	    0.00	    0.00	    0.00	    0.00	    0.00	    0.00	  399.67	  599.57	  385.19	  135.71	  999.59	  999.02	 2599.99	  500.08	  799.96	  299.97	  199.99
6	17	  400.04	  299.92	    0.02	  400.01	  100.06	 1400.01	 7915.87	 4299.04	  800.12	    0.67	    0.13	  199.48	    0.10	    0.00	    0.00	    0.00	    0.03	    0.00	    0.00	    0.00	    0.00	    0.00	    0.00	    0.00
7	5	    0.00	    0.00	    0.00	    0.00	    0.00	    0.00	 2276.66	 4050.35	    0.00	    0.13	    0.00	    0.00	    0.00	    0.00	    0.17	 3356.26	  700.62	  437.45	  300.02	 1005.22	  100.04	  299.95	    0.00	    0.01
7	6	  900.04	  499.92	  100.02	  800.01	  300.06	 1800.01	    0.00	 5299.04	 1400.06	    1.47	    1.09	  899.41	   48.76	    0.00	    0.00	    0.00	    0.11	    0.00	    0.00	    0.00	    0.00	    0.00	    0.00	    0.00
7	8	    0.00	    0.00	    0.00	    0.00	    0.00	    0.00	  907.47	 3749.58	    0.00	    0.00	    0.00	    0.00	    0.00	    0.00	    0.00	 1265.95	    0.00	  262.27	    0.00	  695.15	    0.10	    0.10	    0.00	    0.00
7	15	  500.36	  600.04	  182.59	  723.54	  452.21	  900.13	    0.00	 3601.04	  922.97	    0.00	    0.07	  495.36	    0.31	    0.00	    0.00	    0.00	    0.00	    0.00	    0.00	    0.00	    0.00	    0.00	    0.00	    0.00
8	4	    0.00	    0.00	    0.00	    0.00	    0.00	    0.00	  302.82	  555.30	 4099.97	 5854.60	    0.00	    0.00	    0.00	    0.00	 1644.63	  487.16	 1383.78	   61.95	  619.23	   94.99	   97.93	  598.81	    0.00	    0.00
8	7	    0.08	    0.04	   86.58	  482.61	  269.57	    0.09	    0.00	    0.00	 3122.87	 1601.26	  796.15	  359.04	  119.36	    0.00	    0.00	    0.00	    0.24	    0.00	    0.00	    0.00	    0.00	    0.00	    0.00	    0.00
8	9	 2498.68	  699.90	  517.26	 2873.67	 1844.42	  999.81	    4.73	 2394.38	 8977.15	    0.00	    0.00	  536.20	  400.53	    0.00	    0.00	    0.26	    0.00	    0.34	    0.00	    0.34	    0.00	    0.00	    0.00	    0.00
9	8	    0.00	    0.00	    0.00	    0.00	    0.00	    0.00	    0.06	    0.00	    0.00	10255.86	 2195.78	    0.06	    0.06	  599.92	 2644.63	  621.41	 2284.02	    0.02	 1019.23	    0.15	  397.83	 1298.71	  499.93	    0.27
9	10	    0.00	    0.00	    0.00	    0.00	    0.00	    0.00	  499.52	  794.48	 1717.19	 8409.55	    0.00	    0.00	    0.00	    0.00	 1295.64	 1557.17	 1915.23	  199.91	  429.05	  432.01	    1.49	  475.73	    0.00	    0.00
9	14	  799.10	   99.94	   99.89	 1097.34	  596.68	  199.84	    0.00	    0.00	 3082.89	14587.84	 1905.56	  654.62	    6.14	    0.00	    0.00	    0.00	    0.84	    0.00	    0.00	    0.00	    0.00	    0.00	    0.00	    0.00
9	15	    0.00	    0.00	   17.40	   76.50	   47.81	    0.00	    0.00	    0.00	  477.25	 8045.96	 2175.20	  204.51	    0.12	    0.00	    0.00	    0.00	    0.00	    0.00	    0.00	    0.00	    0.00	    0.00	    0.00	    0.00
9	16	  399.58	    0.02	   99.97	  499.84	  199.93	    0.04	    0.09	    0.12	  899.83	 3900.79	  999.77	  599.80	  499.84	    0.06	    0.13	    0.12	    0.00	    0.05	    0.07	    0.15	    0.05	    0.15	    0.05	    0.03
10	3	    0.00	    0.00	    0.00	    0.00	    0.00	    0.00	    0.00	    0.00	    0.00	    1.67	 3405.80	    0.00	    0.00	 1199.91	    1.03	    0.00	    0.71	    0.00	    0.40	    0.00	    0.04	    1.20	  697.78	    0.07
10	9	    0.00	    0.00	    0.00	    0.00	    0.00	    0.00	    0.00	    0.00	    0.00	    0.00	11176.31	 2922.79	 2005.61	 1118.67	    0.00	    0.00	    0.00	    0.00	    0.00	    0.00	    0.00	    0.00	  327.48	   50.47
10	11	    0.00	    0.00	    0.00	    0.00	    0.00	    0.00	    0.00	    0.00	    0.11	 3243.84	 2400.48	    0.00	    0.00	  712.98	  656.81	  157.48	  914.88	    0.02	  281.34	    0.00	    0.00	    0.00	    0.00	    0.00
10	13	  300.94	  100.03	  100.12	 1001.02	  199.84	  199.74	    0.00	    0.03	  317.51	 1164.21	 5317.42	 1045.51	   31.47	    0.00	    0.00	    0.00	    0.05	    0.00	    0.00	    0.00	    0.00	    0.00	    0.00	    0.00
11	2	    0.00	    0.00	    0.00	    0.00	    0.00	    0.00	    0.00	    0.00	    0.00	    0.00	    0.58	 4631.92	 3550.12	    0.44	    0.06	    0.00	    0.00	    0.00	    0.00	    0.03	  302.00	  500.09	  402.34	  599.68
11	10	    0.12	    0.04	    0.06	    0.08	    0.03	    0.07	    0.00	    0.00	    0.00	    0.00	    0.00	 5367.29	 3036.51	    0.00	    0.00	    0.00	    0.00	    0.00	    0.00	    0.00	    0.04	    0.00	    0.00	    0.38
11	12	 1399.98	  300.11	  300.01	 1001.75	  203.47	  300.31	   79.20	  600.00	  799.50	 1900.00	 1000.90	 3900.78	    0.00	   13.00	    2.57	    1.01	  499.95	    0.07	    0.98	    0.04	    0.00	    0.00	    0.00	    0.00
12	11	    0.00	    0.00	    0.00	    0.00	    0.00	    0.00	    0.07	    0.00	    0.00	    0.00	    0.00	    0.00	 7886.63	    0.29	    0.00	    0.29	    0.00	    0.67	    0.00	  499.88	  602.04	 1200.09	 1102.34	 1100.05
12	23	  899.98	    0.11	  200.01	  401.75	    3.47	  100.31	    0.00	    0.00	  199.50	    0.00	    0.90	 2600.78	 6713.37	    0.00	    0.00	    0.00	    0.00	    0.00	    0.00	    0.00	    0.00	    0.00	    0.00	    0.00
13	10	    0.00	    0.00	    0.00	    0.00	    0.00	    0.00	    0.15	    0.00	    0.00	    0.00	    0.00	    0.00	    0.00	 4631.49	  762.14	    0.19	    0.37	    0.09	  252.67	  167.97	  398.49	  625.43	 2325.20	  650.13
13	14	    0.93	    0.07	    0.13	    0.92	    0.06	    0.04	    0.00	    0.00	    0.00	    0.00	 1026.91	  345.52	   94.10	 6246.31	    0.00	    0.00	    0.00	    0.00	    0.00	    0.00	    0.00	    0.00	 1198.04	  126.09
13	22	    0.12	    0.00	    0.03	  500.12	   99.78	   99.70	    0.00	    0.00	  192.29	  801.30	 2690.57	    0.23	    0.00	 3222.20	  436.36	    0.00	  219.43	    0.00	  136.24	    0.00	    0.00	    0.00	    0.00	    0.00
14	9	    0.00	    0.00	    0.00	    0.00	    0.00	    0.00	    0.00	    0.00	    0.00	    0.00	    0.00	    0.00	    0.00	 1581.31	 7940.39	    0.31	    0.83	    0.06	 3248.16	 1731.82	 1599.37	 4374.58	 1972.50	  749.83
14	13	    0.00	    0.00	    0.00	    0.00	    0.00	    0.00	  199.92	  399.58	  474.78	 1737.09	    0.07	    0.00	    0.00	    0.00	 2498.51	  699.46	  919.75	   99.94	  688.89	  667.26	    0.72	  694.50	    0.00	    0.00
14	18	  300.03	    0.05	    0.02	  200.14	  100.03	    0.05	    0.02	    0.03	  400.15	 3251.33	  823.56	  300.14	  278.90	 2897.48	 5899.57	    0.06	    0.43	    0.01	    0.00	    0.05	  565.83	 2899.91	  899.98	  264.77
14	21	    0.00	    0.00	    0.00	  398.12	  296.70	    0.00	    0.00	    0.00	 1307.96	 5599.42	  708.84	    0.00	    0.00	  467.51	 5061.53	    0.24	 2477.73	    0.00	 2083.89	    0.00	    0.00	    0.00	    0.00	    0.00
15	7	    0.00	    0.00	    0.00	    0.00	    0.00	    0.00	    0.00	    0.00	    0.00	    0.28	    0.00	    0.00	    0.00	    0.30	    0.60	 6437.02	 1964.79	    0.13	    1.00	    0.38	    0.06	    0.08	    0.03	    0.02
15	9	    0.00	    0.06	    0.00	    0.00	    0.00	    0.07	 2394.70	    0.22	    0.00	    0.00	    0.00	    0.00	    0.00	    0.00	    0.00	 6576.95	    0.59	  899.49	    0.20	 1199.94	    0.00	    0.00	    0.00	    0.00
15	16	    0.41	  200.03	    0.01	    0.06	    0.06	  500.10	 1000.38	 1400.95	    0.12	    0.53	    0.09	    0.06	    0.00	    0.00	    0.00	 5966.84	    0.00	  600.16	    0.00	 1544.87	  348.41	    0.00	    0.00	  121.82
15	17	    0.04	    0.02	    0.00	    0.04	    0.01	    0.09	    0.00	    0.42	    0.22	 3647.08	  775.59	    0.17	    0.04	    0.21	    0.59	 7119.19	 3751.33	    0.00	    0.59	    0.00	    0.00	    0.00	    0.00	    0.00
16	9	    0.00	    0.00	    0.00	    0.00	    0.00	    0.00	    0.24	    0.00	    0.00	    0.00	    0.00	    0.00	    0.00	    0.00	    0.00	    1.18	 8098.66	    0.09	    0.00	    0.21	    0.00	    0.00	    0.00	    0.00
16	15	    0.00	    0.00	    0.00	    0.00	    0.00	    0.00	    0.00	    0.00	    0.00	    1.54	    0.29	    0.00	    0.00	  689.76	 1183.38	    0.00	 8516.60	    0.00	 1282.56	    0.00	    0.06	    0.11	    0.05	    0.03
16	18	    0.03	    0.07	    0.00	    0.02	    0.01	    0.14	    0.23	    1.07	    0.04	    0.17	    0.00	    0.00	    0.00	    0.00	    0.00	 3165.78	 6784.74	    0.12	    0.00	    0.00	    0.00	    0.00	    0.00	    0.00
17	6	    0.00	    0.00	    0.00	    0.00	    0.00	    0.00	    0.00	    0.00	    0.06	 1899.19	  499.04	    0.07	  351.33	  599.67	 1099.57	 1785.19	 1135.62	 1199.59	 1399.02	 3099.99	  700.08	 1299.96	  499.97	  299.99
17	15	    0.09	    0.07	    0.02	    0.07	    0.04	  500.12	 4795.08	    0.55	    0.12	    0.39	    0.12	    0.36	  599.62	   10.75	   17.81	    0.00	    0.12	 1999.79	   19.24	 4345.19	  948.41	 1199.97	  499.99	  421.81
17	19	  299.99	  299.87	    0.00	  299.99	  100.03	  799.97	 2920.80	 3998.90	  600.16	 1048.39	  176.57	    0.10	    0.11	    0.00	    0.00	 4834.00	 2015.76	 1600.62	    0.00	    0.00	    0.00	    0.00	    0.00	    0.00
18	14	    0.00	    0.04	    0.00	    0.00	    0.00	    0.17	  699.58	  999.10	    0.00	    0.00	    0.00	    0.00	    0.00	    0.00	    0.00	 1899.90	 4897.89	  299.85	 6820.93	 3497.98	    0.16	    0.40	    0.17	    0.07
18	16	    0.04	    0.02	    0.02	    0.12	    0.02	    0.00	    0.00	    0.00	    0.09	    0.39	    0.43	    0.14	    0.16	 1389.70	 2683.25	    0.00	    0.00	    0.00	 2982.48	  155.19	  251.60	 1699.96	  599.99	  178.19
18	19	    0.02	    0.00	    0.00	    0.04	    0.02	    0.03	    0.00	    0.00	    0.10	 1451.11	  423.14	    0.00	    0.00	 1207.80	 2416.32	    0.00	  187.28	    0.00	 2996.58	    0.00	    0.00	    0.00	    0.00	    0.00
19	17	    0.00	    0.00	    0.00	    0.00	    0.00	    0.00	    0.00	    0.00	    0.00	    0.22	    0.01	    0.87	 1050.92	  710.21	 1316.79	    0.00	    0.15	    0.00	 1717.67	 7845.18	 1748.49	 2799.94	 1099.96	  721.80
19	18	    0.00	   99.95	    0.00	    0.00	    0.00	  200.01	 1099.33	 1698.00	    0.00	    0.00	    0.00	    0.00	   21.26	    0.01	    0.00	   34.06	    0.00	  599.72	    0.00	 4853.12	   85.93	    0.45	    0.18	   13.48
19	20	    0.00	    0.00	    0.00	    0.01	    0.03	  100.01	  621.24	  600.54	    0.20	    0.05	    0.02	    0.01	    0.03	    0.02	    0.03	 1500.11	  502.86	  200.79	   79.02	 2701.26	    0.00	    0.08	    0.03	    0.02
19	21	    0.00	   99.92	    0.00	    0.02	    0.01	  199.98	  700.22	  800.36	    0.06	    0.22	    0.05	    0.00	    0.00	    0.00	    0.17	 1699.83	    0.11	  400.11	    0.08	 3100.44	    0.18	    0.00	    0.00	    0.00
20	19	    0.00	    0.00	    0.00	    0.00	    0.00	    0.00	    0.00	    0.00	    0.00	    0.11	    0.03	  400.75	 1672.02	    0.08	    0.17	    0.00	    0.08	    0.00	    0.19	    0.00	 3034.60	    0.25	    2.19	 1134.99
20	21	  262.06	    0.07	   65.51	    0.42	    0.00	    0.03	    0.06	    0.08	    0.00	    0.00	    0.00	  458.60	 1458.53	    0.00	    0.00	    0.17	    0.00	    0.04	    0.00	    0.42	 4766.80	    0.00	    0.00	 1602.58
20	23	    0.00	    0.00	    0.00	    0.00	    0.00	    0.02	  421.18	  200.46	    0.11	  486.68	    0.00	    0.00	    0.00	    0.00	  687.86	  900.03	  213.21	  100.76	  254.13	 1500.84	 3198.59	 2341.74	    0.00	    0.00
21	14	    0.00	    0.00	    0.00	    0.00	    0.00	    0.00	    0.36	    0.51	    0.00	    0.00	    0.00	    0.00	  878.66	    0.00	    0.00	    0.16	    0.00	    0.16	    0.00	    1.15	 2965.77	10568.59	 2674.28	 1288.43
21	19	    0.00	    0.00	    0.00	    0.00	    0.00	    0.00	    0.00	    0.00	    0.00	    0.88	    0.35	    0.03	    0.08	    2.36	    0.50	    0.00	    0.00	    0.00	    0.00	    0.00	    0.00	 5200.21	 1797.98	    0.32
21	20	    0.01	    0.00	    0.00	    0.03	   96.77	    0.00	    0.00	    0.00	  299.92	 1686.74	    1.93	    0.04	    0.00	    0.61	 1488.00	    0.08	  310.43	    0.00	  575.30	    0.00	    0.00	 4141.91	    0.60	    0.00
21	22	    0.00	    0.00	    0.00	    0.00	    0.00	    0.01	  199.93	  299.93	  308.10	 1312.02	    0.00	    0.00	    0.00	    0.00	  973.20	  499.98	  467.41	   99.99	  308.67	  699.71	    1.22	 4489.29	    0.00	    0.00
22	13	    0.11	    0.04	    0.04	    0.02	    0.00	    0.00	    0.24	    0.39	    0.00	    0.00	    0.00	    0.25	  662.63	    0.00	    0.00	    0.74	    0.00	    0.15	    0.01	    0.70	  797.77	 1130.93	 4623.24	 1176.23
22	21	  137.96	    0.01	   34.49	    1.47	    0.05	    0.00	    0.00	    0.00	    0.00	    0.00	  393.39	  241.47	  720.21	  735.45	    0.00	    0.00	    0.00	    0.00	    0.00	    0.00	    0.00	    0.00	 6572.87	  786.18
22	23	    0.01	    0.00	    0.00	    0.03	    0.00	    0.01	    0.02	    0.03	    0.39	  313.32	  997.24	    0.00	    0.00	 1386.75	  409.57	    0.07	   86.83	    0.00	  144.89	    0.13	    0.06	 1258.45	 3303.90	    0.00
23	12	    0.00	    0.00	    0.00	    0.00	    0.00	    0.00	  320.87	    0.00	    0.00	    0.00	    0.00	    0.00	    0.00	  587.29	  697.43	  599.28	    0.05	  100.60	  299.02	 1099.84	 1202.04	 2500.09	 1902.34	 1800.05
23	20	  362.04	    0.06	   65.51	  200.39	    3.20	    0.03	    0.00	    0.00	    0.00	    0.00	  398.08	 1159.30	 3730.52	  399.46	    0.00	    0.00	    0.00	    0.00	    0.00	    0.00	    0.00	    0.00	  701.55	 3237.54
23	22	  437.95	    0.04	  134.49	    1.39	    0.27	    0.31	    0.33	    0.49	    0.00	    0.00	    0.06	  941.48	 2182.85	    0.00	    0.00	    0.82	    0.00	    0.16	    0.00	    1.13	 1496.61	    0.09	    0.00	 2662.40
