i	j	       0	       1	       2	       3	       4	       5	       6	       7	       8	       9	      10	      11	      12	      13	      14	      15	      16	      17	      18	      19	      20	      21	      22	      23
0	1	 2599.95	    0.00	  269.81	  199.98	   17.79	    0.00	    0.01	    0.02	   35.58	  106.91	  199.98	  488.76	  461.58	   99.99	   17.80	    0.02	    0.02	    0.00	    0.01	    0.00	    0.01	    0.06	    0.09	   28.65
0	2	 6200.05	 1177.90	    0.00	    0.00	    0.00	  227.78	  143.96	  251.89	    0.00	    0.00	    0.00	    0.00	    0.00	    0.00	    0.00	  114.01	    0.00	   35.62	    0.00	    0.02	    0.00	    0.00	    0.00	    0.00
1	0	    0.00	 1277.90	    0.00	    0.00	    0.00	  527.78	  643.93	 1051.86	    0.00	    0.00	    0.00	    0.00	    0.00	    0.00	    0.00	  613.94	    0.56	  135.62	    0.03	  299.98	    0.00	    0.02	    0.00	    0.00
1	5	 2499.95	 2722.10	  169.81	    0.00	    0.00	    0.00	    0.00	    0.00	    0.00	    0.00	    0.00	  388.76	  161.58	    0.00	    0.00	    0.00	    0.00	    0.00	    0.00	    0.00	    0.01	    0.01	    0.09	   28.65
2	0	    0.00	    0.00	  369.81	  699.98	  217.79	    0.00	    0.03	    0.05	  535.58	 1406.91	  699.98	  688.76	  961.58	  399.99	  517.80	    0.09	  399.46	    0.00	  299.98	    0.05	  100.00	  400.05	  300.09	  128.65
2	3	 4499.94	  677.76	 1930.15	    0.00	    0.00	    0.04	    0.00	    0.00	    0.00	    0.00	    0.00	 3802.25	 2464.85	    0.10	    0.00	    0.00	    0.00	    0.00	    0.00	    0.00	  203.41	    0.17	    2.02	  471.16
2	11	 1600.11	  400.14	  500.04	 1601.83	  404.76	  500.40	  701.58	 1200.00	 1399.53	  712.74	    0.47	    0.00	    0.00	    0.15	   58.37	  564.83	  201.03	  198.93	   25.02	    0.14	    0.00	    0.00	    0.08	    0.00
3	2	    0.00	    0.00	    0.00	 2501.81	  722.55	  572.65	  657.66	 1148.16	 2035.12	 2419.64	  999.71	    0.00	    0.00	  499.71	  676.11	  650.91	  700.49	  163.31	  325.00	    0.14	    0.00	    0.00	    0.13	    0.00
3	4	 3197.82	  177.84	 1329.84	 6697.03	    0.00	    0.00	    0.00	    0.00	    0.00	    0.13	  905.35	 3201.61	 1864.39	  200.05	    0.06	    0.00	    0.01	    0.00	    0.02	    0.00	    3.45	    0.10	  199.91	  271.17
3	10	  802.12	  299.97	  400.31	 2401.16	  699.72	  599.59	    0.32	    3.42	    0.06	    0.18	    0.00	    0.64	    0.46	    0.07	    0.06	    0.30	    0.05	    0.11	    0.02	    0.03	    0.02	    0.05	    0.06	    0.03
4	3	    0.00	    0.05	    0.00	    0.00	 1922.27	 1572.21	 1057.98	 1851.58	 2735.18	 3618.54	    0.00	    0.00	    0.00	    0.00	 1174.28	 1451.21	 1200.18	  263.42	  524.23	  300.16	    0.03	  399.28	    0.00	    0.00
4	5	    0.00	    0.00	  530.74	 2161.76	 1276.76	    0.00	    0.02	    0.04	  564.67	 1293.14	  405.16	 1482.70	  527.63	  100.05	  281.98	    0.04	    0.11	    0.00	    0.05	    0.01	    0.01	    0.02	   99.91	   71.34
4	8	 2997.82	  900.04	  699.10	 4035.28	 2900.97	 1400.07	    0.03	    0.13	    0.00	    0.00	    0.19	 1518.91	 1136.76	    0.00	    0.00	    0.07	    0.00	    0.01	    0.00	    0.03	    0.02	    0.00	    0.00	  199.84
5	1	    0.00	    0.00	    0.00	    0.02	   82.21	  927.78	  843.93	 1451.84	  164.42	  493.09	    0.02	    0.00	    0.00	    0.01	   82.20	 1013.92	  200.54	  135.62	  100.02	  399.98	    0.00	   99.96	    0.00	    0.00
5	4	    0.00	  822.25	    0.00	    0.00	    0.00	 3172.27	  975.15	 1823.45	    0.00	    0.00	    0.00	    0.00	    0.00	    0.00	    0.00	 1495.73	    0.30	  204.25	    0.03	  310.25	    0.03	    0.00	    0.00	    0.00
5	7	 2199.95	 1499.85	  400.55	 1761.74	  994.55	 3499.94	    0.00	    0.00	    0.25	    0.18	    5.14	 1671.46	  489.21	    0.05	    0.00	    0.00	    0.00	    0.00	    0.00	    0.00	    0.00	    0.00	    0.00	    0.00
6	7	    0.00	    0.00	    0.00	    0.00	    0.00	    0.00	 4106.47	    0.00	    0.00	    0.00	    0.00	    0.00	    0.00	  399.89	  600.10	  483.37	  165.64	  998.94	  999.81	 2599.59	  500.03	  799.98	  299.99	  200.00
6	17	  436.50	  343.66	   11.16	  443.53	  127.23	 1002.21	 7993.53	 4562.05	  840.91	    0.25	    0.15	  225.05	    0.08	    0.00	    0.00	    0.00	    0.00	    0.00	    0.00	    0.00	    0.06	    0.00	    0.00	    0.00
7	5	    0.00	    0.00	    0.00	    0.00	    0.00	    0.00	 2219.06	 4075.25	    0.00	    0.14	    0.00	    0.00	    0.00	    0.00	    0.22	 3409.61	  700.72	  439.86	  300.00	 1010.22	  100.02	  299.94	    0.00	    0.01
7	6	  936.50	  543.66	  111.16	  843.53	  327.23	 1402.21	    0.00	 5562.05	 1440.79	    1.34	    0.81	  924.87	    1.93	    0.00	    0.00	    0.00	    0.09	    0.00	    0.00	    0.00	    0.06	    0.00	    0.00	    0.00
7	8	    0.00	    0.00	    0.00	    0.00	    0.00	    0.00	  887.41	 3724.26	    0.00	    0.00	    0.00	    0.00	    0.00	    0.00	    0.00	 1363.74	    0.00	  259.15	    0.00	  689.54	    0.03	    0.08	    0.00	    0.00
7	15	  463.54	  556.24	  174.42	  695.33	  434.54	 1297.84	    0.00	 3338.44	  945.29	    0.00	    0.16	  500.38	    0.21	    0.00	    0.00	    0.00	    0.00	    0.00	    0.00	    0.00	    0.00	    0.00	    0.00	    0.00
8	4	    0.00	    0.00	    0.00	    0.00	    0.00	    0.00	  282.87	  528.30	 4099.85	 5911.55	    0.00	    0.00	    0.00	    0.00	 1656.20	  455.59	 1399.98	   59.18	  624.23	   89.96	   96.58	  599.20	    0.00	    0.00
8	7	    0.09	    0.05	   85.03	  477.12	  267.22	    0.10	    0.00	    0.00	 3185.83	 1601.00	  795.84	  353.79	  112.93	    0.00	    0.00	    0.00	    0.22	    0.00	    0.00	    0.00	    0.06	    0.00	    0.00	    0.00
8	9	 2497.73	  700.00	  514.07	 2858.16	 1833.75	  999.97	    4.78	 2396.09	 8914.32	    0.00	    0.00	  565.18	  423.89	    0.00	    0.00	    0.79	    0.00	    0.15	    0.00	    0.29	    0.00	    0.00	    0.00	    0.00
9	8	    0.00	    0.00	    0.00	    0.00	    0.00	    0.00	    0.21	    0.00	    0.00	10312.55	 2195.65	    0.06	    0.06	  600.00	 2656.20	  492.56	 2300.21	    0.18	 1024.23	    0.68	  396.58	 1299.12	  500.00	    0.16
9	10	    0.00	    0.00	    0.00	    0.00	    0.00	    0.00	  499.68	  796.61	 1719.27	 8353.07	    0.00	    0.00	    0.00	    0.00	 1332.60	 1534.40	 1899.14	  199.97	  442.07	  440.40	    1.08	  508.74	    0.00	    0.00
9	14	  798.81	  100.04	   99.85	 1098.12	  595.53	  200.00	    0.00	    0.00	 3081.18	14469.84	 1921.79	  680.08	   24.52	    0.00	    0.00	    0.00	    0.90	    0.00	    0.00	    0.00	    0.00	    0.00	    0.00	    0.00
9	15	    0.00	    0.00	   14.44	   61.26	   38.29	    0.00	    0.00	    0.00	  414.04	 8164.40	 2215.76	  173.12	    0.42	    0.00	    0.00	    0.00	    0.00	    0.00	    0.00	    0.00	    0.00	    0.00	    0.00	    0.00
9	16	  399.88	    0.02	   99.97	  499.84	  199.94	    0.05	    0.09	    0.13	  899.82	 3900.15	  999.88	  599.81	  499.84	    0.07	    0.14	    0.13	    0.00	    0.06	    0.08	    0.16	    0.06	    0.16	    0.06	    0.03
10	3	    0.00	    0.00	    0.00	    0.00	    0.00	    0.00	    0.00	    0.00	    0.00	    1.42	 3405.06	    0.00	    0.00	 1199.73	    1.96	    0.00	    0.37	    0.00	    0.80	    0.00	    0.03	    0.70	  698.08	    0.03
10	9	    0.95	    0.00	    0.19	    1.06	    0.00	    0.00	    0.00	    0.00	    0.00	    0.00	11233.06	 2887.90	 2000.96	 1101.06	    0.00	    0.00	    0.00	    0.00	    0.00	    0.00	    0.00	    0.00	  325.16	   53.13
10	11	    0.00	    0.00	    0.00	    0.00	    0.00	    0.00	    0.00	    0.00	    0.12	 3187.26	 2401.02	    0.00	    0.00	  772.40	  678.25	  134.70	  898.92	    0.09	  290.65	    0.00	    0.00	    0.00	    0.00	    0.00
10	13	  301.29	  100.01	  100.17	 1000.19	  199.75	  199.66	    0.00	    0.03	  319.22	 1164.57	 5260.86	 1019.95	   92.10	    0.00	    0.00	    0.00	    0.00	    0.00	    0.00	    0.00	    0.00	    0.00	    0.00	    0.00
11	2	    0.00	    0.00	    0.00	    0.00	    0.00	    0.00	    0.00	    0.00	    0.00	    0.00	    0.74	 4691.01	 3526.43	    0.53	    0.06	    0.00	    0.00	    0.00	    0.00	    0.03	  303.41	  500.22	  402.05	  599.81
11	10	    0.12	    0.04	    0.06	    0.09	    0.03	    0.07	    0.00	    0.00	    0.00	    0.00	    0.00	 5307.20	 3092.59	    0.00	    0.00	    0.00	    0.00	    0.00	    0.00	    0.00	    0.18	    0.00	    0.00	    0.35
11	12	 1399.99	  300.09	  299.98	 1001.74	  204.73	  300.32	    1.58	  600.00	  799.65	 1900.00	 1000.75	 3901.79	    0.00	   72.17	   36.56	    0.58	  499.95	    0.05	   15.67	    0.00	    0.00	    0.00	    0.00	    0.00
12	11	    0.00	    0.00	    0.00	    0.00	    0.00	    0.00	    0.00	    0.00	    0.00	    0.00	    0.00	    0.00	 7919.02	    0.15	    0.00	    1.06	    0.00	    1.04	    0.00	  499.89	  603.59	 1200.22	 1101.97	 1100.17
12	23	  899.99	    0.09	  199.98	  401.74	    4.73	  100.32	    0.00	    0.00	  199.65	    0.00	    0.75	 2601.79	 6680.98	    0.00	    0.00	    0.00	    0.00	    0.00	    0.00	    0.00	    0.00	    0.00	    0.00	    0.00
13	10	    0.00	    0.00	    0.00	    0.00	    0.00	    0.00	    0.00	    0.00	    0.00	    0.00	    0.00	    0.00	    0.00	 4673.12	  747.54	    0.00	    0.12	    0.00	  249.37	  159.57	  398.76	  591.91	 2323.18	  652.79
13	14	    1.22	    0.02	    0.16	    1.52	    0.03	    0.00	    0.00	    0.00	    0.00	    0.00	  972.25	  319.98	  102.49	 6240.19	    0.00	    0.00	    0.00	    0.00	    0.00	    0.00	    0.00	    0.00	 1269.25	  127.03
13	22	    0.08	    0.00	    0.02	  498.69	   99.72	   99.67	    0.00	    0.00	  199.54	  828.37	 2688.68	    0.00	    0.00	 3186.69	  449.79	    0.00	  233.86	    0.00	  140.62	    0.00	    0.00	    0.00	    0.00	    0.00
14	9	    0.00	    0.00	    0.00	    0.00	    0.00	    0.00	    0.00	    0.00	    0.00	    0.00	    0.00	    0.00	    0.00	 1599.01	 7988.94	    0.33	    0.85	    0.06	 3266.16	 1552.42	 1597.72	 4408.02	 1974.90	  747.06
14	13	    0.00	    0.00	    0.00	    0.00	    0.00	    0.00	  199.49	  398.99	  480.32	 1763.80	    0.07	    0.00	    0.00	    0.00	 2497.33	  698.31	  933.97	   99.75	  689.98	  658.21	    0.34	  657.14	    0.00	    0.00
14	18	  300.03	    0.06	    0.01	  200.07	  100.03	    0.06	    0.02	    0.03	  400.15	 3134.41	  782.97	  300.06	  263.63	 2896.69	 5899.14	    0.06	    0.45	    0.01	    0.00	    0.06	  833.57	 2899.59	  899.94	  178.39
14	21	    0.00	    0.00	    0.00	  399.57	  295.53	    0.00	    0.00	    0.00	 1300.71	 5571.63	  710.99	    0.00	    0.00	  444.50	 5014.59	    0.26	 2604.82	    0.00	 2114.61	    0.00	    0.00	    0.00	    0.00	    0.00
15	7	    0.00	    0.00	    0.00	    0.00	    0.00	    0.00	    0.00	    0.00	    0.00	    0.30	    0.00	    0.00	    0.00	    0.06	    0.12	 6489.98	 1934.95	    0.07	    0.19	    0.16	    0.02	    0.04	    0.02	    0.01
15	9	    0.00	    0.06	    0.00	    0.00	    0.00	    0.08	 2394.98	    0.65	    0.00	    0.00	    0.00	    0.00	    0.00	    0.00	    0.00	 6425.33	    0.63	  899.90	    0.22	 1388.32	    0.00	    0.00	    0.00	    0.00
15	16	    0.12	  200.07	    0.02	    0.13	    0.05	  500.16	 1000.35	 1400.99	    0.13	    0.56	    0.10	    0.13	    0.06	    0.00	    0.00	 5819.11	    0.00	  600.16	    0.00	 1587.54	  494.41	    0.32	    0.04	  201.57
15	17	    0.02	    0.01	    0.00	    0.02	    0.01	    0.03	    0.00	    0.19	    0.32	 3764.87	  816.21	    0.17	    0.01	    0.03	    0.07	 7365.58	 3623.96	    0.00	    0.07	    0.00	    0.00	    0.00	    0.00	    0.00
16	9	    0.00	    0.00	    0.00	    0.00	    0.00	    0.00	    0.24	    0.00	    0.00	    0.00	    0.00	    0.00	    0.00	    0.00	    0.00	    0.65	 8098.75	    0.10	    0.00	    0.22	    0.00	    0.00	    0.00	    0.00
16	15	    0.00	    0.00	    0.00	    0.00	    0.00	    0.00	    0.00	    0.00	    0.00	    0.91	    0.19	    0.00	    0.00	  620.64	 1064.13	    0.00	 8359.42	    0.00	 1153.19	    0.00	  599.94	    0.12	    0.05	    0.03
16	18	    0.03	    0.09	    0.00	    0.02	    0.01	    0.20	    0.21	    1.12	    0.04	    0.18	    0.00	    0.00	    0.00	    0.00	    0.00	 3018.59	 6941.83	    0.12	    0.00	    0.00	    0.00	    0.00	    0.00	    0.00
17	6	    0.00	    0.00	    0.00	    0.00	    0.00	    0.00	    0.00	    0.00	    0.12	 1898.91	  499.34	    0.18	  398.15	  599.89	 1100.10	 1883.37	 1165.54	 1198.94	 1399.81	 3099.59	  700.03	 1299.98	  499.99	  300.00
17	15	   36.60	   43.90	   11.16	   43.56	   27.23	  102.43	 4795.33	  263.38	   41.12	    0.41	    0.20	   26.80	  599.43	   79.45	  136.05	    0.00	    0.13	 2000.13	  147.29	 4576.02	  494.49	 1200.24	  500.01	  501.55
17	19	  299.92	  299.77	    0.00	  299.99	  100.01	  799.81	 2998.20	 3998.85	  599.99	 1166.06	  216.92	    0.07	    0.07	    0.00	    0.00	 4982.21	 1858.45	 1600.93	    0.00	    0.00	    0.00	    0.00	    0.00	    0.00
18	14	    0.00	    0.01	    0.00	    0.00	    0.00	    0.06	  699.44	  998.93	    0.00	    0.00	    0.00	    0.00	    0.00	    0.00	    0.00	 1898.77	 5039.21	  299.79	 6870.75	 3310.15	    0.20	    0.42	    0.18	    0.08
18	16	    0.04	    0.00	    0.01	    0.05	    0.02	    0.00	    0.00	    0.00	    0.09	    0.38	    0.21	    0.06	    0.10	 1320.58	 2563.99	    0.00	    0.00	    0.00	 2853.11	  112.52	  705.48	 1699.64	  599.95	   98.44
18	19	    0.02	    0.00	    0.00	    0.04	    0.02	    0.03	    0.00	    0.00	    0.10	 1334.21	  382.76	    0.00	    0.00	 1276.12	 2535.14	    0.00	  203.07	    0.00	 3076.14	    0.00	    0.00	    0.00	    0.00	    0.00
19	17	    0.00	    0.00	    0.00	    0.00	    0.00	    0.00	    0.00	    0.00	    0.00	    0.27	    0.10	    1.82	 1097.56	  779.31	 1436.09	    0.00	    0.15	    0.00	 1847.03	 8075.61	 1294.46	 2800.21	 1100.00	  801.55
19	18	    0.00	   99.86	    0.00	    0.00	    0.00	  199.83	 1099.21	 1697.78	    0.00	    0.00	    0.00	    0.00	   36.47	    0.01	    0.00	  180.12	    0.00	  599.66	    0.00	 4622.62	  272.11	    0.48	    0.19	   20.12
19	20	    0.02	    0.00	    0.00	    0.01	    0.02	  100.03	  698.69	  600.41	    0.04	    0.05	    0.02	    0.01	    0.03	    0.02	    0.04	 1501.00	  361.33	  201.13	   29.23	 2701.02	    0.00	    0.08	    0.03	    0.02
19	21	    0.00	   99.91	    0.00	    0.02	    0.01	  199.98	  700.30	  800.66	    0.06	    0.24	    0.05	    0.00	    0.00	    0.00	    0.18	 1701.08	    0.12	  400.14	    0.09	 3100.75	    0.20	    0.00	    0.00	    0.00
20	19	    0.08	    0.00	    0.00	    0.00	    0.00	    0.00	    0.00	    0.00	    0.00	    0.12	    0.03	  401.71	 1733.82	    0.09	    0.19	    0.00	    0.08	    0.00	    0.20	    0.00	 2766.76	    0.74	    2.73	 1221.28
20	21	  257.46	    0.08	   64.36	    0.14	    0.00	    0.03	    0.07	    0.09	    0.00	    0.00	    0.00	  450.55	 1397.13	    0.00	    0.00	    0.18	    0.00	    0.04	    0.00	    0.46	 5032.67	    0.00	    0.00	 1500.03
20	23	    0.00	    0.00	    0.00	    0.00	    0.00	    0.03	  498.62	  200.33	    0.12	  480.31	    0.00	    0.00	    0.00	    0.00	  661.41	  900.91	  202.41	  101.09	  240.97	 1500.57	 3200.57	 2291.62	    0.00	    0.00
21	14	    0.00	    0.00	    0.00	    0.00	    0.00	    0.00	    0.07	    0.09	    0.00	    0.00	    0.00	    0.00	  836.62	    0.00	    0.00	    0.18	    0.00	    0.03	    0.00	    0.53	 3231.43	10564.33	 2605.41	 1198.35
21	19	    0.00	    0.00	    0.00	    0.00	    0.00	    0.00	    0.00	    0.00	    0.00	    0.17	    0.46	    0.06	    0.17	    3.13	    0.98	    0.00	    0.00	    0.00	    0.00	    0.00	    0.00	 5200.03	 1797.49	    0.41
21	20	    0.00	    0.00	    0.00	    0.02	   95.58	    0.00	    0.00	    0.00	  300.09	 1680.38	    1.83	    0.00	    0.00	    1.16	 1461.56	    0.09	  441.17	    0.00	  611.94	    0.00	    0.00	 4092.28	    1.32	    0.00
21	22	    0.00	    0.00	    0.00	    0.00	    0.00	    0.01	  200.30	  300.66	  300.68	 1291.32	    0.00	    0.00	    0.00	    0.00	  952.24	  501.25	  463.78	  100.15	  302.76	  700.68	    1.44	 4543.36	    0.00	    0.00
22	13	    0.01	    0.00	    0.00	    0.02	    0.00	    0.00	    0.51	    0.98	    0.00	    0.00	    0.00	    0.03	  610.40	    0.00	    0.00	    1.69	    0.00	    0.25	    0.01	    1.36	  798.41	 1134.77	 4692.43	 1179.81
22	21	  142.54	    0.02	   35.64	    0.29	    0.04	    0.00	    0.00	    0.00	    0.00	    0.00	  391.25	  249.51	  739.66	  759.79	    0.00	    0.00	    0.00	    0.00	    0.00	    0.00	    0.00	    0.00	 6504.22	  798.73
22	23	    0.00	    0.00	    0.00	    0.02	    0.00	    0.00	    0.01	    0.02	    0.23	  319.69	  997.49	    0.00	    0.00	 1326.90	  402.03	    0.06	   97.64	    0.00	  143.36	    0.12	    0.06	 1309.27	 3303.36	    0.00
23	12	    0.00	    0.00	    0.00	    0.00	    0.00	    0.00	  398.42	    0.00	    0.00	    0.00	    0.00	    0.00	    0.00	  527.98	  663.44	  600.47	    0.05	  100.99	  284.33	 1099.89	 1203.59	 2500.22	 1901.97	 1800.17
23	20	  357.52	    0.07	   64.36	  200.11	    4.41	    0.03	    0.00	    0.00	    0.00	    0.00	  398.18	 1152.25	 3730.93	  398.91	    0.00	    0.00	    0.00	    0.00	    0.00	    0.00	    0.00	    0.00	  701.38	 3221.29
23	22	  442.47	    0.02	  135.62	    1.65	    0.32	    0.32	    0.22	    0.34	    0.00	    0.00	    0.06	  949.54	 2150.05	    0.00	    0.00	    0.50	    0.00	    0.11	    0.00	    0.80	 1497.04	    0.68	    0.00	 2678.54
