i	j	       0	       1	       2	       3	       4	       5	       6	       7	       8	       9	      10	      11	      12	      13	      14	      15	      16	      17	      18	      19	      20	      21	      22	      23
0	1	 2600.40	    0.00	  267.79	  200.02	   16.62	    0.00	    0.01	    0.02	   33.24	   99.76	  200.02	  471.28	  461.98	  100.00	   16.64	    0.02	    0.03	    0.00	    0.01	    0.00	    0.01	    0.08	    0.07	   29.04
0	2	 6199.60	 1160.92	    0.00	    0.00	    0.00	  236.72	  140.42	  242.83	    0.00	    0.00	    0.00	    0.00	    0.00	    0.00	    0.00	  103.75	    0.00	   34.69	    0.00	    0.02	    0.00	    0.00	    0.00	    0.00
1	0	    0.00	 1260.92	    0.00	    0.00	    0.00	  536.72	  640.40	 1042.80	    0.00	    0.00	    0.00	    0.00	    0.00	    0.00	    0.00	  603.73	    0.50	  134.69	    0.03	  299.98	    0.00	    0.02	    0.00	    0.00
1	5	 2500.40	 2739.08	  167.79	    0.04	    0.00	    0.00	    0.00	    0.00	    0.00	    0.00	    0.04	  371.28	  161.98	    0.01	    0.00	    0.00	    0.00	    0.00	    0.00	    0.00	    0.01	    0.03	    0.07	   29.04
2	0	    0.00	    0.00	  367.79	  700.02	  216.62	    0.00	    0.03	    0.05	  533.24	 1399.76	  700.02	  671.28	  961.98	  400.00	  516.64	    0.04	  399.53	    0.00	  299.99	    0.04	  100.00	  400.06	  300.07	  129.04
2	3	 4499.16	  660.61	 1931.96	    0.00	    0.00	    0.00	    0.00	    0.00	    0.00	    0.00	    0.00	 3752.62	 2494.65	    0.08	    0.00	    0.00	    0.00	    0.00	    0.00	    0.00	  202.60	    0.17	    2.32	  470.64
2	11	 1600.43	  400.31	  500.25	 1601.90	  403.09	  500.44	  776.85	 1200.00	 1399.49	  659.00	    1.08	    0.00	    0.00	    0.09	   44.21	  546.83	  185.81	  199.52	   18.95	    0.11	    0.00	    0.00	    0.00	    0.00
3	2	    0.00	    0.00	    0.00	 2501.92	  719.71	  563.72	  736.46	 1157.22	 2032.74	 2358.76	 1000.51	    0.00	    0.00	  499.60	  660.80	  643.11	  685.34	  164.83	  318.94	    0.10	    0.00	    0.08	    0.05	    0.00
3	4	 3197.97	  160.67	 1331.97	 6697.42	    0.00	    0.00	    0.00	    0.00	    0.00	    0.11	  905.11	 3152.29	 1894.38	  200.02	    0.08	    0.00	    0.01	    0.00	    0.02	    0.00	    2.67	    0.05	  199.93	  270.66
3	10	  801.19	  299.98	  400.00	 2400.66	  699.93	  599.76	    0.31	    5.28	    0.41	    0.16	    0.00	    0.33	    0.27	    0.06	    0.06	    0.11	    0.04	    0.02	    0.02	    0.02	    0.02	    0.04	    0.05	    0.02
4	3	    0.00	    0.04	    0.00	    0.00	 1919.64	 1563.48	 1136.78	 1862.50	 2733.14	 3557.84	    0.00	    0.00	    0.00	    0.00	 1159.33	 1443.22	 1184.96	  264.84	  518.32	  300.12	    0.03	  398.65	    0.00	    0.00
4	5	    0.00	    0.00	  527.76	 2149.33	 1257.17	    0.00	    0.02	    0.03	  566.90	 1300.18	  404.95	 1459.16	  577.02	  100.02	  283.25	    0.04	    0.04	    0.00	    0.11	    0.01	    0.01	    0.00	   99.93	   70.94
4	8	 2997.97	  899.85	  704.20	 4048.09	 2923.18	 1399.90	    0.02	    0.10	    0.00	    0.00	    0.17	 1493.12	 1117.36	    0.00	    0.00	    0.06	    0.00	    0.01	    0.00	    0.02	    0.00	    0.00	    0.00	  199.71
5	1	    0.00	    0.00	    0.00	    0.02	   83.38	  936.72	  840.39	 1442.78	  166.76	  500.24	    0.02	    0.00	    0.00	    0.01	   83.36	 1003.72	  200.47	  134.69	  100.01	  399.98	    0.00	   99.96	    0.00	    0.00
5	4	    0.00	  839.23	    0.00	    0.00	    0.00	 3163.38	 1030.38	 1801.83	    0.00	    0.00	    0.00	    0.00	    0.00	    0.00	    0.00	 1463.31	    0.15	  201.80	    0.03	  306.51	    0.00	    0.00	    0.00	    0.00
5	7	 2200.40	 1499.86	  395.55	 1749.35	  973.79	 3499.91	    0.00	    0.00	    0.14	    0.06	    4.96	 1630.44	  539.00	    0.02	    0.00	    0.00	    0.00	    0.00	    0.00	    0.00	    0.00	    0.00	    0.00	    0.00
6	7	    0.00	    0.00	    0.00	    0.00	    0.00	    0.00	 4182.22	    0.00	    0.00	    0.00	    0.00	    0.00	    0.00	  399.58	  599.46	  389.95	  139.68	  999.72	  998.84	 2599.78	  500.06	  799.95	  299.97	  199.99
6	17	  430.69	  336.69	    8.45	  431.95	  120.01	  985.89	 7917.78	 4520.58	  824.33	    0.63	    0.12	  218.39	    0.02	    0.00	    0.00	    0.00	    0.02	    0.00	    0.00	    0.00	    0.00	    0.00	    0.00	    0.00
7	5	    0.00	    0.00	    0.00	    0.00	    0.00	    0.00	 2270.76	 4044.58	    0.00	    0.12	    0.00	    0.00	    0.00	    0.00	    0.12	 3367.00	  700.57	  436.48	  299.93	 1006.48	   99.99	  299.94	    0.00	    0.01
7	6	  930.69	  536.69	  108.45	  831.95	  320.01	 1385.89	    0.00	 5520.58	 1424.28	    2.55	    0.95	  918.33	   60.18	    0.00	    0.00	    0.00	    0.11	    0.00	    0.00	    0.00	    0.00	    0.00	    0.00	    0.00
7	8	    0.00	    0.00	    0.00	    0.00	    0.00	    0.00	  911.46	 3755.35	    0.00	    0.00	    0.00	    0.00	    0.00	    0.00	    0.00	 1258.42	    0.00	  263.36	    0.00	  693.65	    0.11	    0.09	    0.00	    0.00
7	15	  469.79	  563.21	  173.85	  688.77	  430.44	 1314.10	    0.00	 3379.49	  895.26	    0.00	    0.06	  473.53	    0.31	    0.00	    0.00	    0.00	    0.00	    0.00	    0.00	    0.00	    0.00	    0.00	    0.00	    0.00
8	4	    0.00	    0.00	    0.00	    0.00	    0.00	    0.00	  306.43	  560.80	 4100.05	 5857.92	    0.00	    0.00	    0.00	    0.00	 1642.50	  480.00	 1384.84	   63.06	  618.39	   93.65	   97.36	  598.60	    0.00	    0.00
8	7	    0.08	    0.04	   86.75	  471.37	  276.65	    0.09	    0.00	    0.00	 3119.40	 1602.35	  796.04	  361.42	  121.49	    0.00	    0.00	    0.00	    0.22	    0.00	    0.00	    0.00	    0.00	    0.00	    0.00	    0.00
8	9	 2497.90	  699.81	  517.46	 2876.73	 1846.53	  999.81	    5.10	 2394.65	 8980.56	    0.00	    0.00	  531.76	  395.92	    0.00	    0.00	    0.24	    0.00	    0.38	    0.00	    0.33	    0.00	    0.00	    0.00	    0.00
9	8	    0.00	    0.00	    0.00	    0.00	    0.00	    0.00	    0.05	    0.00	    0.00	10260.26	 2195.88	    0.05	    0.05	  600.00	 2642.50	  621.76	 2285.05	    0.07	 1018.39	    0.30	  397.25	 1298.51	  500.00	    0.29
9	10	    0.00	    0.00	    0.00	    0.00	    0.00	    0.00	  499.69	  794.74	 1713.40	 8407.82	    0.00	    0.00	    0.00	    0.00	 1293.23	 1553.10	 1914.24	  199.89	  428.21	  427.12	    1.83	  492.28	    0.00	    0.00
9	14	  798.70	   99.93	   99.84	 1097.85	  597.15	  199.94	    0.00	    0.00	 3086.56	14589.03	 1904.49	  645.55	    4.85	    0.00	    0.00	    0.00	    0.77	    0.00	    0.00	    0.00	    0.00	    0.00	    0.00	    0.00
9	15	    0.00	    0.00	   17.73	   79.41	   49.63	    0.00	    0.00	    0.00	  480.75	 8042.15	 2170.56	  206.33	    0.11	    0.00	    0.00	    0.00	    0.00	    0.00	    0.00	    0.00	    0.00	    0.00	    0.00	    0.00
9	16	  399.50	    0.02	   99.96	  499.79	  199.92	    0.04	    0.08	    0.11	  899.84	 3900.73	 1000.09	  599.99	  499.86	    0.06	    0.12	    0.11	    0.00	    0.05	    0.07	    0.14	    0.05	    0.14	    0.05	    0.02
10	3	    0.00	    0.00	    0.00	    0.00	    0.00	    0.00	    0.00	    0.00	    0.00	    1.19	 3405.62	    0.00	    0.00	 1199.59	    1.60	    0.00	    0.44	    0.00	    0.65	    0.00	    0.06	    1.35	  697.71	    0.04
10	9	    0.30	    0.08	    0.08	    0.32	    0.16	    0.10	    0.00	    0.00	    0.00	    0.00	11171.03	 2920.16	 2008.95	 1109.02	    0.00	    0.00	    0.00	    0.00	    0.00	    0.00	    0.00	    0.00	  339.40	   54.82
10	11	    0.00	    0.00	    0.00	    0.00	    0.00	    0.00	    0.00	    0.00	    0.10	 3241.00	 2400.47	    0.00	    0.00	  713.54	  659.30	  153.39	  914.09	    0.02	  282.53	    0.00	    0.00	    0.00	    0.00	    0.00
10	13	  301.43	  100.10	  100.19	 1000.42	  199.80	  199.72	    0.00	    0.02	  313.71	 1165.80	 5322.88	 1054.15	   22.16	    0.00	    0.00	    0.00	    0.04	    0.00	    0.00	    0.00	    0.00	    0.00	    0.00	    0.00
11	2	    0.00	    0.00	    0.00	    0.00	    0.00	    0.00	    0.00	    0.00	    0.00	    0.00	    0.58	 4623.90	 3556.63	    0.58	    0.05	    0.00	    0.00	    0.00	    0.00	    0.03	  302.60	  500.16	  402.33	  599.69
11	10	    0.54	    0.20	    0.27	    0.08	    0.02	    0.07	    0.00	    0.00	    0.00	    0.00	    0.00	 5373.98	 3030.84	    0.00	    0.00	    0.00	    0.00	    0.00	    0.00	    0.00	    0.04	    0.00	    0.00	    0.56
11	12	 1399.89	  300.11	  299.98	 1001.82	  203.07	  300.37	   76.92	  600.00	  799.60	 1900.00	 1000.96	 3902.13	    0.00	   13.72	    3.46	    0.54	  499.89	    0.03	    1.48	    0.04	    0.00	    0.00	    0.00	    0.00
12	11	    0.00	    0.00	    0.00	    0.00	    0.00	    0.00	    0.06	    0.00	    0.00	    0.00	    0.00	    0.00	 7887.48	    0.66	    0.00	    0.32	    0.00	    0.49	    0.00	  499.96	  602.64	 1200.16	 1102.33	 1100.24
12	23	  899.89	    0.11	  199.98	  401.82	    3.07	  100.37	    0.00	    0.00	  199.60	    0.00	    0.96	 2602.13	 6712.52	    0.00	    0.00	    0.00	    0.00	    0.00	    0.00	    0.00	    0.00	    0.00	    0.00	    0.00
13	10	    0.00	    0.00	    0.00	    0.00	    0.00	    0.00	    0.00	    0.00	    0.00	    0.00	    0.00	    0.00	    0.00	 4622.09	  767.61	    0.18	    0.29	    0.11	  254.96	  172.86	  398.17	  609.03	 2337.06	  654.28
13	14	    1.33	    0.10	    0.17	    1.45	    0.06	    0.06	    0.00	    0.00	    0.00	    0.00	 1032.81	  354.13	   93.00	 6252.42	    0.00	    0.00	    0.00	    0.00	    0.00	    0.00	    0.00	    0.00	 1181.36	  120.27
13	22	    0.12	    0.01	    0.03	  498.98	   99.75	   99.66	    0.00	    0.00	  189.81	  806.59	 2690.14	    0.34	    0.43	 3225.48	  437.63	    0.00	  214.41	    0.00	  135.33	    0.00	    0.00	    0.00	    0.00	    0.00
14	9	    0.00	    0.00	    0.00	    0.00	    0.00	    0.00	    0.00	    0.00	    0.00	    0.00	    0.00	    0.00	    0.00	 1591.04	 7935.85	    0.28	    0.75	    0.05	 3246.48	 1723.49	 1599.13	 4390.93	 1960.65	  745.49
14	13	    0.00	    0.00	    0.00	    0.00	    0.00	    0.00	  199.55	  399.10	  476.10	 1740.80	    0.06	    0.00	    0.00	    0.00	 2505.24	  699.69	  914.66	   99.86	  690.28	  671.63	    0.37	  683.29	    0.00	    0.00
14	18	  300.03	    0.08	    0.01	  200.07	  100.03	    0.13	    0.02	    0.03	  400.14	 3254.88	  828.03	  300.05	  281.06	 2898.22	 5899.88	    0.05	    0.40	    0.01	    0.00	    0.05	  564.10	 2899.92	  899.98	  256.09
14	21	    0.00	    0.00	    0.00	  399.23	  297.17	    0.00	    0.00	    0.00	 1310.32	 5593.36	  709.21	    0.00	    0.00	  463.16	 5059.02	    0.22	 2479.32	    0.00	 2091.33	    0.00	    0.00	    0.00	    0.00	    0.00
15	7	    0.00	    0.00	    0.00	    0.00	    0.00	    0.00	    0.00	    0.00	    0.00	    0.26	    0.00	    0.00	    0.00	    0.40	    0.65	 6435.47	 1960.78	    0.12	    1.09	    0.34	    0.05	    0.08	    0.03	    0.02
15	9	    0.00	    0.05	    0.00	    0.00	    0.00	    0.07	 2394.50	    0.20	    0.00	    0.00	    0.00	    0.00	    0.00	    0.00	    0.00	 6573.35	    0.55	  899.50	    0.19	 1203.56	    0.00	    0.00	    0.00	    0.00
15	16	    0.49	  199.98	    0.03	    0.18	    0.08	  499.99	 1000.35	 1400.23	    0.11	    0.49	    0.09	    0.05	    0.00	    0.00	    0.00	 5975.91	    0.00	  600.15	    0.00	 1529.50	  351.10	    0.00	    0.00	  130.13
15	17	    0.02	    0.00	    0.00	    0.03	    0.00	    0.02	    0.00	    0.14	    0.49	 3643.18	  770.92	    0.12	    0.00	    0.03	    0.15	 7115.27	 3761.56	    0.00	    0.15	    0.00	    0.00	    0.00	    0.00	    0.00
16	9	    0.00	    0.00	    0.00	    0.00	    0.00	    0.00	    0.22	    0.00	    0.00	    0.00	    0.00	    0.00	    0.00	    0.00	    0.00	    1.09	 8098.77	    0.08	    0.00	    0.18	    0.00	    0.00	    0.00	    0.00
16	15	    0.00	    0.00	    0.00	    0.00	    0.00	    0.00	    0.00	    0.00	    0.00	    1.41	    0.27	    0.09	    0.08	  689.23	 1181.58	    0.00	 8522.78	    0.00	 1280.66	    0.00	    0.05	    0.10	    0.04	    0.03
16	18	    0.03	    0.02	    0.00	    0.02	    0.01	    0.03	    0.21	    0.34	    0.03	    0.15	    0.00	    0.00	    0.00	    0.00	    0.00	 3174.94	 6778.45	    0.12	    0.00	    0.00	    0.00	    0.00	    0.00	    0.00
17	6	    0.00	    0.00	    0.00	    0.00	    0.00	    0.00	    0.00	    0.00	    0.05	 1898.08	  499.17	    0.06	  339.84	  599.58	 1099.46	 1789.95	 1139.60	 1199.72	 1398.84	 3099.78	  700.06	 1299.95	  499.97	  299.99
17	15	   30.72	   36.83	    8.45	   32.03	   20.02	   85.98	 4794.85	  221.09	   24.58	    0.35	    0.11	   20.22	  599.51	   11.20	   19.22	    0.00	    0.11	 1999.77	   20.77	 4333.40	  951.10	 1199.97	  499.99	  430.13
17	19	  299.99	  299.86	    0.00	  299.95	  100.00	  799.93	 2922.94	 3999.63	  600.19	 1045.57	  171.77	    0.02	    0.00	    0.00	    0.00	 4825.31	 2022.01	 1600.51	    0.00	    0.00	    0.00	    0.00	    0.00	    0.00
18	14	    0.00	    0.06	    0.00	    0.00	    0.00	    0.13	  699.51	  999.05	    0.00	    0.00	    0.00	    0.00	    0.00	    0.00	    0.00	 1900.10	 4894.35	  299.89	 6828.08	 3494.73	    0.15	    0.37	    0.15	    0.07
18	16	    0.04	    0.02	    0.01	    0.05	    0.02	    0.00	    0.00	    0.00	    0.08	    0.35	    0.09	    0.05	    0.22	 1389.17	 2681.46	    0.00	    0.00	    0.00	 2980.59	  170.54	  248.90	 1699.97	  599.99	  169.87
18	19	    0.02	    0.00	    0.00	    0.04	    0.02	    0.02	    0.00	    0.00	    0.09	 1454.68	  427.94	    0.00	    0.00	 1209.07	 2418.42	    0.00	  184.50	    0.00	 2991.32	    0.00	    0.00	    0.00	    0.00	    0.00
19	17	    0.00	    0.00	    0.00	    0.00	    0.00	    0.00	    0.00	    0.00	    0.00	    0.20	    0.01	    1.78	 1039.32	  710.75	 1318.54	    0.00	    0.13	    0.00	 1719.46	 7833.19	 1751.16	 2799.92	 1099.96	  730.12
19	18	    0.00	   99.98	    0.00	    0.00	    0.00	  199.99	 1099.28	 1698.68	    0.00	    0.00	    0.00	    0.00	   19.16	    0.01	    0.00	   25.11	    0.00	  599.76	    0.00	 4865.22	   84.95	    0.42	    0.17	   13.84
19	20	    0.00	    0.00	    0.00	    0.01	    0.00	  100.01	  623.35	  600.29	    0.13	    0.05	    0.02	    0.01	    0.02	    0.02	    0.03	 1500.20	  506.34	  200.57	   71.97	 2700.75	    0.00	    0.07	    0.03	    0.02
19	21	    0.00	   99.88	    0.00	    0.02	    0.01	  199.96	  700.30	  800.66	    0.15	    0.21	    0.04	    0.00	    0.00	    0.00	    0.16	 1700.00	    0.10	  400.17	    0.08	 3100.84	    0.17	    0.00	    0.00	    0.00
20	19	    0.00	    0.00	    0.00	    0.00	    0.00	    0.00	    0.00	    0.00	    0.00	    0.10	    0.02	  401.70	 1658.33	    0.08	    0.16	    0.00	    0.07	    0.00	    0.17	    0.00	 3036.28	    0.23	    2.18	 1143.68
20	21	  262.01	    0.09	   65.50	    0.00	    0.00	    0.03	    0.06	    0.07	    0.00	    0.00	    0.00	  458.53	 1464.04	    0.00	    0.00	    0.15	    0.00	    0.03	    0.00	    0.39	 4764.73	    0.00	    0.00	 1599.35
20	23	    0.00	    0.00	    0.00	    0.00	    0.00	    0.02	  423.29	  200.22	    0.25	  485.66	    0.00	    0.00	    0.00	    0.00	  682.53	  900.13	  215.18	  100.54	  255.24	 1500.36	 3198.99	 2344.61	    0.00	    0.00
21	14	    0.00	    0.00	    0.00	    0.00	    0.00	    0.00	    0.06	    0.08	    0.00	    0.00	    0.00	    0.38	  883.20	    0.00	    0.00	    0.15	    0.00	    0.03	    0.00	    0.44	 2963.44	10573.77	 2679.12	 1281.23
21	19	    0.00	    0.00	    0.00	    0.04	    0.00	    0.00	    0.00	    0.00	    0.00	    0.10	    0.34	    0.08	    0.18	    1.63	    0.14	    0.00	    0.00	    0.00	    0.00	    0.00	    0.00	 5200.18	 1797.98	    0.30
21	20	    0.01	    0.00	    0.00	    0.03	   97.30	    0.00	    0.00	    0.00	  300.12	 1685.72	    1.71	    0.04	    0.08	    0.44	 1482.66	    0.08	  308.90	    0.00	  583.45	    0.00	    0.00	 4144.77	    0.77	    0.00
21	22	    0.00	    0.00	    0.00	    0.00	    0.00	    0.01	  200.30	  300.66	  310.35	 1307.75	    0.00	    0.00	    0.00	    0.00	  976.37	  500.14	  470.52	  100.18	  307.96	  700.80	    1.46	 4481.28	    0.00	    0.00
22	13	    0.01	    0.00	    0.00	    0.02	    0.00	    0.00	    0.45	    0.88	    0.00	    0.00	    0.00	    0.32	  671.27	    0.00	    0.00	    0.49	    0.00	    0.25	    0.01	    1.23	  797.80	 1125.73	 4618.41	 1174.56
22	21	  138.00	    0.03	   34.50	    0.82	    0.11	    0.03	    0.00	    0.00	    0.00	    0.00	  392.80	  241.97	  719.42	  738.91	    0.00	    0.00	    0.00	    0.00	    0.00	    0.00	    0.00	    0.00	 6577.87	  782.19
22	23	    0.01	    0.00	    0.00	    0.03	    0.00	    0.01	    0.01	    0.03	    0.16	  314.34	  997.39	    0.07	    0.00	 1386.57	  414.01	    0.07	   84.93	    0.00	  143.28	    0.12	    0.06	 1255.63	 3303.72	    0.00
23	12	    0.00	    0.00	    0.00	    0.00	    0.00	    0.00	  323.15	    0.00	    0.00	    0.00	    0.00	    0.00	    0.00	  586.95	  696.54	  599.78	    0.11	  100.46	  298.52	 1099.92	 1202.64	 2500.16	 1902.33	 1800.24
23	20	  362.00	    0.09	   65.50	  199.97	    2.70	    0.03	    0.00	    0.00	    0.00	    0.00	  398.30	 1160.18	 3722.27	  399.62	    0.00	    0.00	    0.00	    0.00	    0.00	    0.00	    0.00	    0.00	  701.38	 3243.01
23	22	  437.91	    0.02	  134.47	    1.88	    0.37	    0.37	    0.16	    0.25	    0.00	    0.00	    0.05	  942.02	 2190.26	    0.00	    0.00	    0.41	    0.00	    0.08	    0.00	    0.56	 1496.40	    0.09	    0.00	 2656.74
