0.000000000000000000e+00 1.000000000000000000e+00 1.885643657312347204e+04
0.000000000000000000e+00 2.000000000000000000e+00 1.153680240470817080e+04
1.000000000000000000e+00 0.000000000000000000e+00 7.315102289938341528e+03
1.000000000000000000e+00 5.000000000000000000e+00 1.586604387612983373e+04
2.000000000000000000e+00 0.000000000000000000e+00 9.399418238688258498e+03
2.000000000000000000e+00 3.000000000000000000e+00 1.240090878223297659e+04
2.000000000000000000e+00 1.100000000000000000e+01 1.634033643217695499e+04
3.000000000000000000e+00 2.000000000000000000e+00 2.046413916656855145e+04
3.000000000000000000e+00 4.000000000000000000e+00 1.759804171051921367e+04
3.000000000000000000e+00 1.000000000000000000e+01 1.117807335310959206e+04
4.000000000000000000e+00 3.000000000000000000e+00 5.458720972185407845e+03
4.000000000000000000e+00 5.000000000000000000e+00 9.790501171564348624e+03
4.000000000000000000e+00 8.000000000000000000e+00 1.287323177067838878e+04
5.000000000000000000e+00 1.000000000000000000e+00 3.521688808287391566e+03
5.000000000000000000e+00 4.000000000000000000e+00 5.817133678391776812e+03
5.000000000000000000e+00 7.000000000000000000e+00 7.750874369447448771e+03
6.000000000000000000e+00 7.000000000000000000e+00 6.246451892022864740e+03
6.000000000000000000e+00 1.700000000000000000e+01 6.441561220893181599e+03
7.000000000000000000e+00 5.000000000000000000e+00 8.374107987322844565e+03
7.000000000000000000e+00 6.000000000000000000e+00 5.705659633760501492e+03
7.000000000000000000e+00 8.000000000000000000e+00 1.157761625112177626e+03
7.000000000000000000e+00 1.500000000000000000e+01 5.219169464225086813e+03
8.000000000000000000e+00 4.000000000000000000e+00 2.663458302959858884e+03
8.000000000000000000e+00 7.000000000000000000e+00 3.569755123075610300e+03
8.000000000000000000e+00 9.000000000000000000e+00 9.465479340128233162e+03
9.000000000000000000e+00 8.000000000000000000e+00 6.949385414710207442e+03
9.000000000000000000e+00 1.000000000000000000e+01 9.366205762854795466e+03
9.000000000000000000e+00 1.400000000000000000e+01 4.902138709462884435e+03
9.000000000000000000e+00 1.500000000000000000e+01 1.038834684288462086e+04
9.000000000000000000e+00 1.600000000000000000e+01 1.018658861044549099e+03
1.000000000000000000e+01 3.000000000000000000e+00 1.706268375958292836e+03
1.000000000000000000e+01 9.000000000000000000e+00 7.602180172807025883e+03
1.000000000000000000e+01 1.100000000000000000e+01 5.813464977863071908e+03
1.000000000000000000e+01 1.300000000000000000e+01 5.327049323413689308e+03
1.100000000000000000e+01 2.000000000000000000e+00 3.293751928000550834e+03
1.100000000000000000e+01 1.000000000000000000e+01 5.438854803088775043e+03
1.100000000000000000e+01 1.200000000000000000e+01 4.686308098505293856e+03
1.200000000000000000e+01 1.100000000000000000e+01 4.619638339798073503e+03
1.200000000000000000e+01 2.300000000000000000e+01 4.841984689528066156e+03
1.300000000000000000e+01 1.000000000000000000e+01 6.586201504441711222e+03
1.300000000000000000e+01 1.400000000000000000e+01 2.819496233419696637e+03
1.300000000000000000e+01 2.200000000000000000e+01 3.174683169575565444e+03
1.400000000000000000e+01 9.000000000000000000e+00 8.630509046523609868e+03
1.400000000000000000e+01 1.300000000000000000e+01 5.272327426351481336e+03
1.400000000000000000e+01 1.800000000000000000e+01 1.089293190317275366e+04
1.400000000000000000e+01 2.100000000000000000e+01 1.146236155099847019e+04
1.500000000000000000e+01 7.000000000000000000e+00 5.776998335287784357e+03
1.500000000000000000e+01 9.000000000000000000e+00 8.968981998413768451e+03
1.500000000000000000e+01 1.600000000000000000e+01 8.301857179162318062e+03
1.500000000000000000e+01 1.700000000000000000e+01 5.979584895342179152e+03
1.600000000000000000e+01 9.000000000000000000e+00 5.140671895514458356e+02
1.600000000000000000e+01 1.500000000000000000e+01 1.022777643683947827e+04
1.600000000000000000e+01 1.800000000000000000e+01 7.049541523112314280e+03
1.700000000000000000e+01 6.000000000000000000e+00 5.912403905521060551e+03
1.700000000000000000e+01 1.500000000000000000e+01 5.654216538273179140e+03
1.700000000000000000e+01 1.900000000000000000e+01 4.451782896869985962e+03
1.800000000000000000e+01 1.400000000000000000e+01 6.721133095980640064e+03
1.800000000000000000e+01 1.600000000000000000e+01 9.442752825076988302e+03
1.800000000000000000e+01 1.900000000000000000e+01 3.111107488969985752e+03
1.900000000000000000e+01 1.700000000000000000e+01 5.436749800362265887e+03
1.900000000000000000e+01 1.800000000000000000e+01 1.850857965492212315e+03
1.900000000000000000e+01 2.000000000000000000e+01 1.931534954682562557e+03
1.900000000000000000e+01 2.100000000000000000e+01 1.987240237179535598e+03
2.000000000000000000e+01 1.900000000000000000e+01 2.298551555040271069e+03
2.000000000000000000e+01 2.100000000000000000e+01 4.697789219158248670e+03
2.000000000000000000e+01 2.300000000000000000e+01 6.143535843573194143e+03
2.100000000000000000e+01 1.400000000000000000e+01 7.914613124098318622e+03
2.100000000000000000e+01 1.900000000000000000e+01 2.022447989460827557e+03
2.100000000000000000e+01 2.000000000000000000e+01 6.398917562565073240e+03
2.100000000000000000e+01 2.200000000000000000e+01 3.823627880061304495e+03
2.200000000000000000e+01 1.300000000000000000e+01 2.823303378015004910e+03
2.200000000000000000e+01 2.100000000000000000e+01 3.696813989535675319e+03
2.200000000000000000e+01 2.300000000000000000e+01 2.020282985531639042e+03
2.300000000000000000e+01 1.200000000000000000e+01 5.193652912570507397e+03
2.300000000000000000e+01 2.000000000000000000e+01 5.327762082273741726e+03
2.300000000000000000e+01 2.200000000000000000e+01 2.190011780632527916e+03
