i	j	o21d3l10
0	1	 4486.41
0	2	 8086.73
1	0	 4487.03
1	5	 5979.97
2	0	 8086.11
2	3	14000.72
2	11	10228.28
3	2	14244.71
3	4	17994.05
3	10	 5212.64
4	3	17845.96
4	5	 8801.80
4	8	15779.74
5	1	 5980.59
5	4	 8797.03
5	7	12488.34
6	7	12075.34
6	17	15808.99
7	5	12484.18
7	6	12044.62
7	8	 6887.72
7	15	 8384.42
8	4	15636.43
8	7	 6840.64
8	9	21735.71
9	8	21645.31
9	10	17865.30
9	14	23154.50
9	15	11048.59
9	16	 8100.59
10	3	 5704.71
10	9	17567.68
10	11	 8221.91
10	13	 9756.66
11	2	 9983.67
11	10	 8418.05
11	12	12349.96
12	11	12401.49
12	23	11112.98
13	10	 9854.98
13	14	 9049.66
13	22	 8371.13
14	9	23225.75
14	13	 9116.07
14	18	19089.90
14	21	18383.18
15	7	 8396.64
15	9	11084.62
15	16	11689.82
15	17	15268.94
16	9	 8100.52
16	15	11674.14
16	18	 9954.37
17	6	15839.70
17	15	15332.87
17	19	18995.50
18	14	19138.77
18	16	 9938.62
18	19	 8680.64
19	17	18990.14
19	18	 8713.76
19	20	 6303.77
19	21	 7004.81
20	19	 6234.60
20	21	 8638.99
20	23	10314.85
21	14	18371.97
21	19	 7001.74
21	20	 8615.27
21	22	 9683.90
22	13	 8403.04
22	21	 9645.90
22	23	 7846.75
23	12	11064.51
23	20	10269.40
23	22	 7840.67
