i	j	       0	       1	       2	       3	       4	       5	       6	       7	       8	       9	      10	      11	      12	      13	      14	      15	      16	      17	      18	      19	      20	      21	      22	      23
0	1	 2600.82	    0.00	  269.55	  200.03	   16.25	    0.00	    0.01	    0.02	   32.51	   97.56	  200.03	  469.06	  461.27	  100.01	   16.27	    0.02	    0.04	    0.00	    0.06	    0.00	    0.01	    0.07	    0.12	   29.92
0	2	 6199.18	 1168.71	    0.00	    0.00	    0.00	  239.78	  141.29	  242.03	    0.00	    0.00	    0.00	    0.00	    0.00	    0.00	    0.00	  103.18	    0.00	   34.45	    0.00	    0.02	    0.00	    0.00	    0.00	    0.00
1	0	    0.00	 1268.71	    0.00	    0.00	    0.00	  539.78	  641.27	 1042.00	    0.00	    0.00	    0.00	    0.00	    0.00	    0.00	    0.00	  603.16	    0.26	  134.44	    0.03	  300.01	    0.00	    0.02	    0.00	    0.00
1	5	 2500.82	 2731.29	  169.55	    0.04	    0.00	    0.00	    0.00	    0.00	    0.00	    0.00	    0.04	  369.06	  161.27	    0.02	    0.00	    0.00	    0.00	    0.00	    0.00	    0.00	    0.01	    0.03	    0.12	   29.92
2	0	    0.00	    0.00	  369.55	  700.03	  216.25	    0.00	    0.03	    0.05	  532.51	 1397.56	  700.03	  669.06	  961.27	  400.01	  516.27	    0.04	  399.78	    0.00	  300.03	    0.02	  100.01	  400.05	  300.12	  129.92
2	3	 4499.22	  668.64	 1930.43	    0.00	    0.00	    0.00	    0.00	    0.00	    0.00	    0.00	    0.00	 3755.77	 2498.62	    0.14	    0.00	    0.00	    0.00	    0.00	    0.00	    0.00	  204.02	    0.03	    2.90	  469.75
2	11	 1599.96	  400.07	  500.02	 1601.74	  405.62	  500.45	  795.14	 1200.00	 1399.58	  650.13	    1.00	    0.00	    0.00	    0.32	   54.66	  544.06	  183.37	  199.67	   23.43	    0.04	    0.00	    0.00	    0.00	    0.00
3	2	    0.00	    0.00	    0.00	 2501.76	  721.87	  560.67	  753.88	 1158.02	 2032.09	 2347.69	 1000.78	    0.00	    0.00	  500.09	  670.88	  640.92	  683.15	  165.23	  323.45	    0.04	    0.00	    0.08	    0.00	    0.00
3	4	 3197.19	  168.59	 1330.19	 6696.75	    0.00	    0.00	    0.00	    0.00	    0.00	    0.12	  904.09	 3155.57	 1898.47	  200.06	    0.09	    0.00	    0.00	    0.00	    0.05	    0.00	    4.08	    0.10	  199.88	  269.72
3	10	  802.03	  300.09	  400.24	 2401.49	  699.75	  599.58	    0.64	    3.57	    0.82	    0.17	    0.00	    0.20	    0.15	    0.07	    0.06	    0.22	    0.04	    0.03	    0.02	    0.03	    0.02	    0.05	    0.05	    0.03
4	3	    0.00	    0.05	    0.00	    0.00	 1921.62	 1560.25	 1154.51	 1861.59	 2732.91	 3547.48	    0.00	    0.00	    0.00	    0.00	 1168.49	 1441.13	 1183.14	  265.26	  522.43	  300.06	    0.03	  399.25	    0.00	    0.00
4	5	    0.00	    0.00	  524.62	 2137.74	 1264.66	    0.00	    0.02	    0.03	  567.65	 1302.38	  403.78	 1458.31	  580.07	  100.08	  283.69	    0.04	    0.15	    0.00	    0.08	    0.01	    0.01	    0.00	   99.88	   70.06
4	8	 2997.19	  899.85	  705.57	 4059.01	 2913.72	 1399.97	    0.03	    0.10	    0.00	    0.00	    0.31	 1497.27	 1118.40	    0.00	    0.00	    0.06	    0.00	    0.01	    0.00	    0.03	    0.01	    0.00	    0.00	  199.66
5	1	    0.00	    0.00	    0.00	    0.02	   83.75	  939.78	  841.26	 1441.98	  167.49	  502.44	    0.02	    0.00	    0.00	    0.01	   83.73	 1003.14	  200.22	  134.44	   99.97	  400.00	    0.00	   99.98	    0.00	    0.00
5	4	    0.00	  831.30	    0.00	    0.00	    0.00	 3160.21	 1044.37	 1802.80	    0.00	    0.00	    0.00	    0.00	    0.00	    0.00	    0.00	 1458.83	    0.13	  202.20	    0.03	  306.39	    0.00	    0.00	    0.00	    0.00
5	7	 2200.82	 1499.98	  394.17	 1737.77	  980.92	 3500.01	    0.00	    0.00	    0.15	    0.07	    3.81	 1627.37	  541.34	    0.09	    0.00	    0.00	    0.00	    0.00	    0.00	    0.00	    0.00	    0.00	    0.00	    0.00
6	7	    0.00	    0.00	    0.00	    0.00	    0.00	    0.00	 4200.72	    0.00	    0.00	    0.00	    0.00	    0.00	    0.00	  399.44	  599.27	  384.96	  142.55	  999.82	  998.64	 2599.48	  500.01	  799.86	  299.97	  199.99
6	17	  429.37	  335.28	    8.64	  432.79	  120.60	  982.28	 7899.28	 4510.15	  819.89	    0.22	    0.14	  221.71	    0.02	    0.00	    0.00	    0.00	    0.03	    0.00	    0.00	    0.00	    0.00	    0.00	    0.00	    0.00
7	5	    0.00	    0.00	    0.00	    0.00	    0.00	    0.00	 2285.61	 4044.75	    0.00	    0.13	    0.00	    0.00	    0.00	    0.00	    0.04	 3361.93	  700.20	  436.64	  299.92	 1006.38	   99.99	  299.95	    0.00	    0.01
7	6	  929.37	  535.28	  108.64	  832.79	  320.60	 1382.28	    0.00	 5510.15	 1419.83	    2.82	    1.14	  921.63	   64.88	    0.00	    0.00	    0.00	    0.11	    0.00	    0.00	    0.00	    0.00	    0.00	    0.00	    0.00
7	8	    0.00	    0.00	    0.00	    0.00	    0.00	    0.00	  915.10	 3755.19	    0.00	    0.00	    0.00	    0.00	    0.00	    0.00	    0.00	 1271.19	    0.00	  263.32	    0.00	  693.41	    0.07	    0.00	    0.00	    0.00
7	15	  471.53	  564.75	  174.20	  690.07	  431.16	 1317.83	    0.00	 3389.91	  867.42	    0.48	    0.41	  473.30	    0.36	    0.00	    0.00	    0.00	    0.00	    0.00	    0.00	    0.00	    0.00	    0.00	    0.00	    0.00
8	4	    0.00	    0.00	    0.00	    0.00	    0.00	    0.00	  310.19	  558.93	 4100.56	 5849.73	    0.00	    0.00	    0.00	    0.02	 1652.09	  482.40	 1383.16	   63.07	  622.43	   93.71	   95.97	  599.15	    0.00	    0.00
8	7	    0.08	    0.04	   88.67	  485.09	  270.84	    0.09	    0.00	    0.00	 3087.10	 1603.08	  797.74	  367.56	  123.89	    0.00	    0.00	    0.00	    0.23	    0.00	    0.00	    0.00	    0.00	    0.00	    0.00	    0.00
8	9	 2497.11	  699.81	  516.90	 2873.92	 1842.87	  999.87	    5.00	 2396.37	 9012.34	    0.00	    0.00	  529.76	  394.56	    0.00	    0.00	    0.25	    0.00	    0.32	    0.00	    0.00	    0.00	    0.00	    0.00	    0.00
9	8	    0.00	    0.00	    0.00	    0.00	    0.00	    0.00	    0.05	    0.00	    0.00	10252.81	 2197.43	    0.05	    0.05	  600.02	 2652.09	  611.40	 2283.39	    0.06	 1022.43	    0.28	  395.88	 1299.15	  500.00	    0.34
9	10	    0.00	    0.00	    0.00	    0.00	    0.00	    0.00	  499.28	  796.47	 1719.77	 8432.51	    0.00	    0.00	    0.00	    0.15	 1273.19	 1555.75	 1915.74	  199.91	  420.65	  429.40	    1.56	  498.27	    0.12	    0.00
9	14	  797.97	   99.85	   99.76	 1096.79	  594.61	  199.90	    0.00	    0.00	 3079.74	14596.99	 1923.97	  652.17	    8.44	    0.00	    0.00	    0.00	    0.82	    0.00	    0.00	    0.00	    0.00	    0.00	    0.00	    0.00
9	15	    0.00	    0.00	   17.19	   77.35	   48.34	    0.00	    0.00	    0.00	  512.98	 8016.61	 2157.63	  205.01	    0.12	    0.00	    0.00	    0.00	    0.00	    0.00	    0.00	    0.00	    0.00	    0.00	    0.00	    0.00
9	16	  399.13	    0.02	   99.96	  499.78	  199.92	    0.04	    0.09	    0.12	  899.85	 3901.08	  999.81	  599.73	  499.78	    0.11	    0.13	    0.12	    0.00	    0.05	    0.07	    0.15	    0.05	    0.15	    0.05	    0.03
10	3	    0.00	    0.00	    0.00	    0.00	    0.00	    0.00	    0.00	    0.00	    0.00	    0.50	 3404.87	    0.00	    0.00	 1200.09	    2.54	    0.00	    0.05	    0.00	    1.10	    0.00	    0.05	    0.95	  697.03	    0.00
10	9	    0.00	    0.00	    0.00	    0.00	    0.00	    0.00	    0.00	    0.00	    0.00	    0.00	11178.84	 2927.20	 2013.83	 1084.99	    0.00	    0.00	    0.00	    0.00	    0.00	    0.00	    0.00	    0.00	  346.82	   60.23
10	11	    0.00	    0.00	    0.00	    0.00	    0.00	    0.00	    0.00	    0.00	    0.19	 3249.87	 2399.65	    0.00	    0.00	  711.51	  649.94	  156.31	  916.56	    0.02	  278.52	    0.08	    0.00	    0.11	    0.00	    0.00
10	13	  302.16	  100.14	  100.30	 1001.57	  199.77	  199.66	    0.00	    0.04	  320.40	 1182.30	 5316.64	 1047.27	   15.03	    0.00	    0.00	    0.00	    0.00	    0.00	    0.00	    0.00	    0.00	    0.00	    0.00	    0.00
11	2	    0.00	    0.00	    0.00	    0.00	    0.00	    0.00	    0.00	    0.00	    0.00	    0.00	    0.25	 4624.84	 3559.90	    0.37	    0.05	    0.00	    0.00	    0.00	    0.00	    0.00	  304.03	  500.00	  403.02	  599.67
11	10	    0.12	    0.05	    0.06	    0.08	    0.03	    0.08	    0.00	    0.00	    0.00	    0.00	    0.00	 5374.26	 3028.71	    0.00	    0.00	    0.00	    0.00	    0.00	    0.00	    0.00	    0.04	    0.00	    0.00	    0.52
11	12	 1399.83	  300.02	  299.95	 1001.65	  205.59	  300.37	   95.14	  600.00	  799.78	 1900.00	 1000.40	 3900.90	    0.00	   12.08	    4.54	    0.36	  499.93	    0.03	    1.95	    0.00	    0.00	    0.00	    0.00	    0.00
12	11	    0.00	    0.00	    0.00	    0.00	    0.00	    0.00	    0.00	    0.00	    0.00	    0.00	    0.00	    0.00	 7888.60	    0.62	    0.00	    0.00	    0.00	    0.34	    0.00	  499.88	  604.07	 1199.89	 1103.02	 1100.19
12	23	  899.83	    0.02	  199.95	  401.65	    5.59	  100.37	    0.00	    0.00	  199.78	    0.00	    0.40	 2600.90	 6711.40	    0.00	    0.00	    0.00	    0.00	    0.00	    0.00	    0.00	    0.00	    0.00	    0.00	    0.00
13	10	    0.00	    0.00	    0.00	    0.00	    0.00	    0.00	    0.08	    0.00	    0.00	    0.00	    0.00	    0.00	    0.00	 4596.37	  779.22	    0.35	    0.84	    0.08	  258.95	  170.65	  398.42	  602.74	 2343.68	  659.69
13	14	    1.99	    0.14	    0.26	    2.31	    0.04	    0.02	    0.00	    0.00	    0.00	    0.00	 1015.26	  347.78	  100.55	 6264.83	    0.00	    0.00	    0.00	    0.00	    0.00	    0.00	    0.00	    0.00	 1181.48	  125.30
13	22	    0.17	    0.01	    0.05	  499.28	   99.74	   99.64	    0.00	    0.00	  195.47	  813.21	 2701.45	    0.00	    0.00	 3238.80	  419.17	    0.00	  213.67	    0.00	  131.71	    0.00	    0.00	    0.00	    0.00	    0.00
14	9	    0.00	    0.00	    0.00	    0.00	    0.00	    0.00	    0.08	    0.00	    0.00	    0.00	    0.00	    0.00	    0.00	 1615.29	 7925.41	    0.30	    0.00	    0.09	 3242.95	 1706.51	 1597.50	 4397.57	 1953.35	  740.14
14	13	    0.00	    0.00	    0.00	    0.00	    0.00	    0.00	  199.75	  399.35	  475.07	 1730.91	    0.07	    0.00	    0.00	    0.00	 2498.39	  699.21	  914.51	   99.92	  690.65	  669.77	    1.14	  708.05	    0.00	    0.00
14	18	  299.97	    0.07	    0.01	  200.04	  100.01	    0.14	    0.02	    0.03	  400.13	 3279.34	  840.78	  300.02	  278.94	 2897.00	 5899.20	    0.06	    0.42	    0.01	    0.00	    0.05	  522.13	 2899.80	  899.94	  242.79
14	21	    0.00	    0.00	    0.00	  399.06	  294.64	    0.00	    0.00	    0.00	 1304.54	 5586.73	  698.39	    0.00	    0.00	  452.90	 5077.01	    0.24	 2554.29	    0.03	 2108.29	    0.00	    0.00	    0.00	    0.00	    0.00
15	7	    0.00	    0.00	    0.00	    0.00	    0.00	    0.00	    0.00	    0.00	    0.00	    0.27	    0.00	    0.00	    0.00	    0.47	    0.77	 6448.16	 1957.53	    0.14	    1.28	    0.31	    0.05	    0.08	    0.03	    0.02
15	9	    0.00	    0.05	    0.00	    0.00	    0.00	    0.07	 2394.34	    0.22	    0.00	    0.00	    0.00	    0.00	    0.00	    0.00	    0.00	 6565.67	    0.58	  899.56	    0.20	 1223.32	    0.00	    0.00	    0.00	    0.00
15	16	    0.87	  200.06	    0.03	    0.19	    0.08	  500.12	 1000.01	 1400.92	    0.12	    0.52	    0.09	    0.20	    0.12	    0.00	    0.00	 5951.87	    0.00	  600.05	    0.00	 1526.92	  375.65	    0.12	    0.04	  141.32
15	17	    0.23	    0.10	    0.00	    0.23	    0.06	    0.41	    0.00	    1.59	    0.74	 3618.41	  758.17	    0.20	    0.02	    0.03	    0.06	 7134.30	 3728.59	    0.00	    0.06	    0.00	    0.00	    0.00	    0.00	    0.00
16	9	    0.00	    0.00	    0.00	    0.00	    0.00	    0.00	    0.00	    0.00	    0.00	    0.00	    0.00	    0.00	    0.00	    0.00	    0.00	    1.04	 8099.37	    0.05	    0.00	    0.00	    0.00	    0.00	    0.00	    0.00
16	15	    0.00	    0.00	    0.00	    0.00	    0.00	    0.00	    0.00	    0.00	    0.00	    1.74	    0.10	    0.00	    0.00	  692.44	 1188.13	    0.00	 8486.58	    0.00	 1287.84	    0.00	    0.05	    0.11	    0.05	    0.03
16	18	    0.05	    0.08	    0.00	    0.02	    0.02	    0.16	    0.10	    1.04	    0.06	    0.29	    0.00	    0.00	    0.00	    0.00	    0.00	 3150.95	 6814.05	    0.05	    0.00	    0.00	    0.00	    0.00	    0.00	    0.00
17	6	    0.00	    0.00	    0.00	    0.00	    0.00	    0.00	    0.00	    0.00	    0.05	 1897.41	  499.01	    0.08	  335.14	  599.44	 1099.27	 1784.96	 1142.47	 1199.82	 1398.64	 3099.48	  700.01	 1299.86	  499.97	  299.99
17	15	   29.57	   35.47	    8.64	   33.01	   20.63	   82.77	 4794.36	  212.82	   20.45	    0.38	    0.12	   22.10	  599.66	    8.05	   12.70	    0.00	    0.12	 1999.76	   13.70	 4350.54	  975.65	 1200.09	  500.03	  441.31
17	19	  300.03	  299.91	    0.00	  300.02	  100.03	  799.91	 2904.92	 3998.92	  600.12	 1021.07	  159.25	    0.15	    0.00	    0.00	    0.00	 4849.34	 1986.18	 1600.42	    0.00	    0.00	    0.00	    0.00	    0.00	    0.00
18	14	    0.00	    0.09	    0.00	    0.00	    0.00	    0.22	  699.68	  999.30	    0.00	    0.00	    0.00	    0.00	    0.00	    0.00	    0.00	 1899.65	 4968.40	  299.98	 6841.89	 3475.62	    0.16	    0.39	    0.16	    0.07
18	16	    0.04	    0.00	    0.01	    0.05	    0.02	    0.00	    0.00	    0.00	    0.10	    0.43	    0.20	    0.07	    0.10	 1392.33	 2688.00	    0.00	    0.00	    0.00	 2987.77	  172.94	  224.35	 1699.85	  599.95	  158.68
18	19	    0.02	    0.00	    0.00	    0.04	    0.02	    0.03	    0.00	    0.00	    0.10	 1479.20	  440.58	    0.00	    0.00	 1204.67	 2411.19	    0.00	  146.07	    0.00	 2970.34	    0.00	    0.00	    0.00	    0.00	    0.00
19	17	    0.00	    0.00	    0.00	    0.00	    0.00	    0.00	    0.00	    0.00	    0.00	    0.22	    0.06	    0.42	 1034.77	  707.47	 1311.91	    0.00	    0.14	    0.00	 1712.28	 7850.02	 1775.66	 2799.95	 1100.00	  741.30
19	18	    0.05	   99.94	    0.00	    0.03	    0.02	  199.95	 1099.56	 1698.23	    0.00	    0.00	    0.00	    0.05	   21.16	    0.01	    0.00	   48.64	    0.00	  599.91	    0.00	 4848.51	  102.38	    0.44	    0.18	   15.96
19	20	    0.00	    0.00	    0.00	    0.01	    0.02	  100.00	  604.99	  600.14	    0.15	    0.05	    0.02	    0.01	    0.03	    0.02	    0.03	 1499.84	  432.07	  500.31	   58.17	 2700.39	    0.00	    0.08	    0.03	    0.02
19	21	    0.00	   99.97	    0.00	    0.02	    0.01	  199.99	  700.37	  800.55	    0.06	    0.22	    0.05	    0.00	    0.00	    0.00	    0.17	 1700.85	    0.11	  100.21	    0.08	 3101.07	    0.18	    0.00	    0.00	    0.00
20	19	    0.00	    0.00	    0.00	    0.00	    0.00	    0.00	    0.00	    0.00	    0.00	    0.11	    0.03	  400.16	 1655.46	    0.08	    0.17	    0.00	    0.07	    0.00	    0.18	    0.00	 3078.22	    0.24	    4.58	 1156.76
20	21	  260.92	    0.02	   65.23	    0.04	    0.00	    0.03	    0.12	    0.13	    0.00	    0.00	    0.00	  456.60	 1448.34	    0.00	    0.00	    0.29	    0.00	  299.99	    0.00	    0.68	 4722.32	    0.00	    0.00	 1572.56
20	23	    0.00	    0.00	    0.00	    0.00	    0.00	    0.02	  404.89	  200.03	    0.03	  488.10	    0.00	    0.00	    0.00	    0.00	  682.31	  899.67	  208.21	  100.33	  250.36	 1499.80	 3199.45	 2343.23	    0.00	    0.00
21	14	    0.00	    0.00	    0.00	    0.00	    0.00	    0.00	    0.18	    0.08	    0.00	    0.00	    0.00	    0.07	  869.95	    0.35	    0.00	    0.16	    0.00	    0.07	    0.00	    0.71	 2920.61	10605.02	 2671.64	 1257.56
21	19	    0.00	    0.00	    0.00	    0.00	    0.00	    0.00	    0.00	    0.00	    0.00	    0.11	    0.27	    0.17	    0.48	    2.74	    0.75	    0.00	    0.00	    0.00	    0.00	    0.00	    0.00	 5200.23	 1795.63	    0.52
21	20	    0.00	    0.00	    0.00	    0.05	   94.72	    0.01	    0.01	    0.03	  299.87	 1688.15	    1.35	    0.00	    0.00	    0.55	 1482.45	    0.12	  376.21	    0.01	  592.38	    0.08	    0.00	 4143.40	    0.35	    0.00
21	22	    0.00	    0.00	    0.00	    0.00	    0.00	    0.01	  200.30	  300.58	  304.72	 1298.69	    0.00	    0.00	    0.00	    0.00	  993.98	  501.10	  478.18	  100.15	  315.99	  700.96	    1.90	 4451.35	    0.00	    0.00
22	13	    0.01	    0.00	    0.00	    0.02	    0.00	    0.00	    0.32	    0.61	    0.00	    0.00	    0.00	    0.52	  685.53	    0.00	    0.00	    1.13	    0.00	    0.16	    0.01	    0.88	  797.28	 1094.69	 4625.16	 1184.98
22	21	  139.08	    0.02	   34.77	    0.93	    0.07	    0.00	    0.00	    0.00	    0.00	    0.00	  403.19	  243.63	  722.09	  750.75	    0.00	    0.00	    0.00	    0.00	    0.00	    0.00	    0.00	    0.00	 6567.62	  785.52
22	23	    0.00	    0.00	    0.00	    0.05	    0.00	    0.02	    0.02	    0.03	    0.20	  311.90	  998.31	    0.00	    0.00	 1388.05	  413.14	    0.07	   91.86	    0.00	  147.69	    0.21	    0.06	 1256.76	 3307.22	    0.00
23	12	    0.00	    0.00	    0.00	    0.00	    0.00	    0.00	  304.86	    0.00	    0.00	    0.00	    0.00	    0.00	    0.00	  588.54	  695.46	  599.64	    0.07	  100.31	  298.05	 1099.88	 1204.07	 2499.89	 1903.02	 1800.19
23	20	  360.91	    0.01	   65.23	  199.99	    5.26	    0.04	    0.00	    0.00	    0.00	    0.00	  398.66	 1156.75	 3703.78	  399.52	    0.00	    0.00	    0.00	    0.00	    0.00	    0.00	    0.00	    0.00	  704.20	 3229.31
23	22	  438.92	    0.01	  134.73	    1.72	    0.34	    0.37	    0.04	    0.06	    0.00	    0.00	    0.05	  944.15	 2207.61	    0.00	    0.00	    0.11	    0.00	    0.02	    0.00	    0.13	 1495.44	    0.09	    0.00	 2670.50
