0.000000000000000000e+00 1.000000000000000000e+00 4.494887084129803043e+03
0.000000000000000000e+00 2.000000000000000000e+00 8.113835894582836772e+03
1.000000000000000000e+00 0.000000000000000000e+00 4.514146031409148236e+03
1.000000000000000000e+00 5.000000000000000000e+00 5.969784972119539816e+03
2.000000000000000000e+00 0.000000000000000000e+00 8.094576947303487941e+03
2.000000000000000000e+00 3.000000000000000000e+00 1.401963643722536290e+04
2.000000000000000000e+00 1.100000000000000000e+01 1.003513502924829481e+04
3.000000000000000000e+00 2.000000000000000000e+00 1.404502191019424208e+04
3.000000000000000000e+00 4.000000000000000000e+00 1.801492649764801172e+04
3.000000000000000000e+00 1.000000000000000000e+01 5.209430031690903888e+03
4.000000000000000000e+00 3.000000000000000000e+00 1.804273140565327049e+04
4.000000000000000000e+00 5.000000000000000000e+00 8.796244611493686534e+03
4.000000000000000000e+00 8.000000000000000000e+00 1.578773993862539828e+04
5.000000000000000000e+00 1.000000000000000000e+00 5.989043919398882281e+03
5.000000000000000000e+00 4.000000000000000000e+00 8.802371731408227788e+03
5.000000000000000000e+00 7.000000000000000000e+00 1.249083745909040954e+04
6.000000000000000000e+00 7.000000000000000000e+00 1.209242167066291586e+04
6.000000000000000000e+00 1.700000000000000000e+01 1.579905795505379137e+04
7.000000000000000000e+00 5.000000000000000000e+00 1.251622352628429326e+04
7.000000000000000000e+00 6.000000000000000000e+00 1.204074230911826453e+04
7.000000000000000000e+00 8.000000000000000000e+00 6.873189336771562921e+03
7.000000000000000000e+00 1.500000000000000000e+01 8.389222687303941711e+03
8.000000000000000000e+00 4.000000000000000000e+00 1.580941772671609033e+04
8.000000000000000000e+00 7.000000000000000000e+00 6.839057514241365425e+03
8.000000000000000000e+00 9.000000000000000000e+00 2.174836633885424453e+04
9.000000000000000000e+00 8.000000000000000000e+00 2.183591230441474909e+04
9.000000000000000000e+00 1.000000000000000000e+01 1.773257602713089727e+04
9.000000000000000000e+00 1.400000000000000000e+01 2.313129141787072149e+04
9.000000000000000000e+00 1.500000000000000000e+01 1.104768323890771899e+04
9.000000000000000000e+00 1.600000000000000000e+01 8.100354414507852198e+03
1.000000000000000000e+01 3.000000000000000000e+00 5.307010596654550682e+03
1.000000000000000000e+01 9.000000000000000000e+00 1.760084336520820943e+04
1.000000000000000000e+01 1.100000000000000000e+01 8.369825643320302333e+03
1.000000000000000000e+01 1.300000000000000000e+01 9.774567694980527449e+03
1.100000000000000000e+01 2.000000000000000000e+00 9.990490609000058612e+03
1.100000000000000000e+01 1.000000000000000000e+01 8.403164329525390713e+03
1.100000000000000000e+01 1.200000000000000000e+01 1.252160814031557493e+04
1.200000000000000000e+01 1.100000000000000000e+01 1.261030240627245621e+04
1.200000000000000000e+01 2.300000000000000000e+01 1.111856763877244157e+04
1.300000000000000000e+01 1.000000000000000000e+01 9.807076911816409847e+03
1.300000000000000000e+01 1.400000000000000000e+01 9.037634728871409607e+03
1.300000000000000000e+01 2.200000000000000000e+01 8.400951538118395547e+03
1.400000000000000000e+01 9.000000000000000000e+00 2.315210027614618593e+04
1.400000000000000000e+01 1.300000000000000000e+01 9.078629976468231689e+03
1.400000000000000000e+01 1.800000000000000000e+01 1.908273562552259682e+04
1.400000000000000000e+01 2.100000000000000000e+01 1.840633370769842077e+04
1.500000000000000000e+01 7.000000000000000000e+00 8.397061215483367050e+03
1.500000000000000000e+01 9.000000000000000000e+00 1.106137137340633853e+04
1.500000000000000000e+01 1.600000000000000000e+01 1.171057192926837160e+04
1.500000000000000000e+01 1.700000000000000000e+01 1.530396270912556429e+04
1.600000000000000000e+01 9.000000000000000000e+00 8.185136049216923311e+03
1.600000000000000000e+01 1.500000000000000000e+01 1.166178236973182902e+04
1.600000000000000000e+01 1.800000000000000000e+01 9.930925455165577659e+03
1.700000000000000000e+01 6.000000000000000000e+00 1.585073731659844088e+04
1.700000000000000000e+01 1.500000000000000000e+01 1.537427893134016449e+04
1.700000000000000000e+01 1.900000000000000000e+01 1.901301067022380812e+04
1.800000000000000000e+01 1.400000000000000000e+01 1.907017170574669217e+04
1.800000000000000000e+01 1.600000000000000000e+01 9.966917530338096185e+03
1.800000000000000000e+01 1.900000000000000000e+01 8.688399294819504576e+03
1.900000000000000000e+01 1.700000000000000000e+01 1.903500625398307966e+04
1.900000000000000000e+01 1.800000000000000000e+01 8.711827450216138459e+03
1.900000000000000000e+01 2.000000000000000000e+01 6.297720604139202806e+03
1.900000000000000000e+01 2.100000000000000000e+01 7.000264399328120817e+03
2.000000000000000000e+01 1.900000000000000000e+01 6.241440591622973443e+03
2.000000000000000000e+01 2.100000000000000000e+01 8.622651471564728126e+03
2.000000000000000000e+01 2.300000000000000000e+01 1.030382306750148564e+04
2.100000000000000000e+01 1.400000000000000000e+01 1.838070173334660285e+04
2.100000000000000000e+01 1.900000000000000000e+01 7.001968151000202852e+03
2.100000000000000000e+01 2.000000000000000000e+01 8.612783761188116841e+03
2.100000000000000000e+01 2.200000000000000000e+01 9.659932269917211670e+03
2.200000000000000000e+01 1.300000000000000000e+01 8.392465507357470415e+03
2.200000000000000000e+01 2.100000000000000000e+01 9.626136336860890879e+03
2.200000000000000000e+01 2.300000000000000000e+01 7.901539749782434228e+03
2.300000000000000000e+01 1.200000000000000000e+01 1.110726190472931376e+04
2.300000000000000000e+01 2.000000000000000000e+01 1.025741076536187575e+04
2.300000000000000000e+01 2.200000000000000000e+01 7.859257785965177391e+03
