0.000000000000000000e+00 1.000000000000000000e+00 4.496215205071326636e+03
0.000000000000000000e+00 2.000000000000000000e+00 8.119942831772801583e+03
1.000000000000000000e+00 0.000000000000000000e+00 4.520496950731447214e+03
1.000000000000000000e+00 5.000000000000000000e+00 5.969068583790066441e+03
2.000000000000000000e+00 0.000000000000000000e+00 8.095661086112681005e+03
2.000000000000000000e+00 3.000000000000000000e+00 1.401896280920132267e+04
2.000000000000000000e+00 1.100000000000000000e+01 1.003899708354582071e+04
3.000000000000000000e+00 2.000000000000000000e+00 1.404399111729454671e+04
3.000000000000000000e+00 4.000000000000000000e+00 1.801762864038941916e+04
3.000000000000000000e+00 1.000000000000000000e+01 5.208273977643570106e+03
4.000000000000000000e+00 3.000000000000000000e+00 1.804322323347928250e+04
4.000000000000000000e+00 5.000000000000000000e+00 8.796649530278438760e+03
4.000000000000000000e+00 8.000000000000000000e+00 1.578824756994109703e+04
5.000000000000000000e+00 1.000000000000000000e+00 5.993350329450187928e+03
5.000000000000000000e+00 4.000000000000000000e+00 8.803930483565865870e+03
5.000000000000000000e+00 7.000000000000000000e+00 1.249298789906839738e+04
6.000000000000000000e+00 7.000000000000000000e+00 1.210519683190857722e+04
6.000000000000000000e+00 1.700000000000000000e+01 1.579971293617615265e+04
7.000000000000000000e+00 5.000000000000000000e+00 1.252455059801593961e+04
7.000000000000000000e+00 6.000000000000000000e+00 1.204109743594244719e+04
7.000000000000000000e+00 8.000000000000000000e+00 6.882540496615611119e+03
7.000000000000000000e+00 1.500000000000000000e+01 8.387477553068511043e+03
8.000000000000000000e+00 4.000000000000000000e+00 1.580656120974352234e+04
8.000000000000000000e+00 7.000000000000000000e+00 6.835520613411954400e+03
8.000000000000000000e+00 9.000000000000000000e+00 2.174996890559726307e+04
9.000000000000000000e+00 8.000000000000000000e+00 2.182126266219602257e+04
9.000000000000000000e+00 1.000000000000000000e+01 1.772615084334753919e+04
9.000000000000000000e+00 1.400000000000000000e+01 2.312747809600191613e+04
9.000000000000000000e+00 1.500000000000000000e+01 1.104765305928501039e+04
9.000000000000000000e+00 1.600000000000000000e+01 8.100788772500848609e+03
1.000000000000000000e+01 3.000000000000000000e+00 5.307707692646930809e+03
1.000000000000000000e+01 9.000000000000000000e+00 1.760625192229834647e+04
1.000000000000000000e+01 1.100000000000000000e+01 8.362639574949365851e+03
1.000000000000000000e+01 1.300000000000000000e+01 9.778023128590431952e+03
1.100000000000000000e+01 2.000000000000000000e+00 9.989687029792476096e+03
1.100000000000000000e+01 1.000000000000000000e+01 8.403201081430841441e+03
1.100000000000000000e+01 1.200000000000000000e+01 1.230323650514704605e+04
1.200000000000000000e+01 1.100000000000000000e+01 1.239448795787518429e+04
1.200000000000000000e+01 2.300000000000000000e+01 1.111990534600729006e+04
1.300000000000000000e+01 1.000000000000000000e+01 9.816996416063106153e+03
1.300000000000000000e+01 1.400000000000000000e+01 9.034708168294462666e+03
1.300000000000000000e+01 2.200000000000000000e+01 8.398070157691181521e+03
1.400000000000000000e+01 9.000000000000000000e+00 2.319466576302111935e+04
1.400000000000000000e+01 1.300000000000000000e+01 9.078038752272139391e+03
1.400000000000000000e+01 1.800000000000000000e+01 1.908243954507048693e+04
1.400000000000000000e+01 2.100000000000000000e+01 1.840380989674707598e+04
1.500000000000000000e+01 7.000000000000000000e+00 8.401960739253589054e+03
1.500000000000000000e+01 9.000000000000000000e+00 1.107191064150838974e+04
1.500000000000000000e+01 1.600000000000000000e+01 1.168721162682010981e+04
1.500000000000000000e+01 1.700000000000000000e+01 1.529136319589706909e+04
1.600000000000000000e+01 9.000000000000000000e+00 8.100536200906295562e+03
1.600000000000000000e+01 1.500000000000000000e+01 1.167664594048555955e+04
1.600000000000000000e+01 1.800000000000000000e+01 9.954244740692867708e+03
1.700000000000000000e+01 6.000000000000000000e+00 1.586381233214228450e+04
1.700000000000000000e+01 1.500000000000000000e+01 1.534066965064010401e+04
1.700000000000000000e+01 1.900000000000000000e+01 1.898994159068464796e+04
1.800000000000000000e+01 1.400000000000000000e+01 1.911701009905158207e+04
1.800000000000000000e+01 1.600000000000000000e+01 9.943426482763745298e+03
1.800000000000000000e+01 1.900000000000000000e+01 8.683595497739566781e+03
1.900000000000000000e+01 1.700000000000000000e+01 1.900334744139380564e+04
1.900000000000000000e+01 1.800000000000000000e+01 8.707347793791517688e+03
1.900000000000000000e+01 2.000000000000000000e+01 6.304131263118300012e+03
1.900000000000000000e+01 2.100000000000000000e+01 7.003732233507689671e+03
2.000000000000000000e+01 1.900000000000000000e+01 6.243771062807205453e+03
2.000000000000000000e+01 2.100000000000000000e+01 8.615844459082340109e+03
2.000000000000000000e+01 2.300000000000000000e+01 1.030608153227053481e+04
2.100000000000000000e+01 1.400000000000000000e+01 1.837975759376284623e+04
2.100000000000000000e+01 1.900000000000000000e+01 7.001250580579885536e+03
2.100000000000000000e+01 2.000000000000000000e+01 8.605847676415600290e+03
2.100000000000000000e+01 2.200000000000000000e+01 9.659333259157783687e+03
2.200000000000000000e+01 1.300000000000000000e+01 8.393712861186171722e+03
2.200000000000000000e+01 2.100000000000000000e+01 9.622802520579001794e+03
2.200000000000000000e+01 2.300000000000000000e+01 7.902863681414937673e+03
2.300000000000000000e+01 1.200000000000000000e+01 1.111115679873543922e+04
2.300000000000000000e+01 2.000000000000000000e+01 1.025571811462619553e+04
2.300000000000000000e+01 2.200000000000000000e+01 7.861975646331147800e+03
