i	j	o3d7l12
0	1	 4496.02
0	2	 8120.83
1	0	 4521.30
1	5	 5968.33
2	0	 8095.55
2	3	14019.61
2	11	10038.70
3	2	14043.55
3	4	18014.43
3	10	 5210.51
4	3	18041.92
4	5	 8795.39
4	8	15785.36
5	1	 5993.61
5	4	 8803.38
5	7	12491.48
6	7	12103.53
6	17	15802.65
7	5	12524.75
7	6	12047.76
7	8	 6883.07
7	15	 8384.07
8	4	15804.87
8	7	 6840.29
8	9	21747.87
9	8	21824.59
9	10	17724.92
9	14	23127.10
9	15	11045.66
9	16	 8100.69
10	3	 5306.96
10	9	17606.40
10	11	 8364.52
10	13	 9777.75
11	2	 9989.48
11	10	 8404.66
11	12	12303.54
12	11	12394.46
12	23	11119.56
13	10	 9815.55
13	14	 9036.71
13	22	 8396.18
14	9	23197.44
14	13	 9078.73
14	18	19081.30
14	21	18403.85
15	7	 8404.34
15	9	11070.71
15	16	11687.60
15	17	15290.49
16	9	 8100.53
16	15	11674.66
16	18	 9951.64
17	6	15858.42
17	15	15348.75
17	19	18993.63
18	14	19116.91
18	16	 9938.55
18	19	 8684.45
19	17	19007.66
19	18	 8706.98
19	20	 6304.85
19	21	 7003.80
20	19	 6242.67
20	21	 8618.49
20	23	10307.45
21	14	18380.59
21	19	 7002.55
21	20	 8606.98
21	22	 9660.00
22	13	 8391.96
22	21	 9623.98
22	23	 7899.84
23	12	11110.47
23	20	10256.78
23	22	 7859.60
