0.000000000000000000e+00 1.000000000000000000e+00 4.530394874361207258e+03
0.000000000000000000e+00 2.000000000000000000e+00 8.122589272799310493e+03
1.000000000000000000e+00 0.000000000000000000e+00 4.522968675956780316e+03
1.000000000000000000e+00 5.000000000000000000e+00 5.989249763589452414e+03
2.000000000000000000e+00 0.000000000000000000e+00 8.130015471203728339e+03
2.000000000000000000e+00 3.000000000000000000e+00 1.407094443193193911e+04
2.000000000000000000e+00 1.100000000000000000e+01 1.005867881153245980e+04
3.000000000000000000e+00 2.000000000000000000e+00 1.407541997994686790e+04
3.000000000000000000e+00 4.000000000000000000e+00 1.806547529551219850e+04
3.000000000000000000e+00 1.000000000000000000e+01 5.209534766794749885e+03
4.000000000000000000e+00 3.000000000000000000e+00 1.807047360435691007e+04
4.000000000000000000e+00 5.000000000000000000e+00 8.799138646097584569e+03
4.000000000000000000e+00 8.000000000000000000e+00 1.581735570001213819e+04
5.000000000000000000e+00 1.000000000000000000e+00 5.981823565185018197e+03
5.000000000000000000e+00 4.000000000000000000e+00 8.799122409203228017e+03
5.000000000000000000e+00 7.000000000000000000e+00 1.253010440437252691e+04
6.000000000000000000e+00 7.000000000000000000e+00 1.209517015237498708e+04
6.000000000000000000e+00 1.700000000000000000e+01 1.567053070814733837e+04
7.000000000000000000e+00 5.000000000000000000e+00 1.252266196907375524e+04
7.000000000000000000e+00 6.000000000000000000e+00 1.210905855685403731e+04
7.000000000000000000e+00 8.000000000000000000e+00 6.863454847308097669e+03
7.000000000000000000e+00 1.500000000000000000e+01 8.404597337293811506e+03
8.000000000000000000e+00 4.000000000000000000e+00 1.582237024575121541e+04
8.000000000000000000e+00 7.000000000000000000e+00 6.883502597776843686e+03
8.000000000000000000e+00 9.000000000000000000e+00 2.173347562488334370e+04
9.000000000000000000e+00 8.000000000000000000e+00 2.185853792109117057e+04
9.000000000000000000e+00 1.000000000000000000e+01 1.764891200841134196e+04
9.000000000000000000e+00 1.400000000000000000e+01 2.312083780709509665e+04
9.000000000000000000e+00 1.500000000000000000e+01 1.107921506557756220e+04
9.000000000000000000e+00 1.600000000000000000e+01 8.100739993791434244e+03
1.000000000000000000e+01 3.000000000000000000e+00 5.309012005964971650e+03
1.000000000000000000e+01 9.000000000000000000e+00 1.754423902320232082e+04
1.000000000000000000e+01 1.100000000000000000e+01 8.414039534129133244e+03
1.000000000000000000e+01 1.300000000000000000e+01 9.775955460593253520e+03
1.100000000000000000e+01 2.000000000000000000e+00 1.006162946192193886e+04
1.100000000000000000e+01 1.000000000000000000e+01 8.442050242716433786e+03
1.100000000000000000e+01 1.200000000000000000e+01 1.237305709621770075e+04
1.200000000000000000e+01 1.100000000000000000e+01 1.250401845519447852e+04
1.200000000000000000e+01 2.300000000000000000e+01 1.101182315017405745e+04
1.300000000000000000e+01 1.000000000000000000e+01 9.842749005967123594e+03
1.300000000000000000e+01 1.400000000000000000e+01 9.006180173699547595e+03
1.300000000000000000e+01 2.200000000000000000e+01 8.420516915179159696e+03
1.400000000000000000e+01 9.000000000000000000e+00 2.327413623283367633e+04
1.400000000000000000e+01 1.300000000000000000e+01 9.040586972836812492e+03
1.400000000000000000e+01 1.800000000000000000e+01 1.935469842494615659e+04
1.400000000000000000e+01 2.100000000000000000e+01 1.833082465228159708e+04
1.500000000000000000e+01 7.000000000000000000e+00 8.390995556005347680e+03
1.500000000000000000e+01 9.000000000000000000e+00 1.105553902903547896e+04
1.500000000000000000e+01 1.600000000000000000e+01 1.162923970102507337e+04
1.500000000000000000e+01 1.700000000000000000e+01 1.524276645568643835e+04
1.600000000000000000e+01 9.000000000000000000e+00 8.100852886011808550e+03
1.600000000000000000e+01 1.500000000000000000e+01 1.168992787465906076e+04
1.600000000000000000e+01 1.800000000000000000e+01 9.911761749988108932e+03
1.700000000000000000e+01 6.000000000000000000e+00 1.565664230366828997e+04
1.700000000000000000e+01 1.500000000000000000e+01 1.514480046422188207e+04
1.700000000000000000e+01 1.900000000000000000e+01 1.895261404385617061e+04
1.800000000000000000e+01 1.400000000000000000e+01 1.917555898855686974e+04
1.800000000000000000e+01 1.600000000000000000e+01 9.972562815842471537e+03
1.800000000000000000e+01 1.900000000000000000e+01 8.730985857709067204e+03
1.900000000000000000e+01 1.700000000000000000e+01 1.874075964791255683e+04
1.900000000000000000e+01 1.800000000000000000e+01 8.612647487174142952e+03
1.900000000000000000e+01 2.000000000000000000e+01 6.284696506634910293e+03
1.900000000000000000e+01 2.100000000000000000e+01 7.001907113402678988e+03
2.000000000000000000e+01 1.900000000000000000e+01 6.551754359932842817e+03
2.000000000000000000e+01 2.100000000000000000e+01 8.450968040409221430e+03
2.000000000000000000e+01 2.300000000000000000e+01 1.040193010887853234e+04
2.100000000000000000e+01 1.400000000000000000e+01 1.859766931354674671e+04
2.100000000000000000e+01 1.900000000000000000e+01 6.304656493626198426e+03
2.100000000000000000e+01 2.000000000000000000e+01 8.765436582977568833e+03
2.100000000000000000e+01 2.200000000000000000e+01 9.664233724154139054e+03
2.200000000000000000e+01 1.300000000000000000e+01 8.452903661415783063e+03
2.200000000000000000e+01 2.100000000000000000e+01 9.548296308211154610e+03
2.200000000000000000e+01 2.300000000000000000e+01 8.390976572175568435e+03
2.300000000000000000e+01 1.200000000000000000e+01 1.104278450915083886e+04
2.300000000000000000e+01 2.000000000000000000e+01 1.035451941960812292e+04
2.300000000000000000e+01 2.200000000000000000e+01 8.307425902469192806e+03
