i	j	       0	       1	       2	       3	       4	       5	       6	       7	       8	       9	      10	      11	      12	      13	      14	      15	      16	      17	      18	      19	      20	      21	      22	      23
0	1	 2600.29	    0.00	  268.50	  200.02	   14.42	    0.00	    0.01	    0.02	   28.84	   86.56	  200.02	  490.24	  462.97	  100.00	   14.43	    0.02	    0.03	    0.00	    0.01	    0.00	    0.01	    0.10	    0.06	   28.12
0	2	 6199.71	 1183.02	    0.00	    0.00	    0.00	  232.33	  135.72	  236.81	    0.00	    0.00	    0.00	    0.00	    0.00	    0.00	    0.00	   96.87	    0.00	   33.83	    0.00	    0.02	    0.00	    0.00	    0.00	    0.00
1	0	    0.00	 1283.02	    0.00	    0.00	    0.00	  532.33	  635.70	 1036.77	    0.00	    0.00	    0.00	    0.00	    0.00	    0.00	    0.00	  596.85	    1.08	  133.83	    0.03	  299.98	    0.00	    0.02	    0.00	    0.00
1	5	 2500.29	 2716.98	  168.50	    0.04	    0.00	    0.00	    0.00	    0.00	    0.00	    0.00	    0.04	  390.24	  162.97	    0.01	    0.00	    0.00	    0.00	    0.00	    0.00	    0.00	    0.01	    0.03	    0.06	   28.12
2	0	    0.00	    0.00	  368.50	  700.02	  214.42	    0.00	    0.03	    0.05	  528.84	 1386.56	  700.02	  690.24	  962.97	  400.00	  514.43	    0.04	  398.95	    0.00	  299.99	    0.04	  100.00	  400.08	  300.06	  128.12
2	3	 4499.69	  682.92	 1931.46	    0.00	    0.00	    0.00	    0.00	    0.00	    0.00	    0.00	    0.00	 3734.80	 2494.24	    0.08	    0.00	    0.00	    0.00	    0.00	    0.00	    0.00	  202.32	    0.02	    1.57	  471.54
2	11	 1600.02	  400.10	  500.04	 1601.44	  403.17	  500.29	  771.37	 1200.00	 1399.50	  659.32	    0.78	    0.00	    0.00	    0.14	   49.05	  544.19	  185.96	  199.09	   21.02	    0.11	    0.00	    0.00	    0.00	    0.00
3	2	    0.00	    0.00	    0.00	 2501.45	  717.59	  567.96	  735.68	 1163.24	 2028.34	 2345.89	 1000.34	    0.00	    0.00	  499.85	  663.44	  647.35	  684.92	  165.26	  321.01	    0.11	    0.00	    0.05	    0.04	    0.00
3	4	 3198.51	  182.84	 1331.34	 6697.92	    0.00	    0.00	    0.00	    0.00	    0.00	    0.11	  905.76	 3134.11	 1893.83	  200.08	    0.05	    0.00	    0.01	    0.00	    0.02	    0.00	    2.36	    0.04	  199.99	  271.57
3	10	  801.17	  300.12	  400.12	 2400.63	  699.90	  599.79	    0.09	    5.42	    0.34	    0.16	    0.00	    0.69	    0.41	    0.06	    0.06	    0.26	    0.04	    0.02	    0.02	    0.02	    0.02	    0.04	    0.05	    0.02
4	3	    0.00	    0.04	    0.00	    0.00	 1917.49	 1567.74	 1135.77	 1868.66	 2728.68	 3545.69	    0.00	    0.00	    0.00	    0.00	 1162.13	 1447.61	 1184.84	  265.28	  520.46	  300.13	    0.03	  399.07	    0.00	    0.00
4	5	    0.00	    0.00	  525.82	 2146.42	 1270.83	    0.00	    0.02	    0.03	  571.30	 1313.38	  404.12	 1433.77	  575.11	  100.02	  285.27	    0.04	    0.04	    0.00	    0.08	    0.01	    0.01	    0.00	   99.94	   71.87
4	8	 2998.51	  899.75	  705.52	 4051.49	 2911.68	 1399.66	    0.02	    0.10	    0.00	    0.00	    1.64	 1500.34	 1118.72	    0.06	    0.00	    0.06	    0.00	    0.01	    0.00	    0.02	    0.00	    0.00	    0.05	  199.70
5	1	    0.00	    0.00	    0.00	    0.02	   85.58	  932.33	  835.69	 1436.76	  171.16	  513.44	    0.02	    0.00	    0.00	    0.01	   85.57	  996.84	  201.05	  133.83	  100.01	  399.98	    0.00	   99.94	    0.00	    0.00
5	4	    0.00	  816.95	    0.00	    0.00	    0.00	 3167.40	 1029.09	 1807.49	    0.00	    0.00	    0.00	    0.00	    0.00	    0.00	    0.00	 1471.13	    0.46	  201.89	    0.03	  307.39	    0.00	    0.00	    0.00	    0.00
5	7	 2200.29	 1500.03	  394.32	 1746.44	  985.25	 3500.27	    0.00	    0.00	    0.14	    0.06	    4.13	 1624.01	  538.08	    0.03	    0.00	    0.00	    0.00	    0.00	    0.00	    0.00	    0.00	    0.00	    0.00	    0.00
6	7	    0.00	    0.00	    0.00	    0.00	    0.00	    0.00	 4174.63	    0.00	    0.00	    0.00	    0.00	    0.00	    0.00	  399.78	  599.93	  389.23	  140.53	  998.90	  999.38	 2598.86	  499.89	  799.75	  299.94	  199.97
6	17	  430.69	  336.81	    8.97	  434.24	  121.41	  986.14	 7925.37	 4519.90	  819.81	    0.54	    0.12	  221.70	    0.03	    0.00	    0.00	    0.00	    0.02	    0.00	    0.00	    0.00	    0.00	    0.00	    0.00	    0.00
7	5	    0.00	    0.00	    0.00	    0.00	    0.00	    0.00	 2264.76	 4044.22	    0.00	    0.12	    0.00	    0.00	    0.00	    0.00	    0.30	 3367.93	  701.47	  435.72	  299.95	 1007.36	   99.99	  299.92	    0.00	    0.01
7	6	  930.69	  536.81	  108.97	  834.24	  321.41	 1386.14	    0.00	 5519.90	 1419.76	    1.28	    0.65	  921.63	   60.95	    0.00	    0.00	    0.00	    0.10	    0.00	    0.00	    0.00	    0.00	    0.00	    0.00	    0.00
7	8	    0.00	    0.00	    0.00	    0.00	    0.00	    0.00	  909.86	 3755.32	    0.00	    0.00	    0.00	    0.00	    0.00	    0.00	    0.00	 1263.43	    0.09	  263.49	    0.00	  692.39	    0.03	    0.07	    0.00	    0.00
7	15	  469.67	  563.26	  174.53	  690.80	  431.73	 1314.21	    0.00	 3380.56	  887.19	    0.00	    0.06	  472.97	    0.22	    0.00	    0.00	    0.00	    0.00	    0.00	    0.00	    0.00	    0.00	    0.00	    0.00	    0.00
8	4	    0.00	    0.00	    0.00	    0.00	    0.00	    0.00	  306.72	  561.29	 4099.98	 5858.96	    0.00	    0.00	    0.00	    0.00	 1647.36	  476.57	 1384.41	   63.40	  620.51	   92.77	   97.67	  599.02	    0.00	    0.00
8	7	    0.07	    0.04	   89.17	  478.60	  267.89	    0.09	    0.00	    0.00	 3106.80	 1601.08	  796.57	  370.59	  123.09	    0.00	    0.00	    0.00	    0.22	    0.00	    0.00	    0.00	    0.00	    0.00	    0.00	    0.00
8	9	 2498.44	  699.71	  516.35	 2872.90	 1843.79	  999.57	    3.36	 2394.12	 8993.22	    0.00	    0.00	  529.80	  395.68	    0.00	    0.00	    0.70	    0.00	    0.28	    0.00	    0.26	    0.00	    0.00	    0.00	    0.00
9	8	    0.00	    0.00	    0.00	    0.00	    0.00	    0.00	    0.20	    0.00	    0.00	10260.04	 2194.93	    0.05	    0.05	  599.94	 2647.36	  613.79	 2284.53	    0.18	 1020.51	    0.62	  397.64	 1298.95	  499.95	    0.30
9	10	    0.00	    0.00	    0.00	    0.00	    0.00	    0.00	  499.81	  794.61	 1726.55	 8391.68	    0.00	    0.00	    0.00	    0.00	 1293.66	 1555.90	 1913.82	  199.94	  427.99	  423.29	    2.06	  495.38	    0.00	    0.00
9	14	  798.83	   99.74	   99.86	 1097.94	  596.93	  199.60	    0.00	    0.00	 3073.48	14611.39	 1888.28	  658.26	    5.51	    0.00	    0.00	    0.00	    0.77	    0.00	    0.00	    0.00	    0.00	    0.00	    0.00	    0.00
9	15	    0.00	    0.00	   16.51	   75.04	   46.90	    0.00	    0.00	    0.00	  493.34	 8036.23	 2172.65	  205.14	    0.10	    0.00	    0.00	    0.00	    0.00	    0.00	    0.00	    0.00	    0.00	    0.00	    0.00	    0.00
9	16	  399.61	    0.02	   99.98	  499.91	  199.97	    0.04	    0.08	    0.11	  899.84	 3900.66	  999.82	  599.90	  499.91	    0.06	    0.12	    0.11	    0.00	    0.05	    0.07	    0.14	    0.05	    0.14	    0.05	    0.02
10	3	    0.00	    0.00	    0.00	    0.00	    0.00	    0.00	    0.00	    0.00	    0.00	    0.47	 3406.09	    0.00	    0.00	 1199.91	    1.40	    0.00	    0.12	    0.00	    0.58	    0.00	    0.03	    1.05	  698.51	    0.05
10	9	    0.00	    0.00	    0.00	    0.00	    0.00	    0.00	    0.00	    0.00	    0.00	    0.00	11155.69	 2933.55	 2009.90	 1132.14	    0.00	    0.00	    0.00	    0.00	    0.00	    0.00	    0.00	    0.00	  323.16	   51.72
10	11	    0.00	    0.00	    0.00	    0.00	    0.00	    0.00	    0.00	    0.00	    0.10	 3240.68	 2400.27	    0.00	    0.00	  713.69	  657.01	  156.44	  913.99	    0.02	  281.33	    0.00	    0.00	    0.00	    0.00	    0.00
10	13	  301.28	  100.16	  100.17	 1000.71	  199.92	  199.85	    0.00	    0.03	  326.79	 1150.70	 5337.95	 1041.88	   18.82	    0.00	    0.00	    0.00	    0.04	    0.00	    0.00	    0.00	    0.00	    0.00	    0.00	    0.00
11	2	    0.00	    0.00	    0.00	    0.00	    0.00	    0.00	    0.00	    0.00	    0.00	    0.00	    0.46	 4625.04	 3557.21	    0.37	    0.05	    0.00	    0.00	    0.00	    0.00	    0.03	  302.32	  500.06	  401.59	  599.66
11	10	    0.10	    0.04	    0.05	    0.08	    0.02	    0.07	    0.00	    0.00	    0.00	    0.00	    0.00	 5374.74	 3028.31	    0.00	    0.00	    0.00	    0.00	    0.00	    0.00	    0.00	    0.04	    0.00	    0.00	    0.31
11	12	 1399.91	  300.06	  299.98	 1001.36	  203.15	  300.23	   71.54	  600.00	  799.60	 1900.00	 1000.59	 3900.22	    0.00	   13.70	    6.01	    0.94	  499.96	    0.02	    2.36	    0.04	    0.00	    0.00	    0.00	    0.00
12	11	    0.00	    0.00	    0.00	    0.00	    0.00	    0.00	    0.17	    0.00	    0.00	    0.00	    0.00	    0.00	 7885.52	    0.24	    0.00	    0.31	    0.00	    0.92	    0.00	  499.95	  602.36	 1200.06	 1101.59	 1099.97
12	23	  899.91	    0.06	  199.98	  401.36	    3.15	  100.23	    0.00	    0.00	  199.60	    0.00	    0.59	 2600.22	 6714.48	    0.00	    0.00	    0.00	    0.00	    0.00	    0.00	    0.00	    0.00	    0.00	    0.00	    0.00
13	10	    0.00	    0.00	    0.00	    0.00	    0.00	    0.00	    0.10	    0.00	    0.00	    0.00	    0.00	    0.00	    0.00	 4645.68	  764.70	    0.28	    0.31	    0.06	  253.90	  176.69	  397.92	  605.63	 2321.62	  651.44
13	14	    1.20	    0.15	    0.15	    1.46	    0.05	    0.05	    0.00	    0.00	    0.00	    0.00	 1036.37	  341.73	  102.26	 6229.12	    0.00	    0.00	    0.00	    0.00	    0.00	    0.00	    0.00	    0.00	 1188.10	  133.94
13	22	    0.09	    0.01	    0.02	  499.27	   99.88	   99.80	    0.00	    0.00	  194.66	  778.04	 2701.64	    0.18	    0.00	 3225.20	  439.42	    0.00	  223.06	    0.00	  136.97	    0.00	    0.00	    0.00	    0.00	    0.00
14	9	    0.00	    0.00	    0.00	    0.00	    0.00	    0.00	    0.00	    0.00	    0.00	    0.00	    0.00	    0.00	    0.00	 1567.85	 7941.14	    0.28	    0.75	    0.05	 3248.38	 1717.20	 1599.75	 4394.46	 1976.83	  748.61
14	13	    0.00	    0.00	    0.00	    0.00	    0.00	    0.00	  199.73	  399.25	  467.87	 1727.35	    0.06	    0.00	    0.00	    0.00	 2504.12	  699.90	  923.32	   99.85	  690.86	  675.45	    0.35	  691.36	    0.00	    0.00
14	18	  300.03	    0.05	    0.01	  200.06	  100.03	    0.07	    0.02	    0.03	  400.14	 3262.14	  826.67	  300.05	  278.78	 2896.65	 5900.06	    0.05	    0.39	    0.01	    0.00	    0.05	  558.07	 2899.92	  899.98	  262.37
14	21	    0.00	    0.00	    0.00	  399.34	  296.95	    0.00	    0.00	    0.00	 1305.47	 5621.91	  697.92	    0.00	    0.00	  464.61	 5054.68	    0.22	 2490.70	    0.00	 2073.15	    0.00	    0.00	    0.00	    0.00	    0.00
15	7	    0.00	    0.00	    0.00	    0.00	    0.00	    0.00	    0.00	    0.00	    0.00	    0.25	    0.00	    0.00	    0.00	    0.19	    0.37	 6442.13	 1960.92	    0.31	    0.58	    0.89	    0.13	    0.24	    0.06	    0.04
15	9	    0.00	    0.05	    0.00	    0.00	    0.00	    0.07	 2396.49	    0.60	    0.00	    0.00	    0.00	    0.00	    0.00	    0.00	    0.00	 6567.40	    0.54	  899.62	    0.19	 1206.38	    0.00	    0.00	    0.00	    0.00
15	16	    0.38	  200.04	    0.01	    0.06	    0.03	  500.10	 1000.33	 1400.91	    0.11	    0.48	    0.08	    0.05	    0.00	    0.00	    0.00	 5969.55	    0.00	  600.28	    0.00	 1545.54	  347.80	    0.00	    0.00	  123.58
15	17	    0.02	    0.00	    0.00	    0.02	    0.00	    0.02	    0.00	    0.14	    0.15	 3637.18	  772.98	    0.12	    0.00	    0.03	    0.13	 7120.92	 3757.50	    0.00	    0.13	    0.00	    0.00	    0.00	    0.00	    0.00
16	9	    0.00	    0.00	    0.00	    0.00	    0.00	    0.00	    0.23	    0.00	    0.00	    0.00	    0.00	    0.00	    0.00	    0.00	    0.00	    1.42	 8097.83	    0.22	    0.00	    0.20	    0.00	    0.00	    0.00	    0.00
16	15	    0.00	    0.00	    0.00	    0.00	    0.00	    0.00	    0.00	    0.00	    0.00	    1.34	    0.24	    0.00	    0.00	  690.05	 1184.00	    0.00	 8518.85	    0.00	 1283.07	    0.00	    0.05	    0.10	    0.04	    0.03
16	18	    0.03	    0.07	    0.00	    0.02	    0.01	    0.14	    0.19	    1.02	    0.03	    0.15	    0.00	    0.00	    0.00	    0.00	    0.00	 3168.24	 6783.32	    0.10	    0.00	    0.00	    0.00	    0.00	    0.00	    0.00
17	6	    0.00	    0.00	    0.00	    0.00	    0.00	    0.00	    0.00	    0.00	    0.05	 1899.27	  499.47	    0.06	  339.08	  599.78	 1099.93	 1789.23	 1140.45	 1198.90	 1399.38	 3098.86	  699.89	 1299.75	  499.94	  299.97
17	15	   30.72	   36.83	    8.97	   34.24	   21.40	   85.98	 4796.83	  221.08	   19.73	    0.35	    0.11	   22.06	  599.68	   10.17	   16.50	    0.00	    0.11	 2000.20	   17.82	 4352.81	  947.88	 1200.13	  500.02	  423.60
17	19	  299.99	  299.98	    0.00	  300.02	  100.01	  800.18	 2928.55	 3998.96	  600.18	 1038.31	  173.58	    0.14	    0.00	    0.00	    0.00	 4831.69	 2017.10	 1600.90	    0.00	    0.00	    0.00	    0.00	    0.00	    0.00
18	14	    0.00	    0.15	    0.00	    0.00	    0.00	    0.42	  699.69	  999.20	    0.00	    0.00	    0.00	    0.00	    0.00	    0.00	    0.00	 1900.31	 4914.39	  299.89	 6812.39	 3492.27	    0.15	    0.37	    0.15	    0.07
18	16	    0.04	    0.02	    0.01	    0.04	    0.02	    0.00	    0.00	    0.00	    0.08	    0.35	    0.34	    0.05	    0.09	 1389.99	 2683.88	    0.00	    0.00	    0.00	 2983.01	  154.52	  252.21	 1699.97	  599.99	  176.42
18	19	    0.02	    0.00	    0.00	    0.04	    0.02	    0.02	    0.00	    0.00	    0.09	 1461.94	  426.33	    0.00	    0.00	 1206.67	 2416.18	    0.00	  169.32	    0.00	 3004.60	    0.00	    0.00	    0.00	    0.00	    0.00
19	17	    0.00	    0.00	    0.00	    0.00	    0.00	    0.00	    0.00	    0.00	    0.00	    0.20	    0.06	    0.45	 1038.73	  709.93	 1316.30	    0.00	    0.13	    0.00	 1717.07	 7851.67	 1747.77	 2799.89	 1099.96	  723.57
19	18	    0.00	  100.05	    0.00	    0.00	    0.00	  200.23	 1099.48	 1698.16	    0.00	    0.00	    0.00	    0.00	   21.31	    0.01	    0.00	   32.01	    0.00	  599.77	    0.00	 4846.74	   94.28	    0.41	    0.17	   14.12
19	20	    0.00	    0.00	    0.00	    0.04	    0.02	  100.01	  628.83	  600.28	    0.21	    0.05	    0.02	    0.01	    0.02	    0.02	    0.03	 1499.77	  486.25	  201.00	   87.63	 2700.71	    0.00	    0.07	    0.03	    0.02
19	21	    0.00	   99.93	    0.00	    0.02	    0.01	  199.96	  700.23	  800.52	    0.06	    0.20	    0.04	    0.00	    0.00	    0.00	    0.16	 1699.91	    0.10	  400.13	    0.07	 3100.88	    0.17	    0.00	    0.00	    0.00
20	19	    0.00	    0.00	    0.00	    0.00	    0.00	    0.00	    0.00	    0.00	    0.00	    0.10	    0.02	  400.21	 1659.46	    0.08	    0.16	    0.00	    0.07	    0.00	    0.17	    0.00	 3042.22	    0.23	    3.06	 1137.08
20	21	  262.77	    0.06	   65.69	    0.57	    0.00	    0.03	    0.06	    0.07	    0.00	    0.00	    0.00	  459.85	 1462.31	    0.00	    0.00	    0.15	    0.00	    0.03	    0.00	    0.39	 4758.75	    0.00	    0.00	 1606.16
20	23	    0.00	    0.00	    0.00	    0.00	    0.00	    0.02	  428.77	  200.21	    0.13	  495.23	    0.00	    0.00	    0.00	    0.00	  679.24	  899.70	  213.38	  100.97	  251.04	 1500.32	 3199.03	 2338.55	    0.00	    0.00
21	14	    0.00	    0.00	    0.00	    0.00	    0.00	    0.00	    0.06	    0.08	    0.00	    0.00	    0.00	    0.06	  871.01	    0.00	    0.00	    0.15	    0.00	    0.03	    0.00	    0.43	 2958.02	10585.38	 2688.56	 1276.97
21	19	    0.00	    0.00	    0.00	    0.00	    0.00	    0.00	    0.00	    0.00	    0.00	    0.10	    0.19	    0.11	    0.59	    3.21	    0.14	    0.00	    0.00	    0.00	    0.00	    0.00	    0.00	 5200.14	 1797.09	    0.63
21	20	    0.01	    0.00	    0.00	    0.02	   97.00	    0.00	    0.00	    0.00	  299.92	 1695.28	    2.02	    0.03	    0.06	    0.67	 1479.37	    0.08	  327.20	    0.00	  563.58	    0.00	    0.00	 4138.71	    0.92	    0.05
21	22	    0.00	    0.00	    0.00	    0.00	    0.00	    0.01	  200.23	  300.52	  305.61	 1326.73	    0.00	    0.00	    0.00	    0.00	  975.32	  500.05	  463.61	  100.14	  309.65	  700.83	    0.89	 4475.77	    0.00	    0.00
22	13	    0.01	    0.00	    0.00	    0.02	    0.00	    0.00	    0.37	    0.72	    0.00	    0.00	    0.00	    0.03	  683.44	    0.00	    0.00	    0.38	    0.00	    0.21	    0.01	    1.24	  797.57	 1114.26	 4609.73	 1185.38
22	21	  137.24	    0.02	   34.31	    0.10	    0.04	    0.02	    0.00	    0.00	    0.00	    0.00	  404.24	  240.36	  709.35	  739.26	    0.00	    0.00	    0.00	    0.00	    0.00	    0.00	    0.00	    0.00	 6586.57	  771.48
22	23	    0.01	    0.00	    0.00	    0.02	    0.00	    0.01	    0.01	    0.03	    0.27	  304.77	  997.45	    0.00	    0.00	 1385.93	  414.74	    0.07	   86.67	    0.00	  146.61	    0.12	    0.06	 1262.33	 3303.70	    0.00
23	12	    0.00	    0.00	    0.00	    0.00	    0.00	    0.00	  328.63	    0.00	    0.00	    0.00	    0.00	    0.00	    0.00	  586.54	  693.99	  599.37	    0.04	  100.89	  297.64	 1099.92	 1202.36	 2500.06	 1901.59	 1799.97
23	20	  362.76	    0.05	   65.69	  200.51	    2.98	    0.03	    0.00	    0.00	    0.00	    0.00	  397.99	 1160.02	 3721.69	  399.39	    0.00	    0.00	    0.00	    0.00	    0.00	    0.00	    0.00	    0.00	  702.11	 3243.17
23	22	  437.17	    0.01	  134.29	    0.87	    0.17	    0.22	    0.15	    0.24	    0.00	    0.00	    0.05	  940.21	 2192.79	    0.00	    0.00	    0.39	    0.00	    0.08	    0.00	    0.53	 1496.73	    0.83	    0.00	 2656.86
