0.000000000000000000e+00 1.000000000000000000e+00 4.605714964468734252e+03
0.000000000000000000e+00 2.000000000000000000e+00 8.206417103913490791e+03
1.000000000000000000e+00 0.000000000000000000e+00 4.606890270702545422e+03
1.000000000000000000e+00 5.000000000000000000e+00 5.987500089483156444e+03
2.000000000000000000e+00 0.000000000000000000e+00 8.205241797679676893e+03
2.000000000000000000e+00 3.000000000000000000e+00 1.409217850857244230e+04
2.000000000000000000e+00 1.100000000000000000e+01 1.010498431410755074e+04
3.000000000000000000e+00 2.000000000000000000e+00 1.411441806703009752e+04
3.000000000000000000e+00 4.000000000000000000e+00 1.808732733833468956e+04
3.000000000000000000e+00 1.000000000000000000e+01 5.209941350067089843e+03
4.000000000000000000e+00 3.000000000000000000e+00 1.811082941652770751e+04
4.000000000000000000e+00 5.000000000000000000e+00 8.799914464784955271e+03
4.000000000000000000e+00 8.000000000000000000e+00 1.576331794105372865e+04
5.000000000000000000e+00 1.000000000000000000e+00 5.988675395716973071e+03
5.000000000000000000e+00 4.000000000000000000e+00 8.800780086756260062e+03
5.000000000000000000e+00 7.000000000000000000e+00 1.260522483140346412e+04
6.000000000000000000e+00 7.000000000000000000e+00 1.225647989236054309e+04
6.000000000000000000e+00 1.700000000000000000e+01 1.628903850323575716e+04
7.000000000000000000e+00 5.000000000000000000e+00 1.260726575960858099e+04
7.000000000000000000e+00 6.000000000000000000e+00 1.240181901642679259e+04
7.000000000000000000e+00 8.000000000000000000e+00 6.996985910528358545e+03
7.000000000000000000e+00 1.500000000000000000e+01 8.310393087279384417e+03
8.000000000000000000e+00 4.000000000000000000e+00 1.578595439727544544e+04
8.000000000000000000e+00 7.000000000000000000e+00 7.006523096957792404e+03
8.000000000000000000e+00 9.000000000000000000e+00 2.155950310693650317e+04
9.000000000000000000e+00 8.000000000000000000e+00 2.169167674958763018e+04
9.000000000000000000e+00 1.000000000000000000e+01 1.770740337542536508e+04
9.000000000000000000e+00 1.400000000000000000e+01 2.291796326634547950e+04
9.000000000000000000e+00 1.500000000000000000e+01 1.111351231730382096e+04
9.000000000000000000e+00 1.600000000000000000e+01 8.100495494405366117e+03
1.000000000000000000e+01 3.000000000000000000e+00 5.308678830331731660e+03
1.000000000000000000e+01 9.000000000000000000e+00 1.758366552758178295e+04
1.000000000000000000e+01 1.100000000000000000e+01 8.355335458544142966e+03
1.000000000000000000e+01 1.300000000000000000e+01 9.709890409571269629e+03
1.100000000000000000e+01 2.000000000000000000e+00 1.008156944941607071e+04
1.100000000000000000e+01 1.000000000000000000e+01 8.384782677366729331e+03
1.100000000000000000e+01 1.200000000000000000e+01 1.236354962684524435e+04
1.200000000000000000e+01 1.100000000000000000e+01 1.246958198097635977e+04
1.200000000000000000e+01 2.300000000000000000e+01 1.104872651520633735e+04
1.300000000000000000e+01 1.000000000000000000e+01 9.755442823169756593e+03
1.300000000000000000e+01 1.400000000000000000e+01 9.022907035046959209e+03
1.300000000000000000e+01 2.200000000000000000e+01 8.414193788581709669e+03
1.400000000000000000e+01 9.000000000000000000e+00 2.302477804874262074e+04
1.400000000000000000e+01 1.300000000000000000e+01 9.073884685550065115e+03
1.400000000000000000e+01 1.800000000000000000e+01 1.975189093213149317e+04
1.400000000000000000e+01 2.100000000000000000e+01 1.843199542492711771e+04
1.500000000000000000e+01 7.000000000000000000e+00 8.448235953121326020e+03
1.500000000000000000e+01 9.000000000000000000e+00 1.116254042616153311e+04
1.500000000000000000e+01 1.600000000000000000e+01 1.181285829525806184e+04
1.500000000000000000e+01 1.700000000000000000e+01 1.507865922740771020e+04
1.600000000000000000e+01 9.000000000000000000e+00 8.100564093645254616e+03
1.600000000000000000e+01 1.500000000000000000e+01 1.179783878748999996e+04
1.600000000000000000e+01 1.800000000000000000e+01 9.899316034094614224e+03
1.700000000000000000e+01 6.000000000000000000e+00 1.614369937916950948e+04
1.700000000000000000e+01 1.500000000000000000e+01 1.528054970987540219e+04
1.700000000000000000e+01 1.900000000000000000e+01 1.952763352991251668e+04
1.800000000000000000e+01 1.400000000000000000e+01 1.982655544227932478e+04
1.800000000000000000e+01 1.600000000000000000e+01 9.884365125566444476e+03
1.800000000000000000e+01 1.900000000000000000e+01 8.874751236939060618e+03
1.900000000000000000e+01 1.700000000000000000e+01 1.948418488831395371e+04
1.900000000000000000e+01 1.800000000000000000e+01 8.934464838558720658e+03
1.900000000000000000e+01 2.000000000000000000e+01 6.205051261244955640e+03
1.900000000000000000e+01 2.100000000000000000e+01 7.004214992525703565e+03
2.000000000000000000e+01 1.900000000000000000e+01 6.122666164143883179e+03
2.000000000000000000e+01 2.100000000000000000e+01 8.696824220902968591e+03
2.000000000000000000e+01 2.300000000000000000e+01 1.027316856295172329e+04
2.100000000000000000e+01 1.400000000000000000e+01 1.841512334767953143e+04
2.100000000000000000e+01 1.900000000000000000e+01 7.002865049647885826e+03
2.100000000000000000e+01 2.000000000000000000e+01 8.672981875558654792e+03
2.100000000000000000e+01 2.200000000000000000e+01 9.653432434003701928e+03
2.200000000000000000e+01 1.300000000000000000e+01 8.408768551677099822e+03
2.200000000000000000e+01 2.100000000000000000e+01 9.611368068533960468e+03
2.200000000000000000e+01 2.300000000000000000e+01 7.879310569796056370e+03
2.300000000000000000e+01 1.200000000000000000e+01 1.105475886933745460e+04
2.300000000000000000e+01 2.000000000000000000e+01 1.021462581119496463e+04
2.300000000000000000e+01 2.200000000000000000e+01 7.831820967421698697e+03
