i	j	o2d21l6
0	1	 4497.80
0	2	 8119.70
1	0	 4520.56
1	5	 5970.75
2	0	 8096.94
2	3	14030.27
2	11	 9946.08
3	2	14050.71
3	4	18026.47
3	10	 5210.15
4	3	18048.54
4	5	 8796.91
4	8	15795.62
5	1	 5993.52
5	4	 8803.17
5	7	12495.19
6	7	12100.96
6	17	15844.31
7	5	12524.21
7	6	12043.39
7	8	 6881.22
7	15	 8384.93
8	4	15811.43
8	7	 6833.08
8	9	21761.08
9	8	21828.75
9	10	17719.19
9	14	23143.31
9	15	11045.46
9	16	 8100.86
10	3	 5308.52
10	9	17601.10
10	11	 8369.47
10	13	 9786.02
11	2	 9902.87
11	10	 8414.09
11	12	12215.21
12	11	12316.63
12	23	11098.07
13	10	 9821.69
13	14	 9032.10
13	22	 8420.50
14	9	23204.08
14	13	 9078.94
14	18	19061.14
14	21	18442.61
15	7	 8404.52
15	9	11070.63
15	16	11679.22
15	17	15328.78
16	9	 8100.68
16	15	11668.50
16	18	 9954.31
17	6	15901.88
17	15	15384.26
17	19	19032.52
18	14	19095.25
18	16	 9943.41
18	19	 8676.71
19	17	19045.57
19	18	 8699.92
19	20	 6332.35
19	21	 7000.18
20	19	 6265.70
20	21	 8592.41
20	23	10309.25
21	14	18416.12
21	19	 7003.09
21	20	 8579.11
21	22	 9657.40
22	13	 8409.32
22	21	 9620.52
22	23	 7888.05
23	12	11099.48
23	20	10255.90
23	22	 7839.98
