i	j	       0	       1	       2	       3	       4	       5	       6	       7	       8	       9	      10	      11	      12	      13	      14	      15	      16	      17	      18	      19	      20	      21	      22	      23
0	1	 2600.30	    0.00	  270.58	  200.02	   15.61	    0.00	    0.01	    0.02	   31.22	   93.71	  200.02	  475.65	  463.22	  100.00	   15.60	    0.02	    0.04	    0.00	    0.01	    0.00	    0.01	    0.08	    0.16	   29.56
0	2	 6199.70	 1171.11	    0.00	    0.00	    0.00	  238.63	  140.95	  241.06	    0.00	    0.00	    0.00	    0.00	    0.00	    0.00	    0.00	   95.49	    0.00	   34.14	    0.00	    0.02	    0.00	    0.00	    0.00	    0.00
1	0	    0.00	 1271.11	    0.00	    0.00	    0.00	  538.63	  640.93	 1041.03	    0.00	    0.00	    0.00	    0.00	    0.00	    0.00	    0.00	  595.47	    0.32	  134.14	    0.10	  299.92	    0.00	    0.02	    0.00	    0.00
1	5	 2500.30	 2728.89	  170.58	    0.04	    0.00	    0.00	    0.00	    0.00	    0.00	    0.00	    0.04	  375.65	  163.22	    0.01	    0.00	    0.00	    0.00	    0.00	    0.00	    0.00	    0.01	    0.03	    0.16	   29.56
2	0	    0.00	    0.00	  370.58	  700.02	  215.61	    0.00	    0.03	    0.05	  531.22	 1393.71	  700.02	  675.65	  963.22	  400.00	  515.60	    0.04	  399.71	    0.00	  299.91	    0.10	  100.01	  400.06	  300.16	  129.56
2	3	 4499.70	  670.98	 1929.39	    0.00	    0.00	    0.00	    0.00	    0.00	    0.00	    0.00	    0.00	 3752.64	 2492.29	    0.09	    0.00	    0.00	    0.00	    0.00	    0.00	    0.00	  202.14	    0.03	    1.97	  470.20
2	11	 1600.00	  400.12	  500.03	 1602.49	  403.84	  500.51	  774.15	 1200.00	 1399.59	  653.04	    0.93	    0.00	    0.00	    0.16	   47.67	  553.26	  184.06	  199.32	   20.43	    0.18	    0.00	    0.00	    0.00	    0.00
3	2	    0.00	    0.00	    0.00	 2502.51	  719.45	  561.89	  733.22	 1158.99	 2030.82	 2346.75	 1000.39	    0.00	    0.00	  499.83	  663.22	  657.80	  683.77	  165.18	  320.34	    0.17	    0.02	    0.08	    0.05	    0.01
3	4	 3197.41	  170.86	 1329.07	 6696.25	    0.00	    0.00	    0.00	    0.00	    0.00	    0.12	  903.47	 3151.84	 1891.82	  200.09	    0.08	    0.00	    0.01	    0.00	    0.02	    0.00	    2.20	    0.05	  199.90	  270.24
3	10	  802.29	  300.17	  400.32	 2401.24	  699.64	  599.55	    0.17	    3.85	    0.40	    0.16	    0.00	    0.80	    0.47	    0.07	    0.06	    0.65	    0.04	    0.07	    0.02	    0.02	    0.02	    0.05	    0.05	    0.02
4	3	    0.00	    0.04	    0.00	    0.00	 1919.08	 1561.44	 1133.39	 1862.84	 2731.21	 3545.47	    0.00	    0.00	    0.00	    0.00	 1161.55	 1458.14	 1183.37	  265.25	  519.65	  300.20	    0.03	  399.01	    0.00	    0.00
4	5	    0.00	    0.00	  524.69	 2138.21	 1265.53	    0.00	    0.02	    0.03	  568.93	 1306.23	  402.96	 1458.66	  574.01	  100.02	  284.12	    0.04	    0.04	    0.00	    0.25	    0.01	    0.01	    0.00	   99.84	   70.43
4	8	 2997.41	  899.88	  704.39	 4058.04	 2915.38	 1400.11	    0.03	    0.10	    0.00	    0.00	    0.51	 1493.17	 1117.81	    0.08	    0.00	    0.06	    0.00	    0.01	    0.00	    0.03	    0.00	    0.00	    0.06	  199.81
5	1	    0.00	    0.00	    0.00	    0.02	   84.39	  938.63	  840.92	 1441.01	  168.78	  506.29	    0.02	    0.00	    0.00	    0.01	   84.40	  995.45	  200.29	  134.14	  100.09	  399.92	    0.00	   99.97	    0.00	    0.00
5	4	    0.00	  829.06	    0.00	    0.00	    0.00	 3161.55	 1028.99	 1806.04	    0.00	    0.00	    0.00	    0.00	    0.00	    0.00	    0.00	 1471.27	    0.55	  203.29	    0.03	  303.68	    0.09	    0.05	    0.00	    0.00
5	7	 2200.30	 1499.83	  395.26	 1738.23	  981.14	 3499.82	    0.00	    0.00	    0.15	    0.07	    2.98	 1634.32	  537.23	    0.03	    0.00	    0.00	    0.00	    0.00	    0.00	    0.00	    0.00	    0.00	    0.00	    0.00
6	7	    0.00	    0.00	    0.00	    0.00	    0.00	    0.00	 4178.20	    0.00	    0.00	    0.00	    0.00	    0.00	    0.00	  399.75	  599.88	  389.43	  136.63	  999.11	  999.21	 2599.03	  499.97	  799.82	  299.93	  199.97
6	17	  430.47	  336.34	    8.80	  435.17	  122.07	  985.04	 7921.80	 4518.05	  825.32	    0.62	    0.13	  221.88	    0.11	    0.00	    0.00	    0.00	    0.03	    0.00	    0.00	    0.00	    0.00	    0.00	    0.00	    0.00
7	5	    0.00	    0.00	    0.00	    0.00	    0.00	    0.00	 2269.90	 4047.02	    0.00	    0.12	    0.00	    0.00	    0.00	    0.00	    0.28	 3366.69	  700.79	  437.43	  299.87	 1003.59	  100.08	  299.99	    0.00	    0.01
7	6	  930.47	  536.34	  108.80	  835.17	  322.07	 1385.04	    0.00	 5518.05	 1425.27	    2.41	    0.65	  921.81	   61.34	    0.00	    0.00	    0.00	    0.11	    0.00	    0.00	    0.00	    0.00	    0.00	    0.00	    0.00
7	8	    0.00	    0.00	    0.00	    0.00	    0.00	    0.00	  908.30	 3752.44	    0.00	    0.00	    0.00	    0.00	    0.00	    0.00	    0.00	 1260.66	    0.11	  262.04	    0.00	  696.52	    0.04	    0.00	    0.00	    0.00
7	15	  469.91	  563.53	  172.44	  680.89	  425.53	 1314.88	    0.00	 3382.49	  897.58	    0.00	    0.06	  474.15	    0.26	    0.00	    0.00	    0.00	    0.00	    0.00	    0.00	    0.00	    0.00	    0.00	    0.00	    0.00
8	4	    0.00	    0.00	    0.00	    0.00	    0.00	    0.00	  304.44	  556.93	 4100.14	 5851.58	    0.00	    0.00	    0.00	    0.00	 1645.60	  486.96	 1382.86	   61.97	  619.86	   96.55	   97.74	  598.91	    0.00	    0.00
8	7	    0.08	    0.04	   85.98	  477.82	  266.47	    0.09	    0.00	    0.00	 3122.69	 1602.20	  797.73	  361.64	  124.37	    0.00	    0.00	    0.00	    0.23	    0.00	    0.00	    0.00	    0.00	    0.00	    0.00	    0.00
8	9	 2497.33	  699.84	  518.41	 2880.21	 1848.92	 1000.02	    4.11	 2395.60	 8977.17	    0.00	    0.00	  531.58	  393.50	    0.00	    0.00	    0.80	    0.00	    0.15	    0.00	    0.31	    0.00	    0.00	    0.00	    0.00
9	8	    0.00	    0.00	    0.00	    0.00	    0.00	    0.00	    0.23	    0.00	    0.00	10253.78	 2197.22	    0.05	    0.05	  599.93	 2645.60	  627.04	 2282.97	    0.08	 1019.86	    0.32	  397.70	 1298.91	  499.94	    0.19
9	10	    0.00	    0.00	    0.00	    0.00	    0.00	    0.00	  499.77	  796.17	 1715.66	 8410.57	    0.00	    0.00	    0.00	    0.00	 1286.21	 1546.44	 1916.09	  199.92	  425.71	  433.18	    0.93	  495.33	    0.00	    0.00
9	14	  798.27	   99.87	   99.79	 1097.11	  596.46	  200.05	    0.00	    0.00	 3084.39	14593.91	 1905.64	  649.29	    3.27	    0.00	    0.00	    0.00	    0.81	    0.00	    0.00	    0.00	    0.00	    0.00	    0.00	    0.00
9	15	    0.00	    0.00	   18.77	   83.99	   52.50	    0.00	    0.00	    0.00	  477.29	 8040.98	 2168.50	  203.31	    0.46	    0.00	    0.00	    0.00	    0.00	    0.00	    0.00	    0.00	    0.00	    0.00	    0.00	    0.00
9	16	  399.60	    0.02	   99.98	  499.91	  199.96	    0.04	    0.08	    0.12	  899.84	 3900.76	  999.79	  599.89	  499.91	    0.06	    0.13	    0.12	    0.00	    0.05	    0.07	    0.14	    0.05	    0.14	    0.05	    0.03
10	3	    0.00	    0.00	    0.00	    0.00	    0.00	    0.00	    0.00	    0.00	    0.00	    1.57	 3403.86	    0.00	    0.00	 1199.90	    1.80	    0.32	    0.45	    0.00	    0.72	    0.00	    0.07	    1.13	  698.04	    0.08
10	9	    0.54	    0.00	    0.13	    0.79	    0.00	    0.00	    0.00	    0.00	    0.00	    0.00	11171.14	 2920.96	 2010.20	 1083.88	    0.00	    0.00	    0.00	    0.00	    0.00	    0.00	    0.00	    0.00	  361.47	   59.52
10	11	    0.00	    0.00	    0.00	    0.00	    0.00	    0.00	    0.00	    0.00	    0.11	 3246.96	 2400.32	    0.00	    0.00	  716.32	  655.42	  146.77	  915.76	    0.02	  280.87	    0.00	    0.00	    0.00	    0.00	    0.00
10	13	  301.86	  100.21	  100.24	 1000.53	  199.66	  199.62	    0.00	    0.03	  315.95	 1162.21	 5324.67	 1050.89	   23.22	    0.00	    0.00	    0.00	    0.05	    0.00	    0.00	    0.00	    0.00	    0.00	    0.00	    0.00
11	2	    0.00	    0.00	    0.00	    0.00	    0.00	    0.00	    0.00	    0.00	    0.00	    0.00	    0.56	 4628.29	 3555.51	    0.43	    0.05	    0.00	    0.00	    0.00	    0.00	    0.09	  302.12	  500.01	  402.08	  599.74
11	10	    0.11	    0.04	    0.05	    0.08	    0.03	    0.07	    0.00	    0.00	    0.00	    0.00	    0.00	 5371.04	 3032.94	    0.00	    0.00	    0.00	    0.00	    0.00	    0.00	    0.00	    0.04	    0.00	    0.00	    0.37
11	12	 1399.90	  300.08	  299.98	 1002.41	  203.81	  300.45	   74.21	  600.00	  799.70	 1900.00	 1000.69	 3900.67	    0.00	   16.33	    3.03	    0.86	  499.82	    0.05	    1.30	    0.04	    0.00	    0.00	    0.00	    0.00
12	11	    0.00	    0.00	    0.00	    0.00	    0.00	    0.00	    0.07	    0.00	    0.00	    0.00	    0.00	    0.00	 7888.45	    0.27	    0.00	    0.83	    0.00	    0.71	    0.00	  499.95	  602.16	 1200.01	 1102.08	 1100.11
12	23	  899.90	    0.08	  199.98	  402.41	    3.81	  100.45	    0.00	    0.00	  199.70	    0.00	    0.69	 2600.67	 6711.55	    0.00	    0.00	    0.00	    0.00	    0.00	    0.00	    0.00	    0.00	    0.00	    0.00	    0.00
13	10	    0.00	    0.00	    0.00	    0.00	    0.00	    0.00	    0.06	    0.00	    0.00	    0.00	    0.00	    0.00	    0.00	 4600.03	  770.95	    0.00	    0.13	    0.03	  255.86	  166.80	  399.09	  605.76	 2359.45	  659.20
13	14	    1.76	    0.20	    0.22	    2.36	    0.06	    0.04	    0.00	    0.00	    0.00	    0.00	 1052.47	  350.70	   90.50	 6278.06	    0.00	    0.00	    0.00	    0.00	    0.00	    0.00	    0.00	    0.00	 1143.97	  115.39
13	22	    0.11	    0.01	    0.03	  498.19	   99.61	   99.59	    0.00	    0.00	  191.35	  802.41	 2672.27	    0.21	    0.00	 3221.91	  449.78	    0.00	  221.49	    0.00	  139.90	    0.00	    0.00	    0.00	    0.00	    0.00
14	9	    0.00	    0.00	    0.00	    0.00	    0.00	    0.00	    0.00	    0.00	    0.00	    0.00	    0.00	    0.00	    0.00	 1616.11	 7931.93	    0.30	    0.78	    0.05	 3245.45	 1727.98	 1598.68	 4394.38	 1938.52	  740.70
14	13	    0.00	    0.00	    0.00	    0.00	    0.00	    0.00	  199.54	  399.09	  475.40	 1740.20	    0.07	    0.00	    0.00	    0.00	 2520.72	  699.12	  921.57	   99.77	  695.75	  665.24	    0.21	  662.95	    0.00	    0.00
14	18	  300.03	    0.08	    0.01	  200.07	  100.03	    0.10	    0.02	    0.03	  400.14	 3256.17	  830.88	  300.06	  272.64	 2897.09	 5900.03	    0.06	    0.41	    0.01	    0.00	    0.05	  586.53	 2899.91	  899.98	  240.47
14	21	    0.00	    0.00	    0.00	  399.40	  296.49	    0.00	    0.00	    0.00	 1308.84	 5597.54	  727.15	    0.00	    0.00	  464.86	 5047.31	    0.23	 2492.41	    0.00	 2070.35	    0.00	    0.00	    0.00	    0.00	    0.00
15	7	    0.00	    0.00	    0.00	    0.00	    0.00	    0.00	    0.00	    0.00	    0.00	    0.27	    0.00	    0.00	    0.00	    0.22	    0.40	 6437.92	 1964.15	    0.35	    0.66	    1.08	    0.15	    0.17	    0.07	    0.05
15	9	    0.00	    0.05	    0.00	    0.00	    0.00	    0.07	 2395.73	    0.69	    0.00	    0.00	    0.00	    0.00	    0.00	    0.00	    0.00	 6570.83	    0.57	  899.59	    0.20	 1205.15	    0.00	    0.00	    0.00	    0.00
15	16	    0.39	  200.03	    0.01	    0.06	    0.03	  500.12	 1000.36	 1401.10	    0.12	    0.51	    0.09	    0.05	    0.00	    0.00	    0.00	 5950.68	    0.00	  600.32	    0.00	 1517.91	  375.40	    0.00	    0.00	  141.15
15	17	    0.02	    0.00	    0.00	    0.02	    0.00	    0.03	    0.00	    0.15	    0.16	 3642.05	  768.86	    0.13	    0.00	    0.03	    0.15	 7140.56	 3735.34	    0.00	    0.15	    0.00	    0.00	    0.00	    0.00	    0.00
16	9	    0.00	    0.00	    0.00	    0.00	    0.00	    0.00	    0.24	    0.00	    0.00	    0.00	    0.00	    0.00	    0.00	    0.00	    0.00	    1.67	 8098.52	    0.26	    0.00	    0.20	    0.00	    0.00	    0.00	    0.00
16	15	    0.00	    0.00	    0.00	    0.00	    0.00	    0.00	    0.00	    0.00	    0.00	    1.47	    0.28	    0.00	    0.00	  694.19	 1190.12	    0.00	 8499.95	    0.00	 1289.77	    0.00	    0.05	    0.11	    0.04	    0.03
16	18	    0.03	    0.07	    0.00	    0.02	    0.01	    0.16	    0.21	    1.22	    0.04	    0.16	    0.00	    0.00	    0.00	    0.00	    0.00	 3149.13	 6801.54	    0.12	    0.00	    0.00	    0.00	    0.00	    0.00	    0.00
17	6	    0.00	    0.00	    0.00	    0.00	    0.00	    0.00	    0.00	    0.00	    0.05	 1898.21	  499.48	    0.07	  338.78	  599.75	 1099.88	 1789.43	 1136.55	 1199.11	 1399.21	 3099.03	  699.97	 1299.82	  499.93	  299.97
17	15	   30.49	   36.56	    8.80	   35.20	   22.00	   85.34	 4796.09	  219.44	   25.41	    0.37	    0.12	   22.72	  599.28	    6.06	   10.42	    0.00	    0.12	 2000.27	   11.23	 4324.14	  975.50	 1200.06	  500.03	  441.17
17	19	  299.99	  299.78	    0.00	  299.99	  100.08	  799.72	 2925.71	 3998.76	  600.01	 1044.30	  169.41	    0.07	    0.08	    0.00	    0.00	 4851.14	 1998.84	 1600.62	    0.00	    0.00	    0.00	    0.00	    0.00	    0.00
18	14	    0.00	    0.01	    0.00	    0.00	    0.00	    0.02	  699.50	  999.04	    0.00	    0.00	    0.00	    0.00	    0.00	    0.00	    0.00	 1899.55	 4914.37	  299.81	 6811.54	 3492.81	    0.16	    0.38	    0.16	    0.07
18	16	    0.04	    0.02	    0.01	    0.05	    0.02	    0.00	    0.00	    0.00	    0.08	    0.37	    0.40	    0.06	    0.09	 1394.13	 2690.00	    0.00	    0.00	    0.00	 2989.70	  182.15	  224.60	 1699.96	  599.99	  158.85
18	19	    0.02	    0.00	    0.00	    0.04	    0.02	    0.02	    0.00	    0.00	    0.09	 1455.96	  430.49	    0.00	    0.00	 1202.98	 2410.03	    0.00	  187.58	    0.00	 2998.76	    0.00	    0.00	    0.00	    0.00	    0.00
19	17	    0.00	    0.00	    0.00	    0.00	    0.00	    0.00	    0.00	    0.00	    0.00	    0.21	    0.01	    0.85	 1038.02	  705.79	 1310.15	    0.00	    0.14	    0.00	 1710.29	 7823.16	 1775.46	 2799.89	 1099.96	  741.13
19	18	    0.00	   99.88	    0.00	    0.00	    0.00	  199.77	 1099.27	 1697.79	    0.00	    0.00	    0.00	    0.00	   27.45	    0.01	    0.00	   50.36	    0.00	  599.68	    0.00	 4874.91	   38.22	    0.43	    0.17	   18.45
19	20	    0.00	    0.00	    0.00	    0.01	    0.09	  100.01	  626.20	  600.51	    0.05	    0.05	    0.02	    0.01	    0.02	    0.02	    0.03	 1500.75	  486.25	  200.84	   88.57	 2701.23	    0.00	    0.07	    0.03	    0.02
19	21	    0.00	   99.91	    0.00	    0.02	    0.01	  199.96	  700.23	  800.46	    0.06	    0.21	    0.05	    0.00	    0.00	    0.00	    0.16	 1700.03	    0.11	  400.10	    0.08	 3100.69	    0.18	    0.00	    0.00	    0.00
20	19	    0.00	    0.00	    0.00	    0.00	    0.00	    0.00	    0.00	    0.00	    0.00	    0.11	    0.03	  400.77	 1665.32	    0.08	    0.17	    0.00	    0.07	    0.00	    0.18	    0.00	 3013.85	    0.24	    1.91	 1159.30
20	21	  262.55	    0.07	   65.64	    0.21	    0.00	    0.03	    0.06	    0.08	    0.00	    0.00	    0.00	  459.46	 1456.51	    0.00	    0.00	    0.16	    0.00	    0.03	    0.00	    0.41	 4786.80	    0.00	    0.00	 1585.60
20	23	    0.00	    0.00	    0.00	    0.00	    0.00	    0.02	  426.14	  200.43	    0.03	  486.89	    0.00	    0.00	    0.00	    0.00	  684.46	  900.67	  216.84	  100.81	  254.97	 1500.83	 3199.35	 2335.21	    0.00	    0.00
21	14	    0.00	    0.00	    0.00	    0.00	    0.00	    0.00	    0.06	    0.08	    0.00	    0.00	    0.00	    0.07	  878.88	    0.00	    0.00	    0.16	    0.00	    0.03	    0.00	    0.45	 2985.27	10556.87	 2694.37	 1265.71
21	19	    0.00	    0.00	    0.00	    0.00	    0.00	    0.00	    0.00	    0.00	    0.00	    0.10	    0.15	    0.03	    0.10	    2.76	    0.15	    0.00	    0.00	    0.00	    0.00	    0.00	    0.02	 5200.15	 1798.25	    0.30
21	20	    0.01	    0.00	    0.00	    0.03	   96.55	    0.00	    0.00	    0.00	  299.98	 1686.95	    3.00	    0.04	    0.00	    0.84	 1484.60	    0.08	  330.66	    0.00	  566.57	    0.00	    0.00	 4135.37	    0.28	    0.00
21	22	    0.00	    0.00	    0.00	    0.00	    0.00	    0.01	  200.23	  300.46	  308.92	 1310.70	    0.00	    0.00	    0.00	    0.00	  962.73	  500.18	  461.85	  100.11	  303.85	  700.64	    1.69	 4507.61	    0.00	    0.00
22	13	    0.01	    0.00	    0.00	    0.02	    0.00	    0.00	    0.52	    0.89	    0.00	    0.00	    0.00	    0.03	  667.28	    0.00	    0.00	    0.88	    0.00	    0.25	    0.01	    1.56	  798.88	 1142.80	 4603.42	 1174.59
22	21	  137.47	    0.03	   34.36	    0.40	    0.05	    0.03	    0.00	    0.00	    0.00	    0.00	  375.96	  240.68	  722.47	  738.73	    0.00	    0.00	    0.00	    0.00	    0.00	    0.00	    0.00	    0.00	 6592.90	  780.41
22	23	    0.01	    0.00	    0.00	    0.03	    0.00	    0.01	    0.01	    0.03	    0.28	  313.11	  996.37	    0.00	    0.00	 1383.17	  412.51	    0.07	   83.35	    0.00	  143.74	    0.13	    0.06	 1264.89	 3303.67	    0.00
23	12	    0.00	    0.00	    0.00	    0.00	    0.00	    0.00	  325.85	    0.00	    0.00	    0.00	    0.00	    0.00	    0.00	  583.95	  696.97	  599.97	    0.18	  100.66	  298.70	 1099.91	 1202.16	 2500.01	 1902.08	 1800.11
23	20	  362.53	    0.06	   65.64	  200.17	    3.37	    0.03	    0.00	    0.00	    0.00	    0.00	  397.01	 1160.18	 3721.81	  399.23	    0.00	    0.00	    0.00	    0.00	    0.00	    0.00	    0.00	    0.00	  701.60	 3244.88
23	22	  437.38	    0.02	  134.34	    2.26	    0.44	    0.44	    0.30	    0.46	    0.00	    0.00	    0.05	  940.49	 2189.75	    0.00	    0.00	    0.76	    0.00	    0.15	    0.00	    1.05	 1497.25	    0.09	    0.00	 2655.00
