i	j	o12d14l35
0	1	 4496.28
0	2	 8118.25
1	0	 4519.12
1	5	 5969.66
2	0	 8095.40
2	3	14017.62
2	11	10037.75
3	2	14043.18
3	4	18016.80
3	10	 5209.25
4	3	18042.54
4	5	 8797.23
4	8	15786.68
5	1	 5992.51
5	4	 8803.67
5	7	12493.78
6	7	12101.60
6	17	15797.68
7	5	12523.07
7	6	12040.22
7	8	 6882.50
7	15	 8388.15
8	4	15805.98
8	7	 6834.52
8	9	21750.82
9	8	21822.13
9	10	17727.74
9	14	23126.90
9	15	11046.13
9	16	 8100.95
10	3	 5309.07
10	9	17604.77
10	11	 8365.12
10	13	 9780.43
11	2	 9989.34
11	10	 8404.72
11	12	12301.87
12	11	12393.07
12	23	11119.82
13	10	 9817.67
13	14	 9036.39
13	22	 8398.00
14	9	23194.38
14	13	 9080.94
14	18	19083.75
14	21	18404.39
15	7	 8404.05
15	9	11073.38
15	16	11687.95
15	17	15283.30
16	9	 8100.50
16	15	11677.22
16	18	 9952.25
17	6	15859.06
17	15	15337.17
17	19	18989.91
18	14	19116.76
18	16	 9941.08
18	19	 8684.00
19	17	19005.15
19	18	 8705.84
19	20	 6305.15
19	21	 7003.58
20	19	 6243.03
20	21	 8617.53
20	23	10305.12
21	14	18383.40
21	19	 7002.78
21	20	 8604.72
21	22	 9657.99
22	13	 8390.71
22	21	 9623.40
22	23	 7902.74
23	12	11111.01
23	20	10255.81
23	22	 7860.85
