i	j	o16d23l56
0	1	 4495.15
0	2	 8121.90
1	0	 4522.19
1	5	 5967.48
2	0	 8094.86
2	3	14020.96
2	11	10035.12
3	2	14039.03
3	4	18018.27
3	10	 5210.00
4	3	18039.56
4	5	 8795.27
4	8	15789.06
5	1	 5994.52
5	4	 8805.09
5	7	12490.35
6	7	12103.73
6	17	15793.92
7	5	12527.20
7	6	12041.32
7	8	 6881.90
7	15	 8386.44
8	4	15800.54
8	7	 6837.47
8	9	21752.45
9	8	21819.49
9	10	17727.81
9	14	23128.09
9	15	11048.43
9	16	 8099.54
10	3	 5306.78
10	9	17604.25
10	11	 8367.39
10	13	 9778.66
11	2	 9990.00
11	10	 8403.19
11	12	12303.11
12	11	12393.79
12	23	11120.03
13	10	 9816.08
13	14	 9038.59
13	22	 8398.77
14	9	23192.62
14	13	 9080.38
14	18	19081.93
14	21	18403.66
15	7	 8405.32
15	9	11073.27
15	16	11687.40
15	17	15283.92
16	9	 8100.78
16	15	11674.80
16	18	 9952.67
17	6	15856.33
17	15	15340.24
17	19	18988.01
18	14	19114.29
18	16	 9941.30
18	19	 8686.20
19	17	19006.74
19	18	 8707.21
19	20	 6304.49
19	21	 7002.38
20	19	 6242.82
20	21	 8617.49
20	23	10306.14
21	14	18377.61
21	19	 7003.78
21	20	 8606.71
21	22	 9658.56
22	13	 8394.40
22	21	 9623.13
22	23	 7900.81
23	12	11110.71
23	20	10255.26
23	22	 7861.01
