0.000000000000000000e+00 1.000000000000000000e+00 4.495221041706203323e+03
0.000000000000000000e+00 2.000000000000000000e+00 8.119669257505970563e+03
1.000000000000000000e+00 0.000000000000000000e+00 4.520466389996701764e+03
1.000000000000000000e+00 5.000000000000000000e+00 5.966206760997907622e+03
2.000000000000000000e+00 0.000000000000000000e+00 8.094423909215477579e+03
2.000000000000000000e+00 3.000000000000000000e+00 1.401949173752380375e+04
2.000000000000000000e+00 1.100000000000000000e+01 1.003433401479434360e+04
3.000000000000000000e+00 2.000000000000000000e+00 1.404191043149978213e+04
3.000000000000000000e+00 4.000000000000000000e+00 1.801697652085971640e+04
3.000000000000000000e+00 1.000000000000000000e+01 5.209324040683253770e+03
4.000000000000000000e+00 3.000000000000000000e+00 1.804095652467548280e+04
4.000000000000000000e+00 5.000000000000000000e+00 8.796440622618232737e+03
4.000000000000000000e+00 8.000000000000000000e+00 1.578666399766036557e+04
5.000000000000000000e+00 1.000000000000000000e+00 5.991452109288400607e+03
5.000000000000000000e+00 4.000000000000000000e+00 8.805304030878074627e+03
5.000000000000000000e+00 7.000000000000000000e+00 1.249115270342684744e+04
6.000000000000000000e+00 7.000000000000000000e+00 1.210610004497448062e+04
6.000000000000000000e+00 1.700000000000000000e+01 1.580269006410229122e+04
7.000000000000000000e+00 5.000000000000000000e+00 1.252526145997719323e+04
7.000000000000000000e+00 6.000000000000000000e+00 1.204410251629591403e+04
7.000000000000000000e+00 8.000000000000000000e+00 6.883170791573586030e+03
7.000000000000000000e+00 1.500000000000000000e+01 8.383872160044833436e+03
8.000000000000000000e+00 4.000000000000000000e+00 1.580178059321630644e+04
8.000000000000000000e+00 7.000000000000000000e+00 6.836288407313256357e+03
8.000000000000000000e+00 9.000000000000000000e+00 2.175150757322902064e+04
9.000000000000000000e+00 8.000000000000000000e+00 2.181974178452459091e+04
9.000000000000000000e+00 1.000000000000000000e+01 1.772940966466060854e+04
9.000000000000000000e+00 1.400000000000000000e+01 2.312944999086011012e+04
9.000000000000000000e+00 1.500000000000000000e+01 1.104718340626584722e+04
9.000000000000000000e+00 1.600000000000000000e+01 8.100620791934420595e+03
1.000000000000000000e+01 3.000000000000000000e+00 5.307762730843454847e+03
1.000000000000000000e+01 9.000000000000000000e+00 1.760694357987995318e+04
1.000000000000000000e+01 1.100000000000000000e+01 8.365528266278430237e+03
1.000000000000000000e+01 1.300000000000000000e+01 9.777540260812129418e+03
1.100000000000000000e+01 2.000000000000000000e+00 9.986669972527870414e+03
1.100000000000000000e+01 1.000000000000000000e+01 8.404549410380132031e+03
1.100000000000000000e+01 1.200000000000000000e+01 1.230109506695244090e+04
1.200000000000000000e+01 1.100000000000000000e+01 1.239245216878766041e+04
1.200000000000000000e+01 2.300000000000000000e+01 1.112014489139591387e+04
1.300000000000000000e+01 1.000000000000000000e+01 9.814491722089995164e+03
1.300000000000000000e+01 1.400000000000000000e+01 9.035365711401769659e+03
1.300000000000000000e+01 2.200000000000000000e+01 8.398460498187556368e+03
1.400000000000000000e+01 9.000000000000000000e+00 2.319712937622195022e+04
1.400000000000000000e+01 1.300000000000000000e+01 9.079395711800472782e+03
1.400000000000000000e+01 1.800000000000000000e+01 1.908312160894057524e+04
1.400000000000000000e+01 2.100000000000000000e+01 1.840283539972490325e+04
1.500000000000000000e+01 7.000000000000000000e+00 8.402865772176943210e+03
1.500000000000000000e+01 9.000000000000000000e+00 1.107015892150050058e+04
1.500000000000000000e+01 1.600000000000000000e+01 1.168838990658325201e+04
1.500000000000000000e+01 1.700000000000000000e+01 1.529430603776925818e+04
1.600000000000000000e+01 9.000000000000000000e+00 8.100666187414180968e+03
1.600000000000000000e+01 1.500000000000000000e+01 1.167733952771157055e+04
1.600000000000000000e+01 1.800000000000000000e+01 9.952188822573953075e+03
1.700000000000000000e+01 6.000000000000000000e+00 1.586468759278085417e+04
1.700000000000000000e+01 1.500000000000000000e+01 1.534732554400769004e+04
1.700000000000000000e+01 1.900000000000000000e+01 1.899191030350298024e+04
1.800000000000000000e+01 1.400000000000000000e+01 1.911657612859294386e+04
1.800000000000000000e+01 1.600000000000000000e+01 9.941183839182038355e+03
1.800000000000000000e+01 1.900000000000000000e+01 8.684441219543776242e+03
1.900000000000000000e+01 1.700000000000000000e+01 1.900692733841996596e+04
1.900000000000000000e+01 1.800000000000000000e+01 8.706890755804226501e+03
1.900000000000000000e+01 2.000000000000000000e+01 6.304926445073570903e+03
1.900000000000000000e+01 2.100000000000000000e+01 7.003011955467827647e+03
2.000000000000000000e+01 1.900000000000000000e+01 6.243565099920830107e+03
2.000000000000000000e+01 2.100000000000000000e+01 8.616166664411746751e+03
2.000000000000000000e+01 2.300000000000000000e+01 1.030524672394437039e+04
2.100000000000000000e+01 1.400000000000000000e+01 1.838109026583307423e+04
2.100000000000000000e+01 1.900000000000000000e+01 7.001839871798005333e+03
2.100000000000000000e+01 2.000000000000000000e+01 8.604644920679382267e+03
2.100000000000000000e+01 2.200000000000000000e+01 9.659455220400737744e+03
2.200000000000000000e+01 1.300000000000000000e+01 8.391381959066733543e+03
2.200000000000000000e+01 2.100000000000000000e+01 9.625016259106725556e+03
2.200000000000000000e+01 2.300000000000000000e+01 7.901701351402420187e+03
2.300000000000000000e+01 1.200000000000000000e+01 1.111150199323112975e+04
2.300000000000000000e+01 2.000000000000000000e+01 1.025540712252399862e+04
2.300000000000000000e+01 2.200000000000000000e+01 7.860183850987572441e+03
