i	j	       0	       1	       2	       3	       4	       5	       6	       7	       8	       9	      10	      11	      12	      13	      14	      15	      16	      17	      18	      19	      20	      21	      22	      23
0	1	 2600.51	    0.00	  278.11	  199.98	   19.25	    0.00	    0.01	    0.02	   38.51	  115.80	  199.98	  491.11	  537.12	   99.99	   19.22	    0.02	    0.02	    0.00	    0.02	    0.00	    0.01	    0.06	    0.11	   31.22
0	2	 6199.49	 1196.40	    0.00	    0.00	    0.00	  254.10	  162.82	  284.89	    0.00	    0.00	    0.00	    0.00	    0.00	    0.00	    0.00	  146.06	    0.00	   40.60	    0.00	    0.02	    0.00	    0.00	    0.00	    0.00
1	0	    0.00	 1296.40	    0.00	    0.00	    0.00	  554.10	  662.79	 1084.86	    0.00	    0.00	    0.00	    0.00	    0.00	    0.00	    0.00	  645.99	    1.01	  140.60	    0.03	  299.98	    0.00	    0.00	    0.00	    0.00
1	5	 2500.51	 2703.60	  178.11	    0.00	    0.00	    0.00	    0.00	    0.00	    0.00	    0.00	    0.00	  391.11	  237.12	    0.00	    0.00	    0.00	    0.00	    0.00	    0.00	    0.00	    0.01	    0.01	    0.11	   31.22
2	0	    0.00	    0.00	  378.11	  699.98	  219.25	    0.00	    0.03	    0.05	  538.51	 1415.80	  699.98	  691.11	 1037.12	  399.99	  519.22	    0.09	  399.01	    0.00	  299.99	    0.05	  100.01	  400.06	  300.11	  131.22
2	3	 4499.47	  696.22	 1921.82	    0.00	    0.00	    0.08	    0.00	    0.00	    0.00	    0.00	    0.00	 3898.00	 2898.72	    0.09	    0.00	    0.00	    0.00	    0.00	    0.00	    0.00	  202.96	    0.11	    1.51	  467.90
2	11	 1600.02	  400.18	  500.06	 1600.70	  400.91	  500.12	  701.82	 1200.00	 1395.75	 1177.87	    0.56	    0.00	    0.00	    0.21	  127.00	  618.95	  332.22	  199.57	   54.43	    0.08	    0.00	    0.00	    0.00	    0.00
3	2	    0.00	    0.00	    0.00	 2500.68	  720.16	  546.11	  639.04	 1115.16	 2034.26	 2893.68	 1000.22	    0.00	    0.00	  499.98	  746.16	  672.98	  831.23	  158.97	  354.42	    0.07	    0.00	    0.00	    0.04	    0.00
3	4	 3196.03	  195.67	 1321.22	 6692.79	    0.00	    0.00	    0.00	    0.00	    0.00	    0.08	  904.08	 3297.94	 2298.67	  200.00	    0.06	    0.00	    0.03	    0.00	    0.02	    0.00	    3.01	    0.04	  199.88	  267.89
3	10	  803.45	  300.60	  400.60	 2406.53	  699.86	  599.78	    0.08	    3.73	    0.21	    0.18	    0.00	    0.06	    0.04	    0.07	    0.06	    0.13	    0.04	    0.03	    0.02	    0.03	    0.02	    0.05	    0.06	    0.03
4	3	    0.00	    0.05	    0.00	    0.00	 1920.02	 1545.80	 1039.11	 1818.89	 2734.47	 4091.13	    0.00	    0.00	    0.00	    0.00	 1242.55	 1473.11	 1330.57	  259.00	  552.90	  300.10	    0.03	  397.66	    0.00	    0.00
4	5	    0.00	    0.00	  510.32	 2100.04	 1239.61	    0.00	    0.02	    0.04	  561.49	 1284.06	  403.49	 1397.24	  748.66	  100.01	  280.23	    0.04	    0.11	    0.00	    0.13	    0.01	    0.01	    0.02	   99.88	   68.77
4	8	 2996.03	  899.23	  710.90	 4092.75	 2940.37	 1399.98	    0.03	    0.12	    0.00	    0.00	    0.58	 1700.70	 1350.01	    0.00	    0.00	    0.07	    0.00	    0.01	    0.00	    0.03	    0.00	    0.00	    0.00	  199.13
5	1	    0.00	    0.00	    0.00	    0.02	   80.75	  954.10	  862.78	 1484.84	  161.49	  484.20	    0.02	    0.00	    0.00	    0.01	   80.78	 1045.97	  200.99	  140.60	  100.01	  399.98	    0.00	   99.95	    0.00	    0.00
5	4	    0.00	  803.60	    0.00	    0.00	    0.00	 3145.78	  976.61	 1828.49	    0.00	    0.00	    0.00	    0.00	    0.00	    0.00	    0.00	 1532.57	    0.08	  204.21	    0.03	  316.58	    0.08	    0.00	    0.00	    0.00
5	7	 2200.51	 1500.00	  388.43	 1700.02	  958.86	 3500.12	    0.00	    0.00	    0.00	    0.00	    3.47	 1588.35	  785.78	    0.00	    0.00	    0.00	    0.00	    0.00	    0.00	    0.00	    0.00	    0.00	    0.00	    0.00
6	7	    0.00	    0.00	    0.00	    0.00	    0.00	    0.00	 4103.00	    0.00	    0.00	    0.00	    0.00	    0.00	    0.00	  399.77	  600.23	  545.78	  177.32	  999.66	  999.47	 2599.73	  500.07	  799.88	  300.00	  200.00
6	17	  415.66	  318.56	    3.97	  415.33	  109.67	  943.48	 7997.00	 4410.76	  808.46	    0.57	    0.15	  209.27	    0.33	    0.00	    0.00	    0.00	    0.03	    0.00	    0.00	    0.00	    0.00	    0.00	    0.00	    0.00
7	5	    0.00	    0.00	    0.00	    0.00	    0.00	    0.00	 2239.37	 4113.30	    0.00	    0.14	    0.00	    0.00	    0.00	    0.00	    0.55	 3478.50	  700.96	  444.80	  299.91	 1016.54	  100.06	  299.92	    0.01	    0.01
7	6	  915.66	  518.56	  103.97	  815.33	  309.67	 1343.48	    0.00	 5410.76	 1408.23	    2.51	    0.73	  909.27	  386.61	    0.00	    0.00	    0.00	    0.12	    0.00	    0.00	    0.00	    0.00	    0.00	    0.00	    0.00
7	8	    0.00	    0.00	    0.00	    0.00	    0.00	    0.00	  863.62	 3686.59	    0.00	    0.00	    0.00	    0.00	    0.00	    0.00	    0.00	 1381.99	    0.00	  254.92	    0.00	  683.38	    0.03	    0.00	    0.00	    0.00
7	15	  484.93	  581.49	  174.08	  677.51	  423.48	 1356.74	    0.00	 3489.35	  764.33	    0.26	    0.08	  457.19	    0.40	    0.00	    0.00	    0.00	    0.00	    0.00	    0.00	    0.00	    0.00	    0.00	    0.00	    0.00
8	4	    0.00	    0.00	    0.00	    0.00	    0.00	    0.00	  262.56	  490.55	 4095.96	 6375.10	    0.00	    0.00	    0.00	    0.00	 1722.71	  440.65	 1530.57	   54.81	  652.98	   83.57	   96.96	  597.63	    0.00	    0.00
8	7	    0.08	    0.04	   89.61	  492.83	  274.28	    0.10	    0.00	    0.00	 2972.56	 1602.17	  797.33	  378.10	  201.23	    0.07	    0.00	    0.00	    0.25	    0.00	    0.00	    0.00	    0.00	    0.00	    0.00	    0.00
8	9	 2495.94	  699.18	  521.29	 2899.92	 1866.09	  999.88	    1.16	 2396.16	 9131.48	    0.00	    0.00	  722.65	  548.85	    0.00	    0.00	    0.27	    0.00	    0.14	    0.00	    0.00	    0.00	    0.00	    0.00	    0.00
9	8	    0.00	    0.00	    0.00	    0.00	    0.00	    0.00	    0.06	    0.00	    0.00	10777.27	 2196.75	    0.06	    0.06	  600.07	 2722.71	  458.87	 2430.82	    0.02	 1052.98	    0.16	  396.93	 1297.63	  500.00	    0.87
9	10	    0.00	    0.00	    0.00	    0.00	    0.00	    0.00	  499.87	  796.27	 1799.41	 8232.34	    0.00	    0.00	    0.00	    0.00	 1295.90	 1480.68	 1768.32	  199.97	  423.31	  457.94	    3.43	  475.04	    0.00	    0.00
9	14	  798.59	   99.86	   99.82	 1095.48	  599.16	  199.91	    0.00	    0.00	 3004.62	14450.18	 1732.83	  617.99	  188.28	    0.00	    0.00	    0.00	    0.81	    0.00	    0.00	    0.00	    0.00	    0.00	    0.00	    0.00
9	15	    0.00	    0.00	   21.96	  107.21	   67.01	    0.00	    0.00	    0.00	  627.54	 7839.91	 2098.38	  233.22	    0.11	    0.00	    0.00	    0.00	    0.00	    0.00	    0.00	    0.00	    0.00	    0.00	    0.00	    0.00
9	16	  399.59	    0.02	   99.97	  499.86	  199.93	    0.05	    0.09	    0.13	  899.91	 3900.30	  999.77	  599.85	  499.88	    0.06	    0.14	    0.12	    0.00	    0.05	    0.08	    0.16	    0.05	    0.16	    0.05	    0.03
10	3	    0.00	    0.00	    0.00	    0.00	    0.00	    0.00	    0.00	    0.00	    0.00	    2.81	 3404.29	    0.00	    0.00	 1199.96	    3.74	    0.00	    0.73	    0.00	    1.56	    0.00	    0.03	    2.33	  698.46	    0.02
10	9	    2.24	    0.64	    0.47	    2.62	    0.00	    0.00	    0.00	    0.00	    0.00	    0.00	10927.73	 2728.46	 2039.49	 1145.04	    0.00	    0.00	    0.00	    0.00	    0.00	    0.00	    0.00	    0.00	  398.08	   59.73
10	11	    0.00	    0.00	    0.00	    0.00	    0.00	    0.00	    0.00	    0.00	    0.12	 2722.13	 3699.57	    0.00	    0.00	  701.45	  574.41	   80.96	  767.73	    0.02	  246.15	    0.00	    0.00	    0.00	    0.00	    0.00
10	13	  301.66	  100.08	  100.27	 1004.00	  199.89	  199.80	    0.00	    0.00	  399.50	 1507.58	 4268.41	 1082.06	  524.45	    0.00	    0.00	    0.00	    0.06	    0.00	    0.00	    0.00	    0.00	    0.00	    0.00	    0.00
11	2	    0.00	    0.00	    0.00	    0.00	    0.00	    0.00	    0.00	    0.00	    0.00	    0.00	    0.32	 4789.11	 4035.84	    0.32	    0.06	    0.00	    0.00	    0.00	    0.00	    0.03	  302.97	  500.17	  401.58	  599.12
11	10	    0.46	    0.12	    0.13	    0.09	    0.03	    0.02	    0.00	    0.00	    0.00	    0.00	    0.00	 5210.46	 3563.89	    0.00	    0.00	    0.00	    0.00	    0.00	    0.00	    0.00	    0.15	    0.00	    0.00	    0.38
11	12	 1399.56	  300.06	  299.93	 1000.61	  200.88	  300.10	    1.82	  600.00	  795.87	 1900.00	 2299.80	 3900.43	    0.00	    1.53	    1.36	    0.48	  499.95	    0.04	    0.58	    0.03	    0.00	    0.00	    0.00	    0.00
12	11	    0.00	    0.00	    0.00	    0.00	    0.00	    0.00	    0.00	    0.00	    0.00	    0.00	    0.00	    0.00	 8899.73	    0.18	    0.00	    0.56	    0.00	    0.45	    0.00	  499.98	  603.11	 1200.17	 1101.58	 1099.50
12	23	  899.56	    0.06	  199.93	  400.61	    0.88	  100.10	    0.00	    0.00	  195.87	    0.00	 1299.80	 2600.43	 5700.27	    0.00	    0.00	    0.00	    0.00	    0.00	    0.00	    0.00	    0.00	    0.00	    0.00	    0.00
13	10	    0.00	    0.00	    0.00	    0.00	    0.00	    0.00	    0.05	    0.00	    0.00	    0.00	    0.00	    0.00	    0.00	 4646.38	  682.19	    0.15	    0.16	    0.02	  224.38	  142.03	  396.44	  627.23	 2396.49	  659.34
13	14	    1.54	    0.09	    0.23	    1.67	    0.00	    0.00	    0.00	    0.00	    0.00	    0.00	 1069.01	  382.16	  162.57	 6022.24	    0.00	    0.00	    0.00	    0.00	    0.00	    0.00	    0.00	    0.00	 1138.30	  118.13
13	22	    0.15	    0.00	    0.05	  502.38	   99.90	   99.81	    0.00	    0.00	  251.71	 1062.80	 1600.19	    0.15	    0.00	 3431.38	  551.26	    0.00	  283.51	    0.00	  174.28	    0.00	    0.00	    0.00	    0.00	    0.00
14	9	    0.00	    0.00	    0.00	    0.00	    0.00	    0.00	    0.00	    0.00	    0.00	    0.00	    0.00	    0.00	    0.00	 1555.09	 8018.75	    0.32	    0.81	    0.06	 3276.14	 1568.84	 1600.41	 4372.83	 1901.98	  741.17
14	13	    0.00	    0.00	    0.00	    0.05	    0.01	    0.01	  199.58	  399.16	  452.21	 1655.21	    0.79	    0.00	    0.00	    0.00	 2533.45	  699.64	  983.60	   99.78	  698.65	  640.81	    0.00	  549.63	    0.00	    0.00
14	18	  300.01	    0.03	    0.02	  200.11	  100.01	    0.07	    0.02	    0.03	  400.06	 3457.67	  900.70	  300.20	  283.40	 2897.26	 5899.65	    0.06	    0.44	    0.01	    0.00	    0.06	  509.27	 2899.91	  899.98	  219.66
14	21	    0.12	    0.00	    0.03	  396.98	  299.13	    0.01	    0.00	    0.00	 1252.34	 5337.29	  500.35	    0.00	    0.00	  270.02	 4948.16	    0.26	 2693.75	    0.00	 2124.81	    0.00	    0.00	    0.00	    0.00	    0.00
15	7	    0.00	    0.00	    0.00	    0.00	    0.00	    0.00	    0.00	    0.00	    0.00	    0.73	    0.00	    0.00	    0.00	    0.17	    0.33	 6514.71	 1923.51	    0.07	    0.44	    0.19	    0.02	    0.04	    0.02	    0.01
15	9	    0.00	    0.06	    0.00	    0.00	    0.00	    0.08	 2398.66	    0.24	    0.00	    0.00	    0.00	    0.00	    0.00	    0.00	    0.00	 6338.06	    0.63	  899.76	    0.22	 1389.27	    0.00	    0.00	    0.00	    0.00
15	16	    0.44	  200.03	    0.01	    0.07	    0.08	  500.05	 1000.22	 1400.59	    0.13	    0.56	    0.10	    0.06	    0.00	    0.00	    0.00	 5869.09	    0.00	  600.08	    0.00	 1527.79	  379.08	    0.00	    0.00	  157.74
15	17	    0.02	    0.01	    0.00	    0.02	    0.01	    0.02	    0.00	    0.15	    0.85	 3439.96	  699.14	    0.05	    0.01	    0.03	    0.07	 7378.14	 3694.13	    0.00	    0.10	    0.00	    0.00	    0.00	    0.00	    0.00
16	9	    0.00	    0.00	    0.00	    0.00	    0.00	    0.00	    0.21	    0.00	    0.00	    0.00	    0.00	    0.00	    0.00	    0.00	    0.00	    1.02	 8098.52	    0.08	    0.00	    0.15	    0.00	    0.00	    0.00	    0.00
16	15	    0.00	    0.00	    0.00	    0.00	    0.00	    0.00	    0.00	    0.00	    0.00	    0.68	    0.15	    0.07	    0.06	  698.67	 1198.19	    0.00	 8418.15	    0.00	 1298.47	    0.00	    0.06	    0.12	    0.05	    0.03
16	18	    0.03	    0.05	    0.00	    0.02	    0.01	    0.10	    0.11	    0.71	    0.04	    0.18	    0.00	    0.00	    0.00	    0.00	    0.00	 3068.19	 6883.34	    0.06	    0.00	    0.00	    0.00	    0.00	    0.00	    0.00
17	6	    0.00	    0.00	    0.00	    0.00	    0.00	    0.00	    0.00	    0.00	    0.22	 1898.06	  499.43	    0.00	   13.72	  599.77	 1100.23	 1945.78	 1177.23	 1199.66	 1399.47	 3099.73	  700.07	 1299.88	  500.00	  300.00
17	15	   15.52	   18.61	    3.97	   15.37	    9.60	   43.41	 4798.88	  111.62	    9.11	    0.40	    0.63	    9.62	  599.43	    1.53	    2.21	    0.00	    0.12	 1999.91	    2.30	 4517.25	  979.04	 1199.92	  499.97	  457.72
17	19	  300.16	  299.96	    0.00	  299.99	  100.07	  800.09	 2998.12	 3999.29	  599.97	  842.42	  100.13	    0.02	    0.00	    0.00	    0.00	 4932.36	 1916.95	 1600.43	    0.00	    0.00	    0.00	    0.00	    0.00	    0.00
18	14	    0.00	    0.08	    0.00	    0.00	    0.00	    0.18	  699.53	  999.13	    0.00	    0.00	    0.00	    0.00	    0.00	    0.00	    0.00	 1900.16	 5177.79	  299.82	 6899.61	 3309.19	    0.17	    0.41	    0.17	    0.08
18	16	    0.00	    0.00	    0.02	    0.09	    0.00	    0.00	    0.00	    0.00	    0.00	    0.00	    0.27	    0.16	    0.19	 1398.61	 2698.05	    0.00	    0.00	    0.00	 2998.39	  172.20	  220.93	 1699.96	  599.99	  142.26
18	19	    0.04	    0.01	    0.00	    0.04	    0.02	    0.03	    0.00	    0.00	    0.10	 1657.84	  500.42	    0.03	    0.00	 1198.66	 2401.60	    0.00	    5.99	    0.00	 2902.00	    0.00	    0.00	    0.00	    0.00	    0.00
19	17	    0.00	    0.00	    0.00	    0.00	    0.00	    0.00	    0.00	    0.00	    0.00	    0.36	    0.89	    0.33	  712.81	  701.26	 1302.37	    0.00	    0.15	    0.00	 1701.66	 8016.98	 1779.11	 2799.80	 1099.96	  757.73
19	18	    0.00	  100.01	    0.00	    0.00	    0.00	  200.04	 1099.40	 1698.39	    0.00	    0.00	    0.00	    0.00	   16.78	    0.01	    0.00	  131.91	    0.00	  599.75	    0.00	 4681.34	  111.83	    0.47	    0.19	   22.67
19	20	    0.00	    0.00	    0.00	    0.01	    0.07	  100.04	  698.40	  600.31	    0.01	    0.05	    0.02	    0.01	    0.03	    0.02	    0.04	 1500.35	  222.62	  200.51	    0.51	 2700.54	    0.00	    0.08	    0.03	    0.02
19	21	    0.19	   99.95	    0.00	    0.02	    0.01	  200.04	  700.32	  800.59	    0.06	    0.23	    0.11	    0.00	    0.00	    0.00	    0.18	 1700.10	    0.25	  400.17	    0.08	 3101.14	    0.19	    0.00	    0.00	    0.00
20	19	    0.00	    0.00	    0.00	    0.00	    0.00	    0.00	    0.00	    0.00	    0.00	    0.12	    0.03	  400.27	 1329.50	    0.31	    0.18	    0.00	    0.08	    0.00	    0.20	    0.00	 3091.13	    0.70	    1.89	 1180.17
20	21	  292.87	    0.04	   73.22	    0.02	    0.00	    0.01	    0.07	    0.08	    0.00	    0.00	    0.00	  512.57	 1449.19	    0.00	    0.00	    0.17	    0.00	    0.04	    0.00	    0.45	 4712.46	    0.00	    0.00	 1742.14
20	23	    0.00	    0.00	    0.00	    0.00	    0.00	    0.04	  498.34	  200.23	    2.21	  451.50	    0.00	    0.00	    0.00	    0.00	  657.42	  900.27	  183.11	  100.48	  239.05	 1500.09	 3196.41	 2235.37	    0.00	    0.00
21	14	    0.00	    0.00	    0.00	    0.00	    0.00	    0.00	    0.07	    0.06	    0.00	    0.00	    0.00	    0.05	  632.55	    0.13	    0.00	    0.12	    0.00	    0.03	    0.00	    0.52	 2909.51	10421.96	 2663.49	 1242.63
21	19	    0.00	    0.00	    0.00	    0.00	    0.00	    0.00	    0.00	    0.00	    0.00	    0.26	    0.44	    0.02	    0.12	    2.33	    0.80	    0.00	    0.00	    0.00	    0.06	    0.00	    0.00	 5199.65	 1798.29	    0.25
21	20	    0.00	    0.00	    0.00	    0.08	   99.17	    0.00	    0.00	    0.00	  302.20	 1651.57	    1.06	    0.00	    0.00	    0.51	 1457.57	    0.09	  560.57	    0.00	  638.74	    0.00	    0.00	 4035.99	    0.67	    0.00
21	22	    0.00	    0.00	    0.00	    0.00	    0.00	    0.06	  200.31	  300.61	  250.20	 1085.70	    0.06	    0.00	    0.00	    0.00	  889.97	  500.33	  433.43	  100.17	  286.10	  701.07	    3.14	 4742.40	    0.00	    0.00
22	13	    0.03	    0.01	    0.01	    0.00	    0.00	    0.00	    0.48	    0.84	    0.00	    0.00	    0.00	    0.25	  238.12	    0.00	    0.00	    0.51	    0.00	    0.24	    0.01	    1.22	  796.44	 1277.61	 4634.78	 1177.47
22	21	  106.82	    0.01	   26.75	    3.06	    0.03	    0.00	    0.00	    0.00	    0.00	    0.00	  601.10	  187.50	  483.48	  932.94	    0.00	    0.00	    0.00	    0.00	    0.00	    0.00	    0.00	    0.00	 6562.45	  600.74
22	23	    0.00	    0.00	    0.00	    0.00	    0.00	    0.00	    0.04	    0.08	    1.92	  348.50	  998.46	    0.00	    0.00	 1398.44	  441.22	    0.33	  116.94	    0.04	  160.36	    0.55	    0.06	 1365.50	 3302.77	    0.00
23	12	    0.00	    0.00	    0.00	    0.00	    0.00	    0.00	  398.18	    0.00	    0.00	    0.00	    0.00	    0.00	    0.00	  598.66	  698.64	  600.09	    0.05	  100.41	  299.42	 1099.95	 1203.11	 2500.17	 1901.58	 1799.50
23	20	  392.86	    0.04	   73.22	  199.93	    0.75	    0.01	    0.00	    0.00	    0.00	    0.00	  398.95	 1212.82	 3378.67	  399.78	    0.00	    0.00	    0.00	    0.00	    0.00	    0.00	    0.00	    0.00	  701.19	 3422.28
23	22	  406.69	    0.02	  126.71	    0.68	    0.13	    0.13	    0.20	    0.31	    0.00	    0.00	 1299.31	  887.61	 1521.60	    0.00	    0.00	    0.51	    0.00	    0.10	    0.00	    0.70	 1493.36	    0.70	    0.00	 2478.21
