0.000000000000000000e+00 1.000000000000000000e+00 4.493393859836535739e+03
0.000000000000000000e+00 2.000000000000000000e+00 8.131105485923802917e+03
1.000000000000000000e+00 0.000000000000000000e+00 4.532188139868400867e+03
1.000000000000000000e+00 5.000000000000000000e+00 5.960973162558208969e+03
2.000000000000000000e+00 0.000000000000000000e+00 8.092311205891930513e+03
2.000000000000000000e+00 3.000000000000000000e+00 1.402339241571014645e+04
2.000000000000000000e+00 1.100000000000000000e+01 1.005586057522905685e+04
3.000000000000000000e+00 2.000000000000000000e+00 1.405528857164447436e+04
3.000000000000000000e+00 4.000000000000000000e+00 1.802083586485371416e+04
3.000000000000000000e+00 1.000000000000000000e+01 5.210778961288959181e+03
4.000000000000000000e+00 3.000000000000000000e+00 1.805658018630372680e+04
4.000000000000000000e+00 5.000000000000000000e+00 8.794982672852869655e+03
4.000000000000000000e+00 8.000000000000000000e+00 1.578630353321177063e+04
5.000000000000000000e+00 1.000000000000000000e+00 5.999767442590071369e+03
5.000000000000000000e+00 4.000000000000000000e+00 8.806418691173612388e+03
5.000000000000000000e+00 7.000000000000000000e+00 1.248830892841070636e+04
6.000000000000000000e+00 7.000000000000000000e+00 1.212296988065787627e+04
6.000000000000000000e+00 1.700000000000000000e+01 1.590904788217400346e+04
7.000000000000000000e+00 5.000000000000000000e+00 1.253853922676330330e+04
7.000000000000000000e+00 6.000000000000000000e+00 1.202826421250504791e+04
7.000000000000000000e+00 8.000000000000000000e+00 6.901456741105681431e+03
7.000000000000000000e+00 1.500000000000000000e+01 8.389553421027283548e+03
8.000000000000000000e+00 4.000000000000000000e+00 1.581061183634106601e+04
8.000000000000000000e+00 7.000000000000000000e+00 6.829474342478241851e+03
8.000000000000000000e+00 9.000000000000000000e+00 2.175641565435927259e+04
9.000000000000000000e+00 8.000000000000000000e+00 2.180874155886114022e+04
9.000000000000000000e+00 1.000000000000000000e+01 1.772528311205682257e+04
9.000000000000000000e+00 1.400000000000000000e+01 2.314181140769856211e+04
9.000000000000000000e+00 1.500000000000000000e+01 1.104254763574786921e+04
9.000000000000000000e+00 1.600000000000000000e+01 8.101116160780629798e+03
1.000000000000000000e+01 3.000000000000000000e+00 5.306930795773268983e+03
1.000000000000000000e+01 9.000000000000000000e+00 1.759840097712232819e+04
1.000000000000000000e+01 1.100000000000000000e+01 8.367515106158078197e+03
1.000000000000000000e+01 1.300000000000000000e+01 9.783487296799185060e+03
1.100000000000000000e+01 2.000000000000000000e+00 9.985170139262847442e+03
1.100000000000000000e+01 1.000000000000000000e+01 8.412119415034641861e+03
1.100000000000000000e+01 1.200000000000000000e+01 1.232396853225472842e+04
1.200000000000000000e+01 1.100000000000000000e+01 1.239788240516508449e+04
1.200000000000000000e+01 2.300000000000000000e+01 1.111578061751088171e+04
1.300000000000000000e+01 1.000000000000000000e+01 9.808152687472424077e+03
1.300000000000000000e+01 1.400000000000000000e+01 9.031680539882798257e+03
1.300000000000000000e+01 2.200000000000000000e+01 8.444551838603767465e+03
1.400000000000000000e+01 9.000000000000000000e+00 2.317512323730819844e+04
1.400000000000000000e+01 1.300000000000000000e+01 9.077439863927073020e+03
1.400000000000000000e+01 1.800000000000000000e+01 1.913949757477017556e+04
1.400000000000000000e+01 2.100000000000000000e+01 1.853451982774179123e+04
1.500000000000000000e+01 7.000000000000000000e+00 8.417060449854498074e+03
1.500000000000000000e+01 9.000000000000000000e+00 1.108902154695276840e+04
1.500000000000000000e+01 1.600000000000000000e+01 1.172214640259502448e+04
1.500000000000000000e+01 1.700000000000000000e+01 1.568813821154658945e+04
1.600000000000000000e+01 9.000000000000000000e+00 8.100538459402438093e+03
1.600000000000000000e+01 1.500000000000000000e+01 1.168042730212448259e+04
1.600000000000000000e+01 1.800000000000000000e+01 9.980835910493786287e+03
1.700000000000000000e+01 6.000000000000000000e+00 1.600375355032682819e+04
1.700000000000000000e+01 1.500000000000000000e+01 1.580383825204927234e+04
1.700000000000000000e+01 1.900000000000000000e+01 1.907134028334960021e+04
1.800000000000000000e+01 1.400000000000000000e+01 1.926369451966709676e+04
1.800000000000000000e+01 1.600000000000000000e+01 9.938539108645050874e+03
1.800000000000000000e+01 1.900000000000000000e+01 8.673108428239274872e+03
1.900000000000000000e+01 1.700000000000000000e+01 1.918174599200509329e+04
1.900000000000000000e+01 1.800000000000000000e+01 8.755008571287446102e+03
1.900000000000000000e+01 2.000000000000000000e+01 6.405703384376854956e+03
1.900000000000000000e+01 2.100000000000000000e+01 6.705465350260250489e+03
2.000000000000000000e+01 1.900000000000000000e+01 6.199659036308358736e+03
2.000000000000000000e+01 2.100000000000000000e+01 8.660102491014898987e+03
2.000000000000000000e+01 2.300000000000000000e+01 1.030989459577802700e+04
2.100000000000000000e+01 1.400000000000000000e+01 1.838939403649878659e+04
2.100000000000000000e+01 1.900000000000000000e+01 7.003815550032413739e+03
2.100000000000000000e+01 2.000000000000000000e+01 8.506696543120377100e+03
2.100000000000000000e+01 2.200000000000000000e+01 9.638846964439804651e+03
2.200000000000000000e+01 1.300000000000000000e+01 8.423457905232729900e+03
2.200000000000000000e+01 2.100000000000000000e+01 9.638665425074470477e+03
2.200000000000000000e+01 2.300000000000000000e+01 7.876153693363744424e+03
2.300000000000000000e+01 1.200000000000000000e+01 1.108969449042123597e+04
2.300000000000000000e+01 2.000000000000000000e+01 1.025725619560403902e+04
2.300000000000000000e+01 2.200000000000000000e+01 7.854878220627359042e+03
