0.000000000000000000e+00 1.000000000000000000e+00 4.479400774537709367e+03
0.000000000000000000e+00 2.000000000000000000e+00 8.040215933965596378e+03
1.000000000000000000e+00 0.000000000000000000e+00 4.440398301443632590e+03
1.000000000000000000e+00 5.000000000000000000e+00 6.010807524124810698e+03
2.000000000000000000e+00 0.000000000000000000e+00 8.079218407059672245e+03
2.000000000000000000e+00 3.000000000000000000e+00 1.408224167369539282e+04
2.000000000000000000e+00 1.100000000000000000e+01 1.014290198524291554e+04
3.000000000000000000e+00 2.000000000000000000e+00 1.416807658334275948e+04
3.000000000000000000e+00 4.000000000000000000e+00 1.808202327001726371e+04
3.000000000000000000e+00 1.000000000000000000e+01 5.207091670586298278e+03
4.000000000000000000e+00 3.000000000000000000e+00 1.816664573942079005e+04
4.000000000000000000e+00 5.000000000000000000e+00 8.809447964708633663e+03
4.000000000000000000e+00 8.000000000000000000e+00 1.579329002920638959e+04
5.000000000000000000e+00 1.000000000000000000e+00 5.971805051030730283e+03
5.000000000000000000e+00 4.000000000000000000e+00 8.791011397392043364e+03
5.000000000000000000e+00 7.000000000000000000e+00 1.249679113730126664e+04
6.000000000000000000e+00 7.000000000000000000e+00 1.191020266023571094e+04
6.000000000000000000e+00 1.700000000000000000e+01 1.569067441631796282e+04
7.000000000000000000e+00 5.000000000000000000e+00 1.243935209689057956e+04
7.000000000000000000e+00 6.000000000000000000e+00 1.206866326849045618e+04
7.000000000000000000e+00 8.000000000000000000e+00 6.710252910873885412e+03
7.000000000000000000e+00 1.500000000000000000e+01 8.384055292591829129e+03
8.000000000000000000e+00 4.000000000000000000e+00 1.589634906592652624e+04
8.000000000000000000e+00 7.000000000000000000e+00 6.855381377984561368e+03
8.000000000000000000e+00 9.000000000000000000e+00 2.173452266433319892e+04
9.000000000000000000e+00 8.000000000000000000e+00 2.208271016816399060e+04
9.000000000000000000e+00 1.000000000000000000e+01 1.771512956131432293e+04
9.000000000000000000e+00 1.400000000000000000e+01 2.309937303017164959e+04
9.000000000000000000e+00 1.500000000000000000e+01 1.105784268376615910e+04
9.000000000000000000e+00 1.600000000000000000e+01 8.100375219886518607e+03
1.000000000000000000e+01 3.000000000000000000e+00 5.308304110830122227e+03
1.000000000000000000e+01 9.000000000000000000e+00 1.762029434572996615e+04
1.000000000000000000e+01 1.100000000000000000e+01 8.441485357077164736e+03
1.000000000000000000e+01 1.300000000000000000e+01 9.782062103455320539e+03
1.100000000000000000e+01 2.000000000000000000e+00 1.009606954868964021e+04
1.100000000000000000e+01 1.000000000000000000e+01 8.404395905983014018e+03
1.100000000000000000e+01 1.200000000000000000e+01 1.248362839525033814e+04
1.200000000000000000e+01 1.100000000000000000e+01 1.249970650760288481e+04
1.200000000000000000e+01 2.300000000000000000e+01 1.111053035159097999e+04
1.300000000000000000e+01 1.000000000000000000e+01 9.925528779208945707e+03
1.300000000000000000e+01 1.400000000000000000e+01 9.024668826282684677e+03
1.300000000000000000e+01 2.200000000000000000e+01 8.341057024008654480e+03
1.400000000000000000e+01 9.000000000000000000e+00 2.356859050774954812e+04
1.400000000000000000e+01 1.300000000000000000e+01 9.090394196650226149e+03
1.400000000000000000e+01 1.800000000000000000e+01 1.921027784563287059e+04
1.400000000000000000e+01 2.100000000000000000e+01 1.833126525774880793e+04
1.500000000000000000e+01 7.000000000000000000e+00 8.339948393325212237e+03
1.500000000000000000e+01 9.000000000000000000e+00 1.093177993928789510e+04
1.500000000000000000e+01 1.600000000000000000e+01 1.178521121741325624e+04
1.500000000000000000e+01 1.700000000000000000e+01 1.497131669987247369e+04
1.600000000000000000e+01 9.000000000000000000e+00 8.100243206202070724e+03
1.600000000000000000e+01 1.500000000000000000e+01 1.171619732564435617e+04
1.600000000000000000e+01 1.800000000000000000e+01 9.966224549346581625e+03
1.700000000000000000e+01 6.000000000000000000e+00 1.553221380806322304e+04
1.700000000000000000e+01 1.500000000000000000e+01 1.487016094789651106e+04
1.700000000000000000e+01 1.900000000000000000e+01 1.887196130273040035e+04
1.800000000000000000e+01 1.400000000000000000e+01 1.957375476758373770e+04
1.800000000000000000e+01 1.600000000000000000e+01 9.897078643893222761e+03
1.800000000000000000e+01 1.900000000000000000e+01 8.704660020817369514e+03
1.900000000000000000e+01 1.700000000000000000e+01 1.851234494249969066e+04
1.900000000000000000e+01 1.800000000000000000e+01 8.998991037314879577e+03
1.900000000000000000e+01 2.000000000000000000e+01 6.252124802630077284e+03
1.900000000000000000e+01 2.100000000000000000e+01 7.005088126963680224e+03
2.000000000000000000e+01 1.900000000000000000e+01 6.089618071967859578e+03
2.000000000000000000e+01 2.100000000000000000e+01 8.659229459007243349e+03
2.000000000000000000e+01 2.300000000000000000e+01 1.030175525426939930e+04
2.100000000000000000e+01 1.400000000000000000e+01 1.840273118374335536e+04
2.100000000000000000e+01 1.900000000000000000e+01 7.002309513892710129e+03
2.100000000000000000e+01 2.000000000000000000e+01 8.555536753301195859e+03
2.100000000000000000e+01 2.200000000000000000e+01 9.657750051902256018e+03
2.200000000000000000e+01 1.300000000000000000e+01 8.418798329394734537e+03
2.200000000000000000e+01 2.100000000000000000e+01 9.622744659119804055e+03
2.200000000000000000e+01 2.300000000000000000e+01 7.822219213826839223e+03
2.300000000000000000e+01 1.200000000000000000e+01 1.102660846394352666e+04
2.300000000000000000e+01 2.000000000000000000e+01 1.024294122931323727e+04
2.300000000000000000e+01 2.200000000000000000e+01 7.864955126430451855e+03
