i	j	       0	       1	       2	       3	       4	       5	       6	       7	       8	       9	      10	      11	      12	      13	      14	      15	      16	      17	      18	      19	      20	      21	      22	      23
0	1	 2600.76	    0.00	  274.04	  199.98	   22.38	    0.00	    0.01	    0.02	   44.76	  134.47	  199.98	  500.86	  466.62	  100.00	   22.39	    0.02	    0.04	    0.00	    0.02	    0.00	    0.01	    0.08	    0.14	   29.19
0	2	 6199.24	 1202.42	    0.00	    0.00	  100.00	  224.68	  133.75	  232.11	    0.00	    0.00	    0.00	    0.00	    0.00	    0.00	    0.00	   93.44	    0.00	   33.02	    0.00	    0.02	    0.00	    0.00	    0.00	    0.00
1	0	    0.00	 1302.42	    0.00	    0.00	  100.00	  524.68	  633.73	 1032.07	    0.00	    0.00	    0.00	    0.00	    0.00	    0.00	    0.00	  593.42	    0.59	  133.02	    0.03	  299.98	    0.00	    0.02	    0.00	    0.00
1	5	 2500.76	 2697.58	  174.04	    0.00	    0.00	    0.00	    0.00	    0.00	    0.00	    0.00	    0.00	  400.86	  166.62	    0.00	    0.00	    0.00	    0.00	    0.00	    0.00	    0.00	    0.01	    0.03	    0.14	   29.19
2	0	    0.00	    0.00	  374.04	  699.98	  222.38	    0.00	    0.03	    0.05	  544.76	 1434.47	  699.98	  700.86	  966.62	  400.00	  522.39	    0.04	  399.44	    0.00	  299.99	    0.04	  100.01	  400.06	  300.14	  129.19
2	3	 4498.86	  702.16	 1925.74	    0.00	    0.00	    0.04	    0.00	    0.00	    0.00	    0.00	    0.00	 3721.12	 2493.20	    0.09	    0.00	    0.00	    0.00	    0.00	    0.00	    0.00	  203.02	    0.49	    1.30	  470.59
2	11	 1600.38	  400.26	  500.22	 1601.82	  403.12	  500.49	  770.38	 1200.00	 1399.63	  659.67	    1.02	    0.00	    0.00	    0.09	   51.78	  541.34	  186.00	  199.16	   22.19	    0.11	    0.00	    0.00	    0.00	    0.00
3	2	    0.00	    0.00	    0.00	 2501.80	  625.50	  575.84	  736.66	 1167.94	 2044.39	 2394.15	 1000.13	    0.00	    0.00	  499.59	  674.12	  647.93	  685.44	  166.14	  322.18	    0.10	    0.00	    0.08	    0.05	    0.00
3	4	 3197.44	  201.95	 1325.61	 6697.32	    0.00	    0.00	    0.00	    0.00	    0.00	    0.11	  905.22	 3120.78	 1892.92	  200.02	    0.08	    0.00	    0.01	    0.00	    0.02	    0.00	    3.08	    0.05	  199.85	  270.61
3	10	  801.42	  300.25	  400.13	 2400.88	  699.85	  599.66	    0.10	    5.91	    0.40	    0.16	    0.00	    0.34	    0.28	    0.06	    0.06	    0.11	    0.04	    0.02	    0.02	    0.02	    0.02	    0.04	    0.05	    0.02
4	3	    0.00	    0.04	    0.00	    0.00	 1825.35	 1575.46	 1136.77	 1873.85	 2744.79	 3593.03	    0.00	    0.00	    0.00	    0.00	 1172.97	 1448.05	 1185.05	  266.15	  521.71	  300.13	    0.03	  398.97	    0.00	    0.00
4	5	    0.00	    0.00	  520.05	 2140.85	 1360.18	    0.00	    0.02	    0.03	  555.39	 1265.47	  404.33	 1426.05	  575.25	  100.03	  276.87	    0.04	    0.04	    0.00	    0.04	    0.01	    0.01	    0.00	   99.85	   70.80
4	8	 2997.44	  899.65	  705.56	 4056.47	 2914.47	 1400.01	    0.02	    0.10	    0.00	    0.00	    0.89	 1494.73	 1117.66	    0.00	    0.00	    0.06	    0.00	    0.01	    0.00	    0.02	    0.00	    0.00	    0.00	  199.80
5	1	    0.00	    0.00	    0.00	    0.02	  177.62	  924.68	  833.72	 1432.06	  155.24	  465.53	    0.02	    0.00	    0.00	    0.01	   77.61	  993.41	  200.56	  133.02	  100.01	  399.98	    0.00	   99.96	    0.00	    0.00
5	4	    0.00	  797.75	    0.00	    0.00	    0.00	 3175.48	 1034.43	 1823.61	    0.00	    0.00	    0.00	    0.00	    0.00	    0.00	    0.00	 1460.70	    0.07	  204.30	    0.03	  307.73	    0.00	    0.05	    0.00	    0.00
5	7	 2200.76	 1499.84	  394.09	 1740.83	  982.55	 3499.85	    0.00	    0.00	    0.15	    0.07	    4.31	 1626.91	  541.87	    0.02	    0.00	    0.00	    0.00	    0.00	    0.00	    0.00	    0.00	    0.00	    0.00	    0.00
6	7	    0.00	    0.00	    0.00	    0.00	    0.00	    0.00	 4174.16	    0.00	    0.00	    0.00	    0.00	    0.00	    0.00	  399.87	  600.52	  392.34	  138.12	  999.33	  999.64	 2599.76	  500.05	  799.91	  299.97	  199.99
6	17	  429.85	  335.50	    8.58	  433.25	  120.82	  983.07	 7925.84	 4513.07	  826.40	    0.62	    0.12	  222.07	    0.25	    0.00	    0.00	    0.00	    0.03	    0.00	    0.00	    0.00	    0.00	    0.00	    0.00	    0.00
7	5	    0.00	    0.00	    0.00	    0.00	    0.00	    0.00	 2268.14	 4055.63	    0.00	    0.12	    0.00	    0.00	    0.00	    0.00	    0.74	 3354.07	  700.59	  437.31	  300.00	 1007.70	   99.99	  299.99	    0.00	    0.01
7	6	  929.85	  535.50	  108.58	  833.25	  320.82	 1383.07	    0.00	 5513.07	 1426.35	    2.82	    0.75	  922.01	   65.62	    0.00	    0.00	    0.00	    0.11	    0.00	    0.00	    0.00	    0.00	    0.00	    0.00	    0.00
7	8	    0.00	    0.00	    0.00	    0.00	    0.00	    0.00	  906.02	 3744.30	    0.00	    0.00	    0.00	    0.00	    0.00	    0.00	    0.00	 1278.98	    0.00	  262.14	    0.00	  692.42	    0.11	    0.00	    0.00	    0.00
7	15	  470.98	  564.38	  174.91	  692.15	  432.60	 1316.87	    0.00	 3387.00	  867.52	    0.00	    0.06	  479.26	    0.14	    0.00	    0.00	    0.00	    0.00	    0.00	    0.00	    0.00	    0.00	    0.00	    0.00	    0.00
8	4	    0.00	    0.00	    0.00	    0.00	    0.00	    0.00	  302.38	  550.38	 4100.18	 5858.39	    0.00	    0.00	    0.00	    0.00	 1649.77	  487.44	 1385.01	   61.87	  621.70	   92.43	   96.95	  598.87	    0.00	    0.00
8	7	    0.08	    0.04	   89.40	  484.57	  270.87	    0.09	    0.00	    0.00	 3093.72	 1602.61	  796.50	  374.36	  123.89	    0.00	    0.00	    0.00	    0.22	    0.00	    0.00	    0.00	    0.00	    0.00	    0.00	    0.00
8	9	 2497.37	  699.61	  516.16	 2871.90	 1843.60	  999.92	    3.72	 2394.02	 9006.09	    0.00	    0.00	  520.50	  393.91	    0.00	    0.00	    0.24	    0.00	    0.35	    0.00	    0.32	    0.00	    0.00	    0.00	    0.00
9	8	    0.00	    0.00	    0.00	    0.00	    0.00	    0.00	    0.05	    0.00	    0.00	10261.00	 2195.62	    0.13	    0.13	  600.00	 2649.77	  608.65	 2285.24	    0.07	 1021.70	    0.31	  396.84	 1298.87	  500.00	    0.20
9	10	    0.00	    0.00	    0.00	    0.00	    0.00	    0.00	  499.90	  794.12	 1717.79	 8406.84	    0.00	    0.00	    0.00	    0.00	 1280.90	 1558.38	 1914.06	  199.98	  423.25	  432.65	    1.98	  499.37	    0.00	    0.00
9	14	  799.26	   99.97	   99.91	 1098.51	  597.14	  200.05	    0.00	    0.00	 3082.06	14595.74	 1899.06	  651.99	    4.32	    0.00	    0.00	    0.00	    0.79	    0.00	    0.00	    0.00	    0.00	    0.00	    0.00	    0.00
9	15	    0.00	    0.00	   16.52	   74.65	   46.66	    0.00	    0.00	    0.00	  506.41	 8035.70	 2169.21	  196.72	    0.11	    0.00	    0.00	    0.00	    0.00	    0.00	    0.00	    0.00	    0.00	    0.00	    0.00	    0.00
9	16	  399.14	    0.02	   99.98	  499.91	  199.94	    0.04	    0.08	    0.12	  899.84	 3900.72	  999.76	  599.89	  499.91	    0.06	    0.12	    0.11	    0.00	    0.05	    0.07	    0.14	    0.05	    0.14	    0.05	    0.02
10	3	    0.00	    0.00	    0.00	    0.00	    0.00	    0.00	    0.00	    0.00	    0.00	    1.39	 3405.35	    0.00	    0.00	 1199.60	    1.28	    0.00	    0.44	    0.00	    0.51	    0.00	    0.06	    0.70	  698.66	    0.04
10	9	    1.04	    0.32	    0.25	    1.17	    0.13	    0.10	    0.00	    0.00	    0.00	    0.00	11163.65	 2928.24	 2010.56	 1094.04	    0.00	    0.00	    0.00	    0.00	    0.00	    0.00	    0.00	    0.00	  350.89	   57.64
10	11	    0.00	    0.00	    0.00	    0.00	    0.00	    0.00	    0.00	    0.00	    0.10	 3240.33	 2400.49	    0.00	    0.00	  717.21	  653.79	  158.68	  913.89	    0.02	  280.17	    0.00	    0.00	    0.00	    0.00	    0.00
10	13	  300.87	  100.11	  100.12	  999.79	  199.75	  199.62	    0.00	    0.02	  318.08	 1165.28	 5330.51	 1048.31	   17.79	    0.00	    0.00	    0.00	    0.04	    0.00	    0.00	    0.00	    0.00	    0.00	    0.00	    0.00
11	2	    0.00	    0.00	    0.00	    0.00	    0.00	    0.00	    0.00	    0.00	    0.00	    0.00	    0.87	 4621.98	 3559.82	    0.58	    0.05	    0.00	    0.00	    0.00	    0.00	    0.03	  303.02	  500.48	  401.39	  599.78
11	10	    0.49	    0.18	    0.24	    0.08	    0.03	    0.07	    0.00	    0.00	    0.00	    0.00	    0.00	 5376.20	 3028.06	    0.00	    0.00	    0.00	    0.00	    0.00	    0.00	    0.00	    0.04	    0.00	    0.00	    0.34
11	12	 1399.89	  300.07	  299.98	 1001.74	  203.09	  300.42	   70.45	  600.00	  799.74	 1900.00	 1000.64	 3901.82	    0.00	   17.25	    5.51	    0.66	  499.89	    0.01	    2.36	    0.04	    0.00	    0.00	    0.00	    0.00
12	11	    0.00	    0.00	    0.00	    0.00	    0.00	    0.00	    0.07	    0.00	    0.00	    0.00	    0.00	    0.00	 7887.88	    0.52	    0.00	    0.65	    0.00	    0.84	    0.00	  499.96	  603.06	 1200.48	 1101.39	 1100.12
12	23	  899.89	    0.07	  199.98	  401.74	    3.09	  100.42	    0.00	    0.00	  199.74	    0.00	    0.64	 2601.82	 6712.12	    0.00	    0.00	    0.00	    0.00	    0.00	    0.00	    0.00	    0.00	    0.00	    0.00	    0.00
13	10	    0.00	    0.00	    0.00	    0.00	    0.00	    0.00	    0.00	    0.00	    0.00	    0.00	    0.00	    0.00	    0.00	 4610.78	  774.11	    0.18	    0.28	    0.03	  257.41	  167.33	  398.03	  601.29	 2349.50	  657.31
13	14	    0.77	    0.10	    0.10	    0.87	    0.06	    0.04	    0.00	    0.00	    0.00	    0.00	 1039.08	  348.00	  103.07	 6249.26	    0.00	    0.00	    0.00	    0.00	    0.00	    0.00	    0.00	    0.00	 1157.91	  135.29
13	22	    0.12	    0.01	    0.03	  498.94	   99.70	   99.59	    0.00	    0.00	  189.70	  786.39	 2691.49	    0.33	    0.35	 3239.96	  437.27	    0.00	  219.81	    0.00	  137.66	    0.00	    0.00	    0.00	    0.00	    0.00
14	9	    0.00	    0.00	    0.00	    0.00	    0.00	    0.00	    0.00	    0.00	    0.00	    0.00	    0.00	    0.00	    0.00	 1606.03	 7930.79	    0.29	    0.78	    0.05	 3244.83	 1722.01	 1598.87	 4398.38	 1949.16	  742.58
14	13	    0.00	    0.00	    0.00	    0.00	    0.00	    0.00	  199.73	  399.46	  471.62	 1721.11	    0.06	    0.00	    0.00	    0.00	 2511.38	  699.33	  920.05	   99.87	  695.06	  666.27	    0.91	  693.91	    0.00	    0.00
14	18	  300.03	    0.08	    0.01	  200.07	  100.03	    0.10	    0.02	    0.03	  400.14	 3261.08	  829.79	  300.06	  280.84	 2897.68	 5900.49	    0.05	    0.41	    0.01	    0.00	    0.05	  554.12	 2899.92	  899.98	  261.95
14	21	    0.00	    0.00	    0.00	  399.31	  297.16	    0.00	    0.00	    0.00	 1310.30	 5613.56	  708.28	    0.00	    0.00	  445.55	 5057.33	    0.23	 2478.74	    0.00	 2091.82	    0.00	    0.00	    0.00	    0.00	    0.00
15	7	    0.00	    0.00	    0.00	    0.00	    0.00	    0.00	    0.00	    0.00	    0.00	    0.26	    0.00	    0.00	    0.00	    0.10	    0.22	 6440.71	 1962.35	    0.12	    0.36	    0.35	    0.05	    0.08	    0.03	    0.02
15	9	    0.00	    0.05	    0.00	    0.00	    0.00	    0.07	 2396.09	    0.21	    0.00	    0.00	    0.00	    0.00	    0.00	    0.00	    0.00	 6565.51	    0.56	  899.61	    0.19	 1210.58	    0.00	    0.00	    0.00	    0.00
15	16	    0.84	  199.98	    0.01	    0.06	    0.05	  500.02	 1000.35	 1400.69	    0.11	    0.50	    0.09	    0.05	    0.00	    0.00	    0.00	 5961.71	    0.00	  600.15	    0.00	 1541.06	  353.63	    0.00	    0.00	  126.73
15	17	    0.02	    0.00	    0.00	    0.02	    0.00	    0.02	    0.00	    0.15	    0.16	 3636.73	  769.57	    0.13	    0.00	    0.03	    0.15	 7132.07	 3749.72	    0.00	    0.15	    0.00	    0.00	    0.00	    0.00	    0.00
16	9	    0.00	    0.00	    0.00	    0.00	    0.00	    0.00	    0.22	    0.00	    0.00	    0.00	    0.00	    0.00	    0.00	    0.00	    0.00	    1.10	 8098.75	    0.08	    0.00	    0.19	    0.00	    0.00	    0.00	    0.00
16	15	    0.00	    0.00	    0.00	    0.00	    0.00	    0.00	    0.00	    0.00	    0.00	    1.43	    0.27	    0.00	    0.00	  691.43	 1186.17	    0.00	 8512.52	    0.00	 1285.38	    0.00	    0.05	    0.10	    0.04	    0.03
16	18	    0.03	    0.02	    0.00	    0.02	    0.01	    0.06	    0.21	    0.81	    0.03	    0.16	    0.00	    0.00	    0.00	    0.00	    0.00	 3160.73	 6788.73	    0.12	    0.00	    0.00	    0.00	    0.00	    0.00	    0.00
17	6	    0.00	    0.00	    0.00	    0.00	    0.00	    0.00	    0.00	    0.00	    0.05	 1897.81	  499.37	    0.07	  334.63	  599.87	 1100.52	 1792.34	 1138.03	 1199.33	 1399.64	 3099.76	  700.05	 1299.91	  499.97	  299.99
17	15	   29.88	   35.66	    8.58	   33.28	   20.80	   83.25	 4796.44	  214.05	   26.33	    0.36	    0.12	   24.20	  599.75	    8.70	   14.19	    0.00	    0.11	 1999.88	   15.32	 4352.00	  953.63	 1199.97	  499.99	  426.72
17	19	  299.99	  299.84	    0.00	  299.99	  100.03	  799.85	 2929.40	 3999.17	  600.17	 1039.39	  170.42	    0.02	    0.00	    0.00	    0.00	 4839.73	 2011.74	 1600.79	    0.00	    0.00	    0.00	    0.00	    0.00	    0.00
18	14	    0.00	    0.01	    0.00	    0.00	    0.00	    0.02	  699.69	  999.41	    0.00	    0.00	    0.00	    0.00	    0.00	    0.00	    0.00	 1899.75	 4899.19	  299.90	 6831.71	 3487.88	    0.15	    0.38	    0.16	    0.07
18	16	    0.04	    0.02	    0.01	    0.05	    0.02	    0.00	    0.00	    0.00	    0.08	    0.37	    0.42	    0.06	    0.09	 1391.37	 2686.05	    0.00	    0.00	    0.00	 2985.32	  158.98	  246.37	 1699.96	  599.99	  173.28
18	19	    0.02	    0.00	    0.00	    0.04	    0.02	    0.02	    0.00	    0.00	    0.09	 1460.87	  429.37	    0.00	    0.00	 1206.32	 2414.44	    0.00	  189.95	    0.00	 2982.97	    0.00	    0.00	    0.00	    0.00	    0.00
19	17	    0.00	    0.00	    0.00	    0.00	    0.00	    0.00	    0.00	    0.00	    0.00	    0.21	    0.21	    2.08	 1034.13	  708.55	 1314.56	    0.00	    0.14	    0.00	 1714.81	 7851.76	 1753.68	 2799.89	 1099.96	  726.71
19	18	    0.00	   99.93	    0.00	    0.00	    0.00	  199.88	 1099.46	 1698.57	    0.00	    0.00	    0.00	    0.00	   19.25	    0.01	    0.00	   38.97	    0.00	  599.77	    0.00	 4846.82	   92.40	    0.43	    0.17	   11.40
19	20	    0.00	    0.00	    0.00	    0.01	    0.04	  100.01	  630.02	  600.59	    0.12	    0.05	    0.02	    0.01	    0.02	    0.02	    0.03	 1500.91	  501.51	  201.04	   68.27	 2701.45	    0.00	    0.07	    0.03	    0.02
19	21	    0.00	   99.91	    0.00	    0.02	    0.01	  199.98	  699.92	  800.00	    0.15	    0.21	    0.04	    0.00	    0.00	    0.00	    0.16	 1699.85	    0.11	  399.98	    0.08	 3099.97	    0.17	    0.00	    0.00	    0.00
20	19	    0.00	    0.00	    0.00	    0.00	    0.00	    0.00	    0.00	    0.00	    0.00	    0.11	    0.03	  402.00	 1653.23	    0.08	    0.16	    0.00	    0.07	    0.00	    0.18	    0.00	 3046.25	    0.24	    1.88	 1137.82
20	21	  262.14	    0.06	   65.54	    0.00	    0.00	    0.03	    0.06	    0.08	    0.00	    0.00	    0.00	  458.75	 1468.55	    0.00	    0.00	    0.16	    0.00	    0.03	    0.00	    0.40	 4756.70	    0.00	    0.82	 1606.17
20	23	    0.00	    0.00	    0.00	    0.00	    0.00	    0.02	  429.96	  200.52	    0.22	  490.50	    0.00	    0.00	    0.00	    0.00	  679.96	  900.83	  211.31	  101.00	  250.85	 1501.05	 3197.05	 2340.94	    0.00	    0.00
21	14	    0.00	    0.00	    0.00	    0.00	    0.00	    0.00	    0.06	    0.08	    0.00	    0.00	    0.00	    0.06	  873.45	    0.00	    0.00	    0.16	    0.00	    0.03	    0.00	    0.45	 2953.75	10591.83	 2691.07	 1269.18
21	19	    0.00	    0.00	    0.00	    0.00	    0.00	    0.00	    0.00	    0.00	    0.00	    0.10	    0.45	    0.08	    0.18	    2.17	    0.15	    0.00	    0.00	    0.00	    0.00	    0.00	    0.00	 5200.15	 1798.28	    0.30
21	20	    0.01	    0.00	    0.00	    0.03	   97.22	    0.00	    0.00	    0.00	  300.10	 1690.56	    2.37	    0.04	    0.00	    0.53	 1480.10	    0.08	  309.87	    0.00	  582.76	    0.00	    0.00	 4141.10	    0.69	    0.00
21	22	    0.00	    0.00	    0.00	    0.00	    0.00	    0.01	  199.92	  299.99	  310.34	 1323.11	    0.00	    0.00	    0.00	    0.00	  977.25	  500.00	  468.98	   99.98	  309.14	  699.93	    3.12	 4466.92	    0.00	    0.00
22	13	    0.01	    0.00	    0.00	    0.02	    0.00	    0.00	    0.27	    0.51	    0.00	    0.00	    0.00	    0.03	  685.62	    0.00	    0.00	    0.85	    0.00	    0.16	    0.01	    1.06	  797.11	 1107.37	 4607.40	 1192.60
22	21	  137.87	    0.03	   34.46	    0.70	    0.05	    0.00	    0.00	    0.00	    0.00	    0.00	  394.50	  241.43	  705.08	  757.14	    0.00	    0.00	    0.00	    0.00	    0.00	    0.00	    0.00	    0.00	 6589.22	  763.31
22	23	    0.01	    0.00	    0.00	    0.03	    0.00	    0.01	    0.01	    0.03	    0.05	  309.50	  997.05	    0.06	    0.00	 1382.81	  414.52	    0.07	   88.80	    0.00	  146.78	    0.13	    0.06	 1260.21	 3303.38	    0.00
23	12	    0.00	    0.00	    0.00	    0.00	    0.00	    0.00	  329.62	    0.00	    0.00	    0.00	    0.00	    0.00	    0.00	  583.28	  694.49	  599.98	    0.11	  100.83	  297.64	 1099.92	 1203.06	 2500.48	 1901.39	 1800.12
23	20	  362.12	    0.06	   65.54	  199.97	    2.74	    0.03	    0.00	    0.00	    0.00	    0.00	  397.64	 1160.69	 3721.76	  399.54	    0.00	    0.00	    0.00	    0.00	    0.00	    0.00	    0.00	    0.00	  701.98	 3243.97
23	22	  437.78	    0.02	  134.44	    1.80	    0.35	    0.42	    0.36	    0.55	    0.00	    0.00	    0.05	  941.19	 2190.36	    0.00	    0.00	    0.91	    0.00	    0.18	    0.00	    1.26	 1494.05	    0.66	    0.00	 2655.91
