0.000000000000000000e+00 1.000000000000000000e+00 4.499181598521333399e+03
0.000000000000000000e+00 2.000000000000000000e+00 8.136436702115727712e+03
1.000000000000000000e+00 0.000000000000000000e+00 4.537267224897071173e+03
1.000000000000000000e+00 5.000000000000000000e+00 5.961348387797331270e+03
2.000000000000000000e+00 0.000000000000000000e+00 8.098351075739991757e+03
2.000000000000000000e+00 3.000000000000000000e+00 1.403278971864706546e+04
2.000000000000000000e+00 1.100000000000000000e+01 9.945803379541681352e+03
3.000000000000000000e+00 2.000000000000000000e+00 1.394354370720823317e+04
3.000000000000000000e+00 4.000000000000000000e+00 1.802938964318691069e+04
3.000000000000000000e+00 1.000000000000000000e+01 5.407711411879047773e+03
4.000000000000000000e+00 3.000000000000000000e+00 1.813859243820648408e+04
4.000000000000000000e+00 5.000000000000000000e+00 8.792999698979201639e+03
4.000000000000000000e+00 8.000000000000000000e+00 1.579203761654095069e+04
5.000000000000000000e+00 1.000000000000000000e+00 5.999434014173070864e+03
5.000000000000000000e+00 4.000000000000000000e+00 8.807516349254639863e+03
5.000000000000000000e+00 7.000000000000000000e+00 1.249266121812946039e+04
6.000000000000000000e+00 7.000000000000000000e+00 1.211702696862612902e+04
6.000000000000000000e+00 1.700000000000000000e+01 1.580450316080128505e+04
7.000000000000000000e+00 5.000000000000000000e+00 1.254526349478064003e+04
7.000000000000000000e+00 6.000000000000000000e+00 1.204099511030809481e+04
7.000000000000000000e+00 8.000000000000000000e+00 6.879020521987631582e+03
7.000000000000000000e+00 1.500000000000000000e+01 8.385874101460796737e+03
8.000000000000000000e+00 4.000000000000000000e+00 1.588672376128508586e+04
8.000000000000000000e+00 7.000000000000000000e+00 6.834284517732673521e+03
8.000000000000000000e+00 9.000000000000000000e+00 2.175614153993802029e+04
9.000000000000000000e+00 8.000000000000000000e+00 2.190609168042721285e+04
9.000000000000000000e+00 1.000000000000000000e+01 1.765726715452592907e+04
9.000000000000000000e+00 1.400000000000000000e+01 2.311849260749556925e+04
9.000000000000000000e+00 1.500000000000000000e+01 1.104363874812561698e+04
9.000000000000000000e+00 1.600000000000000000e+01 8.100565814938586300e+03
1.000000000000000000e+01 3.000000000000000000e+00 5.309262605420648470e+03
1.000000000000000000e+01 9.000000000000000000e+00 1.762670611987403026e+04
1.000000000000000000e+01 1.100000000000000000e+01 8.436474568164217999e+03
1.000000000000000000e+01 1.300000000000000000e+01 9.790730969245238157e+03
1.100000000000000000e+01 2.000000000000000000e+00 9.996963764604772223e+03
1.100000000000000000e+01 1.000000000000000000e+01 8.396974579499543324e+03
1.100000000000000000e+01 1.200000000000000000e+01 1.228138468363207357e+04
1.200000000000000000e+01 1.100000000000000000e+01 1.239304508003048795e+04
1.200000000000000000e+01 2.300000000000000000e+01 1.112197077339707175e+04
1.300000000000000000e+01 1.000000000000000000e+01 9.801221116799630181e+03
1.300000000000000000e+01 1.400000000000000000e+01 9.028383155758960129e+03
1.300000000000000000e+01 2.200000000000000000e+01 8.408145453527560676e+03
1.400000000000000000e+01 9.000000000000000000e+00 2.317781346514794859e+04
1.400000000000000000e+01 1.300000000000000000e+01 9.061134729245815834e+03
1.400000000000000000e+01 1.800000000000000000e+01 1.908325949614384081e+04
1.400000000000000000e+01 2.100000000000000000e+01 1.841473365513773751e+04
1.500000000000000000e+01 7.000000000000000000e+00 8.407180524048904772e+03
1.500000000000000000e+01 9.000000000000000000e+00 1.106512956201515408e+04
1.500000000000000000e+01 1.600000000000000000e+01 1.168378796742235863e+04
1.500000000000000000e+01 1.700000000000000000e+01 1.530384492414482338e+04
1.600000000000000000e+01 9.000000000000000000e+00 8.100265318537747589e+03
1.600000000000000000e+01 1.500000000000000000e+01 1.167765082626577350e+04
1.600000000000000000e+01 1.800000000000000000e+01 9.950717243931712801e+03
1.700000000000000000e+01 6.000000000000000000e+00 1.588053501911931562e+04
1.700000000000000000e+01 1.500000000000000000e+01 1.535277930177905546e+04
1.700000000000000000e+01 1.900000000000000000e+01 1.899077295076855080e+04
1.800000000000000000e+01 1.400000000000000000e+01 1.910671353862558317e+04
1.800000000000000000e+01 1.600000000000000000e+01 9.944279606374277137e+03
1.800000000000000000e+01 1.900000000000000000e+01 8.684987509766728181e+03
1.900000000000000000e+01 1.700000000000000000e+01 1.901573918672080254e+04
1.900000000000000000e+01 1.800000000000000000e+01 8.702003914691038517e+03
1.900000000000000000e+01 2.000000000000000000e+01 6.305613851248155697e+03
1.900000000000000000e+01 2.100000000000000000e+01 7.002580422525214999e+03
2.000000000000000000e+01 1.900000000000000000e+01 6.247823957483586128e+03
2.000000000000000000e+01 2.100000000000000000e+01 8.607271520354477616e+03
2.000000000000000000e+01 2.300000000000000000e+01 1.030242033474774871e+04
2.100000000000000000e+01 1.400000000000000000e+01 1.838335204379523930e+04
2.100000000000000000e+01 1.900000000000000000e+01 7.002352957166348460e+03
2.100000000000000000e+01 2.000000000000000000e+01 8.601090835237764622e+03
2.100000000000000000e+01 2.200000000000000000e+01 9.647757065092206176e+03
2.200000000000000000e+01 1.300000000000000000e+01 8.385884027595106090e+03
2.200000000000000000e+01 2.100000000000000000e+01 9.609967303274101141e+03
2.200000000000000000e+01 2.300000000000000000e+01 7.927710685985930468e+03
2.300000000000000000e+01 1.200000000000000000e+01 1.113363116979548431e+04
2.300000000000000000e+01 2.000000000000000000e+01 1.025081112609989214e+04
2.300000000000000000e+01 2.200000000000000000e+01 7.867659498235384490e+03
