i	j	o2d0l4
0	1	 4593.17
0	2	 8117.31
1	0	 4618.60
1	5	 5978.54
2	0	 8091.88
2	3	14108.98
2	11	10033.60
3	2	14127.45
3	4	18105.38
3	10	 5208.68
4	3	18125.40
4	5	 8797.07
4	8	15787.75
5	1	 6003.97
5	4	 8805.52
5	7	12490.61
6	7	12104.14
6	17	15801.61
7	5	12524.48
7	6	12039.88
7	8	 6881.47
7	15	 8388.41
8	4	15799.32
8	7	 6837.61
8	9	21750.35
9	8	21818.07
9	10	17731.93
9	14	23128.40
9	15	11046.46
9	16	 8100.17
10	3	 5307.13
10	9	17605.49
10	11	 8367.95
10	13	 9779.23
11	2	 9989.70
11	10	 8403.10
11	12	12302.10
12	11	12393.34
12	23	11119.91
13	10	 9816.10
13	14	 9033.96
13	22	 8399.80
14	9	23196.45
14	13	 9077.63
14	18	19084.80
14	21	18402.70
15	7	 8401.87
15	9	11072.41
15	16	11686.82
15	17	15291.34
16	9	 8100.34
16	15	11675.36
16	18	 9953.27
17	6	15865.87
17	15	15342.22
17	19	18992.40
18	14	19119.22
18	16	 9941.98
18	19	 8684.16
19	17	19007.54
19	18	 8707.29
19	20	 6306.29
19	21	 7000.61
20	19	 6244.26
20	21	 8619.07
20	23	10305.82
21	14	18380.00
21	19	 7000.90
21	20	 8604.80
21	22	 9661.37
22	13	 8392.99
22	21	 9624.70
22	23	 7903.99
23	12	11111.15
23	20	10258.06
23	22	 7860.51
