i	j	o11d23l36
0	1	 4555.58
0	2	 8138.41
1	0	 4538.30
1	5	 6015.64
2	0	 8155.68
2	3	14279.24
2	11	10167.14
3	2	14166.44
3	4	18275.84
3	10	 5209.93
4	3	18164.48
4	5	 8800.19
4	8	15931.17
5	1	 5998.37
5	4	 8800.53
5	7	12555.34
6	7	12121.05
6	17	15853.69
7	5	12538.41
7	6	12118.09
7	8	 6888.34
7	15	 8411.95
8	4	15819.47
8	7	 6874.66
8	9	21855.10
9	8	21829.73
9	10	17639.85
9	14	23266.24
9	15	11066.34
9	16	 8099.90
10	3	 5308.49
10	9	17522.59
10	11	 8415.09
10	13	 9836.21
11	2	10297.22
11	10	 8512.88
11	12	11984.47
12	11	12312.33
12	23	10803.48
13	10	 9819.73
13	14	 8978.84
13	22	 8498.15
14	9	23245.57
14	13	 9051.84
14	18	18969.16
14	21	18541.83
15	7	 8405.74
15	9	11078.07
15	16	11680.76
15	17	15401.04
16	9	 8100.71
16	15	11664.20
16	18	 9959.38
17	6	15856.64
17	15	15423.12
17	19	19086.06
18	14	19010.97
18	16	 9943.64
18	19	 8676.69
19	17	19011.09
19	18	 8702.75
19	20	 6386.05
19	21	 7001.53
20	19	 6237.32
20	21	 8535.18
20	23	10403.07
21	14	18452.37
21	19	 7001.35
21	20	 8529.40
21	22	 9648.38
22	13	 8408.66
22	21	 9552.96
22	23	 8217.78
23	12	11031.35
23	20	10260.12
23	22	 8032.87
