0.000000000000000000e+00 1.000000000000000000e+00 4.496208479047939363e+03
0.000000000000000000e+00 2.000000000000000000e+00 8.118937905999460781e+03
1.000000000000000000e+00 0.000000000000000000e+00 4.519715642563696747e+03
1.000000000000000000e+00 5.000000000000000000e+00 5.968564513831692238e+03
2.000000000000000000e+00 0.000000000000000000e+00 8.095430742483722497e+03
2.000000000000000000e+00 3.000000000000000000e+00 1.401998434812258347e+04
2.000000000000000000e+00 1.100000000000000000e+01 1.003696791973339532e+04
3.000000000000000000e+00 2.000000000000000000e+00 1.404338993980618216e+04
3.000000000000000000e+00 4.000000000000000000e+00 1.801935759708578189e+04
3.000000000000000000e+00 1.000000000000000000e+01 5.209927119402735116e+03
4.000000000000000000e+00 3.000000000000000000e+00 1.804450327957636182e+04
4.000000000000000000e+00 5.000000000000000000e+00 8.795432911703856007e+03
4.000000000000000000e+00 8.000000000000000000e+00 1.579003892998176161e+04
5.000000000000000000e+00 1.000000000000000000e+00 5.992071677347452351e+03
5.000000000000000000e+00 4.000000000000000000e+00 8.806055461175830715e+03
5.000000000000000000e+00 7.000000000000000000e+00 1.249151263143688448e+04
6.000000000000000000e+00 7.000000000000000000e+00 1.210489060815580888e+04
6.000000000000000000e+00 1.700000000000000000e+01 1.580163166133517552e+04
7.000000000000000000e+00 5.000000000000000000e+00 1.252564234442463749e+04
7.000000000000000000e+00 6.000000000000000000e+00 1.204309415919427011e+04
7.000000000000000000e+00 8.000000000000000000e+00 6.881182734396414162e+03
7.000000000000000000e+00 1.500000000000000000e+01 8.387297372872621054e+03
8.000000000000000000e+00 4.000000000000000000e+00 1.580456206300035228e+04
8.000000000000000000e+00 7.000000000000000000e+00 6.838806237066813082e+03
8.000000000000000000e+00 9.000000000000000000e+00 2.174794690857883688e+04
9.000000000000000000e+00 8.000000000000000000e+00 2.182009354426783466e+04
9.000000000000000000e+00 1.000000000000000000e+01 1.772681380872353111e+04
9.000000000000000000e+00 1.400000000000000000e+01 2.312776726472519658e+04
9.000000000000000000e+00 1.500000000000000000e+01 1.104555726021591181e+04
9.000000000000000000e+00 1.600000000000000000e+01 8.100764831513495665e+03
1.000000000000000000e+01 3.000000000000000000e+00 5.308187028595764787e+03
1.000000000000000000e+01 9.000000000000000000e+00 1.760401853914323510e+04
1.000000000000000000e+01 1.100000000000000000e+01 8.364480476669914424e+03
1.000000000000000000e+01 1.300000000000000000e+01 9.778206846095101355e+03
1.100000000000000000e+01 2.000000000000000000e+00 9.990055164534031064e+03
1.100000000000000000e+01 1.000000000000000000e+01 8.403402339813883373e+03
1.100000000000000000e+01 1.200000000000000000e+01 1.230201897502129577e+04
1.200000000000000000e+01 1.100000000000000000e+01 1.239402808296592229e+04
1.200000000000000000e+01 2.300000000000000000e+01 1.111982041764982569e+04
1.300000000000000000e+01 1.000000000000000000e+01 9.814749622563858793e+03
1.300000000000000000e+01 1.400000000000000000e+01 9.035230127215691027e+03
1.300000000000000000e+01 2.200000000000000000e+01 8.399308129344472036e+03
1.400000000000000000e+01 9.000000000000000000e+00 2.319768587954092072e+04
1.400000000000000000e+01 1.300000000000000000e+01 9.079074351992901939e+03
1.400000000000000000e+01 1.800000000000000000e+01 1.908312844999972731e+04
1.400000000000000000e+01 2.100000000000000000e+01 1.840383701753281275e+04
1.500000000000000000e+01 7.000000000000000000e+00 8.402007134228424547e+03
1.500000000000000000e+01 9.000000000000000000e+00 1.107100673947784708e+04
1.500000000000000000e+01 1.600000000000000000e+01 1.168734539379154376e+04
1.500000000000000000e+01 1.700000000000000000e+01 1.529180073745823574e+04
1.600000000000000000e+01 9.000000000000000000e+00 8.100338642705121856e+03
1.600000000000000000e+01 1.500000000000000000e+01 1.167659679801815946e+04
1.600000000000000000e+01 1.800000000000000000e+01 9.951549318711682645e+03
1.700000000000000000e+01 6.000000000000000000e+00 1.586342811029671975e+04
1.700000000000000000e+01 1.500000000000000000e+01 1.534270857384933879e+04
1.700000000000000000e+01 1.900000000000000000e+01 1.899244321316408241e+04
1.800000000000000000e+01 1.400000000000000000e+01 1.911822165359779683e+04
1.800000000000000000e+01 1.600000000000000000e+01 9.940374534129934545e+03
1.800000000000000000e+01 1.900000000000000000e+01 8.683661280816419094e+03
1.900000000000000000e+01 1.700000000000000000e+01 1.900514749851672241e+04
1.900000000000000000e+01 1.800000000000000000e+01 8.707579699832738697e+03
1.900000000000000000e+01 2.000000000000000000e+01 6.305418058663146439e+03
1.900000000000000000e+01 2.100000000000000000e+01 7.002727496605101805e+03
2.000000000000000000e+01 1.900000000000000000e+01 6.241303906838105831e+03
2.000000000000000000e+01 2.100000000000000000e+01 8.620526025023651528e+03
2.000000000000000000e+01 2.300000000000000000e+01 1.030631566397388997e+04
2.100000000000000000e+01 1.400000000000000000e+01 1.838250665352766373e+04
2.100000000000000000e+01 1.900000000000000000e+01 7.003464352799128392e+03
2.100000000000000000e+01 2.000000000000000000e+01 8.605188470425409832e+03
2.100000000000000000e+01 2.200000000000000000e+01 9.658350166897154850e+03
2.200000000000000000e+01 1.300000000000000000e+01 8.392006681036029477e+03
2.200000000000000000e+01 2.100000000000000000e+01 9.622419104487798904e+03
2.200000000000000000e+01 2.300000000000000000e+01 7.901089340144370908e+03
2.300000000000000000e+01 1.200000000000000000e+01 1.111182952559445221e+04
2.300000000000000000e+01 2.000000000000000000e+01 1.025753906674708742e+04
2.300000000000000000e+01 2.200000000000000000e+01 7.857856829426555123e+03
