0.000000000000000000e+00 1.000000000000000000e+00 4.478070069722713924e+03
0.000000000000000000e+00 2.000000000000000000e+00 8.122090853421585052e+03
1.000000000000000000e+00 0.000000000000000000e+00 4.523494802418827021e+03
1.000000000000000000e+00 5.000000000000000000e+00 5.958059196578578849e+03
2.000000000000000000e+00 0.000000000000000000e+00 8.076666120725464680e+03
2.000000000000000000e+00 3.000000000000000000e+00 1.402653138858255625e+04
2.000000000000000000e+00 1.100000000000000000e+01 1.007056621126558639e+04
3.000000000000000000e+00 2.000000000000000000e+00 1.406513821807612294e+04
3.000000000000000000e+00 4.000000000000000000e+00 1.802515286000761262e+04
3.000000000000000000e+00 1.000000000000000000e+01 5.209084657316337143e+03
4.000000000000000000e+00 3.000000000000000000e+00 1.806448978024158350e+04
4.000000000000000000e+00 5.000000000000000000e+00 8.792761833645770821e+03
4.000000000000000000e+00 8.000000000000000000e+00 1.580367295324914267e+04
5.000000000000000000e+00 1.000000000000000000e+00 6.003483929274689217e+03
5.000000000000000000e+00 4.000000000000000000e+00 8.808566695251860438e+03
5.000000000000000000e+00 7.000000000000000000e+00 1.247139189808822266e+04
6.000000000000000000e+00 7.000000000000000000e+00 1.211744966340754036e+04
6.000000000000000000e+00 1.700000000000000000e+01 1.567133692359505585e+04
7.000000000000000000e+00 5.000000000000000000e+00 1.253262149239042265e+04
7.000000000000000000e+00 6.000000000000000000e+00 1.199548965279936783e+04
7.000000000000000000e+00 8.000000000000000000e+00 6.890939323519731261e+03
7.000000000000000000e+00 1.500000000000000000e+01 8.371583028279108476e+03
8.000000000000000000e+00 4.000000000000000000e+00 1.582720501187702575e+04
8.000000000000000000e+00 7.000000000000000000e+00 6.795446175850100190e+03
8.000000000000000000e+00 9.000000000000000000e+00 2.180694254728447049e+04
9.000000000000000000e+00 8.000000000000000000e+00 2.183498145824269886e+04
9.000000000000000000e+00 1.000000000000000000e+01 1.772545387502030644e+04
9.000000000000000000e+00 1.400000000000000000e+01 2.320815425974797108e+04
9.000000000000000000e+00 1.500000000000000000e+01 1.101520641582636381e+04
9.000000000000000000e+00 1.600000000000000000e+01 8.101364069219736848e+03
1.000000000000000000e+01 3.000000000000000000e+00 5.308354566575933859e+03
1.000000000000000000e+01 9.000000000000000000e+00 1.759002110925255693e+04
1.000000000000000000e+01 1.100000000000000000e+01 8.376601656568407634e+03
1.000000000000000000e+01 1.300000000000000000e+01 9.803548283096857631e+03
1.100000000000000000e+01 2.000000000000000000e+00 9.986534649075907510e+03
1.100000000000000000e+01 1.000000000000000000e+01 8.422351388246004717e+03
1.100000000000000000e+01 1.200000000000000000e+01 1.234739233766532197e+04
1.200000000000000000e+01 1.100000000000000000e+01 1.240911050715324018e+04
1.200000000000000000e+01 2.300000000000000000e+01 1.110745394206843048e+04
1.300000000000000000e+01 1.000000000000000000e+01 9.821635694911130486e+03
1.300000000000000000e+01 1.400000000000000000e+01 9.028916017594121513e+03
1.300000000000000000e+01 2.200000000000000000e+01 8.467537256512729073e+03
1.400000000000000000e+01 9.000000000000000000e+00 2.321349645519521073e+04
1.400000000000000000e+01 1.300000000000000000e+01 9.078274318297073478e+03
1.400000000000000000e+01 1.800000000000000000e+01 1.873526204153557046e+04
1.400000000000000000e+01 2.100000000000000000e+01 1.860932324889687516e+04
1.500000000000000000e+01 7.000000000000000000e+00 8.406345759642776102e+03
1.500000000000000000e+01 9.000000000000000000e+00 1.107452012411649594e+04
1.500000000000000000e+01 1.600000000000000000e+01 1.167504799829212243e+04
1.500000000000000000e+01 1.700000000000000000e+01 1.510982791756562256e+04
1.600000000000000000e+01 9.000000000000000000e+00 8.100179842208330228e+03
1.600000000000000000e+01 1.500000000000000000e+01 1.161669715270330926e+04
1.600000000000000000e+01 1.800000000000000000e+01 9.972850023963328567e+03
1.700000000000000000e+01 6.000000000000000000e+00 1.579329693420323747e+04
1.700000000000000000e+01 1.500000000000000000e+01 1.526225520280822275e+04
1.700000000000000000e+01 1.900000000000000000e+01 1.879601018519974969e+04
1.800000000000000000e+01 1.400000000000000000e+01 1.892050411554058883e+04
1.800000000000000000e+01 1.600000000000000000e+01 9.913314951363110595e+03
1.800000000000000000e+01 1.900000000000000000e+01 8.599103521905057278e+03
1.900000000000000000e+01 1.700000000000000000e+01 1.897039748105052422e+04
1.900000000000000000e+01 1.800000000000000000e+01 8.724810523309863129e+03
1.900000000000000000e+01 2.000000000000000000e+01 6.483671951750400694e+03
1.900000000000000000e+01 2.100000000000000000e+01 7.002636238783781664e+03
2.000000000000000000e+01 1.900000000000000000e+01 6.185461400025768853e+03
2.000000000000000000e+01 2.100000000000000000e+01 8.676295065650489050e+03
2.000000000000000000e+01 2.300000000000000000e+01 1.031157129828408324e+04
2.100000000000000000e+01 1.400000000000000000e+01 1.837878167104205932e+04
2.100000000000000000e+01 1.900000000000000000e+01 7.500941087764002077e+03
2.100000000000000000e+01 2.000000000000000000e+01 8.430469030442336589e+03
2.100000000000000000e+01 2.200000000000000000e+01 9.625815853937991051e+03
2.200000000000000000e+01 1.300000000000000000e+01 8.436266367624037230e+03
2.200000000000000000e+01 2.100000000000000000e+01 9.647753089855228609e+03
2.200000000000000000e+01 2.300000000000000000e+01 7.854947393182603264e+03
2.300000000000000000e+01 1.200000000000000000e+01 1.106917211155635232e+04
2.300000000000000000e+01 2.000000000000000000e+01 1.025918678176762478e+04
2.300000000000000000e+01 2.200000000000000000e+01 7.845613740211157165e+03
