i	j	       0	       1	       2	       3	       4	       5	       6	       7	       8	       9	      10	      11	      12	      13	      14	      15	      16	      17	      18	      19	      20	      21	      22	      23
0	1	 2600.76	    0.00	  274.57	  199.98	   21.46	    0.00	    0.01	    0.02	   42.92	  128.97	  199.98	  504.93	  468.52	  100.00	   21.48	    0.02	    0.04	    0.00	    0.02	    0.00	    0.01	    0.08	    0.15	   29.27
0	2	 6199.24	 1199.69	    0.00	    0.00	    0.00	  222.50	  133.17	  232.15	    0.00	    0.00	    0.00	    0.00	    0.00	    0.00	    0.00	   97.51	    0.00	   33.03	    0.00	    0.02	    0.00	    0.00	    0.00	    0.00
1	0	    0.00	 1299.69	  100.00	    0.00	    0.00	  522.50	  633.15	 1032.12	    0.00	    0.00	    0.00	    0.00	    0.00	    0.00	    0.00	  597.49	    0.60	  133.02	    0.03	  299.98	    0.00	    0.02	    0.00	    0.00
1	5	 2500.76	 2700.31	  174.57	    0.00	    0.00	    0.00	    0.00	    0.00	    0.00	    0.00	    0.00	  404.93	  168.52	    0.00	    0.00	    0.00	    0.00	    0.00	    0.00	    0.00	    0.01	    0.03	    0.15	   29.27
2	0	    0.00	    0.00	  274.57	  699.98	  221.46	    0.00	    0.03	    0.05	  542.92	 1428.97	  699.98	  704.93	  968.52	  400.00	  521.48	    0.04	  399.44	    0.00	  299.99	    0.04	  100.01	  400.06	  300.15	  129.27
2	3	 4498.85	  699.42	 2025.21	    0.00	    0.00	    0.04	    0.00	    0.00	    0.00	    0.00	    0.00	 3721.92	 2488.47	    0.09	    0.00	    0.00	    0.00	    0.00	    0.00	    0.00	  202.65	    0.50	    1.32	  470.51
2	11	 1600.38	  400.26	  500.22	 1601.84	  402.94	  500.43	  771.72	 1200.00	 1399.63	  650.14	    1.03	    0.00	    0.00	    0.09	   53.82	  545.26	  183.31	  199.35	   23.07	    0.11	    0.00	    0.00	    0.00	    0.00
3	2	    0.00	    0.00	    0.00	 2501.82	  724.40	  577.97	  738.58	 1167.90	 2042.55	 2379.11	 1000.14	    0.00	    0.00	  499.59	  675.25	  647.78	  682.74	  166.33	  323.06	    0.10	    0.00	    0.08	    0.05	    0.00
3	4	 3197.42	  199.21	 1425.08	 6697.29	    0.00	    0.00	    0.00	    0.00	    0.00	    0.11	  903.25	 3121.58	 1888.19	  200.03	    0.08	    0.00	    0.01	    0.00	    0.02	    0.00	    2.71	    0.05	  199.85	  270.52
3	10	  801.44	  300.26	  400.13	 2400.89	  699.85	  599.72	    0.11	    4.62	    0.41	    0.16	    0.00	    0.34	    0.29	    0.07	    0.06	    0.12	    0.04	    0.02	    0.02	    0.02	    0.02	    0.05	    0.05	    0.02
4	3	    0.00	    0.04	    0.00	    0.00	 1924.25	 1577.65	 1138.68	 1872.51	 2742.96	 3577.98	    0.00	    0.00	    0.00	    0.00	 1173.49	 1447.90	 1182.35	  266.34	  522.33	  300.13	    0.03	  398.76	    0.00	    0.00
4	5	    0.00	    0.00	  622.61	 2125.99	 1252.59	    0.00	    0.02	    0.03	  557.23	 1270.97	  402.35	 1443.44	  573.31	  100.03	  277.78	    0.04	    0.04	    0.00	    0.04	    0.01	    0.01	    0.00	   99.85	   70.72
4	8	 2997.42	  899.59	  702.47	 4071.30	 2923.16	 1399.89	    0.03	    0.10	    0.00	    0.00	    0.90	 1478.13	 1114.88	    0.00	    0.00	    0.06	    0.00	    0.01	    0.00	    0.03	    0.00	    0.00	    0.00	  199.80
5	1	    0.00	    0.00	  100.00	    0.02	   78.54	  922.50	  833.14	 1432.10	  157.08	  471.03	    0.02	    0.00	    0.00	    0.01	   78.52	  997.47	  200.56	  133.02	  100.01	  399.98	    0.00	   99.96	    0.00	    0.00
5	4	    0.00	  800.42	    0.00	    0.00	    0.00	 3177.54	 1034.32	 1816.45	    0.00	    0.00	    0.00	    0.00	    0.00	    0.00	    0.00	 1465.61	    0.07	  203.74	    0.03	  307.27	    0.00	    0.06	    0.00	    0.00
5	7	 2200.76	 1499.89	  397.18	 1725.97	  974.06	 3499.96	    0.00	    0.00	    0.15	    0.07	    2.34	 1648.37	  541.83	    0.02	    0.00	    0.00	    0.00	    0.00	    0.00	    0.00	    0.00	    0.00	    0.00	    0.00
6	7	    0.00	    0.00	    0.00	    0.00	    0.00	    0.00	 4176.74	    0.00	    0.00	    0.00	    0.00	    0.00	    0.00	  399.87	  600.53	  387.48	  140.67	  999.53	  999.64	 2599.76	  500.05	  799.91	  299.97	  199.99
6	17	  430.07	  335.82	    8.34	  432.11	  120.11	  983.80	 7923.26	 4514.64	  831.11	    0.63	    0.13	  221.32	    0.25	    0.00	    0.00	    0.00	    0.03	    0.00	    0.00	    0.00	    0.00	    0.00	    0.00	    0.00
7	5	    0.00	    0.00	    0.00	    0.00	    0.00	    0.00	 2267.45	 4048.52	    0.00	    0.12	    0.00	    0.00	    0.00	    0.00	    0.74	 3363.05	  700.59	  436.76	  300.00	 1007.24	   99.99	  299.99	    0.00	    0.01
7	6	  930.07	  535.82	  108.34	  832.11	  320.11	 1383.80	    0.00	 5514.64	 1431.06	    1.66	    0.45	  921.26	   60.47	    0.00	    0.00	    0.00	    0.11	    0.00	    0.00	    0.00	    0.00	    0.00	    0.00	    0.00
7	8	    0.00	    0.00	    0.00	    0.00	    0.00	    0.00	  909.28	 3751.41	    0.00	    0.00	    0.00	    0.00	    0.00	    0.00	    0.00	 1264.90	    0.00	  262.89	    0.00	  692.88	    0.11	    0.00	    0.00	    0.00
7	15	  470.77	  564.12	  174.13	  690.05	  431.29	 1316.26	    0.00	 3385.44	  875.52	    0.00	    0.06	  480.62	    0.14	    0.00	    0.00	    0.00	    0.00	    0.00	    0.00	    0.00	    0.00	    0.00	    0.00	    0.00
8	4	    0.00	    0.00	    0.00	    0.00	    0.00	    0.00	  304.40	  556.20	 4100.19	 5848.84	    0.00	    0.00	    0.00	    0.00	 1651.19	  482.38	 1382.31	   62.61	  622.32	   92.89	   97.32	  598.65	    0.00	    0.00
8	7	    0.08	    0.04	   85.30	  496.19	  277.34	    0.09	    0.00	    0.00	 3106.43	 1601.45	  798.18	  353.51	  118.78	    0.00	    0.00	    0.00	    0.23	    0.00	    0.00	    0.00	    0.00	    0.00	    0.00	    0.00
8	9	 2497.34	  699.55	  517.17	 2875.11	 1845.81	  999.80	    4.96	 2395.31	 8993.38	    0.00	    0.00	  524.76	  396.22	    0.00	    0.00	    0.25	    0.00	    0.36	    0.00	    0.32	    0.00	    0.00	    0.00	    0.00
9	8	    0.00	    0.00	    0.00	    0.00	    0.00	    0.00	    0.05	    0.00	    0.00	10250.29	 2197.28	    0.13	    0.13	  600.00	 2651.19	  617.67	 2282.54	    0.07	 1022.32	    0.31	  397.21	 1298.65	  500.00	    0.20
9	10	    0.00	    0.00	    0.00	    0.00	    0.00	    0.00	  499.89	  795.41	 1719.03	 8427.91	    0.00	    0.00	    0.00	    0.00	 1287.90	 1554.46	 1916.75	  199.98	  426.03	  426.48	    1.03	  477.07	    0.00	    0.00
9	14	  799.25	   99.91	   99.91	 1098.49	  597.32	  199.94	    0.00	    0.00	 3080.81	14574.17	 1921.00	  653.56	    3.24	    0.00	    0.00	    0.00	    0.80	    0.00	    0.00	    0.00	    0.00	    0.00	    0.00	    0.00
9	15	    0.00	    0.00	   17.53	   77.89	   48.68	    0.00	    0.00	    0.00	  493.71	 8046.91	 2165.04	  196.60	    0.11	    0.00	    0.00	    0.00	    0.00	    0.00	    0.00	    0.00	    0.00	    0.00	    0.00	    0.00
9	16	  399.13	    0.02	   99.98	  499.91	  199.94	    0.04	    0.08	    0.12	  899.84	 3900.73	  999.76	  599.89	  499.91	    0.06	    0.13	    0.11	    0.00	    0.05	    0.07	    0.14	    0.05	    0.14	    0.05	    0.03
10	3	    0.00	    0.00	    0.00	    0.00	    0.00	    0.00	    0.00	    0.00	    0.00	    1.40	 3403.39	    0.00	    0.00	 1199.59	    1.89	    0.00	    0.45	    0.00	    0.76	    0.00	    0.06	    0.91	  698.64	    0.04
10	9	    1.05	    0.33	    0.25	    1.18	    0.13	    0.10	    0.00	    0.00	    0.00	    0.00	11183.08	 2925.42	 2007.17	 1121.56	    0.00	    0.00	    0.00	    0.00	    0.00	    0.00	    0.00	    0.00	  317.44	   47.78
10	11	    0.00	    0.00	    0.00	    0.00	    0.00	    0.00	    0.00	    0.00	    0.11	 3249.86	 2400.50	    0.00	    0.00	  714.09	  652.44	  154.76	  916.58	    0.02	  279.60	    0.00	    0.00	    0.00	    0.00	    0.00
10	13	  300.88	  100.11	  100.12	  999.79	  199.75	  199.68	    0.00	    0.02	  319.33	 1176.81	 5313.04	 1046.74	   22.91	    0.00	    0.00	    0.00	    0.04	    0.00	    0.00	    0.00	    0.00	    0.00	    0.00	    0.00
11	2	    0.00	    0.00	    0.00	    0.00	    0.00	    0.00	    0.00	    0.00	    0.00	    0.00	    0.88	 4626.85	 3556.99	    0.58	    0.05	    0.00	    0.00	    0.00	    0.00	    0.03	  302.65	  500.49	  401.41	  599.78
11	10	    0.49	    0.18	    0.25	    0.08	    0.03	    0.07	    0.00	    0.00	    0.00	    0.00	    0.00	 5371.82	 3029.80	    0.00	    0.00	    0.00	    0.00	    0.00	    0.00	    0.00	    0.04	    0.00	    0.00	    0.34
11	12	 1399.89	  300.08	  299.98	 1001.76	  202.91	  300.36	   71.79	  600.00	  799.74	 1900.00	 1000.65	 3901.33	    0.00	   14.12	    6.22	    0.67	  499.89	    0.01	    2.66	    0.04	    0.00	    0.00	    0.00	    0.00
12	11	    0.00	    0.00	    0.00	    0.00	    0.00	    0.00	    0.07	    0.00	    0.00	    0.00	    0.00	    0.00	 7886.79	    0.53	    0.00	    0.65	    0.00	    0.64	    0.00	  499.96	  602.69	 1200.49	 1101.41	 1100.12
12	23	  899.89	    0.08	  199.98	  401.76	    2.91	  100.36	    0.00	    0.00	  199.74	    0.00	    0.65	 2601.33	 6713.21	    0.00	    0.00	    0.00	    0.00	    0.00	    0.00	    0.00	    0.00	    0.00	    0.00	    0.00
13	10	    0.00	    0.00	    0.00	    0.00	    0.00	    0.00	    0.00	    0.00	    0.00	    0.00	    0.00	    0.00	    0.00	 4635.18	  766.38	    0.18	    0.28	    0.03	  254.32	  173.49	  398.97	  623.80	 2316.03	  647.45
13	14	    0.78	    0.10	    0.10	    0.88	    0.06	    0.04	    0.00	    0.00	    0.00	    0.00	 1031.28	  346.44	   95.13	 6244.11	    0.00	    0.00	    0.00	    0.00	    0.00	    0.00	    0.00	    0.00	 1192.26	  122.79
13	22	    0.12	    0.01	    0.03	  498.93	   99.69	   99.65	    0.00	    0.00	  193.08	  808.71	 2681.83	    0.34	    0.35	 3220.71	  440.39	    0.00	  219.34	    0.00	  136.63	    0.00	    0.00	    0.00	    0.00	    0.00
14	9	    0.00	    0.00	    0.00	    0.00	    0.00	    0.00	    0.00	    0.00	    0.00	    0.00	    0.00	    0.00	    0.00	 1578.50	 7939.22	    0.30	    0.79	    0.05	 3248.22	 1720.16	 1598.29	 4375.87	 1982.61	  752.44
14	13	    0.00	    0.00	    0.00	    0.00	    0.00	    0.00	  199.73	  399.45	  473.75	 1731.90	    0.07	    0.00	    0.00	    0.00	 2506.77	  699.31	  919.58	   99.86	  690.93	  672.41	    0.86	  683.00	    0.00	    0.00
14	18	  300.03	    0.09	    0.01	  200.07	  100.03	    0.11	    0.02	    0.03	  400.14	 3251.02	  834.27	  300.06	  281.58	 2897.66	 5900.50	    0.06	    0.41	    0.01	    0.00	    0.05	  559.67	 2899.91	  899.98	  259.11
14	21	    0.00	    0.00	    0.00	  399.30	  297.35	    0.00	    0.00	    0.00	 1306.92	 5591.24	  717.94	    0.00	    0.00	  467.96	 5053.52	    0.23	 2483.50	    0.00	 2084.74	    0.00	    0.00	    0.00	    0.00	    0.00
15	7	    0.00	    0.00	    0.00	    0.00	    0.00	    0.00	    0.00	    0.00	    0.00	    0.27	    0.00	    0.00	    0.00	    0.10	    0.22	 6440.46	 1959.81	    0.12	    0.36	    0.36	    0.05	    0.08	    0.03	    0.02
15	9	    0.00	    0.05	    0.00	    0.00	    0.00	    0.07	 2394.85	    0.21	    0.00	    0.00	    0.00	    0.00	    0.00	    0.00	    0.00	 6570.60	    0.57	  899.60	    0.19	 1206.27	    0.00	    0.00	    0.00	    0.00
15	16	    0.85	  199.98	    0.01	    0.06	    0.05	  500.02	 1000.36	 1400.70	    0.11	    0.50	    0.09	    0.05	    0.00	    0.00	    0.00	 5967.97	    0.00	  600.15	    0.00	 1535.08	  353.19	    0.00	    0.00	  127.62
15	17	    0.02	    0.00	    0.00	    0.02	    0.00	    0.03	    0.00	    0.15	    0.16	 3647.95	  765.40	    0.13	    0.00	    0.03	    0.15	 7120.97	 3756.19	    0.00	    0.15	    0.00	    0.00	    0.00	    0.00	    0.00
16	9	    0.00	    0.00	    0.00	    0.00	    0.00	    0.00	    0.23	    0.00	    0.00	    0.00	    0.00	    0.00	    0.00	    0.00	    0.00	    1.11	 8098.73	    0.08	    0.00	    0.19	    0.00	    0.00	    0.00	    0.00
16	15	    0.00	    0.00	    0.00	    0.00	    0.00	    0.00	    0.00	    0.00	    0.00	    1.44	    0.27	    0.00	    0.00	  690.11	 1183.92	    0.00	 8516.45	    0.00	 1282.94	    0.00	    0.05	    0.11	    0.04	    0.03
16	18	    0.03	    0.02	    0.00	    0.02	    0.01	    0.06	    0.21	    0.82	    0.04	    0.16	    0.00	    0.00	    0.00	    0.00	    0.00	 3166.98	 6784.82	    0.12	    0.00	    0.00	    0.00	    0.00	    0.00	    0.00
17	6	    0.00	    0.00	    0.00	    0.00	    0.00	    0.00	    0.00	    0.00	    0.05	 1898.97	  499.68	    0.07	  339.78	  599.87	 1100.53	 1787.48	 1140.58	 1199.53	 1399.64	 3099.76	  700.05	 1299.91	  499.97	  299.99
17	15	   30.10	   35.92	    8.34	   32.14	   20.09	   83.86	 4795.20	  215.63	   31.04	    0.37	    0.12	   22.96	  599.75	   10.02	   16.46	    0.00	    0.11	 1999.88	   17.77	 4341.71	  953.19	 1199.97	  499.99	  427.62
17	19	  299.99	  299.90	    0.00	  299.99	  100.03	  799.96	 2928.06	 3999.16	  600.17	 1049.45	  165.94	    0.02	    0.00	    0.00	    0.00	 4833.48	 2015.66	 1600.59	    0.00	    0.00	    0.00	    0.00	    0.00	    0.00
18	14	    0.00	    0.07	    0.00	    0.00	    0.00	    0.14	  699.68	  999.40	    0.00	    0.00	    0.00	    0.00	    0.00	    0.00	    0.00	 1899.73	 4903.48	  299.90	 6823.89	 3492.16	    0.16	    0.38	    0.16	    0.07
18	16	    0.04	    0.02	    0.01	    0.05	    0.02	    0.00	    0.00	    0.00	    0.09	    0.37	    0.42	    0.06	    0.09	 1390.05	 2683.79	    0.00	    0.00	    0.00	 2982.87	  164.96	  246.81	 1699.96	  599.99	  172.38
18	19	    0.02	    0.00	    0.00	    0.04	    0.02	    0.02	    0.00	    0.00	    0.09	 1450.81	  433.85	    0.00	    0.00	 1207.62	 2416.71	    0.00	  181.75	    0.00	 2993.23	    0.00	    0.00	    0.00	    0.00	    0.00
19	17	    0.00	    0.00	    0.00	    0.00	    0.00	    0.00	    0.00	    0.00	    0.00	    0.21	    0.21	    1.59	 1039.28	  709.87	 1316.83	    0.00	    0.14	    0.00	 1717.25	 7841.47	 1753.24	 2799.89	 1099.96	  727.61
19	18	    0.00	   99.99	    0.00	    0.00	    0.00	  199.99	 1099.45	 1698.55	    0.00	    0.00	    0.00	    0.00	   18.51	    0.01	    0.00	   32.70	    0.00	  599.77	    0.00	 4857.07	   87.29	    0.43	    0.17	   13.34
19	20	    0.00	    0.00	    0.00	    0.01	    0.04	  100.01	  628.69	  600.60	    0.12	    0.05	    0.02	    0.01	    0.02	    0.02	    0.03	 1500.92	  497.23	  200.84	   76.08	 2701.47	    0.00	    0.07	    0.03	    0.02
19	21	    0.00	   99.91	    0.00	    0.02	    0.01	  199.98	  699.92	  800.00	    0.15	    0.21	    0.05	    0.00	    0.00	    0.00	    0.16	 1699.86	    0.11	  399.98	    0.08	 3099.99	    0.18	    0.00	    0.00	    0.00
20	19	    0.00	    0.00	    0.00	    0.00	    0.00	    0.00	    0.00	    0.00	    0.00	    0.11	    0.03	  401.51	 1657.63	    0.08	    0.17	    0.00	    0.07	    0.00	    0.18	    0.00	 3040.71	    0.24	    2.89	 1140.66
20	21	  261.62	    0.06	   65.40	    0.00	    0.00	    0.03	    0.06	    0.08	    0.00	    0.00	    0.00	  457.83	 1462.26	    0.00	    0.00	    0.16	    0.00	    0.03	    0.00	    0.40	 4762.06	    0.00	    0.83	 1608.24
20	23	    0.00	    0.00	    0.00	    0.00	    0.00	    0.02	  428.63	  200.52	    0.22	  480.80	    0.00	    0.00	    0.00	    0.00	  679.36	  900.84	  214.28	  100.81	  252.42	 1501.06	 3197.23	 2349.63	    0.00	    0.00
21	14	    0.00	    0.00	    0.00	    0.00	    0.00	    0.00	    0.06	    0.08	    0.00	    0.00	    0.00	    0.06	  883.21	    0.00	    0.00	    0.16	    0.00	    0.03	    0.00	    0.45	 2958.68	10558.41	 2690.17	 1288.69
21	19	    0.00	    0.00	    0.00	    0.00	    0.00	    0.00	    0.00	    0.00	    0.00	    0.10	    0.46	    0.08	    0.18	    2.20	    0.15	    0.00	    0.00	    0.00	    0.00	    0.00	    0.00	 5200.15	 1797.28	    0.31
21	20	    0.01	    0.00	    0.00	    0.03	   97.41	    0.00	    0.00	    0.00	  300.10	 1680.86	    2.12	    0.04	    0.00	    0.53	 1479.50	    0.08	  317.12	    0.00	  576.51	    0.00	    0.00	 4149.79	    0.70	    0.00
21	22	    0.00	    0.00	    0.00	    0.00	    0.00	    0.01	  199.92	  300.00	  306.97	 1310.49	    0.00	    0.00	    0.00	    0.00	  974.04	  500.01	  466.49	   99.98	  308.30	  699.94	    3.57	 4491.65	    0.00	    0.00
22	13	    0.01	    0.00	    0.00	    0.02	    0.00	    0.00	    0.27	    0.52	    0.00	    0.00	    0.00	    0.03	  672.56	    0.00	    0.00	    0.87	    0.00	    0.16	    0.01	    1.09	  798.11	 1140.79	 4608.29	 1170.24
22	21	  138.40	    0.03	   34.60	    0.71	    0.05	    0.00	    0.00	    0.00	    0.00	    0.00	  384.59	  242.35	  721.13	  734.77	    0.00	    0.00	    0.00	    0.00	    0.00	    0.00	    0.00	    0.00	 6587.31	  780.76
22	23	    0.01	    0.00	    0.00	    0.03	    0.00	    0.01	    0.01	    0.03	    0.05	  319.20	  997.29	    0.06	    0.00	 1385.94	  414.42	    0.07	   85.83	    0.00	  144.92	    0.13	    0.06	 1251.53	 3304.40	    0.00
23	12	    0.00	    0.00	    0.00	    0.00	    0.00	    0.00	  328.28	    0.00	    0.00	    0.00	    0.00	    0.00	    0.00	  586.41	  693.78	  599.98	    0.11	  100.63	  297.34	 1099.92	 1202.69	 2500.49	 1901.41	 1800.12
23	20	  361.60	    0.06	   65.40	  199.97	    2.55	    0.03	    0.00	    0.00	    0.00	    0.00	  397.88	 1159.29	 3719.87	  399.53	    0.00	    0.00	    0.00	    0.00	    0.00	    0.00	    0.00	    0.00	  702.99	 3248.88
23	22	  438.30	    0.02	  134.57	    1.82	    0.36	    0.36	    0.37	    0.55	    0.00	    0.00	    0.05	  942.11	 2193.35	    0.00	    0.00	    0.92	    0.00	    0.18	    0.00	    1.27	 1494.60	    0.67	    0.00	 2651.00
