i	j	       0	       1	       2	       3	       4	       5	       6	       7	       8	       9	      10	      11	      12	      13	      14	      15	      16	      17	      18	      19	      20	      21	      22	      23
0	1	 2600.23	    0.00	  267.53	  200.02	   16.00	    0.00	    0.01	    0.02	   32.00	   96.04	  200.02	  480.18	  460.56	  100.01	   16.13	    0.02	    0.02	    0.00	    0.01	    0.00	    0.01	    0.08	    0.05	   28.63
0	2	 6199.77	 1173.58	    0.00	    0.00	    0.00	  236.84	  142.50	  245.95	    0.00	    0.00	    0.00	    0.00	    0.00	    0.00	    0.00	   96.24	    0.00	   35.00	    0.00	    0.02	    0.00	    0.00	    0.00	    0.00
1	0	    0.00	 1273.58	    0.00	    0.00	    0.00	  536.84	  642.47	 1045.91	    0.00	    0.00	    0.00	    0.00	    0.00	    0.00	    0.00	  596.22	    0.52	  134.99	    0.03	  300.01	    0.00	    0.00	    0.00	    0.00
1	5	 2500.23	 2726.42	  167.53	    0.04	    0.00	    0.00	    0.00	    0.00	    0.00	    0.00	    0.04	  380.18	  160.56	    0.01	    0.00	    0.00	    0.00	    0.00	    0.00	    0.00	    0.01	    0.03	    0.05	   28.63
2	0	    0.00	    0.00	  367.53	  700.02	  216.00	    0.00	    0.03	    0.05	  532.00	 1396.04	  700.02	  680.18	  960.56	  400.01	  516.13	    0.04	  399.50	    0.00	  299.99	    0.02	  100.01	  400.08	  300.05	  128.63
2	3	 4499.57	  673.42	 1932.43	    0.00	    0.00	    0.00	    0.00	    0.00	    0.00	    0.00	    0.00	 3750.12	 2492.92	    0.09	    0.00	    0.00	    0.00	    0.00	    0.00	    0.00	  203.18	    0.16	    2.57	  471.04
2	11	 1600.20	  400.17	  500.04	 1601.19	  403.39	  500.36	  794.08	 1200.00	 1399.60	  694.24	    0.66	    0.00	    0.00	    0.25	   43.37	  544.44	  195.81	  199.27	   18.59	    0.09	    0.00	    0.00	    0.00	    0.00
3	2	    0.00	    0.00	    0.00	 2501.21	  719.39	  563.52	  751.62	 1154.10	 2031.61	 2390.28	 1000.14	    0.00	    0.00	  399.99	  659.45	  648.24	  695.31	  164.28	  318.57	    0.08	    0.00	    0.10	    0.08	    0.00
3	4	 3197.54	  173.16	 1332.11	 6696.79	    0.00	    0.00	    0.00	    0.00	    0.00	    0.08	  905.85	 3149.89	 1892.75	  200.01	    0.05	    0.00	    0.03	    0.00	    0.02	    0.00	    3.22	    0.05	  199.94	  271.05
3	10	  802.03	  300.30	  400.32	 2402.00	  699.86	  599.66	    0.09	    3.63	    0.22	    0.18	    0.00	    0.23	    0.17	    0.07	    0.06	    0.12	    0.04	    0.02	    0.02	    0.03	    0.02	    0.05	    0.06	    0.03
4	3	    0.00	    0.05	    0.00	    0.00	 1919.25	 1563.18	 1151.70	 1857.73	 2731.83	 3590.30	    0.00	    0.00	    0.00	    0.00	 1156.28	 1448.36	 1195.11	  264.29	  517.26	  300.11	    0.03	  398.60	    0.00	    0.00
4	5	    0.00	    0.00	  529.16	 2139.12	 1265.25	    0.00	    0.02	    0.04	  568.16	 1303.98	  405.67	 1457.90	  570.28	  100.02	  283.82	    0.04	    0.05	    0.00	    0.10	    0.01	    0.01	    0.00	   99.94	   71.36
4	8	 2997.54	  899.73	  702.95	 4057.67	 2915.50	 1400.16	    0.03	    0.11	    0.00	    0.00	    0.19	 1491.99	 1122.47	    0.00	    0.00	    0.06	    0.00	    0.01	    0.00	    0.03	    0.00	    0.00	    0.00	  199.69
5	1	    0.00	    0.00	    0.00	    0.02	   84.00	  936.84	  842.46	 1445.90	  168.00	  503.96	    0.02	    0.00	    0.00	    0.01	   83.87	  996.20	  200.50	  134.99	  100.01	  400.01	    0.00	   99.95	    0.00	    0.00
5	4	    0.00	  826.62	    0.00	    0.00	    0.00	 3163.34	 1046.96	 1807.95	    0.00	    0.00	    0.00	    0.00	    0.00	    0.00	    0.00	 1452.15	    0.10	  202.57	    0.03	  307.40	    0.00	    0.00	    0.00	    0.00
5	7	 2200.23	 1499.80	  396.69	 1739.14	  981.25	 3499.82	    0.00	    0.00	    0.16	    0.15	    5.69	 1638.08	  530.84	    0.03	    0.00	    0.00	    0.00	    0.00	    0.00	    0.00	    0.00	    0.00	    0.00	    0.00
6	7	    0.00	    0.00	    0.00	    0.00	    0.00	    0.00	 4197.02	    0.00	    0.00	    0.00	    0.00	    0.00	    0.00	  399.87	  599.56	  381.42	  136.25	  999.06	  999.15	 2599.27	  500.11	  799.73	  299.93	  199.97
6	17	  430.88	  336.76	    9.13	  435.32	  122.08	  986.13	 7902.98	 4520.30	  832.47	    0.32	    0.14	  217.17	    0.04	    0.00	    0.00	    0.00	    0.03	    0.00	    0.00	    0.00	    0.00	    0.00	    0.00	    0.00
7	5	    0.00	    0.00	    0.00	    0.00	    0.00	    0.00	 2289.41	 4053.82	    0.00	    0.14	    0.00	    0.00	    0.00	    0.01	    0.04	 3348.31	  700.56	  437.56	  299.95	 1007.40	   99.99	  299.92	    0.00	    0.01
7	6	  930.88	  536.76	  109.13	  835.32	  322.08	 1386.13	    0.00	 5520.30	 1432.41	    3.67	    1.50	  916.88	   49.62	    0.00	    0.00	    0.00	    0.12	    0.00	    0.00	    0.00	    0.00	    0.00	    0.00	    0.00
7	8	    0.00	    0.00	    0.00	    0.00	    0.00	    0.00	  907.61	 3746.11	    0.00	    0.00	    0.00	    0.00	    0.00	    0.00	    0.00	 1271.00	    0.00	  261.86	    0.00	  692.84	    0.27	    0.00	    0.00	    0.00
7	15	  469.44	  563.08	  172.22	  681.45	  425.86	 1313.78	    0.00	 3379.78	  907.36	    0.00	    0.06	  471.47	    0.58	    0.00	    0.00	    0.00	    0.00	    0.00	    0.00	    0.00	    0.00	    0.00	    0.00	    0.00
8	4	    0.00	    0.00	    0.00	    0.00	    0.00	    0.00	  304.78	  549.92	 4099.99	 5894.20	    0.00	    0.00	    0.00	    0.00	 1640.05	  496.31	 1395.02	   61.74	  617.31	   92.74	   96.81	  598.55	    0.00	    0.00
8	7	    0.09	    0.04	   84.67	  477.62	  266.68	    0.10	    0.00	    0.00	 3139.62	 1603.36	  795.87	  350.27	  119.36	    0.00	    0.00	    0.00	    0.25	    0.00	    0.00	    0.00	    0.00	    0.00	    0.00	    0.00
8	9	 2497.46	  699.68	  518.28	 2880.04	 1848.82	 1000.06	    2.91	 2396.30	 8960.40	    0.00	    0.00	  541.77	  403.17	    0.00	    0.00	    0.77	    0.00	    0.15	    0.00	    0.28	    0.00	    0.00	    0.00	    0.00
9	8	    0.00	    0.00	    0.00	    0.00	    0.00	    0.00	    0.06	    0.00	    0.00	10297.56	 2195.68	    0.06	    0.06	  600.00	 2640.05	  626.02	 2295.27	    0.02	 1017.31	    0.16	  396.54	 1298.55	  500.00	    0.31
9	10	    0.00	    0.00	    0.00	    0.00	    0.00	    0.00	  499.86	  796.40	 1715.13	 8361.81	    0.00	    0.00	    0.00	    0.00	 1302.51	 1556.13	 1904.07	  200.05	  431.74	  417.78	    1.81	  501.01	    0.00	    0.00
9	14	  799.20	   99.98	   99.90	 1097.98	  596.74	  200.10	    0.00	    0.00	 3085.13	14597.65	 1880.90	  654.03	    7.03	    0.00	    0.00	    0.00	    0.88	    0.00	    0.00	    0.00	    0.00	    0.00	    0.00	    0.00
9	15	    0.05	    0.00	   18.68	   83.46	   52.16	    0.00	    0.00	    0.00	  460.32	 8042.27	 2180.63	  209.68	    0.37	    0.00	    0.00	    0.00	    0.00	    0.00	    0.00	    0.00	    0.00	    0.00	    0.00	    0.00
9	16	  399.44	    0.02	   99.96	  499.78	  199.91	    0.05	    0.09	    0.13	  899.82	 3900.72	 1000.13	  599.88	  499.90	    0.06	    0.14	    0.13	    0.00	    0.05	    0.08	    0.15	    0.05	    0.15	    0.05	    0.03
10	3	    0.00	    0.00	    0.00	    0.00	    0.00	    0.00	    0.00	    0.00	    0.00	    0.24	 3405.99	    0.00	    0.00	 1099.99	    3.29	    0.00	    0.28	    0.00	    1.35	    0.00	    0.03	    1.43	  697.51	    0.03
10	9	    1.24	    0.26	    0.26	    1.18	    0.00	    0.00	    0.00	    0.00	    0.00	    0.00	11157.35	 2921.88	 2004.19	 1163.09	    0.00	    0.00	    0.00	    0.00	    0.00	    0.00	    0.00	    0.00	  308.74	   57.91
10	11	    0.00	    0.00	    0.00	    0.00	    0.00	    0.00	    0.00	    0.00	    0.12	 3205.76	 2400.74	    0.00	    0.00	  766.90	  672.98	  156.41	  904.14	    0.09	  288.01	    0.00	    0.00	    0.00	    0.00	    0.00
10	13	  300.91	  100.09	  100.13	 1000.91	  199.89	  199.73	    0.00	    0.03	  315.23	 1155.99	 5335.92	 1045.38	   28.54	    0.00	    0.00	    0.00	    0.00	    0.00	    0.00	    0.00	    0.00	    0.00	    0.00	    0.00
11	2	    0.00	    0.00	    0.00	    0.00	    0.00	    0.00	    0.00	    0.00	    0.00	    0.00	    0.55	 4630.30	 3553.49	  100.36	    0.06	    0.00	    0.00	    0.00	    0.00	    0.00	  303.18	  500.15	  402.54	  599.67
11	10	    0.12	    0.04	    0.06	    0.09	    0.03	    0.07	    0.00	    0.00	    0.00	    0.00	    0.00	 5367.02	 3032.55	    0.00	    0.00	    0.00	    0.00	    0.00	    0.00	    0.00	    0.04	    0.00	    0.00	    0.61
11	12	 1400.08	  300.12	  299.98	 1001.10	  203.36	  300.29	   94.15	  600.00	  799.72	 1900.00	 1000.86	 3902.68	    0.00	   67.40	   16.29	    1.34	  499.95	    0.03	    6.59	    0.00	    0.00	    0.00	    0.00	    0.00
12	11	    0.00	    0.00	    0.00	    0.00	    0.00	    0.00	    0.07	    0.00	    0.00	    0.00	    0.00	    0.00	 7886.04	  100.61	    0.00	    0.49	    0.00	    0.67	    0.00	  499.91	  603.23	 1200.15	 1102.54	 1100.28
12	23	  900.08	    0.12	  199.98	  401.10	    3.36	  100.29	    0.00	    0.00	  199.72	    0.00	    0.86	 2602.68	 6713.96	    0.00	    0.00	    0.00	    0.00	    0.00	    0.00	    0.00	    0.00	    0.00	    0.00	    0.00
13	10	    0.00	    0.00	    0.00	    0.00	    0.00	    0.00	    0.06	    0.00	    0.00	    0.00	    0.00	    0.00	    0.00	 4629.90	  773.69	    0.16	    0.31	    0.02	  257.59	  182.20	  398.16	  600.37	 2306.20	  657.30
13	14	    0.83	    0.10	    0.11	    1.13	    0.02	    0.02	    0.00	    0.00	    0.00	    0.00	 1044.35	  345.60	  106.63	 6210.01	    0.00	    0.00	    0.00	    0.00	    0.00	    0.00	    0.00	    0.00	 1185.22	  137.71
13	22	    0.09	    0.00	    0.02	  499.80	   99.87	   99.72	    0.00	    0.00	  190.96	  789.71	 2691.64	    0.00	    0.00	 3260.09	  426.07	    0.00	  216.01	    0.00	  130.98	    0.00	    0.00	    0.00	    0.00	    0.00
14	9	    0.00	    0.00	    0.00	    0.00	    0.00	    0.00	    0.00	    0.00	    0.00	    0.00	    0.00	    0.00	    0.00	 1536.98	 7942.69	    0.32	    0.84	    0.06	 3248.92	 1725.42	 1598.41	 4399.72	 1991.31	  742.43
14	13	    0.00	    0.00	    0.00	    0.00	    0.00	    0.00	  199.48	  398.96	  475.72	 1733.73	    0.07	    0.00	    0.00	    0.00	 2499.76	  698.41	  916.32	   99.74	  688.55	  680.75	    1.58	  676.19	    0.00	    0.00
14	18	  300.03	    0.09	    0.01	  200.07	  100.03	    0.13	    0.02	    0.03	  400.16	 3253.70	  817.61	  300.06	  280.73	 2895.94	 5899.78	    0.06	    0.45	    0.01	    0.00	    0.06	  563.76	 2899.91	  899.98	  267.19
14	21	    0.00	    0.00	    0.00	  399.04	  296.73	    0.00	    0.00	    0.00	 1309.25	 5610.23	  707.57	    0.00	    0.00	  477.09	 5057.76	    0.25	 2470.03	    0.00	 2081.43	    0.00	    0.00	    0.00	    0.00	    0.00
15	7	    0.00	    0.00	    0.00	    0.00	    0.00	    0.00	    0.00	    0.00	    0.00	    0.29	    0.00	    0.00	    0.00	    0.11	    0.48	 6437.89	 1964.17	    0.35	    0.80	    0.97	    0.15	    0.19	    0.07	    0.05
15	9	    0.00	    0.06	    0.00	    0.00	    0.00	    0.08	 2396.86	    0.23	    0.00	    0.00	    0.00	    0.00	    0.00	    0.00	    0.00	 6580.52	    0.62	  899.81	    0.21	 1192.19	    0.00	    0.00	    0.00	    0.00
15	16	    0.54	  200.07	    0.03	    0.19	    0.08	  500.18	 1000.25	 1401.80	    0.13	    0.55	    0.10	    0.06	    0.00	    0.00	    0.00	 5966.76	    0.00	  600.11	    0.00	 1556.40	  340.93	    0.00	    0.00	  118.63
15	17	    0.02	    0.00	    0.00	    0.02	    0.00	    0.03	    0.00	    0.16	    0.51	 3643.32	  781.05	    0.14	    0.00	    0.03	    0.07	 7114.83	 3755.60	    0.00	    0.07	    0.00	    0.00	    0.00	    0.00	    0.00
16	9	    0.00	    0.00	    0.00	    0.00	    0.00	    0.00	    0.24	    0.00	    0.00	    0.00	    0.00	    0.00	    0.00	    0.00	    0.00	    0.67	 8098.76	    0.10	    0.00	    0.20	    0.00	    0.00	    0.00	    0.00
16	15	    0.00	    0.00	    0.00	    0.00	    0.00	    0.00	    0.00	    0.00	    0.00	    1.50	    0.33	    0.00	    0.00	  689.22	 1183.38	    0.00	 8520.27	    0.00	 1282.53	    0.00	    0.06	    0.12	    0.05	    0.03
16	18	    0.03	    0.11	    0.00	    0.02	    0.01	    0.23	    0.11	    1.93	    0.04	    0.17	    0.00	    0.00	    0.00	    0.00	    0.00	 3166.22	 6780.97	    0.06	    0.00	    0.00	    0.00	    0.00	    0.00	    0.00
17	6	    0.00	    0.00	    0.00	    0.00	    0.00	    0.00	    0.00	    0.00	    0.06	 1896.65	  498.64	    0.28	  350.43	  599.87	 1099.56	 1781.42	 1136.16	 1199.06	 1399.15	 3099.27	  700.11	 1299.73	  499.93	  299.97
17	15	   31.07	   37.05	    9.13	   35.30	   22.06	   86.50	 4797.11	  222.42	   32.95	    0.40	    0.13	   19.05	  599.05	   10.92	   17.17	    0.00	    0.13	 2000.27	   18.55	 4349.55	  941.02	 1200.07	  500.02	  418.64
17	19	  299.82	  299.71	    0.00	  300.04	  100.02	  799.66	 2905.87	 3998.04	  599.97	 1046.82	  182.44	    0.16	    0.00	    0.00	    0.00	 4833.41	 2019.49	 1600.67	    0.00	    0.00	    0.00	    0.00	    0.00	    0.00
18	14	    0.00	    0.01	    0.00	    0.00	    0.00	    0.02	  699.43	  998.90	    0.00	    0.00	    0.00	    0.00	    0.00	    0.00	    0.00	 1898.88	 4886.76	  299.78	 6818.90	 3505.73	    0.17	    0.42	    0.17	    0.08
18	16	    0.04	    0.02	    0.01	    0.05	    0.02	    0.00	    0.00	    0.00	    0.09	    0.40	    0.10	    0.06	    0.10	 1389.16	 2683.24	    0.00	    0.00	    0.00	 2982.46	  143.65	  259.07	 1699.96	  599.99	  181.38
18	19	    0.02	    0.00	    0.00	    0.04	    0.02	    0.03	    0.00	    0.00	    0.10	 1453.47	  417.51	    0.00	    0.00	 1206.79	 2416.54	    0.00	  194.66	    0.00	 2998.64	    0.00	    0.00	    0.00	    0.00	    0.00
19	17	    0.00	    0.00	    0.00	    0.00	    0.00	    0.00	    0.00	    0.00	    0.00	    0.23	    0.02	    2.19	 1049.43	  710.75	 1316.67	    0.00	    0.15	    0.00	 1717.62	 7848.82	 1741.13	 2799.80	 1099.96	  718.61
19	18	    0.00	   99.84	    0.00	    0.00	    0.00	  199.69	 1099.31	 1696.94	    0.00	    0.00	    0.00	    0.00	   19.37	    0.01	    0.00	   32.60	    0.00	  599.71	    0.00	 4849.33	   95.48	    0.47	    0.19	   14.26
19	20	    0.00	    0.00	    0.00	    0.06	    0.03	  100.01	  606.34	  600.61	    0.01	    0.05	    0.02	    0.01	    0.03	    0.02	    0.04	 1500.09	  513.97	  200.86	   81.13	 2701.37	    0.00	    0.08	    0.03	    0.02
19	21	    0.00	   99.88	    0.00	    0.02	    0.01	  199.98	  700.22	  800.49	    0.06	    0.23	    0.05	    0.00	    0.00	    0.00	    0.18	 1700.72	    0.12	  400.10	    0.09	 3100.48	    0.19	    0.00	    0.00	    0.00
20	19	    0.17	    0.00	    0.00	    0.00	    0.00	    0.00	    0.00	    0.00	    0.00	    0.12	    0.03	  402.01	 1668.65	    0.09	    0.18	    0.00	    0.08	    0.00	    0.19	    0.00	 3036.81	    0.24	    2.48	 1132.59
20	21	  262.02	    0.11	   65.50	    0.26	    0.00	    0.03	    0.06	    0.08	    0.00	    0.00	    0.00	  458.88	 1460.05	    0.00	    0.00	    0.17	    0.00	    0.04	    0.00	    0.44	 4763.62	    0.00	    0.64	 1602.72
20	23	    0.00	    0.00	    0.00	    0.00	    0.00	    0.02	  406.27	  200.53	    0.08	  494.21	    0.00	    0.00	    0.00	    0.00	  684.67	  900.01	  216.83	  100.83	  253.97	 1500.93	 3199.58	 2347.30	    0.00	    0.00
21	14	    0.00	    0.00	    0.00	    0.00	    0.00	    0.00	    0.06	    0.09	    0.00	    0.00	    0.00	    0.44	  867.08	    0.00	    0.00	    0.17	    0.00	    0.03	    0.00	    0.49	 2963.58	10575.40	 2705.89	 1271.83
21	19	    0.00	    0.00	    0.00	    0.00	    0.00	    0.00	    0.00	    0.00	    0.00	    0.11	    0.11	    0.03	    0.18	    3.90	    0.16	    0.00	    0.00	    0.00	    0.00	    0.00	    0.00	 5200.11	 1797.69	    0.31
21	20	    0.01	    0.00	    0.00	    0.02	   96.79	    0.00	    0.00	    0.00	  300.05	 1694.27	    1.91	    0.03	    0.07	    1.29	 1484.82	    0.09	  302.94	    0.00	  573.04	    0.00	    0.00	 4147.46	    1.61	    0.06
21	22	    0.00	    0.00	    0.00	    0.00	    0.00	    0.01	  200.22	  300.49	  309.26	 1316.08	    0.00	    0.00	    0.00	    0.00	  972.96	  500.89	  467.21	  100.10	  308.48	  700.43	    0.23	 4477.03	    0.00	    0.00
22	13	    0.01	    0.00	    0.00	    0.02	    0.00	    0.00	    0.58	    1.01	    0.00	    0.00	    0.00	    0.22	  678.09	    0.00	    0.00	    1.75	    0.00	    0.28	    0.01	    1.45	  796.59	 1124.18	 4591.42	 1195.02
22	21	  138.00	    0.02	   34.50	    0.70	    0.05	    0.00	    0.00	    0.00	    0.00	    0.00	  394.40	  241.62	  707.28	  728.10	    0.00	    0.00	    0.00	    0.00	    0.00	    0.00	    0.00	    0.00	 6604.56	  769.47
22	23	    0.00	    0.00	    0.00	    0.02	    0.00	    0.01	    0.02	    0.04	    0.21	  305.79	  997.30	    0.00	    0.00	 1431.99	  399.03	    0.09	   83.22	    0.00	  139.44	    0.28	    0.06	 1252.94	 3304.02	    0.00
23	12	    0.00	    0.00	    0.00	    0.00	    0.00	    0.00	  305.92	    0.00	    0.00	    0.00	    0.00	    0.00	    0.00	  633.21	  683.71	  599.15	    0.05	  100.64	  293.41	 1099.91	 1203.23	 2500.15	 1902.54	 1800.28
23	20	  362.17	    0.10	   65.50	  200.18	    3.18	    0.04	    0.00	    0.00	    0.01	    0.00	  398.10	 1160.84	 3728.60	  398.78	    0.00	    0.00	    0.00	    0.00	    0.00	    0.00	    0.00	    0.00	  701.48	 3235.23
23	22	  437.92	    0.02	  134.48	    0.94	    0.18	    0.28	    0.37	    0.57	    0.00	    0.00	    0.06	  941.84	 2185.37	    0.00	    0.00	    0.94	    0.00	    0.19	    0.00	    1.30	 1496.42	    0.10	    0.00	 2664.49
