0.000000000000000000e+00 1.000000000000000000e+00 4.175876484554435592e+03
0.000000000000000000e+00 2.000000000000000000e+00 7.799305916647557751e+03
1.000000000000000000e+00 0.000000000000000000e+00 4.199420154305283177e+03
1.000000000000000000e+00 5.000000000000000000e+00 5.962459580674199970e+03
2.000000000000000000e+00 0.000000000000000000e+00 7.775762246896711076e+03
2.000000000000000000e+00 3.000000000000000000e+00 1.401146270514313983e+04
2.000000000000000000e+00 1.100000000000000000e+01 1.002344952443079455e+04
3.000000000000000000e+00 2.000000000000000000e+00 1.403488322314964353e+04
3.000000000000000000e+00 4.000000000000000000e+00 1.801171117903878621e+04
3.000000000000000000e+00 1.000000000000000000e+01 5.210183868283505035e+03
4.000000000000000000e+00 3.000000000000000000e+00 1.803518529737993231e+04
4.000000000000000000e+00 5.000000000000000000e+00 8.793264573963060684e+03
4.000000000000000000e+00 8.000000000000000000e+00 1.569962802094406470e+04
5.000000000000000000e+00 1.000000000000000000e+00 5.986003250425047554e+03
5.000000000000000000e+00 4.000000000000000000e+00 8.804352526855387623e+03
5.000000000000000000e+00 7.000000000000000000e+00 1.256864732955769250e+04
6.000000000000000000e+00 7.000000000000000000e+00 1.196449350662664074e+04
6.000000000000000000e+00 1.700000000000000000e+01 1.578984342829038542e+04
7.000000000000000000e+00 5.000000000000000000e+00 1.260327895220088249e+04
7.000000000000000000e+00 6.000000000000000000e+00 1.190295976189067915e+04
7.000000000000000000e+00 8.000000000000000000e+00 7.017456443019913422e+03
7.000000000000000000e+00 1.500000000000000000e+01 8.342683363046915474e+03
8.000000000000000000e+00 4.000000000000000000e+00 1.571201418639289477e+04
8.000000000000000000e+00 7.000000000000000000e+00 6.976378547544843059e+03
8.000000000000000000e+00 9.000000000000000000e+00 2.191861037516708529e+04
9.000000000000000000e+00 8.000000000000000000e+00 2.198991864514080589e+04
9.000000000000000000e+00 1.000000000000000000e+01 1.773011366925515904e+04
9.000000000000000000e+00 1.400000000000000000e+01 2.322372210793764680e+04
9.000000000000000000e+00 1.500000000000000000e+01 1.108203489673429794e+04
9.000000000000000000e+00 1.600000000000000000e+01 8.102305646046604124e+03
1.000000000000000000e+01 3.000000000000000000e+00 5.310130267948867186e+03
1.000000000000000000e+01 9.000000000000000000e+00 1.760820662046501457e+04
1.000000000000000000e+01 1.100000000000000000e+01 8.360085499176520898e+03
1.000000000000000000e+01 1.300000000000000000e+01 9.811074042758866199e+03
1.100000000000000000e+01 2.000000000000000000e+00 9.976485336673431448e+03
1.100000000000000000e+01 1.000000000000000000e+01 8.399381044154495612e+03
1.100000000000000000e+01 1.200000000000000000e+01 1.228346193579552528e+04
1.200000000000000000e+01 1.100000000000000000e+01 1.237579329301614416e+04
1.200000000000000000e+01 2.300000000000000000e+01 1.113840387301445480e+04
1.300000000000000000e+01 1.000000000000000000e+01 9.849817848656104616e+03
1.300000000000000000e+01 1.400000000000000000e+01 9.037142546407632835e+03
1.300000000000000000e+01 2.200000000000000000e+01 8.400770379313755257e+03
1.400000000000000000e+01 9.000000000000000000e+00 2.329247823090905513e+04
1.400000000000000000e+01 1.300000000000000000e+01 9.079823408803160419e+03
1.400000000000000000e+01 1.800000000000000000e+01 1.922226503076685549e+04
1.400000000000000000e+01 2.100000000000000000e+01 1.840988466940645230e+04
1.500000000000000000e+01 7.000000000000000000e+00 8.356859136429211503e+03
1.500000000000000000e+01 9.000000000000000000e+00 1.110812697683204351e+04
1.500000000000000000e+01 1.600000000000000000e+01 1.170161273304434872e+04
1.500000000000000000e+01 1.700000000000000000e+01 1.513586311980709979e+04
1.600000000000000000e+01 9.000000000000000000e+00 8.100672761741338945e+03
1.600000000000000000e+01 1.500000000000000000e+01 1.169019862863262279e+04
1.600000000000000000e+01 1.800000000000000000e+01 9.949639663385753011e+03
1.700000000000000000e+01 6.000000000000000000e+00 1.585137717302635610e+04
1.700000000000000000e+01 1.500000000000000000e+01 1.518754507769885640e+04
1.700000000000000000e+01 1.900000000000000000e+01 1.897635708836925551e+04
1.800000000000000000e+01 1.400000000000000000e+01 1.925752429690924691e+04
1.800000000000000000e+01 1.600000000000000000e+01 9.936592674668750988e+03
1.800000000000000000e+01 1.900000000000000000e+01 8.698234211341210539e+03
1.900000000000000000e+01 1.700000000000000000e+01 1.898957279099698280e+04
1.900000000000000000e+01 1.800000000000000000e+01 8.720446488766598122e+03
1.900000000000000000e+01 2.000000000000000000e+01 6.314192469936482667e+03
1.900000000000000000e+01 2.100000000000000000e+01 7.002839734407761171e+03
2.000000000000000000e+01 1.900000000000000000e+01 6.252159352449136350e+03
2.000000000000000000e+01 2.100000000000000000e+01 8.615727779039443703e+03
2.000000000000000000e+01 2.300000000000000000e+01 1.031317792814485074e+04
2.100000000000000000e+01 1.400000000000000000e+01 1.838606238863100589e+04
2.100000000000000000e+01 1.900000000000000000e+01 7.000300831948217819e+03
2.100000000000000000e+01 2.000000000000000000e+01 8.603091653705712815e+03
2.100000000000000000e+01 2.200000000000000000e+01 9.662397425852050219e+03
2.200000000000000000e+01 1.300000000000000000e+01 8.396833322815480642e+03
2.200000000000000000e+01 2.100000000000000000e+01 9.623400117283328655e+03
2.200000000000000000e+01 2.300000000000000000e+01 7.914692015776787230e+03
2.300000000000000000e+01 1.200000000000000000e+01 1.113073523023506641e+04
2.300000000000000000e+01 2.000000000000000000e+01 1.026378093599124622e+04
2.300000000000000000e+01 2.200000000000000000e+01 7.871757650709778318e+03
