0.000000000000000000e+00 1.000000000000000000e+00 4.503469954055909511e+03
0.000000000000000000e+00 2.000000000000000000e+00 8.120147306751657197e+03
1.000000000000000000e+00 0.000000000000000000e+00 4.520939290007069758e+03
1.000000000000000000e+00 5.000000000000000000e+00 5.977119373316549172e+03
2.000000000000000000e+00 0.000000000000000000e+00 8.102677970800508774e+03
2.000000000000000000e+00 3.000000000000000000e+00 1.405707431165180060e+04
2.000000000000000000e+00 1.100000000000000000e+01 1.013207796669279014e+04
3.000000000000000000e+00 2.000000000000000000e+00 1.413651152095122598e+04
3.000000000000000000e+00 4.000000000000000000e+00 1.805507956940772419e+04
3.000000000000000000e+00 1.000000000000000000e+01 5.110785941614370131e+03
4.000000000000000000e+00 3.000000000000000000e+00 1.803657534830561781e+04
4.000000000000000000e+00 5.000000000000000000e+00 8.797651231536116029e+03
4.000000000000000000e+00 8.000000000000000000e+00 1.582649140115380942e+04
5.000000000000000000e+00 1.000000000000000000e+00 5.994588709267704871e+03
5.000000000000000000e+00 4.000000000000000000e+00 8.803763616878537505e+03
5.000000000000000000e+00 7.000000000000000000e+00 1.250082127908319671e+04
6.000000000000000000e+00 7.000000000000000000e+00 1.210277866165219893e+04
6.000000000000000000e+00 1.700000000000000000e+01 1.578722114193147900e+04
7.000000000000000000e+00 5.000000000000000000e+00 1.252440300037677298e+04
7.000000000000000000e+00 6.000000000000000000e+00 1.205128001939084425e+04
7.000000000000000000e+00 8.000000000000000000e+00 6.881692256246178658e+03
7.000000000000000000e+00 1.500000000000000000e+01 8.386018049062677164e+03
8.000000000000000000e+00 4.000000000000000000e+00 1.580187479470926519e+04
8.000000000000000000e+00 7.000000000000000000e+00 6.835945469411568411e+03
8.000000000000000000e+00 9.000000000000000000e+00 2.178725076683784209e+04
9.000000000000000000e+00 8.000000000000000000e+00 2.181688737355871490e+04
9.000000000000000000e+00 1.000000000000000000e+01 1.774079412839603174e+04
9.000000000000000000e+00 1.400000000000000000e+01 2.311502700022185309e+04
9.000000000000000000e+00 1.500000000000000000e+01 1.104272259321665115e+04
9.000000000000000000e+00 1.600000000000000000e+01 8.100427008038703207e+03
1.000000000000000000e+01 3.000000000000000000e+00 5.308727372015920082e+03
1.000000000000000000e+01 9.000000000000000000e+00 1.757182597000676833e+04
1.000000000000000000e+01 1.100000000000000000e+01 8.358731468068957838e+03
1.000000000000000000e+01 1.300000000000000000e+01 9.766317112770801032e+03
1.100000000000000000e+01 2.000000000000000000e+00 1.003517142144220816e+04
1.100000000000000000e+01 1.000000000000000000e+01 8.436069190602564049e+03
1.100000000000000000e+01 1.200000000000000000e+01 1.239205832323230425e+04
1.200000000000000000e+01 1.100000000000000000e+01 1.247248950051532847e+04
1.200000000000000000e+01 2.300000000000000000e+01 1.114113567179447273e+04
1.300000000000000000e+01 1.000000000000000000e+01 9.817952662249505011e+03
1.300000000000000000e+01 1.400000000000000000e+01 9.028324883384533678e+03
1.300000000000000000e+01 2.200000000000000000e+01 8.372911110033957812e+03
1.400000000000000000e+01 9.000000000000000000e+00 2.318498650361238469e+04
1.400000000000000000e+01 1.300000000000000000e+01 9.078365124926098360e+03
1.400000000000000000e+01 1.800000000000000000e+01 1.910148969746248622e+04
1.400000000000000000e+01 2.100000000000000000e+01 1.835961203607506468e+04
1.500000000000000000e+01 7.000000000000000000e+00 8.403847914929499893e+03
1.500000000000000000e+01 9.000000000000000000e+00 1.107092825472245022e+04
1.500000000000000000e+01 1.600000000000000000e+01 1.168885287469687501e+04
1.500000000000000000e+01 1.700000000000000000e+01 1.527372467382810282e+04
1.600000000000000000e+01 9.000000000000000000e+00 8.100866608252462356e+03
1.600000000000000000e+01 1.500000000000000000e+01 1.167638030028820685e+04
1.600000000000000000e+01 1.800000000000000000e+01 9.951239750492843086e+03
1.700000000000000000e+01 6.000000000000000000e+00 1.583871978419283187e+04
1.700000000000000000e+01 1.500000000000000000e+01 1.533223277560941460e+04
1.700000000000000000e+01 1.900000000000000000e+01 1.897336275438551456e+04
1.800000000000000000e+01 1.400000000000000000e+01 1.914018858917599209e+04
1.800000000000000000e+01 1.600000000000000000e+01 9.939206776297942270e+03
1.800000000000000000e+01 1.900000000000000000e+01 8.682696609473015997e+03
1.900000000000000000e+01 1.700000000000000000e+01 1.898336949842819013e+04
1.900000000000000000e+01 1.800000000000000000e+01 8.709362526991613777e+03
1.900000000000000000e+01 2.000000000000000000e+01 6.284587025450185138e+03
1.900000000000000000e+01 2.100000000000000000e+01 7.001460579263118234e+03
2.000000000000000000e+01 1.900000000000000000e+01 6.219980745807677522e+03
2.000000000000000000e+01 2.100000000000000000e+01 8.639254379140626042e+03
2.000000000000000000e+01 2.300000000000000000e+01 1.029990968620145577e+04
2.100000000000000000e+01 1.400000000000000000e+01 1.834091288929363873e+04
2.100000000000000000e+01 1.900000000000000000e+01 7.002739520466876456e+03
2.100000000000000000e+01 2.000000000000000000e+01 8.622011921045845156e+03
2.100000000000000000e+01 2.200000000000000000e+01 9.655218608692312046e+03
2.200000000000000000e+01 1.300000000000000000e+01 8.374506417971089832e+03
2.200000000000000000e+01 2.100000000000000000e+01 9.620555945019877981e+03
2.200000000000000000e+01 2.300000000000000000e+01 7.915059093122321428e+03
2.300000000000000000e+01 1.200000000000000000e+01 1.112156684907749150e+04
2.300000000000000000e+01 2.000000000000000000e+01 1.025254586465375360e+04
2.300000000000000000e+01 2.200000000000000000e+01 7.881991737387012108e+03
