i	j	       0	       1	       2	       3	       4	       5	       6	       7	       8	       9	      10	      11	      12	      13	      14	      15	      16	      17	      18	      19	      20	      21	      22	      23
0	1	 2600.09	    0.00	  268.79	  200.02	   16.28	    0.00	    0.01	    0.02	   32.56	   97.89	  200.02	  476.46	  459.72	  100.00	   16.29	    0.02	    0.03	    0.00	    0.01	    0.00	    0.01	    0.09	    0.11	   28.89
0	2	 6199.91	 1164.67	    0.00	    0.00	    0.00	  234.19	  143.61	  250.99	    0.00	    0.00	    0.00	    0.00	    0.00	    0.00	    0.00	   92.20	    0.00	   35.75	    0.00	    0.02	    0.00	    0.00	    0.00	    0.00
1	0	    0.00	 1264.67	    0.00	    0.00	    0.00	  534.19	  643.59	 1050.95	    0.00	    0.00	    0.00	    0.00	    0.00	    0.00	    0.00	  592.18	    0.39	  135.74	    0.03	  299.98	    0.00	    0.02	    0.00	    0.00
1	5	 2500.09	 2735.33	  168.79	    0.04	    0.00	    0.00	    0.00	    0.00	    0.00	    0.00	    0.04	  376.46	  159.72	    0.01	    0.00	    0.00	    0.00	    0.00	    0.00	    0.00	    0.01	    0.03	    0.11	   28.89
2	0	    0.00	    0.00	  368.79	  700.02	  216.28	    0.00	    0.03	    0.05	  532.56	 1397.89	  700.02	  676.46	  959.72	  400.00	  516.29	    0.04	  399.65	    0.00	  299.99	    0.04	  100.01	  400.08	  300.11	  128.89
2	3	 4499.47	  664.41	 1931.01	    0.00	    0.00	    0.04	    0.00	    0.00	    0.00	    0.00	    0.00	 3749.81	 2496.19	    0.08	    0.00	    0.00	    0.00	    0.00	    0.00	    0.00	  202.11	    0.17	    2.72	  470.84
2	11	 1600.44	  400.26	  500.21	 1601.66	  403.39	  500.57	  776.37	 1200.00	 1399.39	  661.36	    1.33	    0.00	    0.00	    0.40	   53.23	  530.00	  186.48	  199.33	   22.81	    0.10	    0.00	    0.00	    0.07	    0.00
3	2	    0.00	    0.00	    0.00	 2501.68	  719.67	  566.42	  732.79	 1149.06	 2031.95	 2358.78	 1000.67	    0.00	    0.00	  500.01	  669.33	  637.79	  686.03	  163.58	  322.74	    0.10	    0.00	    0.17	    0.12	    0.00
3	4	 3197.46	  164.15	 1330.81	 6696.59	    0.00	    0.00	    0.00	    0.00	    0.00	    0.10	  905.92	 3149.48	 1895.92	  200.01	    0.06	    0.00	    0.01	    0.00	    0.02	    0.00	    2.23	    0.03	  199.82	  270.85
3	10	  802.02	  300.30	  400.20	 2401.73	  700.00	  599.59	    0.75	    4.08	    0.73	    0.16	    0.00	    0.33	    0.27	    0.06	    0.06	    0.11	    0.04	    0.02	    0.02	    0.02	    0.02	    0.04	    0.05	    0.02
4	3	    0.00	    0.04	    0.00	    0.00	 1919.66	 1565.97	 1133.54	 1853.14	 2732.69	 3557.69	    0.00	    0.00	    0.00	    0.00	 1167.90	 1437.90	 1185.67	  263.60	  522.14	  300.12	    0.09	  399.06	    0.00	    0.00
4	5	    0.00	    0.00	  527.45	 2138.13	 1264.90	    0.00	    0.02	    0.03	  567.58	 1302.06	  405.17	 1459.75	  577.17	  100.02	  283.45	    0.04	    0.04	    0.00	    0.04	    0.01	    0.01	    0.00	   99.82	   71.09
4	8	 2997.46	  899.49	  703.36	 4058.46	 2915.44	 1399.83	    0.02	    0.10	    0.00	    0.00	    0.76	 1489.74	 1118.75	    0.00	    0.00	    0.06	    0.00	    0.01	    0.00	    0.02	    0.01	    0.00	    0.00	  199.75
5	1	    0.00	    0.00	    0.00	    0.02	   83.72	  934.19	  843.58	 1450.94	  167.44	  502.11	    0.02	    0.00	    0.00	    0.01	   83.71	  992.17	  200.35	  135.74	  100.01	  399.98	    0.00	   99.95	    0.00	    0.00
5	4	    0.00	  835.39	    0.00	    0.00	    0.00	 3165.80	 1033.38	 1805.03	    0.00	    0.00	    0.00	    0.00	    0.00	    0.00	    0.00	 1455.80	    0.07	  202.13	    0.03	  306.90	    0.04	    0.05	    0.00	    0.00
5	7	 2200.09	 1499.94	  396.23	 1738.15	  981.18	 3500.01	    0.00	    0.00	    0.15	    0.07	    5.19	 1636.21	  536.89	    0.02	    0.00	    0.00	    0.00	    0.00	    0.00	    0.00	    0.00	    0.00	    0.00	    0.00
6	7	    0.00	    0.00	    0.00	    0.00	    0.00	    0.00	 4179.77	    0.00	    0.00	    0.00	    0.00	    0.00	    0.00	  399.88	  600.06	  383.50	  138.26	  999.64	  999.67	 2599.75	  500.12	  799.90	  300.03	  199.99
6	17	  431.55	  337.97	    8.44	  432.51	  120.33	  988.79	 7920.23	 4527.39	  821.58	    0.78	    0.13	  216.92	    0.02	    0.00	    0.00	    0.00	    0.02	    0.00	    0.00	    0.00	    0.00	    0.00	    0.00	    0.00
7	5	    0.00	    0.00	    0.00	    0.00	    0.00	    0.00	 2276.95	 4055.93	    0.00	    0.12	    0.00	    0.00	    0.00	    0.00	    0.26	 3347.93	  700.38	  437.87	  300.00	 1006.87	  100.02	  299.98	    0.06	    0.01
7	6	  931.55	  537.97	  108.44	  832.51	  320.33	 1388.79	    0.00	 5527.39	 1421.53	    2.71	    0.69	  916.92	   59.51	    0.00	    0.00	    0.00	    0.10	    0.00	    0.00	    0.00	    0.00	    0.00	    0.00	    0.00
7	8	    0.00	    0.00	    0.00	    0.00	    0.00	    0.00	  902.82	 3744.00	    0.00	    0.00	    0.00	    0.00	    0.00	    0.00	    0.00	 1279.11	    0.00	  261.89	    0.00	  693.23	    0.15	    0.00	    0.00	    0.00
7	15	  468.62	  562.01	  175.05	  696.01	  434.95	 1311.31	    0.00	 3372.67	  881.37	    0.00	    0.06	  479.24	    0.06	    0.00	    0.00	    0.00	    0.00	    0.00	    0.00	    0.00	    0.00	    0.00	    0.00	    0.00
8	4	    0.00	    0.00	    0.00	    0.00	    0.00	    0.00	  300.20	  548.24	 4100.27	 5859.64	    0.00	    0.00	    0.00	    0.00	 1651.29	  482.20	 1385.63	   61.48	  622.14	   93.26	   97.85	  598.98	    0.00	    0.00
8	7	    0.08	    0.04	   87.26	  490.37	  274.09	    0.09	    0.00	    0.00	 3102.76	 1602.50	  795.56	  359.95	  122.69	    0.04	    0.00	    0.00	    0.22	    0.00	    0.00	    0.00	    0.00	    0.00	    0.00	    0.00
8	9	 2497.38	  699.45	  516.10	 2868.09	 1841.34	  999.74	    2.70	 2395.85	 8996.97	    0.00	    0.00	  529.84	  396.12	    0.00	    0.00	    0.23	    0.00	    0.47	    0.00	    0.26	    0.00	    0.00	    0.00	    0.00
9	8	    0.00	    0.00	    0.00	    0.00	    0.00	    0.00	    0.05	    0.00	    0.00	10262.15	 2194.80	    0.05	    0.05	  600.05	 2651.29	  603.26	 2285.85	    0.06	 1022.14	    0.27	  397.69	 1298.98	  500.00	    0.25
9	10	    0.00	    0.00	    0.00	    0.00	    0.00	    0.00	  499.43	  795.95	 1712.21	 8385.91	    0.00	    0.00	    0.00	    0.00	 1297.89	 1569.72	 1913.70	  200.04	  429.19	  432.22	    1.28	  488.32	    0.00	    0.00
9	14	  798.54	   99.76	   99.82	 1097.76	  596.76	  199.85	    0.00	    0.00	 3087.45	14611.30	 1886.18	  645.57	    6.47	    0.00	    0.00	    0.00	    0.77	    0.00	    0.00	    0.00	    0.00	    0.00	    0.00	    0.00
9	15	    0.11	    0.00	   16.55	   71.72	   44.82	    0.00	    0.00	    0.00	  497.47	 8040.05	 2172.81	  202.18	    0.11	    0.00	    0.00	    0.00	    0.00	    0.00	    0.00	    0.00	    0.00	    0.00	    0.00	    0.00
9	16	  399.64	    0.02	   99.94	  499.72	  199.89	    0.04	    0.08	    0.11	  899.84	 3900.60	 1000.05	  599.97	  499.97	    0.10	    0.12	    0.11	    0.00	    0.05	    0.07	    0.14	    0.05	    0.14	    0.05	    0.02
10	3	    0.00	    0.00	    0.00	    0.00	    0.00	    0.00	    0.00	    0.00	    0.00	    1.35	 3406.59	    0.00	    0.00	 1200.00	    1.54	    0.00	    0.40	    0.00	    0.63	    0.00	    0.04	    1.01	  697.27	    0.03
10	9	    0.90	    0.27	    0.21	    1.11	    0.13	    0.08	    0.00	    0.00	    0.00	    0.00	11153.84	 2917.93	 2010.48	 1161.96	    0.00	    0.00	    0.00	    0.00	    0.00	    0.00	    0.13	    0.00	  313.55	   45.85
10	11	    0.00	    0.00	    0.00	    0.00	    0.00	    0.00	    0.23	    0.00	    0.10	 3239.11	 2399.97	    0.00	    0.00	  712.81	  650.78	  169.98	  913.53	    0.08	  278.88	    0.00	    0.00	    0.00	    0.00	    0.00
10	13	  301.56	  100.20	  100.21	 1000.69	  199.89	  199.57	    0.00	    0.02	  312.84	 1145.61	 5339.60	 1054.41	   22.28	    0.00	    0.00	    0.00	    0.04	    0.00	    0.00	    0.00	    0.00	    0.00	    0.00	    0.00
11	2	    0.00	    0.00	    0.00	    0.00	    0.00	    0.00	    0.00	    0.00	    0.00	    0.47	    0.68	 4626.27	 3555.91	    0.48	    0.20	    0.04	    0.11	    0.00	    0.06	    0.03	  302.11	  500.08	  402.79	  599.73
11	10	    0.45	    0.17	    0.22	    0.08	    0.02	    0.07	    0.00	    0.00	    0.00	    0.00	    0.00	 5372.01	 3032.49	    0.00	    0.00	    0.00	    0.00	    0.00	    0.00	    0.00	    0.04	    0.00	    0.00	    0.31
11	12	 1399.99	  300.09	  299.98	 1001.59	  203.36	  300.51	   76.67	  600.00	  799.49	 1900.00	 1000.62	 3901.72	    0.00	   12.86	    3.81	    0.88	  499.91	    0.07	    1.63	    0.03	    0.00	    0.00	    0.00	    0.00
12	11	    0.00	    0.00	    0.00	    0.00	    0.00	    0.00	    0.07	    0.00	    0.00	    0.00	    0.00	    0.00	 7888.41	    0.13	    0.00	    0.94	    0.00	    0.66	    0.00	  499.96	  602.15	 1200.08	 1102.72	 1100.05
12	23	  899.99	    0.09	  199.98	  401.59	    3.36	  100.51	    0.00	    0.00	  199.49	    0.00	    0.62	 2601.72	 6711.59	    0.00	    0.00	    0.00	    0.00	    0.00	    0.00	    0.00	    0.00	    0.00	    0.00	    0.00
13	10	    0.00	    0.00	    0.00	    0.00	    0.00	    0.00	    0.05	    0.00	    0.00	    0.00	    0.00	    0.00	    0.00	 4674.71	  754.37	    0.15	    0.23	    0.02	  250.31	  167.76	  398.83	  612.65	 2310.77	  645.54
13	14	    1.49	    0.19	    0.19	    1.54	    0.05	    0.05	    0.00	    0.00	    0.00	    0.00	 1056.71	  354.22	   95.46	 6211.14	    0.00	    0.00	    0.00	    0.00	    0.00	    0.00	    0.00	    0.00	 1166.04	  148.64
13	22	    0.08	    0.01	    0.02	  499.17	   99.85	   99.52	    0.00	    0.00	  194.64	  799.43	 2682.96	    0.22	    0.35	 3214.15	  443.81	    0.00	  226.89	    0.00	  138.31	    0.00	    0.00	    0.00	    0.00	    0.00
14	9	    0.00	    0.00	    0.00	    0.00	    0.00	    0.00	    0.00	    0.00	    0.00	    0.00	    0.00	    0.00	    0.00	 1538.18	 7949.30	    0.28	    0.78	    0.05	 3251.20	 1728.82	 1598.90	 4387.43	 1986.50	  754.42
14	13	    0.00	    0.00	    0.00	    0.02	    0.00	    0.00	  199.73	  399.47	  481.80	 1753.83	    0.06	    0.00	    0.00	    0.00	 2498.18	  699.87	  927.07	   99.87	  688.61	  667.01	    0.37	  666.07	    0.00	    0.00
14	18	  300.03	    0.06	    0.01	  200.07	  100.03	    0.11	    0.02	    0.03	  400.14	 3256.95	  826.07	  300.06	  277.69	 2898.38	 5900.03	    0.05	    0.39	    0.01	    0.00	    0.05	  562.12	 2899.92	  899.98	  262.15
14	21	    0.00	    0.00	    0.00	  399.22	  296.78	    0.00	    0.00	    0.00	 1305.51	 5600.51	  716.75	    0.00	    0.00	  474.58	 5052.49	    0.22	 2480.89	    0.00	 2075.46	    0.00	    0.00	    0.00	    0.00	    0.00
15	7	    0.00	    0.00	    0.00	    0.00	    0.00	    0.00	    0.00	    0.00	    0.00	    0.26	    0.00	    0.00	    0.00	    0.05	    0.20	 6443.54	 1962.01	    0.12	    0.33	    0.34	    0.05	    0.07	    0.03	    0.02
15	9	    0.00	    0.05	    0.00	    0.00	    0.00	    0.07	 2396.65	    0.20	    0.00	    0.00	    0.00	    0.00	    0.00	    0.00	    0.00	 6571.60	    0.54	  899.55	    0.19	 1203.36	    0.00	    0.00	    0.00	    0.00
15	16	    0.35	  200.03	    0.05	    0.25	    0.10	  500.06	 1000.69	 1400.77	    0.11	    0.49	    0.09	    0.05	    0.00	    0.00	    0.00	 5974.13	    0.00	  600.34	    0.00	 1530.03	  349.03	    0.00	    0.00	  131.50
15	17	    0.02	    0.00	    0.00	    0.02	    0.00	    0.02	    0.00	    0.15	    0.49	 3640.95	  773.12	    0.06	    0.00	    0.03	    0.13	 7110.73	 3759.83	    0.00	    0.13	    0.00	    0.00	    0.00	    0.00	    0.00
16	9	    0.00	    0.00	    0.00	    0.00	    0.00	    0.00	    0.22	    0.00	    0.00	    0.00	    0.00	    0.00	    0.00	    0.00	    0.00	    0.97	 8098.99	    0.08	    0.00	    0.18	    0.00	    0.00	    0.00	    0.00
16	15	    0.00	    0.00	    0.00	    0.00	    0.00	    0.00	    0.00	    0.00	    0.00	    1.29	    0.23	    0.07	    0.06	  688.98	 1181.53	    0.00	 8522.27	    0.00	 1280.34	    0.00	    0.05	    0.10	    0.04	    0.03
16	18	    0.03	    0.05	    0.00	    0.02	    0.01	    0.10	    0.56	    0.88	    0.03	    0.15	    0.00	    0.00	    0.00	    0.00	    0.00	 3173.27	 6778.74	    0.31	    0.00	    0.00	    0.00	    0.00	    0.00	    0.00
17	6	    0.00	    0.00	    0.00	    0.00	    0.00	    0.00	    0.00	    0.00	    0.05	 1898.07	  499.44	    0.00	  340.50	  599.88	 1100.06	 1783.50	 1138.18	 1199.64	 1399.67	 3099.75	  700.12	 1299.90	  500.03	  299.99
17	15	   31.64	   38.08	    8.44	   32.54	   20.34	   88.84	 4797.34	  228.45	   21.76	    0.35	    0.11	   18.62	  599.77	   11.10	   18.80	    0.00	    0.11	 2000.00	   20.31	 4333.72	  949.03	 1199.97	  499.99	  431.50
17	19	  299.92	  299.90	    0.00	  299.99	  100.00	  799.97	 2922.89	 3999.10	  600.27	 1043.51	  173.74	    0.04	    0.00	    0.00	    0.00	 4827.22	 2021.69	 1600.36	    0.00	    0.00	    0.00	    0.00	    0.00	    0.00
18	14	    0.00	    0.10	    0.00	    0.00	    0.00	    0.21	  699.59	  999.29	    0.00	    0.00	    0.00	    0.00	    0.00	    0.00	    0.00	 1900.28	 4908.38	  299.86	 6815.28	 3494.67	    0.15	    0.37	    0.15	    0.07
18	16	    0.04	    0.00	    0.01	    0.05	    0.02	    0.00	    0.00	    0.00	    0.08	    0.37	    0.09	    0.06	    0.09	 1388.88	 2681.41	    0.00	    0.00	    0.00	 2980.27	  170.02	  250.97	 1699.97	  599.99	  168.50
18	19	    0.02	    0.00	    0.00	    0.04	    0.02	    0.02	    0.00	    0.00	    0.09	 1456.74	  425.98	    0.00	    0.00	 1209.51	 2418.62	    0.00	  170.76	    0.00	 3004.45	    0.00	    0.00	    0.00	    0.00	    0.00
19	17	    0.00	    0.00	    0.00	    0.00	    0.00	    0.00	    0.00	    0.00	    0.00	    0.20	    0.04	    1.68	 1040.25	  710.96	 1318.73	    0.00	    0.13	    0.00	 1719.85	 7833.47	 1749.15	 2799.88	 1100.02	  731.49
19	18	    0.00	  100.00	    0.00	    0.00	    0.00	  200.02	 1099.01	 1698.38	    0.00	    0.00	    0.00	    0.00	   22.40	    0.01	    0.00	   26.96	    0.00	  599.54	    0.00	 4864.64	   89.00	    0.41	    0.17	    6.42
19	20	    0.00	    0.00	    0.00	    0.01	    0.00	  100.01	  623.73	  600.41	    0.23	    0.05	    0.02	    0.01	    0.02	    0.02	    0.03	 1500.62	  492.28	  200.77	   84.70	 2700.82	    0.00	    0.07	    0.03	    0.02
19	21	    0.00	   99.90	    0.00	    0.02	    0.01	  199.96	  700.14	  800.30	    0.13	    0.21	    0.04	    0.00	    0.00	    0.00	    0.16	 1699.64	    0.10	  400.04	    0.08	 3101.06	    0.17	    0.00	    0.00	    0.00
20	19	    0.06	    0.00	    0.00	    0.00	    0.00	    0.00	    0.00	    0.00	    0.00	    0.10	    0.02	  401.58	 1662.51	    0.08	    0.16	    0.00	    0.07	    0.00	    0.17	    0.00	 3038.32	    0.22	    1.79	 1137.65
20	21	  266.57	    0.06	   66.64	    0.00	    0.00	    0.03	    0.06	    0.07	    0.00	    0.00	    0.00	  466.51	 1481.48	    0.00	    0.00	    0.15	    0.00	    0.03	    0.00	    0.38	 4763.23	    0.00	    0.08	 1570.24
20	23	    0.00	    0.00	    0.00	    0.00	    0.00	    0.02	  423.67	  200.34	    0.16	  488.83	    0.00	    0.00	    0.00	    0.00	  684.47	  900.55	  211.10	  100.74	  252.88	 1500.44	 3198.45	 2344.89	    0.00	    0.00
21	14	    0.00	    0.00	    0.00	    0.00	    0.00	    0.00	    0.16	    0.20	    0.00	    0.00	    0.00	    0.27	  875.76	    0.00	    0.00	    0.15	    0.00	    0.07	    0.00	    1.20	 2961.24	10553.05	 2720.29	 1267.87
21	19	    0.00	    0.00	    0.00	    0.00	    0.00	    0.00	    0.00	    0.00	    0.00	    0.10	    0.36	    0.07	    0.16	    1.40	    0.15	    0.00	    0.00	    0.00	    0.00	    0.00	    0.00	 5200.14	 1798.42	    0.28
21	20	    0.01	    0.00	    0.00	    0.09	   96.97	    0.00	    0.00	    0.00	  299.93	 1688.89	    2.15	    0.03	    0.06	    0.31	 1484.59	    0.08	  318.89	    0.00	  568.35	    0.00	    0.00	 4145.05	    0.54	    0.00
21	22	    0.00	    0.00	    0.00	    0.00	    0.00	    0.01	  200.04	  300.17	  305.71	 1311.73	    0.00	    0.00	    0.00	    0.00	  967.92	  499.79	  462.11	  100.00	  307.18	  700.24	    2.16	 4501.77	    0.00	    0.00
22	13	    0.01	    0.00	    0.00	    0.00	    0.00	    0.00	    0.32	    0.51	    0.00	    0.00	    0.00	    0.03	  673.52	    0.00	    0.00	    0.27	    0.00	    0.15	    0.01	    0.75	  798.46	 1146.59	 4576.80	 1194.18
22	21	  133.44	    0.05	   33.36	    0.85	    0.19	    0.02	    0.00	    0.00	    0.00	    0.00	  385.72	  233.87	  694.51	  727.12	    0.00	    0.00	    0.00	    0.00	    0.00	    0.00	    0.00	    0.00	 6619.17	  797.91
22	23	    0.00	    0.00	    0.00	    0.02	    0.00	    0.01	    0.04	    0.07	    0.35	  311.17	  997.29	    0.00	    0.00	 1387.03	  411.72	    0.13	   88.99	    0.00	  145.48	    0.44	    0.06	 1255.79	 3304.03	    0.00
23	12	    0.00	    0.00	    0.00	    0.00	    0.00	    0.00	  323.39	    0.00	    0.00	    0.00	    0.00	    0.00	    0.00	  587.27	  696.19	  600.06	    0.09	  100.59	  298.37	 1099.92	 1202.15	 2500.08	 1902.72	 1800.05
23	20	  366.62	    0.05	   66.64	  199.90	    3.02	    0.03	    0.00	    0.00	    0.00	    0.00	  397.86	 1168.04	 3743.90	  399.75	    0.00	    0.00	    0.00	    0.00	    0.00	    0.00	    0.00	    0.00	  701.31	 3207.87
23	22	  433.36	    0.04	  133.34	    1.70	    0.34	    0.50	    0.32	    0.41	    0.00	    0.00	    0.05	  933.68	 2167.69	    0.00	    0.00	    0.62	    0.00	    0.15	    0.00	    0.96	 1496.35	    0.61	    0.00	 2692.08
