i	j	       0	       1	       2	       3	       4	       5	       6	       7	       8	       9	      10	      11	      12	      13	      14	      15	      16	      17	      18	      19	      20	      21	      22	      23
0	1	 2600.76	    0.00	  267.67	  199.98	   16.82	    0.00	    0.01	    0.02	   33.63	  101.06	  199.98	  468.40	  461.24	  100.00	   16.89	    0.02	    0.03	    0.00	    0.02	    0.00	    0.01	    0.12	    0.25	   28.98
0	2	 6199.24	 1159.49	    0.00	    0.00	    0.00	  233.41	  142.17	  247.66	    0.00	    0.00	    0.00	    0.00	    0.00	    0.00	    0.00	  100.86	    0.00	   35.22	    0.00	    0.02	    0.00	    0.00	    0.00	    0.00
1	0	    0.00	 1259.49	    0.00	    0.00	    0.00	  533.41	  642.10	 1047.54	    0.00	    0.00	    0.00	    0.00	    0.00	    0.00	    0.00	  600.79	    0.37	  135.21	    0.03	  299.98	    0.00	    0.00	    0.00	    0.00
1	5	 2500.76	 2740.51	  167.67	    0.00	    0.00	    0.00	    0.00	    0.00	    0.00	    0.00	    0.00	  368.40	  161.24	    0.00	    0.00	    0.00	    0.00	    0.00	    0.00	    0.00	    0.01	    0.03	    0.25	   28.98
2	0	    0.00	    0.00	  367.67	  699.98	  216.82	    0.00	    0.08	    0.14	  533.63	 1401.06	  699.98	  668.40	  961.24	  400.00	  516.89	    0.09	  399.66	    0.02	  300.00	    0.05	  100.01	  400.12	  300.25	  128.98
2	3	 4498.88	  659.23	 1932.12	    0.00	    0.00	    0.00	    0.00	    0.00	    0.00	    0.00	    0.00	 3751.34	 2501.22	    0.08	    0.00	    0.00	    0.00	    0.00	    0.00	    0.00	  202.79	    0.02	    1.70	  470.94
2	11	 1600.37	  400.26	  500.21	 1601.35	  403.32	  500.35	  770.54	 1200.00	 1399.74	  666.39	    1.33	    0.00	    0.00	    0.15	   52.44	  531.73	  187.96	  199.43	   22.47	    0.07	    0.00	    0.00	    0.00	    0.00
3	2	    0.00	    0.00	    0.00	 2501.34	  720.14	  566.94	  728.45	 1152.47	 2033.37	 2366.97	 1000.62	    0.00	    0.00	  499.74	  669.13	  630.91	  687.51	  164.22	  322.41	    0.10	    0.00	    0.07	    0.04	    0.00
3	4	 3198.10	  159.25	 1332.14	 6697.48	    0.00	    0.00	    0.00	    0.00	    0.00	    0.11	  905.16	 3151.00	 1900.94	  200.02	    0.07	    0.00	    0.01	    0.00	    0.04	    0.00	    2.83	    0.09	  199.75	  270.95
3	10	  800.77	  300.02	  399.97	 2401.18	  700.08	  599.78	    1.47	    4.38	    0.36	    0.16	    0.00	    0.34	    0.28	    0.06	    0.05	    0.11	    0.04	    0.11	    0.02	    0.02	    0.02	    0.04	    0.05	    0.02
4	3	    0.00	    0.04	    0.00	    0.00	 1920.22	 1566.72	 1129.92	 1856.86	 2733.72	 3566.52	    0.00	    0.00	    0.00	    0.00	 1167.33	 1430.84	 1187.33	  264.33	  521.65	  300.12	    0.03	  399.39	    0.00	    0.00
4	5	    0.00	    0.00	  528.21	 2134.69	 1261.90	    0.00	    0.02	    0.03	  566.50	 1298.88	  404.99	 1464.77	  581.90	  100.03	  282.53	    0.04	    0.04	    0.00	    0.04	    0.01	    0.01	    0.00	   99.75	   71.01
4	8	 2998.10	  899.84	  703.94	 4062.79	 2917.88	 1399.97	    0.02	    0.09	    0.00	    0.00	    0.16	 1486.23	 1119.04	    0.00	    0.00	    0.05	    0.00	    0.01	    0.00	    0.02	    0.00	    0.00	    0.00	  199.94
5	1	    0.00	    0.00	    0.00	    0.02	   83.18	  933.41	  842.09	 1447.53	  166.37	  498.94	    0.02	    0.00	    0.00	    0.01	   83.11	 1000.77	  200.34	  135.21	  100.00	  399.97	    0.00	   99.91	    0.00	    0.00
5	4	    0.00	  840.63	    0.00	    0.00	    0.00	 3166.68	 1027.34	 1803.58	    0.00	    0.00	    0.00	    0.00	    0.00	    0.00	    0.00	 1459.26	    0.07	  202.53	    0.03	  305.09	    0.00	    0.00	    0.00	    0.00
5	7	 2200.76	 1499.87	  395.88	 1734.67	  978.72	 3499.90	    0.00	    0.00	    0.13	    0.06	    4.97	 1633.16	  543.14	    0.02	    0.00	    0.00	    0.00	    0.00	    0.00	    0.00	    0.00	    0.00	    0.00	    0.00
6	7	    0.00	    0.00	    0.00	    0.00	    0.00	    0.00	 4175.80	    0.00	    0.00	    0.00	    0.00	    0.00	    0.00	  399.76	  600.23	  492.10	   38.18	  999.53	  999.44	 2599.85	  500.01	  799.85	  299.99	  200.00
6	17	  430.29	  336.22	    8.57	  432.91	  120.62	  984.74	 7924.20	 4517.49	  822.59	    0.57	    0.13	  219.41	    0.01	    0.00	    0.00	    0.00	    0.02	    0.00	    0.00	    0.00	    0.00	    0.00	    0.00	    0.00
7	5	    0.00	    0.00	    0.00	    0.00	    0.00	    0.00	 2269.41	 4051.08	    0.00	    0.12	    0.00	    0.00	    0.00	    0.00	    0.57	 3360.00	  700.37	  437.73	  299.98	 1005.05	   99.99	  299.88	    0.00	    0.01
7	6	  930.29	  536.22	  108.57	  832.91	  320.62	 1384.74	    0.00	 5517.49	 1422.54	    2.94	    0.80	  919.26	   63.45	    0.00	    0.00	    0.00	    0.10	    0.00	    0.00	    0.00	    0.00	    0.00	    0.00	    0.00
7	8	    0.00	    0.00	    0.00	    0.00	    0.00	    0.00	  906.58	 3748.94	    0.00	    0.00	    0.00	    0.00	    0.00	    0.00	    0.00	 1270.39	    0.00	  261.84	    0.00	  694.92	    0.03	    0.00	    0.00	    0.00
7	15	  470.54	  563.69	  173.00	  684.57	  427.85	 1315.25	    0.00	 3382.49	  899.40	    0.00	    0.06	  471.80	    0.14	    0.00	    0.00	    0.00	    0.00	    0.00	    0.00	    0.00	    0.00	    0.00	    0.00	    0.00
8	4	    0.00	    0.00	    0.00	    0.00	    0.00	    0.00	  302.63	  553.40	 4100.23	 5865.29	    0.00	    0.00	    0.00	    0.00	 1649.79	  471.67	 1387.29	   61.82	  621.63	   95.06	   97.20	  599.30	    0.00	    0.00
8	7	    0.07	    0.04	   85.70	  482.80	  269.75	    0.09	    0.00	    0.00	 3121.81	 1602.74	  795.89	  357.89	  120.45	    0.04	    0.00	    0.00	    0.22	    0.00	    0.00	    0.00	    0.00	    0.00	    0.00	    0.00
8	9	 2498.03	  699.81	  518.24	 2879.99	 1848.13	  999.88	    4.03	 2395.64	 8977.97	    0.00	    0.00	  528.46	  398.71	    0.00	    0.00	    0.24	    0.00	    0.14	    0.00	    0.28	    0.00	    0.00	    0.00	    0.00
9	8	    0.00	    0.00	    0.00	    0.00	    0.00	    0.00	    0.05	    0.00	    0.00	10268.04	 2195.72	    0.12	    0.12	  600.05	 2649.79	  601.46	 2287.50	    0.11	 1021.63	    0.41	  397.16	 1299.30	  500.00	    0.06
9	10	    0.00	    0.00	    0.00	    0.00	    0.00	    0.00	  498.68	  795.73	 1715.63	 8411.07	    0.00	    0.00	    0.00	    0.00	 1277.72	 1568.48	 1912.23	  199.90	  422.44	  426.84	    1.68	  496.89	    0.00	    0.00
9	14	  799.11	   99.91	   99.89	 1097.80	  596.72	  200.00	    0.00	    0.00	 3084.03	14578.70	 1910.73	  656.31	    6.39	    0.00	    0.00	    0.00	    0.76	    0.00	    0.00	    0.00	    0.00	    0.00	    0.00	    0.00
9	15	    0.00	    0.00	   18.44	   82.57	   51.58	    0.00	    0.00	    0.00	  478.46	 8041.56	 2164.88	  207.83	    0.11	    0.00	    0.00	    0.00	    0.00	    0.00	    0.00	    0.00	    0.00	    0.00	    0.00	    0.00
9	16	  399.15	    0.02	   99.98	  499.91	  199.94	    0.04	    0.08	    0.11	  899.84	 3900.64	 1000.07	  599.89	  499.91	    0.10	    0.12	    0.11	    0.00	    0.05	    0.07	    0.14	    0.05	    0.14	    0.05	    0.02
10	3	    0.00	    0.00	    0.00	    0.00	    0.00	    0.00	    0.00	    0.00	    0.00	    0.72	 3405.77	    0.00	    0.00	 1199.74	    1.93	    0.17	    0.23	    0.00	    0.81	    0.00	    0.03	    0.78	  698.15	    0.03
10	9	    0.22	    0.07	    0.07	    0.29	    0.11	    0.09	    0.00	    0.00	    0.00	    0.00	11171.40	 2935.69	 2007.82	 1084.88	    0.00	    0.00	    0.00	    0.00	    0.00	    0.00	    0.00	    0.00	  351.32	   53.94
10	11	    0.00	    0.00	    0.00	    0.00	    0.00	    0.00	    0.15	    0.00	    0.10	 3234.09	 2399.98	    0.00	    0.00	  715.30	  653.61	  168.57	  912.11	    0.06	  280.10	    0.00	    0.00	    0.00	    0.00	    0.00
10	13	  301.01	  100.13	  100.14	 1000.97	  199.99	  199.75	    0.00	    0.11	  315.89	 1176.42	 5322.85	 1043.95	   15.91	    0.00	    0.00	    0.00	    0.04	    0.00	    0.00	    0.00	    0.00	    0.00	    0.00	    0.00
11	2	    0.00	    0.00	    0.00	    0.00	    0.00	    0.00	    0.00	    0.00	    0.00	    0.48	    0.70	 4619.74	 3562.46	    0.49	    0.20	    0.04	    0.11	    0.00	    0.07	    0.00	  302.80	  500.08	  401.90	  599.92
11	10	    0.46	    0.17	    0.23	    0.08	    0.02	    0.07	    0.00	    0.00	    0.00	    0.00	    0.00	 5379.30	 3023.44	    0.00	    0.00	    0.00	    0.00	    0.00	    0.00	    0.00	    0.04	    0.00	    0.00	    0.32
11	12	 1399.91	  300.09	  299.98	 1001.28	  203.30	  300.28	   70.69	  600.00	  799.84	 1900.00	 1000.61	 3900.96	    0.00	   15.56	    5.85	    0.60	  499.96	    0.03	    2.51	    0.00	    0.00	    0.00	    0.00	    0.00
12	11	    0.00	    0.00	    0.00	    0.00	    0.00	    0.00	    0.00	    0.00	    0.00	    0.00	    0.00	    0.00	 7885.90	    0.61	    0.00	    0.34	    0.00	    0.54	    0.00	  499.93	  602.84	 1200.08	 1101.90	 1100.24
12	23	  899.91	    0.09	  199.98	  401.28	    3.30	  100.28	    0.00	    0.00	  199.84	    0.00	    0.61	 2600.96	 6714.10	    0.00	    0.00	    0.00	    0.00	    0.00	    0.00	    0.00	    0.00	    0.00	    0.00	    0.00
13	10	    0.00	    0.00	    0.00	    0.00	    0.00	    0.00	    0.00	    0.00	    0.00	    0.00	    0.00	    0.00	    0.00	 4599.86	  777.77	    0.16	    0.11	    0.05	  258.45	  173.13	  398.30	  603.85	 2349.41	  653.62
13	14	    0.92	    0.13	    0.12	    1.09	    0.05	    0.03	    0.00	    0.00	    0.00	    0.00	 1026.98	  343.69	   96.34	 6266.01	    0.00	    0.00	    0.00	    0.00	    0.00	    0.00	    0.00	    0.00	 1170.03	  129.22
13	22	    0.10	    0.00	    0.02	  499.89	   99.95	   99.72	    0.00	    0.00	  197.23	  814.11	 2695.93	    0.29	    0.30	 3234.13	  415.42	    0.00	  213.17	    0.00	  128.03	    0.00	    0.00	    0.00	    0.00	    0.00
14	9	    0.00	    0.00	    0.00	    0.00	    0.00	    0.00	    0.00	    0.00	    0.00	    0.00	    0.00	    0.00	    0.00	 1615.26	 7927.63	    0.28	    0.78	    0.05	 3243.96	 1719.18	 1598.89	 4396.33	 1948.73	  746.14
14	13	    0.00	    0.00	    0.00	    0.00	    0.00	    0.00	  199.84	  399.68	  481.34	 1737.69	    0.06	    0.00	    0.00	    0.00	 2493.20	  699.60	  913.24	   99.97	  686.47	  672.59	    0.55	  694.97	    0.00	    0.00
14	18	  300.03	    0.05	    0.01	  200.07	  100.03	    0.05	    0.02	    0.03	  400.14	 3255.18	  833.76	  300.06	  282.42	 2896.91	 5900.01	    0.05	    0.39	    0.01	    0.00	    0.05	  559.68	 2899.92	  899.98	  255.20
14	21	    0.00	    0.00	    0.00	  398.83	  296.75	    0.00	    0.00	    0.00	 1302.55	 5585.84	  703.89	    0.00	    0.00	  453.83	 5079.16	    0.22	 2492.51	    0.00	 2089.84	    0.00	    0.00	    0.00	    0.00	    0.00
15	7	    0.00	    0.00	    0.00	    0.00	    0.00	    0.00	    0.19	    0.00	    0.00	    0.25	    0.00	    0.00	    0.00	    0.17	    0.35	 6338.30	 2062.08	    0.05	    0.54	    0.12	    0.01	    0.03	    0.01	    0.01
15	9	    0.00	    0.05	    0.00	    0.00	    0.00	    0.07	 2394.56	    0.20	    0.00	    0.00	    0.00	    0.00	    0.00	    0.00	    0.00	 6568.52	    0.54	  899.78	    0.18	 1207.73	    0.00	    0.00	    0.00	    0.00
15	16	    0.84	  200.01	    0.01	    0.06	    0.05	  500.02	 1000.35	 1400.25	    0.11	    0.48	    0.08	    0.05	    0.00	    0.00	    0.00	 5960.88	    0.00	  600.15	    0.00	 1541.33	  353.05	    0.00	    0.00	  131.12
15	17	    0.04	    0.02	    0.00	    0.13	    0.03	    0.08	    0.00	    0.37	    0.37	 3642.51	  765.21	    0.07	    0.01	    0.03	    0.35	 7232.30	 3648.22	    0.00	    0.35	    0.00	    0.00	    0.00	    0.00	    0.00
16	9	    0.00	    0.00	    0.00	    0.00	    0.00	    0.00	    0.22	    0.00	    0.00	    0.00	    0.00	    0.00	    0.00	    0.00	    0.00	    1.01	 8099.18	    0.08	    0.00	    0.19	    0.00	    0.00	    0.00	    0.00
16	15	    0.00	    0.00	    0.00	    0.00	    0.00	    0.00	    0.00	    0.00	    0.00	    1.33	    0.25	    0.00	    0.00	  691.92	 1186.82	    0.00	 8510.73	    0.00	 1286.12	    0.00	    0.05	    0.10	    0.04	    0.03
16	18	    0.03	    0.03	    0.00	    0.02	    0.01	    0.06	    0.22	    0.36	    0.03	    0.15	    0.00	    0.00	    0.00	    0.00	    0.00	 3159.98	 6790.09	    0.12	    0.00	    0.00	    0.00	    0.00	    0.00	    0.00
17	6	    0.00	    0.00	    0.00	    0.00	    0.00	    0.00	    0.00	    0.00	    0.05	 1897.63	  499.33	    0.15	  336.56	  599.76	 1100.23	 1892.10	 1038.10	 1199.53	 1399.44	 3099.85	  700.01	 1299.85	  499.99	  300.00
17	15	   30.34	   36.39	    8.57	   33.04	   20.65	   84.91	 4795.11	  218.33	   22.62	    0.35	    0.11	   20.49	  599.77	    8.28	   13.87	    0.00	    0.11	 1999.98	   14.96	 4349.18	  953.01	 1199.93	  499.97	  431.10
17	19	  299.99	  299.85	    0.00	  299.99	  100.00	  799.91	 2929.09	 3999.53	  600.29	 1045.29	  165.91	    0.01	    0.00	    0.00	    0.00	 4840.20	 2010.17	 1600.50	    0.00	    0.00	    0.00	    0.00	    0.00	    0.00
18	14	    0.00	    0.01	    0.00	    0.00	    0.00	    0.02	  699.69	  999.50	    0.00	    0.00	    0.00	    0.00	    0.00	    0.00	    0.00	 1900.00	 4906.16	  299.96	 6820.27	 3491.16	    0.15	    0.36	    0.15	    0.07
18	16	    0.04	    0.00	    0.01	    0.05	    0.02	    0.00	    0.00	    0.00	    0.08	    0.37	    0.09	    0.06	    0.09	 1391.82	 2686.70	    0.00	    0.00	    0.00	 2986.06	  158.72	  246.96	 1699.97	  599.99	  168.88
18	19	    0.02	    0.00	    0.00	    0.04	    0.02	    0.02	    0.00	    0.00	    0.09	 1454.96	  433.66	    0.00	    0.00	 1205.10	 2413.31	    0.00	  184.33	    0.00	 2993.68	    0.00	    0.00	    0.00	    0.00	    0.00
19	17	    0.00	    0.00	    0.00	    0.00	    0.00	    0.00	    0.00	    0.00	    0.00	    0.20	    0.00	    1.18	 1036.31	  708.01	 1313.75	    0.00	    0.13	    0.00	 1714.05	 7849.03	 1753.02	 2799.78	 1099.96	  731.11
19	18	    0.00	   99.94	    0.00	    0.00	    0.00	  199.94	 1099.46	 1699.11	    0.00	    0.00	    0.00	    0.00	   17.67	    0.01	    0.00	   39.96	    0.00	  599.83	    0.00	 4849.83	   87.43	    0.41	    0.16	   13.75
19	20	    0.00	    0.00	    0.00	    0.01	    0.00	  100.01	  629.56	  600.30	    0.25	    0.05	    0.02	    0.01	    0.02	    0.02	    0.03	 1500.33	  494.33	  200.64	   79.73	 2700.88	    0.00	    0.07	    0.03	    0.02
19	21	    0.00	   99.91	    0.00	    0.02	    0.01	  199.98	  700.07	  800.12	    0.13	    0.20	    0.04	    0.00	    0.00	    0.00	    0.16	 1699.90	    0.10	  400.02	    0.07	 3100.26	    0.17	    0.00	    0.00	    0.00
20	19	    0.00	    0.00	    0.00	    0.00	    0.00	    0.00	    0.00	    0.00	    0.00	    0.10	    0.02	  401.00	 1653.49	    0.08	    0.16	    0.00	    0.07	    0.00	    0.17	    0.00	 3040.61	    0.21	    2.80	 1144.33
20	21	  262.94	    0.08	   65.74	    0.00	    0.00	    0.03	    0.06	    0.07	    0.00	    0.00	    0.00	  460.15	 1465.72	    0.00	    0.00	    0.15	    0.00	    0.03	    0.00	    0.39	 4760.85	    0.00	    0.46	 1601.99
20	23	    0.00	    0.00	    0.00	    0.00	    0.00	    0.02	  429.50	  200.23	    0.07	  483.24	    0.00	    0.00	    0.00	    0.00	  686.49	  900.26	  213.68	  100.61	  254.62	 1500.49	 3198.54	 2338.75	    0.00	    0.00
21	14	    0.00	    0.00	    0.00	    0.00	    0.00	    0.00	    0.16	    0.21	    0.00	    0.00	    0.00	    0.06	  879.70	    0.00	    0.00	    0.15	    0.00	    0.07	    0.00	    0.66	 2958.96	10590.86	 2678.54	 1272.06
21	19	    0.00	    0.00	    0.00	    0.00	    0.00	    0.00	    0.00	    0.00	    0.00	    0.09	    0.47	    0.18	    0.51	    2.86	    0.47	    0.00	    0.00	    0.00	    0.00	    0.00	    0.00	 5200.05	 1797.35	    0.54
21	20	    0.00	    0.00	    0.00	    0.05	   96.93	    0.00	    0.00	    0.00	  299.82	 1683.29	    1.91	    0.00	    0.00	    1.27	 1486.62	    0.08	  319.42	    0.00	  575.06	    0.00	    0.00	 4138.90	    1.35	    0.00
21	22	    0.00	    0.00	    0.00	    0.00	    0.00	    0.01	  199.97	  299.98	  302.86	 1302.65	    0.00	    0.00	    0.00	    0.00	  992.23	  500.05	  473.19	   99.98	  314.86	  699.99	    2.05	 4470.20	    0.00	    0.00
22	13	    0.01	    0.00	    0.00	    0.02	    0.00	    0.00	    0.16	    0.21	    0.00	    0.00	    0.00	    0.03	  680.73	    0.00	    0.00	    0.56	    0.00	    0.08	    0.01	    0.55	  797.76	 1108.88	 4619.44	 1182.84
22	21	  137.06	    0.01	   34.26	    1.21	    0.17	    0.00	    0.00	    0.00	    0.00	    0.00	  398.44	  240.08	  714.48	  750.30	    0.00	    0.00	    0.00	    0.00	    0.00	    0.00	    0.00	    0.00	 6576.78	  770.61
22	23	    0.02	    0.00	    0.00	    0.04	    0.01	    0.01	    0.01	    0.02	    0.10	  316.76	  997.54	    0.09	    0.00	 1383.83	  407.66	    0.05	   86.36	    0.00	  142.88	    0.10	    0.05	 1262.24	 3303.78	    0.00
23	12	    0.00	    0.00	    0.00	    0.00	    0.00	    0.00	  329.31	    0.00	    0.00	    0.00	    0.00	    0.00	    0.00	  585.04	  694.15	  599.75	    0.04	  100.51	  297.49	 1099.93	 1202.84	 2500.08	 1901.90	 1800.24
23	20	  362.94	    0.08	   65.74	  199.94	    3.07	    0.03	    0.00	    0.00	    0.00	    0.00	  398.10	 1161.14	 3719.19	  398.79	    0.00	    0.00	    0.00	    0.00	    0.00	    0.00	    0.00	    0.00	  701.88	 3246.31
23	22	  436.99	    0.01	  134.25	    1.38	    0.24	    0.28	    0.20	    0.24	    0.00	    0.00	    0.05	  939.91	 2194.91	    0.00	    0.00	    0.56	    0.00	    0.10	    0.00	    0.65	 1495.76	    0.92	    0.00	 2653.45
