i	j	       0	       1	       2	       3	       4	       5	       6	       7	       8	       9	      10	      11	      12	      13	      14	      15	      16	      17	      18	      19	      20	      21	      22	      23
0	1	 2600.22	    0.00	  267.48	  200.02	   17.01	    0.00	    0.01	    0.01	   34.02	  102.05	  200.02	  467.57	  461.72	  100.00	   17.02	    0.01	    0.01	    0.00	    0.03	    0.00	    0.01	    0.13	    0.14	   29.13
0	2	 6199.78	 1158.82	    0.00	    0.00	    0.00	  217.12	  149.46	  254.45	    0.00	    0.00	    0.00	    0.00	    0.00	    0.00	    0.00	  104.94	    0.00	   36.19	    0.00	    0.02	    0.00	    0.00	    0.00	    0.00
1	0	    0.00	 1258.82	    0.00	    0.00	    0.00	  517.12	  649.37	 1054.31	    0.00	    0.00	    0.00	    0.00	    0.00	    0.00	    0.00	  604.85	    0.03	  136.18	    0.02	  299.97	    0.00	    0.01	    0.00	    0.00
1	5	 2500.22	 2741.18	  167.48	    0.04	    0.00	    0.00	    0.00	    0.00	    0.00	    0.00	    0.04	  367.57	  161.72	    0.01	    0.00	    0.00	    0.00	    0.00	    0.00	    0.00	    0.01	    0.02	    0.14	   29.13
2	0	    0.00	    0.00	  367.48	  700.02	  217.01	    0.00	    0.09	    0.15	  534.02	 1402.05	  700.02	  667.57	  961.72	  400.00	  517.02	    0.10	  399.98	    0.02	  300.00	    0.05	  100.01	  400.11	  300.14	  129.13
2	3	 4499.22	  658.48	 1932.20	    0.00	    0.00	    0.00	    0.00	    0.00	    0.00	    0.00	    0.00	 3754.40	 2499.58	    0.07	    0.00	    0.00	    0.00	    0.00	    0.00	    0.00	  203.27	    0.02	    1.80	  470.57
2	11	 1600.56	  400.34	  500.31	 1601.93	  402.96	  500.38	  769.67	 1200.00	 1399.65	  658.27	    0.68	    0.00	    0.00	    0.24	   57.45	  537.96	  185.67	  198.95	   24.62	    0.31	    0.04	    0.09	    0.09	    0.00
3	2	    0.00	    0.00	    0.00	 2501.95	  719.97	  583.26	  720.30	 1145.70	 2033.67	 2360.25	 1000.54	    0.00	    0.00	  500.12	  674.40	  633.12	  685.63	  162.77	  324.61	    0.35	    0.06	    0.20	    0.17	    0.01
3	4	 3197.43	  158.44	 1332.05	 6697.00	    0.00	    0.00	    0.00	    0.00	    0.00	    0.06	  905.38	 3154.07	 1899.34	  200.14	    0.08	    0.00	    0.02	    0.00	    0.05	    0.00	    3.33	    0.07	  199.86	  270.59
3	10	  801.79	  300.07	  400.15	 2401.05	  699.99	  599.76	    0.65	    4.67	    0.41	    0.14	    0.00	    0.34	    0.24	    0.06	    0.05	    0.10	    0.03	    0.01	    0.01	    0.02	    0.01	    0.04	    0.05	    0.02
4	3	    0.00	    0.04	    0.00	    0.00	 1919.96	 1583.03	 1120.95	 1850.38	 2734.08	 3559.45	    0.00	    0.00	    0.00	    0.00	 1173.60	 1433.22	 1185.04	  262.79	  524.26	  300.37	    0.03	  399.48	    0.00	    0.00
4	5	    0.00	    0.00	  527.54	 2138.95	 1264.57	    0.00	    0.01	    0.03	  566.11	 1297.96	  405.23	 1459.23	  582.13	  100.14	  282.94	    0.03	    0.04	    0.00	    0.17	    0.01	    0.01	    0.03	   99.86	   70.86
4	8	 2997.43	  899.55	  704.52	 4058.05	 2915.47	 1399.58	    0.02	    0.08	    0.00	    0.00	    0.15	 1494.83	 1117.21	    0.00	    0.00	    0.05	    0.00	    0.01	    0.00	    0.02	    0.00	    0.00	    0.00	  199.73
5	1	    0.00	    0.00	    0.00	    0.01	   82.99	  917.12	  849.36	 1454.30	  165.98	  497.95	    0.01	    0.00	    0.00	    0.01	   82.98	 1004.84	  200.02	  136.18	  100.00	  399.96	    0.00	   99.91	    0.00	    0.00
5	4	    0.00	  841.14	    0.00	    0.00	    0.00	 3182.61	  764.28	 1931.64	    0.00	    0.00	    0.00	    0.00	    0.00	    0.00	    0.00	 1540.10	    0.06	  216.03	    0.02	  328.26	    0.07	    0.01	    0.00	    0.00
5	7	 2200.22	 1500.03	  395.02	 1738.97	  981.58	 3500.27	    0.00	    0.00	    0.12	    0.12	    5.26	 1626.80	  543.86	    0.15	    0.00	    0.00	    0.00	    0.00	    0.00	    0.00	    0.00	    0.00	    0.00	    0.00
6	7	    0.00	    0.00	    0.00	    0.00	    0.00	    0.00	 4173.05	    0.00	    0.00	    0.00	    0.00	    0.00	    0.00	  399.81	  599.64	  392.03	  141.63	  998.90	  999.24	 2599.95	  500.06	  799.90	  299.98	  199.99
6	17	  430.43	  336.67	    8.36	  431.06	  119.50	  985.75	 7926.95	 4519.24	  826.29	    0.76	    0.35	  214.37	    0.07	    0.00	    0.00	    0.00	    0.00	    0.00	    0.00	    0.00	    0.00	    0.00	    0.00	    0.00
7	5	    0.00	    0.00	    0.00	    0.00	    0.00	    0.00	 2013.63	 4185.91	    0.00	    0.10	    0.00	    0.00	    0.00	    0.00	    0.03	 3444.91	  700.04	  452.21	  299.85	 1028.22	  100.06	  299.87	    0.00	    0.01
7	6	  930.43	  536.67	  108.36	  831.06	  319.50	 1385.75	    0.00	 5519.24	 1426.24	    3.18	    1.11	  914.04	   64.29	    0.00	    0.00	    0.00	    0.07	    0.00	    0.00	    0.00	    0.00	    0.00	    0.00	    0.00
7	8	    0.00	    0.00	    0.00	    0.00	    0.00	    0.00	 1159.42	 3614.03	    0.00	    0.00	    0.00	    0.00	    0.00	    0.00	    0.00	 1189.19	    0.00	  246.80	    0.00	  671.99	    0.04	    0.09	    0.00	    0.00
7	15	  469.85	  563.40	  171.92	  682.50	  426.50	 1314.60	    0.00	 3380.82	  908.19	    0.00	    0.05	  468.00	    0.81	    0.00	    0.00	    0.00	    0.00	    0.00	    0.00	    0.00	    0.00	    0.00	    0.00	    0.00
8	4	    0.00	    0.00	    0.00	    0.00	    0.00	    0.00	  556.71	  418.84	 4100.19	 5857.35	    0.00	    0.00	    0.00	    0.00	 1656.46	  393.20	 1384.99	   46.77	  624.36	   72.14	   96.64	  599.43	    0.00	    0.00
8	7	    0.07	    0.03	   85.27	  474.59	  264.43	    0.08	    0.00	    0.00	 3134.31	 1602.94	  795.90	  355.23	  121.24	    0.00	    0.00	    0.00	    0.17	    0.00	    0.00	    0.00	    0.00	    0.00	    0.00	    0.00
8	9	 2497.36	  699.51	  519.25	 2883.46	 1851.04	  999.50	    2.80	 2395.27	 8965.51	    0.00	    0.00	  539.72	  396.09	    0.00	    0.00	    0.20	    0.00	    0.05	    0.00	    0.00	    0.00	    0.00	    0.00	    0.00
9	8	    0.00	    0.00	    0.00	    0.00	    0.00	    0.00	    0.07	    0.00	    0.00	10260.28	 2195.75	    0.13	    0.13	  600.00	 2656.46	  604.17	 2285.16	    0.01	 1024.36	    0.13	  396.60	 1299.34	  500.00	    0.27
9	10	    0.00	    0.00	    0.00	    0.00	    0.00	    0.00	  499.28	  795.35	 1718.31	 8419.11	    0.00	    0.00	    0.00	    0.00	 1272.62	 1561.83	 1914.55	  199.97	  420.51	  426.85	    1.83	  493.09	    0.00	    0.00
9	14	  799.40	   99.77	   99.93	 1098.91	  597.07	  199.64	    0.00	    0.00	 3081.33	14580.48	 1915.86	  651.95	    4.45	    0.00	    0.00	    0.00	    0.68	    0.00	    0.00	    0.00	    0.00	    0.00	    0.00	    0.00
9	15	    0.04	    0.00	   19.76	   86.77	   54.23	    0.00	    0.00	    0.00	  466.01	 8038.59	 2166.03	  215.37	    0.10	    0.00	    0.00	    0.00	    0.00	    0.00	    0.00	    0.00	    0.00	    0.00	    0.00	    0.00
9	16	  399.55	    0.01	   99.94	  499.69	  199.88	    0.04	    0.07	    0.10	  899.85	 3901.53	 1000.07	  599.63	  499.48	    0.08	    0.11	    0.10	    0.00	    0.04	    0.06	    0.12	    0.04	    0.12	    0.04	    0.02
10	3	    0.00	    0.00	    0.00	    0.00	    0.00	    0.00	    0.00	    0.00	    0.00	    1.00	 3405.92	    0.00	    0.00	 1200.25	    0.94	    0.00	    0.65	    0.00	    0.42	    0.00	    0.09	    0.81	  698.27	    0.05
10	9	    1.64	    0.23	    0.37	    1.91	    0.14	    0.11	    0.00	    0.00	    0.00	    0.00	11177.71	 2927.34	 2008.06	 1098.66	    0.00	    0.00	    0.00	    0.00	    0.00	    0.00	    0.00	    0.00	  332.49	   55.67
10	11	    0.00	    0.00	    0.00	    0.00	    0.00	    0.00	    0.00	    0.00	    0.13	 3241.81	 2400.36	    0.00	    0.00	  716.87	  648.79	  162.11	  914.32	    0.01	  278.04	    0.00	    0.00	    0.00	    0.00	    0.00
10	13	  300.83	  100.10	  100.12	  999.20	  199.88	  199.67	    0.00	    0.02	  318.60	 1176.44	 5316.01	 1048.64	   19.03	    0.00	    0.00	    0.00	    0.04	    0.00	    0.00	    0.00	    0.00	    0.00	    0.00	    0.00
11	2	    0.00	    0.00	    0.00	    0.00	    0.00	    0.00	    0.00	    0.00	    0.00	    0.08	    0.16	 4621.98	 3561.30	    0.20	    0.07	    0.00	    0.02	    0.00	    0.01	    0.00	  303.26	  500.03	  401.86	  599.69
11	10	    0.68	    0.25	    0.34	    0.07	    0.02	    0.02	    0.00	    0.00	    0.00	    0.00	    0.00	 5375.64	 3026.85	    0.00	    0.00	    0.00	    0.00	    0.00	    0.00	    0.00	    0.32	    0.00	    0.00	    0.49
11	12	 1399.89	  300.09	  299.98	 1001.86	  202.94	  300.37	   69.73	  600.00	  799.78	 1900.00	 1000.88	 3902.38	    0.00	   17.06	    6.19	    0.90	  499.96	    0.09	    2.65	    0.08	    0.00	    0.00	    0.00	    0.00
12	11	    0.00	    0.00	    0.00	    0.00	    0.00	    0.00	    0.06	    0.00	    0.00	    0.00	    0.00	    0.00	 7888.15	    0.14	    0.02	    0.83	    0.00	    1.12	    0.01	  499.77	  603.54	 1199.93	 1101.77	 1100.18
12	23	  899.89	    0.09	  199.98	  401.86	    2.94	  100.37	    0.00	    0.00	  199.78	    0.00	    0.88	 2602.38	 6711.85	    0.00	    0.00	    0.00	    0.00	    0.00	    0.00	    0.00	    0.00	    0.00	    0.00	    0.00
13	10	    0.00	    0.00	    0.00	    0.00	    0.00	    0.00	    0.07	    0.00	    0.00	    0.00	    0.00	    0.00	    0.00	 4615.72	  777.06	    0.19	    0.42	    0.03	  257.93	  173.13	  397.93	  607.67	 2330.71	  655.22
13	14	    0.68	    0.09	    0.09	    0.65	    0.08	    0.04	    0.00	    0.00	    0.00	    0.00	 1027.77	  348.28	   95.93	 6267.99	    0.00	    0.00	    0.00	    0.00	    0.00	    0.00	    0.00	    0.00	 1169.89	  123.28
13	22	    0.16	    0.01	    0.03	  498.57	   99.80	   99.64	    0.00	    0.00	  193.37	  814.20	 2688.29	    0.38	    0.46	 3216.28	  434.52	    0.00	  216.30	    0.00	  135.88	    0.00	    0.00	    0.00	    0.00	    0.00
14	9	    0.00	    0.00	    0.00	    0.00	    0.00	    0.00	    0.00	    0.00	    0.00	    0.00	    0.00	    0.00	    0.00	 1601.42	 7929.18	    0.25	    0.73	    0.05	 3244.76	 1715.61	 1598.47	 4392.55	 1967.56	  744.62
14	13	    0.00	    0.00	    0.00	    0.00	    0.00	    0.00	  199.42	  398.90	  474.78	 1737.76	    0.06	    0.00	    0.00	    0.00	 2511.58	  699.57	  916.69	   99.71	  693.80	  671.55	    0.38	  674.87	    0.00	    0.00
14	18	  300.08	    0.10	    0.02	  200.13	  100.05	    0.14	    0.01	    0.02	  400.13	 3256.97	  832.56	  300.23	  279.28	 2898.14	 5899.65	    0.05	    0.35	    0.01	    0.00	    0.04	  556.93	 2899.61	  899.95	  260.69
14	21	    0.00	    0.00	    0.00	  399.43	  297.10	    0.00	    0.00	    0.00	 1306.42	 5585.75	  711.01	    0.00	    0.00	  468.43	 5059.59	    0.19	 2497.08	    0.00	 2077.91	    0.00	    0.00	    0.00	    0.00	    0.00
15	7	    0.00	    0.00	    0.00	    0.00	    0.00	    0.00	    0.00	    0.00	    0.00	    0.22	    0.00	    0.00	    0.00	    0.04	    0.39	 6442.06	 1958.31	    0.10	    0.61	    0.26	    0.04	    0.06	    0.03	    0.02
15	9	    0.00	    0.04	    0.00	    0.00	    0.00	    0.06	 2396.46	    0.18	    0.00	    0.00	    0.00	    0.00	    0.00	    0.00	    0.00	 6564.60	    0.48	  899.77	    0.16	 1211.01	    0.00	    0.00	    0.00	    0.00
15	16	    0.38	  199.98	    0.04	    0.21	    0.09	  500.02	 1000.30	 1400.28	    0.10	    0.43	    0.07	    0.24	    0.16	    0.00	    0.00	 5968.48	    0.00	  600.23	    0.00	 1546.00	  347.79	    0.32	    0.03	  123.14
15	17	    0.03	    0.02	    0.00	    0.03	    0.01	    0.07	    0.00	    0.32	    0.17	 3640.43	  766.66	    0.08	    0.03	    0.02	    0.15	 7124.86	 3757.78	    0.00	    0.15	    0.00	    0.00	    0.00	    0.00	    0.00
16	9	    0.00	    0.00	    0.00	    0.00	    0.00	    0.00	    0.16	    0.00	    0.00	    0.00	    0.00	    0.00	    0.00	    0.00	    0.00	    1.04	 8099.18	    0.16	    0.00	    0.47	    0.00	    0.00	    0.00	    0.00
16	15	    0.00	    0.00	    0.00	    0.00	    0.00	    0.00	    0.00	    0.00	    0.00	    2.18	    0.56	    0.09	    0.08	  690.28	 1183.74	    0.00	 8516.47	    0.00	 1282.77	    0.00	    0.04	    0.09	    0.04	    0.02
16	18	    0.02	    0.01	    0.00	    0.01	    0.01	    0.06	    0.20	    0.38	    0.03	    0.13	    0.00	    0.00	    0.00	    0.00	    0.00	 3167.53	 6784.35	    0.11	    0.00	    0.00	    0.00	    0.00	    0.00	    0.00
17	6	    0.00	    0.00	    0.00	    0.00	    0.00	    0.00	    0.00	    0.00	    0.04	 1897.58	  499.25	    0.33	  335.79	  599.81	 1099.64	 1792.03	 1141.56	 1198.90	 1399.24	 3099.95	  700.06	 1299.90	  499.98	  299.99
17	15	   30.52	   36.64	    8.36	   30.97	   19.36	   85.54	 4796.76	  219.96	   26.07	    0.31	    0.10	   16.86	  599.20	    9.78	   16.80	    0.00	    0.10	 2000.10	   18.15	 4357.28	  947.79	 1200.29	  500.02	  423.13
17	19	  299.95	  300.04	    0.00	  300.12	  100.16	  800.27	 2930.20	 3999.60	  600.34	 1043.47	  167.75	    0.16	    0.02	    0.00	    0.00	 4832.83	 2016.24	 1600.99	    0.00	    0.00	    0.00	    0.00	    0.00	    0.00
18	14	    0.00	    0.24	    0.00	    0.00	    0.00	    0.47	  699.39	  998.86	    0.00	    0.00	    0.00	    0.00	    0.00	    0.00	    0.00	 1899.93	 4914.17	  299.74	 6816.47	 3486.83	    0.13	    0.32	    0.14	    0.06
18	16	    0.09	    0.02	    0.02	    0.11	    0.04	    0.00	    0.00	    0.00	    0.08	    0.35	    0.41	    0.23	    0.44	 1390.20	 2683.63	    0.00	    0.00	    0.00	 2982.71	  154.35	  252.21	 1699.65	  599.96	  176.86
18	19	    0.01	    0.00	    0.00	    0.03	    0.01	    0.02	    0.00	    0.00	    0.08	 1456.75	  432.15	    0.00	    0.00	 1207.95	 2416.02	    0.00	  170.53	    0.00	 3000.82	    0.00	    0.00	    0.00	    0.00	    0.00
19	17	    0.00	    0.00	    0.00	    0.00	    0.00	    0.00	    0.00	    0.00	    0.00	    0.18	    0.08	    2.90	 1034.91	  709.57	 1316.29	    0.00	    0.12	    0.00	 1717.24	 7857.22	 1747.85	 2800.19	 1100.00	  723.13
19	18	    0.00	  100.15	    0.00	    0.00	    0.00	  200.29	 1099.17	 1698.45	    0.00	    0.00	    0.00	    0.00	   21.16	    0.01	    0.00	   32.35	    0.00	  599.62	    0.00	 4841.14	   95.41	    0.37	    0.15	   16.23
19	20	    0.00	    0.00	    0.00	    0.05	    0.10	  100.01	  630.68	  600.50	    0.28	    0.04	    0.01	    0.01	    0.02	    0.01	    0.03	 1500.70	  486.51	  201.22	   83.66	 2700.98	    0.00	    0.06	    0.02	    0.02
19	21	    0.00	   99.90	    0.00	    0.14	    0.07	  199.99	  700.35	  800.65	    0.14	    0.18	    0.04	    0.00	    0.00	    0.00	    0.14	 1699.78	    0.21	  400.16	    0.07	 3100.66	    0.15	    0.00	    0.00	    0.00
20	19	    0.00	    0.00	    0.00	    0.00	    0.00	    0.00	    0.00	    0.00	    0.00	    0.09	    0.02	  402.56	 1655.76	    0.07	    0.14	    0.00	    0.06	    0.00	    0.15	    0.00	 3043.41	    0.20	    2.37	 1138.88
20	21	  262.23	    0.08	   65.56	    0.04	    0.00	    0.02	    0.05	    0.06	    0.00	    0.00	    0.00	  458.91	 1463.63	    0.00	    0.00	    0.13	    0.00	    0.03	    0.00	    0.33	 4759.15	    0.00	    0.00	 1605.97
20	23	    0.00	    0.00	    0.00	    0.00	    0.00	    0.01	  430.63	  200.44	    0.02	  484.60	    0.00	    0.00	    0.00	    0.00	  681.55	  900.64	  210.27	  101.19	  251.09	 1500.64	 3197.44	 2348.13	    0.00	    0.00
21	14	    0.00	    0.00	    0.00	    0.00	    0.00	    0.00	    0.05	    0.07	    0.00	    0.00	    0.00	    0.00	  878.91	    0.00	    0.00	    0.13	    0.00	    0.02	    0.00	    0.37	 2955.64	10566.71	 2697.48	 1281.98
21	19	    0.04	    0.00	    0.00	    0.04	    0.00	    0.00	    0.00	    0.00	    0.00	    0.09	    0.21	    0.19	    0.31	    1.57	    0.31	    0.00	    0.00	    0.00	    0.00	    0.00	    0.00	 5200.41	 1797.80	    0.49
21	20	    0.01	    0.00	    0.00	    0.03	   97.33	    0.00	    0.00	    0.00	  299.73	 1684.64	    1.88	    0.04	    0.08	    0.86	 1481.66	    0.07	  323.83	    0.00	  567.58	    0.00	    0.00	 4148.28	    0.50	    0.07
21	22	    0.00	    0.00	    0.00	    0.00	    0.00	    0.04	  200.35	  300.65	  306.83	 1301.20	    0.00	    0.00	    0.00	    0.00	  977.76	  499.90	  473.46	  100.16	  310.40	  700.62	    3.65	 4484.60	    0.00	    0.00
22	13	    0.01	    0.00	    0.00	    0.02	    0.00	    0.00	    0.65	    1.08	    0.00	    0.00	    0.00	    0.02	  677.36	    0.00	    0.00	    0.62	    0.00	    0.32	    0.01	    1.58	  797.55	 1132.81	 4600.61	 1178.49
22	21	  137.82	    0.02	   34.44	    0.46	    0.16	    0.03	    0.00	    0.00	    0.00	    0.00	  391.04	  241.32	  715.67	  734.00	    0.00	    0.00	    0.00	    0.00	    0.00	    0.00	    0.00	    0.00	 6595.78	  776.57
22	23	    0.01	    0.00	    0.00	    0.03	    0.00	    0.01	    0.02	    0.04	    0.21	  315.40	  997.29	    0.07	    0.00	 1382.28	  412.28	    0.08	   89.76	    0.00	  146.27	    0.14	    0.05	 1251.87	 3303.61	    0.00
23	12	    0.00	    0.00	    0.00	    0.00	    0.00	    0.00	  330.33	    0.00	    0.00	    0.00	    0.00	    0.00	    0.00	  583.09	  693.83	  599.93	    0.04	  101.03	  297.36	 1099.69	 1203.54	 2499.93	 1901.77	 1800.18
23	20	  362.22	    0.08	   65.56	  199.96	    2.57	    0.03	    0.00	    0.00	    0.01	    0.00	  398.13	 1161.41	 3719.28	  399.19	    0.00	    0.00	    0.00	    0.00	    0.00	    0.00	    0.00	    0.00	  701.85	 3244.76
23	22	  437.68	    0.01	  134.42	    1.93	    0.36	    0.36	    0.32	    0.48	    0.00	    0.00	    0.05	  941.04	 2192.57	    0.00	    0.00	    0.80	    0.00	    0.16	    0.00	    1.10	 1493.95	    0.07	    0.00	 2655.06
