i	j	       0	       1	       2	       3	       4	       5	       6	       7	       8	       9	      10	      11	      12	      13	      14	      15	      16	      17	      18	      19	      20	      21	      22	      23
0	1	 2600.16	    0.00	  264.49	  199.98	   15.16	    0.00	    0.01	    0.01	   30.33	   90.99	  200.00	  464.15	  456.94	  100.00	   15.11	    0.01	    0.01	    0.00	    0.02	    0.00	    0.00	    0.04	    0.08	   29.02
0	2	 6199.84	 1149.53	    0.00	    0.00	    0.00	  232.85	  137.91	  241.15	    0.00	    0.00	    0.00	    0.00	    0.00	    0.00	    0.00	   95.41	    0.00	   34.28	    0.00	    0.02	    0.00	    0.00	    0.00	    0.00
1	0	    0.00	 1249.53	    0.00	    0.00	    0.00	  532.85	  637.82	 1041.00	    0.00	    0.00	    0.00	    0.00	    0.00	    0.00	    0.00	  595.32	    0.57	  134.26	    0.04	  299.93	    0.00	    0.01	    0.00	    0.00
1	5	 2500.16	 2750.47	  164.49	    0.00	    0.00	    0.00	    0.00	    0.00	    0.00	    0.00	    0.02	  364.15	  156.94	    0.01	    0.00	    0.00	    0.00	    0.00	    0.00	    0.00	    0.00	    0.01	    0.08	   29.02
2	0	    0.00	    0.00	  364.49	  699.98	  215.16	    0.00	    0.10	    0.16	  530.33	 1390.99	  700.00	  664.15	  956.94	  400.00	  515.11	    0.11	  399.44	    0.02	  299.98	    0.09	  100.00	  400.03	  300.08	  129.02
2	3	 4499.81	  649.37	 1935.48	    0.00	    0.00	    0.10	    0.00	    0.00	    0.00	    0.00	    0.08	 3761.18	 2480.52	    0.10	    0.00	    0.00	    0.00	    0.00	    0.00	    0.00	  202.96	    0.35	    1.62	  470.76
2	11	 1600.02	  400.16	  500.03	 1601.97	  402.80	  500.36	  744.12	 1200.00	 1399.79	  667.14	    0.63	    0.00	    0.00	    0.26	   49.21	  544.46	  188.17	  199.57	   21.09	    0.06	    0.00	    0.00	    0.00	    0.00
3	2	    0.00	    0.00	    0.00	 2501.95	  717.96	  567.61	  706.31	 1159.01	 2030.12	 2358.13	 1000.58	    0.00	    0.00	  500.18	  664.27	  649.15	  687.61	  165.31	  321.07	    0.10	    0.02	    0.09	    0.06	    0.00
3	4	 3197.80	  149.19	 1335.14	 6696.44	    0.00	    0.00	    0.00	    0.00	    0.00	    0.07	  903.81	 3160.92	 1880.34	  200.00	    0.02	    0.00	    0.03	    0.00	    0.00	    0.00	    3.01	    0.08	  199.92	  270.78
3	10	  802.01	  300.23	  400.35	 2401.61	  699.71	  599.65	    0.17	    2.58	    0.55	    0.14	    0.00	    0.25	    0.18	    0.06	    0.05	    0.10	    0.04	    0.06	    0.01	    0.02	    0.01	    0.04	    0.05	    0.02
4	3	    0.00	    0.04	    0.00	    0.00	 1917.67	 1567.16	 1106.48	 1861.60	 2730.67	 3558.15	    0.00	    0.00	    0.00	    0.00	 1162.25	 1449.25	 1187.60	  265.36	  520.26	  300.13	    0.03	  399.16	    0.00	    0.00
4	5	    0.00	    0.00	  528.57	 2140.80	 1267.19	    0.00	    0.01	    0.03	  569.67	 1308.90	  403.65	 1464.24	  558.28	  100.00	  284.62	    0.03	    0.04	    0.00	    0.08	    0.01	    0.02	    0.05	   99.92	   70.97
4	8	 2997.80	  899.69	  706.56	 4055.65	 2915.14	 1399.87	    0.02	    0.09	    0.00	    0.00	    0.15	 1496.68	 1122.06	    0.00	    0.00	    0.05	    0.00	    0.01	    0.00	    0.02	    0.00	    0.00	    0.00	  199.81
5	1	    0.00	    0.00	    0.00	    0.02	   84.84	  932.85	  837.81	 1440.99	  169.67	  509.01	    0.02	    0.00	    0.00	    0.01	   84.89	  995.31	  200.56	  134.26	  100.02	  399.93	    0.00	   99.98	    0.00	    0.00
5	4	    0.00	  850.54	    0.00	    0.00	    0.00	 3167.04	 1007.62	 1809.38	    0.00	    0.00	    0.00	    0.00	    0.00	    0.00	    0.00	 1461.91	    0.06	  203.68	    0.02	  304.07	    0.01	    0.00	    0.00	    0.00
5	7	 2200.16	 1499.93	  393.06	 1740.78	  982.35	 3500.12	    0.00	    0.00	    0.00	    0.00	    3.65	 1628.40	  515.22	    0.00	    0.00	    0.00	    0.00	    0.00	    0.00	    0.00	    0.00	    0.00	    0.00	    0.00
6	7	    0.00	    0.00	    0.00	    0.00	    0.00	    0.00	 4145.94	    0.00	    0.00	    0.18	    0.00	    0.00	    0.00	  399.64	  599.45	  598.62	  209.96	  999.73	  998.61	 2599.40	  499.99	  799.85	  299.98	  199.99
6	17	  422.58	  327.12	    6.60	  425.72	  116.18	  963.39	 7954.06	 4461.74	  816.02	    0.19	    0.11	  215.14	    0.00	    0.00	    0.00	    0.00	    0.00	    0.00	    0.00	    0.00	    0.00	    0.00	    0.00	    0.00
7	5	    0.00	    0.00	    0.00	    0.00	    0.00	    0.00	 2245.42	 4050.34	    0.00	    0.11	    0.00	    0.00	    0.00	    0.00	    0.27	 3357.19	  700.58	  437.93	  299.96	 1003.99	   99.99	  299.92	    0.01	    0.01
7	6	  922.51	  527.09	  106.58	  825.66	  316.15	 1363.33	    0.00	 5461.59	 1415.67	    0.96	    0.93	  914.63	   35.97	    0.00	    0.00	    0.00	    0.07	    0.00	  400.00	    0.00	    0.00	    0.00	    0.00	    0.00
7	8	    0.00	    0.00	    0.00	    0.00	    0.00	    0.00	  900.52	 3748.94	    0.00	    0.00	    0.00	    0.00	    0.00	    0.00	    0.00	 1231.44	    0.00	  261.90	    0.00	  695.66	    0.04	    0.00	    0.00	    0.00
7	15	  477.73	  572.88	  171.63	  682.23	  426.30	 1336.87	    0.00	 3439.13	  883.46	    0.47	    0.08	  473.40	    0.47	    0.00	    0.00	    0.00	    0.00	    0.00	    0.00	    0.00	    0.00	    0.00	    0.00	    0.00
8	4	    0.00	    0.00	    0.00	    0.00	    0.00	    0.00	  298.89	  552.33	 4100.34	 5866.98	    0.00	    0.00	    0.00	    0.00	 1646.85	  487.43	 1387.55	   61.70	  620.31	   96.09	   97.02	  599.13	    0.00	    0.00
8	7	    0.07	    0.04	   85.15	  467.10	  260.10	    0.08	    0.00	    0.00	 3099.13	 1601.13	  797.35	  359.63	  121.23	    0.02	    0.00	    0.00	    0.18	    0.00	    0.03	    0.00	    0.00	    0.00	    0.00	    0.00
8	9	 2497.73	  699.65	  521.42	 2888.54	 1855.04	  999.79	    1.84	 2396.69	 9000.53	    0.00	    0.00	  537.13	  400.91	    0.00	    0.00	    0.22	    0.00	    0.31	    0.00	    0.00	    0.00	    0.00	    0.00	    0.00
9	8	    0.00	    0.00	    0.00	    0.00	    0.00	    0.00	    0.19	    0.00	    0.00	10268.11	 2197.20	    0.08	    0.08	  600.03	 2646.85	  656.15	 2287.73	    0.10	 1020.34	    0.40	  396.98	 1299.13	  500.00	    0.19
9	10	    0.00	    0.00	    0.00	    0.00	    0.00	    0.00	  499.76	  797.44	 1719.38	 8412.47	    0.00	    0.00	    0.00	    0.00	 1282.50	 1555.53	 1911.72	  199.98	  424.75	  424.30	    1.18	  503.40	    0.00	    0.00
9	14	  799.66	   99.90	   99.98	 1098.24	  597.54	  199.88	    0.00	    0.00	 3080.27	14610.59	 1923.89	  646.93	    8.23	    0.00	    0.00	    0.00	    0.71	    0.00	    0.00	    0.00	    0.00	    0.00	    0.00	    0.00
9	15	    0.00	    0.00	   21.80	   92.16	   57.60	    0.00	    0.00	    0.00	  500.95	 8009.13	 2165.13	  211.09	    0.23	    0.00	    0.00	    0.00	    0.00	    0.00	    0.00	    0.00	    0.00	    0.00	    0.00	    0.00
9	16	  399.79	    0.04	   99.99	  499.96	  199.98	    0.04	    0.07	    0.10	  899.93	 3899.70	  999.92	  599.95	  499.96	    0.05	    0.11	    0.10	    0.00	    0.04	    0.06	    0.13	    0.04	    0.13	    0.04	    0.02
10	3	    0.00	    0.00	    0.00	    0.00	    0.00	    0.00	    0.00	    0.00	    0.00	    0.19	 3404.31	    0.00	    0.00	 1200.14	    2.10	    0.00	    0.07	    0.00	    0.83	    0.00	    0.06	    0.70	  698.40	    0.04
10	9	    1.73	    0.25	    0.35	    1.82	    0.08	    0.06	    0.00	    0.00	    0.00	    0.00	11186.14	 2920.93	 2007.59	 1119.99	    0.00	    0.00	    0.00	    0.00	    0.00	    0.00	    0.00	    0.00	  326.95	   45.91
10	11	    0.00	    0.00	    0.00	    0.00	    0.00	    0.00	    0.00	    0.00	    0.09	 3232.86	 2399.68	    0.00	    0.00	  725.85	  659.08	  155.83	  911.79	    0.06	  282.44	    0.00	    0.00	    0.00	    0.00	    0.00
10	13	  300.51	  100.06	  100.07	  999.86	  199.65	  199.61	    0.00	    0.02	  319.84	 1179.57	 5309.87	 1052.94	   27.96	    0.00	    0.00	    0.00	    0.04	    0.00	    0.00	    0.00	    0.00	    0.00	    0.00	    0.00
11	2	    0.00	    0.00	    0.00	    0.00	    0.00	    0.00	    0.00	    0.00	    0.00	    0.00	    0.13	 4625.33	 3537.46	    0.17	    0.05	    0.00	    0.00	    0.00	    0.00	    0.03	  302.94	  500.29	  401.64	  599.78
11	10	    0.22	    0.08	    0.07	    0.07	    0.02	    0.02	    0.00	    0.00	    0.00	    0.00	    0.00	 5373.61	 3035.37	    0.00	    0.00	    0.00	    0.00	    0.00	    0.00	    0.00	    0.05	    0.00	    0.00	    0.42
11	12	 1399.80	  300.08	  299.95	 1001.89	  202.78	  300.34	   44.12	  600.00	  799.88	 1900.00	 1000.18	 3901.06	    0.00	   26.22	    8.24	    0.56	  499.96	    0.03	    3.53	    0.00	    0.00	    0.00	    0.00	    0.00
12	11	    0.00	    0.00	    0.00	    0.00	    0.00	    0.00	    0.00	    0.00	    0.00	    0.00	    0.00	    0.00	 7872.83	    0.29	    0.00	    0.27	    0.00	    0.40	    0.00	  499.97	  602.99	 1200.29	 1101.64	 1100.20
12	23	  899.80	    0.08	  199.95	  401.89	    2.78	  100.34	    0.00	    0.00	  199.88	    0.00	    0.18	 2601.06	 6727.17	    0.00	    0.00	    0.00	    0.00	    0.00	    0.00	    0.00	    0.00	    0.00	    0.00	    0.00
13	10	    0.00	    0.00	    0.00	    0.00	    0.00	    0.00	    0.07	    0.00	    0.00	    0.00	    0.00	    0.00	    0.00	 4645.92	  778.63	    0.20	    0.15	    0.03	  258.51	  175.68	  398.82	  597.26	 2325.30	  645.51
13	14	    0.48	    0.06	    0.06	    0.68	    0.00	    0.00	    0.00	    0.00	    0.00	    0.00	 1029.56	  353.07	   98.12	 6241.82	    0.00	    0.00	    0.00	    0.00	    0.00	    0.00	    0.00	    0.00	 1190.87	  128.12
13	22	    0.04	    0.01	    0.01	  499.20	   99.68	   99.63	    0.00	    0.00	  193.32	  803.28	 2680.36	    0.08	    0.00	 3212.26	  446.91	    0.00	  225.68	    0.00	  139.63	    0.00	    0.00	    0.00	    0.00	    0.00
14	9	    0.00	    0.00	    0.00	    0.00	    0.00	    0.00	    0.00	    0.00	    0.00	    0.00	    0.00	    0.00	    0.00	 1580.08	 7929.46	    0.26	    0.94	    0.05	 3244.83	 1748.97	 1598.20	 4402.66	 1973.10	  754.30
14	13	    0.00	    0.00	    0.00	    0.00	    0.03	    0.02	  199.58	  399.30	  473.48	 1723.71	    0.06	    0.00	    0.00	    0.00	 2525.53	  699.51	  925.79	   99.79	  698.12	  674.47	    1.56	  662.07	    0.00	    0.00
14	18	  299.99	    0.03	    0.00	  200.02	  100.01	    0.05	    0.01	    0.03	  400.05	 3290.19	  833.42	  300.00	  291.38	 2896.30	 5899.89	    0.05	    0.36	    0.01	    0.00	    0.04	  570.41	 2899.92	  899.98	  255.81
14	21	    0.15	    0.00	    0.04	  398.90	  297.50	    0.00	    0.00	    0.00	 1306.74	 5596.68	  719.97	    0.00	    0.00	  465.43	 5045.12	    0.20	 2491.34	    0.00	 2087.79	    0.00	    0.00	    0.00	    0.00	    0.00
15	7	    0.00	    0.00	    0.00	    0.00	    0.00	    0.00	    0.00	    0.00	    0.00	    0.23	    0.00	    0.00	    0.00	    0.34	    0.82	 6190.01	 1890.52	    0.10	  401.32	    0.25	    0.05	    0.07	    0.03	    0.02
15	9	    0.00	    0.05	    0.00	    0.00	    0.00	    0.06	 2398.01	    0.76	    0.00	    0.00	    0.00	    0.00	    0.00	    0.00	    0.00	 6610.11	    0.50	  899.68	    0.17	 1175.69	    0.00	    0.00	    0.00	    0.00
15	16	    0.23	  200.02	    0.01	    0.05	    0.02	  500.11	 1000.32	 1400.80	    0.10	    0.44	    0.08	    0.05	    0.00	    0.00	    0.00	 5890.82	    0.00	  600.16	    0.00	 1584.76	  377.46	    0.00	    0.00	  138.82
15	17	    0.28	    0.12	    0.01	    0.25	    0.08	    0.44	    0.00	    1.49	    0.88	 3609.25	  765.29	    0.38	    0.19	    0.20	    0.41	 7409.06	 3744.67	    0.00	    0.41	    0.00	    0.00	    0.00	    0.00	    0.00
16	9	    0.00	    0.00	    0.00	    0.00	    0.00	    0.00	    0.17	    0.09	    0.00	    0.00	    0.00	    0.00	    0.00	    0.00	    0.00	    1.19	 8098.72	    0.09	    0.15	    0.17	    0.00	    0.00	    0.00	    0.00
16	15	    0.00	    0.00	    0.00	    0.00	    0.00	    0.00	    0.00	    0.00	    0.00	    0.00	    0.00	    0.00	    0.00	  631.03	 1083.01	    0.00	 8435.59	    0.00	 1534.55	    0.00	    0.05	    0.09	    0.04	    0.02
16	18	    0.02	    0.05	    0.00	    0.02	    0.01	    0.15	    0.22	    0.81	    0.03	    0.14	    0.00	    0.00	    0.00	    0.00	    0.00	 3089.73	 6865.69	    0.12	    0.00	    0.00	    0.00	    0.00	    0.00	    0.00
17	6	    0.07	    0.03	    0.01	    0.06	    0.03	    0.06	    0.00	    0.15	    0.35	 1899.41	  499.18	    0.51	  364.03	  599.64	 1099.45	 1998.62	 1209.88	 1199.73	  998.61	 3099.40	  699.99	 1299.85	  499.98	  299.99
17	15	   22.78	   27.30	    6.60	   25.92	   16.20	   63.75	 4798.32	  163.92	   16.58	    0.32	    0.16	   15.94	  599.48	   69.50	  118.22	    0.00	    0.10	 1999.94	  167.36	 4360.70	  977.46	 1199.98	  499.99	  438.81
17	19	  300.00	  299.90	    0.00	  299.99	  100.03	  800.02	 2955.74	 3999.17	  599.98	 1009.89	  166.14	    0.17	    0.09	    0.00	    0.00	 4910.44	 1934.81	 1600.33	    0.17	    0.00	    0.00	    0.00	    0.00	    0.00
18	14	    0.00	    0.07	    0.00	    0.00	    0.00	    0.19	  699.51	  999.23	    0.00	    0.00	    0.00	    0.00	    0.00	    0.00	    0.00	 1899.82	 4917.72	  299.81	 6830.74	 3523.03	    0.14	    0.34	    0.14	    0.06
18	16	    0.00	    0.00	    0.00	    0.00	    0.00	    0.00	    0.00	    0.00	    0.00	    0.00	    0.00	    0.00	    0.04	 1330.98	 2582.90	    0.00	    0.00	    0.00	 3234.64	  115.28	  222.55	 1699.97	  599.99	  161.18
18	19	    0.01	    0.00	    0.00	    0.03	    0.01	    0.02	    0.00	    0.00	    0.08	 1490.33	  433.42	    0.00	    0.00	 1265.33	 2517.00	    0.00	  248.33	    0.00	 2734.62	    0.00	    0.00	    0.00	    0.00	    0.00
19	17	    0.00	    0.00	    0.00	    0.00	    0.00	    0.00	    0.00	    0.00	    0.00	    0.18	    0.08	    1.09	 1063.41	  768.94	 1417.27	    0.00	    0.12	    0.00	 1465.73	 7860.10	 1777.45	 2799.83	 1099.97	  738.80
19	18	    0.00	   99.99	    0.00	    0.00	    0.00	  200.00	 1099.28	 1698.39	    0.00	    0.00	    0.00	    0.00	    8.66	    0.01	    0.00	  110.04	    0.00	  599.68	    0.00	 4838.26	   52.27	    0.38	    0.15	    5.44
19	20	    0.02	    0.00	    0.00	    0.01	    0.03	  100.01	  656.23	  600.50	    0.01	    0.04	    0.01	    0.01	    0.02	    0.01	    0.03	 1500.49	  482.85	  200.56	   69.14	 2701.08	    0.00	    0.07	    0.03	    0.02
19	21	    0.00	   99.91	    0.00	    0.01	    0.01	  200.03	  700.23	  800.28	    0.05	    0.19	    0.04	    0.00	    0.00	    0.00	    0.14	 1699.92	    0.23	  400.09	    0.07	 3100.56	    0.16	    0.00	    0.00	    0.00
20	19	    0.00	    0.00	    0.00	    0.00	    0.00	    0.00	    0.00	    0.00	    0.00	    0.09	    0.02	  400.91	 1671.92	    0.07	    0.15	    0.00	    0.06	    0.00	    0.14	    0.00	 3029.88	    0.21	    1.73	 1143.96
20	21	  262.77	    0.07	   65.69	    0.23	    0.00	    0.03	    0.05	    0.07	    0.00	    0.00	    0.00	  459.85	 1465.95	    0.00	    0.00	    0.14	    0.00	    0.03	    0.00	    0.36	 4771.83	    0.00	    0.00	 1590.80
20	23	    0.00	    0.00	    0.00	    0.00	    0.00	    0.02	  456.18	  200.43	    0.02	  484.38	    0.00	    0.00	    0.00	    0.00	  680.96	  900.42	  214.22	  100.53	  251.85	 1500.72	 3198.30	 2323.44	    0.00	    0.00
21	14	    0.00	    0.00	    0.00	    0.00	    0.00	    0.00	    0.08	    0.10	    0.00	    0.00	    0.00	    0.00	  885.03	    0.00	    0.00	    0.20	    0.00	    0.04	    0.00	    0.46	 2970.04	10564.32	 2682.07	 1281.93
21	19	    0.00	    0.00	    0.00	    0.00	    0.00	    0.00	    0.00	    0.00	    0.00	    0.10	    0.55	    0.03	    0.09	    3.57	    0.30	    0.00	    0.00	    0.00	    0.00	    0.00	    0.00	 5200.06	 1798.42	    0.30
21	20	    0.00	    0.00	    0.00	    0.08	   97.52	    0.00	    0.00	    0.00	  300.01	 1684.43	    1.66	    0.00	    0.00	    0.83	 1481.08	    0.07	  331.44	    0.00	  582.85	    0.00	    0.00	 4123.58	    1.28	    0.00
21	22	    0.00	    0.00	    0.00	    0.00	    0.00	    0.06	  200.20	  300.24	  306.77	 1312.34	    0.00	    0.00	    0.00	    0.00	  963.89	  499.98	  460.13	  100.08	  305.01	  700.45	    1.95	 4512.03	    0.00	    0.00
22	13	    0.01	    0.00	    0.00	    0.02	    0.00	    0.00	    0.50	    0.67	    0.00	    0.00	    0.00	    0.21	  670.16	    0.00	    0.00	    0.69	    0.00	    0.24	    0.01	    1.20	  797.26	 1135.18	 4616.18	 1173.64
22	21	  137.07	    0.01	   34.27	    0.93	    0.01	    0.00	    0.00	    0.00	    0.00	    0.00	  382.20	  240.17	  719.17	  738.97	    0.00	    0.00	    0.00	    0.00	    0.00	    0.00	    0.00	    0.00	 6581.77	  791.43
22	23	    0.00	    0.00	    0.00	    0.00	    0.00	    0.01	    0.03	    0.05	    0.09	  315.62	  998.21	    0.00	    0.00	 1373.30	  410.80	    0.10	   85.82	    0.00	  144.62	    0.36	    0.25	 1277.44	 3302.05	    0.00
23	12	    0.00	    0.00	    0.00	    0.00	    0.00	    0.00	  355.88	    0.00	    0.00	    0.00	    0.00	    0.00	    0.00	  574.07	  691.76	  599.71	    0.04	  100.37	  296.47	 1099.97	 1202.99	 2500.29	 1901.64	 1800.20
23	20	  362.76	    0.07	   65.69	  200.15	    2.45	    0.04	    0.00	    0.00	    0.00	    0.00	  398.34	 1160.75	 3737.84	  399.23	    0.00	    0.00	    0.00	    0.00	    0.00	    0.00	    0.00	    0.00	  700.42	 3234.74
23	22	  437.05	    0.01	  134.26	    1.75	    0.33	    0.33	    0.32	    0.49	    0.00	    0.00	    0.05	  940.30	 2189.33	    0.00	    0.00	    0.81	    0.00	    0.16	    0.00	    1.12	 1495.56	    0.59	    0.00	 2665.07
