0.000000000000000000e+00 1.000000000000000000e+00 4.827605684417152588e+03
0.000000000000000000e+00 2.000000000000000000e+00 8.384452102918483433e+03
1.000000000000000000e+00 0.000000000000000000e+00 4.785221857644173724e+03
1.000000000000000000e+00 5.000000000000000000e+00 6.125307522965853423e+03
2.000000000000000000e+00 0.000000000000000000e+00 8.426835929691458659e+03
2.000000000000000000e+00 3.000000000000000000e+00 1.520817567709705691e+04
2.000000000000000000e+00 1.100000000000000000e+01 1.047128052523150473e+04
3.000000000000000000e+00 2.000000000000000000e+00 1.438799125718114919e+04
3.000000000000000000e+00 4.000000000000000000e+00 1.920729480383007103e+04
3.000000000000000000e+00 1.000000000000000000e+01 5.404647279353364866e+03
4.000000000000000000e+00 3.000000000000000000e+00 1.858214346329158798e+04
4.000000000000000000e+00 5.000000000000000000e+00 8.784911724263301949e+03
4.000000000000000000e+00 8.000000000000000000e+00 1.662045322995914103e+04
5.000000000000000000e+00 1.000000000000000000e+00 6.082923696192878197e+03
5.000000000000000000e+00 4.000000000000000000e+00 8.816207493316171167e+03
5.000000000000000000e+00 7.000000000000000000e+00 1.281167428472776373e+04
6.000000000000000000e+00 7.000000000000000000e+00 1.254003288148278443e+04
6.000000000000000000e+00 1.700000000000000000e+01 1.583041816998769173e+04
7.000000000000000000e+00 5.000000000000000000e+00 1.280058622700763408e+04
7.000000000000000000e+00 6.000000000000000000e+00 1.233628647345271384e+04
7.000000000000000000e+00 8.000000000000000000e+00 7.190187959890729871e+03
7.000000000000000000e+00 1.500000000000000000e+01 8.499004763789538629e+03
8.000000000000000000e+00 4.000000000000000000e+00 1.596400612036779057e+04
8.000000000000000000e+00 7.000000000000000000e+00 6.923058870993665550e+03
8.000000000000000000e+00 9.000000000000000000e+00 2.230682985823010313e+04
9.000000000000000000e+00 8.000000000000000000e+00 2.148325365974170199e+04
9.000000000000000000e+00 1.000000000000000000e+01 1.837137736317138842e+04
9.000000000000000000e+00 1.400000000000000000e+01 2.376440528803443885e+04
9.000000000000000000e+00 1.500000000000000000e+01 1.109521858343026543e+04
9.000000000000000000e+00 1.600000000000000000e+01 8.100443718214688488e+03
1.000000000000000000e+01 3.000000000000000000e+00 5.309614199975933843e+03
1.000000000000000000e+01 9.000000000000000000e+00 1.863168847852353429e+04
1.000000000000000000e+01 1.100000000000000000e+01 8.061229748859638676e+03
1.000000000000000000e+01 1.300000000000000000e+01 9.764672684590228528e+03
1.100000000000000000e+01 2.000000000000000000e+00 1.133384877192038766e+04
1.100000000000000000e+01 1.000000000000000000e+01 8.330377513188805096e+03
1.100000000000000000e+01 1.200000000000000000e+01 1.283354320273191479e+04
1.200000000000000000e+01 1.100000000000000000e+01 1.406525921374996688e+04
1.200000000000000000e+01 2.300000000000000000e+01 1.004286484594499416e+04
1.300000000000000000e+01 1.000000000000000000e+01 9.760802956235771489e+03
1.300000000000000000e+01 1.400000000000000000e+01 9.805660880520410501e+03
1.300000000000000000e+01 2.200000000000000000e+01 7.430861428890888419e+03
1.400000000000000000e+01 9.000000000000000000e+00 2.227964756580647008e+04
1.400000000000000000e+01 1.300000000000000000e+01 9.142362600815711630e+03
1.400000000000000000e+01 1.800000000000000000e+01 1.856150097708458998e+04
1.400000000000000000e+01 2.100000000000000000e+01 1.887379017411522364e+04
1.500000000000000000e+01 7.000000000000000000e+00 8.551299386936412702e+03
1.500000000000000000e+01 9.000000000000000000e+00 1.139625845034267695e+04
1.500000000000000000e+01 1.600000000000000000e+01 1.200009706488683514e+04
1.500000000000000000e+01 1.700000000000000000e+01 1.588534179952331033e+04
1.600000000000000000e+01 9.000000000000000000e+00 8.100274259689695100e+03
1.600000000000000000e+01 1.500000000000000000e+01 1.161328718904276866e+04
1.600000000000000000e+01 1.800000000000000000e+01 1.008594175999588333e+04
1.700000000000000000e+01 6.000000000000000000e+00 1.603416457801775687e+04
1.700000000000000000e+01 1.500000000000000000e+01 1.662548616542666423e+04
1.700000000000000000e+01 1.900000000000000000e+01 1.945445887744354332e+04
1.800000000000000000e+01 1.400000000000000000e+01 2.013615678192122868e+04
1.800000000000000000e+01 1.600000000000000000e+01 9.698962425626836193e+03
1.800000000000000000e+01 1.900000000000000000e+01 8.517731494396339258e+03
1.900000000000000000e+01 1.700000000000000000e+01 2.029834965137694599e+04
1.900000000000000000e+01 1.800000000000000000e+01 9.705407964863954476e+03
1.900000000000000000e+01 2.000000000000000000e+01 6.671168710610068956e+03
1.900000000000000000e+01 2.100000000000000000e+01 8.805809576119350822e+03
2.000000000000000000e+01 1.900000000000000000e+01 1.040764657981473465e+04
2.000000000000000000e+01 2.100000000000000000e+01 0.000000000000000000e+00
2.000000000000000000e+01 2.300000000000000000e+01 9.948205440020623428e+03
2.100000000000000000e+01 1.400000000000000000e+01 1.505107836734589728e+04
2.100000000000000000e+01 1.900000000000000000e+01 7.000898951315711201e+03
2.100000000000000000e+01 2.000000000000000000e+01 7.673819990554202377e+03
2.100000000000000000e+01 2.200000000000000000e+01 8.877309165197040784e+03
2.200000000000000000e+01 1.300000000000000000e+01 8.090289980241155718e+03
2.200000000000000000e+01 2.100000000000000000e+01 1.092350672417829082e+04
2.200000000000000000e+01 2.300000000000000000e+01 8.329834371104212551e+03
2.300000000000000000e+01 1.200000000000000000e+01 1.117458085696303897e+04
2.300000000000000000e+01 2.000000000000000000e+01 6.010863318671088564e+03
2.300000000000000000e+01 2.200000000000000000e+01 1.103546048143569715e+04
