i	j	       0	       1	       2	       3	       4	       5	       6	       7	       8	       9	      10	      11	      12	      13	      14	      15	      16	      17	      18	      19	      20	      21	      22	      23
0	1	 2599.86	    0.00	  259.61	  199.98	   20.62	    0.00	    0.01	    0.02	   41.23	  123.72	  199.98	  447.14	  453.94	  100.00	   20.62	    0.02	    0.04	    0.00	    0.03	    0.00	    0.00	    0.04	    0.01	   28.52
0	2	 6200.14	 1121.11	    0.00	    0.00	    0.00	  196.61	  166.67	  278.61	    0.00	    0.00	    0.00	    0.00	    0.00	    0.00	    0.00	  115.39	    0.00	   39.74	    0.00	    0.02	    0.00	    0.00	    0.00	    0.00
1	0	    0.00	 1221.11	    0.00	    0.00	    0.00	  496.61	  666.65	 1078.57	    0.00	    0.00	    0.00	    0.00	    0.00	    0.00	    0.00	  615.37	    0.99	  139.74	    0.04	  300.01	    0.00	    0.02	    0.00	    0.00
1	5	 2499.86	 2778.89	  159.61	    0.00	    0.00	    0.00	    0.00	    0.00	    0.00	    0.00	    0.00	  347.14	  153.94	    0.00	    0.00	    0.00	    0.00	    0.00	    0.00	    0.00	    0.00	    0.01	    0.01	   28.52
2	0	    0.00	    0.00	  359.61	  699.98	  220.62	    0.00	    0.03	    0.05	  541.23	 1423.72	  699.98	  647.14	  953.94	  400.00	  520.62	    0.04	  399.05	    0.00	  299.99	    0.02	  100.00	  400.03	  300.01	  128.52
2	3	 4499.92	  620.93	 1940.32	    0.00	    0.00	    0.00	    0.00	    0.00	    0.00	    0.00	    0.00	 3785.69	 2497.18	    0.08	    0.00	    0.12	    0.00	    0.00	    0.00	    0.00	  203.02	    0.37	    1.18	  471.24
2	11	 1600.22	  400.19	  500.07	 1601.85	  403.93	  500.31	  773.78	 1200.00	 1399.57	  633.35	    0.42	    0.00	    0.00	    0.08	   47.80	  574.05	  178.55	  199.22	   20.48	    0.15	    0.00	    0.00	    0.00	    0.00
3	2	    0.00	    0.00	    0.00	 2501.83	  724.55	  603.70	  707.14	 1121.44	 2040.80	 2356.99	 1000.24	    0.00	    0.00	  499.94	  668.34	  658.81	  677.57	  159.48	  320.46	    0.14	    0.00	    0.05	    0.04	    0.00
3	4	 3198.03	  121.01	 1339.97	 6696.59	    0.00	    0.00	    0.00	    0.00	    0.00	    0.07	  906.22	 3185.63	 1897.14	  200.11	    0.01	    0.00	    0.03	    0.00	    0.00	    0.00	    3.12	    0.10	  200.08	  271.24
3	10	  801.90	  299.96	  400.35	 2401.58	  699.83	  599.72	    0.04	    6.77	    0.06	    0.16	    0.00	    0.06	    0.04	    0.06	    0.06	    0.12	    0.04	    0.02	    0.02	    0.02	    0.02	    0.04	    0.05	    0.02
4	3	    0.00	    0.04	    0.00	    0.00	 1924.37	 1603.42	 1107.18	 1828.21	 2740.86	 3557.10	    0.00	    0.00	    0.00	    0.00	 1166.86	 1458.81	 1177.59	  259.50	  519.87	  300.17	    0.04	  399.09	    0.00	    0.00
4	5	    0.00	    0.00	  534.56	 2138.97	 1260.29	    0.00	    0.02	    0.03	  558.74	 1276.16	  405.67	 1488.16	  583.01	  100.00	  279.19	    0.04	    0.09	    0.00	    0.04	    0.01	    0.02	    0.02	   99.99	   71.47
4	8	 2998.03	  900.02	  705.41	 4057.62	 2915.34	 1400.04	    0.03	    0.10	    0.00	    0.00	    0.55	 1497.47	 1114.13	    0.10	    0.00	    0.06	    0.00	    0.01	    0.00	    0.03	    0.01	    0.00	    0.09	  199.77
5	1	    0.00	    0.00	    0.00	    0.02	   79.38	  896.61	  866.64	 1478.56	  158.77	  476.28	    0.02	    0.00	    0.00	    0.01	   79.38	 1015.36	  200.95	  139.74	  100.01	  400.00	    0.00	   99.98	    0.00	    0.00
5	4	    0.00	  879.05	    0.00	    0.00	    0.00	 3203.46	 1144.40	 2029.11	    0.00	    0.00	    0.00	    0.00	    0.00	    0.00	    0.00	  974.28	    0.18	  226.21	    0.03	  347.30	    0.01	    0.01	    0.00	    0.00
5	7	 2199.86	 1499.84	  394.17	 1738.96	  980.91	 3499.93	    0.00	    0.00	    0.00	    0.00	    5.65	 1635.30	  536.95	    0.00	    0.00	    0.00	    0.00	    0.00	    0.00	    0.00	    0.00	    0.00	    0.00	    0.00
6	7	    0.00	    0.00	    0.00	    0.00	    0.00	    0.00	 4178.92	    0.00	    0.00	    0.20	    0.10	    0.00	    0.00	  399.92	  600.04	  379.17	  143.59	  999.31	  999.75	 2599.40	  500.03	  799.88	  299.97	  199.99
6	17	  431.20	  337.35	    7.35	  429.29	  118.41	  987.47	 7921.08	 4524.05	  823.50	    0.39	    0.15	  216.23	    0.01	    0.00	    0.00	    0.00	    0.00	    0.00	    0.00	    0.00	    0.00	    0.00	    0.00	    0.00
7	5	    0.00	    0.00	    0.00	    0.00	    0.00	    0.00	 2411.02	 4307.64	    0.02	    0.12	    0.00	    0.00	    0.00	    0.00	    0.19	 2889.60	  701.04	  465.94	  300.00	 1047.29	  100.00	  299.96	    0.00	    0.01
7	6	  931.20	  537.35	  107.35	  829.29	  318.41	 1387.47	    0.00	 5524.05	 1423.37	    4.80	    1.64	  916.23	   58.76	    0.00	    0.00	    0.00	    0.08	    0.00	    0.00	    0.00	    0.00	    0.00	    0.00	    0.00
7	8	    0.00	    0.00	    0.00	    0.00	    0.00	    0.00	  768.12	 3492.21	    0.00	    0.00	    0.00	    0.00	    0.00	    0.00	    0.00	 1736.81	    0.00	  233.48	    0.00	  652.42	    0.08	    0.00	    0.00	    0.00
7	15	  468.73	  562.53	  173.23	  685.52	  428.43	 1312.55	    0.00	 3376.10	  903.12	    0.49	    0.15	  476.08	    0.26	    0.00	    0.00	    0.00	    0.00	    0.00	    0.00	    0.00	    0.00	    0.00	    0.00	    0.00
8	4	    0.00	    0.00	    0.00	    0.00	    0.00	    0.00	  162.83	  299.24	 4099.60	 5833.19	    0.00	    0.00	    0.00	    0.00	 1646.04	  984.63	 1377.47	   33.30	  619.88	   52.91	   96.93	  599.01	    0.00	    0.00
8	7	    0.08	    0.04	   86.40	  475.85	  265.93	    0.09	    0.00	    0.00	 3126.52	 1604.96	  796.04	  357.01	  122.07	    0.02	    0.00	    0.00	    0.19	    0.00	    0.00	    0.00	    0.00	    0.00	    0.00	    0.00
8	9	 2497.95	  699.98	  519.01	 2881.77	 1849.40	  999.95	    5.41	 2393.08	 8973.88	    0.00	    0.00	  540.55	  392.15	    0.00	    0.00	    0.23	    0.00	    0.24	    0.00	    0.00	    0.00	    0.00	    0.00	    0.00
9	8	    0.00	    0.00	    0.00	    0.00	    0.00	    0.00	    0.09	    0.00	    0.00	10238.15	 2195.48	    0.09	    0.09	  599.92	 2646.04	  647.98	 2277.66	    0.06	 1019.88	    0.46	  396.84	 1299.01	  499.91	    0.23
9	10	    0.00	    0.00	    0.00	    0.00	    0.00	    0.00	  499.96	  793.27	 1714.90	 8423.42	    0.00	    0.00	    0.00	    0.00	 1301.29	 1525.81	 1921.33	  199.97	  430.28	  430.06	    0.51	  485.77	    0.00	    0.00
9	14	  800.03	  100.01	  100.01	 1098.94	  596.26	  199.97	    0.00	    0.00	 3085.37	14603.07	 1887.26	  653.83	    2.65	    0.00	    0.00	    0.00	    0.77	    0.00	    0.00	    0.00	    0.00	    0.00	    0.00	    0.00
9	15	    0.09	    0.00	   19.44	   85.24	   53.25	    0.00	    0.00	    0.00	  473.68	 8035.69	 2172.16	  206.49	    0.24	    0.00	    0.00	    0.00	    0.00	    0.00	    0.00	    0.00	    0.00	    0.00	    0.00	    0.00
9	16	  399.94	    0.07	   99.99	  499.96	  199.98	    0.11	    0.08	    0.11	  899.92	 3899.67	  999.92	  599.95	  499.96	    0.06	    0.12	    0.11	    0.00	    0.05	    0.07	    0.14	    0.05	    0.14	    0.05	    0.02
10	3	    0.00	    0.00	    0.00	    0.00	    0.00	    0.00	    0.00	    0.00	    0.00	    0.12	 3406.47	    0.00	    0.00	 1200.02	    1.54	    0.00	    0.05	    0.00	    0.61	    0.00	    0.08	    0.73	  698.98	    0.03
10	9	    2.11	    0.05	    0.43	    2.36	    0.09	    0.06	    0.00	    0.00	    0.00	    0.00	11154.83	 2919.81	 2010.79	 1146.95	    0.00	    0.00	    0.00	    0.00	    0.00	    0.00	    0.00	    0.00	  320.54	   44.43
10	11	    0.00	    0.00	    0.00	    0.00	    0.00	    0.00	    0.00	    0.00	    0.15	 3266.73	 2400.00	    0.00	    0.00	  715.36	  656.15	  125.93	  921.27	    0.02	  281.19	    0.00	    0.00	    0.00	    0.00	    0.00
10	13	  300.00	   99.99	   99.99	  999.29	  199.76	  199.68	    0.00	    0.04	  314.81	 1156.73	 5338.71	 1045.48	   25.36	    0.00	    0.00	    0.00	    0.04	    0.00	    0.00	    0.00	    0.00	    0.00	    0.00	    0.00
11	2	    0.00	    0.00	    0.00	    0.00	    0.00	    0.00	    0.00	    0.00	    0.00	    0.09	    0.16	 4632.83	 3551.12	    0.22	    0.07	    0.00	    0.03	    0.00	    0.01	    0.00	  303.02	  500.35	  401.15	  599.75
11	10	    0.21	    0.08	    0.07	    0.08	    0.02	    0.02	    0.00	    0.00	    0.00	    0.00	    0.00	 5365.23	 3036.11	    0.00	    0.00	    0.00	    0.00	    0.00	    0.00	    0.00	    0.06	    0.00	    0.00	    0.28
11	12	 1400.01	  300.11	  299.99	 1001.77	  203.90	  300.29	   73.78	  600.00	  799.72	 1900.00	 1000.26	 3901.94	    0.00	   15.38	    4.17	    0.20	  499.80	    0.02	    1.79	    0.03	    0.00	    0.00	    0.00	    0.00
12	11	    0.00	    0.00	    0.00	    0.00	    0.00	    0.00	    0.00	    0.00	    0.00	    0.00	    0.00	    0.00	 7887.23	    0.17	    0.30	    0.22	    0.00	    0.79	    0.13	  499.88	  603.08	 1200.35	 1101.15	 1100.03
12	23	  900.01	    0.11	  199.99	  401.77	    3.90	  100.29	    0.00	    0.00	  199.72	    0.00	    0.26	 2601.94	 6712.77	    0.00	    0.00	    0.00	    0.00	    0.00	    0.00	    0.00	    0.00	    0.00	    0.00	    0.00
13	10	    0.00	    0.00	    0.00	    0.00	    0.00	    0.00	    0.00	    0.00	    0.00	    0.00	    0.00	    0.00	    0.00	 4662.26	  756.35	    0.00	    0.00	    0.03	  251.50	  169.92	  399.49	  614.92	 2319.47	  644.15
13	14	    0.04	    0.00	    0.01	    0.08	    0.00	    0.00	    0.00	    0.00	    0.00	    0.00	 1055.65	  345.87	  105.93	 6205.04	    0.00	    0.00	    0.00	    0.00	    0.00	    0.00	    0.00	    0.00	 1182.68	  142.58
13	22	    0.00	    0.00	    0.00	  499.23	   99.76	   99.68	    0.00	    0.00	  190.78	  799.40	 2683.12	    0.00	    0.00	 3232.70	  438.06	    0.00	  219.14	    0.00	  136.55	    0.00	    0.00	    0.00	    0.00	    0.00
14	9	    0.00	    0.00	    0.00	    0.00	    0.00	    0.00	    0.00	    0.00	    0.00	    0.00	    0.00	    0.00	    0.00	 1553.03	 7947.45	    0.29	    1.00	    0.05	 3249.86	 1725.24	 1597.40	 4384.91	 1979.43	  755.83
14	13	    0.00	    0.00	    0.00	    0.00	    0.00	    0.00	  199.57	  399.15	  475.97	 1742.67	    0.06	    0.00	    0.00	    0.00	 2494.41	  699.61	  919.10	   99.79	  688.04	  668.62	    1.68	  693.78	    0.00	    0.00
14	18	  299.99	    0.06	    0.00	  200.02	  100.01	    0.07	    0.02	    0.03	  400.06	 3259.85	  826.00	  300.00	  283.15	 2896.18	 5899.96	    0.05	    0.40	    0.01	    0.00	    0.05	  562.09	 2899.92	  899.98	  256.25
14	21	    0.08	    0.00	    0.02	  398.99	  296.25	    0.00	    0.00	    0.00	 1309.35	 5600.55	  716.85	    0.00	    0.00	  455.83	 5058.19	    0.22	 2485.77	    0.00	 2082.71	    0.00	    0.00	    0.00	    0.00	    0.00
15	7	    0.00	    0.00	    0.00	    0.00	    0.00	    0.00	    0.21	    0.00	    0.00	    0.25	    0.00	    0.00	    0.00	    0.05	    0.16	 6447.25	 1957.34	    0.11	    0.25	    0.31	    0.05	    0.08	    0.03	    0.02
15	9	    0.00	    0.05	    0.00	    0.00	    0.00	    0.07	 2394.45	    0.20	    0.00	    0.00	    0.00	    0.00	    0.00	    0.00	    0.00	 6570.99	    1.47	  899.59	    0.19	 1204.97	    0.00	    0.00	    0.00	    0.00
15	16	    0.08	  199.98	    0.01	    0.06	    0.03	  500.02	 1000.76	 1400.91	    0.11	    0.48	    0.08	    0.05	    0.00	    0.00	    0.00	 5956.92	    0.00	  600.45	    0.00	 1545.11	  352.75	    0.00	    0.00	  130.97
15	17	    0.02	    0.00	    0.00	    0.09	    0.02	    0.03	    0.00	    0.11	    0.47	 3635.79	  772.34	    0.04	    0.00	    0.03	    0.06	 7124.84	 3748.51	    0.00	    0.06	    0.00	    0.00	    0.00	    0.00	    0.00
16	9	    0.00	    0.00	    0.00	    0.00	    0.00	    0.00	    0.27	    0.10	    0.00	    0.00	    0.00	    0.00	    0.00	    0.00	    0.00	    2.40	 8097.29	    0.19	    0.18	    0.44	    0.00	    0.00	    0.00	    0.00
16	15	    0.00	    0.00	    0.00	    0.00	    0.00	    0.00	    0.00	    0.00	    0.00	    0.00	    0.00	    0.00	    0.00	  692.49	 1188.68	    0.00	 8507.21	    0.00	 1288.08	    0.00	    0.05	    0.10	    0.04	    0.03
16	18	    0.03	    0.05	    0.00	    0.02	    0.01	    0.13	    0.57	    0.93	    0.03	    0.15	    0.00	    0.00	    0.00	    0.00	    0.00	 3154.64	 6795.50	    0.31	    0.00	    0.00	    0.00	    0.00	    0.00	    0.00
17	6	    0.00	    0.00	    0.00	    0.00	    0.00	    0.00	    0.00	    0.00	    0.12	 1895.79	  498.60	    0.00	  341.24	  599.92	 1100.04	 1779.17	 1143.51	 1199.31	 1399.75	 3099.40	  700.03	 1299.88	  499.97	  299.99
17	15	   31.28	   37.50	    7.35	   29.38	   18.37	   87.55	 4795.43	  225.13	   23.77	    0.35	    0.11	   17.52	  599.51	    7.59	   11.54	    0.00	    0.11	 2000.15	   12.42	 4350.40	  952.75	 1199.98	  499.99	  430.96
17	19	  299.94	  299.85	    0.00	  299.99	  100.07	  799.94	 2925.65	 3999.03	  600.06	 1040.25	  173.80	    0.02	    0.00	    0.00	    0.00	 4845.67	 2005.02	 1600.54	    0.00	    0.00	    0.00	    0.00	    0.00	    0.00
18	14	    0.00	    0.05	    0.00	    0.00	    0.00	    0.10	  699.50	  999.08	    0.00	    0.00	    0.00	    0.00	    0.00	    0.00	    0.00	 1899.99	 4905.49	  299.81	 6820.61	 3493.21	    0.15	    0.37	    0.16	    0.07
18	16	    0.00	    0.00	    0.00	    0.00	    0.00	    0.00	    0.00	    0.00	    0.00	    0.00	    0.00	    0.00	    0.04	 1392.43	 2688.56	    0.00	    0.00	    0.00	 2988.19	  155.19	  247.25	 1699.97	  599.99	  169.04
18	19	    0.02	    0.00	    0.00	    0.04	    0.02	    0.02	    0.00	    0.00	    0.09	 1460.00	  426.00	    0.00	    0.00	 1203.76	 2411.40	    0.00	  190.41	    0.00	 2991.20	    0.00	    0.00	    0.00	    0.00	    0.00
19	17	    0.00	    0.00	    0.00	    0.00	    0.00	    0.00	    0.00	    0.00	    0.00	    0.20	    0.03	    1.27	 1040.74	  707.49	 1311.52	    0.00	    0.14	    0.00	 1712.11	 7849.79	 1752.78	 2799.85	 1099.96	  730.95
19	18	    0.00	   99.95	    0.00	    0.00	    0.00	  199.93	 1098.91	 1698.13	    0.00	    0.00	    0.00	    0.00	   16.89	    0.01	    0.00	   45.30	    0.00	  599.48	    0.00	 4848.36	   85.32	    0.42	    0.17	   12.85
19	20	    0.00	    0.00	    0.00	    0.01	    0.08	  100.01	  626.55	  600.57	    0.10	    0.05	    0.02	    0.01	    0.02	    0.02	    0.03	 1500.81	  495.26	  200.97	   79.18	 2701.08	    0.00	    0.07	    0.03	    0.02
19	21	    0.00	   99.90	    0.00	    0.02	    0.01	  200.02	  700.18	  800.33	    0.06	    0.21	    0.04	    0.00	    0.00	    0.00	    0.16	 1699.56	    0.10	  400.09	    0.08	 3100.77	    0.17	    0.00	    0.00	    0.00
20	19	    0.05	    0.00	    0.00	    0.00	    0.00	    0.00	    0.00	    0.00	    0.00	    0.10	    0.02	  401.09	 1657.30	    0.08	    0.16	    0.00	    0.07	    0.00	    0.17	    0.00	 3038.27	    0.23	    1.51	 1143.28
20	21	  261.92	    0.03	   65.48	    0.27	    0.00	    0.01	    0.06	    0.07	    0.00	    0.00	    0.00	  458.36	 1463.94	    0.00	    0.00	    0.15	    0.00	    0.03	    0.00	    0.38	 4762.08	    0.00	    0.08	 1604.34
20	23	    0.00	    0.00	    0.00	    0.00	    0.00	    0.02	  426.50	  200.50	    0.23	  485.57	    0.00	    0.00	    0.00	    0.00	  678.74	  900.74	  214.12	  100.94	  251.66	 1500.70	 3199.65	 2346.93	    0.00	    0.00
21	14	    0.00	    0.00	    0.00	    0.00	    0.00	    0.00	    0.09	    0.09	    0.00	    0.00	    0.00	    0.29	  874.57	    0.00	    0.00	    0.17	    0.00	    0.04	    0.00	    0.70	 2961.01	10578.24	 2696.57	 1269.43
21	19	    0.00	    0.00	    0.00	    0.00	    0.00	    0.00	    0.00	    0.00	    0.00	    0.11	    0.26	    0.18	    0.35	    3.68	    0.15	    0.00	    0.00	    0.00	    0.00	    0.00	    0.00	 5200.11	 1798.65	    0.54
21	20	    0.00	    0.00	    0.00	    0.06	   96.34	    0.00	    0.00	    0.00	  300.12	 1685.62	    1.98	    0.00	    0.00	    1.36	 1478.87	    0.08	  318.94	    0.00	  572.65	    0.00	    0.00	 4147.09	    1.14	    0.00
21	22	    0.00	    0.00	    0.00	    0.00	    0.00	    0.03	  200.15	  300.31	  309.29	 1315.04	    0.00	    0.00	    0.00	    0.00	  979.33	  499.67	  466.93	  100.08	  310.14	  700.45	    1.24	 4474.55	    0.00	    0.00
22	13	    0.04	    0.01	    0.01	    0.02	    0.00	    0.00	    0.43	    0.81	    0.00	    0.00	    0.00	    0.40	  680.57	    0.00	    0.00	    0.39	    0.00	    0.25	    0.01	    1.30	  797.82	 1121.14	 4602.15	 1186.73
22	21	  138.00	    0.07	   34.50	    0.78	    0.08	    0.00	    0.00	    0.00	    0.00	    0.00	  385.35	  242.11	  710.98	  749.21	    0.00	    0.00	    0.00	    0.00	    0.00	    0.00	    0.00	    0.00	 6596.28	  765.64
22	23	    0.00	    0.00	    0.00	    0.00	    0.00	    0.00	    0.11	    0.08	    0.06	  314.43	  997.82	    0.00	    0.00	 1383.49	  417.38	    0.25	   86.08	    0.02	  146.68	    0.50	    0.06	 1254.15	 3301.58	    0.00
23	12	    0.00	    0.00	    0.00	    0.00	    0.00	    0.00	  326.22	    0.00	    0.00	    0.00	    0.00	    0.00	    0.00	  584.79	  696.13	  600.02	    0.20	  100.76	  298.34	 1099.85	 1203.08	 2500.35	 1901.15	 1800.03
23	20	  361.97	    0.03	   65.48	  200.20	    3.59	    0.02	    0.00	    0.00	    0.01	    0.00	  398.03	 1159.43	 3721.21	  398.70	    0.00	    0.00	    0.00	    0.00	    0.00	    0.00	    0.00	    0.00	  700.42	 3247.60
23	22	  438.04	    0.08	  134.51	    1.57	    0.32	    0.29	    0.39	    0.58	    0.00	    0.00	    0.05	  942.50	 2191.56	    0.00	    0.00	    0.98	    0.00	    0.19	    0.00	    1.35	 1496.63	    0.73	    0.00	 2652.37
