i	j	       0	       1	       2	       3	       4	       5	       6	       7	       8	       9	      10	      11	      12	      13	      14	      15	      16	      17	      18	      19	      20	      21	      22	      23
0	1	 2600.31	    0.00	  268.03	  200.03	   16.09	    0.00	    0.01	    0.02	   32.18	   96.55	  200.03	  473.34	  460.64	  100.01	   16.05	    0.02	    0.04	    0.00	    0.01	    0.00	    0.01	    0.10	    0.05	   29.14
0	2	 6199.69	 1165.71	    0.00	    0.00	    0.00	  241.51	  143.11	  250.34	    0.00	    0.00	    0.00	    0.00	    0.00	    0.00	    0.00	   85.93	    0.00	   35.66	    0.00	    0.00	    0.00	    0.00	    0.00	    0.00
1	0	    0.00	 1265.71	    0.00	    0.00	    0.00	  541.51	  643.09	 1050.31	    0.00	    0.00	    0.00	    0.00	    0.00	    0.00	    0.00	  585.84	    0.41	  135.65	    0.02	  299.92	    0.03	    0.16	    0.00	    0.00
1	5	 2500.31	 2734.29	  168.03	    0.04	    0.00	    0.00	    0.00	    0.00	    0.00	    0.00	    0.04	  373.34	  160.64	    0.01	    0.00	    0.00	    0.00	    0.00	    0.00	    0.00	    0.01	    0.03	    0.05	   29.14
2	0	    0.00	    0.00	  368.03	  700.03	  216.09	    0.00	    0.03	    0.05	  532.18	 1396.55	  700.03	  673.34	  960.64	  400.01	  516.05	    0.11	  399.63	    0.00	  299.99	    0.09	   99.98	  399.93	  300.05	  129.14
2	3	 4498.37	  665.24	 1931.59	    0.00	    0.00	    0.04	    0.00	    0.00	    0.00	    0.00	    0.00	 3763.03	 2478.36	    0.08	    0.00	    0.00	    0.00	    0.00	    0.00	    0.00	  202.47	    0.92	    2.01	  470.53
2	11	 1601.32	  400.47	  500.38	 1601.82	  403.24	  500.44	  743.30	 1200.00	 1399.53	  705.57	    0.60	    0.00	    0.00	    0.10	   58.93	  515.68	  198.96	  199.27	   25.26	    0.25	    0.00	    0.00	    0.00	    0.00
3	2	    0.00	    0.00	    0.00	 2501.85	  719.34	  558.97	  700.22	 1149.71	 2031.71	 2402.04	 1000.45	    0.00	    0.00	  499.92	  674.91	  629.85	  698.57	  163.62	  325.23	    0.27	    0.00	    0.16	    0.13	    0.00
3	4	 3196.99	  165.33	 1331.49	 6696.61	    0.00	    0.00	    0.00	    0.00	    0.00	    0.00	  906.32	 3162.71	 1878.10	  200.10	    0.06	    0.00	    0.00	    0.00	    0.01	    0.00	    2.53	   31.67	  199.97	  270.56
3	10	  801.39	  299.95	  400.10	 2401.54	  699.87	  599.73	    0.76	    2.86	    0.58	    0.15	    0.00	    0.32	    0.26	    0.06	    0.05	    0.19	    0.04	    0.02	    0.02	    0.02	    0.02	    0.04	    0.05	    0.02
4	3	    0.00	    0.04	    0.00	    0.00	 1919.20	 1558.66	 1100.90	 1852.57	 2732.29	 3601.65	    0.00	    0.00	    0.00	    0.00	 1174.72	 1429.82	 1198.44	  263.62	  525.17	  300.25	    0.03	  398.96	    0.00	    0.00
4	5	    0.00	    0.00	  531.56	 2131.04	 1261.04	    0.00	    0.02	    0.03	  567.95	 1303.39	  405.75	 1478.59	  559.79	  100.03	  283.04	    0.03	    0.04	    0.00	    0.12	    0.01	    0.02	    0.00	   99.89	   70.85
4	8	 2996.99	  899.67	  699.92	 4065.57	 2919.75	 1399.86	    0.02	    0.09	    0.00	    0.00	    0.57	 1484.13	 1118.30	    0.09	    0.00	    0.05	    0.00	    0.01	    0.00	    0.02	    0.00	    0.00	    0.07	  199.71
5	1	    0.00	    0.00	    0.00	    0.02	   83.91	  941.51	  843.08	 1450.29	  167.82	  503.45	    0.02	    0.00	    0.00	    0.01	   83.95	  985.82	  200.37	  135.65	  100.01	  399.91	    0.03	  100.09	    0.00	    0.00
5	4	    0.00	  834.38	    0.00	    0.00	    0.00	 3158.51	  986.39	 1769.24	    0.00	    0.00	    0.00	    0.00	    0.00	    0.00	    0.00	 1423.79	    0.17	  198.60	    0.02	  298.48	    0.10	  136.42	    0.00	    0.00
5	7	 2200.31	 1499.91	  399.60	 1731.07	  977.13	 3499.98	    0.00	    0.00	    0.14	    0.06	    5.77	 1651.93	  520.43	    0.04	    0.00	    0.00	    0.00	    0.00	    0.00	    0.00	    0.00	    0.00	    0.00	    0.00
6	7	    0.00	    0.00	    0.00	    0.00	    0.00	    0.00	 4146.46	    0.00	    0.00	    0.00	    0.00	    0.00	    0.00	  399.83	  600.64	  297.33	  109.63	  999.25	  999.46	 2598.95	  500.12	  968.25	  300.00	  199.98
6	17	  431.26	  337.48	    9.43	  436.09	  122.63	  987.68	 7953.54	 4525.12	  828.37	    0.66	    0.13	  222.07	    0.01	    0.00	    0.00	    0.00	    0.02	    0.00	    0.00	    0.00	    0.00	    0.00	    0.00	    0.00
7	5	    0.00	    0.00	    0.00	    0.00	    0.00	    0.00	 2229.46	 4019.50	    0.00	    0.12	    0.00	    0.00	    0.00	    0.00	    0.91	 3309.58	  700.50	  434.25	  299.91	  998.38	  100.10	  436.48	    0.05	    0.01
7	6	  931.26	  537.48	  109.43	  836.09	  322.63	 1387.68	    0.00	 5525.12	 1428.32	    2.59	    0.69	  922.07	   34.73	    0.00	    0.00	    0.00	    0.10	    0.00	    0.00	    0.00	    0.00	    0.00	    0.00	    0.00
7	8	    0.00	    0.00	    0.00	    0.00	    0.00	    0.00	  917.00	 3780.41	    0.00	    0.00	    0.00	    0.00	    0.00	    0.00	    0.00	 1198.05	    0.00	  265.22	    0.00	  701.06	    0.10	   31.90	    0.00	    0.00
7	15	  469.11	  562.46	  175.16	  691.57	  432.21	 1312.38	    0.00	 3374.97	  885.08	    0.00	    0.06	  481.36	    0.07	    0.00	    0.00	    0.00	    0.00	    0.00	    0.00	    0.00	    0.00	    0.00	    0.00	    0.00
8	4	    0.00	    0.00	    0.00	    0.00	    0.00	    0.00	  314.55	  583.45	 4100.24	 5905.04	    0.00	    0.00	    0.00	    0.02	 1657.71	  506.12	 1398.30	   65.03	  625.25	  101.80	   97.41	  430.87	    0.00	    0.00
8	7	    0.07	    0.04	   84.99	  496.60	  277.70	    0.08	    0.00	    0.00	 3113.26	 1602.40	  794.97	  351.50	  114.36	    0.00	    0.00	    0.00	    0.21	    0.00	    0.00	    0.00	    0.00	    0.00	    0.00	    0.00
8	9	 2496.91	  699.63	  514.93	 2868.97	 1842.06	  999.77	    2.53	 2397.05	 8986.50	    0.00	    0.00	  532.67	  403.99	    0.00	    0.00	    0.47	    0.00	    0.40	    0.00	    0.00	    0.00	    0.00	    0.00	    0.00
9	8	    0.00	    0.00	    0.00	    0.00	    0.00	    0.00	    0.05	    0.00	    0.00	10307.44	 2194.40	    0.05	    0.05	  599.93	 2657.71	  708.49	 2298.51	    0.21	 1025.25	    0.72	  397.31	 1098.97	  499.93	    0.29
9	10	    0.00	    0.00	    0.00	    0.00	    0.00	    0.00	  499.42	  797.14	 1718.30	 8370.10	    0.00	    0.00	    0.00	    0.00	 1303.82	 1584.79	 1901.11	  200.03	  431.09	  422.98	    1.07	  511.49	    0.00	    0.00
9	14	  798.88	   99.88	   99.86	 1098.40	  596.92	  199.80	    0.00	    0.00	 3081.49	14570.57	 1912.73	  662.76	    7.67	    0.00	    0.00	    0.00	    0.74	    0.00	    0.00	    0.00	    0.00	    0.00	    0.00	    0.00
9	15	    0.00	    0.00	   15.42	   72.30	   45.19	    0.00	    0.00	    0.00	  486.86	 8050.58	 2176.87	  195.48	    0.47	    0.00	    0.00	    0.00	    0.00	    0.00	    0.00	    0.00	    0.00	    0.00	    0.00	    0.00
9	16	  399.51	    0.02	   99.97	  499.86	  199.95	    0.04	    0.08	    0.11	  899.85	 3901.31	  999.66	  599.83	  499.86	    0.09	    0.12	    0.11	    0.00	    0.05	    0.07	    0.13	    0.05	    0.13	    0.05	    0.02
10	3	    0.00	    0.00	    0.00	    0.00	    0.00	    0.00	    0.07	    0.00	    0.00	    0.55	 3406.77	    0.00	    0.00	 1200.00	    0.30	    0.22	    0.17	    0.01	    0.10	    0.04	    0.05	   32.00	  698.14	    0.05
10	9	    1.48	    0.21	    0.32	    1.60	    0.00	    0.00	    0.00	    0.00	    0.00	    0.00	11183.66	 2925.45	 2004.06	 1112.84	    0.00	    0.00	    0.00	    0.00	    0.00	    0.00	    0.00	    0.00	  317.57	   51.82
10	11	    0.00	    0.00	    0.00	    0.00	    0.00	    0.00	    0.10	    0.00	    0.15	 3194.51	 2400.07	    0.00	    0.00	  732.45	  656.06	  184.75	  900.98	    0.05	  281.15	    0.00	    0.00	    0.00	    0.00	    0.00
10	13	  301.35	  100.17	  100.20	 1000.02	  199.89	  199.80	    0.00	    0.00	  318.73	 1175.20	 5309.51	 1037.86	   33.67	    0.00	    0.00	    0.00	    0.00	    0.00	    0.00	    0.00	    0.00	    0.00	    0.00	    0.00
11	2	    0.00	    0.00	    0.00	    0.00	    0.00	    0.00	    0.00	    0.00	    0.00	    0.08	    0.19	 4636.38	 3539.00	    0.26	    0.07	    0.00	    0.03	    0.00	    0.01	    0.07	  302.45	  500.69	  401.93	  599.67
11	10	    1.45	    0.44	    0.42	    0.07	    0.02	    0.07	    0.00	    0.00	    0.00	    0.00	    0.00	 5363.00	 3037.47	    0.00	    0.00	    0.00	    0.00	    0.00	    0.00	    0.00	    0.08	    0.00	    0.11	    0.20
11	12	 1399.88	  300.04	  299.96	 1001.75	  203.22	  300.36	   44.13	  600.00	  799.67	 1900.00	 1000.49	 3900.63	    0.00	   32.52	   14.98	    1.02	  499.91	    0.08	    6.42	    0.00	    0.00	    0.00	    0.00	    0.00
12	11	    0.00	    0.00	    0.00	    0.00	    0.00	    0.00	    0.73	    0.00	    0.00	    0.00	    0.00	    0.00	 7876.47	    0.24	    0.06	    0.59	    0.00	    0.77	    0.03	  499.82	  602.53	 1200.69	 1102.05	 1099.87
12	23	  899.88	    0.04	  199.96	  401.75	    3.22	  100.36	    0.00	    0.00	  199.67	    0.00	    0.49	 2600.63	 6723.53	    0.00	    0.00	    0.00	    0.00	    0.00	    0.00	    0.00	    0.00	    0.00	    0.00	    0.00
13	10	    0.00	    0.00	    0.00	    0.00	    0.00	    0.00	    0.00	    0.00	    0.00	    0.00	    0.00	    0.00	    0.00	 4645.23	  752.48	    0.00	    0.00	    0.01	  250.14	  177.05	  398.89	  620.47	 2315.54	  651.65
13	14	    1.29	    0.17	    0.18	    1.47	    0.21	    0.14	    0.00	    0.00	    0.00	    0.00	 1025.11	  337.70	  100.38	 6272.50	    0.00	    0.00	    0.00	    0.00	    0.00	    0.00	    0.00	    0.00	 1170.06	  128.47
13	22	    0.07	    0.01	    0.02	  498.56	   99.68	   99.66	    0.00	    0.00	  197.99	  821.83	 2684.46	    0.19	    0.00	 3182.28	  436.59	    0.00	  220.44	    0.00	  136.59	    0.00	    0.00	    0.00	    0.00	    0.00
14	9	    0.00	    0.00	    0.00	    0.00	    0.00	    0.00	    0.07	    0.00	    0.00	    0.00	    0.00	    0.00	    0.00	 1587.19	 7961.64	    0.28	    0.00	    0.08	 3256.23	 1832.45	 1598.42	 4210.59	 1982.40	  748.50
14	13	    0.00	    0.00	    0.00	    0.02	    0.00	    0.00	  199.65	  399.31	  479.26	 1746.63	    0.06	    0.00	    0.00	    0.00	 2489.07	  698.79	  920.44	   99.83	  686.72	  675.96	    0.96	  687.88	    0.00	    0.00
14	18	  300.07	    0.06	    0.02	  200.19	  100.04	    0.12	    0.02	    0.03	  400.13	 3245.82	  822.55	  300.33	  290.45	 2897.24	 5900.49	    0.05	    0.38	    0.01	    0.00	    0.05	  610.88	 2899.83	  899.95	  280.83
14	21	    0.10	    0.00	    0.03	  399.66	  297.08	    0.00	    0.00	    0.00	 1302.10	 5578.12	  715.22	    0.18	    0.00	  488.07	 5048.80	    0.22	 2495.62	    0.00	 2070.87	    0.00	    0.00	    0.00	    0.00	    0.00
15	7	    0.00	    0.00	    0.00	    0.00	    0.00	    0.00	    0.00	    0.00	    0.00	    0.25	    0.00	    0.00	    0.00	    0.13	    0.27	 6410.30	 1990.77	    0.22	    0.45	    0.50	    0.08	    0.13	    0.05	    0.04
15	9	    0.00	    0.05	    0.00	    0.00	    0.00	    0.07	 2396.94	    0.20	    0.00	    0.00	    0.00	    0.00	    0.00	    0.00	    0.00	 6691.95	    0.53	  899.73	    0.18	 1091.37	    0.00	    0.00	    0.00	    0.00
15	16	    0.43	  200.01	    0.01	    0.06	    0.02	  500.02	 1000.04	 1400.13	    0.11	    0.47	    0.08	    0.05	    0.00	    0.00	    0.00	 5965.38	    0.00	  600.10	    0.00	 1595.12	  324.66	    0.10	    0.03	  112.49
15	17	    0.04	    0.02	    0.00	    0.04	    0.01	    0.06	    0.00	    0.31	    0.19	 3652.14	  777.37	    0.09	    0.01	    0.02	    0.16	 7032.37	 3712.88	    0.00	    0.16	    0.00	    0.00	    0.00	    0.00	    0.00
16	9	    0.00	    0.00	    0.00	    0.00	    0.00	    0.00	    0.00	    0.00	    0.00	    0.00	    0.00	    0.00	    0.00	    0.00	    0.00	    0.68	 8099.83	    0.08	    0.00	    0.00	    0.00	    0.00	    0.00	    0.00
16	15	    0.00	    0.00	    0.00	    0.00	    0.00	    0.00	    0.00	    0.00	    0.00	    1.94	    0.41	    0.06	    0.05	  691.68	 1186.46	    0.00	 8504.07	    0.00	 1285.71	    0.00	    0.05	    0.10	    0.04	    0.02
16	18	    0.02	    0.03	    0.00	    0.02	    0.01	    0.06	    0.11	    0.24	    0.06	    0.25	    0.00	    0.00	    0.00	    0.00	    0.00	 3164.81	 6796.10	    0.07	    0.00	    0.00	    0.00	    0.00	    0.00	    0.00
17	6	    0.00	    0.00	    0.00	    0.00	    0.00	    0.00	    0.00	    0.00	    0.05	 1898.07	  499.44	    0.00	  365.28	  599.83	 1100.64	 1697.33	 1109.55	 1199.25	 1399.46	 3098.95	  700.12	 1468.25	  500.00	  299.98
17	15	   31.36	   37.61	    9.43	   36.22	   22.64	   87.76	 4796.98	  225.67	   28.36	    0.34	    0.11	   23.24	  599.42	    8.47	   13.97	    0.00	    0.11	 2000.05	   15.08	 4287.00	  924.69	 1200.13	  500.05	  412.50
17	19	  299.94	  299.88	    0.00	  299.91	  100.00	  799.98	 2956.56	 3999.76	  600.14	 1054.59	  177.98	    0.04	    0.00	    0.00	    0.00	 4835.04	 2003.37	 1600.71	    0.00	    0.00	    0.00	    0.00	    0.00	    0.00
18	14	    0.00	    0.01	    0.00	    0.00	    0.00	    0.18	  699.59	  999.26	    0.00	    0.00	    0.00	    0.00	    0.00	    0.00	    0.00	 1899.19	 4915.70	  299.85	 6813.81	 3607.85	    0.15	    0.36	    0.15	    0.07
18	16	    0.08	    0.00	    0.02	    0.10	    0.04	    0.00	    0.00	    0.00	    0.09	    0.41	    0.67	    0.18	    0.19	 1391.58	 2686.35	    0.00	    0.00	    0.00	 2985.65	  104.75	  275.34	 1699.87	  599.96	  187.51
18	19	    0.02	    0.00	    0.00	    0.11	    0.02	    0.02	    0.00	    0.00	    0.09	 1445.67	  421.88	    0.16	    0.00	 1205.67	 2414.14	    0.00	  180.78	    0.00	 3000.54	    0.00	    0.00	    0.00	    0.00	    0.00
19	17	    0.00	    0.00	    0.00	    0.00	    0.00	    0.00	    0.00	    0.00	    0.00	    0.20	    0.04	    1.11	 1064.68	  708.28	 1314.45	    0.00	    0.13	    0.00	 1714.38	 7785.94	 1724.81	 2968.38	 1100.05	  712.48
19	18	    0.00	   99.93	    0.00	    0.00	    0.00	  200.03	 1099.46	 1698.99	    0.00	    0.00	    0.00	    0.00	    9.74	    0.01	    0.00	   34.33	    0.00	  599.77	    0.00	 4912.55	   64.61	    0.40	    0.16	    6.75
19	20	    0.00	    0.00	    0.00	    0.01	    0.00	  100.00	  656.92	  600.43	    0.18	    0.05	    0.02	    0.01	    0.02	    0.02	    0.03	 1500.31	  483.99	  200.87	   86.24	 2700.73	    0.00	    0.07	    0.03	    0.02
19	21	    0.00	   99.95	    0.00	    0.02	    0.01	  199.97	  700.18	  800.33	    0.05	    0.20	    0.04	    0.00	    0.00	    0.00	    0.15	 1700.41	    0.10	  400.06	    0.07	 3100.78	    0.17	    0.00	    0.00	    0.00
20	19	    0.04	    0.00	    0.00	    0.00	    0.00	    0.00	    0.00	    0.00	    0.00	    0.10	    0.11	  400.86	 1674.29	    0.19	    0.15	    0.00	    0.07	    0.00	    0.16	    0.00	 2989.59	    0.21	    2.89	 1118.99
20	21	  260.68	    0.03	   65.17	    0.06	    0.00	    0.03	    0.11	    0.12	    0.00	    0.00	    0.00	  456.19	 1460.67	    0.00	    0.00	    0.27	    0.00	    0.06	    0.00	    0.62	 4812.16	    0.00	    0.39	 1615.44
20	23	    0.00	    0.00	    0.00	    0.00	    0.00	    0.02	  456.83	  200.34	    0.24	  482.39	    0.00	    0.00	    0.00	    0.00	  671.42	  900.15	  208.66	  100.82	  248.76	 1500.18	 3198.25	 2338.95	    0.00	    0.00
21	14	    0.00	    0.00	    0.00	    0.00	    0.00	    0.00	    0.16	    0.07	    0.00	    0.00	    0.00	    0.06	  882.40	    0.00	    0.00	    0.14	    0.00	    0.07	    0.00	    0.61	 3010.11	10397.93	 2712.14	 1300.79
21	19	    0.00	    0.00	    0.00	    0.00	    0.00	    0.00	    0.00	    0.00	    0.00	    0.10	    0.12	    0.06	    0.15	    2.45	    0.34	    0.00	    0.00	    0.00	    0.00	    0.00	    0.00	 5368.65	 1797.35	    0.25
21	20	    0.01	    0.00	    0.00	    0.07	   97.13	    0.01	    0.01	    0.02	  300.06	 1682.44	    2.58	    0.03	    0.05	    0.89	 1471.53	    0.11	  324.73	    0.01	  562.67	    0.07	    0.00	 4139.09	    0.70	    0.04
21	22	    0.00	    0.00	    0.00	    0.00	    0.00	    0.01	  200.12	  300.36	  302.10	 1295.78	    0.00	    0.00	    0.00	    0.00	  977.08	  500.64	  470.99	  100.05	  308.27	  700.71	    2.21	 4494.33	    0.00	    0.00
22	13	    0.01	    0.00	    0.00	    0.00	    0.00	    0.00	    0.35	    0.69	    0.00	    0.00	    0.00	    0.03	  666.71	    0.00	    0.00	    1.21	    0.00	    0.18	    0.01	    1.08	  797.94	 1132.59	 4585.60	 1180.11
22	21	  139.23	    0.02	   34.80	    0.33	    0.04	    0.02	    0.00	    0.00	    0.00	    0.00	  387.44	  243.78	  721.93	  715.27	    0.00	    0.00	    0.00	    0.00	    0.00	    0.00	    0.00	    0.00	 6609.80	  785.65
22	23	    0.00	    0.00	    0.00	    0.02	    0.00	    0.01	    0.04	    0.08	    0.09	  317.61	  997.08	    0.00	    0.00	 1367.00	  413.75	    0.12	   91.48	    0.00	  144.88	    0.55	    0.05	 1262.11	 3304.60	    0.00
23	12	    0.00	    0.00	    0.00	    0.00	    0.00	    0.00	  356.60	    0.00	    0.00	    0.00	    0.00	    0.00	    0.00	  567.72	  685.08	  599.57	    0.09	  100.68	  293.61	 1099.82	 1202.53	 2500.69	 1902.05	 1799.87
23	20	  360.71	    0.03	   65.17	  199.98	    2.87	    0.04	    0.00	    0.00	    0.00	    0.00	  397.51	 1157.01	 3734.88	  399.29	    0.00	    0.00	    0.00	    0.00	    0.00	    0.00	    0.00	    0.00	  702.55	 3234.37
23	22	  439.17	    0.01	  134.79	    1.79	    0.35	    0.35	    0.27	    0.41	    0.00	    0.00	    0.05	  943.62	 2188.65	    0.00	    0.09	    0.70	    0.05	    0.13	    0.03	    0.91	 1495.78	    0.37	    0.00	 2665.76
