0.000000000000000000e+00 1.000000000000000000e+00 4.478137189387088256e+03
0.000000000000000000e+00 2.000000000000000000e+00 8.114492110151320958e+03
1.000000000000000000e+00 0.000000000000000000e+00 4.514827174694566565e+03
1.000000000000000000e+00 5.000000000000000000e+00 5.972319157329585323e+03
2.000000000000000000e+00 0.000000000000000000e+00 8.077802124843856291e+03
2.000000000000000000e+00 3.000000000000000000e+00 1.410368529954890437e+04
2.000000000000000000e+00 1.100000000000000000e+01 1.002995569302424883e+04
3.000000000000000000e+00 2.000000000000000000e+00 1.401924162618328955e+04
3.000000000000000000e+00 4.000000000000000000e+00 1.810506853982559551e+04
3.000000000000000000e+00 1.000000000000000000e+01 5.408274400573207458e+03
4.000000000000000000e+00 3.000000000000000000e+00 1.821869275165061845e+04
4.000000000000000000e+00 5.000000000000000000e+00 8.792761982394933511e+03
4.000000000000000000e+00 8.000000000000000000e+00 1.570007667467717511e+04
5.000000000000000000e+00 1.000000000000000000e+00 6.009009142637065452e+03
5.000000000000000000e+00 4.000000000000000000e+00 8.808719795799066560e+03
5.000000000000000000e+00 7.000000000000000000e+00 1.247126898950641953e+04
6.000000000000000000e+00 7.000000000000000000e+00 1.210629596820914594e+04
6.000000000000000000e+00 1.700000000000000000e+01 1.578876733508961297e+04
7.000000000000000000e+00 5.000000000000000000e+00 1.252391678821802270e+04
7.000000000000000000e+00 6.000000000000000000e+00 1.202647734607915299e+04
7.000000000000000000e+00 8.000000000000000000e+00 6.883352073370117068e+03
7.000000000000000000e+00 1.500000000000000000e+01 8.381900978667266827e+03
8.000000000000000000e+00 4.000000000000000000e+00 1.579774307309807409e+04
8.000000000000000000e+00 7.000000000000000000e+00 6.837085120031636507e+03
8.000000000000000000e+00 9.000000000000000000e+00 2.165991783510680762e+04
9.000000000000000000e+00 8.000000000000000000e+00 2.181131728018922149e+04
9.000000000000000000e+00 1.000000000000000000e+01 1.770840803675151983e+04
9.000000000000000000e+00 1.400000000000000000e+01 2.314669632005973108e+04
9.000000000000000000e+00 1.500000000000000000e+01 1.105164763725550802e+04
9.000000000000000000e+00 1.600000000000000000e+01 8.100797844518943748e+03
1.000000000000000000e+01 3.000000000000000000e+00 5.310206515382576981e+03
1.000000000000000000e+01 9.000000000000000000e+00 1.767844616257672897e+04
1.000000000000000000e+01 1.100000000000000000e+01 8.374412324458380681e+03
1.000000000000000000e+01 1.300000000000000000e+01 9.797905952662111304e+03
1.100000000000000000e+01 2.000000000000000000e+00 1.007770938108238261e+04
1.100000000000000000e+01 1.000000000000000000e+01 8.337598208779929337e+03
1.100000000000000000e+01 1.200000000000000000e+01 1.230472627786474368e+04
1.200000000000000000e+01 1.100000000000000000e+01 1.241566585024443702e+04
1.200000000000000000e+01 2.300000000000000000e+01 1.109741588155608406e+04
1.300000000000000000e+01 1.000000000000000000e+01 9.806690308975128573e+03
1.300000000000000000e+01 1.400000000000000000e+01 9.056198185876932257e+03
1.300000000000000000e+01 2.200000000000000000e+01 8.403310092054221968e+03
1.400000000000000000e+01 9.000000000000000000e+00 2.320665720332791534e+04
1.400000000000000000e+01 1.300000000000000000e+01 9.087138461720720443e+03
1.400000000000000000e+01 1.800000000000000000e+01 1.909703366759566052e+04
1.400000000000000000e+01 2.100000000000000000e+01 1.840041052742264219e+04
1.500000000000000000e+01 7.000000000000000000e+00 8.400997108587369439e+03
1.500000000000000000e+01 9.000000000000000000e+00 1.107293444207017455e+04
1.500000000000000000e+01 1.600000000000000000e+01 1.168782677319576032e+04
1.500000000000000000e+01 1.700000000000000000e+01 1.528279344467151714e+04
1.600000000000000000e+01 9.000000000000000000e+00 8.100911475693304965e+03
1.600000000000000000e+01 1.500000000000000000e+01 1.168019860748222345e+04
1.600000000000000000e+01 1.800000000000000000e+01 9.949494199765955273e+03
1.700000000000000000e+01 6.000000000000000000e+00 1.586858595721960592e+04
1.700000000000000000e+01 1.500000000000000000e+01 1.533080454511981588e+04
1.700000000000000000e+01 1.900000000000000000e+01 1.898298795010421600e+04
1.800000000000000000e+01 1.400000000000000000e+01 1.911998525552764113e+04
1.800000000000000000e+01 1.600000000000000000e+01 9.941979665226788711e+03
1.800000000000000000e+01 1.900000000000000000e+01 8.687970056859634497e+03
1.900000000000000000e+01 1.700000000000000000e+01 1.901081767268247495e+04
1.900000000000000000e+01 1.800000000000000000e+01 8.703407110252432176e+03
1.900000000000000000e+01 2.000000000000000000e+01 6.303119098260269311e+03
1.900000000000000000e+01 2.100000000000000000e+01 7.001420173994749348e+03
2.000000000000000000e+01 1.900000000000000000e+01 6.244377481506827280e+03
2.000000000000000000e+01 2.100000000000000000e+01 8.621739816045923362e+03
2.000000000000000000e+01 2.300000000000000000e+01 1.031248392980065910e+04
2.100000000000000000e+01 1.400000000000000000e+01 1.836836009860265767e+04
2.100000000000000000e+01 1.900000000000000000e+01 7.003428566719280752e+03
2.100000000000000000e+01 2.000000000000000000e+01 8.614768443530520017e+03
2.100000000000000000e+01 2.200000000000000000e+01 9.670980018918366113e+03
2.200000000000000000e+01 1.300000000000000000e+01 8.381154172523456509e+03
2.200000000000000000e+01 2.100000000000000000e+01 9.633966610307516021e+03
2.200000000000000000e+01 2.300000000000000000e+01 7.894815095934852252e+03
2.300000000000000000e+01 1.200000000000000000e+01 1.110835545393577013e+04
2.300000000000000000e+01 2.000000000000000000e+01 1.026071368556260859e+04
2.300000000000000000e+01 2.200000000000000000e+01 7.835645767793232153e+03
