0.000000000000000000e+00 1.000000000000000000e+00 4.501676433945724966e+03
0.000000000000000000e+00 2.000000000000000000e+00 8.103080548885011922e+03
1.000000000000000000e+00 0.000000000000000000e+00 4.503956749672341175e+03
1.000000000000000000e+00 5.000000000000000000e+00 5.982170682848497563e+03
2.000000000000000000e+00 0.000000000000000000e+00 8.100800233158378433e+03
2.000000000000000000e+00 3.000000000000000000e+00 1.403833144219325550e+04
2.000000000000000000e+00 1.100000000000000000e+01 1.003151519990816814e+04
3.000000000000000000e+00 2.000000000000000000e+00 1.404574126838960728e+04
3.000000000000000000e+00 4.000000000000000000e+00 1.803413708774081533e+04
3.000000000000000000e+00 1.000000000000000000e+01 5.210161132513666416e+03
4.000000000000000000e+00 3.000000000000000000e+00 1.804364023704170540e+04
4.000000000000000000e+00 5.000000000000000000e+00 8.798175926359315781e+03
4.000000000000000000e+00 8.000000000000000000e+00 1.580924901863432206e+04
5.000000000000000000e+00 1.000000000000000000e+00 5.984450998575121048e+03
5.000000000000000000e+00 4.000000000000000000e+00 8.799055043831491275e+03
5.000000000000000000e+00 7.000000000000000000e+00 1.250003331074832204e+04
6.000000000000000000e+00 7.000000000000000000e+00 1.206292950372873747e+04
6.000000000000000000e+00 1.700000000000000000e+01 1.573371670081734555e+04
7.000000000000000000e+00 5.000000000000000000e+00 1.250319274394710555e+04
7.000000000000000000e+00 6.000000000000000000e+00 1.205590588249857137e+04
7.000000000000000000e+00 8.000000000000000000e+00 6.844833999686948118e+03
7.000000000000000000e+00 1.500000000000000000e+01 8.387816335914430965e+03
8.000000000000000000e+00 4.000000000000000000e+00 1.581787305046303300e+04
8.000000000000000000e+00 7.000000000000000000e+00 6.843306696847839703e+03
8.000000000000000000e+00 9.000000000000000000e+00 2.176322601759301688e+04
9.000000000000000000e+00 8.000000000000000000e+00 2.187032274658261304e+04
9.000000000000000000e+00 1.000000000000000000e+01 1.771319863948633065e+04
9.000000000000000000e+00 1.400000000000000000e+01 2.314531940416784710e+04
9.000000000000000000e+00 1.500000000000000000e+01 1.104925336644319759e+04
9.000000000000000000e+00 1.600000000000000000e+01 8.100570997796356096e+03
1.000000000000000000e+01 3.000000000000000000e+00 5.308067809409130859e+03
1.000000000000000000e+01 9.000000000000000000e+00 1.760130478885431876e+04
1.000000000000000000e+01 1.100000000000000000e+01 8.384861086958815577e+03
1.000000000000000000e+01 1.300000000000000000e+01 9.784665041247446425e+03
1.100000000000000000e+01 2.000000000000000000e+00 1.002182505798519378e+04
1.100000000000000000e+01 1.000000000000000000e+01 8.413995062204954593e+03
1.100000000000000000e+01 1.200000000000000000e+01 1.231812772183823290e+04
1.200000000000000000e+01 1.100000000000000000e+01 1.243757155516138664e+04
1.200000000000000000e+01 2.300000000000000000e+01 1.107917771273067774e+04
1.300000000000000000e+01 1.000000000000000000e+01 9.841543892264735405e+03
1.300000000000000000e+01 1.400000000000000000e+01 9.034846816579314691e+03
1.300000000000000000e+01 2.200000000000000000e+01 8.442146030681140473e+03
1.400000000000000000e+01 9.000000000000000000e+00 2.327386373471241313e+04
1.400000000000000000e+01 1.300000000000000000e+01 9.073431658093777514e+03
1.400000000000000000e+01 1.800000000000000000e+01 1.888484615759326334e+04
1.400000000000000000e+01 2.100000000000000000e+01 1.840100428162544267e+04
1.500000000000000000e+01 7.000000000000000000e+00 8.385479450722186812e+03
1.500000000000000000e+01 9.000000000000000000e+00 1.103987867069923414e+04
1.500000000000000000e+01 1.600000000000000000e+01 1.162810998388813641e+04
1.500000000000000000e+01 1.700000000000000000e+01 1.521580873392350986e+04
1.600000000000000000e+01 9.000000000000000000e+00 8.100391942617367931e+03
1.600000000000000000e+01 1.500000000000000000e+01 1.166752141038667287e+04
1.600000000000000000e+01 1.800000000000000000e+01 9.921461747764700704e+03
1.700000000000000000e+01 6.000000000000000000e+00 1.574074032204751347e+04
1.700000000000000000e+01 1.500000000000000000e+01 1.516468572648875670e+04
1.700000000000000000e+01 1.900000000000000000e+01 1.895795367745054682e+04
1.800000000000000000e+01 1.400000000000000000e+01 1.876726275970873394e+04
1.800000000000000000e+01 1.600000000000000000e+01 9.960694119084271733e+03
1.800000000000000000e+01 1.900000000000000000e+01 8.700723518605860590e+03
1.900000000000000000e+01 1.700000000000000000e+01 1.881385429124594884e+04
1.900000000000000000e+01 1.800000000000000000e+01 8.622372492040902216e+03
1.900000000000000000e+01 2.000000000000000000e+01 6.249030203394867385e+03
1.900000000000000000e+01 2.100000000000000000e+01 7.499905798163113104e+03
2.000000000000000000e+01 1.900000000000000000e+01 6.425464840163504050e+03
2.000000000000000000e+01 2.100000000000000000e+01 8.441869378779856561e+03
2.000000000000000000e+01 2.300000000000000000e+01 1.030739362393903320e+04
2.100000000000000000e+01 1.400000000000000000e+01 1.858571685156901003e+04
2.100000000000000000e+01 1.900000000000000000e+01 7.001020748624923726e+03
2.100000000000000000e+01 2.000000000000000000e+01 8.663149590607794380e+03
2.100000000000000000e+01 2.200000000000000000e+01 9.686012862720388512e+03
2.200000000000000000e+01 1.300000000000000000e+01 8.460440040183959354e+03
2.200000000000000000e+01 2.100000000000000000e+01 9.593120594953688851e+03
2.200000000000000000e+01 2.300000000000000000e+01 7.888101976358194406e+03
2.300000000000000000e+01 1.200000000000000000e+01 1.109862154605383694e+04
2.300000000000000000e+01 2.000000000000000000e+01 1.026254804887974205e+04
2.300000000000000000e+01 2.200000000000000000e+01 7.813503718094325450e+03
