0.000000000000000000e+00 1.000000000000000000e+00 4.495042876032435743e+03
0.000000000000000000e+00 2.000000000000000000e+00 8.116130780287757261e+03
1.000000000000000000e+00 0.000000000000000000e+00 4.516861396796682129e+03
1.000000000000000000e+00 5.000000000000000000e+00 5.980015366728731351e+03
2.000000000000000000e+00 0.000000000000000000e+00 8.094312259523510875e+03
2.000000000000000000e+00 3.000000000000000000e+00 1.400426140345826570e+04
2.000000000000000000e+00 1.100000000000000000e+01 1.003152623652024340e+04
3.000000000000000000e+00 2.000000000000000000e+00 1.402880486947058489e+04
3.000000000000000000e+00 4.000000000000000000e+00 1.820217184692826413e+04
3.000000000000000000e+00 1.000000000000000000e+01 5.210808289025353588e+03
4.000000000000000000e+00 3.000000000000000000e+00 1.822844869208901218e+04
4.000000000000000000e+00 5.000000000000000000e+00 8.796824358145557198e+03
4.000000000000000000e+00 8.000000000000000000e+00 1.578556402839307157e+04
5.000000000000000000e+00 1.000000000000000000e+00 6.001833887492977738e+03
5.000000000000000000e+00 4.000000000000000000e+00 8.805694568227216223e+03
5.000000000000000000e+00 7.000000000000000000e+00 1.249156220512587242e+04
6.000000000000000000e+00 7.000000000000000000e+00 1.210304799224678573e+04
6.000000000000000000e+00 1.700000000000000000e+01 1.579984095085194713e+04
7.000000000000000000e+00 5.000000000000000000e+00 1.252225093597177693e+04
7.000000000000000000e+00 6.000000000000000000e+00 1.204164482387991120e+04
7.000000000000000000e+00 8.000000000000000000e+00 6.882406190953446639e+03
7.000000000000000000e+00 1.500000000000000000e+01 8.387178418862167746e+03
8.000000000000000000e+00 4.000000000000000000e+00 1.580297066347216969e+04
8.000000000000000000e+00 7.000000000000000000e+00 6.836740196004338031e+03
8.000000000000000000e+00 9.000000000000000000e+00 2.174633887376890925e+04
9.000000000000000000e+00 8.000000000000000000e+00 2.181807951389888694e+04
9.000000000000000000e+00 1.000000000000000000e+01 1.772899101001861709e+04
9.000000000000000000e+00 1.400000000000000000e+01 2.312784902565327866e+04
9.000000000000000000e+00 1.500000000000000000e+01 1.104764773127227818e+04
9.000000000000000000e+00 1.600000000000000000e+01 8.100623719173915561e+03
1.000000000000000000e+01 3.000000000000000000e+00 5.309074909876916536e+03
1.000000000000000000e+01 9.000000000000000000e+00 1.760625035839401608e+04
1.000000000000000000e+01 1.100000000000000000e+01 8.368662554211587121e+03
1.000000000000000000e+01 1.300000000000000000e+01 9.777221392222805662e+03
1.100000000000000000e+01 2.000000000000000000e+00 9.985164249743684195e+03
1.100000000000000000e+01 1.000000000000000000e+01 8.405475288181871292e+03
1.100000000000000000e+01 1.200000000000000000e+01 1.230184487071151852e+04
1.200000000000000000e+01 1.100000000000000000e+01 1.239229561790525622e+04
1.200000000000000000e+01 2.300000000000000000e+01 1.112067752764957913e+04
1.300000000000000000e+01 1.000000000000000000e+01 9.815934627479473420e+03
1.300000000000000000e+01 1.400000000000000000e+01 9.037323765539942542e+03
1.300000000000000000e+01 2.200000000000000000e+01 8.396644032529889955e+03
1.400000000000000000e+01 9.000000000000000000e+00 2.319719716051571595e+04
1.400000000000000000e+01 1.300000000000000000e+01 9.079770102834661884e+03
1.400000000000000000e+01 1.800000000000000000e+01 1.908375104036387711e+04
1.400000000000000000e+01 2.100000000000000000e+01 1.840479574858777414e+04
1.500000000000000000e+01 7.000000000000000000e+00 8.402129976290316336e+03
1.500000000000000000e+01 9.000000000000000000e+00 1.107271888088595915e+04
1.500000000000000000e+01 1.600000000000000000e+01 1.168876905739037647e+04
1.500000000000000000e+01 1.700000000000000000e+01 1.529145107441660548e+04
1.600000000000000000e+01 9.000000000000000000e+00 8.100685726452360541e+03
1.600000000000000000e+01 1.500000000000000000e+01 1.167713586963859234e+04
1.600000000000000000e+01 1.800000000000000000e+01 9.953274630176252685e+03
1.700000000000000000e+01 6.000000000000000000e+00 1.586124411921882165e+04
1.700000000000000000e+01 1.500000000000000000e+01 1.534310696921021918e+04
1.700000000000000000e+01 1.900000000000000000e+01 1.899129830014762410e+04
1.800000000000000000e+01 1.400000000000000000e+01 1.911895158233151960e+04
1.800000000000000000e+01 1.600000000000000000e+01 9.941703449702921716e+03
1.800000000000000000e+01 1.900000000000000000e+01 8.683626843110912887e+03
1.900000000000000000e+01 1.700000000000000000e+01 1.900435736330809959e+04
1.900000000000000000e+01 1.800000000000000000e+01 8.707256204605191670e+03
1.900000000000000000e+01 2.000000000000000000e+01 6.304590251912324675e+03
1.900000000000000000e+01 2.100000000000000000e+01 7.002163918817661397e+03
2.000000000000000000e+01 1.900000000000000000e+01 6.241833893552367954e+03
2.000000000000000000e+01 2.100000000000000000e+01 8.619321815919094661e+03
2.000000000000000000e+01 2.300000000000000000e+01 1.030724302377250933e+04
2.100000000000000000e+01 1.400000000000000000e+01 1.838138967877729738e+04
2.100000000000000000e+01 1.900000000000000000e+01 7.001608701832384213e+03
2.100000000000000000e+01 2.000000000000000000e+01 8.607493749633053085e+03
2.100000000000000000e+01 2.200000000000000000e+01 9.659308414003877260e+03
2.200000000000000000e+01 1.300000000000000000e+01 8.392910930491858380e+03
2.200000000000000000e+01 2.100000000000000000e+01 9.623519060922084464e+03
2.200000000000000000e+01 2.300000000000000000e+01 7.900322546129971670e+03
2.300000000000000000e+01 1.200000000000000000e+01 1.111112827484332229e+04
2.300000000000000000e+01 2.000000000000000000e+01 1.025631473169858873e+04
2.300000000000000000e+01 2.200000000000000000e+01 7.860800091010140022e+03
