0.000000000000000000e+00 1.000000000000000000e+00 4.496485085932268703e+03
0.000000000000000000e+00 2.000000000000000000e+00 8.117960519636761092e+03
1.000000000000000000e+00 0.000000000000000000e+00 4.519021270332261338e+03
1.000000000000000000e+00 5.000000000000000000e+00 5.967757555758344097e+03
2.000000000000000000e+00 0.000000000000000000e+00 8.095424335236766638e+03
2.000000000000000000e+00 3.000000000000000000e+00 1.402022517339113801e+04
2.000000000000000000e+00 1.100000000000000000e+01 1.003833406569192994e+04
3.000000000000000000e+00 2.000000000000000000e+00 1.404696758793162189e+04
3.000000000000000000e+00 4.000000000000000000e+00 1.801657031677758641e+04
3.000000000000000000e+00 1.000000000000000000e+01 5.210136929173890167e+03
4.000000000000000000e+00 3.000000000000000000e+00 1.804426766936241620e+04
4.000000000000000000e+00 5.000000000000000000e+00 8.796819136173469815e+03
4.000000000000000000e+00 8.000000000000000000e+00 1.578601967349279766e+04
5.000000000000000000e+00 1.000000000000000000e+00 5.990293740158336732e+03
5.000000000000000000e+00 4.000000000000000000e+00 8.804833411653891744e+03
5.000000000000000000e+00 7.000000000000000000e+00 1.249273352370787143e+04
6.000000000000000000e+00 7.000000000000000000e+00 1.209995648110750881e+04
6.000000000000000000e+00 1.700000000000000000e+01 1.580725462911832074e+04
7.000000000000000000e+00 5.000000000000000000e+00 1.252328398358827690e+04
7.000000000000000000e+00 6.000000000000000000e+00 1.204361038501802614e+04
7.000000000000000000e+00 8.000000000000000000e+00 6.883023283480959435e+03
7.000000000000000000e+00 1.500000000000000000e+01 8.383608384918283264e+03
8.000000000000000000e+00 4.000000000000000000e+00 1.580570275059720916e+04
8.000000000000000000e+00 7.000000000000000000e+00 6.834413461382983769e+03
8.000000000000000000e+00 9.000000000000000000e+00 2.174723610826811637e+04
9.000000000000000000e+00 8.000000000000000000e+00 2.181830936327456948e+04
9.000000000000000000e+00 1.000000000000000000e+01 1.772805118183878949e+04
9.000000000000000000e+00 1.400000000000000000e+01 2.313096609271931084e+04
9.000000000000000000e+00 1.500000000000000000e+01 1.104587947186072597e+04
9.000000000000000000e+00 1.600000000000000000e+01 8.100758401926376791e+03
1.000000000000000000e+01 3.000000000000000000e+00 5.309181991129546986e+03
1.000000000000000000e+01 9.000000000000000000e+00 1.760653482349351543e+04
1.000000000000000000e+01 1.100000000000000000e+01 8.365285932742935984e+03
1.000000000000000000e+01 1.300000000000000000e+01 9.778269765448449107e+03
1.100000000000000000e+01 2.000000000000000000e+00 9.989055466751451604e+03
1.100000000000000000e+01 1.000000000000000000e+01 8.403976093575396590e+03
1.100000000000000000e+01 1.200000000000000000e+01 1.230489388307907393e+04
1.200000000000000000e+01 1.100000000000000000e+01 1.239430544497106166e+04
1.200000000000000000e+01 2.300000000000000000e+01 1.111955775128804453e+04
1.300000000000000000e+01 1.000000000000000000e+01 9.817108308226346708e+03
1.300000000000000000e+01 1.400000000000000000e+01 9.035057643680940600e+03
1.300000000000000000e+01 2.200000000000000000e+01 8.395725854786602213e+03
1.400000000000000000e+01 9.000000000000000000e+00 2.319797751378169778e+04
1.400000000000000000e+01 1.300000000000000000e+01 9.077584239877127402e+03
1.400000000000000000e+01 1.800000000000000000e+01 1.908476380174597580e+04
1.400000000000000000e+01 2.100000000000000000e+01 1.840548421654356571e+04
1.500000000000000000e+01 7.000000000000000000e+00 8.406422570807180819e+03
1.500000000000000000e+01 9.000000000000000000e+00 1.107174605075361433e+04
1.500000000000000000e+01 1.600000000000000000e+01 1.168792642602242631e+04
1.500000000000000000e+01 1.700000000000000000e+01 1.529078518657703717e+04
1.600000000000000000e+01 9.000000000000000000e+00 8.100470015322842301e+03
1.600000000000000000e+01 1.500000000000000000e+01 1.167581914781005253e+04
1.600000000000000000e+01 1.800000000000000000e+01 9.953771692555368645e+03
1.700000000000000000e+01 6.000000000000000000e+00 1.586360072520780523e+04
1.700000000000000000e+01 1.500000000000000000e+01 1.535157322957120959e+04
1.700000000000000000e+01 1.900000000000000000e+01 1.898869917465920662e+04
1.800000000000000000e+01 1.400000000000000000e+01 1.911910521233393956e+04
1.800000000000000000e+01 1.600000000000000000e+01 9.941376027739455822e+03
1.800000000000000000e+01 1.900000000000000000e+01 8.685044139038363937e+03
1.900000000000000000e+01 1.700000000000000000e+01 1.900583331374283443e+04
1.900000000000000000e+01 1.800000000000000000e+01 8.706989884810451258e+03
1.900000000000000000e+01 2.000000000000000000e+01 6.304052831635152870e+03
1.900000000000000000e+01 2.100000000000000000e+01 7.002259964503818082e+03
2.000000000000000000e+01 1.900000000000000000e+01 6.241293467174009493e+03
2.000000000000000000e+01 2.100000000000000000e+01 8.616765351986950918e+03
2.000000000000000000e+01 2.300000000000000000e+01 1.030699282481201953e+04
2.100000000000000000e+01 1.400000000000000000e+01 1.838068082321415568e+04
2.100000000000000000e+01 1.900000000000000000e+01 7.004099213820688419e+03
2.100000000000000000e+01 2.000000000000000000e+01 8.606376827742107707e+03
2.100000000000000000e+01 2.200000000000000000e+01 9.658980856816599044e+03
2.200000000000000000e+01 1.300000000000000000e+01 8.392037801368283908e+03
2.200000000000000000e+01 2.100000000000000000e+01 9.625628188559212504e+03
2.200000000000000000e+01 2.300000000000000000e+01 7.898406731765591758e+03
2.300000000000000000e+01 1.200000000000000000e+01 1.110896931318002680e+04
2.300000000000000000e+01 2.000000000000000000e+01 1.025462198459571664e+04
2.300000000000000000e+01 2.200000000000000000e+01 7.861366010089906922e+03
