i	j	       0	       1	       2	       3	       4	       5	       6	       7	       8	       9	      10	      11	      12	      13	      14	      15	      16	      17	      18	      19	      20	      21	      22	      23
0	1	 2600.54	    0.00	  263.84	  200.02	   16.89	    0.00	    0.01	    0.02	   33.78	  101.37	  200.02	  451.15	  456.47	  100.00	   16.84	    0.02	    0.03	    0.00	    0.01	    0.00	    0.01	    0.10	    0.06	   29.41
0	2	 6199.46	 1143.44	    0.00	    0.00	    0.00	  234.34	  142.49	  247.38	    0.00	    0.00	    0.00	    0.00	    0.00	    0.00	    0.00	  110.01	    0.00	   34.93	    0.00	    0.02	    0.00	    0.00	    0.00	    0.00
1	0	    0.00	 1243.44	    0.00	    0.00	    0.00	  534.34	  642.47	 1047.35	    0.00	    0.00	    0.00	    0.00	    0.00	    0.00	    0.00	  609.99	    0.45	  134.92	    0.03	  299.98	    0.00	    0.02	    0.00	    0.00
1	5	 2500.54	 2756.56	  163.84	    0.04	    0.00	    0.00	    0.00	    0.00	    0.00	    0.00	    0.04	  351.15	  156.47	    0.01	    0.00	    0.00	    0.00	    0.00	    0.00	    0.00	    0.01	    0.03	    0.06	   29.41
2	0	    0.00	    0.00	  363.84	  700.02	  216.89	    0.00	    0.03	    0.05	  533.78	 1401.37	  700.02	  651.15	  956.47	  400.00	  516.84	    0.04	  399.59	    0.00	  299.99	    0.04	  100.00	  400.09	  300.06	  129.41
2	3	 4499.43	  643.34	 1936.12	    0.00	    0.00	    0.00	    0.00	    0.00	    0.00	    0.00	    0.00	 3786.26	 2497.47	    0.08	    0.00	    0.00	    0.00	    0.00	    0.00	    0.00	  203.07	    0.32	    3.22	  470.42
2	11	 1600.02	  400.10	  500.04	 1601.43	  402.67	  500.25	  752.69	 1200.00	 1399.69	  670.01	    0.83	    0.00	    0.00	    0.13	   53.57	  539.62	  188.87	  199.31	   22.96	    0.11	    0.00	    0.00	    0.00	    0.00
3	2	    0.00	    0.00	    0.00	 2501.45	  719.56	  565.91	  710.23	 1152.67	 2033.46	 2371.38	 1000.38	    0.00	    0.00	  499.85	  670.35	  629.64	  688.45	  164.39	  322.94	    0.10	    0.01	    0.05	    0.04	    0.00
3	4	 3198.82	  143.26	 1336.02	 6698.75	    0.00	    0.00	    0.00	    0.00	    0.00	    0.11	  903.39	 3185.59	 1897.07	  200.08	    0.07	    0.00	    0.01	    0.00	    0.02	    0.00	    3.11	    0.04	  199.99	  270.45
3	10	  800.61	  300.13	  400.10	 2399.81	  699.83	  599.76	    0.36	    7.02	    1.19	    0.16	    0.00	    0.67	    0.40	    0.06	    0.06	    0.25	    0.04	    0.02	    0.02	    0.02	    0.02	    0.04	    0.05	    0.02
4	3	    0.00	    0.04	    0.00	    0.00	 1919.39	 1565.67	 1110.58	 1859.69	 2734.65	 3567.95	    0.00	    0.00	    0.00	    0.00	 1167.62	 1429.90	 1187.58	  264.40	  521.79	  300.13	    0.03	  398.65	    0.00	    0.00
4	5	    0.00	    0.00	  531.76	 2127.39	 1257.75	    0.00	    0.02	    0.03	  566.37	 1298.57	  403.00	 1482.25	  568.95	  100.02	  282.83	    0.04	    0.04	    0.00	    0.09	    0.01	    0.01	    0.00	   99.94	   70.58
4	8	 2998.82	  899.80	  704.27	 4071.36	 2922.86	 1399.93	    0.02	    0.10	    0.00	    0.00	    0.39	 1503.34	 1128.12	    0.06	    0.00	    0.06	    0.00	    0.01	    0.00	    0.02	    0.00	    0.00	    0.05	  199.87
5	1	    0.00	    0.00	    0.00	    0.02	   83.11	  934.34	  842.46	 1447.33	  166.22	  498.63	    0.02	    0.00	    0.00	    0.01	   83.16	 1009.98	  200.41	  134.92	  100.01	  399.98	    0.00	   99.94	    0.00	    0.00
5	4	    0.00	  856.59	    0.00	    0.00	    0.00	 3165.60	 1012.02	 1807.67	    0.00	    0.00	    0.00	    0.00	    0.00	    0.00	    0.00	 1458.50	    0.48	  202.31	    0.03	  307.13	    0.05	    0.00	    0.00	    0.00
5	7	 2200.54	 1499.97	  395.60	 1727.40	  974.64	 3500.06	    0.00	    0.00	    0.14	    0.06	    3.02	 1633.40	  525.41	    0.02	    0.00	    0.00	    0.00	    0.00	    0.00	    0.00	    0.00	    0.00	    0.00	    0.00
6	7	    0.00	    0.00	    0.00	    0.00	    0.00	    0.00	 4159.03	    0.00	    0.00	    0.00	    0.00	    0.00	    0.00	  399.88	  600.13	  404.23	  140.29	  999.08	  999.62	 2599.18	  499.94	  799.75	  299.94	  199.97
6	17	  426.92	  332.16	    7.86	  430.57	  119.13	  975.21	 7940.97	 4492.76	  823.83	    0.54	    0.12	  217.83	    0.03	    0.00	    0.00	    0.00	    0.02	    0.00	    0.00	    0.00	    0.00	    0.00	    0.00	    0.00
7	5	    0.00	    0.00	    0.00	    0.00	    0.00	    0.00	 2254.47	 4054.97	    0.00	    0.12	    0.00	    0.00	    0.00	    0.00	    0.33	 3368.44	  700.85	  437.23	  299.95	 1007.10	  100.04	  299.91	    0.00	    0.01
7	6	  926.92	  532.16	  107.86	  830.57	  319.13	 1375.21	    0.00	 5492.76	 1423.78	    1.82	    0.46	  917.76	   44.61	    0.00	    0.00	    0.00	    0.11	    0.00	    0.00	    0.00	    0.00	    0.00	    0.00	    0.00
7	8	    0.00	    0.00	    0.00	    0.00	    0.00	    0.00	  904.56	 3744.53	    0.00	    0.00	    0.00	    0.00	    0.00	    0.00	    0.00	 1280.98	    0.09	  262.16	    0.00	  692.95	    0.03	    0.00	    0.00	    0.00
7	15	  473.93	  567.85	  171.40	  674.73	  421.67	 1324.93	    0.00	 3407.74	  852.75	    0.00	    0.06	  465.81	    0.23	    0.00	    0.00	    0.00	    0.00	    0.00	    0.00	    0.00	    0.00	    0.00	    0.00	    0.00
8	4	    0.00	    0.00	    0.00	    0.00	    0.00	    0.00	  298.60	  552.15	 4101.02	 5866.41	    0.00	    0.00	    0.00	    0.00	 1650.39	  471.49	 1387.12	   62.11	  621.84	   93.03	   96.87	  598.61	    0.00	    0.00
8	7	    0.30	    0.04	   83.66	  477.90	  266.17	    0.09	    0.00	    0.00	 3076.39	 1601.62	  797.50	  350.17	  119.43	    0.00	    0.00	    0.00	    0.22	    0.00	    0.00	    0.00	    0.00	    0.00	    0.00	    0.00
8	9	 2498.52	  699.76	  520.60	 2893.47	 1856.69	  999.84	    6.20	 2392.47	 9022.60	    0.00	    0.00	  553.22	  408.74	    0.00	    0.00	    0.69	    0.00	    0.13	    0.00	    0.25	    0.00	    0.00	    0.00	    0.00
9	8	    0.00	    0.00	    0.00	    0.00	    0.00	    0.00	    0.22	    0.00	    0.00	10268.03	 2197.11	    0.05	    0.05	  599.94	 2650.39	  591.14	 2287.25	    0.07	 1021.84	    0.31	  396.84	 1298.61	  499.95	    0.13
9	10	    0.00	    0.00	    0.00	    0.00	    0.00	    0.00	  499.46	  793.00	 1708.49	 8378.51	    0.00	    0.00	    0.00	    0.00	 1294.15	 1560.24	 1911.81	  199.93	  428.71	  428.73	    0.88	  505.54	    0.00	    0.00
9	14	  799.85	   99.93	   99.98	 1099.43	  597.49	  199.87	    0.00	    0.00	 2690.71	14714.77	 1971.31	  663.84	    7.62	    0.00	    0.00	    0.00	    0.78	    0.00	    0.00	    0.00	    0.00	    0.00	    0.00	    0.00
9	15	    0.00	    0.00	   20.77	   94.83	   59.27	    0.00	    0.00	    0.00	  523.60	 7938.17	 2141.94	  215.24	    0.26	    0.00	    0.00	    0.00	    0.00	    0.00	    0.00	    0.00	    0.00	    0.00	    0.00	    0.00
9	16	  399.14	    0.02	   99.97	  499.83	  199.93	    0.04	    0.08	    0.11	 1299.79	 3900.52	  999.85	  599.89	  499.91	    0.06	    0.12	    0.11	    0.00	    0.05	    0.07	    0.14	    0.05	    0.14	    0.05	    0.02
10	3	    0.00	    0.00	    0.00	    0.00	    0.00	    0.00	    0.00	    0.00	    0.00	    3.71	 3403.77	    0.00	    0.00	 1199.90	    2.86	    0.00	    0.93	    0.00	    1.19	    0.00	    0.04	    1.17	  696.87	    0.05
10	9	    0.46	    0.13	    0.11	    0.62	    0.00	    0.00	    0.00	    0.00	    0.00	    0.00	11210.21	 2925.81	 1999.11	 1092.15	    0.00	    0.00	    0.00	    0.00	    0.00	    0.00	    0.00	    0.00	  348.18	   48.88
10	11	    0.00	    0.00	    0.00	    0.00	    0.00	    0.00	    0.00	    0.00	    0.10	 3229.99	 2400.22	    0.00	    0.00	  729.51	  658.41	  160.49	  910.98	    0.02	  282.16	    0.00	    0.00	    0.00	    0.00	    0.00
10	13	  300.25	  100.03	  100.04	  999.27	  199.85	  199.83	    0.00	    0.02	  309.57	 1144.97	 5285.79	 1035.70	   58.07	    0.00	    0.00	    0.00	    0.04	    0.00	    0.00	    0.00	    0.00	    0.00	    0.00	    0.00
11	2	    0.00	    0.00	    0.00	    0.00	    0.00	    0.00	    0.00	    0.00	    0.00	    0.00	    0.46	 4637.41	 3553.93	    0.37	    0.05	    0.00	    0.00	    0.00	    0.00	    0.03	  303.06	  500.35	  403.23	  599.83
11	10	    0.11	    0.04	    0.05	    0.08	    0.02	    0.07	    0.00	    0.00	    0.00	    0.00	    0.00	 5360.84	 3056.77	    0.00	    0.00	    0.00	    0.00	    0.00	    0.00	    0.00	    0.04	    0.00	    0.00	    0.31
11	12	 1399.92	  300.06	  299.98	 1001.35	  202.65	  300.18	   52.75	  600.00	  799.79	 1900.00	 1000.59	 3901.76	    0.00	   29.52	   11.93	    0.91	  499.85	    0.02	    5.11	    0.04	    0.00	    0.00	    0.00	    0.00
12	11	    0.00	    0.00	    0.00	    0.00	    0.00	    0.00	    0.06	    0.00	    0.00	    0.00	    0.00	    0.00	 7910.71	    0.26	    0.00	    0.80	    0.00	    0.70	    0.00	  499.96	  603.10	 1200.35	 1103.23	 1100.14
12	23	  899.92	    0.06	  199.98	  401.35	    2.65	  100.18	    0.00	    0.00	  199.79	    0.00	    0.59	 2601.76	 6689.29	    0.00	    0.00	    0.00	    0.00	    0.00	    0.00	    0.00	    0.00	    0.00	    0.00	    0.00
13	10	    0.00	    0.00	    0.00	    0.00	    0.00	    0.00	    0.18	    0.00	    0.00	    0.00	    0.00	    0.00	    0.00	 4621.50	  767.06	    0.00	    0.10	    0.07	  254.61	  171.24	  399.11	  595.58	 2344.99	  648.60
13	14	    0.17	    0.03	    0.02	    0.19	    0.02	    0.01	    0.00	    0.00	    0.00	    0.00	 1007.32	  335.80	  108.90	 6259.23	    0.00	    0.00	    0.00	    0.00	    0.00	    0.00	    0.00	    0.00	 1175.33	  137.24
13	22	    0.09	    0.01	    0.02	  499.09	   99.84	   99.82	    0.00	    0.00	  194.13	  805.79	 2678.53	    0.17	    0.00	 3219.27	  438.07	    0.00	  223.82	    0.00	  137.46	    0.00	    0.00	    0.00	    0.00	    0.00
14	9	    0.00	    0.00	    0.00	    0.00	    0.00	    0.00	    0.00	    0.00	    0.00	    0.00	    0.00	    0.00	    0.00	 1607.85	 7944.66	    0.29	    0.76	    0.05	 3250.43	 1696.94	 1597.77	 4404.29	 1951.82	  751.27
14	13	    0.00	    0.00	    0.00	    0.00	    0.00	    0.00	  199.43	  398.87	  484.55	 1760.82	    0.06	    0.00	    0.00	    0.00	 2505.13	  698.87	  923.88	   99.72	  692.07	  668.95	    1.49	  657.99	    0.00	    0.00
14	18	  300.03	    0.08	    0.01	  200.06	  100.03	    0.12	    0.02	    0.03	    0.17	 3359.69	  857.43	  300.05	  291.89	 2896.78	 5900.09	    0.05	    0.40	    0.01	    0.00	    0.05	  590.33	 2899.92	  899.98	  269.42
14	21	    0.00	    0.00	    0.00	  399.56	  297.48	    0.00	    0.00	    0.00	 1305.99	 5594.26	  721.13	    0.00	    0.00	  454.61	 5050.12	    0.22	 2459.39	    0.00	 2123.72	    0.00	    0.00	    0.00	    0.00	    0.00
15	7	    0.00	    0.00	    0.00	    0.00	    0.00	    0.00	    0.00	    0.00	    0.00	    0.26	    0.00	    0.00	    0.00	    0.09	    0.20	 6445.19	 1960.54	    0.30	    0.33	    0.87	    0.13	    0.16	    0.06	    0.04
15	9	    0.00	    0.05	    0.00	    0.00	    0.00	    0.07	 2393.34	    0.64	    0.00	    0.00	    0.00	    0.00	    0.00	    0.00	    0.00	 6548.99	    0.55	  899.63	    0.19	 1231.80	    0.00	    0.00	    0.00	    0.00
15	16	    0.85	  199.98	    0.03	    0.15	    0.06	  499.99	 1000.33	 1400.19	    0.11	    0.49	    0.09	    0.05	    0.00	    0.00	    0.00	 5817.93	    0.00	  600.29	    0.00	 1601.78	  355.74	    0.00	    0.00	  124.48
15	17	    0.02	    0.00	    0.00	    0.02	    0.00	    0.02	    0.00	    0.14	    0.15	 3538.99	  742.30	    0.17	    0.00	    0.03	    0.13	 7287.89	 3892.21	    0.00	    0.13	    0.00	    0.00	    0.00	    0.00	    0.00
16	9	    0.00	    0.00	    0.00	    0.00	    0.00	    0.00	    0.22	    0.00	    0.00	    0.00	    0.00	    0.00	    0.00	    0.00	    0.00	    1.53	 8098.54	    0.24	    0.00	    0.19	    0.00	    0.00	    0.00	    0.00
16	15	    0.00	    0.00	    0.00	    0.00	    0.00	    0.00	    0.00	    0.00	    0.00	    1.21	    0.13	    0.00	    0.00	  681.84	 1170.05	    0.00	 8653.19	    0.00	 1267.91	    0.00	    0.05	    0.10	    0.04	    0.03
16	18	    0.03	    0.02	    0.00	    0.02	    0.01	    0.03	    0.19	    0.31	  399.98	    0.15	    0.00	    0.00	    0.00	    0.00	    0.00	 3016.51	 6648.28	    0.10	    0.00	    0.00	    0.00	    0.00	    0.00	    0.00
17	6	    0.00	    0.00	    0.00	    0.00	    0.00	    0.00	    0.00	    0.00	    0.05	 1898.71	  499.66	    0.06	  355.42	  599.88	 1100.13	 1804.23	 1140.21	 1199.08	 1399.62	 3099.18	  699.94	 1299.75	  499.94	  299.97
17	15	   26.94	   32.19	    7.86	   30.60	   19.12	   75.15	 4793.67	  193.24	   23.91	    0.36	    0.26	   19.18	  599.51	   18.28	   30.28	    0.00	    0.11	 2000.22	   32.74	 4434.45	  955.82	 1200.06	  500.02	  424.49
17	19	  299.99	  299.97	    0.00	  299.99	  100.01	  800.08	 2947.31	 3999.67	  600.02	  940.77	  142.71	    0.13	    0.00	    0.00	    0.00	 4983.66	 2152.05	 1600.69	    0.00	    0.00	    0.00	    0.00	    0.00	    0.00
18	14	    0.00	    0.12	    0.00	    0.00	    0.00	    0.25	  699.39	  998.82	    0.00	    0.00	    0.00	    0.00	    0.00	    0.00	    0.00	 1899.28	 4883.64	  299.75	 6866.22	 3465.49	    0.15	    0.37	    0.16	    0.07
18	16	    0.04	    0.02	    0.01	    0.05	    0.02	    0.00	    0.00	    0.00	    0.08	    0.36	    0.19	    0.05	    0.09	 1381.78	 2669.93	    0.00	    0.00	    0.00	 2967.84	   98.28	  244.26	 1699.97	  599.99	  175.53
18	19	    0.02	    0.00	    0.00	    0.04	    0.02	    0.02	    0.00	    0.00	    0.09	 1559.49	  457.24	    0.00	    0.00	 1215.01	 2430.16	    0.00	   65.03	    0.00	 2965.94	    0.00	    0.00	    0.00	    0.00	    0.00
19	17	    0.00	    0.00	    0.00	    0.00	    0.00	    0.00	    0.00	    0.00	    0.00	    0.31	    0.20	    1.36	 1054.90	  718.14	 1330.27	    0.00	    0.14	    0.00	 1732.23	 7933.63	 1755.76	 2799.81	 1099.96	  724.46
19	18	    0.00	  100.05	    0.00	    0.00	    0.00	  200.11	 1099.19	 1698.48	    0.02	    0.00	    0.00	    0.00	    8.20	    0.01	    0.00	  182.72	    0.00	  599.64	    0.00	 4763.72	   54.09	    0.42	    0.17	    6.18
19	20	    0.00	    0.00	    0.00	    0.01	    0.02	  100.01	  647.74	  600.61	    0.04	    0.05	    0.02	    0.01	    0.02	    0.02	    0.03	 1500.69	  516.75	  200.89	   33.81	 2701.11	    0.00	    0.07	    0.03	    0.02
19	21	    0.00	   99.93	    0.00	    0.02	    0.01	  199.98	  700.38	  800.58	    0.06	    0.21	    0.04	    0.00	    0.00	    0.00	    0.16	 1700.25	    0.26	  400.17	    0.08	 3101.54	    0.17	    0.00	    0.00	    0.00
20	19	    0.00	    0.00	    0.00	    0.00	    0.00	    0.00	    0.00	    0.00	    0.00	    0.10	    0.02	  401.01	 1662.36	    0.08	    0.16	    0.00	    0.07	    0.00	    0.17	    0.00	 3010.02	    0.23	    3.07	 1130.03
20	21	  260.91	    0.06	   65.23	    0.21	    0.00	    0.03	    0.06	    0.07	    0.00	    0.00	    0.00	  456.60	 1459.32	    0.00	    0.00	    0.15	    0.00	    0.03	    0.00	    0.39	 4792.47	    0.00	    0.00	 1603.83
20	23	    0.00	    0.00	    0.00	    0.00	    0.00	    0.02	  447.68	  200.53	    0.14	  487.98	    0.00	    0.00	    0.00	    0.00	  682.46	  900.62	  212.33	  100.85	  248.70	 1500.72	 3197.51	 2330.13	    0.00	    0.00
21	14	    0.00	    0.00	    0.00	    0.00	    0.00	    0.00	    0.06	    0.08	    0.00	    0.00	    0.00	    0.42	  875.36	    0.00	    0.00	    0.15	    0.00	    0.03	    0.00	    0.44	 2989.44	10561.83	 2676.32	 1283.38
21	19	    0.00	    0.00	    0.00	    0.00	    0.00	    0.00	    0.00	    0.00	    0.00	    0.21	    0.29	    0.24	    0.76	    3.08	    0.14	    0.00	    0.00	    0.00	    0.00	    0.00	    0.00	 5200.07	 1797.09	    0.63
21	20	    0.01	    0.00	    0.00	    0.02	   97.53	    0.00	    0.00	    0.00	  300.09	 1688.04	    0.93	    0.03	    0.00	    0.97	 1482.59	    0.08	  295.65	    0.00	  615.07	    0.00	    0.00	 4130.29	    0.93	    0.00
21	22	    0.00	    0.00	    0.00	    0.00	    0.00	    0.03	  200.38	  300.58	  305.95	 1306.22	    0.00	    0.00	    0.00	    0.00	  967.55	  500.40	  464.00	  100.18	  308.73	  701.50	    3.21	 4507.82	    0.00	    0.00
22	13	    0.01	    0.00	    0.00	    0.02	    0.00	    0.00	    0.75	    1.11	    0.00	    0.00	    0.00	    0.28	  650.83	    0.00	    0.00	    1.13	    0.00	    0.36	    0.01	    2.30	  797.62	 1137.59	 4620.32	 1185.84
22	21	  139.10	    0.02	   34.77	    0.24	    0.04	    0.02	    0.00	    0.00	    0.00	    0.00	  380.04	  244.09	  716.81	  749.44	    0.00	    0.00	    0.00	    0.00	    0.00	    0.00	    0.00	    0.00	 6574.33	  780.18
22	23	    0.01	    0.00	    0.00	    0.02	    0.00	    0.01	    0.05	    0.10	    0.07	  312.02	  998.54	    0.00	    0.00	 1369.83	  405.62	    0.33	   87.82	    0.03	  146.18	    0.66	    0.06	 1270.31	 3305.35	    0.00
23	12	    0.00	    0.00	    0.00	    0.00	    0.00	    0.00	  347.31	    0.00	    0.00	    0.00	    0.00	    0.00	    0.00	  570.73	  688.07	  599.89	    0.15	  100.67	  294.89	 1099.92	 1203.10	 2500.35	 1903.23	 1800.14
23	20	  360.90	    0.05	   65.23	  200.18	    2.45	    0.03	    0.00	    0.00	    0.00	    0.00	  399.08	 1157.56	 3721.66	  399.10	    0.00	    0.00	    0.00	    0.00	    0.00	    0.00	    0.00	    0.00	  702.11	 3233.84
23	22	  439.03	    0.01	  134.76	    1.19	    0.20	    0.18	    0.42	    0.63	    0.00	    0.00	    0.05	  944.19	 2167.64	    0.00	    0.00	    1.06	    0.00	    0.21	    0.00	    1.46	 1494.47	    0.09	    0.00	 2666.02
