0.000000000000000000e+00 1.000000000000000000e+00 4.531481472247002785e+03
0.000000000000000000e+00 2.000000000000000000e+00 8.125044286687037129e+03
1.000000000000000000e+00 0.000000000000000000e+00 4.525754247194039635e+03
1.000000000000000000e+00 5.000000000000000000e+00 5.983223902118259502e+03
2.000000000000000000e+00 0.000000000000000000e+00 8.130771511740007554e+03
2.000000000000000000e+00 3.000000000000000000e+00 1.399747336842010191e+04
2.000000000000000000e+00 1.100000000000000000e+01 1.004942772242991305e+04
3.000000000000000000e+00 2.000000000000000000e+00 1.407032700252258655e+04
3.000000000000000000e+00 4.000000000000000000e+00 1.799767623878657105e+04
3.000000000000000000e+00 1.000000000000000000e+01 5.208854760047295713e+03
4.000000000000000000e+00 3.000000000000000000e+00 1.806886130550768212e+04
4.000000000000000000e+00 5.000000000000000000e+00 8.806068810338307230e+03
4.000000000000000000e+00 8.000000000000000000e+00 1.573741295176385393e+04
5.000000000000000000e+00 1.000000000000000000e+00 5.977496677065294534e+03
5.000000000000000000e+00 4.000000000000000000e+00 8.796629180859907137e+03
5.000000000000000000e+00 7.000000000000000000e+00 1.253727683270300986e+04
6.000000000000000000e+00 7.000000000000000000e+00 1.208682592369620761e+04
6.000000000000000000e+00 1.700000000000000000e+01 1.587295283935612679e+04
7.000000000000000000e+00 5.000000000000000000e+00 1.252210997817163843e+04
7.000000000000000000e+00 6.000000000000000000e+00 1.213613517322423832e+04
7.000000000000000000e+00 8.000000000000000000e+00 6.866503869088309330e+03
7.000000000000000000e+00 1.500000000000000000e+01 8.421932527942139131e+03
8.000000000000000000e+00 4.000000000000000000e+00 1.581803764796337055e+04
8.000000000000000000e+00 7.000000000000000000e+00 6.920712322712074638e+03
8.000000000000000000e+00 9.000000000000000000e+00 2.161811269903762877e+04
9.000000000000000000e+00 8.000000000000000000e+00 2.185294584886091616e+04
9.000000000000000000e+00 1.000000000000000000e+01 1.775279388081793149e+04
9.000000000000000000e+00 1.400000000000000000e+01 2.342988707530306056e+04
9.000000000000000000e+00 1.500000000000000000e+01 1.111813118876942644e+04
9.000000000000000000e+00 1.600000000000000000e+01 7.501414852981863987e+03
1.000000000000000000e+01 3.000000000000000000e+00 5.310523327428658376e+03
1.000000000000000000e+01 9.000000000000000000e+00 1.756820106837236017e+04
1.000000000000000000e+01 1.100000000000000000e+01 8.362452150888515462e+03
1.000000000000000000e+01 1.300000000000000000e+01 9.853013341964906431e+03
1.100000000000000000e+01 2.000000000000000000e+00 9.982301313380412466e+03
1.100000000000000000e+01 1.000000000000000000e+01 8.388809379129548688e+03
1.100000000000000000e+01 1.200000000000000000e+01 1.231162238775765763e+04
1.200000000000000000e+01 1.100000000000000000e+01 1.237085320694917937e+04
1.200000000000000000e+01 2.300000000000000000e+01 1.114220887076713916e+04
1.300000000000000000e+01 1.000000000000000000e+01 9.843731868659653628e+03
1.300000000000000000e+01 1.400000000000000000e+01 9.050306325299185119e+03
1.300000000000000000e+01 2.200000000000000000e+01 8.394814672132042688e+03
1.400000000000000000e+01 9.000000000000000000e+00 2.320655610519932088e+04
1.400000000000000000e+01 1.300000000000000000e+01 9.060562877005144401e+03
1.400000000000000000e+01 1.800000000000000000e+01 1.942565474552813976e+04
1.400000000000000000e+01 2.100000000000000000e+01 1.838904884111927822e+04
1.500000000000000000e+01 7.000000000000000000e+00 8.401866469315044014e+03
1.500000000000000000e+01 9.000000000000000000e+00 1.106188148302023183e+04
1.500000000000000000e+01 1.600000000000000000e+01 1.180547901163099050e+04
1.500000000000000000e+01 1.700000000000000000e+01 1.560054756437993456e+04
1.600000000000000000e+01 9.000000000000000000e+00 8.100421491103663357e+03
1.600000000000000000e+01 1.500000000000000000e+01 1.151966575997104701e+04
1.600000000000000000e+01 1.800000000000000000e+01 9.805736337324924534e+03
1.700000000000000000e+01 6.000000000000000000e+00 1.582364358982809063e+04
1.700000000000000000e+01 1.500000000000000000e+01 1.581004505166356830e+04
1.700000000000000000e+01 1.900000000000000000e+01 1.932107404725784727e+04
1.800000000000000000e+01 1.400000000000000000e+01 1.913705843543717492e+04
1.800000000000000000e+01 1.600000000000000000e+01 1.011892972378677405e+04
1.800000000000000000e+01 1.900000000000000000e+01 8.666087294439699690e+03
1.900000000000000000e+01 1.700000000000000000e+01 1.938126228501346850e+04
1.900000000000000000e+01 1.800000000000000000e+01 8.690684370810591645e+03
1.900000000000000000e+01 2.000000000000000000e+01 6.312547223916207258e+03
1.900000000000000000e+01 2.100000000000000000e+01 7.004027522942622454e+03
2.000000000000000000e+01 1.900000000000000000e+01 6.299259511897756056e+03
2.000000000000000000e+01 2.100000000000000000e+01 8.581187249856931885e+03
2.000000000000000000e+01 2.300000000000000000e+01 1.029834335112534973e+04
2.100000000000000000e+01 1.400000000000000000e+01 1.836457073281245539e+04
2.100000000000000000e+01 1.900000000000000000e+01 7.002100549087557738e+03
2.100000000000000000e+01 2.000000000000000000e+01 8.589863993756629498e+03
2.100000000000000000e+01 2.200000000000000000e+01 9.648829300083078124e+03
2.200000000000000000e+01 1.300000000000000000e+01 8.375276647120843336e+03
2.200000000000000000e+01 2.100000000000000000e+01 9.631100961820915472e+03
2.200000000000000000e+01 2.300000000000000000e+01 7.898199414027287276e+03
2.300000000000000000e+01 1.200000000000000000e+01 1.110143968995866271e+04
2.300000000000000000e+01 2.000000000000000000e+01 1.027637889520717908e+04
2.300000000000000000e+01 2.200000000000000000e+01 7.860933050753916177e+03
