0.000000000000000000e+00 1.000000000000000000e+00 1.964552808290822213e+04
0.000000000000000000e+00 2.000000000000000000e+00 1.120719871205846539e+04
1.000000000000000000e+00 0.000000000000000000e+00 6.723973632439091489e+03
1.000000000000000000e+00 5.000000000000000000e+00 1.540474663930469615e+04
2.000000000000000000e+00 0.000000000000000000e+00 7.797102636004790838e+03
2.000000000000000000e+00 3.000000000000000000e+00 1.560668677540933095e+04
2.000000000000000000e+00 1.100000000000000000e+01 1.767057424545158938e+04
3.000000000000000000e+00 2.000000000000000000e+00 2.393084864278881287e+04
3.000000000000000000e+00 4.000000000000000000e+00 1.896662082740430924e+04
3.000000000000000000e+00 1.000000000000000000e+01 1.300563537164468835e+04
4.000000000000000000e+00 3.000000000000000000e+00 4.802856436369159383e+03
4.000000000000000000e+00 5.000000000000000000e+00 1.074493480918121531e+04
4.000000000000000000e+00 8.000000000000000000e+00 1.180482738532286930e+04
5.000000000000000000e+00 1.000000000000000000e+00 3.021916107696443760e+03
5.000000000000000000e+00 4.000000000000000000e+00 6.094703873876195757e+03
5.000000000000000000e+00 7.000000000000000000e+00 9.341579205959660612e+03
6.000000000000000000e+00 7.000000000000000000e+00 5.510472505508514587e+03
6.000000000000000000e+00 1.700000000000000000e+01 5.366712689929292537e+03
7.000000000000000000e+00 5.000000000000000000e+00 6.803358219772844677e+03
7.000000000000000000e+00 6.000000000000000000e+00 5.602051378851218942e+03
7.000000000000000000e+00 8.000000000000000000e+00 9.666816518693477747e+02
7.000000000000000000e+00 1.500000000000000000e+01 4.034872838498937199e+03
8.000000000000000000e+00 4.000000000000000000e+00 1.881195519931291301e+03
8.000000000000000000e+00 7.000000000000000000e+00 2.451046340661990143e+03
8.000000000000000000e+00 9.000000000000000000e+00 7.644699159799105473e+03
9.000000000000000000e+00 8.000000000000000000e+00 4.352541509826835863e+03
9.000000000000000000e+00 1.000000000000000000e+01 6.855093511929286251e+03
9.000000000000000000e+00 1.400000000000000000e+01 3.419582867958514271e+03
9.000000000000000000e+00 1.500000000000000000e+01 9.220518413783671349e+03
9.000000000000000000e+00 1.600000000000000000e+01 5.656282270237388730e+02
1.000000000000000000e+01 3.000000000000000000e+00 1.014506663613942010e+03
1.000000000000000000e+01 9.000000000000000000e+00 7.864114134244987326e+03
1.000000000000000000e+01 1.100000000000000000e+01 3.965797791676069210e+03
1.000000000000000000e+01 1.300000000000000000e+01 4.073651978983379649e+03
1.100000000000000000e+01 2.000000000000000000e+00 4.008023246801218647e+03
1.100000000000000000e+01 1.000000000000000000e+01 7.208403726402391840e+03
1.100000000000000000e+01 1.200000000000000000e+01 2.930354740369974479e+03
1.200000000000000000e+01 1.100000000000000000e+01 9.263020974694609322e+03
1.200000000000000000e+01 2.300000000000000000e+01 7.586604912678659275e+03
1.300000000000000000e+01 1.000000000000000000e+01 3.633042588624636210e+03
1.300000000000000000e+01 1.400000000000000000e+01 2.637328084903479066e+03
1.300000000000000000e+01 2.200000000000000000e+01 1.901344372461985131e+03
1.400000000000000000e+01 9.000000000000000000e+00 3.408954745561401069e+03
1.400000000000000000e+01 1.300000000000000000e+01 2.697179264913022507e+03
1.400000000000000000e+01 1.800000000000000000e+01 5.268274219823468229e+03
1.400000000000000000e+01 2.100000000000000000e+01 5.795035933782961365e+03
1.500000000000000000e+01 7.000000000000000000e+00 4.099695991023188071e+03
1.500000000000000000e+01 9.000000000000000000e+00 6.712107680188451923e+03
1.500000000000000000e+01 1.600000000000000000e+01 6.399536368654404214e+03
1.500000000000000000e+01 1.700000000000000000e+01 3.949353298399541018e+03
1.600000000000000000e+01 9.000000000000000000e+00 1.911982739235173767e+02
1.600000000000000000e+01 1.500000000000000000e+01 6.650518567426654045e+03
1.600000000000000000e+01 1.800000000000000000e+01 5.425170543740542598e+03
1.700000000000000000e+01 6.000000000000000000e+00 4.035698120206906879e+03
1.700000000000000000e+01 1.500000000000000000e+01 3.667097089287600738e+03
1.700000000000000000e+01 1.900000000000000000e+01 2.741059357620624269e+03
1.800000000000000000e+01 1.400000000000000000e+01 4.651017956501738809e+03
1.800000000000000000e+01 1.600000000000000000e+01 5.678650155211425954e+03
1.800000000000000000e+01 1.900000000000000000e+01 1.393428511129788603e+03
1.900000000000000000e+01 1.700000000000000000e+01 3.364687189481016048e+03
1.900000000000000000e+01 1.800000000000000000e+01 1.255808278758252300e+03
1.900000000000000000e+01 2.000000000000000000e+01 1.250541109470052561e+03
1.900000000000000000e+01 2.100000000000000000e+01 1.238692936758276574e+03
2.000000000000000000e+01 1.900000000000000000e+01 2.073755508463199021e+03
2.000000000000000000e+01 2.100000000000000000e+01 4.833475864291012840e+03
2.000000000000000000e+01 2.300000000000000000e+01 3.380668075641125142e+03
2.100000000000000000e+01 1.400000000000000000e+01 6.964599039995287058e+03
2.100000000000000000e+01 1.900000000000000000e+01 1.329184449372380413e+03
2.100000000000000000e+01 2.000000000000000000e+01 3.351457228236143237e+03
2.100000000000000000e+01 2.200000000000000000e+01 1.565730199011393324e+03
2.200000000000000000e+01 1.300000000000000000e+01 1.853196641052323685e+03
2.200000000000000000e+01 2.100000000000000000e+01 2.323777332859973285e+03
2.200000000000000000e+01 2.300000000000000000e+01 1.363195056159001979e+03
2.300000000000000000e+01 1.200000000000000000e+01 2.888377538836539316e+03
2.300000000000000000e+01 2.000000000000000000e+01 6.138213949647765730e+03
2.300000000000000000e+01 2.200000000000000000e+01 2.676178243876086981e+03
