i	j	       0	       1	       2	       3	       4	       5	       6	       7	       8	       9	      10	      11	      12	      13	      14	      15	      16	      17	      18	      19	      20	      21	      22	      23
0	1	 2599.89	    0.00	  266.07	  200.02	   17.17	    0.00	    0.01	    0.02	   34.35	  103.04	  200.02	  469.00	  459.15	  100.00	   17.23	    0.02	    0.02	    0.00	    0.02	    0.00	    0.01	    0.14	    0.21	   28.30
0	2	 6200.11	 1131.04	    0.00	    0.00	    0.00	  400.73	  105.70	  184.09	    0.00	    0.00	    0.00	    0.00	    0.00	    0.00	    0.00	   69.54	    0.00	   26.22	    0.00	    0.02	    0.00	    0.00	    0.00	    0.00
1	0	    0.00	 1231.04	    0.00	    0.00	    0.00	  700.73	  605.68	  984.06	    0.00	    0.00	    0.00	    0.00	    0.00	    0.00	    0.00	  569.52	    0.16	  126.22	    0.03	  299.98	    0.00	    0.02	    0.00	    0.00
1	5	 2499.89	 2768.96	  166.07	    0.04	    0.00	    0.00	    0.00	    0.00	    0.00	    0.00	    0.04	  369.00	  159.15	    0.01	    0.00	    0.00	    0.00	    0.00	    0.00	    0.00	    0.01	    0.03	    0.21	   28.30
2	0	    0.00	    0.00	  366.07	  700.02	  217.17	    0.00	    0.03	    0.05	  534.35	 1403.04	  700.02	  669.00	  959.15	  400.00	  517.23	    0.04	  399.86	    0.00	  299.99	    0.04	  100.01	  400.12	  300.21	  128.30
2	3	 4500.08	  630.94	 1933.89	    0.00	    0.00	  199.98	    0.00	    0.00	    0.00	    0.00	    0.00	 3747.08	 2502.40	    0.08	    0.00	    0.00	    0.00	    0.00	    0.00	    0.00	  202.77	    0.13	    3.03	  471.32
2	11	 1600.03	  400.11	  500.04	 1601.99	  403.33	  500.47	  767.80	 1200.00	 1399.57	  658.67	    1.03	    0.00	    0.00	    0.16	   53.98	  536.21	  185.78	  199.13	   23.13	    0.12	    0.00	    0.00	    0.00	    0.00
3	2	    0.00	    0.00	    0.00	 2502.01	  720.50	  599.72	  762.13	 1215.96	 2033.92	 2361.71	 1000.49	    0.00	    0.00	  499.83	  671.16	  666.71	  685.64	  172.91	  323.12	    0.11	    0.00	    0.09	    0.07	    0.00
3	4	 3198.19	  130.89	 1333.61	 6697.31	    0.00	  199.98	    0.00	    0.00	    0.00	    0.07	  905.75	 3146.88	 1902.25	  200.24	    0.05	    0.00	    0.03	    0.00	    0.01	    0.00	    2.82	    0.04	  199.78	  271.34
3	10	  801.89	  300.09	  400.28	 2400.68	  699.69	  599.57	    0.55	    4.42	    0.31	    0.16	    0.00	    0.20	    0.15	    0.06	    0.06	    0.24	    0.04	    0.02	    0.02	    0.02	    0.02	    0.04	    0.05	    0.02
4	3	    0.00	    0.04	    0.00	    0.00	 1920.19	 1599.29	 1162.68	 1920.38	 2734.23	 3561.74	    0.00	    0.00	    0.00	    0.00	 1168.51	 1466.95	 1185.63	  272.92	  521.99	  300.14	    0.04	  398.19	    0.00	    0.00
4	5	    0.00	    0.00	  528.50	 2137.18	 1263.42	    0.00	    0.02	    0.03	  565.80	 1296.98	  404.73	 1462.95	  583.00	  100.02	  282.61	    0.04	    0.04	    0.00	    0.07	    0.01	    0.01	    0.00	   99.74	   71.68
4	8	 2998.19	  899.86	  705.11	 4060.13	 2916.39	 1399.98	    0.02	    0.10	    0.00	    0.00	    1.02	 1483.94	 1119.25	    0.22	    0.00	    0.06	    0.00	    0.01	    0.00	    0.02	    0.00	    0.00	    0.05	  199.66
5	1	    0.00	    0.00	    0.00	    0.02	   82.83	 1100.73	  805.67	 1384.04	  165.65	  496.96	    0.02	    0.00	    0.00	    0.01	   82.77	  969.50	  200.14	  126.22	  100.01	  399.98	    0.00	   99.90	    0.00	    0.00
5	4	    0.00	  869.01	    0.00	    0.00	    0.00	 2999.27	 1061.18	 1865.38	    0.00	    0.00	    0.00	    0.00	    0.00	    0.00	    0.00	 1491.89	    0.25	  210.48	    0.03	  307.90	    0.05	    0.00	    0.00	    0.00
5	7	 2199.89	 1499.94	  394.58	 1737.20	  980.59	 3500.00	    0.00	    0.00	    0.14	    0.14	    4.75	 1631.95	  542.15	    0.03	    0.00	    0.00	    0.00	    0.00	    0.00	    0.00	    0.00	    0.00	    0.00	    0.00
6	7	    0.00	    0.00	    0.00	    0.00	    0.00	    0.00	 4171.27	    0.00	    0.00	    0.00	    0.00	    0.00	    0.00	  399.83	  599.71	  393.31	  138.48	  998.92	  999.21	 2599.20	  499.94	  799.73	  300.00	  199.97
6	17	  430.20	  336.25	    8.92	  434.46	  121.67	  984.68	 7928.73	 4516.53	  825.54	    0.51	    0.12	  218.43	    0.09	    0.00	    0.00	    0.00	    0.02	    0.00	    0.00	    0.00	    0.00	    0.00	    0.00	    0.00
7	5	    0.00	    0.00	    0.00	    0.00	    0.00	    0.00	 2266.83	 4049.39	    0.00	    0.12	    0.00	    0.00	    0.00	    0.00	    0.16	 3361.36	  700.35	  436.70	  299.96	 1007.86	  100.04	  299.88	    0.06	    0.01
7	6	  930.20	  536.25	  108.92	  834.46	  321.67	 1384.68	    0.00	 5516.53	 1425.49	    1.82	    0.83	  918.36	   64.22	    0.00	    0.00	    0.00	    0.10	    0.00	    0.00	    0.00	    0.00	    0.00	    0.00	    0.00
7	8	    0.00	    0.00	    0.00	    0.00	    0.00	    0.02	  904.44	 3750.55	    0.00	    0.00	    0.00	    0.00	    0.00	    0.00	    0.00	 1271.70	    0.08	  262.52	    0.00	  692.20	    0.03	    0.00	    0.00	    0.00
7	15	  469.98	  563.74	  172.54	  684.49	  427.75	 1315.38	    0.00	 3383.54	  893.93	    0.00	    0.06	  471.28	    0.24	    0.00	    0.00	    0.00	    0.00	    0.00	    0.00	    0.00	    0.00	    0.00	    0.00	    0.00
8	4	    0.00	    0.00	    0.00	    0.00	    0.00	    0.02	  301.54	  555.12	 4100.03	 5858.64	    0.00	    0.00	    0.00	    0.00	 1651.07	  475.15	 1385.39	   62.46	  622.03	   92.28	   97.17	  598.15	    0.00	    0.00
8	7	    0.28	    0.04	   86.89	  481.75	  268.83	    0.09	    0.00	    0.00	 3119.27	 1601.54	  796.14	  357.69	  122.31	    0.00	    0.00	    0.00	    0.22	    0.00	    0.00	    0.00	    0.00	    0.00	    0.00	    0.00
8	9	 2497.91	  699.82	  518.22	 2878.38	 1847.56	  999.90	    2.98	 2395.52	 8980.70	    0.00	    0.00	  526.29	  396.99	    0.00	    0.00	    0.65	    0.00	    0.13	    0.00	    0.24	    0.00	    0.00	    0.00	    0.00
9	8	    0.00	    0.00	    0.00	    0.00	    0.00	    0.00	    0.05	    0.00	    0.00	10260.19	 2195.12	    0.05	    0.05	  599.79	 2651.07	  604.04	 2285.53	    0.06	 1022.03	    0.29	  397.14	 1298.15	  499.95	    0.34
9	10	    0.00	    0.00	    0.00	    0.00	    0.00	    0.00	  499.51	  795.61	 1714.52	 8389.34	    0.00	    0.00	    0.00	    0.00	 1292.81	 1564.06	 1914.17	  200.09	  427.93	  428.40	    2.53	  501.82	    0.00	    0.00
9	14	  799.08	   99.86	   99.89	 1098.46	  596.91	  199.93	    0.00	    0.00	 3085.64	14624.20	 1875.45	  642.18	    6.41	    0.00	    0.00	    0.00	    0.77	    0.00	    0.00	    0.00	    0.00	    0.00	    0.00	    0.00
9	15	    0.05	    0.00	   18.55	   81.10	   50.68	    0.00	    0.00	    0.00	  480.70	 8025.70	 2180.04	  209.06	    0.11	    0.00	    0.00	    0.00	    0.00	    0.00	    0.00	    0.00	    0.00	    0.00	    0.00	    0.00
9	16	  399.76	    0.02	   99.98	  499.91	  199.96	    0.04	    0.08	    0.11	  899.84	 3900.57	  999.87	  599.89	  499.91	    0.06	    0.12	    0.11	    0.00	    0.05	    0.07	    0.14	    0.05	    0.14	    0.05	    0.02
10	3	    0.00	    0.00	    0.00	    0.00	    0.00	    0.00	    0.00	    0.00	    0.00	    0.21	 3406.24	    0.00	    0.00	 1200.05	    2.74	    0.00	    0.08	    0.00	    1.16	    0.00	    0.03	    1.85	  696.87	    0.05
10	9	    0.97	    0.00	    0.19	    1.09	    0.00	    0.00	    0.00	    0.00	    0.00	    0.00	11150.48	 2924.89	 2009.49	 1116.37	    0.00	    0.00	    0.00	    0.00	    0.00	    0.00	    0.00	    0.00	  347.11	   54.33
10	11	    0.00	    0.00	    0.00	    0.00	    0.00	    0.00	    0.10	    0.00	    0.15	 3241.33	 2399.99	    0.00	    0.00	  714.65	  653.56	  164.31	  914.18	    0.12	  280.07	    0.00	    0.00	    0.00	    0.00	    0.00
10	13	  301.02	  100.13	  100.14	  999.67	  199.71	  199.64	    0.00	    0.03	  314.67	 1147.96	 5343.29	 1057.37	   14.82	    0.00	    0.00	    0.00	    0.05	    0.00	    0.00	    0.00	    0.00	    0.00	    0.00	    0.00
11	2	    0.00	    0.00	    0.00	    0.00	    0.00	    0.00	    0.00	    0.00	    0.00	    0.00	    0.56	 4616.09	 3561.55	    0.41	    0.05	    0.00	    0.00	    0.00	    0.00	    0.03	  302.78	  500.16	  403.17	  599.62
11	10	    0.11	    0.04	    0.05	    0.08	    0.02	    0.07	    0.00	    0.00	    0.00	    0.00	    0.00	 5382.06	 3024.16	    0.00	    0.00	    0.00	    0.00	    0.00	    0.00	    0.00	    0.04	    0.00	    0.00	    0.36
11	12	 1399.92	  300.07	  299.99	 1001.91	  203.31	  300.40	   67.97	  600.00	  799.73	 1900.00	 1000.46	 3901.85	    0.00	   14.67	    7.66	    0.52	  499.96	    0.01	    3.28	    0.04	    0.00	    0.00	    0.00	    0.00
12	11	    0.00	    0.00	    0.00	    0.00	    0.00	    0.00	    0.06	    0.00	    0.00	    0.00	    0.00	    0.00	 7885.71	    0.27	    0.18	    0.00	    0.00	    0.76	    0.08	  499.95	  602.81	 1200.16	 1103.17	 1099.99
12	23	  899.92	    0.07	  199.99	  401.91	    3.31	  100.40	    0.00	    0.00	  199.73	    0.00	    0.46	 2601.85	 6714.29	    0.00	    0.00	    0.00	    0.00	    0.00	    0.00	    0.00	    0.00	    0.00	    0.00	    0.00
13	10	    0.00	    0.00	    0.00	    0.00	    0.00	    0.00	    0.05	    0.00	    0.00	    0.00	    0.00	    0.00	    0.00	 4631.01	  763.43	    0.00	    0.09	    0.02	  253.28	  171.57	  397.45	  599.99	 2343.93	  653.99
13	14	    0.95	    0.12	    0.12	    1.02	    0.02	    0.01	    0.00	    0.00	    0.00	    0.00	 1070.49	  357.42	   93.22	 6237.29	    0.00	    0.00	    0.00	    0.00	    0.00	    0.00	    0.00	    0.00	 1155.69	  120.57
13	22	    0.08	    0.01	    0.02	  498.67	   99.70	   99.63	    0.00	    0.00	  195.21	  807.91	 2672.87	    0.16	    0.20	 3231.70	  435.52	    0.00	  220.31	    0.00	  136.66	    0.00	    0.00	    0.00	    0.00	    0.00
14	9	    0.00	    0.00	    0.00	    0.00	    0.00	    0.00	    0.00	    0.00	    0.00	    0.00	    0.00	    0.00	    0.00	 1583.47	 7944.01	    0.29	    0.75	    0.05	 3249.84	 1720.28	 1599.72	 4400.11	 1952.89	  746.04
14	13	    0.00	    0.00	    0.00	    0.00	    0.00	    0.00	  199.52	  399.04	  480.53	 1759.95	    0.06	    0.00	    0.00	    0.00	 2498.95	  699.24	  920.36	   99.76	  689.93	  669.98	    0.06	  663.16	    0.00	    0.00
14	18	  300.03	    0.05	    0.01	  200.07	  100.03	    0.09	    0.02	    0.03	  400.14	 3272.21	  818.98	  300.06	  281.13	 2897.68	 5899.64	    0.05	    0.40	    0.01	    0.00	    0.05	  555.30	 2899.92	  899.98	  259.16
14	21	    0.00	    0.00	    0.00	  399.41	  296.90	    0.00	    0.00	    0.00	 1304.97	 5592.04	  726.89	    0.00	    0.00	  456.14	 5057.41	    0.22	 2487.47	    0.00	 2083.16	    0.00	    0.00	    0.00	    0.00	    0.00
15	7	    0.00	    0.00	    0.00	    0.00	    0.00	    0.00	    0.00	    0.00	    0.00	    0.26	    0.00	    0.00	    0.00	    0.15	    0.45	 6439.75	 1961.84	    0.29	    0.75	    0.86	    0.13	    0.15	    0.06	    0.04
15	9	    0.00	    0.05	    0.00	    0.00	    0.00	    0.07	 2396.46	    0.21	    0.00	    0.00	    0.00	    0.00	    0.00	    0.00	    0.00	 6565.58	    1.68	  899.75	    0.19	 1208.15	    0.00	    0.00	    0.00	    0.00
15	16	    0.23	  200.05	    0.01	    0.06	    0.03	  500.12	 1000.22	 1401.00	    0.11	    0.49	    0.09	    0.05	    0.00	    0.00	    0.00	 5959.20	    0.00	  600.27	    0.00	 1546.22	  352.23	    0.00	    0.00	  128.72
15	17	    0.12	    0.06	    0.00	    0.12	    0.03	    0.21	    0.00	    0.93	    0.36	 3626.58	  780.40	    0.12	    0.00	    0.03	    0.32	 7135.47	 3746.37	    0.00	    0.32	    0.00	    0.00	    0.00	    0.00	    0.00
16	9	    0.00	    0.00	    0.00	    0.00	    0.00	    0.00	    0.21	    0.00	    0.00	    0.00	    0.00	    0.00	    0.00	    0.00	    0.00	    1.70	 8098.04	    0.27	    0.00	    0.17	    0.00	    0.00	    0.00	    0.00
16	15	    0.00	    0.00	    0.00	    0.00	    0.00	    0.00	    0.00	    0.00	    0.00	    1.27	    0.28	    0.00	    0.00	  691.83	 1186.98	    0.00	 8509.78	    0.00	 1286.37	    0.00	    0.05	    0.10	    0.04	    0.03
16	18	    0.03	    0.08	    0.00	    0.02	    0.01	    0.16	    0.09	    1.11	    0.03	    0.15	    0.00	    0.00	    0.00	    0.00	    0.00	 3157.61	 6792.19	    0.05	    0.00	    0.00	    0.00	    0.00	    0.00	    0.00
17	6	    0.00	    0.00	    0.00	    0.00	    0.00	    0.00	    0.00	    0.00	    0.05	 1898.69	  499.29	    0.06	  335.88	  599.83	 1099.71	 1793.31	 1138.40	 1198.92	 1399.21	 3099.20	  699.94	 1299.73	  500.00	  299.97
17	15	   30.33	   36.42	    8.92	   34.59	   21.62	   85.01	 4796.68	  218.59	   25.85	    0.35	    0.11	   19.83	  599.65	    8.34	   13.79	    0.00	    0.11	 2000.31	   14.88	 4355.22	  952.31	 1200.05	  500.02	  428.74
17	19	  299.99	  299.89	    0.00	  299.99	  100.08	  799.88	 2932.05	 3998.86	  600.00	 1028.25	  181.13	    0.05	    0.06	    0.00	    0.00	 4842.16	 2008.02	 1600.77	    0.00	    0.00	    0.00	    0.00	    0.00	    0.00
18	14	    0.00	    0.07	    0.00	    0.00	    0.00	    0.15	  699.48	  998.99	    0.00	    0.00	    0.00	    0.00	    0.00	    0.00	    0.00	 1899.65	 4908.21	  299.80	 6822.93	 3489.87	    0.15	    0.37	    0.16	    0.07
18	16	    0.04	    0.02	    0.01	    0.05	    0.02	    0.00	    0.00	    0.00	    0.08	    0.36	    0.32	    0.06	    0.09	 1391.78	 2686.86	    0.00	    0.00	    0.00	 2986.30	  153.82	  247.77	 1699.97	  599.99	  171.28
18	19	    0.02	    0.00	    0.00	    0.04	    0.02	    0.02	    0.00	    0.00	    0.09	 1472.01	  418.66	    0.00	    0.00	 1205.91	 2412.78	    0.00	  184.38	    0.00	 2990.77	    0.00	    0.00	    0.00	    0.00	    0.00
19	17	    0.00	    0.00	    0.00	    0.00	    0.00	    0.00	    0.00	    0.00	    0.00	    0.20	    0.01	    1.40	 1035.49	  708.14	 1313.19	    0.00	    0.14	    0.00	 1713.78	 7854.42	 1752.25	 2799.77	 1100.01	  728.71
19	18	    0.00	   99.96	    0.00	    0.00	    0.00	  199.93	 1099.37	 1697.85	    0.00	    0.00	    0.00	    0.00	   18.96	    0.01	    0.00	   41.99	    0.00	  599.73	    0.00	 4843.64	   92.62	    0.42	    0.17	   12.18
19	20	    0.00	    0.00	    0.00	    0.01	    0.09	  100.01	  632.28	  600.55	    0.04	    0.05	    0.02	    0.01	    0.02	    0.02	    0.03	 1500.03	  492.22	  200.81	   77.09	 2700.69	    0.00	    0.07	    0.03	    0.02
19	21	    0.00	   99.92	    0.00	    0.02	    0.01	  199.96	  700.40	  800.46	    0.06	    0.21	    0.04	    0.00	    0.00	    0.00	    0.16	 1700.13	    0.10	  400.22	    0.08	 3101.25	    0.17	    0.00	    0.00	    0.00
20	19	    0.00	    0.00	    0.00	    0.00	    0.00	    0.00	    0.00	    0.00	    0.00	    0.10	    0.02	  401.33	 1654.32	    0.08	    0.16	    0.00	    0.07	    0.00	    0.17	    0.00	 3045.04	    0.23	    1.33	 1140.65
20	21	  262.07	    0.05	   65.52	    0.19	    0.00	    0.03	    0.06	    0.07	    0.00	    0.00	    0.00	  459.02	 1466.10	    0.00	    0.00	    0.15	    0.00	    0.03	    0.00	    0.39	 4756.22	    0.00	    0.00	 1607.75
20	23	    0.00	    0.00	    0.00	    0.00	    0.00	    0.02	  432.22	  200.48	    0.17	  491.11	    0.00	    0.00	    0.00	    0.00	  683.63	  899.96	  214.29	  100.78	  250.97	 1500.30	 3198.74	 2334.04	    0.00	    0.00
21	14	    0.00	    0.00	    0.00	    0.00	    0.00	    0.00	    0.06	    0.08	    0.00	    0.00	    0.00	    0.46	  881.49	    0.00	    0.00	    0.15	    0.00	    0.03	    0.00	    0.43	 2954.93	10562.81	 2697.03	 1284.56
21	19	    0.00	    0.00	    0.00	    0.00	    0.00	    0.00	    0.00	    0.00	    0.00	    0.10	    0.26	    0.03	    0.10	    2.18	    0.44	    0.00	    0.00	    0.00	    0.00	    0.00	    0.00	 5200.04	 1798.88	    0.27
21	20	    0.01	    0.00	    0.00	    0.02	   96.95	    0.00	    0.00	    0.00	  300.12	 1691.16	    1.90	    0.03	    0.00	    0.47	 1483.76	    0.08	  322.14	    0.00	  574.06	    0.00	    0.00	 4134.20	    0.11	    0.00
21	22	    0.00	    0.00	    0.00	    0.00	    0.00	    0.01	  200.40	  300.45	  304.91	 1300.98	    0.00	    0.00	    0.00	    0.00	  973.37	  500.28	  465.44	  100.23	  309.18	  701.20	    1.46	 4502.95	    0.00	    0.00
22	13	    0.01	    0.00	    0.00	    0.02	    0.00	    0.00	    0.53	    0.93	    0.00	    0.00	    0.00	    0.21	  678.61	    0.00	    0.00	    0.76	    0.00	    0.26	    0.01	    1.59	  797.39	 1136.83	 4599.62	 1174.56
22	21	  137.94	    0.02	   34.48	    0.40	    0.04	    0.02	    0.00	    0.00	    0.00	    0.00	  375.22	  241.50	  715.49	  746.51	    0.00	    0.00	    0.00	    0.00	    0.00	    0.00	    0.00	    0.00	 6596.02	  777.07
22	23	    0.01	    0.00	    0.00	    0.02	    0.00	    0.01	    0.28	    0.14	    0.12	  308.89	  997.70	    0.00	    0.00	 1385.19	  408.89	    0.55	   85.75	    0.17	  145.82	    1.04	    0.06	 1266.21	 3304.36	    0.00
23	12	    0.00	    0.00	    0.00	    0.00	    0.00	    0.00	  332.10	    0.00	    0.00	    0.00	    0.00	    0.00	    0.00	  585.60	  692.52	  599.48	    0.04	  100.75	  296.79	 1099.91	 1202.81	 2500.16	 1903.17	 1799.99
23	20	  362.06	    0.05	   65.52	  200.17	    2.96	    0.03	    0.00	    0.00	    0.01	    0.00	  398.11	 1160.31	 3720.40	  399.59	    0.00	    0.00	    0.00	    0.00	    0.00	    0.00	    0.00	    0.00	  701.19	 3248.38
23	22	  437.87	    0.02	  134.47	    1.77	    0.35	    0.39	    0.41	    0.62	    0.00	    0.00	    0.05	  941.55	 2193.90	    0.00	    0.00	    1.03	    0.00	    0.21	    0.00	    1.43	 1495.98	    0.09	    0.00	 2651.64
