0.000000000000000000e+00 1.000000000000000000e+00 4.493962779525524638e+03
0.000000000000000000e+00 2.000000000000000000e+00 8.118658673306833407e+03
1.000000000000000000e+00 0.000000000000000000e+00 4.519394061223353674e+03
1.000000000000000000e+00 5.000000000000000000e+00 5.966120707484411469e+03
2.000000000000000000e+00 0.000000000000000000e+00 8.093227391609004371e+03
2.000000000000000000e+00 3.000000000000000000e+00 1.402297488816751320e+04
2.000000000000000000e+00 1.100000000000000000e+01 1.003658000112179252e+04
3.000000000000000000e+00 2.000000000000000000e+00 1.404402827138284556e+04
3.000000000000000000e+00 4.000000000000000000e+00 1.801782674050398782e+04
3.000000000000000000e+00 1.000000000000000000e+01 5.210088983388737688e+03
4.000000000000000000e+00 3.000000000000000000e+00 1.804154889445989102e+04
4.000000000000000000e+00 5.000000000000000000e+00 8.796285318244979862e+03
4.000000000000000000e+00 8.000000000000000000e+00 1.578755625059586964e+04
5.000000000000000000e+00 1.000000000000000000e+00 5.991551989182236866e+03
5.000000000000000000e+00 4.000000000000000000e+00 8.804650215622474207e+03
5.000000000000000000e+00 7.000000000000000000e+00 1.249015641791890994e+04
6.000000000000000000e+00 7.000000000000000000e+00 1.210391665339253450e+04
6.000000000000000000e+00 1.700000000000000000e+01 1.579770860104817621e+04
7.000000000000000000e+00 5.000000000000000000e+00 1.252395259699423332e+04
7.000000000000000000e+00 6.000000000000000000e+00 1.203978996319746147e+04
7.000000000000000000e+00 8.000000000000000000e+00 6.881019891944515621e+03
7.000000000000000000e+00 1.500000000000000000e+01 8.388373850095524176e+03
8.000000000000000000e+00 4.000000000000000000e+00 1.580291350717426576e+04
8.000000000000000000e+00 7.000000000000000000e+00 6.837457533175233948e+03
8.000000000000000000e+00 9.000000000000000000e+00 2.175015643903351156e+04
9.000000000000000000e+00 8.000000000000000000e+00 2.182195133684257962e+04
9.000000000000000000e+00 1.000000000000000000e+01 1.772687142820179724e+04
9.000000000000000000e+00 1.400000000000000000e+01 2.312979788421445119e+04
9.000000000000000000e+00 1.500000000000000000e+01 1.104658749053022621e+04
9.000000000000000000e+00 1.600000000000000000e+01 8.100742041211950891e+03
1.000000000000000000e+01 3.000000000000000000e+00 5.307420212648185043e+03
1.000000000000000000e+01 9.000000000000000000e+00 1.760654606399482145e+04
1.000000000000000000e+01 1.100000000000000000e+01 8.366354639438141021e+03
1.000000000000000000e+01 1.300000000000000000e+01 9.778545688647302086e+03
1.100000000000000000e+01 2.000000000000000000e+00 9.990095336208625667e+03
1.100000000000000000e+01 1.000000000000000000e+01 8.405128147869187160e+03
1.100000000000000000e+01 1.200000000000000000e+01 1.230379361304667327e+04
1.200000000000000000e+01 1.100000000000000000e+01 1.239608245656455983e+04
1.200000000000000000e+01 2.300000000000000000e+01 1.111916063875926920e+04
1.300000000000000000e+01 1.000000000000000000e+01 9.816778045268705682e+03
1.300000000000000000e+01 1.400000000000000000e+01 9.038452978474209885e+03
1.300000000000000000e+01 2.200000000000000000e+01 8.398616566871953182e+03
1.400000000000000000e+01 9.000000000000000000e+00 2.319548272515115968e+04
1.400000000000000000e+01 1.300000000000000000e+01 9.080903853444135166e+03
1.400000000000000000e+01 1.800000000000000000e+01 1.908662806727012867e+04
1.400000000000000000e+01 2.100000000000000000e+01 1.840305176590220435e+04
1.500000000000000000e+01 7.000000000000000000e+00 8.401605697745084399e+03
1.500000000000000000e+01 9.000000000000000000e+00 1.107302938992277268e+04
1.500000000000000000e+01 1.600000000000000000e+01 1.168859742623425518e+04
1.500000000000000000e+01 1.700000000000000000e+01 1.529025593458138792e+04
1.600000000000000000e+01 9.000000000000000000e+00 8.100735562898793432e+03
1.600000000000000000e+01 1.500000000000000000e+01 1.167701812586869164e+04
1.600000000000000000e+01 1.800000000000000000e+01 9.951754127210158913e+03
1.700000000000000000e+01 6.000000000000000000e+00 1.586183529124324377e+04
1.700000000000000000e+01 1.500000000000000000e+01 1.534150898198904542e+04
1.700000000000000000e+01 1.900000000000000000e+01 1.898990422419569950e+04
1.800000000000000000e+01 1.400000000000000000e+01 1.912048644519009758e+04
1.800000000000000000e+01 1.600000000000000000e+01 9.940168348531424272e+03
1.800000000000000000e+01 1.900000000000000000e+01 8.684349118412781536e+03
1.900000000000000000e+01 1.700000000000000000e+01 1.900528396179842093e+04
1.900000000000000000e+01 1.800000000000000000e+01 8.706621717654021268e+03
1.900000000000000000e+01 2.000000000000000000e+01 6.303196873704680002e+03
1.900000000000000000e+01 2.100000000000000000e+01 7.002294663128057437e+03
2.000000000000000000e+01 1.900000000000000000e+01 6.241854737789944011e+03
2.000000000000000000e+01 2.100000000000000000e+01 8.617388754504612734e+03
2.000000000000000000e+01 2.300000000000000000e+01 1.030647464321430743e+04
2.100000000000000000e+01 1.400000000000000000e+01 1.837732910388887103e+04
2.100000000000000000e+01 1.900000000000000000e+01 7.001289135886742770e+03
2.100000000000000000e+01 2.000000000000000000e+01 8.607350300717205755e+03
2.100000000000000000e+01 2.200000000000000000e+01 9.659448782357016171e+03
2.200000000000000000e+01 1.300000000000000000e+01 8.394398048523447869e+03
2.200000000000000000e+01 2.100000000000000000e+01 9.622682139314974847e+03
2.200000000000000000e+01 2.300000000000000000e+01 7.901321445978283009e+03
2.300000000000000000e+01 1.200000000000000000e+01 1.111144948227715213e+04
2.300000000000000000e+01 2.000000000000000000e+01 1.025517096108697660e+04
2.300000000000000000e+01 2.200000000000000000e+01 7.860336284587729097e+03
