0.000000000000000000e+00 1.000000000000000000e+00 4.498366160870603380e+03
0.000000000000000000e+00 2.000000000000000000e+00 8.416980717054253546e+03
1.000000000000000000e+00 0.000000000000000000e+00 4.517608779169194349e+03
1.000000000000000000e+00 5.000000000000000000e+00 5.972021982515240779e+03
2.000000000000000000e+00 0.000000000000000000e+00 8.397738098755664396e+03
2.000000000000000000e+00 3.000000000000000000e+00 1.401133190257899514e+04
2.000000000000000000e+00 1.100000000000000000e+01 1.004282713334043183e+04
3.000000000000000000e+00 2.000000000000000000e+00 1.404411148389206028e+04
3.000000000000000000e+00 4.000000000000000000e+00 1.801116589380005098e+04
3.000000000000000000e+00 1.000000000000000000e+01 5.208181819622432158e+03
4.000000000000000000e+00 3.000000000000000000e+00 1.804373988810852825e+04
4.000000000000000000e+00 5.000000000000000000e+00 8.795263852047197361e+03
4.000000000000000000e+00 8.000000000000000000e+00 1.578366623439447540e+04
5.000000000000000000e+00 1.000000000000000000e+00 5.991264600813826291e+03
5.000000000000000000e+00 4.000000000000000000e+00 8.804713949638282429e+03
5.000000000000000000e+00 7.000000000000000000e+00 1.249444933058482820e+04
6.000000000000000000e+00 7.000000000000000000e+00 1.210118089335047080e+04
6.000000000000000000e+00 1.700000000000000000e+01 1.579475104123822348e+04
7.000000000000000000e+00 5.000000000000000000e+00 1.252314204647450424e+04
7.000000000000000000e+00 6.000000000000000000e+00 1.204423141538593336e+04
7.000000000000000000e+00 8.000000000000000000e+00 6.881887740316085001e+03
7.000000000000000000e+00 1.500000000000000000e+01 8.384776410310825668e+03
8.000000000000000000e+00 4.000000000000000000e+00 1.580679013111186578e+04
8.000000000000000000e+00 7.000000000000000000e+00 6.834548768111836580e+03
8.000000000000000000e+00 9.000000000000000000e+00 2.175152067587482452e+04
9.000000000000000000e+00 8.000000000000000000e+00 2.182730560038794283e+04
9.000000000000000000e+00 1.000000000000000000e+01 1.772798142079663376e+04
9.000000000000000000e+00 1.400000000000000000e+01 2.312949616605439223e+04
9.000000000000000000e+00 1.500000000000000000e+01 1.104493721991635357e+04
9.000000000000000000e+00 1.600000000000000000e+01 8.100009944359786459e+03
1.000000000000000000e+01 3.000000000000000000e+00 5.308387406627022756e+03
1.000000000000000000e+01 9.000000000000000000e+00 1.760769228821706929e+04
1.000000000000000000e+01 1.100000000000000000e+01 8.364447373657014396e+03
1.000000000000000000e+01 1.300000000000000000e+01 9.778701069437038313e+03
1.100000000000000000e+01 2.000000000000000000e+00 9.990804933728782999e+03
1.100000000000000000e+01 1.000000000000000000e+01 8.407150821309794992e+03
1.100000000000000000e+01 1.200000000000000000e+01 1.230574354492661405e+04
1.200000000000000000e+01 1.100000000000000000e+01 1.239642479296774763e+04
1.200000000000000000e+01 2.300000000000000000e+01 1.112009763447760270e+04
1.300000000000000000e+01 1.000000000000000000e+01 9.815914076209268387e+03
1.300000000000000000e+01 1.400000000000000000e+01 9.035038100859079350e+03
1.300000000000000000e+01 2.200000000000000000e+01 8.399019877915518009e+03
1.400000000000000000e+01 9.000000000000000000e+00 2.319768220825478056e+04
1.400000000000000000e+01 1.300000000000000000e+01 9.078669224238075913e+03
1.400000000000000000e+01 1.800000000000000000e+01 1.908490745181507737e+04
1.400000000000000000e+01 2.100000000000000000e+01 1.840262006709023626e+04
1.500000000000000000e+01 7.000000000000000000e+00 8.403858620440221785e+03
1.500000000000000000e+01 9.000000000000000000e+00 1.107272832067114905e+04
1.500000000000000000e+01 1.600000000000000000e+01 1.168973688028668039e+04
1.500000000000000000e+01 1.700000000000000000e+01 1.528156933544104504e+04
1.600000000000000000e+01 9.000000000000000000e+00 8.100106858497293615e+03
1.600000000000000000e+01 1.500000000000000000e+01 1.167648253989166551e+04
1.600000000000000000e+01 1.800000000000000000e+01 9.952889897002414727e+03
1.700000000000000000e+01 6.000000000000000000e+00 1.585170051920275364e+04
1.700000000000000000e+01 1.500000000000000000e+01 1.534169698672025697e+04
1.700000000000000000e+01 1.900000000000000000e+01 1.898463336081651141e+04
1.800000000000000000e+01 1.400000000000000000e+01 1.911911902320984518e+04
1.800000000000000000e+01 1.600000000000000000e+01 9.939732470744902457e+03
1.800000000000000000e+01 1.900000000000000000e+01 8.685414111792155381e+03
1.900000000000000000e+01 1.700000000000000000e+01 1.900171049006026806e+04
1.900000000000000000e+01 1.800000000000000000e+01 8.706468256929420022e+03
1.900000000000000000e+01 2.000000000000000000e+01 6.305433494182796494e+03
1.900000000000000000e+01 2.100000000000000000e+01 7.002437024105911405e+03
2.000000000000000000e+01 1.900000000000000000e+01 6.244796467188039969e+03
2.000000000000000000e+01 2.100000000000000000e+01 8.618087977960738499e+03
2.000000000000000000e+01 2.300000000000000000e+01 1.030637287867598388e+04
2.100000000000000000e+01 1.400000000000000000e+01 1.838022566127488608e+04
2.100000000000000000e+01 1.900000000000000000e+01 7.001205325481661021e+03
2.100000000000000000e+01 2.000000000000000000e+01 8.607173630373234118e+03
2.100000000000000000e+01 2.200000000000000000e+01 9.657774546619351895e+03
2.200000000000000000e+01 1.300000000000000000e+01 8.392601761308738787e+03
2.200000000000000000e+01 2.100000000000000000e+01 9.623234094592256952e+03
2.200000000000000000e+01 2.300000000000000000e+01 7.900734881122541992e+03
2.300000000000000000e+01 1.200000000000000000e+01 1.111077888251873992e+04
2.300000000000000000e+01 2.000000000000000000e+01 1.025665019926872992e+04
2.300000000000000000e+01 2.200000000000000000e+01 7.859776312488664189e+03
