i	j	o6d18l60
0	1	 4495.52
0	2	 8119.78
1	0	 4520.56
1	5	 5968.38
2	0	 8094.75
2	3	14017.76
2	11	10035.54
3	2	14041.16
3	4	18014.53
3	10	 5208.43
4	3	18040.21
4	5	 8796.02
4	8	15786.80
5	1	 5993.42
5	4	 8803.24
5	7	12491.29
6	7	12100.32
6	17	15781.98
7	5	12523.54
7	6	12037.04
7	8	 6881.85
7	15	 8388.72
8	4	15805.26
8	7	 6834.10
8	9	21753.95
9	8	21824.66
9	10	17726.17
9	14	23130.44
9	15	11047.09
9	16	 8100.63
10	3	 5306.15
10	9	17606.96
10	11	 8365.75
10	13	 9779.44
11	2	 9987.11
11	10	 8405.75
11	12	12301.51
12	11	12393.08
12	23	11119.33
13	10	 9817.95
13	14	 9037.16
13	22	 8399.88
14	9	23195.84
14	13	 9082.78
14	18	19090.09
14	21	18405.38
15	7	 8405.45
15	9	11072.10
15	16	11695.04
15	17	15660.62
16	9	 8100.13
16	15	11684.11
16	18	 9960.83
17	6	15845.26
17	15	15713.29
17	19	18967.81
18	14	19123.22
18	16	 9949.41
18	19	 8688.89
19	17	18983.76
19	18	 8710.59
19	20	 6299.73
19	21	 7003.74
20	19	 6238.93
20	21	 8619.48
20	23	10304.23
21	14	18383.28
21	19	 7002.19
21	20	 8608.29
21	22	 9658.53
22	13	 8392.77
22	21	 9623.68
22	23	 7903.48
23	12	11110.90
23	20	10254.62
23	22	 7861.52
