0.000000000000000000e+00 1.000000000000000000e+00 4.495651278726502824e+03
0.000000000000000000e+00 2.000000000000000000e+00 8.119042883067288130e+03
1.000000000000000000e+00 0.000000000000000000e+00 4.519823422048420070e+03
1.000000000000000000e+00 5.000000000000000000e+00 5.967995148706082546e+03
2.000000000000000000e+00 0.000000000000000000e+00 8.094870739745374522e+03
2.000000000000000000e+00 3.000000000000000000e+00 1.402107440187294924e+04
2.000000000000000000e+00 1.100000000000000000e+01 1.003816496926732907e+04
3.000000000000000000e+00 2.000000000000000000e+00 1.404380564477102598e+04
3.000000000000000000e+00 4.000000000000000000e+00 1.801597458939832723e+04
3.000000000000000000e+00 1.000000000000000000e+01 5.210921919517536480e+03
4.000000000000000000e+00 3.000000000000000000e+00 1.804244138245315480e+04
4.000000000000000000e+00 5.000000000000000000e+00 8.796689180239247435e+03
4.000000000000000000e+00 8.000000000000000000e+00 1.578607648213876382e+04
5.000000000000000000e+00 1.000000000000000000e+00 5.992167292027998883e+03
5.000000000000000000e+00 4.000000000000000000e+00 8.806082144302636152e+03
5.000000000000000000e+00 7.000000000000000000e+00 1.249211368672732169e+04
6.000000000000000000e+00 7.000000000000000000e+00 1.210329005542315463e+04
6.000000000000000000e+00 1.700000000000000000e+01 1.580109405539876934e+04
7.000000000000000000e+00 5.000000000000000000e+00 1.252567879411262766e+04
7.000000000000000000e+00 6.000000000000000000e+00 1.204060641443737586e+04
7.000000000000000000e+00 8.000000000000000000e+00 6.881559842059783477e+03
7.000000000000000000e+00 1.500000000000000000e+01 8.386755105983356771e+03
8.000000000000000000e+00 4.000000000000000000e+00 1.580315031113021723e+04
8.000000000000000000e+00 7.000000000000000000e+00 6.835223614576827458e+03
8.000000000000000000e+00 9.000000000000000000e+00 2.174843460283528839e+04
9.000000000000000000e+00 8.000000000000000000e+00 2.181917220434379487e+04
9.000000000000000000e+00 1.000000000000000000e+01 1.772914276147803685e+04
9.000000000000000000e+00 1.400000000000000000e+01 2.312899166719244749e+04
9.000000000000000000e+00 1.500000000000000000e+01 1.104734762141874853e+04
9.000000000000000000e+00 1.600000000000000000e+01 8.100842368798557800e+03
1.000000000000000000e+01 3.000000000000000000e+00 5.307186369360777462e+03
1.000000000000000000e+01 9.000000000000000000e+00 1.760816695749459905e+04
1.000000000000000000e+01 1.100000000000000000e+01 8.364459065085960901e+03
1.000000000000000000e+01 1.300000000000000000e+01 9.778977805135558810e+03
1.100000000000000000e+01 2.000000000000000000e+00 9.991261583047333261e+03
1.100000000000000000e+01 1.000000000000000000e+01 8.403317260074818478e+03
1.100000000000000000e+01 1.200000000000000000e+01 1.230335482107234566e+04
1.200000000000000000e+01 1.100000000000000000e+01 1.239530962984120742e+04
1.200000000000000000e+01 2.300000000000000000e+01 1.111910544186766128e+04
1.300000000000000000e+01 1.000000000000000000e+01 9.815408256006508964e+03
1.300000000000000000e+01 1.400000000000000000e+01 9.036715194838441676e+03
1.300000000000000000e+01 2.200000000000000000e+01 8.397915489514563887e+03
1.400000000000000000e+01 9.000000000000000000e+00 2.319576567802503996e+04
1.400000000000000000e+01 1.300000000000000000e+01 9.077645904459724989e+03
1.400000000000000000e+01 1.800000000000000000e+01 1.908460898119772901e+04
1.400000000000000000e+01 2.100000000000000000e+01 1.840504373949630099e+04
1.500000000000000000e+01 7.000000000000000000e+00 8.403972799865850902e+03
1.500000000000000000e+01 9.000000000000000000e+00 1.107255612807675789e+04
1.500000000000000000e+01 1.600000000000000000e+01 1.168723735675818170e+04
1.500000000000000000e+01 1.700000000000000000e+01 1.528900301655533440e+04
1.600000000000000000e+01 9.000000000000000000e+00 8.100573256799865703e+03
1.600000000000000000e+01 1.500000000000000000e+01 1.167671788211703824e+04
1.600000000000000000e+01 1.800000000000000000e+01 9.953530262225405750e+03
1.700000000000000000e+01 6.000000000000000000e+00 1.586377769638454993e+04
1.700000000000000000e+01 1.500000000000000000e+01 1.534194869173697407e+04
1.700000000000000000e+01 1.900000000000000000e+01 1.898930133893425955e+04
1.800000000000000000e+01 1.400000000000000000e+01 1.911872685711211307e+04
1.800000000000000000e+01 1.600000000000000000e+01 9.942741675585572011e+03
1.800000000000000000e+01 1.900000000000000000e+01 8.683347766373786726e+03
1.900000000000000000e+01 1.700000000000000000e+01 1.900493065510168162e+04
1.900000000000000000e+01 1.800000000000000000e+01 8.706677055648353416e+03
1.900000000000000000e+01 2.000000000000000000e+01 6.304091200714547085e+03
1.900000000000000000e+01 2.100000000000000000e+01 7.001477053537778374e+03
2.000000000000000000e+01 1.900000000000000000e+01 6.242313504361316518e+03
2.000000000000000000e+01 2.100000000000000000e+01 8.617072772722243826e+03
2.000000000000000000e+01 2.300000000000000000e+01 1.030593110370808427e+04
2.100000000000000000e+01 1.400000000000000000e+01 1.837863058403579998e+04
2.100000000000000000e+01 1.900000000000000000e+01 7.002213355332971332e+03
2.100000000000000000e+01 2.000000000000000000e+01 8.607097454476592247e+03
2.100000000000000000e+01 2.200000000000000000e+01 9.659050965125210496e+03
2.200000000000000000e+01 1.300000000000000000e+01 8.393415230764234366e+03
2.200000000000000000e+01 2.100000000000000000e+01 9.623398793214253601e+03
2.200000000000000000e+01 2.300000000000000000e+01 7.901808547593658659e+03
2.300000000000000000e+01 1.200000000000000000e+01 1.111106025063652851e+04
2.300000000000000000e+01 2.000000000000000000e+01 1.025412872560051437e+04
2.300000000000000000e+01 2.200000000000000000e+01 7.861656116932377699e+03
