i	j	o9d19l58
0	1	 4492.06
0	2	 7998.54
1	0	 4399.25
1	5	 6038.16
2	0	 8091.35
2	3	14097.38
2	11	10083.43
3	2	14137.56
3	4	18097.18
3	10	 5208.89
4	3	18138.31
4	5	 8820.52
4	8	15753.83
5	1	 5945.34
5	4	 8780.28
5	7	12676.18
6	7	12104.08
6	17	16045.53
7	5	12543.12
7	6	12386.56
7	8	 6879.16
7	15	 8500.78
8	4	15835.20
8	7	 7110.85
8	9	21474.67
9	8	21887.74
9	10	17657.52
9	14	22586.85
9	15	11389.04
9	16	 8100.79
10	3	 5307.95
10	9	17588.35
10	11	 8423.51
10	13	 9635.28
11	2	10136.07
11	10	 8371.54
11	12	12750.16
12	11	12850.83
12	23	11003.09
13	10	 9817.13
13	14	 8990.25
13	22	 8281.88
14	9	23289.86
14	13	 9079.50
14	18	18410.00
14	21	18214.26
15	7	 8418.51
15	9	11068.78
15	16	11546.47
15	17	16056.77
16	9	 8100.27
16	15	11363.01
16	18	10067.77
17	6	15763.04
17	15	15837.70
17	19	19954.60
18	14	18989.43
18	16	 9883.79
18	19	 8283.13
19	17	19353.05
19	18	 8678.58
19	20	 6583.78
19	21	 7003.08
20	19	 6197.65
20	21	 8613.34
20	23	10334.12
21	14	18327.09
21	19	 7083.11
21	20	 8356.94
21	22	 9651.19
22	13	 8374.48
22	21	 9587.65
22	23	 7764.98
23	12	11003.77
23	20	10204.39
23	22	 7794.04
