i	j	o12d7l23
0	1	 4495.96
0	2	 8118.12
1	0	 4518.66
1	5	 5968.25
2	0	 8095.43
2	3	14019.60
2	11	10037.89
3	2	14045.64
3	4	18017.19
3	10	 5209.08
4	3	18044.53
4	5	 8795.38
4	8	15788.39
5	1	 5990.95
5	4	 8805.94
5	7	12491.19
6	7	12102.39
6	17	15798.46
7	5	12524.45
7	6	12041.02
7	8	 6881.38
7	15	 8387.19
8	4	15805.16
8	7	 6836.97
8	9	21751.20
9	8	21823.56
9	10	17726.49
9	14	23129.92
9	15	11046.41
9	16	 8100.20
10	3	 5307.78
10	9	17605.62
10	11	 8364.49
10	13	 9777.99
11	2	 9989.16
11	10	 8404.00
11	12	12302.06
12	11	12392.84
12	23	11119.71
13	10	 9816.31
13	14	 9036.24
13	22	 8401.02
14	9	23196.25
14	13	 9082.09
14	18	19083.38
14	21	18401.19
15	7	 8403.49
15	9	11073.07
15	16	11689.18
15	17	15287.30
16	9	 8100.44
16	15	11676.99
16	18	 9952.39
17	6	15859.83
17	15	15342.45
17	19	18988.34
18	14	19117.32
18	16	 9940.43
18	19	 8684.13
19	17	19004.86
19	18	 8706.11
19	20	 6303.62
19	21	 7003.76
20	19	 6243.13
20	21	 8617.96
20	23	10303.22
21	14	18379.43
21	19	 7002.76
21	20	 8604.39
21	22	 9659.17
22	13	 8393.50
22	21	 9622.84
22	23	 7903.22
23	12	11110.49
23	20	10256.29
23	22	 7859.37
