i	j	       0	       1	       2	       3	       4	       5	       6	       7	       8	       9	      10	      11	      12	      13	      14	      15	      16	      17	      18	      19	      20	      21	      22	      23
0	1	 2600.31	    0.00	  266.69	  199.98	   20.37	    0.00	    0.01	    0.02	   40.75	  122.33	  200.00	  466.00	  460.81	  100.00	   20.44	    0.02	    0.03	    0.00	    0.02	    0.00	    0.01	    0.03	    0.20	   29.62
0	2	 6199.69	 1190.31	    0.00	    0.00	    0.00	  238.90	  146.81	  254.54	    0.00	    0.00	    0.00	    0.00	    0.00	    0.00	    0.00	  116.80	    0.00	   36.28	    0.00	    0.02	    0.00	    0.00	    0.00	    0.00
1	0	    0.00	 1290.31	    0.00	    0.00	    0.00	  538.90	  646.79	 1054.51	    0.00	    0.00	    0.00	    0.00	    0.00	    0.00	    0.00	  616.78	    0.40	  136.28	    0.04	  300.01	    0.00	    0.00	    0.00	    0.00
1	5	 2500.31	 2709.69	  166.69	    0.00	    0.00	    0.00	    0.00	    0.00	    0.00	    0.00	    0.02	  366.00	  160.81	    0.00	    0.00	    0.00	    0.00	    0.00	    0.00	    0.00	    0.01	    0.01	    0.20	   29.62
2	0	    0.00	    0.00	  366.69	  699.98	  220.37	    0.00	    0.03	    0.05	  540.75	 1422.33	  700.00	  666.00	  960.81	  400.00	  520.44	    0.03	  399.64	    0.00	  299.97	    0.02	  100.01	  400.03	  300.20	  129.62
2	3	 4497.96	  689.88	 1932.77	    0.00	    0.00	    0.00	    0.00	    0.00	    0.00	    0.00	    0.06	 3799.91	 2550.03	    0.10	    0.00	    0.00	    0.00	    0.00	    0.00	    0.00	  203.47	    0.16	    1.27	  470.14
2	11	 1601.73	  400.42	  500.54	 1601.85	  403.71	  500.42	  752.50	 1200.00	 1399.76	  563.13	    0.89	    0.00	    0.00	    0.23	   40.43	  545.01	  158.81	  199.53	   17.33	    0.04	    0.00	    0.00	    0.00	    0.00
3	2	    0.00	    0.00	    0.00	 2501.83	  724.08	  561.52	  705.72	 1145.50	 2040.50	 2285.38	 1000.11	    0.00	    0.00	  499.78	  660.80	  628.25	  658.42	  163.25	  317.29	    0.04	    0.00	    0.05	    0.04	    0.00
3	4	 3197.39	  189.96	 1332.87	 6696.87	    0.00	    0.00	    0.00	    0.00	    0.00	    0.18	  410.79	 3198.47	 1949.38	  200.18	    0.05	    0.00	    0.00	    0.00	    0.01	    0.00	    3.50	    0.04	  199.91	  270.15
3	10	  800.57	  299.97	  399.90	 2401.30	  699.82	  599.62	    0.78	    3.75	    0.05	    0.15	    0.00	    1.44	    0.65	    0.06	    0.05	    0.11	    0.04	    0.02	    0.02	    0.02	    0.02	    0.04	    0.05	    0.02
4	3	    0.00	    0.04	    0.00	    0.00	 1923.90	 1561.15	 1106.51	 1849.25	 2740.55	 3483.59	    0.00	    0.00	    0.00	    0.00	 1159.15	 1428.36	 1157.88	  263.26	  516.60	  300.06	    0.03	  398.94	    0.00	    0.00
4	5	    0.00	    0.00	  526.66	 2132.71	 1257.33	    0.00	    0.02	    0.03	  559.25	 1277.55	  409.25	 1474.22	  602.23	  100.04	  279.50	    0.03	    0.04	    0.00	    0.04	    0.01	    0.01	    0.02	   99.80	   70.37
4	8	 2997.39	  899.66	  706.21	 4064.16	 2918.77	 1399.89	    0.03	    0.10	    0.00	    0.00	    1.54	 1524.26	 1147.15	    0.14	    0.00	    0.06	    0.00	    0.01	    0.00	    0.03	    0.00	    0.00	    0.12	  199.78
5	1	    0.00	    0.00	    0.00	    0.02	   79.63	  938.90	  846.78	 1454.50	  159.25	  477.67	    0.02	    0.00	    0.00	    0.01	   79.56	 1016.76	  200.36	  136.28	  100.03	  400.00	    0.00	   99.98	    0.00	    0.00
5	4	    0.00	  809.74	    0.00	    0.00	    0.00	 3161.04	 1020.37	 1823.99	    0.00	    0.00	    0.00	    0.00	    0.00	    0.00	    0.00	 1480.50	    0.09	  204.38	    0.03	  311.75	    0.01	    0.00	    0.00	    0.00
5	7	 2200.31	 1499.95	  393.35	 1732.70	  977.70	 3500.06	    0.00	    0.00	    0.00	    0.00	    9.25	 1640.22	  563.04	    0.04	    0.00	    0.00	    0.00	    0.00	    0.00	    0.00	    0.00	    0.00	    0.00	    0.00
6	7	    0.00	    0.00	    0.00	    0.00	    0.00	    0.00	 4156.61	    0.00	    0.00	    0.00	    0.00	    0.00	    0.00	  399.79	  599.69	  450.08	  153.76	  999.33	  999.42	 2598.97	  500.01	  799.67	  299.90	  199.94
6	17	  429.29	  335.16	    8.16	  431.51	  119.81	  982.24	 7943.39	 4510.51	  825.72	    0.24	    0.13	  218.36	    0.07	    0.00	    0.00	    0.00	    0.02	    0.00	    0.00	    0.00	    0.00	    0.00	    0.00	    0.00
7	5	    0.00	    0.00	    0.00	    0.00	    0.00	    0.00	 2267.14	 4078.46	    0.00	    0.12	    0.00	    0.00	    0.00	    0.00	    0.05	 3397.23	  700.41	  440.66	  300.02	 1011.74	  100.00	  299.96	    0.00	    0.01
7	6	  929.29	  535.16	  108.16	  831.51	  319.81	 1382.24	    0.00	 5510.51	 1425.67	    2.94	    1.31	  918.36	   88.91	    0.00	    0.00	    0.00	    0.10	    0.00	    0.00	    0.00	    0.00	    0.00	    0.00	    0.00
7	8	    0.00	    0.00	    0.00	    0.00	    0.00	    0.00	  889.48	 3721.47	    0.00	    0.00	    0.00	    0.00	    0.00	    0.00	    0.00	 1321.21	    0.00	  258.99	    0.00	  688.19	    0.18	    0.00	    0.00	    0.00
7	15	  471.10	  564.83	  173.19	  684.20	  427.59	 1317.90	    0.00	 3389.56	  875.35	    0.26	    0.15	  487.31	    0.44	    0.00	    0.00	    0.00	    0.00	    0.00	    0.00	    0.00	    0.00	    0.00	    0.00	    0.00
8	4	    0.00	    0.00	    0.00	    0.00	    0.00	    0.00	  286.18	  525.39	 4099.81	 5760.95	  500.00	    0.00	    0.00	    0.00	 1638.60	  447.96	 1357.83	   58.89	  616.60	   88.35	   96.52	  598.92	    0.00	    0.00
8	7	    0.07	    0.04	   88.00	  483.00	  269.70	    0.08	    0.00	    0.00	 3101.02	 1603.06	  792.21	  365.45	  126.32	    0.00	    0.00	    0.00	    0.21	    0.00	    0.00	    0.00	    0.00	    0.00	    0.00	    0.00
8	9	 2497.32	  699.62	  518.21	 2881.15	 1849.08	  999.81	    3.37	 2396.18	 8999.17	    0.00	    0.34	  558.92	  420.94	    0.00	    0.00	    0.23	    0.00	    0.13	    0.00	    0.00	    0.00	    0.00	    0.00	    0.00
9	8	    0.00	    0.00	    0.00	    0.00	    0.00	    0.00	    0.05	    0.00	    0.00	10164.02	 2691.01	    0.11	    0.11	  599.86	 2638.60	  526.92	 2258.05	    0.02	 1016.60	    0.14	  396.34	 1298.92	  499.88	    0.22
9	10	    0.00	    0.00	    0.00	    0.00	    0.00	    0.00	  499.22	  796.28	 1699.51	 8443.78	    0.00	    0.00	    0.00	    0.00	 1274.08	 1554.55	 1941.46	  199.98	  422.07	  433.91	    1.11	  470.59	    0.00	    0.00
9	14	  798.87	   99.82	   99.86	 1097.78	  596.54	  199.92	    0.00	    0.00	 3100.57	14662.91	 1820.66	  626.65	    3.39	    0.00	    0.00	    0.00	    0.75	    0.00	    0.00	    0.00	    0.00	    0.00	    0.00	    0.00
9	15	    0.09	    0.00	   18.66	   84.40	   52.68	    0.00	    0.00	    0.00	  499.17	 8028.92	 2163.51	  193.45	    0.31	    0.00	    0.00	    0.00	    0.00	    0.00	    0.00	    0.00	    0.00	    0.00	    0.00	    0.00
9	16	  399.54	    0.02	   99.99	  499.91	  199.96	    0.04	    0.08	    0.11	  899.92	 3900.37	  999.56	  599.95	  499.96	    0.05	    0.12	    0.11	    0.00	    0.05	    0.07	    0.13	    0.05	    0.13	    0.05	    0.02
10	3	    0.00	    0.00	    0.00	    0.00	    0.00	    0.00	    0.00	    0.00	    0.00	    2.12	 2910.83	    0.00	    0.00	 1199.92	    1.75	    0.00	    0.58	    0.00	    0.71	    0.00	    0.02	    1.03	  698.73	    0.03
10	9	    1.18	    0.17	    0.30	    0.93	    0.10	    0.08	    0.00	    0.00	    0.00	    0.00	11574.40	 2861.24	 1982.82	 1039.41	    0.00	    0.00	    0.00	    0.00	    0.00	    0.00	    0.00	    0.00	  321.49	   54.40
10	11	    0.00	    0.00	    0.00	    0.00	    0.00	    0.00	    0.00	    0.00	    0.10	 3337.03	 2400.52	    0.00	    0.00	  705.65	  661.57	  154.81	  941.15	    0.02	  283.34	    0.05	    0.00	    0.07	    0.07	    0.00
10	13	  301.18	  100.15	  100.16	 1000.44	  199.74	  199.61	    0.00	    0.02	  299.46	 1104.78	 5414.25	 1072.98	   11.77	    0.00	    0.00	    0.00	    0.04	    0.00	    0.00	    0.00	    0.00	    0.00	    0.00	    0.00
11	2	    0.00	    0.00	    0.00	    0.00	    0.00	    0.00	    0.00	    0.00	    0.00	    0.09	    0.85	 4665.91	 3610.84	    0.55	    0.07	    0.00	    0.03	    0.00	    0.01	    0.00	  303.48	  500.14	  401.43	  599.76
11	10	    1.79	    0.35	    0.56	    0.08	    0.02	    0.07	    0.00	    0.00	    0.00	    0.00	    0.00	 5332.78	 2993.94	    0.00	    0.00	    0.00	    0.00	    0.00	    0.00	    0.00	    0.17	    0.00	    0.00	    0.26
11	12	 1399.94	  300.07	  299.98	 1001.77	  203.69	  300.35	   52.50	  600.00	  799.86	 1900.08	 1000.57	 3901.31	    0.00	    5.64	    2.00	    0.25	  499.94	    0.02	    0.68	    0.00	    0.00	    0.00	    0.00	    0.00
12	11	    0.00	    0.00	    0.00	    0.00	    0.00	    0.00	    0.00	    0.00	    0.00	    0.00	    0.00	    0.00	 7904.78	    0.31	    0.07	    0.44	    0.00	    0.48	    0.03	  499.91	  603.65	 1200.07	 1101.36	 1100.02
12	23	  899.94	    0.07	  199.98	  401.77	    3.69	  100.35	    0.00	    0.00	  199.86	    0.08	    0.57	 2601.31	 6695.22	    0.00	    0.00	    0.00	    0.00	    0.00	    0.00	    0.00	    0.00	    0.00	    0.00	    0.00
13	10	    0.00	    0.00	    0.00	    0.00	    0.00	    0.00	    0.00	    0.00	    0.00	    0.00	    0.00	    0.00	    0.00	 4544.91	  789.19	    0.14	    0.27	    0.02	  261.96	  166.12	  398.73	  630.47	 2320.24	  654.14
13	14	    1.12	    0.15	    0.14	    1.37	    0.03	    0.00	    0.00	    0.00	    0.00	    0.00	 1103.44	  372.86	   82.51	 6299.30	    0.00	    0.00	    0.00	    0.00	    0.00	    0.00	    0.00	    0.00	 1146.14	  106.26
13	22	    0.07	    0.00	    0.02	  499.09	   99.71	   99.61	    0.00	    0.00	  188.63	  785.28	 2710.87	    0.14	    0.21	 3255.79	  430.70	    0.00	  215.42	    0.00	  134.70	    0.00	    0.00	    0.00	    0.00	    0.00
14	9	    0.00	    0.00	    0.00	    0.00	    0.00	    0.00	    0.00	    0.00	    0.00	    0.00	    0.00	    0.00	    0.00	 1660.51	 7912.80	    0.28	    0.80	    0.05	 3238.42	 1656.63	 1597.49	 4369.64	 1978.44	  745.85
14	13	    0.00	    0.00	    0.00	    0.00	    0.00	    0.00	  199.74	  399.49	  489.17	 1780.50	    0.00	    0.00	    0.00	    0.00	 2519.89	  699.31	  915.65	   99.87	  696.64	  664.94	    0.10	  661.84	    0.00	    0.00
14	18	  299.99	    0.07	    0.00	  200.02	  100.01	    0.15	    0.02	    0.03	  400.05	 3267.55	  835.44	  300.00	  276.21	 2897.18	 5899.71	    0.05	    0.38	    0.01	    0.00	    0.05	  530.57	 2899.92	  899.98	  243.66
14	21	    0.00	    0.00	    0.00	  399.13	  296.56	    0.00	    0.00	    0.00	 1311.34	 5614.86	  688.66	    0.00	    0.00	  441.61	 5067.60	    0.22	 2495.11	    0.00	 2091.39	    0.00	    0.00	    0.00	    0.00	    0.00
15	7	    0.00	    0.00	    0.00	    0.00	    0.00	    0.00	    0.00	    0.00	    0.00	    0.25	    0.00	    0.00	    0.00	    0.18	    0.37	 6468.36	 1946.54	    0.33	    0.60	    0.96	    0.18	    0.28	    0.11	    0.07
15	9	    0.00	    0.05	    0.00	    0.00	    0.00	    0.07	 2395.78	    0.20	    0.00	    0.00	    0.00	    0.00	    0.00	    0.00	    0.00	 6480.10	    0.54	  899.78	    0.19	 1277.41	    0.00	    0.00	    0.00	    0.00
15	16	    0.49	  200.05	    0.01	    0.11	    0.05	  500.11	 1000.21	 1400.82	    0.11	    0.48	    0.08	    0.05	    0.00	    0.00	    0.00	 5941.28	    0.00	  600.09	    0.00	 1528.14	  365.18	    0.00	    0.00	  139.47
15	17	    0.02	    0.00	    0.00	    0.21	    0.05	    0.03	    0.00	    0.15	    0.61	 3629.48	  763.82	    0.06	    0.00	    0.03	    0.06	 7210.26	 3747.29	    0.00	    0.06	    0.00	    0.00	    0.00	    0.00	    0.00
16	9	    0.00	    0.00	    0.00	    0.00	    0.00	    0.00	    0.19	    0.00	    0.00	    0.00	    0.00	    0.00	    0.00	    0.00	    0.00	    0.97	 8098.92	    0.08	    0.14	    0.15	    0.00	    0.00	    0.00	    0.00
16	15	    0.00	    0.00	    0.00	    0.00	    0.00	    0.00	    0.00	    0.00	    0.00	    0.70	    0.14	    0.00	    0.00	  695.67	 1192.66	    0.00	 8494.27	    0.00	 1292.51	    0.00	    0.05	    0.10	    0.04	    0.03
16	18	    0.03	    0.06	    0.00	    0.02	    0.01	    0.15	    0.09	    0.92	    0.03	    0.15	    0.00	    0.00	    0.00	    0.00	    0.00	 3140.42	 6806.81	    0.05	    0.00	    0.00	    0.00	    0.00	    0.00	    0.00
17	6	    0.00	    0.00	    0.00	    0.00	    0.00	    0.00	    0.00	    0.00	    0.05	 1897.31	  498.82	    0.00	  311.16	  599.79	 1099.69	 1850.08	 1153.68	 1199.33	 1399.42	 3098.97	  700.01	 1299.67	  499.90	  299.94
17	15	   29.32	   35.27	    8.16	   31.72	   19.83	   82.30	 4795.98	  211.61	   26.19	    0.34	    0.11	   19.36	  599.25	    4.53	    7.77	    0.00	    0.11	 2000.19	    8.33	 4406.50	  965.30	 1200.18	  500.07	  439.52
17	19	  299.99	  299.89	    0.00	  299.99	  100.03	  799.97	 2947.40	 3999.05	  600.08	 1032.39	  165.02	    0.06	    0.06	    0.00	    0.00	 4860.18	 1993.66	 1600.48	    0.00	    0.00	    0.00	    0.00	    0.00	    0.00
18	14	    0.00	    0.09	    0.00	    0.00	    0.00	    0.22	  699.58	  999.26	    0.00	    0.00	    0.00	    0.00	    0.00	    0.00	    0.00	 1899.71	 4911.19	  299.85	 6826.46	 3420.89	    0.15	    0.36	    0.15	    0.07
18	16	    0.00	    0.00	    0.00	    0.00	    0.00	    0.00	    0.00	    0.00	    0.00	    0.00	    0.49	    0.00	    0.04	 1395.62	 2692.54	    0.00	    0.00	    0.00	 2992.58	  171.87	  234.83	 1699.97	  600.00	  160.53
18	19	    0.02	    0.00	    0.00	    0.03	    0.02	    0.02	    0.00	    0.00	    0.09	 1467.70	  434.95	    0.00	    0.00	 1201.58	 2407.16	    0.00	  196.01	    0.00	 2980.96	    0.00	    0.00	    0.00	    0.00	    0.00
19	17	    0.00	    0.00	    0.00	    0.00	    0.00	    0.00	    0.00	    0.00	    0.00	    0.31	    0.01	    0.99	 1010.40	  704.29	 1307.39	    0.00	    0.13	    0.00	 1707.69	 7905.47	 1765.31	 2799.85	 1099.96	  739.46
19	18	    0.00	   99.96	    0.00	    0.00	    0.00	  199.95	 1099.47	 1698.31	    0.00	    0.00	    0.00	    0.00	   23.83	    0.01	    0.00	   59.24	    0.00	  599.79	    0.00	 4792.72	  104.40	    0.40	    0.16	   16.93
19	20	    0.00	    0.00	    0.00	    0.01	    0.02	  100.03	  647.90	  600.59	    0.12	    0.05	    0.02	    0.01	    0.02	    0.02	    0.03	 1501.11	  489.37	  200.67	   73.36	 2701.37	    0.00	    0.07	    0.03	    0.02
19	21	    0.00	   99.93	    0.00	    0.02	    0.03	  200.02	  700.03	  800.15	    0.05	    0.20	    0.04	    0.00	    0.00	    0.00	    0.15	 1699.84	    0.23	  400.02	    0.07	 3100.44	    0.16	    0.00	    0.00	    0.00
20	19	    0.00	    0.00	    0.00	    0.00	    0.00	    0.00	    0.00	    0.00	    0.00	    0.10	    0.02	  400.90	 1634.05	    0.08	    0.16	    0.00	    0.07	    0.00	    0.17	    0.00	 3069.72	    0.68	    2.14	 1156.18
20	21	  265.30	    0.06	   66.33	    0.04	    0.00	    0.04	    0.06	    0.07	    0.00	    0.00	    0.00	  464.28	 1484.25	    0.00	    0.00	    0.15	    0.00	    0.03	    0.00	    0.38	 4730.50	    0.00	    1.20	 1621.68
20	23	    0.00	    0.00	    0.00	    0.00	    0.00	    0.02	  447.85	  200.52	    0.02	  490.08	    0.00	    0.00	    0.00	    0.00	  689.53	  901.03	  214.51	  100.64	  254.65	 1500.99	 3199.78	 2350.62	    0.00	    0.00
21	14	    0.00	    0.00	    0.00	    0.00	    0.00	    0.02	    0.18	    0.25	    0.00	    0.00	    0.00	    0.49	  890.32	    0.00	    0.00	    0.15	    0.00	    0.08	    0.00	    0.72	 2928.02	10531.05	 2732.13	 1283.18
21	19	    0.00	    0.00	    0.00	    0.00	    0.00	    0.00	    0.00	    0.00	    0.00	    0.36	    0.07	    0.05	    0.14	    2.66	    0.26	    0.00	    0.00	    0.00	    0.00	    0.00	    0.15	 5199.65	 1798.01	    0.23
21	20	    0.00	    0.00	    0.00	    0.02	   96.58	    0.00	    0.00	    0.00	  299.91	 1690.14	    2.15	    0.00	    0.00	    1.21	 1489.66	    0.08	  325.21	    0.00	  581.46	    0.00	    0.00	 4151.23	    1.70	    0.00
21	22	    0.00	    0.00	    0.00	    0.00	    0.00	    0.05	  199.91	  299.97	  311.49	 1324.56	    0.00	    0.00	    0.00	    0.00	  977.84	  499.98	  470.14	   99.97	  310.01	  700.10	    2.49	 4518.08	    0.00	    0.00
22	13	    0.01	    0.00	    0.00	    0.02	    0.00	    0.00	    0.26	    0.49	    0.00	    0.00	    0.06	    0.03	  670.94	    0.00	    0.00	    0.83	    0.00	    0.15	    0.01	    1.18	  798.62	 1168.63	 4566.38	 1160.40
22	21	  134.70	    0.01	   33.67	    0.83	    0.00	    0.00	    0.00	    0.00	    0.00	    0.00	  413.52	  236.26	  706.21	  762.27	    0.00	    0.00	    0.00	    0.00	    0.00	    0.00	    0.00	    0.00	 6630.64	  761.73
22	23	    0.00	    0.00	    0.00	    0.02	    0.00	    0.01	    0.02	    0.04	    0.12	  309.84	  997.40	    0.00	    0.00	 1393.52	  408.54	    0.08	   85.56	    0.00	  144.69	    0.20	    0.05	 1249.90	 3302.98	    0.00
23	12	    0.00	    0.00	    0.00	    0.00	    0.00	    0.00	  347.50	    0.00	    0.00	    0.00	    0.00	    0.00	    0.00	  594.67	  698.07	  600.18	    0.06	  100.46	  299.35	 1099.91	 1203.65	 2500.07	 1901.36	 1800.02
23	20	  365.30	    0.06	   66.33	  200.01	    3.40	    0.03	    0.00	    0.00	    0.00	    0.00	  397.86	 1165.16	 3718.28	  398.85	    0.00	    0.00	    0.00	    0.00	    0.00	    0.00	    0.00	    0.00	  701.62	 3277.84
23	22	  434.64	    0.02	  133.66	    1.78	    0.29	    0.35	    0.37	    0.56	    0.00	    0.00	    0.11	  936.15	 2176.94	    0.00	    0.00	    0.93	    0.00	    0.18	    0.00	    1.28	 1496.18	    0.46	    0.00	 2622.14
