i	j	       0	       1	       2	       3	       4	       5	       6	       7	       8	       9	      10	      11	      12	      13	      14	      15	      16	      17	      18	      19	      20	      21	      22	      23
0	1	 2600.31	    0.00	  265.61	  200.02	   16.85	    0.00	    0.01	    0.02	   33.71	  101.12	  200.02	  474.06	  458.63	  100.01	   16.87	    0.02	    0.02	    0.00	    0.01	    0.00	    0.01	    0.10	    0.16	   28.46
0	2	 6199.69	 1160.41	    0.00	    0.00	    0.00	  227.43	  145.12	  250.53	    0.00	    0.00	    0.00	    0.00	    0.00	    0.00	    0.00	   99.86	    0.00	   35.62	    0.00	    0.02	    0.00	    0.00	    0.00	    0.00
1	0	    0.00	 1260.41	    0.00	    0.00	    0.00	  527.43	  645.10	 1050.50	    0.00	    0.00	    0.00	    0.00	    0.00	    0.00	    0.00	  599.84	    0.58	  135.61	    0.03	  300.01	    0.00	    0.02	    0.00	    0.00
1	5	 2500.31	 2739.59	  165.61	    0.04	    0.00	    0.00	    0.00	    0.00	    0.00	    0.00	    0.04	  374.06	  158.63	    0.01	    0.00	    0.00	    0.00	    0.00	    0.00	    0.00	    0.01	    0.03	    0.16	   28.46
2	0	    0.00	    0.00	  365.61	  700.02	  216.85	    0.00	    0.03	    0.05	  533.71	 1401.12	  700.02	  674.06	  958.63	  400.01	  516.87	    0.04	  399.44	    0.00	  299.99	    0.02	  100.01	  400.08	  300.16	  128.46
2	3	 4499.50	  660.23	 1934.27	    0.00	    0.00	    0.00	    0.02	    0.00	    0.00	    0.00	    0.00	 3752.87	 2497.08	    0.09	    0.00	    0.00	    0.00	    0.00	    0.00	    0.00	  203.19	    0.22	    2.66	  471.31
2	11	 1600.18	  400.18	  500.12	 1601.81	  402.79	  500.45	  772.83	 1200.00	 1399.70	  656.30	    0.63	    0.00	    0.00	    0.24	   49.98	  545.65	  185.11	  199.54	   21.42	    0.14	    0.03	    0.08	    0.08	    0.00
3	2	    0.00	    0.00	    0.00	 2501.83	  719.64	  573.02	  727.76	 1149.52	 2033.40	 2357.42	 1000.47	    0.00	    0.00	  499.97	  666.79	  645.83	  684.55	  163.92	  321.41	    0.13	    0.05	    0.14	    0.13	    0.01
3	4	 3198.57	  160.37	 1334.13	 6697.74	    0.00	    0.00	    0.02	    0.00	    0.00	    0.08	  905.15	 3151.91	 1896.32	  200.02	    0.08	    0.00	    0.03	    0.00	    0.02	    0.00	    3.23	    0.05	  199.84	  271.32
3	10	  800.93	  299.91	  400.14	 2400.43	  699.78	  599.60	    0.61	    4.12	    0.37	    0.17	    0.00	    0.97	    0.76	    0.07	    0.06	    0.12	    0.04	    0.02	    0.02	    0.03	    0.02	    0.05	    0.06	    0.03
4	3	    0.00	    0.05	    0.00	    0.00	 1919.41	 1572.62	 1128.36	 1853.64	 2733.78	 3557.44	    0.00	    0.00	    0.00	    0.00	 1165.04	 1445.95	 1184.54	  263.94	  520.67	  300.16	    0.04	  398.85	    0.00	    0.00
4	5	    0.00	    0.00	  531.47	 2128.61	 1258.80	    0.00	    0.02	    0.03	  566.44	 1298.90	  404.97	 1469.54	  584.62	  100.02	  282.99	    0.04	    0.04	    0.00	    0.10	    0.01	    0.01	    0.00	   99.84	   71.53
4	8	 2998.57	  900.00	  702.66	 4069.14	 2921.78	 1400.01	    0.02	    0.10	    0.00	    0.00	    0.18	 1482.36	 1111.70	    0.00	    0.00	    0.06	    0.00	    0.01	    0.00	    0.02	    0.00	    0.00	    0.00	  199.79
5	1	    0.00	    0.00	    0.00	    0.02	   83.15	  927.43	  845.09	 1450.48	  166.29	  498.88	    0.02	    0.00	    0.00	    0.01	   83.13	  999.82	  200.56	  135.61	  100.01	  400.00	    0.00	   99.95	    0.00	    0.00
5	4	    0.00	  839.67	    0.00	    0.00	    0.00	 3172.63	  899.30	 1859.25	    0.00	    0.00	    0.00	    0.00	    0.00	    0.00	    0.00	 1508.77	    0.29	  208.38	    0.03	  316.77	    0.08	    0.00	    0.00	    0.00
5	7	 2200.31	 1499.91	  397.08	 1728.63	  975.65	 3499.95	    0.00	    0.00	    0.15	    0.14	    4.99	 1643.60	  543.24	    0.03	    0.00	    0.00	    0.00	    0.00	    0.00	    0.00	    0.00	    0.00	    0.00	    0.00
6	7	    0.00	    0.00	    0.00	    0.00	    0.00	    0.00	 4177.87	    0.00	    0.00	    0.00	    0.00	    0.00	    0.00	  399.51	  599.22	  387.31	  141.87	  999.74	  998.40	 2599.95	  500.11	  799.83	  299.97	  199.99
6	17	  430.85	  336.93	    8.05	  430.97	  119.40	  986.35	 7922.13	 4521.59	  821.64	    0.74	    0.15	  220.33	    0.10	    0.00	    0.00	    0.00	    0.03	    0.00	    0.00	    0.00	    0.00	    0.00	    0.00	    0.00
7	5	    0.00	    0.00	    0.00	    0.00	    0.00	    0.00	 2144.37	 4109.70	    0.00	    0.13	    0.00	    0.00	    0.00	    0.00	    0.14	 3408.55	  700.82	  443.98	  299.94	 1016.76	  100.06	  299.92	    0.00	    0.01
7	6	  930.85	  536.93	  108.05	  830.97	  319.40	 1386.35	    0.00	 5521.59	 1421.58	    2.87	    1.32	  920.26	   63.39	    0.00	    0.00	    0.00	    0.11	    0.00	    0.00	    0.00	    0.00	    0.00	    0.00	    0.00
7	8	    0.00	    0.00	    0.00	    0.00	    0.00	    0.00	 1033.50	 3690.23	    0.00	    0.00	    0.00	    0.00	    0.00	    0.00	    0.00	 1218.48	    0.00	  255.88	    0.00	  683.54	    0.10	    0.00	    0.00	    0.00
7	15	  469.55	  563.03	  174.31	  686.66	  429.16	 1313.69	    0.00	 3378.48	  892.92	    0.00	    0.06	  475.87	    0.43	    0.00	    0.00	    0.00	    0.00	    0.00	    0.00	    0.00	    0.00	    0.00	    0.00	    0.00
8	4	    0.00	    0.00	    0.00	    0.00	    0.00	    0.00	  429.09	  494.53	 4100.22	 5856.27	    0.00	    0.00	    0.00	    0.00	 1647.95	  437.27	 1384.26	   55.58	  620.72	   83.42	   96.74	  598.80	    0.00	    0.00
8	7	    0.08	    0.04	   85.28	  489.00	  272.90	    0.09	    0.00	    0.00	 3114.35	 1602.58	  796.39	  352.53	  120.58	    0.00	    0.00	    0.00	    0.23	    0.00	    0.00	    0.00	    0.00	    0.00	    0.00	    0.00
8	9	 2498.49	  699.96	  517.38	 2880.14	 1848.88	  999.92	    4.50	 2395.81	 8985.43	    0.00	    0.00	  529.89	  391.17	    0.00	    0.00	    0.25	    0.00	    0.33	    0.00	    0.29	    0.00	    0.00	    0.00	    0.00
9	8	    0.00	    0.00	    0.00	    0.00	    0.00	    0.00	    0.07	    0.00	    0.00	10258.84	 2196.21	    0.05	    0.05	  600.00	 2647.95	  618.99	 2284.49	    0.02	 1020.72	    0.15	  396.64	 1298.80	  500.00	    0.21
9	10	    0.00	    0.00	    0.00	    0.00	    0.00	    0.00	  499.39	  795.91	 1716.71	 8401.20	    0.00	    0.00	    0.00	    0.00	 1291.96	 1554.15	 1914.82	  199.98	  427.39	  432.01	    2.75	  491.87	    0.00	    0.00
9	14	  799.83	   99.99	   99.98	 1099.10	  597.43	  199.95	    0.00	    0.00	 3083.27	14598.09	 1904.58	  644.86	    2.98	    0.00	    0.00	    0.00	    0.82	    0.00	    0.00	    0.00	    0.00	    0.00	    0.00	    0.00
9	15	    0.00	    0.00	   17.65	   82.42	   51.51	    0.00	    0.00	    0.00	  485.63	 8041.22	 2164.54	  203.28	    0.12	    0.00	    0.00	    0.00	    0.00	    0.00	    0.00	    0.00	    0.00	    0.00	    0.00	    0.00
9	16	  399.58	    0.02	   99.97	  499.85	  199.94	    0.04	    0.09	    0.12	  899.83	 3900.65	  999.83	  599.81	  499.85	    0.11	    0.13	    0.12	    0.00	    0.05	    0.07	    0.15	    0.05	    0.15	    0.05	    0.03
10	3	    0.00	    0.00	    0.00	    0.00	    0.00	    0.00	    0.00	    0.00	    0.00	    0.22	 3405.62	    0.00	    0.00	 1199.97	    1.90	    0.00	    0.08	    0.00	    0.78	    0.00	    0.07	    1.17	  697.36	    0.05
10	9	    0.92	    0.00	    0.22	    1.23	    0.00	    0.00	    0.00	    0.00	    0.00	    0.00	11165.17	 2918.12	 2011.82	 1094.81	    0.00	    0.00	    0.00	    0.00	    0.00	    0.00	    0.00	    0.00	  362.38	   51.63
10	11	    0.00	    0.00	    0.00	    0.00	    0.00	    0.00	    0.00	    0.00	    0.16	 3243.70	 2400.43	    0.00	    0.00	  716.76	  654.40	  154.43	  914.84	    0.02	  280.43	    0.00	    0.00	    0.00	    0.00	    0.00
10	13	  300.29	  100.01	  100.06	  999.28	  199.80	  199.67	    0.00	    0.03	  316.92	 1157.45	 5328.78	 1055.00	   19.82	    0.00	    0.00	    0.00	    0.05	    0.00	    0.00	    0.00	    0.00	    0.00	    0.00	    0.00
11	2	    0.00	    0.00	    0.00	    0.00	    0.00	    0.00	    0.00	    0.00	    0.00	    0.00	    0.18	 4626.93	 3555.70	    0.37	    0.05	    0.00	    0.00	    0.00	    0.00	    0.00	  303.18	  500.25	  402.77	  599.75
11	10	    0.28	    0.11	    0.14	    0.08	    0.03	    0.07	    0.00	    0.00	    0.00	    0.00	    0.00	 5372.15	 3030.87	    0.00	    0.00	    0.00	    0.00	    0.00	    0.00	    0.00	    0.04	    0.00	    0.00	    0.53
11	12	 1399.90	  300.07	  299.98	 1001.72	  202.76	  300.37	   73.09	  600.00	  799.86	 1900.00	 1000.88	 3900.92	    0.00	   17.11	    4.35	    0.54	  499.95	    0.06	    1.86	    0.00	    0.00	    0.00	    0.00	    0.00
12	11	    0.00	    0.00	    0.00	    0.00	    0.00	    0.00	    0.27	    0.00	    0.00	    0.00	    0.00	    0.00	 7886.58	    0.48	    0.03	    0.46	    0.00	    0.50	    0.01	  499.86	  603.18	 1200.16	 1102.69	 1100.28
12	23	  899.90	    0.07	  199.98	  401.72	    2.76	  100.37	    0.00	    0.00	  199.86	    0.00	    0.88	 2600.92	 6713.42	    0.00	    0.00	    0.00	    0.00	    0.00	    0.00	    0.00	    0.00	    0.00	    0.00	    0.00
13	10	    0.00	    0.00	    0.00	    0.00	    0.00	    0.00	    0.00	    0.00	    0.00	    0.00	    0.00	    0.00	    0.00	 4611.47	  764.27	    0.16	    0.12	    0.02	  253.81	  167.96	  397.26	  609.25	 2359.69	  651.12
13	14	    0.20	    0.02	    0.04	    0.27	    0.06	    0.04	    0.00	    0.00	    0.00	    0.00	 1064.24	  354.77	   88.76	 6282.07	    0.00	    0.00	    0.00	    0.00	    0.00	    0.00	    0.00	    0.00	 1130.51	  113.12
13	22	    0.10	    0.00	    0.02	  499.03	   99.75	   99.64	    0.00	    0.00	  198.78	  819.54	 2664.60	    0.26	    0.24	 3206.45	  446.66	    0.00	  225.81	    0.00	  138.84	    0.00	    0.00	    0.00	    0.00	    0.00
14	9	    0.00	    0.00	    0.00	    0.00	    0.00	    0.00	    0.00	    0.00	    0.00	    0.00	    0.00	    0.00	    0.00	 1605.30	 7940.04	    0.30	    0.83	    0.06	 3247.98	 1726.51	 1599.45	 4390.81	 1937.67	  748.61
14	13	    0.00	    0.00	    0.00	    0.00	    0.00	    0.00	  199.47	  398.94	  481.86	 1762.09	    0.07	    0.00	    0.00	    0.00	 2510.93	  699.07	  925.88	   99.74	  692.64	  666.09	    0.21	  641.64	    0.00	    0.00
14	18	  300.03	    0.05	    0.02	  200.13	  100.03	    0.05	    0.02	    0.03	  400.15	 3255.60	  833.97	  300.13	  281.50	 2897.86	 5899.48	    0.06	    0.42	    0.01	    0.00	    0.05	  556.38	 2899.91	  899.98	  258.89
14	21	    0.00	    0.00	    0.00	  399.24	  297.45	    0.00	    0.00	    0.00	 1301.26	 5580.40	  734.79	    0.00	    0.00	  478.91	 5049.55	    0.24	 2484.96	    0.00	 2077.05	    0.00	    0.00	    0.00	    0.00	    0.00
15	7	    0.00	    0.00	    0.00	    0.00	    0.00	    0.00	    0.00	    0.00	    0.00	    0.27	    0.00	    0.00	    0.00	    0.46	    0.92	 6439.72	 1958.83	    0.13	    1.54	    0.35	    0.05	    0.09	    0.03	    0.02
15	9	    0.00	    0.05	    0.00	    0.00	    0.00	    0.07	 2394.83	    0.22	    0.00	    0.00	    0.00	    0.00	    0.00	    0.00	    0.00	 6571.59	    0.58	  899.57	    0.20	 1205.32	    0.00	    0.00	    0.00	    0.00
15	16	    0.41	  199.99	    0.01	    0.06	    0.05	  500.02	 1000.33	 1400.22	    0.12	    0.52	    0.09	    0.05	    0.00	    0.00	    0.00	 5965.25	    0.00	  600.15	    0.00	 1544.39	  351.67	    0.00	    0.00	  126.05
15	17	    0.05	    0.03	    0.00	    0.05	    0.01	    0.09	    0.00	    0.43	    0.42	 3642.20	  764.93	    0.18	    0.01	    0.14	    0.41	 7123.45	 3754.62	    0.00	    0.41	    0.00	    0.00	    0.00	    0.00	    0.00
16	9	    0.00	    0.00	    0.00	    0.00	    0.00	    0.00	    0.21	    0.00	    0.00	    0.00	    0.00	    0.00	    0.00	    0.00	    0.00	    1.11	 8098.72	    0.09	    0.00	    0.18	    0.00	    0.00	    0.00	    0.00
16	15	    0.00	    0.00	    0.00	    0.00	    0.00	    0.00	    0.00	    0.00	    0.00	    1.40	    0.31	    0.00	    0.00	  690.93	 1185.17	    0.00	 8513.92	    0.00	 1284.69	    0.00	    0.05	    0.11	    0.05	    0.03
16	18	    0.03	    0.03	    0.00	    0.02	    0.01	    0.06	    0.20	    0.34	    0.04	    0.16	    0.00	    0.00	    0.00	    0.00	    0.00	 3164.26	 6787.36	    0.11	    0.00	    0.00	    0.00	    0.00	    0.00	    0.00
17	6	    0.00	    0.00	    0.00	    0.00	    0.00	    0.00	    0.00	    0.00	    0.05	 1897.87	  498.82	    0.07	  336.71	  599.51	 1099.22	 1787.31	 1141.78	 1199.74	 1398.40	 3099.95	  700.11	 1299.83	  499.97	  299.99
17	15	   30.90	   37.05	    8.05	   31.03	   19.39	   86.49	 4795.17	  222.38	   22.00	    0.38	    0.12	   21.08	  599.47	    9.67	   16.16	    0.00	    0.12	 1999.86	   17.45	 4350.07	  951.67	 1199.98	  499.99	  426.05
17	19	  299.99	  299.91	    0.00	  299.99	  100.02	  799.95	 2926.97	 3999.64	  600.01	 1044.91	  166.15	    0.09	    0.07	    0.00	    0.00	 4836.13	 2012.89	 1600.41	    0.00	    0.00	    0.00	    0.00	    0.00	    0.00
18	14	    0.00	    0.03	    0.00	    0.00	    0.00	    0.07	  699.43	  998.89	    0.00	    0.00	    0.00	    0.00	    0.00	    0.00	    0.00	 1899.51	 4911.27	  299.77	 6817.67	 3492.20	    0.16	    0.39	    0.17	    0.07
18	16	    0.04	    0.02	    0.02	    0.11	    0.02	    0.00	    0.00	    0.00	    0.09	    0.40	    0.38	    0.13	    0.15	 1390.82	 2685.04	    0.00	    0.00	    0.00	 2984.62	  155.64	  248.34	 1699.96	  599.99	  173.95
18	19	    0.02	    0.00	    0.00	    0.04	    0.02	    0.03	    0.00	    0.00	    0.10	 1455.36	  433.59	    0.00	    0.00	 1207.05	 2414.44	    0.00	  176.52	    0.00	 2997.71	    0.00	    0.00	    0.00	    0.00	    0.00
19	17	    0.00	    0.00	    0.00	    0.00	    0.00	    0.00	    0.00	    0.00	    0.00	    0.22	    0.02	    0.74	 1036.13	  709.04	 1314.97	    0.00	    0.14	    0.00	 1715.45	 7850.02	 1751.77	 2799.81	 1099.96	  726.04
19	18	    0.00	   99.98	    0.00	    0.00	    0.00	  199.98	 1099.21	 1698.53	    0.00	    0.00	    0.00	    0.00	   18.65	    0.01	    0.00	   35.20	    0.00	  599.65	    0.00	 4847.79	   92.12	    0.44	    0.18	   15.13
19	20	    0.00	    0.00	    0.00	    0.01	    0.03	  100.01	  627.63	  600.65	    0.05	    0.05	    0.02	    0.01	    0.03	    0.02	    0.03	 1500.95	  489.24	  200.67	   82.36	 2701.26	    0.00	    0.08	    0.03	    0.02
19	21	    0.00	   99.93	    0.00	    0.02	    0.01	  199.98	  700.13	  800.46	    0.06	    0.22	    0.05	    0.00	    0.00	    0.00	    0.17	 1699.98	    0.11	  400.09	    0.08	 3100.93	    0.18	    0.00	    0.00	    0.00
20	19	    0.00	    0.00	    0.00	    0.00	    0.00	    0.00	    0.00	    0.00	    0.00	    0.11	    0.03	  400.63	 1654.64	    0.08	    0.17	    0.00	    0.07	    0.00	    0.18	    0.00	 3044.07	    0.24	    2.64	 1140.89
20	21	  263.42	    0.06	   65.85	    0.24	    0.00	    0.03	    0.06	    0.08	    0.00	    0.00	    0.00	  461.48	 1466.42	    0.00	    0.00	    0.16	    0.00	    0.03	    0.00	    0.41	 4758.25	    0.00	    0.00	 1602.87
20	23	    0.00	    0.00	    0.00	    0.00	    0.00	    0.02	  427.57	  200.58	    0.08	  486.33	    0.00	    0.00	    0.00	    0.00	  682.89	  900.87	  211.64	  100.64	  252.60	 1500.85	 3197.68	 2343.83	    0.00	    0.00
21	14	    0.00	    0.00	    0.00	    0.00	    0.00	    0.00	    0.06	    0.08	    0.00	    0.00	    0.00	    0.50	  889.76	    0.00	    0.00	    0.16	    0.00	    0.03	    0.00	    0.46	 2955.88	10531.98	 2706.98	 1294.30
21	19	    0.00	    0.00	    0.00	    0.00	    0.00	    0.00	    0.00	    0.00	    0.00	    0.10	    0.31	    0.03	    0.11	    1.94	    0.56	    0.00	    0.00	    0.00	    0.00	    0.00	    0.00	 5200.09	 1797.52	    0.30
21	20	    0.01	    0.00	    0.00	    0.02	   97.51	    0.00	    0.00	    0.00	  300.02	 1686.39	    2.67	    0.03	    0.00	    1.17	 1483.02	    0.08	  322.48	    0.00	  570.42	    0.00	    0.00	 4144.00	    0.59	    0.00
21	22	    0.00	    0.00	    0.00	    0.00	    0.00	    0.01	  200.13	  300.45	  301.29	 1294.13	    0.00	    0.00	    0.00	    0.00	  966.13	  500.14	  462.59	  100.09	  306.71	  700.89	    2.55	 4523.94	    0.00	    0.00
22	13	    0.01	    0.00	    0.00	    0.02	    0.00	    0.00	    0.53	    1.03	    0.00	    0.00	    0.00	    0.03	  669.19	    0.00	    0.00	    1.09	    0.00	    0.29	    0.01	    1.87	  797.05	 1167.60	 4590.20	 1164.25
22	21	  136.60	    0.01	   34.15	    0.52	    0.05	    0.00	    0.00	    0.00	    0.00	    0.00	  368.14	  239.09	  723.44	  724.19	    0.00	    0.00	    0.00	    0.00	    0.00	    0.00	    0.00	    0.00	 6605.09	  791.73
22	23	    0.01	    0.00	    0.00	    0.02	    0.00	    0.01	    0.04	    0.08	    0.07	  313.67	  996.51	    0.06	    0.00	 1382.26	  412.79	    0.15	   88.40	    0.02	  145.54	    0.53	    0.06	 1256.97	 3304.71	    0.00
23	12	    0.00	    0.00	    0.00	    0.00	    0.00	    0.00	  327.17	    0.00	    0.00	    0.00	    0.00	    0.00	    0.00	  583.36	  695.68	  599.92	    0.05	  100.44	  298.15	 1099.86	 1203.18	 2500.16	 1902.69	 1800.28
23	20	  363.40	    0.06	   65.85	  200.21	    2.46	    0.03	    0.00	    0.00	    0.01	    0.00	  397.34	 1162.06	 3721.03	  398.90	    0.00	    0.00	    0.00	    0.00	    0.00	    0.00	    0.00	    0.00	  702.02	 3243.74
23	22	  436.52	    0.01	  134.13	    1.54	    0.30	    0.37	    0.44	    0.66	    0.00	    0.00	    0.06	  938.92	 2192.39	    0.00	    0.00	    1.10	    0.00	    0.22	    0.00	    1.52	 1494.55	    0.63	    0.00	 2655.98
