0.000000000000000000e+00 1.000000000000000000e+00 4.495833709609181824e+03
0.000000000000000000e+00 2.000000000000000000e+00 8.121101385648609721e+03
1.000000000000000000e+00 0.000000000000000000e+00 4.521670543402484327e+03
1.000000000000000000e+00 5.000000000000000000e+00 5.968483308258491888e+03
2.000000000000000000e+00 0.000000000000000000e+00 8.095264551855321770e+03
2.000000000000000000e+00 3.000000000000000000e+00 1.401941027299251618e+04
2.000000000000000000e+00 1.100000000000000000e+01 1.003978575057214766e+04
3.000000000000000000e+00 2.000000000000000000e+00 1.404447934634854755e+04
3.000000000000000000e+00 4.000000000000000000e+00 1.801342183385042517e+04
3.000000000000000000e+00 1.000000000000000000e+01 5.210130993851231324e+03
4.000000000000000000e+00 3.000000000000000000e+00 1.804068792611688696e+04
4.000000000000000000e+00 5.000000000000000000e+00 8.794029418139627523e+03
4.000000000000000000e+00 8.000000000000000000e+00 1.578687020505056353e+04
5.000000000000000000e+00 1.000000000000000000e+00 5.994320142051798030e+03
5.000000000000000000e+00 4.000000000000000000e+00 8.804616943148488645e+03
5.000000000000000000e+00 7.000000000000000000e+00 1.248935131162878679e+04
6.000000000000000000e+00 7.000000000000000000e+00 1.210093288113200288e+04
6.000000000000000000e+00 1.700000000000000000e+01 1.580581098143897361e+04
7.000000000000000000e+00 5.000000000000000000e+00 1.252577567043094859e+04
7.000000000000000000e+00 6.000000000000000000e+00 1.204750887429140676e+04
7.000000000000000000e+00 8.000000000000000000e+00 6.880107142311628195e+03
7.000000000000000000e+00 1.500000000000000000e+01 8.381712186129312613e+03
8.000000000000000000e+00 4.000000000000000000e+00 1.580354877230817146e+04
8.000000000000000000e+00 7.000000000000000000e+00 6.839330321311553234e+03
8.000000000000000000e+00 9.000000000000000000e+00 2.174797416303133286e+04
9.000000000000000000e+00 8.000000000000000000e+00 2.182387590928889040e+04
9.000000000000000000e+00 1.000000000000000000e+01 1.772598629977492601e+04
9.000000000000000000e+00 1.400000000000000000e+01 2.312883756073203404e+04
9.000000000000000000e+00 1.500000000000000000e+01 1.104579870584003584e+04
9.000000000000000000e+00 1.600000000000000000e+01 8.100731720951689567e+03
1.000000000000000000e+01 3.000000000000000000e+00 5.307933974940799089e+03
1.000000000000000000e+01 9.000000000000000000e+00 1.760862429255073221e+04
1.000000000000000000e+01 1.100000000000000000e+01 8.362546125530316203e+03
1.000000000000000000e+01 1.300000000000000000e+01 9.779135747264297606e+03
1.100000000000000000e+01 2.000000000000000000e+00 9.988879843422819249e+03
1.100000000000000000e+01 1.000000000000000000e+01 8.404768966352212374e+03
1.100000000000000000e+01 1.200000000000000000e+01 1.230332390416708768e+04
1.200000000000000000e+01 1.100000000000000000e+01 1.239464083783965361e+04
1.200000000000000000e+01 2.300000000000000000e+01 1.111922888330757269e+04
1.300000000000000000e+01 1.000000000000000000e+01 9.817353880307784493e+03
1.300000000000000000e+01 1.400000000000000000e+01 9.035727557856460407e+03
1.300000000000000000e+01 2.200000000000000000e+01 8.396849454611594410e+03
1.400000000000000000e+01 9.000000000000000000e+00 2.319487572525558062e+04
1.400000000000000000e+01 1.300000000000000000e+01 9.079634383851516759e+03
1.400000000000000000e+01 1.800000000000000000e+01 1.908482118290326980e+04
1.400000000000000000e+01 2.100000000000000000e+01 1.840458098924402657e+04
1.500000000000000000e+01 7.000000000000000000e+00 8.405489359090952348e+03
1.500000000000000000e+01 9.000000000000000000e+00 1.107287147330075095e+04
1.500000000000000000e+01 1.600000000000000000e+01 1.168832819389177166e+04
1.500000000000000000e+01 1.700000000000000000e+01 1.528765008418612160e+04
1.600000000000000000e+01 9.000000000000000000e+00 8.100884542449148285e+03
1.600000000000000000e+01 1.500000000000000000e+01 1.167601006194163529e+04
1.600000000000000000e+01 1.800000000000000000e+01 9.952691384732830556e+03
1.700000000000000000e+01 6.000000000000000000e+00 1.585923498827956246e+04
1.700000000000000000e+01 1.500000000000000000e+01 1.535081815655863102e+04
1.700000000000000000e+01 1.900000000000000000e+01 1.898848025733860050e+04
1.800000000000000000e+01 1.400000000000000000e+01 1.911740605455499826e+04
1.800000000000000000e+01 1.600000000000000000e+01 9.940526074280140165e+03
1.800000000000000000e+01 1.900000000000000000e+01 8.685994018467767091e+03
1.900000000000000000e+01 1.700000000000000000e+01 1.900507233655171876e+04
1.900000000000000000e+01 1.800000000000000000e+01 8.706413579666808801e+03
1.900000000000000000e+01 2.000000000000000000e+01 6.304785972331156700e+03
1.900000000000000000e+01 2.100000000000000000e+01 7.002244242536453385e+03
2.000000000000000000e+01 1.900000000000000000e+01 6.242019505652597218e+03
2.000000000000000000e+01 2.100000000000000000e+01 8.617590484790369374e+03
2.000000000000000000e+01 2.300000000000000000e+01 1.030662641147497197e+04
2.100000000000000000e+01 1.400000000000000000e+01 1.838194110811091377e+04
2.100000000000000000e+01 1.900000000000000000e+01 7.002022349627154654e+03
2.100000000000000000e+01 2.000000000000000000e+01 8.604950535608079008e+03
2.100000000000000000e+01 2.200000000000000000e+01 9.658984780584323744e+03
2.200000000000000000e+01 1.300000000000000000e+01 8.391160761660030403e+03
2.200000000000000000e+01 2.100000000000000000e+01 9.623483057359586383e+03
2.200000000000000000e+01 2.300000000000000000e+01 7.901432430110673522e+03
2.300000000000000000e+01 1.200000000000000000e+01 1.111054581698013135e+04
2.300000000000000000e+01 2.000000000000000000e+01 1.025649989397871468e+04
2.300000000000000000e+01 2.200000000000000000e+01 7.860242013934370334e+03
