i	j	       0	       1	       2	       3	       4	       5	       6	       7	       8	       9	      10	      11	      12	      13	      14	      15	      16	      17	      18	      19	      20	      21	      22	      23
0	1	 2600.31	    0.00	  268.95	  199.98	   15.71	    0.00	    0.01	    0.02	   31.41	   94.25	  199.98	  478.81	  461.49	  100.00	   15.76	    0.02	    0.06	    0.00	    0.09	    0.00	    0.00	    0.08	    0.14	   29.41
0	2	 6199.69	 1171.32	    0.00	    0.00	    0.00	  237.94	  139.26	  242.29	    0.00	    0.00	    0.00	    0.00	    0.00	    0.00	    0.00	   95.38	    0.00	   34.62	    0.00	    0.02	    0.00	    0.00	    0.00	    0.00
1	0	    0.00	 1271.32	    0.00	    0.00	    0.00	  537.94	  639.15	 1042.10	    0.00	    0.00	    0.00	    0.00	    0.00	    0.00	    0.00	  594.96	    0.19	  134.59	    0.05	  299.90	    0.00	    0.02	    0.00	    0.00
1	5	 2500.31	 2728.68	  168.95	    0.00	    0.00	    0.00	    0.00	    0.00	    0.00	    0.00	    0.00	  378.81	  161.49	    0.00	    0.00	    0.00	    0.00	    0.00	    0.00	    0.00	    0.00	    0.01	    0.14	   29.41
2	0	    0.00	    0.00	  368.95	  699.98	  215.71	    0.00	    0.13	    0.21	  531.41	 1394.25	  699.98	  678.81	  961.49	  400.00	  515.76	    0.44	  399.86	    0.02	  300.04	    0.13	  100.00	  400.07	  300.14	  129.41
2	3	 4499.48	  671.21	 1931.03	    0.00	    0.00	    0.44	    0.00	    0.00	    0.00	    0.00	    0.00	 3745.92	 2499.34	    0.09	    0.00	    0.00	    0.00	    0.00	    0.00	    0.00	  202.66	    0.24	    1.84	  470.44
2	11	 1600.21	  400.12	  500.03	 1602.03	  403.26	  500.42	  769.32	 1200.00	 1399.53	  665.16	    0.33	    0.00	    0.00	    0.07	   52.35	  533.98	  187.44	  199.44	   22.44	    0.13	    0.00	    0.00	    0.00	    0.00
3	2	    0.00	    0.00	    0.00	 2502.01	  718.97	  562.92	  730.18	 1157.92	 2030.93	 2358.95	 1000.10	    0.00	    0.00	  499.90	  667.91	  638.92	  687.19	  164.85	  322.40	    0.12	    0.00	    0.03	    0.02	    0.00
3	4	 3196.42	  170.97	 1330.44	 6695.08	    0.00	    0.27	    0.00	    0.00	    0.00	    0.07	  905.91	 3145.70	 1899.20	  200.03	    0.01	    0.00	    0.03	    0.00	    0.00	    0.00	    2.68	    0.02	  199.85	  270.41
3	10	  803.06	  300.28	  400.59	 2402.91	  699.70	  599.59	    0.56	    4.74	    0.67	    0.18	    0.00	    0.22	    0.13	    0.07	    0.06	    0.20	    0.04	    0.11	    0.02	    0.03	    0.02	    0.05	    0.06	    0.03
4	3	    0.00	    0.05	    0.00	    0.00	 1918.67	 1562.33	 1130.74	 1862.66	 2731.60	 3558.50	    0.00	    0.00	    0.00	    0.00	 1164.40	 1438.98	 1187.13	  264.95	  520.90	  300.15	    0.04	  398.54	    0.00	    0.00
4	5	    0.00	    0.00	  524.78	 2135.06	 1263.37	    0.00	    0.02	    0.04	  568.56	 1305.54	  405.10	 1459.95	  580.27	  100.00	  284.06	    0.04	    0.14	    0.00	    0.09	    0.01	    0.04	    0.04	   99.85	   70.57
4	8	 2996.42	  899.79	  705.66	 4060.02	 2917.96	 1400.14	    0.13	    0.23	    0.00	    0.00	    0.81	 1485.75	 1118.93	    0.03	    0.00	    0.31	    0.00	    0.02	    0.00	    0.06	    0.00	    0.00	    0.00	  199.84
5	1	    0.00	    0.00	    0.00	    0.02	   84.29	  937.94	  839.14	 1442.08	  168.59	  505.75	    0.02	    0.00	    0.00	    0.01	   84.24	  994.94	  200.14	  134.59	   99.96	  399.89	    0.00	   99.94	    0.00	    0.00
5	4	    0.00	  828.86	    0.00	    0.00	    0.00	 3162.20	 1030.75	 1812.65	    0.00	    0.00	    0.00	    0.00	    0.00	    0.00	    0.00	 1458.06	    0.18	  203.10	    0.05	  308.18	    0.06	    0.08	    0.00	    0.00
5	7	 2200.31	 1499.82	  393.73	 1735.04	  979.08	 3499.86	    0.00	    0.00	    0.00	    0.00	    5.08	 1638.76	  541.76	    0.00	    0.00	    0.00	    0.00	    0.00	    0.00	    0.00	    0.00	    0.00	    0.00	    0.00
6	7	    0.00	    0.00	    0.00	    0.00	    0.00	    0.00	 4175.09	    0.00	    0.00	    0.00	    0.00	    0.00	    0.00	  399.81	  599.85	  390.85	  140.10	  999.31	  999.36	 2599.10	  499.96	  799.90	  299.98	  199.99
6	17	  430.79	  337.01	    8.51	  431.83	  119.91	  986.67	 7924.91	 4522.36	  818.69	    0.21	    0.13	  216.83	    0.03	    0.00	    0.00	    0.00	    0.14	    0.00	    0.00	    0.00	    0.00	    0.00	    0.00	    0.00
7	5	    0.00	    0.00	    0.00	    0.00	    0.00	    0.00	 2269.87	 4054.69	    0.03	    0.21	    0.00	    0.00	    0.00	    0.00	    0.18	 3352.97	  700.18	  437.69	  299.91	 1008.06	  100.02	  299.97	    0.01	    0.02
7	6	  930.79	  537.01	  108.51	  831.83	  319.91	 1386.67	    0.00	 5522.36	 1418.64	    3.67	    0.93	  916.71	   64.53	    0.00	    0.00	    0.00	    0.22	    0.00	    0.00	    0.00	    0.00	    0.00	    0.00	    0.00
7	8	    0.00	    0.00	    0.00	    0.00	    0.00	    0.00	  905.22	 3745.24	    0.00	    0.00	    0.00	    0.00	    0.00	    0.00	    0.00	 1278.76	    0.00	  261.74	    0.00	  691.40	    0.00	    0.00	    0.00	    0.00
7	15	  469.60	  562.85	  173.58	  684.85	  428.22	 1313.28	    0.00	 3377.71	  889.68	    0.00	    0.06	  486.58	    1.08	    0.00	    0.00	    0.00	    0.00	    0.00	    0.00	    0.00	    0.00	    0.00	    0.00	    0.00
8	4	    0.00	    0.00	    0.00	    0.00	    0.00	    0.00	  300.14	  550.27	 4100.16	 5863.96	    0.00	    0.00	    0.00	    0.00	 1648.46	  481.27	 1387.06	   61.88	  620.94	   92.04	   97.34	  598.47	    0.00	    0.00
8	7	    0.08	    0.04	   88.36	  481.65	  269.05	    0.10	    0.00	    0.00	 3108.35	 1603.60	  795.90	  364.52	  123.84	    0.00	    0.00	    0.00	    0.34	    0.00	    0.00	    0.00	    0.00	    0.00	    0.00	    0.00
8	9	 2496.34	  699.74	  517.30	 2878.37	 1848.91	 1000.04	    5.27	 2395.20	 8991.49	    0.00	    0.00	  521.28	  395.15	    0.00	    0.00	    0.41	    0.00	    0.04	    0.00	    0.00	    0.00	    0.00	    0.00	    0.00
9	8	    0.00	    0.00	    0.00	    0.00	    0.00	    0.00	    0.06	    0.00	    0.00	10267.56	 2195.09	    0.06	    0.06	  599.97	 2648.46	  602.61	 2287.40	    0.15	 1020.94	    0.59	  397.34	 1298.47	  500.00	    0.16
9	10	    0.00	    0.00	    0.00	    0.00	    0.00	    0.00	  499.44	  795.30	 1707.94	 8372.84	    0.00	    0.00	    0.00	    0.00	 1298.22	 1566.42	 1912.51	  199.96	  429.44	  434.26	    2.19	  510.62	    0.00	    0.00
9	14	  798.75	  100.06	   99.85	 1097.44	  597.03	  200.02	    0.00	    0.00	 3091.77	14616.90	 1879.91	  639.37	    5.35	    0.00	    0.00	    0.00	    0.83	    0.00	    0.00	    0.00	    0.00	    0.00	    0.00	    0.00
9	15	    0.00	    0.00	   17.93	   83.42	   51.92	    0.00	    0.00	    0.00	  491.91	 8042.45	 2164.97	  195.40	    0.49	    0.00	    0.00	    0.00	    0.00	    0.00	    0.00	    0.00	    0.00	    0.00	    0.00	    0.00
9	16	  399.38	    0.04	   99.97	  499.87	  199.96	    0.09	    0.09	    0.12	  899.87	 3900.25	  999.85	  599.85	  499.87	    0.10	    0.13	    0.12	    0.00	    0.03	    0.08	    0.15	    0.05	    0.15	    0.05	    0.03
10	3	    0.00	    0.00	    0.00	    0.00	    0.00	    0.00	    0.00	    0.00	    0.00	    0.71	 3406.01	    0.00	    0.00	 1199.91	    3.58	    0.14	    0.13	    0.00	    1.52	    0.00	    0.00	    1.32	  698.09	    0.00
10	9	    1.80	    0.30	    0.45	    2.36	    0.00	    0.00	    0.00	    0.00	    0.00	    0.00	11139.83	 2913.39	 2010.62	 1152.73	    0.00	    0.00	    0.00	    0.00	    0.00	    0.00	    0.00	    0.00	  329.85	   53.57
10	11	    0.00	    0.00	    0.00	    0.00	    0.00	    0.00	    0.00	    0.00	    0.16	 3235.30	 2400.33	    0.00	    0.00	  716.75	  654.07	  166.48	  912.46	    0.06	  280.31	    0.00	    0.00	    0.00	    0.00	    0.00
10	13	  301.33	  100.00	  100.18	 1000.63	  199.72	  199.61	    0.00	    0.04	  308.45	 1137.01	 5353.84	 1059.68	   17.50	    0.00	    0.00	    0.00	    0.00	    0.00	    0.00	    0.00	    0.00	    0.00	    0.00	    0.00
11	2	    0.00	    0.00	    0.00	    0.00	    0.00	    0.00	    0.00	    0.00	    0.00	    0.46	    0.21	 4624.73	 3560.83	    0.26	    0.20	    0.12	    0.11	    0.00	    0.08	    0.11	  302.66	  500.28	  401.95	  599.85
11	10	    0.06	    0.02	    0.03	    0.08	    0.02	    0.02	    0.00	    0.00	    0.00	    0.00	    0.00	 5372.85	 3027.98	    0.00	    0.00	    0.00	    0.00	    0.00	    0.00	    0.00	    0.00	    0.00	    0.00	    0.26
11	12	 1400.15	  300.09	  299.99	 1001.95	  203.24	  300.40	   69.43	  600.00	  799.69	 1900.00	 1000.45	 3902.42	    0.00	   16.92	    6.26	    0.86	  499.79	    0.05	    2.68	    0.06	    0.00	    0.00	    0.00	    0.00
12	11	    0.00	    0.00	    0.00	    0.00	    0.00	    0.00	    0.12	    0.00	    0.00	    0.00	    0.00	    0.00	 7888.80	    0.36	    0.04	    0.52	    0.00	    0.55	    0.02	  500.04	  602.66	 1200.28	 1101.95	 1100.11
12	23	  900.15	    0.09	  199.99	  401.95	    3.24	  100.40	    0.00	    0.00	  199.69	    0.00	    0.45	 2602.42	 6711.20	    0.00	    0.00	    0.00	    0.00	    0.00	    0.00	    0.00	    0.00	    0.00	    0.00	    0.00
13	10	    0.00	    0.00	    0.00	    0.00	    0.00	    0.00	    0.00	    0.00	    0.00	    0.00	    0.00	    0.00	    0.00	 4669.32	  759.37	    0.00	    0.04	    0.00	  252.37	  165.72	  397.80	  590.66	 2327.88	  653.29
13	14	    1.30	    0.00	    0.17	    1.36	    0.00	    0.00	    0.00	    0.00	    0.00	    0.00	 1071.47	  360.73	  105.52	 6187.03	    0.00	    0.00	    0.00	    0.00	    0.00	    0.00	    0.00	    0.00	 1168.02	  141.47
13	22	    0.04	    0.01	    0.01	  499.29	   99.73	   99.61	    0.00	    0.00	  192.94	  796.72	 2682.43	    0.00	    0.00	 3243.66	  432.21	    0.00	  220.91	    0.00	  131.10	    0.00	    0.00	    0.00	    0.00	    0.00
14	9	    0.00	    0.00	    0.00	    0.00	    0.00	    0.00	    0.00	    0.00	    0.00	    0.00	    0.00	    0.00	    0.00	 1547.34	 7946.81	    0.32	    0.00	    0.09	 3250.25	 1726.08	 1598.93	 4409.24	 1970.21	  746.61
14	13	    0.00	    0.00	    0.00	    0.00	    0.00	    0.00	  199.81	  399.62	  484.50	 1759.71	    0.07	    0.00	    0.00	    0.00	 2491.58	  699.33	  920.95	   99.90	  683.46	  665.00	    0.93	  675.99	    0.00	    0.00
14	18	  300.05	    0.08	    0.02	  200.11	  100.04	    0.09	    0.02	    0.03	  400.21	 3254.44	  834.15	  300.10	  280.92	 2898.88	 5899.74	    0.05	    0.44	    0.01	    0.00	    0.05	  552.72	 2899.82	  899.95	  263.91
14	21	    0.00	    0.00	    0.00	  398.70	  297.00	    0.00	    0.00	    0.00	 1307.16	 5603.20	  717.16	    0.00	    0.00	  440.81	 5061.87	    0.24	 2569.21	    0.00	 2007.09	    0.00	    0.00	    0.00	    0.00	    0.00
15	7	    0.00	    0.00	    0.00	    0.00	    0.00	    0.00	    0.00	    0.00	    0.00	    0.28	    0.00	    0.00	    0.00	    0.19	    0.33	 6440.88	 1959.97	    0.13	    0.55	    0.36	    0.06	    0.07	    0.03	    0.02
15	9	    0.00	    0.06	    0.00	    0.00	    0.00	    0.07	 2394.20	    0.22	    0.00	    0.00	    0.00	    0.00	    0.00	    0.00	    0.00	 6568.17	    0.60	  899.97	    0.21	 1208.92	    0.65	    0.00	    0.00	    0.00
15	16	    0.58	  199.99	    0.01	    0.07	    0.03	  499.97	 1000.19	 1400.45	    0.12	    0.53	    0.09	    0.06	    0.00	    0.00	    0.00	 5979.31	    0.00	  600.11	    0.00	 1529.73	  351.42	    0.10	    0.03	  122.59
15	17	    0.04	    0.01	    0.00	    0.04	    0.01	    0.05	    0.00	    0.25	    0.90	 3642.83	  765.48	    0.14	    0.01	    0.03	    0.07	 7111.64	 3768.96	    0.00	    0.07	    0.00	    0.00	    0.00	    0.00	    0.00
16	9	    0.00	    0.00	    0.00	    0.00	    0.00	    0.00	    0.11	    0.00	    0.00	    0.00	    0.00	    0.00	    0.00	    0.00	    0.00	    0.25	 8100.14	    0.04	    0.00	    0.00	    0.00	    0.00	    0.00	    0.00
16	15	    0.00	    0.00	    0.00	    0.00	    0.00	    0.00	    0.00	    0.00	    0.00	    0.82	    0.11	    0.00	    0.00	  687.49	 1178.57	    0.00	 8529.29	    0.00	 1277.15	    0.00	    0.06	    0.11	    0.05	    0.03
16	18	    0.05	    0.03	    0.00	    0.03	    0.03	    0.06	    0.17	    0.57	    0.17	    0.71	    0.02	    0.02	    0.02	    0.00	    0.00	 3179.19	 6770.57	    0.10	    0.00	    0.00	    0.00	    0.00	    0.00	    0.00
17	6	    0.00	    0.00	    0.00	    0.00	    0.00	    0.00	    0.00	    0.00	    0.06	 1896.54	  499.20	    0.12	  335.50	  599.81	 1099.85	 1790.85	 1140.01	 1199.31	 1399.36	 3099.10	  699.96	 1299.90	  499.98	  299.99
17	15	   31.02	   37.21	    8.51	   31.83	   19.89	   86.81	 4794.40	  223.22	   19.43	    0.38	    0.44	   18.22	  598.45	   12.73	   21.82	    0.00	    0.24	 2000.20	   23.68	 4339.00	  952.07	 1200.06	  500.02	  422.59
17	19	  299.81	  299.82	    0.00	  300.04	  100.02	  799.92	 2930.51	 3999.39	  600.10	 1046.35	  166.45	    0.13	    0.00	    0.00	    0.00	 4820.79	 2029.00	 1600.49	    0.00	    0.00	    0.00	    0.00	    0.00	    0.00
18	14	    0.00	    0.02	    0.00	    0.00	    0.01	    0.07	  699.77	  999.59	    0.11	    0.44	    0.00	    0.00	    0.00	    0.00	    0.00	 1899.84	 4989.77	  299.95	 6740.81	 3490.69	    0.17	    0.41	    0.17	    0.08
18	16	    0.08	    0.00	    0.02	    0.10	    0.04	    0.00	    0.00	    0.00	    0.17	    0.75	    0.19	    0.12	    0.14	 1387.39	 2678.44	    0.00	    0.00	    0.00	 2977.07	  170.13	  248.59	 1699.87	  599.96	  177.41
18	19	    0.02	    0.00	    0.00	    0.04	    0.02	    0.03	    0.00	    0.00	    0.10	 1453.96	  433.99	    0.00	    0.00	 1211.50	 2421.29	    0.00	   81.25	    0.00	 3082.12	    0.00	    0.00	    0.00	    0.00	    0.00
19	17	    0.00	    0.00	    0.00	    0.00	    0.00	    0.00	    0.00	    0.00	    0.00	    0.23	    0.48	    1.50	 1033.91	  712.51	 1321.60	    0.00	    0.15	    0.00	 1722.97	 7838.10	 1752.03	 2799.96	 1100.00	  722.58
19	18	    0.00	   99.91	    0.00	    0.00	    0.00	  199.95	 1099.58	 1698.99	    0.00	    0.00	    0.00	    0.00	   19.20	    0.01	    0.00	   20.60	    0.00	  599.84	    0.00	 4860.77	   96.04	    0.47	    0.19	   13.58
19	20	    0.00	    0.00	    0.00	    0.07	    0.03	  100.00	  630.98	  600.43	    0.14	    0.05	    0.02	    0.01	    0.03	    0.02	    0.04	 1500.31	  410.05	  200.65	  159.24	 2701.16	    0.00	    0.08	    0.03	    0.02
19	21	    0.00	   99.90	    0.00	    0.02	    0.01	  199.99	  699.95	  799.96	    0.06	    0.23	    0.05	    0.00	    0.00	    0.00	    0.18	 1699.88	    0.12	  400.00	    0.08	 3099.98	    0.19	    0.00	    0.00	    0.00
20	19	    0.18	    0.00	    0.00	    0.00	    0.00	    0.00	    0.00	    0.00	    0.00	    0.10	    0.02	  401.33	 1653.00	    0.28	    0.16	    0.00	    0.07	    0.00	    0.17	    0.00	 3048.26	    0.23	    1.60	 1135.92
20	21	  262.82	    0.04	   65.71	    0.25	    0.00	    0.01	    0.06	    0.07	    0.00	    0.00	    0.00	  459.94	 1465.30	    0.20	    0.00	    0.15	    0.00	    0.03	    0.00	    0.39	 4753.48	    0.00	    1.70	 1609.16
20	23	    0.00	    0.00	    0.00	    0.00	    0.00	    0.02	  430.93	  200.36	    0.19	  484.76	    0.00	    0.00	    0.00	    0.00	  680.45	  900.24	  209.19	  100.62	  258.87	 1500.77	 3198.26	 2341.35	    0.00	    0.00
21	14	    0.00	    0.00	    0.00	    0.00	    0.00	    0.00	    0.06	    0.05	    0.00	    0.00	    0.00	    0.00	  870.06	    0.00	    0.00	    0.10	    0.00	    0.06	    0.00	    0.44	 2952.41	10584.64	 2701.96	 1268.97
21	19	    0.00	    0.00	    0.00	    0.00	    0.00	    0.00	    0.00	    0.00	    0.00	    0.10	    0.08	    0.05	    0.14	    0.76	    0.36	    0.00	    0.00	    0.00	    0.00	    0.00	    0.00	 5200.27	 1798.61	    0.27
21	20	    0.00	    0.00	    0.00	    0.01	   97.02	    0.00	    0.00	    0.00	  300.04	 1684.81	    1.94	    0.00	    0.00	    0.72	 1480.57	    0.08	  399.21	    0.00	  499.81	    0.00	    0.00	 4141.50	    1.10	    0.00
21	22	    0.00	    0.00	    0.00	    0.00	    0.00	    0.01	  199.95	  299.98	  307.19	 1318.51	    0.00	    0.00	    0.00	    0.00	  981.11	  500.09	  470.12	   99.97	  307.37	  699.93	    1.26	 4473.59	    0.00	    0.00
22	13	    0.01	    0.00	    0.00	    0.02	    0.00	    0.00	    0.19	    0.35	    0.00	    0.00	    0.00	    1.04	  688.03	    0.00	    0.00	    0.67	    0.00	    0.10	    0.01	    0.71	  796.86	 1114.67	 4595.91	 1194.76
22	21	  137.18	    0.06	   34.29	    1.05	    0.02	    0.01	    0.00	    0.00	    0.00	    0.00	  384.81	  240.11	  704.90	  760.47	    0.00	    0.00	    0.00	    0.00	    0.00	    0.00	    0.00	    0.00	 6599.97	  760.08
22	23	    0.00	    0.00	    0.00	    0.00	    0.00	    0.00	    0.01	    0.03	    0.13	  315.24	  997.68	    0.00	    0.00	 1383.18	  413.33	    0.07	   91.02	    0.00	  138.46	    0.11	    0.06	 1259.36	 3304.12	    0.00
23	12	    0.00	    0.00	    0.00	    0.00	    0.00	    0.00	  330.68	    0.00	    0.00	    0.00	    0.00	    0.00	    0.00	  583.44	  693.78	  599.66	    0.21	  100.50	  297.33	 1099.98	 1202.66	 2500.28	 1901.95	 1800.11
23	20	  363.00	    0.04	   65.71	  200.17	    2.94	    0.02	    0.00	    0.00	    0.01	    0.00	  398.07	 1161.26	 3718.27	  399.74	    0.00	    0.00	    0.00	    0.00	    0.00	    0.00	    0.00	    0.00	  702.17	 3245.05
23	22	  437.15	    0.06	  134.29	    1.78	    0.29	    0.39	    0.26	    0.39	    0.00	    0.00	    0.06	  941.16	 2192.93	    0.00	    0.00	    0.65	    0.00	    0.13	    0.00	    0.89	 1495.66	    0.44	    0.00	 2654.84
