i	j	       0	       1	       2	       3	       4	       5	       6	       7	       8	       9	      10	      11	      12	      13	      14	      15	      16	      17	      18	      19	      20	      21	      22	      23
0	1	 2600.02	    0.00	  265.06	  199.98	   15.91	    0.00	    0.01	    0.02	   31.81	   95.59	  199.98	  459.00	  462.09	  100.00	   15.84	    0.02	    0.02	    0.00	    0.03	    0.00	    0.00	    0.09	    0.08	   29.11
0	2	 6199.98	 1157.86	    0.00	    0.00	    0.00	  237.00	  149.62	  250.80	    0.00	    0.00	    0.00	    0.00	    0.00	    0.00	    0.00	   94.48	    0.00	   35.65	    0.00	    0.02	    0.00	    0.00	    0.00	    0.00
1	0	    0.00	 1257.86	    0.00	    0.00	    0.00	  537.00	  649.60	 1050.76	    0.00	    0.00	    0.00	    0.00	    0.00	    0.00	    0.00	  594.40	    0.36	  135.65	    0.12	  300.01	    0.00	    0.02	    0.00	    0.00
1	5	 2500.02	 2742.14	  165.06	    0.00	    0.00	    0.00	    0.00	    0.00	    0.00	    0.00	    0.00	  359.00	  162.09	    0.00	    0.00	    0.00	    0.00	    0.00	    0.00	    0.00	    0.00	    0.01	    0.08	   29.11
2	0	    0.00	    0.00	  365.06	  699.98	  215.91	    0.00	    0.03	    0.05	  531.81	 1395.59	  699.98	  659.00	  962.09	  400.00	  515.84	    0.10	  399.66	    0.00	  299.91	    0.02	  100.00	  400.08	  300.08	  129.11
2	3	 4499.14	  657.69	 1934.70	    0.00	    0.00	    0.11	    0.00	    0.00	    0.00	    0.00	    0.00	 3739.80	 2517.90	    0.09	    0.00	    0.00	    0.00	    0.00	    0.00	    0.00	  204.04	    0.52	    2.92	  470.70
2	11	 1600.84	  400.17	  500.24	 1602.51	  404.61	  500.50	  835.30	 1200.00	 1399.65	  651.73	    0.80	    0.00	    0.00	    0.27	   48.33	  528.92	  183.82	  199.67	   20.71	    0.23	    0.00	    0.10	    0.10	    0.00
3	2	    0.00	    0.00	    0.00	 2502.49	  720.52	  563.62	  785.71	 1149.25	 2031.47	 2346.69	 1000.38	    0.00	    0.00	  500.01	  663.95	  634.53	  683.42	  164.02	  320.61	    0.23	    0.02	    0.18	    0.15	    0.01
3	4	 3197.75	  157.75	 1334.51	 6696.48	    0.00	    0.00	    0.00	    0.00	    0.00	    0.08	  904.96	 3139.74	 1917.86	  200.00	    0.08	    0.00	    0.03	    0.00	    0.02	    0.00	    4.09	    0.05	  199.92	  270.72
3	10	  801.38	  300.15	  400.19	 2401.02	  699.86	  599.71	    0.85	    5.76	    0.25	    0.17	    0.00	    0.06	    0.04	    0.07	    0.06	    0.13	    0.04	    0.02	    0.02	    0.03	    0.02	    0.05	    0.05	    0.03
4	3	    0.00	    0.21	    0.00	    0.00	 1920.38	 1563.22	 1186.55	 1855.01	 2731.72	 3545.84	    0.00	    0.00	    0.00	    0.00	 1162.07	 1434.42	 1182.79	  264.03	  519.85	  300.25	    0.03	  398.68	    0.00	    0.00
4	5	    0.00	    0.00	  526.11	 2115.65	 1252.30	    0.00	    0.02	    0.03	  568.19	 1304.29	  404.25	 1460.65	  605.48	  100.00	  283.01	    0.04	    0.04	    0.00	    0.04	    0.01	    0.02	    0.02	   99.92	   70.87
4	8	 2997.75	  899.98	  708.40	 4080.83	 2927.32	 1400.04	    0.03	    0.11	    0.00	    0.00	    0.71	 1479.09	 1112.38	    0.00	    0.00	    0.07	    0.00	    0.01	    0.00	    0.03	    0.00	    0.00	    0.00	  199.85
5	1	    0.00	    0.00	    0.00	    0.02	   84.09	  937.00	  849.59	 1450.75	  168.19	  504.41	    0.02	    0.00	    0.00	    0.01	   84.16	  994.39	  200.34	  135.65	  100.09	  400.00	    0.00	   99.93	    0.00	    0.00
5	4	    0.00	  842.44	    0.00	    0.00	    0.00	 3163.26	 1068.41	 1789.64	    0.00	    0.00	    0.00	    0.00	    0.00	    0.00	    0.00	 1439.89	    0.07	  200.60	    0.03	  304.06	    0.03	    0.06	    0.00	    0.00
5	7	 2200.02	 1499.70	  391.17	 1715.63	  968.21	 3499.74	    0.00	    0.00	    0.00	    0.00	    4.24	 1619.65	  567.57	    0.00	    0.00	    0.00	    0.00	    0.00	    0.00	    0.00	    0.00	    0.00	    0.00	    0.00
6	7	    0.00	    0.00	    0.00	    0.00	    0.00	    0.00	 4239.49	    0.00	    0.00	    0.19	    0.09	    0.00	    0.00	  399.86	  600.95	  350.91	  128.66	  999.54	  999.37	 2599.59	  500.09	  799.87	  299.97	  199.99
6	17	  426.16	  331.34	    6.28	  423.77	  114.95	  973.38	 7860.51	 4489.19	  814.18	    0.27	    0.13	  214.96	    0.08	    0.00	    0.00	    0.00	    0.00	    0.00	    0.00	    0.00	    0.00	    0.00	    0.00	    0.00
7	5	    0.00	    0.00	    0.00	    0.00	    0.00	    0.00	 2317.98	 4040.36	    0.00	    0.13	    0.00	    0.00	    0.00	    0.00	    1.15	 3334.24	  700.37	  436.25	  300.07	 1004.06	  100.01	  299.96	    0.00	    0.01
7	6	  926.16	  531.34	  106.28	  823.77	  314.95	 1373.38	    0.00	 5489.19	 1414.06	    1.38	    0.40	  914.62	   95.80	    0.00	    0.00	    0.00	    0.04	    0.00	    0.00	    0.00	    0.00	    0.00	    0.00	    0.00
7	8	    0.00	    0.00	    0.00	    0.00	    0.00	    0.00	  921.51	 3759.19	    0.00	    0.00	    0.00	    0.00	    0.00	    0.00	    0.00	 1248.82	    0.00	  263.43	    0.00	  695.91	    0.13	    0.00	    0.00	    0.00
7	15	  473.94	  568.40	  169.42	  670.74	  419.26	 1326.45	    0.00	 3411.26	  865.43	    0.57	    0.17	  459.51	    0.50	    0.00	    0.00	    0.00	    0.00	    0.00	    0.00	    0.00	    0.00	    0.00	    0.00	    0.00
8	4	    0.00	    0.00	    0.00	    0.00	    0.00	    0.00	  318.19	  565.52	 4099.90	 5850.05	    0.00	    0.00	    0.00	    0.00	 1645.00	  494.63	 1382.74	   63.45	  619.85	   96.23	   95.93	  598.60	    0.00	    0.00
8	7	    0.08	    0.04	   84.52	  478.88	  266.01	    0.09	    0.00	    0.00	 3079.49	 1601.61	  796.24	  354.48	  128.73	    0.08	    0.03	    0.00	    0.16	    0.00	    0.00	    0.00	    0.00	    0.00	    0.00	    0.00
8	9	 2497.68	  699.94	  523.88	 2901.95	 1861.31	  999.95	    3.40	 2393.79	 9020.61	    0.00	    0.00	  524.92	  383.92	    0.00	    0.00	    0.25	    0.00	    0.06	    0.00	    0.00	    0.00	    0.00	    0.00	    0.00
9	8	    0.00	    0.00	    0.00	    0.00	    0.00	    0.00	    0.05	    0.00	    0.00	10251.66	 2195.53	    0.31	    0.27	  600.09	 2645.03	  645.99	 2282.90	    0.07	 1019.85	    0.30	  395.79	 1298.60	  500.00	    0.15
9	10	    0.00	    0.00	    0.00	    0.00	    0.00	    0.00	  499.09	  794.27	 1714.60	 8408.82	    0.00	    0.00	    0.00	    0.00	 1283.01	 1571.43	 1916.48	  200.10	  424.73	  418.45	    0.86	  492.57	    0.00	    0.00
9	14	  799.27	  100.01	   99.91	 1098.10	  595.78	  200.19	    0.00	    0.00	 3085.35	14716.38	 1881.25	  646.52	    1.48	    0.00	    0.00	    0.00	    0.82	    0.00	    0.00	    0.00	    0.00	    0.00	    0.00	    0.00
9	15	    0.00	    0.00	   24.31	  105.53	   65.89	    0.00	    0.00	    0.00	  520.73	 7923.49	 2144.10	  224.53	    0.23	    0.00	    0.12	    0.00	    0.00	    0.00	    0.00	    0.00	    0.00	    0.00	    0.00	    0.00
9	16	  399.78	    0.14	   99.99	  499.96	  199.98	    0.04	    0.08	    0.12	  899.92	 3899.65	  999.91	  599.95	  499.96	    0.06	    0.13	    0.12	    0.00	    0.05	    0.07	    0.14	    0.05	    0.14	    0.05	    0.03
10	3	    0.00	    0.00	    0.00	    0.00	    0.00	    0.00	    0.00	    0.00	    0.00	    1.10	 3405.34	    0.00	    0.00	 1199.98	    2.02	    0.24	    0.70	    0.00	    0.80	    0.00	    0.05	    1.07	  697.20	    0.05
10	9	    1.38	    0.15	    0.34	    1.64	    0.34	    0.21	    0.00	    0.00	    0.00	    0.00	11120.80	 2946.39	 2018.02	 1099.75	    0.00	    0.00	    0.00	    0.00	    0.00	    0.00	    0.00	    0.00	  343.15	   54.94
10	11	    0.00	    0.00	    0.00	    0.00	    0.00	    0.00	    0.00	    0.00	    0.16	 3248.90	 2400.30	    0.00	    0.00	  705.25	  656.22	  171.50	  916.19	    0.14	  281.15	    0.00	    0.00	    0.00	    0.00	    0.00
10	13	  300.85	  100.09	  100.12	  999.47	  199.54	  199.53	    0.00	    0.03	  314.70	 1158.99	 5373.57	 1053.54	    7.66	    0.00	    0.00	    0.00	    0.05	    0.00	    0.00	    0.00	    0.00	    0.00	    0.00	    0.00
11	2	    0.00	    0.00	    0.00	    0.00	    0.00	    0.00	    0.00	    0.00	    0.00	    0.63	    0.40	 4598.80	 3579.99	    0.35	    0.22	    0.00	    0.05	    0.00	    0.01	    0.00	  304.03	  500.51	  402.95	  599.80
11	10	    0.84	    0.09	    0.27	    0.08	    0.03	    0.02	    0.00	    0.00	    0.00	    0.00	    0.00	 5399.87	 3025.64	    0.00	    0.00	    0.00	    0.00	    0.00	    0.00	    0.00	    0.00	    0.00	    0.00	    0.30
11	12	 1400.00	  300.07	  299.96	 1002.43	  204.59	  300.48	  135.30	  600.00	  799.81	 1900.00	 1000.69	 3901.33	    0.00	    5.35	    4.41	    0.76	  499.96	    0.03	    1.89	    0.08	    0.00	    0.00	    0.00	    0.00
12	11	    0.00	    0.00	    0.00	    0.00	    0.00	    0.00	    0.00	    0.00	    0.00	    0.00	    0.00	    0.00	 7905.63	    0.18	    0.08	    0.34	    0.00	    0.22	    0.04	  499.85	  604.03	 1200.42	 1102.85	 1100.10
12	23	  900.00	    0.07	  199.96	  402.43	    4.59	  100.48	    0.00	    0.00	  199.81	    0.00	    0.69	 2601.33	 6694.37	    0.00	    0.00	    0.00	    0.00	    0.00	    0.00	    0.00	    0.00	    0.00	    0.00	    0.00
13	10	    0.00	    0.00	    0.00	    0.00	    0.00	    0.00	    0.07	    0.00	    0.00	    0.00	    0.00	    0.00	    0.00	 4604.92	  775.17	    0.19	    0.42	    0.03	  257.21	  181.53	  399.17	  608.45	 2340.30	  654.68
13	14	    0.77	    0.09	    0.10	    0.72	    0.00	    0.00	    0.00	    0.00	    0.00	    0.00	 1054.16	  353.37	  100.48	 6245.15	    0.00	    0.00	    0.00	    0.00	    0.00	    0.00	    0.00	    0.00	 1145.00	  128.85
13	22	    0.09	    0.00	    0.03	  498.77	   99.55	   99.53	    0.00	    0.00	  199.56	  827.05	 2719.47	    0.20	    0.00	 3249.92	  438.05	    0.00	  216.38	    0.00	  132.14	    0.00	    0.00	    0.00	    0.00	    0.00
14	9	    0.00	    0.00	    0.00	    0.00	    0.00	    0.00	    0.00	    0.00	    0.00	    0.00	    0.00	    0.00	    0.00	 1600.39	 7928.29	    0.30	    0.96	    0.05	 3244.24	 1756.33	 1596.71	 4391.32	 1956.90	  745.24
14	13	    0.00	    0.00	    0.00	    0.00	    0.00	    0.00	  199.37	  398.60	  484.86	 1768.07	    0.07	    0.00	    0.00	    0.00	 2513.23	  699.60	  916.75	   99.68	  689.34	  679.70	    0.31	  628.60	    0.00	    0.00
14	18	  299.99	    0.11	    0.00	  200.02	  100.01	    0.20	    0.02	    0.03	  400.06	 3375.41	  855.26	  300.00	  283.95	 2897.61	 5300.99	    0.06	    0.42	    0.01	    0.00	    0.05	  583.82	 2899.91	  899.98	  266.51
14	21	    0.05	    0.00	    0.01	  398.79	  295.77	    0.00	    0.00	    0.00	 1300.43	 5572.91	  680.09	    0.14	    0.00	  447.15	 5657.49	    0.23	 2337.02	    0.00	 1958.83	    0.00	    0.00	    0.00	    0.00	    0.00
15	7	    0.00	    0.00	    0.00	    0.00	    0.00	    0.00	    0.00	    0.00	    0.00	    0.27	    0.00	    0.00	    0.00	    0.05	    0.18	 6432.14	 1971.59	    0.14	    0.70	    0.38	    0.06	    0.09	    0.04	    0.02
15	9	    0.00	    0.05	    0.00	    0.00	    0.00	    0.07	 2395.59	    0.60	    0.00	    0.00	    0.00	    0.00	    0.00	    0.00	    0.00	 6615.75	    0.57	  899.90	    0.20	 1162.37	    0.00	    0.00	    0.00	    0.00
15	16	    0.25	  199.89	    0.01	    0.06	    0.03	  500.02	 1000.46	 1400.33	    0.12	    0.51	    0.09	    0.05	    0.00	    0.00	    0.00	 5952.29	    0.00	  600.31	    0.00	 1563.29	  337.52	    0.00	    0.00	  120.85
15	17	    0.02	    0.00	    0.00	    0.02	    0.00	    0.03	    0.00	    0.14	    0.64	 3523.65	  744.30	    0.13	    0.10	    0.03	    0.23	 7099.81	 3705.70	    0.00	    0.16	    0.00	    0.00	    0.00	    0.00	    0.00
16	9	    0.00	    0.00	    0.00	    0.00	    0.00	    0.00	    0.23	    0.00	    0.00	    0.00	    0.00	    0.00	    0.00	    0.00	    0.00	    1.24	 8098.66	    0.19	    0.21	    0.18	    0.00	    0.00	    0.00	    0.00
16	15	    0.00	    0.00	    0.00	    0.00	    0.00	    0.00	    0.00	    0.00	    0.00	    0.00	    0.00	    0.00	    0.00	  683.55	 1172.59	    0.00	 8477.74	    0.00	 1271.15	    0.00	    0.05	    0.11	    0.04	    0.03
16	18	    0.03	    0.03	    0.00	    0.02	    0.01	    0.06	    0.32	    0.45	    0.04	    0.16	    0.00	    0.00	    0.00	    0.00	    0.00	 3151.17	 6823.60	    0.16	    0.00	    0.00	    0.00	    0.00	    0.00	    0.00
17	6	    0.00	    0.00	    0.00	    0.00	    0.00	    0.00	    0.00	    0.00	    0.12	 1899.08	  499.83	    0.35	  304.28	  599.86	 1100.95	 1750.91	 1128.62	 1199.54	 1399.37	 3099.59	  700.09	 1299.87	  499.97	  299.99
17	15	   26.33	   31.55	    6.28	   23.81	   14.88	   73.67	 4796.06	  189.81	   14.59	    0.37	    0.12	   16.14	  599.37	   16.53	   27.68	    0.00	    0.12	 2000.35	   29.91	 4326.04	  937.52	 1199.98	  499.99	  420.84
17	19	  299.85	  299.80	    0.00	  299.99	  100.08	  799.74	 2864.45	 3999.53	  600.11	  924.68	  144.52	    0.23	    0.08	    0.00	    0.00	 4848.90	 1977.10	 1600.11	    0.00	    0.00	    0.00	    0.00	    0.00	    0.00
18	14	    0.00	    0.01	    0.00	    0.00	    0.00	    0.02	  699.32	  998.57	    0.00	    0.00	    0.00	    0.00	    0.00	    0.00	    0.00	 1900.09	 4754.33	  299.71	 6692.40	 3535.61	    0.16	    0.39	    0.16	    0.07
18	16	    0.00	    0.00	    0.00	    0.00	    0.00	    0.00	    0.00	    0.00	    0.00	    0.00	    0.00	    0.00	    0.04	 1383.49	 2672.47	    0.00	    0.00	    0.00	 2971.29	  136.75	  262.48	 1699.96	  599.99	  179.16
18	19	    0.02	    0.00	    0.00	    0.04	    0.02	    0.03	    0.00	    0.00	    0.10	 1575.57	  455.26	    0.00	    0.00	 1214.13	 1828.53	    0.00	  369.69	    0.00	 3136.31	    0.00	    0.00	    0.00	    0.00	    0.00
19	17	    0.00	    0.00	    0.00	    0.00	    0.00	    0.00	    0.00	    0.00	    0.00	    0.21	    0.03	    1.62	 1003.55	  716.36	 1328.40	    0.00	    0.14	    0.00	 1729.12	 7825.62	 1737.61	 2799.85	 1099.96	  720.83
19	18	    0.00	   99.87	    0.00	    0.00	    0.00	  199.78	 1098.99	 1698.10	    0.00	    0.00	    0.00	    0.00	   16.10	    0.01	    0.00	   48.86	    0.00	  599.54	    0.00	 4872.31	   78.83	    0.44	    0.18	   12.72
19	20	    0.02	    0.00	    0.00	    0.01	    0.09	  100.01	  564.97	  600.41	    0.15	    0.05	    0.02	    0.01	    0.03	    0.02	    0.03	 1500.04	  646.61	  200.34	  207.29	 2700.77	    0.00	    0.08	    0.03	    0.02
19	21	    0.00	   99.93	    0.00	    0.02	    0.01	  199.98	  700.49	  801.02	    0.06	    0.22	    0.05	    0.00	    0.00	    0.00	    0.17	 1700.00	    0.11	  400.23	    0.08	 3101.29	    0.18	    0.00	    0.00	    0.00
20	19	    0.15	    0.00	    0.00	    0.00	    0.00	    0.00	    0.00	    0.00	    0.00	    0.11	    0.03	  401.38	 1619.44	    0.08	    0.17	    0.00	    0.07	    0.00	    0.18	    0.00	 3016.62	    0.25	    3.79	 1133.18
20	21	  265.85	    0.07	   66.46	    0.10	    0.00	    0.03	    0.06	    0.08	    0.00	    0.00	    0.00	  465.47	 1482.32	    0.00	    0.00	    0.16	    0.00	    0.03	    0.00	    0.41	 4783.29	    0.00	    0.51	 1622.52
20	23	    0.00	    0.00	    0.00	    0.00	    0.00	    0.02	  364.91	  200.34	    0.07	  493.86	    0.00	    0.00	    0.00	    0.00	  691.13	  899.96	  232.40	  100.30	  267.74	 1500.37	 3200.09	 2361.94	    0.00	    0.00
21	14	    0.00	    0.00	    0.00	    0.00	    0.00	    0.00	    0.06	    0.06	    0.00	    0.00	    0.00	    0.24	  881.98	    0.00	    0.00	    0.11	    0.00	    0.03	    0.00	    0.48	 2980.67	10519.44	 2711.71	 1282.82
21	19	    0.00	    0.00	    0.00	    0.00	    0.00	    0.00	    0.00	    0.00	    0.00	    0.12	    0.29	    0.03	    0.15	    2.18	  599.91	    0.00	    0.00	    0.00	    0.00	    0.00	    0.00	 5200.12	 1796.37	    0.40
21	20	    0.00	    0.00	    0.00	    0.04	   95.80	    0.00	    0.00	    0.00	  299.91	 1693.92	    2.38	    0.04	    0.00	    1.41	 1491.26	    0.08	  185.86	    0.00	  460.63	    0.00	    0.00	 4162.11	    1.95	    0.00
21	22	    0.00	    0.00	    0.00	    0.00	    0.00	    0.01	  200.49	  301.04	  300.57	 1279.09	    0.00	    0.00	    0.00	    0.00	  966.49	  500.20	  451.27	  100.24	  298.27	  701.23	    2.80	 4518.33	    0.00	    0.00
22	13	    0.01	    0.00	    0.00	    0.02	    0.00	    0.00	    0.70	    1.37	    0.00	    0.00	    0.00	    0.03	  692.82	    0.00	    0.00	    0.59	    0.00	    0.35	    0.01	    1.82	  798.86	 1179.85	 4585.30	 1183.52
22	21	  134.10	    0.01	   33.52	    1.13	    0.02	    0.00	    0.00	    0.00	    0.00	    0.00	  422.54	  234.70	  699.82	  756.45	    0.00	    0.00	    0.00	    0.00	    0.00	    0.00	    0.00	    0.00	 6609.53	  760.70
22	23	    0.00	    0.00	    0.00	    0.03	    0.00	    0.01	    0.02	    0.05	    0.13	  306.14	  996.98	    0.00	    0.00	 1393.48	  404.54	    0.09	   67.65	    0.00	  130.40	    0.16	    0.06	 1238.57	 3305.17	    0.00
23	12	    0.00	    0.00	    0.00	    0.00	    0.00	    0.00	  264.70	    0.00	    0.00	    0.00	    0.00	    0.00	    0.00	  594.82	  695.67	  599.58	    0.04	  100.19	  298.14	 1099.77	 1204.03	 2500.42	 1902.85	 1800.10
23	20	  365.98	    0.06	   66.46	  200.05	    4.11	    0.04	    0.00	    0.00	    0.01	    0.00	  397.62	 1166.80	 3701.74	  398.65	    0.00	    0.00	    0.00	    0.00	    0.00	    0.00	    0.00	    0.00	  702.32	 3255.68
23	22	  434.02	    0.01	  133.50	    2.41	    0.47	    0.47	    0.23	    0.38	    0.00	    0.00	    0.05	  934.53	 2192.64	    0.00	    0.00	    0.47	    0.00	    0.12	    0.00	    0.76	 1496.12	    0.09	    0.00	 2644.22
