0.000000000000000000e+00 1.000000000000000000e+00 4.494522495098730360e+03
0.000000000000000000e+00 2.000000000000000000e+00 8.119696441714188950e+03
1.000000000000000000e+00 0.000000000000000000e+00 4.520257747316401947e+03
1.000000000000000000e+00 5.000000000000000000e+00 5.966476558447689968e+03
2.000000000000000000e+00 0.000000000000000000e+00 8.093961189496522820e+03
2.000000000000000000e+00 3.000000000000000000e+00 1.402067420683109958e+04
2.000000000000000000e+00 1.100000000000000000e+01 1.003605706003232808e+04
3.000000000000000000e+00 2.000000000000000000e+00 1.404286498911824128e+04
3.000000000000000000e+00 4.000000000000000000e+00 1.801859647961623705e+04
3.000000000000000000e+00 1.000000000000000000e+01 5.209549730195261873e+03
4.000000000000000000e+00 3.000000000000000000e+00 1.804251133141754690e+04
4.000000000000000000e+00 5.000000000000000000e+00 8.796828567612203187e+03
4.000000000000000000e+00 8.000000000000000000e+00 1.578819578948793605e+04
5.000000000000000000e+00 1.000000000000000000e+00 5.992211810665358826e+03
5.000000000000000000e+00 4.000000000000000000e+00 8.804801696092597922e+03
5.000000000000000000e+00 7.000000000000000000e+00 1.249146617904775667e+04
6.000000000000000000e+00 7.000000000000000000e+00 1.210507326002286936e+04
6.000000000000000000e+00 1.700000000000000000e+01 1.580526013817896273e+04
7.000000000000000000e+00 5.000000000000000000e+00 1.252517455974581571e+04
7.000000000000000000e+00 6.000000000000000000e+00 1.204544534745254896e+04
7.000000000000000000e+00 8.000000000000000000e+00 6.882141418666661593e+03
7.000000000000000000e+00 1.500000000000000000e+01 8.383463320429165833e+03
8.000000000000000000e+00 4.000000000000000000e+00 1.580413751280887664e+04
8.000000000000000000e+00 7.000000000000000000e+00 6.836903735492805936e+03
8.000000000000000000e+00 9.000000000000000000e+00 2.174968660073884894e+04
9.000000000000000000e+00 8.000000000000000000e+00 2.182039064088594023e+04
9.000000000000000000e+00 1.000000000000000000e+01 1.772852828681611209e+04
9.000000000000000000e+00 1.400000000000000000e+01 2.312903956800805099e+04
9.000000000000000000e+00 1.500000000000000000e+01 1.104621724284528136e+04
9.000000000000000000e+00 1.600000000000000000e+01 8.100725286051234434e+03
1.000000000000000000e+01 3.000000000000000000e+00 5.307825660681070076e+03
1.000000000000000000e+01 9.000000000000000000e+00 1.760577879818607471e+04
1.000000000000000000e+01 1.100000000000000000e+01 8.364576222601326663e+03
1.000000000000000000e+01 1.300000000000000000e+01 9.778185244038679230e+03
1.100000000000000000e+01 2.000000000000000000e+00 9.988131025527529346e+03
1.100000000000000000e+01 1.000000000000000000e+01 8.403857691408926257e+03
1.100000000000000000e+01 1.200000000000000000e+01 1.230101811733616341e+04
1.200000000000000000e+01 1.100000000000000000e+01 1.239237355163896245e+04
1.200000000000000000e+01 2.300000000000000000e+01 1.111986349866215096e+04
1.300000000000000000e+01 1.000000000000000000e+01 9.814430217086843186e+03
1.300000000000000000e+01 1.400000000000000000e+01 9.035157252999175398e+03
1.300000000000000000e+01 2.200000000000000000e+01 8.398055650593532846e+03
1.400000000000000000e+01 9.000000000000000000e+00 2.319751471769372074e+04
1.400000000000000000e+01 1.300000000000000000e+01 9.077436452772522898e+03
1.400000000000000000e+01 1.800000000000000000e+01 1.908267753795436874e+04
1.400000000000000000e+01 2.100000000000000000e+01 1.840506249508042674e+04
1.500000000000000000e+01 7.000000000000000000e+00 8.402781471730733756e+03
1.500000000000000000e+01 9.000000000000000000e+00 1.107104974176641736e+04
1.500000000000000000e+01 1.600000000000000000e+01 1.168791489156049829e+04
1.500000000000000000e+01 1.700000000000000000e+01 1.529381819012466985e+04
1.600000000000000000e+01 9.000000000000000000e+00 8.100871166221573731e+03
1.600000000000000000e+01 1.500000000000000000e+01 1.167670088326352925e+04
1.600000000000000000e+01 1.800000000000000000e+01 9.950858086743779495e+03
1.700000000000000000e+01 6.000000000000000000e+00 1.586488805074928678e+04
1.700000000000000000e+01 1.500000000000000000e+01 1.534918284864436646e+04
1.700000000000000000e+01 1.900000000000000000e+01 1.899180625162770593e+04
1.800000000000000000e+01 1.400000000000000000e+01 1.911776947299429230e+04
1.800000000000000000e+01 1.600000000000000000e+01 9.939789958617135198e+03
1.800000000000000000e+01 1.900000000000000000e+01 8.684576747172737669e+03
1.900000000000000000e+01 1.700000000000000000e+01 1.900679882271773749e+04
1.900000000000000000e+01 1.800000000000000000e+01 8.708600554086004195e+03
1.900000000000000000e+01 2.000000000000000000e+01 6.305272298562731521e+03
1.900000000000000000e+01 2.100000000000000000e+01 7.002320522730923585e+03
2.000000000000000000e+01 1.900000000000000000e+01 6.242849674959074946e+03
2.000000000000000000e+01 2.100000000000000000e+01 8.616562287211074363e+03
2.000000000000000000e+01 2.300000000000000000e+01 1.030577408032110179e+04
2.100000000000000000e+01 1.400000000000000000e+01 1.838072490949953135e+04
2.100000000000000000e+01 1.900000000000000000e+01 7.003759524337889161e+03
2.100000000000000000e+01 2.000000000000000000e+01 8.604073444070876576e+03
2.100000000000000000e+01 2.200000000000000000e+01 9.659503637475281721e+03
2.200000000000000000e+01 1.300000000000000000e+01 8.392021423868332931e+03
2.200000000000000000e+01 2.100000000000000000e+01 9.624116210361140475e+03
2.200000000000000000e+01 2.300000000000000000e+01 7.901800322315678386e+03
2.300000000000000000e+01 1.200000000000000000e+01 1.111121893296495909e+04
2.300000000000000000e+01 2.000000000000000000e+01 1.025584029985764209e+04
2.300000000000000000e+01 2.200000000000000000e+01 7.860378668476339953e+03
