0.000000000000000000e+00 1.000000000000000000e+00 4.494363470624313777e+03
0.000000000000000000e+00 2.000000000000000000e+00 8.118129163886152128e+03
1.000000000000000000e+00 0.000000000000000000e+00 4.519490376068192745e+03
1.000000000000000000e+00 5.000000000000000000e+00 5.978187962084522042e+03
2.000000000000000000e+00 0.000000000000000000e+00 8.093002258442273160e+03
2.000000000000000000e+00 3.000000000000000000e+00 1.410602269020079439e+04
2.000000000000000000e+00 1.100000000000000000e+01 1.003429282673828129e+04
3.000000000000000000e+00 2.000000000000000000e+00 1.412867865318818804e+04
3.000000000000000000e+00 4.000000000000000000e+00 1.810223636685823294e+04
3.000000000000000000e+00 1.000000000000000000e+01 5.209143467340283678e+03
4.000000000000000000e+00 3.000000000000000000e+00 1.812652094241124723e+04
4.000000000000000000e+00 5.000000000000000000e+00 8.797136774022543250e+03
4.000000000000000000e+00 8.000000000000000000e+00 1.578266458868224800e+04
5.000000000000000000e+00 1.000000000000000000e+00 6.003314867528403738e+03
5.000000000000000000e+00 4.000000000000000000e+00 8.803352957963184963e+03
5.000000000000000000e+00 7.000000000000000000e+00 1.249188501514644850e+04
6.000000000000000000e+00 7.000000000000000000e+00 1.210366852853287855e+04
6.000000000000000000e+00 1.700000000000000000e+01 1.580518387573783002e+04
7.000000000000000000e+00 5.000000000000000000e+00 1.252322810453097736e+04
7.000000000000000000e+00 6.000000000000000000e+00 1.204406794084143985e+04
7.000000000000000000e+00 8.000000000000000000e+00 6.882670401533044242e+03
7.000000000000000000e+00 1.500000000000000000e+01 8.383969198267492175e+03
8.000000000000000000e+00 4.000000000000000000e+00 1.580073298029459511e+04
8.000000000000000000e+00 7.000000000000000000e+00 6.836077644643905842e+03
8.000000000000000000e+00 9.000000000000000000e+00 2.174681348449835787e+04
9.000000000000000000e+00 8.000000000000000000e+00 2.181828911922156840e+04
9.000000000000000000e+00 1.000000000000000000e+01 1.772997766487978151e+04
9.000000000000000000e+00 1.400000000000000000e+01 2.312975947252248079e+04
9.000000000000000000e+00 1.500000000000000000e+01 1.104566071459047271e+04
9.000000000000000000e+00 1.600000000000000000e+01 8.100182841664505759e+03
1.000000000000000000e+01 3.000000000000000000e+00 5.307514854774666674e+03
1.000000000000000000e+01 9.000000000000000000e+00 1.760791438687224945e+04
1.000000000000000000e+01 1.100000000000000000e+01 8.367927827976107437e+03
1.000000000000000000e+01 1.300000000000000000e+01 9.778337040936168705e+03
1.100000000000000000e+01 2.000000000000000000e+00 9.986509958307013221e+03
1.100000000000000000e+01 1.000000000000000000e+01 8.406253223467190764e+03
1.100000000000000000e+01 1.200000000000000000e+01 1.230278890974774913e+04
1.200000000000000000e+01 1.100000000000000000e+01 1.239333143680756802e+04
1.200000000000000000e+01 2.300000000000000000e+01 1.112062347444119769e+04
1.300000000000000000e+01 1.000000000000000000e+01 9.816319754871899931e+03
1.300000000000000000e+01 1.400000000000000000e+01 9.035657904380193941e+03
1.300000000000000000e+01 2.200000000000000000e+01 8.398752059397967969e+03
1.400000000000000000e+01 9.000000000000000000e+00 2.319748886817379389e+04
1.400000000000000000e+01 1.300000000000000000e+01 9.079094708277012614e+03
1.400000000000000000e+01 1.800000000000000000e+01 1.908644393520270023e+04
1.400000000000000000e+01 2.100000000000000000e+01 1.840464114277655608e+04
1.500000000000000000e+01 7.000000000000000000e+00 8.402304456849737107e+03
1.500000000000000000e+01 9.000000000000000000e+00 1.107129251892728098e+04
1.500000000000000000e+01 1.600000000000000000e+01 1.168732546146251480e+04
1.500000000000000000e+01 1.700000000000000000e+01 1.528743765014221026e+04
1.600000000000000000e+01 9.000000000000000000e+00 8.100360554407157906e+03
1.600000000000000000e+01 1.500000000000000000e+01 1.167290765557576924e+04
1.600000000000000000e+01 1.800000000000000000e+01 9.955248104683711063e+03
1.700000000000000000e+01 6.000000000000000000e+00 1.586478446342927236e+04
1.700000000000000000e+01 1.500000000000000000e+01 1.534582251894798719e+04
1.700000000000000000e+01 1.900000000000000000e+01 1.898924762559688315e+04
1.800000000000000000e+01 1.400000000000000000e+01 1.912160269675611562e+04
1.800000000000000000e+01 1.600000000000000000e+01 9.941008011539628569e+03
1.800000000000000000e+01 1.900000000000000000e+01 8.686721087903835723e+03
1.900000000000000000e+01 1.700000000000000000e+01 1.900723308209408060e+04
1.900000000000000000e+01 1.800000000000000000e+01 8.707639756313175894e+03
1.900000000000000000e+01 2.000000000000000000e+01 6.305287547198906395e+03
1.900000000000000000e+01 2.100000000000000000e+01 7.000643193359929683e+03
2.000000000000000000e+01 1.900000000000000000e+01 6.243881657405198894e+03
2.000000000000000000e+01 2.100000000000000000e+01 8.619727961490394591e+03
2.000000000000000000e+01 2.300000000000000000e+01 1.030825226398945233e+04
2.100000000000000000e+01 1.400000000000000000e+01 1.838064858077127792e+04
2.100000000000000000e+01 1.900000000000000000e+01 7.000953208060177531e+03
2.100000000000000000e+01 2.000000000000000000e+01 8.608518549468009951e+03
2.100000000000000000e+01 2.200000000000000000e+01 9.659302000635192599e+03
2.200000000000000000e+01 1.300000000000000000e+01 8.393297969436891435e+03
2.200000000000000000e+01 2.100000000000000000e+01 9.624410041307763095e+03
2.200000000000000000e+01 2.300000000000000000e+01 7.901506974313556384e+03
2.300000000000000000e+01 1.200000000000000000e+01 1.111116600150102022e+04
2.300000000000000000e+01 2.000000000000000000e+01 1.025805578621815221e+04
2.300000000000000000e+01 2.200000000000000000e+01 7.861160925025042161e+03
