i	j	       0	       1	       2	       3	       4	       5	       6	       7	       8	       9	      10	      11	      12	      13	      14	      15	      16	      17	      18	      19	      20	      21	      22	      23
0	1	 2600.27	    0.00	  269.37	  200.02	   16.11	    0.00	    0.01	    0.02	   32.21	   96.67	  200.02	  472.62	  461.99	  100.00	   16.10	    0.02	    0.03	    0.00	    0.01	    0.00	    0.01	    0.07	    0.20	   29.12
0	2	 6199.73	 1167.08	    0.00	    0.00	    0.00	  233.59	  140.45	  243.63	    0.00	    0.00	    0.00	    0.00	    0.00	    0.00	    0.00	   99.74	    0.00	   34.37	    0.00	    0.02	    0.00	    0.00	    0.00	    0.00
1	0	    0.00	 1267.08	    0.00	    0.00	    0.00	  533.59	  640.43	 1043.60	    0.00	    0.00	    0.00	    0.00	    0.00	    0.00	    0.00	  599.72	    0.74	  134.36	    0.09	  299.93	    0.00	    0.02	    0.00	    0.00
1	5	 2500.27	 2732.92	  169.37	    0.03	    0.00	    0.00	    0.00	    0.00	    0.00	    0.00	    0.03	  372.62	  161.99	    0.01	    0.00	    0.00	    0.00	    0.00	    0.00	    0.00	    0.01	    0.03	    0.20	   29.12
2	0	    0.00	    0.00	  369.37	  700.02	  216.11	    0.00	    0.03	    0.05	  532.21	 1396.67	  700.02	  672.62	  961.99	  400.00	  516.10	    0.03	  399.29	    0.00	  299.92	    0.09	  100.00	  400.05	  300.20	  129.12
2	3	 4499.72	  666.97	 1930.60	    0.00	    0.00	    0.00	    0.00	    0.00	    0.00	    0.00	    0.00	 3747.51	 2498.68	    0.08	    0.00	    0.00	    0.00	    0.00	    0.00	    0.00	  202.85	    0.21	    2.68	  470.65
2	11	 1600.00	  400.11	  500.03	 1602.53	  402.69	  500.61	  771.84	 1200.00	 1399.49	  664.15	    0.86	    0.00	    0.00	    0.15	   53.56	  531.84	  187.20	  198.95	   22.95	    0.16	    0.00	    0.00	    0.00	    0.00
3	2	    0.00	    0.00	    0.00	 2502.55	  718.79	  567.02	  731.43	 1156.41	 2031.70	 2360.82	 1000.36	    0.00	    0.00	  499.84	  669.61	  632.14	  686.48	  164.59	  322.87	    0.16	    0.02	    0.07	    0.05	    0.01
3	4	 3198.78	  166.98	 1330.51	 6697.98	    0.00	    0.00	    0.00	    0.00	    0.00	    0.11	  903.82	 3146.77	 1898.24	  200.09	    0.07	    0.00	    0.01	    0.00	    0.02	    0.00	    2.91	    0.04	  199.85	  270.69
3	10	  800.94	  300.04	  400.09	 2399.47	  699.62	  599.45	    0.85	    7.92	    0.37	    0.15	    0.00	    0.74	    0.44	    0.06	    0.05	    0.60	    0.04	    0.06	    0.02	    0.02	    0.02	    0.04	    0.05	    0.02
4	3	    0.00	    0.04	    0.00	    0.00	 1918.41	 1566.47	 1132.28	 1864.33	 2732.07	 3558.39	    0.00	    0.00	    0.00	    0.00	 1168.37	 1432.37	 1185.83	  264.65	  522.35	  300.18	    0.03	  398.70	    0.00	    0.00
4	5	    0.00	    0.00	  526.03	 2135.05	 1262.62	    0.00	    0.02	    0.03	  567.93	 1303.28	  403.35	 1462.48	  581.07	  100.02	  283.28	    0.03	    0.04	    0.00	    0.23	    0.01	    0.01	    0.00	   99.79	   70.87
4	8	 2998.78	  899.95	  704.48	 4062.92	 2918.97	 1399.98	    0.02	    0.09	    0.00	    0.00	    0.47	 1484.29	 1117.17	    0.07	    0.00	    0.05	    0.00	    0.01	    0.00	    0.02	    0.00	    0.00	    0.06	  199.82
5	1	    0.00	    0.00	    0.00	    0.02	   83.89	  933.59	  840.42	 1443.59	  167.79	  503.33	    0.02	    0.00	    0.00	    0.01	   83.90	  999.71	  200.71	  134.36	  100.08	  399.93	    0.00	   99.97	    0.00	    0.00
5	4	    0.00	  833.01	    0.00	    0.00	    0.00	 3166.45	 1032.17	 1812.65	    0.00	    0.00	    0.00	    0.00	    0.00	    0.00	    0.00	 1451.54	    0.51	  203.33	    0.02	  304.96	    0.06	    0.26	    0.00	    0.00
5	7	 2200.27	 1499.90	  395.40	 1735.07	  978.73	 3499.96	    0.00	    0.00	    0.14	    0.06	    3.37	 1635.09	  543.06	    0.02	    0.00	    0.00	    0.00	    0.00	    0.00	    0.00	    0.00	    0.00	    0.00	    0.00
6	7	    0.00	    0.00	    0.00	    0.00	    0.00	    0.00	 4174.43	    0.00	    0.00	    0.00	    0.00	    0.00	    0.00	  399.77	  600.25	  395.46	  137.18	  998.76	  999.26	 2599.10	  499.95	  800.05	  299.94	  199.97
6	17	  430.47	  336.42	    8.12	  430.53	  119.11	  985.19	 7925.57	 4518.17	  826.44	    0.57	    0.12	  217.91	    0.11	    0.00	    0.00	    0.00	    0.02	    0.00	    0.00	    0.00	    0.00	    0.00	    0.00	    0.00
7	5	    0.00	    0.00	    0.00	    0.00	    0.00	    0.00	 2272.58	 4056.21	    0.00	    0.12	    0.00	    0.00	    0.00	    0.00	    0.62	 3351.21	  701.18	  437.69	  299.87	 1004.87	  100.05	  300.21	    0.00	    0.01
7	6	  930.47	  536.42	  108.12	  830.53	  319.11	 1385.19	    0.00	 5518.17	 1426.39	    4.75	    1.58	  917.85	   62.64	    0.00	    0.00	    0.00	    0.10	    0.00	    0.00	    0.00	    0.00	    0.00	    0.00	    0.00
7	8	    0.00	    0.00	    0.00	    0.00	    0.00	    0.00	  901.85	 3743.29	    0.00	    0.00	    0.00	    0.00	    0.00	    0.00	    0.00	 1280.80	    0.10	  261.39	    0.00	  695.22	    0.03	    0.00	    0.00	    0.00
7	15	  469.88	  563.52	  172.11	  678.64	  424.13	 1314.85	    0.00	 3382.33	  907.99	    0.00	    0.06	  472.60	    0.24	    0.00	    0.00	    0.00	    0.00	    0.00	    0.00	    0.00	    0.00	    0.00	    0.00	    0.00
8	4	    0.00	    0.00	    0.00	    0.00	    0.00	    0.00	  300.14	  551.80	 4100.00	 5861.56	    0.00	    0.00	    0.00	    0.00	 1651.58	  480.92	 1385.35	   61.33	  622.54	   95.26	   97.06	  598.40	    0.00	    0.00
8	7	    0.07	    0.04	   84.83	  474.10	  264.51	    0.08	    0.00	    0.00	 3134.25	 1604.56	  798.27	  355.36	  119.82	    0.00	    0.00	    0.00	    0.21	    0.00	    0.00	    0.00	    0.00	    0.00	    0.00	    0.00
8	9	 2498.71	  699.91	  519.65	 2888.82	 1854.45	  999.90	    1.95	 2391.58	 8965.76	    0.00	    0.00	  528.98	  397.40	    0.00	    0.00	    0.74	    0.00	    0.14	    0.00	    0.29	    0.00	    0.00	    0.00	    0.00
9	8	    0.00	    0.00	    0.00	    0.00	    0.00	    0.00	    0.21	    0.00	    0.00	10266.12	 2197.80	    0.05	    0.05	  599.93	 2651.58	  600.81	 2285.46	    0.07	 1022.54	    0.30	  397.03	 1298.40	  499.94	    0.18
9	10	    0.00	    0.00	    0.00	    0.00	    0.00	    0.00	  499.09	  792.11	 1714.44	 8386.57	    0.00	    0.00	    0.00	    0.00	 1294.18	 1568.55	 1913.22	  199.93	  428.05	  425.48	    1.65	  502.53	    0.00	    0.00
9	14	  799.08	   99.94	   99.89	 1098.03	  597.69	  199.93	    0.00	    0.00	 3085.74	14610.18	 1886.11	  647.54	    4.46	    0.00	    0.00	    0.00	    0.75	    0.00	    0.00	    0.00	    0.00	    0.00	    0.00	    0.00
9	15	    0.00	    0.00	   19.78	   90.87	   56.80	    0.00	    0.00	    0.00	  465.73	 8036.42	 2168.70	  207.89	    0.26	    0.00	    0.00	    0.00	    0.00	    0.00	    0.00	    0.00	    0.00	    0.00	    0.00	    0.00
9	16	  399.63	    0.02	   99.98	  499.92	  199.97	    0.04	    0.08	    0.11	  899.85	 3900.70	  999.81	  599.90	  499.92	    0.05	    0.12	    0.11	    0.00	    0.05	    0.06	    0.13	    0.05	    0.13	    0.05	    0.02
10	3	    0.00	    0.00	    0.00	    0.00	    0.00	    0.00	    0.00	    0.00	    0.00	    2.69	 3404.18	    0.00	    0.00	 1199.91	    1.36	    0.36	    0.70	    0.00	    0.56	    0.00	    0.06	    1.24	  697.27	    0.07
10	9	    0.00	    0.00	    0.00	    0.00	    0.00	    0.00	    0.00	    0.00	    0.00	    0.00	11152.41	 2926.39	 2007.28	 1128.29	    0.00	    0.00	    0.00	    0.00	    0.00	    0.00	    0.00	    0.00	  344.23	   48.26
10	11	    0.00	    0.00	    0.00	    0.00	    0.00	    0.00	    0.00	    0.00	    0.10	 3235.85	 2400.30	    0.00	    0.00	  714.89	  652.25	  168.78	  912.63	    0.02	  279.51	    0.00	    0.00	    0.00	    0.00	    0.00
10	13	  301.04	  100.07	  100.14	  999.55	  199.64	  199.51	    0.00	    0.02	  314.71	 1148.19	 5343.11	 1052.63	   19.77	    0.00	    0.00	    0.00	    0.04	    0.00	    0.00	    0.00	    0.00	    0.00	    0.00	    0.00
11	2	    0.00	    0.00	    0.00	    0.00	    0.00	    0.00	    0.00	    0.00	    0.00	    0.00	    0.52	 4620.13	 3560.67	    0.40	    0.05	    0.00	    0.00	    0.00	    0.00	    0.08	  302.83	  500.19	  402.83	  599.76
11	10	    0.10	    0.04	    0.05	    0.08	    0.02	    0.06	    0.00	    0.00	    0.00	    0.00	    0.00	 5378.28	 3026.62	    0.00	    0.00	    0.00	    0.00	    0.00	    0.00	    0.00	    0.03	    0.00	    0.00	    0.34
11	12	 1399.90	  300.07	  299.98	 1002.46	  202.66	  300.55	   71.91	  600.00	  799.59	 1900.00	 1000.64	 3901.60	    0.00	   14.90	    5.75	    1.01	  499.83	    0.08	    2.47	    0.04	    0.00	    0.00	    0.00	    0.00
12	11	    0.00	    0.00	    0.00	    0.00	    0.00	    0.00	    0.06	    0.00	    0.00	    0.00	    0.00	    0.00	 7887.28	    0.25	    0.00	    0.39	    0.00	    1.12	    0.00	  499.95	  602.87	 1200.19	 1102.83	 1100.10
12	23	  899.90	    0.07	  199.98	  402.46	    2.66	  100.55	    0.00	    0.00	  199.59	    0.00	    0.64	 2601.60	 6712.72	    0.00	    0.00	    0.00	    0.00	    0.00	    0.00	    0.00	    0.00	    0.00	    0.00	    0.00
13	10	    0.00	    0.00	    0.00	    0.00	    0.00	    0.00	    0.06	    0.00	    0.00	    0.00	    0.00	    0.00	    0.00	 4643.03	  759.38	    0.00	    0.12	    0.02	  252.01	  174.50	  398.37	  598.67	 2341.45	  647.97
13	14	    0.95	    0.07	    0.12	    1.25	    0.05	    0.04	    0.00	    0.00	    0.00	    0.00	 1062.95	  352.46	   68.98	 6226.90	    0.00	    0.00	    0.00	    0.00	    0.00	    0.00	    0.00	    0.00	 1198.41	  122.94
13	22	    0.10	    0.01	    0.02	  498.32	   99.59	   99.48	    0.00	    0.00	  202.12	  817.81	 2680.22	    0.20	    0.00	 3230.06	  424.02	    0.00	  216.25	    0.00	  131.65	    0.00	    0.00	    0.00	    0.00	    0.00
14	9	    0.00	    0.00	    0.00	    0.00	    0.00	    0.00	    0.00	    0.00	    0.00	    0.00	    0.00	    0.00	    0.00	 1571.69	 7945.88	    0.27	    0.72	    0.05	 3250.47	 1718.84	 1598.72	 4401.06	 1955.76	  751.94
14	13	    0.00	    0.00	    0.00	    0.00	    0.00	    0.00	  199.65	  399.29	  487.42	 1769.62	    0.06	    0.00	    0.00	    0.00	 2483.40	  699.46	  916.33	   99.82	  683.64	  673.23	    0.19	  667.07	    0.00	    0.00
14	18	  300.03	    0.08	    0.01	  200.06	  100.02	    0.10	    0.02	    0.03	  400.13	 3258.42	  829.75	  300.05	  279.26	 2897.26	 5900.39	    0.05	    0.38	    0.01	    0.00	    0.05	  557.26	 2899.92	  899.98	  262.57
14	21	    0.00	    0.00	    0.00	  399.22	  297.72	    0.00	    0.00	    0.00	 1298.19	 5582.14	  719.24	    0.00	    0.00	  457.95	 5070.33	    0.21	 2487.28	    0.00	 2089.91	    0.00	    0.00	    0.00	    0.00	    0.00
15	7	    0.00	    0.00	    0.00	    0.00	    0.00	    0.00	    0.00	    0.00	    0.00	    0.25	    0.00	    0.00	    0.00	    0.20	    0.37	 6436.55	 1964.00	    0.33	    0.61	    1.00	    0.14	    0.16	    0.06	    0.04
15	9	    0.00	    0.05	    0.00	    0.00	    0.00	    0.07	 2397.22	    0.64	    0.00	    0.00	    0.00	    0.00	    0.00	    0.00	    0.00	 6566.91	    0.53	  899.62	    0.18	 1206.60	    0.00	    0.00	    0.00	    0.00
15	16	    0.36	  200.03	    0.01	    0.06	    0.02	  500.11	 1000.34	 1401.02	    0.11	    0.47	    0.08	    0.05	    0.00	    0.00	    0.00	 5956.78	    0.00	  600.30	    0.00	 1545.57	  354.04	    0.00	    0.00	  128.14
15	17	    0.02	    0.00	    0.00	    0.02	    0.00	    0.02	    0.00	    0.14	    0.15	 3637.41	  769.04	    0.12	    0.00	    0.02	    0.14	 7139.75	 3739.37	    0.00	    0.14	    0.00	    0.00	    0.00	    0.00	    0.00
16	9	    0.00	    0.00	    0.00	    0.00	    0.00	    0.00	    0.22	    0.00	    0.00	    0.00	    0.00	    0.00	    0.00	    0.00	    0.00	    1.54	 8098.18	    0.24	    0.00	    0.19	    0.00	    0.00	    0.00	    0.00
16	15	    0.00	    0.00	    0.00	    0.00	    0.00	    0.00	    0.00	    0.00	    0.00	    1.36	    0.25	    0.00	    0.00	  692.98	 1188.04	    0.00	 8503.79	    0.00	 1287.48	    0.00	    0.05	    0.10	    0.04	    0.02
16	18	    0.02	    0.06	    0.00	    0.02	    0.01	    0.15	    0.20	    1.13	    0.03	    0.15	    0.00	    0.00	    0.00	    0.00	    0.00	 3155.35	 6798.04	    0.11	    0.00	    0.00	    0.00	    0.00	    0.00	    0.00
17	6	    0.00	    0.00	    0.00	    0.00	    0.00	    0.00	    0.00	    0.00	    0.05	 1895.82	  498.54	    0.06	  337.47	  599.77	 1100.25	 1795.46	 1137.10	 1198.76	 1399.26	 3099.10	  699.95	 1300.05	  499.94	  299.97
17	15	   30.50	   36.56	    8.12	   30.56	   19.10	   85.35	 4797.55	  219.46	   26.53	    0.34	    0.11	   19.68	  599.51	    7.25	   12.47	    0.00	    0.11	 2000.25	   13.45	 4353.17	  954.13	 1200.06	  500.02	  428.16
17	19	  299.99	  299.86	    0.00	  299.99	  100.01	  799.86	 2928.02	 3998.85	  600.01	 1042.02	  170.52	    0.06	    0.07	    0.00	    0.00	 4844.30	 2002.32	 1601.00	    0.00	    0.00	    0.00	    0.00	    0.00	    0.00
18	14	    0.00	    0.07	    0.00	    0.00	    0.00	    0.14	  699.61	  999.25	    0.00	    0.00	    0.00	    0.00	    0.00	    0.00	    0.00	 1899.85	 4903.96	  299.86	 6824.02	 3491.69	    0.15	    0.35	    0.15	    0.06
18	16	    0.03	    0.02	    0.01	    0.04	    0.02	    0.00	    0.00	    0.00	    0.08	    0.34	    0.37	    0.05	    0.08	 1392.92	 2687.92	    0.00	    0.00	    0.00	 2987.42	  154.49	  245.97	 1699.97	  599.99	  171.86
18	19	    0.02	    0.00	    0.00	    0.03	    0.02	    0.02	    0.00	    0.00	    0.09	 1458.22	  429.39	    0.00	    0.00	 1204.35	 2412.47	    0.00	  194.45	    0.00	 2988.57	    0.00	    0.00	    0.00	    0.00	    0.00
19	17	    0.00	    0.00	    0.00	    0.00	    0.00	    0.00	    0.00	    0.00	    0.00	    0.19	    0.01	    1.77	 1036.93	  707.00	 1312.58	    0.00	    0.13	    0.00	 1712.58	 7852.27	 1754.07	 2800.11	 1099.96	  728.13
19	18	    0.00	   99.95	    0.00	    0.00	    0.00	  199.91	 1099.40	 1698.09	    0.00	    0.00	    0.00	    0.00	   20.82	    0.01	    0.00	   44.45	    0.00	  599.74	    0.00	 4846.13	   88.85	    0.40	    0.16	    9.35
19	20	    0.00	    0.00	    0.00	    0.01	    0.02	  100.01	  628.38	  600.32	    0.05	    0.05	    0.02	    0.01	    0.02	    0.02	    0.03	 1499.85	  496.61	  201.15	   76.08	 2700.80	    0.00	    0.07	    0.03	    0.02
19	21	    0.00	   99.91	    0.00	    0.02	    0.01	  199.96	  700.24	  800.43	    0.05	    0.20	    0.04	    0.00	    0.00	    0.00	    0.15	 1700.00	    0.10	  400.11	    0.07	 3100.80	    0.16	    0.00	    0.00	    0.00
20	19	    0.00	    0.00	    0.00	    0.00	    0.00	    0.00	    0.00	    0.00	    0.00	    0.10	    0.02	  401.69	 1657.62	    0.08	    0.15	    0.00	    0.07	    0.00	    0.17	    0.00	 3043.09	    0.22	    1.56	 1137.22
20	21	  262.86	    0.06	   65.71	    0.19	    0.00	    0.03	    0.06	    0.07	    0.00	    0.00	    0.00	  460.00	 1469.83	    0.00	    0.00	    0.15	    0.00	    0.03	    0.00	    0.38	 4758.35	    0.00	    0.00	 1600.44
20	23	    0.00	    0.00	    0.00	    0.00	    0.00	    0.02	  428.33	  200.25	    0.02	  491.60	    0.00	    0.00	    0.00	    0.00	  682.89	  899.78	  211.01	  101.12	  251.38	 1500.43	 3198.57	 2341.78	    0.00	    0.00
21	14	    0.00	    0.00	    0.00	    0.00	    0.00	    0.00	    0.06	    0.07	    0.00	    0.00	    0.00	    0.06	  905.81	    0.00	    0.00	    0.15	    0.00	    0.03	    0.00	    0.42	 2956.03	10567.69	 2657.18	 1291.51
21	19	    0.00	    0.00	    0.00	    0.00	    0.00	    0.00	    0.00	    0.00	    0.00	    0.10	    0.14	    0.03	    0.10	    2.60	    0.14	    0.00	    0.00	    0.00	    0.00	    0.00	    0.00	 5200.36	 1798.59	    0.28
21	20	    0.01	    0.00	    0.00	    0.02	   97.77	    0.00	    0.00	    0.00	  299.98	 1691.65	    2.26	    0.03	    0.00	    0.49	 1483.01	    0.07	  314.47	    0.00	  575.46	    0.00	    0.00	 4141.93	    0.70	    0.00
21	22	    0.00	    0.00	    0.00	    0.00	    0.00	    0.01	  200.24	  300.43	  298.26	 1290.59	    0.00	    0.00	    0.00	    0.00	  987.34	  500.14	  472.91	  100.11	  314.52	  700.76	    2.48	 4490.02	    0.00	    0.00
22	13	    0.01	    0.00	    0.00	    0.02	    0.00	    0.00	    0.41	    0.68	    0.00	    0.00	    0.00	    0.03	  649.21	    0.00	    0.00	    0.54	    0.00	    0.20	    0.01	    1.27	  798.17	 1131.60	 4639.86	 1170.91
22	21	  137.15	    0.03	   34.29	    0.59	    0.05	    0.02	    0.00	    0.00	    0.00	    0.00	  383.12	  240.12	  736.07	  745.15	    0.00	    0.00	    0.00	    0.00	    0.00	    0.00	    0.00	    0.00	 6556.47	  791.35
22	23	    0.01	    0.00	    0.00	    0.02	    0.00	    0.01	    0.01	    0.03	    0.39	  308.40	  997.15	    0.00	    0.00	 1384.92	  411.36	    0.06	   89.16	    0.00	  146.15	    0.12	    0.05	 1258.50	 3303.67	    0.00
23	12	    0.00	    0.00	    0.00	    0.00	    0.00	    0.00	  328.16	    0.00	    0.00	    0.00	    0.00	    0.00	    0.00	  585.35	  694.25	  599.37	    0.17	  101.03	  297.53	 1099.91	 1202.87	 2500.19	 1902.83	 1800.10
23	20	  362.84	    0.06	   65.71	  200.16	    2.21	    0.03	    0.00	    0.00	    0.00	    0.00	  397.75	 1161.65	 3727.43	  399.57	    0.00	    0.00	    0.00	    0.00	    0.00	    0.00	    0.00	    0.00	  700.84	 3237.64
23	22	  437.07	    0.02	  134.27	    2.32	    0.46	    0.55	    0.18	    0.28	    0.00	    0.00	    0.05	  939.95	 2185.29	    0.00	    0.00	    0.47	    0.00	    0.09	    0.00	    0.63	 1495.75	    0.08	    0.00	 2662.25
