i	j	o11d7l34
0	1	 4509.28
0	2	 8133.53
1	0	 4534.25
1	5	 5963.10
2	0	 8108.57
2	3	13977.18
2	11	 9991.09
3	2	14001.91
3	4	17977.17
3	10	 5210.04
4	3	18001.83
4	5	 8795.70
4	8	15728.10
5	1	 5988.07
5	4	 8804.68
5	7	12504.49
6	7	12143.56
6	17	15834.67
7	5	12538.43
7	6	12084.73
7	8	 6921.60
7	15	 8397.79
8	4	15743.79
8	7	 6877.95
8	9	22242.51
9	8	22314.54
9	10	17746.57
9	14	23093.90
9	15	11030.24
9	16	 8100.46
10	3	 5310.12
10	9	17623.98
10	11	 8404.81
10	13	 9767.45
11	2	 9941.39
11	10	 8445.48
11	12	12297.10
12	11	12388.06
12	23	11127.90
13	10	 9804.26
13	14	 9047.36
13	22	 8397.01
14	9	23161.73
14	13	 9090.36
14	18	19038.56
14	21	18402.49
15	7	 8416.56
15	9	11056.93
15	16	11677.74
15	17	15358.55
16	9	 8100.56
16	15	11667.23
16	18	 9953.54
17	6	15893.50
17	15	15414.53
17	19	19015.67
18	14	19071.16
18	16	 9943.13
18	19	 8674.24
19	17	19030.47
19	18	 8696.44
19	20	 6312.43
19	21	 7003.26
20	19	 6252.81
20	21	 8614.05
20	23	10314.11
21	14	18380.72
21	19	 6999.88
21	20	 8607.61
21	22	 9667.28
22	13	 8390.83
22	21	 9635.69
22	23	 7901.74
23	12	11118.86
23	20	10260.92
23	22	 7863.97
