i	j	       0	       1	       2	       3	       4	       5	       6	       7	       8	       9	      10	      11	      12	      13	      14	      15	      16	      17	      18	      19	      20	      21	      22	      23
0	1	 2600.19	    0.00	  267.59	  200.02	   16.44	    0.00	    0.01	    0.02	   32.87	   98.65	  200.02	  474.63	  459.56	  100.00	   16.44	    0.02	    0.04	    0.00	    0.02	    0.00	    0.01	    0.08	    0.09	   28.98
0	2	 6199.81	 1163.75	    0.00	    0.00	    0.00	  239.91	  140.32	  243.62	    0.00	    0.00	    0.00	    0.00	    0.00	    0.00	    0.00	   97.09	    0.00	   34.81	    0.00	    0.02	    0.00	    0.00	    0.00	    0.00
1	0	    0.00	 1263.75	    0.00	    0.00	    0.00	  539.91	  640.25	 1043.50	    0.00	    0.00	    0.00	    0.00	    0.00	    0.00	    0.00	  597.01	    0.27	  134.79	    0.03	  299.95	    0.00	    0.02	    0.00	    0.00
1	5	 2500.19	 2736.25	  167.59	    0.04	    0.00	    0.00	    0.00	    0.00	    0.00	    0.00	    0.04	  374.63	  159.56	    0.01	    0.00	    0.00	    0.00	    0.00	    0.00	    0.00	    0.01	    0.03	    0.09	   28.98
2	0	    0.00	    0.00	  367.59	  700.02	  216.44	    0.00	    0.08	    0.14	  532.87	 1398.65	  700.02	  674.63	  959.56	  400.00	  516.44	    0.09	  399.77	    0.01	  300.00	    0.08	  100.01	  400.06	  300.09	  128.98
2	3	 4499.24	  663.45	 1932.18	    0.00	    0.00	    0.00	    0.00	    0.00	    0.00	    0.00	    0.00	 3754.13	 2496.18	    0.08	    0.00	    0.00	    0.00	    0.00	    0.00	    0.00	  203.04	    0.36	    1.73	  470.83
2	11	 1600.57	  400.31	  500.23	 1601.92	  402.79	  500.40	  770.42	 1200.00	 1399.65	  656.37	    1.28	    0.00	    0.00	    0.39	   57.65	  535.75	  185.13	  199.56	   24.71	    0.07	    0.00	    0.00	    0.08	    0.00
3	2	    0.00	    0.00	    0.00	 2501.94	  719.22	  560.49	  730.18	 1156.51	 2032.53	 2354.56	 1000.57	    0.00	    0.00	  499.97	  673.89	  638.72	  684.79	  164.77	  324.64	    0.10	    0.00	    0.03	    0.14	    0.00
3	4	 3197.83	  163.37	 1332.14	 6696.87	    0.00	    0.00	    0.00	    0.00	    0.00	    0.10	  904.17	 3153.77	 1895.92	  200.01	    0.07	    0.00	    0.01	    0.00	    0.04	    0.00	    3.17	    0.16	  199.90	  270.84
3	10	  801.41	  300.12	  400.03	 2401.18	  699.95	  599.77	    0.49	    3.87	    0.33	    0.16	    0.00	    0.36	    0.26	    0.06	    0.06	    0.11	    0.04	    0.02	    0.02	    0.02	    0.02	    0.04	    0.05	    0.02
4	3	    0.00	    0.04	    0.00	    0.00	 1919.17	 1560.26	 1130.67	 1860.39	 2732.86	 3554.39	    0.00	    0.00	    0.00	    0.00	 1173.51	 1438.83	 1184.73	  264.79	  524.48	  300.12	    0.03	  398.59	    0.00	    0.00
4	5	    0.00	    0.00	  527.49	 2133.78	 1262.05	    0.00	    0.02	    0.03	  567.27	 1301.29	  403.35	 1464.28	  581.67	  100.02	  283.22	    0.04	    0.04	    0.00	    0.04	    0.01	    0.02	    0.00	   99.90	   71.01
4	8	 2997.83	  899.79	  704.65	 4063.10	 2918.77	 1399.97	    0.02	    0.10	    0.00	    0.00	    0.82	 1489.49	 1114.25	    0.00	    0.00	    0.06	    0.00	    0.01	    0.00	    0.02	    0.00	    0.00	    0.00	  199.83
5	1	    0.00	    0.00	    0.00	    0.02	   83.56	  939.91	  840.24	 1443.49	  167.13	  501.35	    0.02	    0.00	    0.00	    0.01	   83.56	  996.99	  200.23	  134.79	  100.00	  399.94	    0.00	   99.97	    0.00	    0.00
5	4	    0.00	  836.46	    0.00	    0.00	    0.00	 3160.23	 1029.02	 1805.57	    0.00	    0.00	    0.00	    0.00	    0.00	    0.00	    0.00	 1464.14	    0.07	  202.23	    0.03	  307.87	    0.00	    0.00	    0.00	    0.00
5	7	 2200.19	 1499.79	  395.08	 1733.80	  978.49	 3499.86	    0.00	    0.00	    0.14	    0.06	    3.37	 1638.90	  541.23	    0.02	    0.00	    0.00	    0.00	    0.00	    0.00	    0.00	    0.00	    0.00	    0.00	    0.00
6	7	    0.00	    0.00	    0.00	    0.00	    0.00	    0.00	 4174.70	    0.00	    0.00	    0.00	    0.00	    0.00	    0.00	  399.88	  600.14	  391.63	  136.76	  999.59	  999.69	 2599.90	  499.97	  799.87	  299.98	  199.99
6	17	  429.46	  335.33	    8.80	  435.15	  122.00	  982.82	 7925.30	 4512.83	  824.67	    0.56	    0.13	  222.57	    0.02	    0.00	    0.00	    0.00	    0.02	    0.00	    0.00	    0.00	    0.00	    0.00	    0.00	    0.00
7	5	    0.00	    0.00	    0.00	    0.00	    0.00	    0.00	 2269.25	 4049.02	    0.00	    0.12	    0.00	    0.00	    0.00	    0.00	    0.34	 3361.10	  700.26	  437.02	  299.98	 1007.80	   99.98	  299.94	    0.00	    0.01
7	6	  929.46	  535.33	  108.80	  835.15	  322.00	 1382.82	    0.00	 5512.83	 1424.62	    1.89	    0.53	  922.42	   64.33	    0.00	    0.00	    0.00	    0.11	    0.00	    0.00	    0.00	    0.00	    0.00	    0.00	    0.00
7	8	    0.00	    0.00	    0.00	    0.00	    0.00	    0.00	  905.45	 3750.91	    0.00	    0.00	    0.00	    0.00	    0.00	    0.00	    0.00	 1270.00	    0.00	  262.68	    0.00	  692.39	    0.03	    0.00	    0.00	    0.00
7	15	  470.81	  564.50	  174.01	  686.08	  428.78	 1317.13	    0.00	 3387.24	  877.30	    0.00	    0.06	  480.28	    0.41	    0.00	    0.00	    0.00	    0.00	    0.00	    0.00	    0.00	    0.00	    0.00	    0.00	    0.00
8	4	    0.00	    0.00	    0.00	    0.00	    0.00	    0.00	  301.68	  554.95	 4100.13	 5855.59	    0.00	    0.00	    0.00	    0.00	 1656.67	  474.78	 1384.69	   62.57	  624.46	   92.29	   96.88	  598.43	    0.00	    0.00
8	7	    0.07	    0.04	   87.74	  487.43	  272.29	    0.09	    0.00	    0.00	 3101.78	 1601.69	  797.21	  363.79	  123.51	    0.04	    0.00	    0.00	    0.22	    0.00	    0.00	    0.00	    0.00	    0.00	    0.00	    0.00
8	9	 2497.75	  699.75	  516.92	 2875.66	 1846.48	  999.89	    3.84	 2396.06	 8998.09	    0.00	    0.00	  525.75	  390.79	    0.00	    0.00	    0.24	    0.00	    0.14	    0.00	    0.28	    0.00	    0.00	    0.00	    0.00
9	8	    0.00	    0.00	    0.00	    0.00	    0.00	    0.00	    0.05	    0.00	    0.00	10257.28	 2196.39	    0.05	    0.05	  600.05	 2656.67	  604.96	 2284.91	    0.02	 1024.46	    0.14	  396.84	 1298.43	  500.00	    0.17
9	10	    0.00	    0.00	    0.00	    0.00	    0.00	    0.00	  499.46	  796.15	 1711.16	 8394.44	    0.00	    0.00	    0.00	    0.00	 1319.40	 1563.90	 1914.93	  200.02	  435.71	  436.45	    0.83	  454.86	    0.00	    0.00
9	14	  798.48	   99.85	   99.81	 1097.25	  597.41	  200.00	    0.00	    0.00	 3088.52	14611.54	 1891.47	  640.72	    4.58	    0.00	    0.00	    0.00	    0.77	    0.00	    0.00	    0.00	    0.00	    0.00	    0.00	    0.00
9	15	    0.00	    0.00	   17.19	   78.78	   49.24	    0.00	    0.00	    0.00	  498.57	 8036.17	 2170.69	  196.24	    0.11	    0.00	    0.00	    0.00	    0.00	    0.00	    0.00	    0.00	    0.00	    0.00	    0.00	    0.00
9	16	  399.55	    0.02	   99.98	  499.91	  199.96	    0.04	    0.08	    0.11	  899.84	 3900.58	 1000.05	  599.97	  499.87	    0.06	    0.12	    0.11	    0.00	    0.05	    0.07	    0.14	    0.05	    0.14	    0.05	    0.02
10	3	    0.00	    0.00	    0.00	    0.00	    0.00	    0.00	    0.00	    0.00	    0.00	    0.42	 3404.74	    0.00	    0.00	 1199.96	    0.50	    0.00	    0.11	    0.00	    0.22	    0.00	    0.12	    1.28	  698.37	    0.03
10	9	    0.28	    0.07	    0.07	    0.28	    0.13	    0.09	    0.00	    0.00	    0.00	    0.00	11158.61	 2911.23	 2013.82	 1078.84	    0.00	    0.00	    0.00	    0.00	    0.00	    0.00	    0.13	    0.00	  388.42	   53.71
10	11	    0.00	    0.00	    0.00	    0.00	    0.00	    0.00	    0.00	    0.00	    0.10	 3244.09	 2400.10	    0.00	    0.00	  719.37	  646.27	  164.16	  914.93	    0.06	  276.95	    0.00	    0.00	    0.04	    0.04	    0.00
10	13	  301.62	  100.24	  100.21	 1000.98	  199.84	  199.75	    0.00	    0.02	  311.39	 1150.08	 5336.55	 1059.32	   18.07	    0.00	    0.00	    0.00	    0.04	    0.00	    0.00	    0.00	    0.00	    0.00	    0.00	    0.00
11	2	    0.00	    0.00	    0.00	    0.00	    0.00	    0.00	    0.00	    0.00	    0.00	    0.47	    0.73	 4628.76	 3555.73	    0.51	    0.20	    0.04	    0.11	    0.00	    0.06	    0.03	  303.04	  500.39	  401.76	  599.81
11	10	    0.49	    0.18	    0.25	    0.08	    0.02	    0.07	    0.00	    0.00	    0.00	    0.00	    0.00	 5370.19	 3031.64	    0.00	    0.00	    0.00	    0.00	    0.00	    0.00	    0.00	    0.04	    0.00	    0.00	    0.35
11	12	 1400.07	  300.12	  299.98	 1001.84	  202.76	  300.33	   70.49	  600.00	  799.76	 1900.00	 1000.65	 3901.05	    0.00	   19.59	    4.00	    0.55	  499.96	    0.01	    1.71	    0.00	    0.00	    0.00	    0.00	    0.00
12	11	    0.00	    0.00	    0.00	    0.00	    0.00	    0.00	    0.07	    0.00	    0.00	    0.00	    0.00	    0.00	 7887.37	    0.34	    0.28	    0.67	    0.00	    0.39	    0.12	  499.96	  603.07	 1200.35	 1101.64	 1100.16
12	23	  900.07	    0.12	  199.98	  401.84	    2.76	  100.33	    0.00	    0.00	  199.76	    0.00	    0.65	 2601.05	 6712.63	    0.00	    0.00	    0.00	    0.00	    0.00	    0.00	    0.00	    0.00	    0.00	    0.00	    0.00
13	10	    0.00	    0.00	    0.00	    0.00	    0.00	    0.00	    0.06	    0.00	    0.00	    0.00	    0.00	    0.00	    0.00	 4598.11	  727.32	    0.15	    0.11	    0.02	  241.44	  163.52	  399.37	  646.42	 2386.77	  653.37
13	14	    1.55	    0.23	    0.20	    1.61	    0.05	    0.05	    0.00	    0.00	    0.00	    0.00	 1087.70	  359.12	  103.79	 6333.67	    0.00	    0.00	    0.00	    0.00	    0.00	    0.00	    0.00	    0.00	 1012.81	  135.86
13	22	    0.09	    0.01	    0.02	  499.39	   99.80	   99.70	    0.00	    0.00	  200.97	  840.77	 2648.91	    0.23	    0.36	 3168.23	  463.14	    0.00	  230.00	    0.00	  145.49	    0.00	    0.00	    0.00	    0.00	    0.00
14	9	    0.00	    0.00	    0.00	    0.00	    0.00	    0.00	    0.00	    0.00	    0.00	    0.00	    0.00	    0.00	    0.00	 1621.27	 7976.19	    0.28	    0.79	    0.05	 3260.05	 1726.98	 1597.59	 4353.43	 1911.63	  746.48
14	13	    0.00	    0.00	    0.00	    0.00	    0.00	    0.00	  199.66	  399.32	  489.58	 1790.69	    0.06	    0.00	    0.00	    0.00	 2490.46	  699.04	  930.07	   99.83	  686.92	  662.19	    0.60	  631.22	    0.00	    0.00
14	18	  300.03	    0.09	    0.01	  200.07	  100.03	    0.07	    0.02	    0.03	  400.14	 3261.67	  828.34	  300.06	  284.16	 2897.49	 5900.10	    0.05	    0.39	    0.01	    0.00	    0.05	  549.76	 2899.92	  899.98	  259.56
14	21	    0.00	    0.00	    0.00	  398.79	  297.43	    0.00	    0.00	    0.00	 1298.81	 5559.18	  750.77	    0.00	    0.00	  514.92	 5033.25	    0.22	 2478.12	    0.00	 2073.83	    0.00	    0.00	    0.00	    0.00	    0.00
15	7	    0.00	    0.00	    0.00	    0.00	    0.00	    0.00	    0.00	    0.00	    0.00	    0.26	    0.00	    0.00	    0.00	    0.05	    0.20	 6439.47	 1963.39	    0.11	    0.30	    0.29	    0.04	    0.07	    0.03	    0.02
15	9	    0.00	    0.05	    0.00	    0.00	    0.00	    0.07	 2395.54	    0.20	    0.00	    0.00	    0.00	    0.00	    0.00	    0.00	    0.00	 6567.47	    0.54	  899.82	    0.19	 1209.34	    0.00	    0.00	    0.00	    0.00
15	16	    0.43	  199.98	    0.01	    0.06	    0.03	  499.99	 1000.32	 1400.23	    0.11	    0.48	    0.09	    0.05	    0.11	    0.00	    0.00	 5952.31	    0.00	  600.13	    0.00	 1546.03	  358.31	    0.00	    0.00	  130.29
15	17	    0.02	    0.00	    0.00	    0.02	    0.00	    0.02	    0.00	    0.12	    0.54	 3637.06	  771.01	    0.06	    0.03	    0.03	    0.14	 7140.75	 3736.65	    0.00	    0.14	    0.00	    0.00	    0.00	    0.00	    0.00
16	9	    0.00	    0.00	    0.00	    0.00	    0.00	    0.00	    0.21	    0.00	    0.00	    0.00	    0.00	    0.00	    0.00	    0.00	    0.00	    0.97	 8099.28	    0.08	    0.00	    0.14	    0.00	    0.00	    0.00	    0.00
16	15	    0.00	    0.00	    0.00	    0.00	    0.00	    0.00	    0.00	    0.00	    0.00	    1.28	    0.24	    0.08	    0.07	  693.82	 1190.67	    0.00	 8500.48	    0.00	 1290.21	    0.00	    0.05	    0.10	    0.04	    0.03
16	18	    0.03	    0.02	    0.00	    0.02	    0.01	    0.03	    0.19	    0.34	    0.03	    0.15	    0.00	    0.00	    0.00	    0.00	    0.00	 3151.44	 6800.24	    0.11	    0.00	    0.00	    0.00	    0.00	    0.00	    0.00
17	6	    0.00	    0.00	    0.00	    0.00	    0.00	    0.00	    0.00	    0.00	    0.05	 1898.67	  499.60	    0.15	  335.69	  599.88	 1100.14	 1791.63	 1136.68	 1199.59	 1399.69	 3099.90	  699.97	 1299.87	  499.98	  299.99
17	15	   29.64	   35.54	    8.80	   35.21	   22.01	   82.96	 4795.86	  213.31	   24.78	    0.35	    0.11	   23.52	  599.55	    6.26	    9.66	    0.00	    0.11	 2000.07	   10.41	 4355.67	  958.30	 1199.97	  499.99	  430.29
17	19	  299.84	  299.80	    0.00	  299.96	  100.00	  799.88	 2929.44	 3999.64	  600.38	 1038.80	  171.43	    0.04	    0.02	    0.00	    0.00	 4849.12	 2000.02	 1600.35	    0.00	    0.00	    0.00	    0.00	    0.00	    0.00
18	14	    0.00	    0.01	    0.00	    0.00	    0.00	    0.02	  699.51	  999.17	    0.00	    0.00	    0.00	    0.00	    0.00	    0.00	    0.00	 1899.50	 4908.60	  299.82	 6820.81	 3488.55	    0.15	    0.37	    0.15	    0.07
18	16	    0.04	    0.02	    0.01	    0.05	    0.02	    0.00	    0.00	    0.00	    0.09	    0.37	    0.10	    0.06	    0.09	 1393.76	 2690.55	    0.00	    0.00	    0.00	 2990.14	  153.96	  241.69	 1699.97	  599.99	  169.71
18	19	    0.02	    0.00	    0.00	    0.04	    0.02	    0.02	    0.00	    0.00	    0.09	 1461.45	  428.25	    0.00	    0.00	 1203.73	 2409.55	    0.00	  192.04	    0.00	 2989.05	    0.00	    0.00	    0.00	    0.00	    0.00
19	17	    0.00	    0.00	    0.00	    0.00	    0.00	    0.00	    0.00	    0.00	    0.00	    0.20	    0.00	    1.08	 1035.22	  706.11	 1309.66	    0.00	    0.13	    0.00	 1709.96	 7855.57	 1758.27	 2799.84	 1099.96	  730.28
19	18	    0.00	   99.93	    0.00	    0.00	    0.00	  199.94	 1099.30	 1698.80	    0.00	    0.00	    0.00	    0.00	   15.93	    0.01	    0.00	   48.00	    0.00	  599.70	    0.00	 4842.46	   92.08	    0.41	    0.17	   10.22
19	20	    0.00	    0.00	    0.00	    0.01	    0.00	  100.01	  629.90	  600.50	    0.34	    0.05	    0.02	    0.01	    0.02	    0.02	    0.03	 1500.83	  491.76	  200.57	   79.19	 2701.05	    0.00	    0.07	    0.03	    0.02
19	21	    0.00	   99.87	    0.00	    0.02	    0.01	  199.96	  700.24	  800.33	    0.13	    0.21	    0.04	    0.00	    0.00	    0.00	    0.16	 1700.28	    0.24	  400.07	    0.07	 3100.92	    0.17	    0.00	    0.00	    0.00
20	19	    0.15	    0.00	    0.00	    0.00	    0.00	    0.00	    0.00	    0.00	    0.00	    0.10	    0.02	  400.82	 1650.49	    0.33	    0.16	    0.00	    0.07	    0.00	    0.17	    0.00	 3050.52	    0.23	    1.17	 1139.84
20	21	  262.74	    0.11	   65.68	    0.24	    0.00	    0.03	    0.06	    0.07	    0.00	    0.00	    0.00	  460.00	 1469.96	    0.00	    0.00	    0.15	    0.00	    0.03	    0.00	    0.39	 4751.00	    0.00	    0.92	 1605.75
20	23	    0.00	    0.00	    0.00	    0.00	    0.00	    0.02	  429.84	  200.43	    0.12	  482.40	    0.00	    0.00	    0.00	    0.00	  680.69	  900.76	  211.22	  100.54	  251.27	 1500.66	 3198.48	 2349.40	    0.00	    0.00
21	14	    0.00	    0.00	    0.00	    0.00	    0.00	    0.00	    0.16	    0.18	    0.00	    0.00	    0.00	    0.21	  875.79	    0.00	    0.00	    0.10	    0.00	    0.07	    0.00	    0.67	 2947.81	10484.20	 2798.64	 1270.12
21	19	    0.00	    0.00	    0.00	    0.03	    0.00	    0.00	    0.00	    0.00	    0.00	    0.10	    0.36	    0.23	    0.65	    2.08	    0.14	    0.00	    0.00	    0.00	    0.00	    0.00	    0.00	 5200.09	 1798.99	    0.68
21	20	    0.01	    0.00	    0.00	    0.02	   97.56	    0.00	    0.00	    0.00	  299.79	 1682.45	    2.53	    0.03	    0.07	    1.16	 1480.82	    0.08	  319.54	    0.00	  572.25	    0.00	    0.00	 4149.56	    1.64	    0.06
21	22	    0.00	    0.00	    0.00	    0.00	    0.00	    0.01	  200.14	  300.23	  299.15	 1276.84	    0.00	    0.00	    0.00	    0.00	  952.44	  500.48	  458.82	  100.03	  301.65	  700.64	    3.36	 4566.15	    0.00	    0.00
22	13	    0.01	    0.00	    0.00	    0.02	    0.00	    0.00	    0.39	    0.66	    0.00	    0.00	    0.00	    0.03	  686.08	    0.00	    0.00	    1.11	    0.00	    0.19	    0.01	    1.34	  798.77	 1215.19	 4499.58	 1189.23
22	21	  137.27	    0.02	   34.32	    1.00	    0.12	    0.02	    0.00	    0.00	    0.00	    0.00	  352.08	  240.47	  706.55	  688.32	    0.00	    0.00	    0.00	    0.00	    0.00	    0.00	    0.00	    0.00	 6698.35	  765.10
22	23	    0.00	    0.00	    0.00	    0.02	    0.00	    0.01	    0.12	    0.07	    0.12	  317.60	  996.88	    0.00	    0.00	 1379.91	  415.59	    0.13	   88.82	    0.03	  147.14	    0.47	    0.06	 1252.33	 3302.07	    0.00
23	12	    0.00	    0.00	    0.00	    0.00	    0.00	    0.00	  329.58	    0.00	    0.00	    0.00	    0.00	    0.00	    0.00	  580.75	  696.28	  600.12	    0.04	  100.38	  298.40	 1099.96	 1203.07	 2500.35	 1901.64	 1800.16
23	20	  362.88	    0.11	   65.68	  200.21	    2.44	    0.03	    0.00	    0.00	    0.00	    0.00	  397.48	 1160.78	 3720.36	  399.16	    0.00	    0.00	    0.00	    0.00	    0.00	    0.00	    0.00	    0.00	  700.42	 3245.52
23	22	  437.20	    0.01	  134.30	    1.65	    0.32	    0.32	    0.38	    0.50	    0.00	    0.00	    0.05	  940.27	 2192.27	    0.00	    0.00	    0.76	    0.00	    0.18	    0.00	    1.17	 1495.46	    1.38	    0.00	 2654.33
