0.000000000000000000e+00 1.000000000000000000e+00 0.000000000000000000e+00
0.000000000000000000e+00 2.000000000000000000e+00 9.801873657683398051e+03
1.000000000000000000e+00 0.000000000000000000e+00 3.601489815034436106e+03
1.000000000000000000e+00 5.000000000000000000e+00 2.899761692833173583e+03
2.000000000000000000e+00 0.000000000000000000e+00 6.200383842648964674e+03
2.000000000000000000e+00 3.000000000000000000e+00 1.693161059600101726e+04
2.000000000000000000e+00 1.100000000000000000e+01 1.019993719533969306e+04
3.000000000000000000e+00 2.000000000000000000e+00 1.400052972264779055e+04
3.000000000000000000e+00 4.000000000000000000e+00 2.132737075335161353e+04
3.000000000000000000e+00 1.000000000000000000e+01 5.115778943927882210e+03
4.000000000000000000e+00 3.000000000000000000e+00 1.840515526341313671e+04
4.000000000000000000e+00 5.000000000000000000e+00 1.094002761576996272e+04
4.000000000000000000e+00 8.000000000000000000e+00 1.668401222920169312e+04
5.000000000000000000e+00 1.000000000000000000e+00 6.501251507867606051e+03
5.000000000000000000e+00 4.000000000000000000e+00 8.814826699746015947e+03
5.000000000000000000e+00 7.000000000000000000e+00 1.113902866355092374e+04
6.000000000000000000e+00 7.000000000000000000e+00 1.225191968514692599e+04
6.000000000000000000e+00 1.700000000000000000e+01 1.558581022755887716e+04
7.000000000000000000e+00 5.000000000000000000e+00 1.261531756256142762e+04
7.000000000000000000e+00 6.000000000000000000e+00 1.169526507634309928e+04
7.000000000000000000e+00 8.000000000000000000e+00 6.979508495943084199e+03
7.000000000000000000e+00 1.500000000000000000e+01 8.111786821026354119e+03
8.000000000000000000e+00 4.000000000000000000e+00 1.588699765528716307e+04
8.000000000000000000e+00 7.000000000000000000e+00 7.568599286037999263e+03
8.000000000000000000e+00 9.000000000000000000e+00 2.191261975711430932e+04
9.000000000000000000e+00 8.000000000000000000e+00 2.180469597329465250e+04
9.000000000000000000e+00 1.000000000000000000e+01 1.780871529328246470e+04
9.000000000000000000e+00 1.400000000000000000e+01 2.320619381802950011e+04
9.000000000000000000e+00 1.500000000000000000e+01 1.133155498925953179e+04
9.000000000000000000e+00 1.600000000000000000e+01 8.103248791944205550e+03
1.000000000000000000e+01 3.000000000000000000e+00 5.206913560513137782e+03
1.000000000000000000e+01 9.000000000000000000e+00 1.793909889932473379e+04
1.000000000000000000e+01 1.100000000000000000e+01 8.363061963085776370e+03
1.000000000000000000e+01 1.300000000000000000e+01 9.812457852920933874e+03
1.100000000000000000e+01 2.000000000000000000e+00 9.529528253658481844e+03
1.100000000000000000e+01 1.000000000000000000e+01 8.732934297092057022e+03
1.100000000000000000e+01 1.200000000000000000e+01 1.247722089596059959e+04
1.200000000000000000e+01 1.100000000000000000e+01 1.227668428828565993e+04
1.200000000000000000e+01 2.300000000000000000e+01 1.134259607751755902e+04
1.300000000000000000e+01 1.000000000000000000e+01 9.764103741542179705e+03
1.300000000000000000e+01 1.400000000000000000e+01 9.196612943995565729e+03
1.300000000000000000e+01 2.200000000000000000e+01 8.416527168693562999e+03
1.400000000000000000e+01 9.000000000000000000e+00 2.305806648096679055e+04
1.400000000000000000e+01 1.300000000000000000e+01 9.128749518222146435e+03
1.400000000000000000e+01 1.800000000000000000e+01 2.010168804965776508e+04
1.400000000000000000e+01 2.100000000000000000e+01 1.843758351178216981e+04
1.500000000000000000e+01 7.000000000000000000e+00 8.442330321138111685e+03
1.500000000000000000e+01 9.000000000000000000e+00 1.114368188003560499e+04
1.500000000000000000e+01 1.600000000000000000e+01 1.174293782617003490e+04
1.500000000000000000e+01 1.700000000000000000e+01 1.458867475128738988e+04
1.600000000000000000e+01 9.000000000000000000e+00 8.100941848368930550e+03
1.600000000000000000e+01 1.500000000000000000e+01 1.178478216176438218e+04
1.600000000000000000e+01 1.800000000000000000e+01 9.914260459643110153e+03
1.700000000000000000e+01 6.000000000000000000e+00 1.614246483636270386e+04
1.700000000000000000e+01 1.500000000000000000e+01 1.468950080658087791e+04
1.700000000000000000e+01 1.900000000000000000e+01 1.884104912919635171e+04
1.800000000000000000e+01 1.400000000000000000e+01 1.977247122367065458e+04
1.800000000000000000e+01 1.600000000000000000e+01 9.953797851662176981e+03
1.800000000000000000e+01 1.900000000000000000e+01 9.152634068541172383e+03
1.900000000000000000e+01 1.700000000000000000e+01 1.939852979329367372e+04
1.900000000000000000e+01 1.800000000000000000e+01 8.862954634573123258e+03
1.900000000000000000e+01 2.000000000000000000e+01 6.289925437256816622e+03
1.900000000000000000e+01 2.100000000000000000e+01 7.101817087890547555e+03
2.000000000000000000e+01 1.900000000000000000e+01 6.455176554016376940e+03
2.000000000000000000e+01 2.100000000000000000e+01 8.616959495831137247e+03
2.000000000000000000e+01 2.300000000000000000e+01 1.035422493044530347e+04
2.100000000000000000e+01 1.400000000000000000e+01 1.845080957493315509e+04
2.100000000000000000e+01 1.900000000000000000e+01 7.104367201260262846e+03
2.100000000000000000e+01 2.000000000000000000e+01 8.671515694649973739e+03
2.100000000000000000e+01 2.200000000000000000e+01 9.705122606378670753e+03
2.200000000000000000e+01 1.300000000000000000e+01 8.436036483088242676e+03
2.200000000000000000e+01 2.100000000000000000e+01 9.775454981718212366e+03
2.200000000000000000e+01 2.300000000000000000e+01 7.983750505457897816e+03
2.300000000000000000e+01 1.200000000000000000e+01 1.104205946984261573e+04
2.300000000000000000e+01 2.000000000000000000e+01 1.046491984838601820e+04
2.300000000000000000e+01 2.200000000000000000e+01 8.073592195192098188e+03
