0.000000000000000000e+00 1.000000000000000000e+00 1.872041976729181988e+04
0.000000000000000000e+00 2.000000000000000000e+00 1.130021714826002244e+04
1.000000000000000000e+00 0.000000000000000000e+00 7.352219993758325472e+03
1.000000000000000000e+00 5.000000000000000000e+00 1.580314567896474546e+04
2.000000000000000000e+00 0.000000000000000000e+00 9.062764667966406705e+03
2.000000000000000000e+00 3.000000000000000000e+00 1.443615430107430257e+04
2.000000000000000000e+00 1.100000000000000000e+01 1.784028531709817617e+04
3.000000000000000000e+00 2.000000000000000000e+00 2.071648199096386452e+04
3.000000000000000000e+00 4.000000000000000000e+00 1.755124473283940824e+04
3.000000000000000000e+00 1.000000000000000000e+01 1.145643675741017250e+04
4.000000000000000000e+00 3.000000000000000000e+00 5.336370423481839680e+03
4.000000000000000000e+00 5.000000000000000000e+00 1.031685898712977541e+04
4.000000000000000000e+00 8.000000000000000000e+00 1.244173743541388285e+04
5.000000000000000000e+00 1.000000000000000000e+00 3.635108558311067100e+03
5.000000000000000000e+00 4.000000000000000000e+00 5.990896116710878232e+03
5.000000000000000000e+00 7.000000000000000000e+00 8.388489948049375016e+03
6.000000000000000000e+00 7.000000000000000000e+00 6.132501661495041844e+03
6.000000000000000000e+00 1.700000000000000000e+01 6.369465614196214119e+03
7.000000000000000000e+00 5.000000000000000000e+00 8.357761209570629944e+03
7.000000000000000000e+00 6.000000000000000000e+00 5.673802696987851050e+03
7.000000000000000000e+00 8.000000000000000000e+00 1.147375125063450014e+03
7.000000000000000000e+00 1.500000000000000000e+01 5.193435722259201611e+03
8.000000000000000000e+00 4.000000000000000000e+00 2.452572757015388106e+03
8.000000000000000000e+00 7.000000000000000000e+00 3.411708236009499160e+03
8.000000000000000000e+00 9.000000000000000000e+00 9.103189769108292239e+03
9.000000000000000000e+00 8.000000000000000000e+00 6.058683834345767536e+03
9.000000000000000000e+00 1.000000000000000000e+01 8.907753639487089458e+03
9.000000000000000000e+00 1.400000000000000000e+01 5.770460114956254984e+03
9.000000000000000000e+00 1.500000000000000000e+01 1.056607604648868073e+04
9.000000000000000000e+00 1.600000000000000000e+01 1.265270320399544062e+03
1.000000000000000000e+01 3.000000000000000000e+00 1.468302334570095354e+03
1.000000000000000000e+01 9.000000000000000000e+00 9.500312012613299885e+03
1.000000000000000000e+01 1.100000000000000000e+01 5.420793559212182117e+03
1.000000000000000000e+01 1.300000000000000000e+01 4.219303445837572326e+03
1.100000000000000000e+01 2.000000000000000000e+00 2.832698456255846395e+03
1.100000000000000000e+01 1.000000000000000000e+01 5.923454567527925974e+03
1.100000000000000000e+01 1.200000000000000000e+01 5.442592052605666140e+03
1.200000000000000000e+01 1.100000000000000000e+01 4.156990297553751589e+03
1.200000000000000000e+01 2.300000000000000000e+01 5.530015244319196427e+03
1.300000000000000000e+01 1.000000000000000000e+01 5.683896975168374411e+03
1.300000000000000000e+01 1.400000000000000000e+01 2.303855889869872954e+03
1.300000000000000000e+01 2.200000000000000000e+01 2.517987308822364412e+03
1.400000000000000000e+01 9.000000000000000000e+00 4.528094210443560769e+03
1.400000000000000000e+01 1.300000000000000000e+01 3.593187362062350076e+03
1.400000000000000000e+01 1.800000000000000000e+01 7.008373769392875147e+03
1.400000000000000000e+01 2.100000000000000000e+01 8.275113700695103034e+03
1.500000000000000000e+01 7.000000000000000000e+00 5.523652586273838097e+03
1.500000000000000000e+01 9.000000000000000000e+00 9.108613352998800110e+03
1.500000000000000000e+01 1.600000000000000000e+01 8.312981644544654046e+03
1.500000000000000000e+01 1.700000000000000000e+01 5.604291482441000880e+03
1.600000000000000000e+01 9.000000000000000000e+00 4.861761705797313198e+02
1.600000000000000000e+01 1.500000000000000000e+01 9.303961918448187134e+03
1.600000000000000000e+01 1.800000000000000000e+01 7.072835826785592872e+03
1.700000000000000000e+01 6.000000000000000000e+00 5.468117431332701926e+03
1.700000000000000000e+01 1.500000000000000000e+01 5.293037833727902580e+03
1.700000000000000000e+01 1.900000000000000000e+01 4.334032685612222849e+03
1.800000000000000000e+01 1.400000000000000000e+01 6.695944726355760395e+03
1.800000000000000000e+01 1.600000000000000000e+01 7.349257340885898884e+03
1.800000000000000000e+01 1.900000000000000000e+01 1.996547106125218079e+03
1.900000000000000000e+01 1.700000000000000000e+01 4.869237571629618287e+03
1.900000000000000000e+01 1.800000000000000000e+01 1.960539577188409794e+03
1.900000000000000000e+01 2.000000000000000000e+01 1.878800435886298601e+03
1.900000000000000000e+01 2.100000000000000000e+01 1.908279435442826525e+03
2.000000000000000000e+01 1.900000000000000000e+01 2.220932083490638433e+03
2.000000000000000000e+01 2.100000000000000000e+01 5.385870676462225674e+03
2.000000000000000000e+01 2.300000000000000000e+01 4.954064305798919122e+03
2.100000000000000000e+01 1.400000000000000000e+01 8.663579091445175436e+03
2.100000000000000000e+01 1.900000000000000000e+01 2.029880534935658716e+03
2.100000000000000000e+01 2.000000000000000000e+01 4.764060255489257543e+03
2.100000000000000000e+01 2.200000000000000000e+01 3.119126245777119038e+03
2.200000000000000000e+01 1.300000000000000000e+01 2.757784755977275381e+03
2.200000000000000000e+01 2.100000000000000000e+01 3.071917705063641733e+03
2.200000000000000000e+01 2.300000000000000000e+01 2.021482769054573964e+03
2.300000000000000000e+01 1.200000000000000000e+01 4.273484269300453889e+03
2.300000000000000000e+01 2.000000000000000000e+01 5.918006374376226631e+03
2.300000000000000000e+01 2.200000000000000000e+01 2.278607065512594090e+03
