0.000000000000000000e+00 1.000000000000000000e+00 4.496240464935652199e+03
0.000000000000000000e+00 2.000000000000000000e+00 8.218837250121028774e+03
1.000000000000000000e+00 0.000000000000000000e+00 4.519769403482165217e+03
1.000000000000000000e+00 5.000000000000000000e+00 5.968930471440145084e+03
2.000000000000000000e+00 0.000000000000000000e+00 8.195308311574517575e+03
2.000000000000000000e+00 3.000000000000000000e+00 1.402116127411096568e+04
2.000000000000000000e+00 1.100000000000000000e+01 1.003934313445884072e+04
3.000000000000000000e+00 2.000000000000000000e+00 1.404478624912443956e+04
3.000000000000000000e+00 4.000000000000000000e+00 1.801833224087800045e+04
3.000000000000000000e+00 1.000000000000000000e+01 5.210180759515355930e+03
4.000000000000000000e+00 3.000000000000000000e+00 1.804210659462360127e+04
4.000000000000000000e+00 5.000000000000000000e+00 8.797414981883905057e+03
4.000000000000000000e+00 8.000000000000000000e+00 1.578811734466653979e+04
5.000000000000000000e+00 1.000000000000000000e+00 5.992459409986670835e+03
5.000000000000000000e+00 4.000000000000000000e+00 8.804291260396437792e+03
5.000000000000000000e+00 7.000000000000000000e+00 1.249363972876187654e+04
6.000000000000000000e+00 7.000000000000000000e+00 1.210527968764043362e+04
6.000000000000000000e+00 1.700000000000000000e+01 1.580244894508459038e+04
7.000000000000000000e+00 5.000000000000000000e+00 1.252404494582092047e+04
7.000000000000000000e+00 6.000000000000000000e+00 1.204524917527341313e+04
7.000000000000000000e+00 8.000000000000000000e+00 6.883033200721338289e+03
7.000000000000000000e+00 1.500000000000000000e+01 8.383881716757467075e+03
8.000000000000000000e+00 4.000000000000000000e+00 1.580501541989960606e+04
8.000000000000000000e+00 7.000000000000000000e+00 6.835417782752092535e+03
8.000000000000000000e+00 9.000000000000000000e+00 2.175131810163208502e+04
9.000000000000000000e+00 8.000000000000000000e+00 2.182060075889590735e+04
9.000000000000000000e+00 1.000000000000000000e+01 1.772581962602297062e+04
9.000000000000000000e+00 1.400000000000000000e+01 2.313004391282212964e+04
9.000000000000000000e+00 1.500000000000000000e+01 1.104517887231046006e+04
9.000000000000000000e+00 1.600000000000000000e+01 8.100799871720261763e+03
1.000000000000000000e+01 3.000000000000000000e+00 5.310031380783218992e+03
1.000000000000000000e+01 9.000000000000000000e+00 1.760233356310327508e+04
1.000000000000000000e+01 1.100000000000000000e+01 8.364118074549376615e+03
1.000000000000000000e+01 1.300000000000000000e+01 9.777390347141090388e+03
1.100000000000000000e+01 2.000000000000000000e+00 9.992189220898859276e+03
1.100000000000000000e+01 1.000000000000000000e+01 8.401945314338792741e+03
1.100000000000000000e+01 1.200000000000000000e+01 1.230352760088533068e+04
1.200000000000000000e+01 1.100000000000000000e+01 1.239420092711475809e+04
1.200000000000000000e+01 2.300000000000000000e+01 1.112001113973986685e+04
1.300000000000000000e+01 1.000000000000000000e+01 9.815927665699839054e+03
1.300000000000000000e+01 1.400000000000000000e+01 9.035740513699534858e+03
1.300000000000000000e+01 2.200000000000000000e+01 8.398446286760578005e+03
1.400000000000000000e+01 9.000000000000000000e+00 2.319689560145683572e+04
1.400000000000000000e+01 1.300000000000000000e+01 9.081613271232214174e+03
1.400000000000000000e+01 1.800000000000000000e+01 1.908241323514883697e+04
1.400000000000000000e+01 2.100000000000000000e+01 1.840391231512149534e+04
1.500000000000000000e+01 7.000000000000000000e+00 8.401871839418741729e+03
1.500000000000000000e+01 9.000000000000000000e+00 1.107139887575042303e+04
1.500000000000000000e+01 1.600000000000000000e+01 1.168845064913939495e+04
1.500000000000000000e+01 1.700000000000000000e+01 1.528886766109903510e+04
1.600000000000000000e+01 9.000000000000000000e+00 8.100496899829126050e+03
1.600000000000000000e+01 1.500000000000000000e+01 1.167703243804285557e+04
1.600000000000000000e+01 1.800000000000000000e+01 9.952293851017948327e+03
1.700000000000000000e+01 6.000000000000000000e+00 1.586247945745161269e+04
1.700000000000000000e+01 1.500000000000000000e+01 1.534449599829679391e+04
1.700000000000000000e+01 1.900000000000000000e+01 1.899009585888197762e+04
1.800000000000000000e+01 1.400000000000000000e+01 1.911764557201878779e+04
1.800000000000000000e+01 1.600000000000000000e+01 9.940572668030268687e+03
1.800000000000000000e+01 1.900000000000000000e+01 8.683515630849298759e+03
1.900000000000000000e+01 1.700000000000000000e+01 1.900575470844678421e+04
1.900000000000000000e+01 1.800000000000000000e+01 8.707026784731589942e+03
1.900000000000000000e+01 2.000000000000000000e+01 6.304942549230492659e+03
1.900000000000000000e+01 2.100000000000000000e+01 7.003349781949487806e+03
2.000000000000000000e+01 1.900000000000000000e+01 6.244111458831741402e+03
2.000000000000000000e+01 2.100000000000000000e+01 8.617492903541082342e+03
2.000000000000000000e+01 2.300000000000000000e+01 1.030650244175537409e+04
2.100000000000000000e+01 1.400000000000000000e+01 1.838140442441890627e+04
2.100000000000000000e+01 1.900000000000000000e+01 7.003350875795323191e+03
2.100000000000000000e+01 2.000000000000000000e+01 8.606933870071497950e+03
2.100000000000000000e+01 2.200000000000000000e+01 9.657578894624382883e+03
2.200000000000000000e+01 1.300000000000000000e+01 8.391110847786645536e+03
2.200000000000000000e+01 2.100000000000000000e+01 9.624513064298023892e+03
2.200000000000000000e+01 2.300000000000000000e+01 7.899849573743886140e+03
2.300000000000000000e+01 1.200000000000000000e+01 1.111068446596929425e+04
2.300000000000000000e+01 2.000000000000000000e+01 1.025623038482620541e+04
2.300000000000000000e+01 2.200000000000000000e+01 7.859448304443616507e+03
