i	j	       0	       1	       2	       3	       4	       5	       6	       7	       8	       9	      10	      11	      12	      13	      14	      15	      16	      17	      18	      19	      20	      21	      22	      23
0	1	 2600.28	    0.00	  270.89	  200.02	   16.11	    0.00	    0.01	    0.01	   32.21	   96.64	  200.02	  487.22	  461.74	  100.00	   16.17	    0.01	    0.03	    0.00	    0.02	    0.00	    0.01	    0.06	    0.18	   29.33
0	2	 6199.72	 1157.18	    0.00	    0.00	    0.00	  233.53	  145.07	  247.86	    0.00	    0.00	    0.00	    0.00	    0.00	    0.00	    0.00	   96.37	    0.00	   35.41	    0.00	    0.02	    0.00	    0.00	    0.00	    0.00
1	0	    0.00	 1257.18	    0.00	    0.00	    0.00	  533.50	  645.00	 1047.75	    0.00	    0.00	    0.00	    0.00	    0.00	    0.00	    0.00	  596.30	    0.52	  135.40	    0.02	  299.95	    0.00	    0.01	    0.00	    0.00
1	5	 2500.28	 2742.82	  170.89	    0.03	    0.00	    0.00	    0.00	    0.00	    0.00	    0.00	    0.03	  387.22	  161.74	    0.01	    0.00	    0.00	    0.00	    0.00	    0.00	    0.00	    0.01	    0.02	    0.18	   29.33
2	0	    0.00	    0.00	  370.89	  700.02	  216.11	    0.03	    0.07	    0.12	  532.21	 1396.64	  700.02	  687.22	  961.74	  400.00	  516.17	    0.08	  399.51	    0.01	  300.00	    0.07	  100.00	  400.05	  300.18	  129.33
2	3	 4499.26	  656.94	 1928.95	    0.00	    0.00	    0.00	    0.00	    0.00	    0.00	    0.00	    0.00	 3863.31	 2547.34	    0.07	    0.00	    0.00	    0.00	    0.00	    0.00	    0.00	  202.55	    0.11	    2.15	  470.22
2	11	 1600.46	  400.24	  500.16	 1602.35	  499.92	  500.46	  795.40	 1200.00	 1399.68	  656.81	    0.38	    0.00	    0.00	    0.08	   49.48	  519.62	  185.25	  199.43	   21.21	    0.08	    0.00	    0.00	    0.00	    0.00
3	2	    0.00	    0.00	    0.00	 2502.37	  816.03	  566.96	  750.41	 1152.26	 2031.89	 2353.38	  999.63	    0.00	    0.00	  499.66	  665.59	  623.33	  684.74	  164.03	  321.20	    0.11	    0.01	    0.08	    0.06	    0.01
3	4	 3197.94	  156.76	 1328.73	 6697.38	    0.00	    0.00	    0.00	    0.00	    0.00	    0.41	  905.43	 3263.05	 1947.12	  200.02	    0.11	    0.00	    0.05	    0.00	    0.03	    0.01	    2.60	    0.08	  199.77	  270.23
3	10	  801.33	  300.22	  400.21	 2400.26	  699.81	  599.69	    0.63	    4.47	    0.05	    0.13	    0.00	    0.26	    0.23	    0.05	    0.05	    0.09	    0.03	    0.01	    0.01	    0.02	    0.01	    0.04	    0.04	    0.02
4	3	    0.00	    0.04	    0.00	    0.00	 2015.83	 1566.66	 1151.04	 1856.73	 2731.94	 3551.50	    0.00	    0.00	    0.00	    0.00	 1163.54	 1423.42	 1184.26	  264.04	  520.31	  300.07	    0.02	  398.97	    0.00	    0.00
4	5	    0.00	    0.00	  529.25	 2162.82	 1279.10	    0.00	    0.01	    0.03	  567.90	 1303.31	  404.52	 1472.58	  526.95	  100.03	  283.49	    0.03	    0.03	    0.00	    0.11	    0.01	    0.01	    0.02	   99.77	   70.66
4	8	 2997.94	  899.63	  699.48	 4034.56	 2805.07	 1399.87	    0.02	    0.08	    0.00	    0.00	    0.91	 1590.47	 1220.16	    0.00	    0.00	    0.05	    0.00	    0.01	    0.00	    0.02	    0.01	    0.00	    0.00	  199.57
5	1	    0.00	    0.00	    0.00	    0.01	   83.89	  933.50	  845.00	 1447.74	  167.79	  503.36	    0.01	    0.00	    0.00	    0.01	   83.83	  996.29	  200.49	  135.40	  100.00	  399.95	    0.00	   99.98	    0.00	    0.00
5	4	    0.00	  842.90	    0.00	    0.00	    0.00	 3166.52	 1039.43	 1799.27	    0.00	    0.00	    0.00	    0.00	    0.00	    0.00	    0.00	 1447.50	    0.34	  201.52	    0.02	  305.54	    0.08	    0.00	    0.00	    0.00
5	7	 2200.28	 1499.92	  400.15	 1762.84	  995.21	 3499.98	    0.00	    0.00	    0.12	    0.05	    4.54	 1659.80	  488.69	    0.03	    0.00	    0.00	    0.00	    0.00	    0.00	    0.00	    0.00	    0.00	    0.00	    0.00
6	7	    0.00	    0.00	    0.00	    0.00	    0.00	    0.00	 4200.32	    0.00	    0.00	    0.00	    0.00	    0.00	    0.00	  399.90	  600.17	  361.72	  132.35	  999.50	  999.64	 2599.62	  500.20	  799.94	  300.03	  200.00
6	17	  434.26	  341.07	   10.66	  441.52	  126.08	  996.03	 7899.68	 4546.49	  833.34	    0.17	    0.14	  225.68	    0.03	    0.00	    0.00	    0.00	    0.02	    0.00	    0.00	    0.00	    0.00	    0.00	    0.00	    0.00
7	5	    0.00	    0.00	    0.00	    0.00	    0.00	    0.00	 2284.41	 4046.98	    0.00	    0.10	    0.00	    0.00	    0.00	    0.00	    0.34	 3343.76	  700.79	  436.92	  299.91	 1005.48	  100.07	  299.93	    0.05	    0.01
7	6	  934.26	  541.07	  110.66	  841.52	  326.08	 1396.03	    0.00	 5546.49	 1433.29	    3.29	    1.35	  925.68	    1.61	    0.00	    0.00	    0.00	    0.09	    0.00	    0.00	    0.00	    0.00	    0.00	    0.00	    0.00
7	8	    0.00	    0.00	    0.00	    0.00	    0.00	    0.00	  915.91	 3752.96	    0.00	    0.00	    0.00	    0.00	    0.00	    0.00	    0.00	 1245.96	    0.09	  262.67	    0.00	  694.41	    0.16	    0.07	    0.00	    0.00
7	15	  466.08	  558.88	  174.56	  693.18	  433.22	 1304.02	    0.00	 3353.57	  927.46	    0.00	    0.05	  480.89	    0.24	    0.00	    0.00	    0.00	    0.00	    0.00	    0.00	    0.00	    0.00	    0.00	    0.00	    0.00
8	4	    0.00	    0.00	    0.00	    0.00	    0.00	    0.00	  311.64	  557.56	 4099.84	 5854.40	    0.00	    0.00	    0.00	    0.00	 1646.92	  475.99	 1383.91	   62.53	  620.37	   94.54	   97.36	  598.91	    0.00	    0.00
8	7	    0.06	    0.03	   85.07	  471.86	  264.09	    0.07	    0.00	    0.00	 3160.64	 1603.13	  796.85	  346.77	  113.17	    0.00	    0.00	    0.00	    0.18	    0.00	    0.00	    0.00	    0.00	    0.00	    0.00	    0.00
8	9	 2497.87	  699.59	  514.41	 2862.70	 1740.98	  999.79	    4.33	 2395.47	 8939.52	    0.00	    0.00	  643.94	  507.20	    0.00	    0.00	    0.19	    0.00	    0.16	    0.00	    0.00	    0.00	    0.00	    0.00	    0.00
9	8	    0.00	    0.00	    0.00	    0.00	    0.00	    0.00	    0.04	    0.00	    0.00	10257.53	 2195.94	    0.23	    0.20	  600.00	 2646.92	  630.18	 2284.00	    0.01	 1020.37	    0.12	  397.18	 1298.84	  500.00	    0.43
9	10	    0.00	    0.00	    0.00	    0.00	    0.00	    0.00	  499.32	  795.55	 1704.75	 8371.10	    0.00	    0.00	    0.00	    0.00	 1299.36	 1580.05	 1914.96	  199.98	  429.82	  427.10	    1.80	  487.68	    0.00	    0.00
9	14	  799.38	   99.95	   99.92	 1098.82	  500.31	  199.90	    0.00	    0.00	 3095.45	14566.35	 1882.46	  655.86	  197.31	    0.00	    0.00	    0.00	    0.64	    0.00	    0.00	    0.00	    0.00	    0.00	    0.00	    0.00
9	15	    0.00	    0.00	   14.77	   65.31	   40.82	    0.00	    0.00	    0.00	  439.45	 8104.20	 2188.81	  191.95	    0.09	    0.00	    0.00	    0.00	    0.00	    0.00	    0.00	    0.00	    0.00	    0.00	    0.00	    0.00
9	16	  399.56	    0.01	   99.99	  499.86	  199.97	    0.03	    0.07	    0.09	  899.86	 3900.82	  999.93	  599.90	  499.92	    0.08	    0.10	    0.09	    0.00	    0.04	    0.06	    0.11	    0.04	    0.11	    0.04	    0.02
10	3	    0.00	    0.00	    0.00	    0.00	    0.00	    0.00	    0.00	    0.00	    0.00	    2.42	 3405.07	    0.00	    0.00	 1199.67	    2.21	    0.00	    0.56	    0.00	    0.93	    0.07	    0.05	    1.12	  697.72	    0.04
10	9	    1.06	    0.33	    0.28	    1.29	    0.12	    0.08	    0.00	    0.00	    0.00	    0.00	11167.14	 2804.01	 2090.32	 1120.21	    0.00	    0.00	    0.00	    0.00	    0.00	    0.00	    0.12	    0.26	  350.45	   52.48
10	11	    0.00	    0.00	    0.00	    0.00	    0.00	    0.00	    0.00	    0.00	    0.09	 3243.26	 2401.20	    0.00	    0.00	  705.31	  653.88	  180.41	  914.73	    0.04	  280.22	    0.11	    0.09	    0.20	    0.15	    0.05
10	13	  300.81	  100.04	  100.11	  999.03	  199.70	  199.67	    0.00	    0.02	  304.71	 1125.55	 5326.59	 1044.48	  105.42	    0.00	    0.00	    0.00	    0.03	    0.00	    0.00	    0.00	    0.00	    0.00	    0.00	    0.00
11	2	    0.00	    0.00	    0.00	    0.00	    0.00	    0.00	    0.00	    0.00	    0.00	    0.07	    0.77	 4750.53	 3609.08	    0.49	    0.06	    0.00	    0.02	    0.00	    0.01	    0.02	  302.54	  500.07	  402.27	  599.54
11	10	    0.55	    0.16	    0.18	    0.06	    0.02	    0.05	    0.00	    0.00	    0.00	    0.00	    0.00	 5248.24	 3195.52	    0.00	    0.00	    0.00	    0.00	    0.00	    0.00	    0.00	    0.03	    0.00	    0.00	    0.49
11	12	 1399.92	  300.08	  299.98	 1002.28	  299.90	  300.41	   95.46	  600.00	  799.76	 1900.00	 1000.82	 3901.24	    0.00	    5.01	    3.32	    0.57	  499.96	    0.02	    1.42	    0.09	    0.06	    0.13	    0.08	    0.00
12	11	    0.00	    0.00	    0.00	    0.00	    0.00	    0.00	    0.06	    0.00	    0.00	    0.00	    0.00	    0.00	 8104.60	    0.11	    0.02	    0.54	    0.00	    0.55	    0.01	  499.92	  602.54	 1200.00	 1102.20	 1099.97
12	23	  899.92	    0.08	  199.98	  402.28	   99.90	  100.41	    0.00	    0.00	  199.76	    0.00	    0.82	 2601.24	 6495.40	    0.00	    0.00	    0.00	    0.00	    0.00	    0.00	    0.00	    0.00	    0.00	    0.00	    0.00
13	10	    0.00	    0.00	    0.00	    0.00	    0.00	    0.00	    0.05	    0.00	    0.00	    0.00	    0.00	    0.00	    0.00	 4625.13	  756.68	    0.27	    0.33	    0.05	  251.32	  173.06	  398.42	  613.86	 2348.28	  652.06
13	14	    0.70	    0.04	    0.10	    0.86	    0.04	    0.05	    0.00	    0.00	    0.00	    0.00	 1053.49	  344.22	  165.52	 6234.25	    0.00	    0.00	    0.00	    0.00	    0.00	    0.00	    0.00	    0.00	 1106.64	  113.78
13	22	    0.12	    0.01	    0.02	  498.19	   99.67	   99.62	    0.00	    0.00	  191.03	  795.48	 2673.15	    0.28	    0.34	 3240.63	  427.08	    0.00	  216.32	    0.00	  133.01	    0.00	    0.00	    0.00	    0.00	    0.00
14	9	    0.00	    0.00	    0.00	    0.00	    0.00	    0.00	    0.00	    0.00	    0.00	    0.00	    0.00	    0.00	    0.00	 1579.88	 7946.38	    0.24	    0.68	    0.04	 3250.08	 1767.01	 1598.91	 4386.37	 1949.59	  747.98
14	13	    0.00	    0.00	    0.00	    0.00	    0.01	    0.00	  199.77	  399.54	  486.32	 1769.92	    0.00	    0.00	    0.00	    0.00	 2483.76	  699.62	  916.62	   99.88	  684.32	  672.19	    1.02	  664.19	    0.00	    0.00
14	18	  300.08	    0.11	    0.02	  200.12	  100.02	    0.19	    0.01	    0.02	  400.12	 3191.95	  809.78	  300.13	  300.14	 2895.21	 5900.15	    0.04	    0.33	    0.01	    0.00	    0.04	  632.03	 2899.93	  899.99	  289.96
14	21	    0.00	    0.00	    0.00	  399.56	  200.33	    0.00	    0.00	    0.00	 1309.01	 5604.48	  726.17	    0.00	    0.00	  459.16	 5069.71	    0.19	 2481.53	    0.00	 2089.51	    0.00	    0.00	    0.00	    0.00	    0.00
15	7	    0.00	    0.00	    0.00	    0.00	    0.00	    0.00	    0.00	    0.00	    0.00	    0.22	    0.00	    0.00	    0.00	    0.07	    0.17	 6428.01	 1968.44	    0.09	    0.27	    0.27	    0.04	    0.06	    0.02	    0.02
15	9	    0.00	    0.04	    0.00	    0.00	    0.00	    0.06	 2394.95	    0.17	    0.00	    0.00	    0.00	    0.00	    0.00	    0.00	    0.00	 6608.30	    0.46	  899.69	    0.16	 1159.96	    0.00	    0.00	    0.00	    0.00
15	16	    0.38	  199.98	    0.01	    0.05	    0.02	  500.00	 1000.25	 1400.18	    0.09	    0.41	    0.07	    0.04	    0.00	    0.00	    0.00	 5943.74	    0.00	  600.19	    0.00	 1592.20	  308.68	    0.00	    0.00	  103.68
15	17	    0.03	    0.02	    0.00	    0.03	    0.01	    0.06	    0.00	    0.29	    0.16	 3705.29	  789.09	    0.06	    0.00	    0.02	    0.12	 7119.95	 3720.71	    0.00	    0.12	    0.00	    0.00	    0.00	    0.00	    0.00
16	9	    0.00	    0.00	    0.00	    0.00	    0.00	    0.00	    0.15	    0.00	    0.00	    0.00	    0.00	    0.00	    0.00	    0.00	    0.00	    1.58	 8098.46	    0.13	    0.00	    0.36	    0.00	    0.00	    0.00	    0.00
16	15	    0.00	    0.00	    0.02	    0.00	    0.00	    0.00	    0.00	    0.00	    0.00	    1.42	    0.21	    0.07	    0.06	  687.06	 1179.80	    0.00	 8489.52	    0.00	 1278.40	    0.00	    0.04	    0.09	    0.04	    0.02
16	18	    0.02	    0.01	    0.00	    0.01	    0.01	    0.03	    0.17	    0.28	    0.03	    0.13	    0.00	    0.00	    0.00	    0.00	    0.00	 3142.26	 6812.02	    0.09	    0.00	    0.00	    0.00	    0.00	    0.00	    0.00
17	6	    0.00	    0.00	    0.00	    0.00	    0.00	    0.00	    0.00	    0.00	    0.04	 1896.88	  498.80	    0.00	  398.42	  599.90	 1100.17	 1761.72	 1132.28	 1199.50	 1399.64	 3099.62	  700.20	 1299.94	  500.03	  300.00
17	15	   34.33	   41.17	   10.66	   41.59	   26.00	   96.09	 4795.20	  247.08	   33.34	    0.29	    0.09	   27.19	  599.61	   13.03	   20.49	    0.00	    0.09	 1999.97	   22.15	 4352.43	  908.68	 1199.97	  499.99	  403.68
17	19	  299.96	  299.93	    0.00	  299.96	  100.09	  800.00	 2904.48	 3999.71	  600.12	 1108.46	  190.35	    0.01	    0.00	    0.00	    0.00	 4858.23	 1988.47	 1600.53	    0.00	    0.00	    0.00	    0.00	    0.00	    0.00
18	14	    0.00	    0.13	    0.00	    0.00	    0.00	    0.25	  699.73	  999.49	    0.00	    0.00	    0.00	    0.00	    0.00	    0.00	    0.00	 1899.95	 4898.52	  299.91	 6823.91	 3538.87	    0.13	    0.31	    0.13	    0.06
18	16	    0.08	    0.02	    0.02	    0.10	    0.02	    0.00	    0.00	    0.00	    0.07	    0.32	    0.21	    0.13	    0.14	 1386.98	 2679.70	    0.00	    0.00	    0.00	 2978.35	  108.05	  291.32	 1699.97	  600.00	  196.32
18	19	    0.01	    0.00	    0.00	    0.03	    0.01	    0.02	    0.00	    0.00	    0.08	 1391.76	  409.57	    0.00	    0.00	 1208.24	 2420.45	    0.00	  213.83	    0.00	 2997.74	    0.00	    0.00	    0.00	    0.00	    0.00
19	17	    0.00	    0.00	    0.00	    0.00	    0.00	    0.00	    0.00	    0.00	    0.00	    0.17	    0.01	    1.47	 1097.99	  712.91	 1320.54	    0.00	    0.11	    0.00	 1721.67	 7852.05	 1708.88	 2799.92	 1100.02	  703.67
19	18	    0.00	  100.02	    0.00	    0.00	    0.00	  200.05	 1099.55	 1699.19	    0.00	    0.00	    0.00	    0.00	    0.00	    0.01	    0.00	   57.65	    0.00	  599.81	    0.00	 4846.88	   59.41	    0.35	    0.14	    6.42
19	20	    0.00	    0.00	    0.00	    0.01	    0.04	  100.01	  604.94	  600.49	    0.08	    0.04	    0.01	    0.01	    0.02	    0.01	    0.03	 1500.67	  501.86	  200.70	   76.15	 2700.97	    0.00	    0.06	    0.02	    0.02
19	21	    0.00	   99.91	    0.00	    0.01	    0.07	  199.96	  699.99	  800.03	    0.12	    0.17	    0.04	    0.00	    0.00	    0.00	    0.13	 1699.91	    0.37	  400.02	    0.06	 3100.10	    0.14	    0.00	    0.00	    0.00
20	19	    0.00	    0.00	    0.00	    0.00	    0.00	    0.00	    0.00	    0.00	    0.00	    0.08	    0.02	  401.38	 1697.86	    0.06	    0.13	    0.00	    0.06	    0.00	    0.14	    0.00	 2968.43	    0.19	    3.84	 1109.86
20	21	  263.36	    0.07	   65.84	    0.31	    0.00	    0.01	    0.05	    0.07	    0.00	    0.00	    0.00	  460.92	 1298.63	    0.00	    0.00	    0.15	    0.00	    0.03	    0.00	    0.34	 4834.76	    0.00	    0.07	 1633.32
20	23	    0.00	    0.00	    0.00	    0.00	    0.00	    0.01	  404.89	  200.42	    0.18	  493.33	    0.00	    0.00	    0.00	    0.00	  694.20	  900.59	  209.38	  100.67	  258.04	 1500.63	 3196.81	 2364.59	    0.00	    0.00
21	14	    0.00	    0.00	    0.00	    0.00	    0.00	    0.00	    0.05	    0.08	    0.00	    0.00	    0.00	    0.04	  637.31	    0.00	    0.00	    0.15	    0.00	    0.03	    0.00	    0.37	 3031.83	10550.19	 2742.81	 1324.09
21	19	    0.03	    0.00	    0.00	    0.03	    0.00	    0.00	    0.00	    0.00	    0.00	    0.08	    0.12	    0.08	    0.15	    4.63	    0.12	    0.00	    0.00	    0.00	    0.00	    0.00	    0.00	 5200.14	 1796.34	    0.24
21	20	    0.01	    0.00	    0.00	    0.02	    0.46	    0.00	    0.00	    0.00	  300.10	 1693.38	    1.82	    0.03	    0.06	    0.79	 1494.31	    0.06	  307.57	    0.00	  582.03	    0.00	    0.00	 4164.72	    1.13	    0.00
21	22	    0.00	    0.00	    0.00	    0.00	    0.00	    0.01	  199.99	  300.03	  309.02	 1311.19	    0.00	    0.00	    0.00	    0.00	  975.42	  500.04	  474.34	  100.02	  307.55	  700.06	    3.07	 4484.95	    0.00	    0.00
22	13	    0.01	    0.00	    0.00	    0.02	    0.00	    0.00	    0.28	    0.44	    0.00	    0.00	    0.05	    0.02	  660.44	    0.00	    0.00	    0.65	    0.00	    0.17	    0.01	    0.87	  797.39	 1149.67	 4554.92	 1165.85
22	21	  136.68	    0.02	   34.16	    0.17	    0.06	    0.04	    0.00	    0.00	    0.00	    0.00	  375.73	  239.24	  638.89	  746.26	    0.00	    0.00	    0.00	    0.00	    0.00	    0.00	    0.00	    0.00	 6640.21	  791.02
22	23	    0.01	    0.00	    0.00	    0.02	    0.00	    0.01	    0.03	    0.07	    0.05	  306.67	  997.47	    0.05	    0.00	 1394.37	  402.50	    0.20	   90.66	    0.02	  140.55	    0.33	    0.10	 1235.35	 3304.87	    0.00
23	12	    0.00	    0.00	    0.00	    0.00	    0.00	    0.00	  304.60	    0.00	    0.00	    0.00	    0.00	    0.00	    0.00	  595.11	  696.70	  599.97	    0.04	  100.53	  298.59	 1099.83	 1202.48	 2499.87	 1902.12	 1799.97
23	20	  363.34	    0.06	   65.84	  200.28	   99.50	    0.01	    0.00	    0.00	    0.00	    0.00	  398.18	 1162.26	 3596.41	  399.26	    0.00	    0.00	    0.00	    0.00	    0.00	    0.00	    0.00	    0.00	  702.75	 3243.16
23	22	  436.58	    0.02	  134.14	    2.02	    0.40	    0.42	    0.32	    0.49	    0.00	    0.00	    0.10	  939.03	 2098.99	    0.00	    0.00	    0.81	    0.00	    0.16	    0.00	    1.13	 1494.42	    0.07	    0.00	 2656.87
