i	j	       0	       1	       2	       3	       4	       5	       6	       7	       8	       9	      10	      11	      12	      13	      14	      15	      16	      17	      18	      19	      20	      21	      22	      23
0	1	 2600.39	    0.00	  266.32	  200.02	   17.09	    0.00	    0.01	    0.02	   34.17	  102.93	  200.02	  467.53	  461.18	  100.01	   17.09	    0.02	    0.03	    0.00	    0.02	    0.00	    0.01	    0.11	    0.15	   29.32
0	2	 6199.61	 1157.44	    0.00	    0.00	    0.00	  237.02	  134.05	  233.53	    0.00	    0.00	    0.00	    0.00	    0.00	    0.00	    0.00	  125.40	    0.00	   33.29	    0.00	    0.02	    0.00	    0.00	    0.00	    0.00
1	0	    0.00	 1257.44	    0.00	    0.00	    0.00	  537.02	  634.03	 1033.50	    0.00	    0.00	    0.00	    0.00	    0.00	    0.00	    0.00	  625.38	    0.23	  133.28	    0.03	  300.01	    0.00	    0.02	    0.00	    0.00
1	5	 2500.39	 2742.56	  166.32	    0.04	    0.00	    0.00	    0.00	    0.00	    0.00	    0.00	    0.04	  367.53	  161.18	    0.01	    0.00	    0.00	    0.00	    0.00	    0.00	    0.00	    0.01	    0.03	    0.15	   29.32
2	0	    0.00	    0.00	  366.32	  700.02	  217.09	    0.00	    0.03	    0.05	  534.17	 1402.93	  700.02	  667.53	  961.18	  400.01	  517.09	    0.03	  399.80	    0.00	  300.00	    0.02	  100.01	  400.09	  300.15	  129.32
2	3	 4499.17	  657.17	 1933.44	    0.00	    0.00	    0.00	    0.00	    0.00	    0.00	    0.00	    0.00	 3762.55	 2494.38	    0.08	    0.00	    0.00	    0.00	    0.00	    0.00	    0.00	  203.53	    0.18	    2.08	  470.39
2	11	 1600.44	  400.26	  500.24	 1601.89	  402.57	  500.44	  772.65	 1200.00	 1399.73	  665.67	    0.29	    0.00	    0.00	    0.07	   51.93	  531.40	  187.74	  199.52	   22.26	    0.06	    0.00	    0.00	    0.00	    0.00
3	2	    0.00	    0.00	    0.00	 2501.91	  719.65	  563.43	  738.63	 1166.52	 2033.90	 2368.60	  999.63	    0.00	    0.00	  499.69	  668.97	  606.03	  687.54	  166.24	  322.26	    0.06	    0.01	    0.06	    0.04	    0.01
3	4	 3197.71	  157.10	 1333.29	 6697.17	    0.00	    0.00	    0.00	    0.00	    0.00	    0.19	  904.50	 3162.20	 1894.13	  200.01	    0.06	    0.00	    0.02	    0.00	    0.04	    0.00	    3.59	    0.04	  199.85	  270.40
3	10	  801.46	  300.12	  400.15	 2400.91	  699.90	  599.73	    0.06	    6.70	    0.05	    0.15	    0.00	    0.34	    0.24	    0.06	    0.05	    0.11	    0.04	    0.02	    0.02	    0.02	    0.02	    0.04	    0.05	    0.02
4	3	    0.00	    0.04	    0.00	    0.00	 1919.55	 1563.16	 1138.70	 1873.22	 2733.96	 3565.92	    0.00	    0.00	    0.00	    0.00	 1167.49	 1406.14	 1186.75	  266.26	  521.64	  300.05	    0.04	  399.03	    0.00	    0.00
4	5	    0.00	    0.00	  529.24	 2133.03	 1261.42	    0.00	    0.02	    0.03	  565.96	 1297.02	  404.33	 1473.39	  578.63	  100.02	  282.67	    0.03	    0.04	    0.00	    0.04	    0.01	    0.02	    0.00	   99.85	   70.67
4	8	 2997.71	  899.72	  704.05	 4064.15	 2919.03	 1399.91	    0.02	    0.09	    0.00	    0.00	    0.16	 1488.81	 1115.50	    0.00	    0.00	    0.05	    0.00	    0.01	    0.00	    0.02	    0.01	    0.00	    0.00	  199.73
5	1	    0.00	    0.00	    0.00	    0.02	   82.91	  937.02	  834.02	 1433.48	  165.83	  497.07	    0.02	    0.00	    0.00	    0.01	   82.91	 1025.37	  200.20	  133.28	  100.00	  400.00	    0.00	   99.94	    0.00	    0.00
5	4	    0.00	  842.66	    0.00	    0.00	    0.00	 3163.07	 1023.69	 1798.37	    0.00	    0.00	    0.00	    0.00	    0.00	    0.00	    0.00	 1471.74	    0.07	  201.75	    0.03	  303.14	    0.01	    0.00	    0.00	    0.00
5	7	 2200.39	 1499.90	  395.56	 1733.05	  978.51	 3499.91	    0.00	    0.00	    0.13	    0.06	    4.36	 1640.92	  539.81	    0.02	    0.00	    0.00	    0.00	    0.00	    0.00	    0.00	    0.00	    0.00	    0.00	    0.00
6	7	    0.00	    0.00	    0.00	    0.00	    0.00	    0.00	 4174.76	    0.00	    0.00	    0.00	    0.00	    0.00	    0.00	  399.93	  599.73	  388.38	  143.28	  999.48	  999.16	 2599.64	  499.98	  799.92	  299.98	  199.99
6	17	  430.33	  336.30	    8.36	  432.83	  120.58	  984.89	 7925.24	 4517.49	  825.17	    0.20	    0.12	  219.53	    0.03	    0.00	    0.00	    0.00	    0.02	    0.00	    0.00	    0.00	    0.00	    0.00	    0.00	    0.00
7	5	    0.00	    0.00	    0.00	    0.00	    0.00	    0.00	 2257.69	 4031.82	    0.00	    0.12	    0.00	    0.00	    0.00	    0.00	    0.24	 3397.07	  700.22	  435.03	  299.99	 1003.13	   99.99	  299.91	    0.00	    0.01
7	6	  930.33	  536.30	  108.36	  832.83	  320.58	 1384.89	    0.00	 5517.49	 1425.12	    3.88	    1.82	  919.53	   62.09	    0.00	    0.00	    0.00	    0.10	    0.00	    0.00	    0.00	    0.00	    0.00	    0.00	    0.00
7	8	    0.00	    0.00	    0.00	    0.00	    0.00	    0.00	  917.06	 3768.11	    0.00	    0.00	    0.00	    0.00	    0.00	    0.00	    0.00	 1233.05	    0.00	  264.55	    0.00	  696.79	    0.03	    0.07	    0.00	    0.00
7	15	  470.14	  563.64	  172.07	  685.77	  428.58	 1315.11	    0.00	 3382.58	  887.65	    0.00	    0.05	  479.82	    0.27	    0.00	    0.00	    0.00	    0.00	    0.00	    0.00	    0.00	    0.00	    0.00	    0.00	    0.00
8	4	    0.00	    0.00	    0.00	    0.00	    0.00	    0.00	  315.05	  574.97	 4099.92	 5862.75	    0.00	    0.00	    0.00	    0.00	 1650.10	  434.49	 1386.70	   64.52	  621.62	   96.95	   96.46	  598.99	    0.00	    0.00
8	7	    0.07	    0.04	   84.88	  485.56	  270.65	    0.09	    0.00	    0.00	 3112.63	 1603.19	  797.52	  358.43	  122.55	    0.00	    0.00	    0.00	    0.21	    0.00	    0.00	    0.00	    0.00	    0.00	    0.00	    0.00
8	9	 2497.64	  699.68	  519.17	 2878.59	 1848.38	  999.83	    2.09	 2393.23	 8987.45	    0.00	    0.00	  530.43	  393.00	    0.00	    0.00	    0.23	    0.00	    0.06	    0.00	    0.00	    0.00	    0.00	    0.00	    0.00
9	8	    0.00	    0.00	    0.00	    0.00	    0.00	    0.00	    0.05	    0.00	    0.00	10265.94	 2197.35	    0.05	    0.05	  600.00	 2650.10	  601.62	 2286.92	    0.02	 1021.62	    0.14	  396.42	 1298.92	  500.00	    0.27
9	10	    0.00	    0.00	    0.00	    0.00	    0.00	    0.00	  499.94	  793.32	 1712.87	 8394.51	    0.00	    0.00	    0.00	    0.00	 1283.10	 1567.74	 1912.70	  199.98	  424.68	  428.03	    1.55	  508.25	    0.00	    0.00
9	14	  799.27	   99.92	   99.91	 1098.57	  597.66	  199.94	    0.00	    0.00	 3087.46	14616.73	 1874.79	  649.93	    5.53	    0.00	    0.00	    0.00	    0.75	    0.00	    0.00	    0.00	    0.00	    0.00	    0.00	    0.00
9	15	    0.00	    0.00	   19.58	   81.41	   50.88	    0.00	    0.00	    0.00	  487.28	 8022.25	 2185.23	  200.23	    0.38	    0.00	    0.00	    0.00	    0.00	    0.00	    0.00	    0.00	    0.00	    0.00	    0.00	    0.00
9	16	  399.48	    0.02	   99.98	  499.91	  199.96	    0.04	    0.08	    0.11	  899.84	 3900.58	 1000.04	  599.97	  499.78	    0.09	    0.12	    0.11	    0.00	    0.05	    0.07	    0.13	    0.05	    0.13	    0.05	    0.02
10	3	    0.00	    0.00	    0.00	    0.00	    0.00	    0.00	    0.00	    0.00	    0.00	    3.02	 3404.13	    0.00	    0.00	 1199.68	    1.59	    0.00	    0.85	    0.00	    0.67	    0.03	    0.05	    0.94	  697.86	    0.04
10	9	    1.11	    0.20	    0.30	    1.30	    0.13	    0.08	    0.00	    0.00	    0.00	    0.00	11157.42	 2919.74	 2012.74	 1062.51	    0.00	    0.00	    0.00	    0.00	    0.00	    0.00	    0.13	    0.00	  376.89	   71.34
10	11	    0.00	    0.00	    0.00	    0.00	    0.00	    0.00	    0.00	    0.00	    0.10	 3234.40	 2401.32	    0.00	    0.00	  718.36	  652.09	  168.13	  912.20	    0.02	  279.45	    0.05	    0.03	    0.07	    0.16	    0.05
10	13	  300.86	  100.11	  100.11	  999.69	  199.79	  199.71	    0.00	    0.02	  312.83	 1157.24	 5337.13	 1050.34	   18.82	    0.00	    0.00	    0.00	    0.04	    0.00	    0.00	    0.00	    0.00	    0.00	    0.00	    0.00
11	2	    0.00	    0.00	    0.00	    0.00	    0.00	    0.00	    0.00	    0.00	    0.00	    0.00	    0.68	 4630.08	 3555.55	    0.47	    0.05	    0.00	    0.00	    0.00	    0.00	    0.00	  303.53	  500.21	  402.18	  599.70
11	10	    0.51	    0.19	    0.26	    0.08	    0.02	    0.07	    0.00	    0.00	    0.00	    0.00	    0.00	 5369.74	 3031.33	    0.00	    0.00	    0.00	    0.00	    0.00	    0.00	    0.00	    0.24	    0.00	    0.00	    0.50
11	12	 1399.92	  300.07	  299.98	 1001.82	  202.54	  300.38	   72.65	  600.00	  799.83	 1900.08	 1000.93	 3900.18	    0.00	   18.39	    4.00	    0.51	  499.94	    0.01	    1.72	    0.00	    0.00	    0.00	    0.08	    0.00
12	11	    0.00	    0.00	    0.00	    0.00	    0.00	    0.00	    0.00	    0.00	    0.00	    0.00	    0.00	    0.00	 7886.88	    0.43	    0.03	    0.98	    0.00	    0.47	    0.01	  499.88	  603.73	 1200.13	 1102.11	 1100.15
12	23	  899.92	    0.07	  199.98	  401.82	    2.54	  100.38	    0.00	    0.00	  199.83	    0.08	    0.93	 2600.18	 6713.12	    0.00	    0.00	    0.00	    0.00	    0.00	    0.00	    0.00	    0.00	    0.00	    0.00	    0.00
13	10	    0.00	    0.00	    0.00	    0.00	    0.00	    0.00	    0.00	    0.00	    0.00	    0.00	    0.00	    0.00	    0.00	 4580.48	  770.53	    0.28	    0.35	    0.02	  255.42	  172.03	  398.40	  592.72	 2374.86	  670.91
13	14	    0.76	    0.10	    0.10	    0.70	    0.05	    0.05	    0.00	    0.00	    0.00	    0.00	 1033.88	  350.13	   85.05	 6314.49	    0.00	    0.00	    0.00	    0.00	    0.00	    0.00	    0.00	    0.00	 1150.50	  100.98
13	22	    0.12	    0.01	    0.02	  499.01	   99.75	   99.66	    0.00	    0.00	  193.47	  804.15	 2703.31	    0.24	    0.36	 3205.03	  435.73	    0.00	  220.64	    0.00	  136.13	    0.00	    0.00	    0.00	    0.00	    0.00
14	9	    0.00	    0.00	    0.00	    0.00	    0.00	    0.00	    0.00	    0.00	    0.00	    0.00	    0.00	    0.00	    0.00	 1637.59	 7933.32	    0.28	    0.80	    0.05	 3246.18	 1720.59	 1597.89	 4407.30	 1923.16	  728.96
14	13	    0.00	    0.00	    0.00	    0.00	    0.00	    0.00	  199.58	  399.16	  480.64	 1746.91	    0.06	    0.00	    0.00	    0.00	 2506.26	  699.89	  920.95	   99.79	  691.53	  670.50	    0.60	  664.79	    0.00	    0.00
14	18	  300.03	    0.05	    0.01	  200.07	  100.03	    0.07	    0.02	    0.03	  400.38	 3274.10	  812.32	  300.06	  284.42	 2896.99	 5899.84	    0.05	    0.39	    0.01	    0.00	    0.05	  554.42	 2899.92	  899.98	  259.82
14	21	    0.00	    0.00	    0.00	  399.20	  297.67	    0.00	    0.00	    0.00	 1306.44	 5595.72	  696.28	    0.00	    0.00	  479.91	 5060.58	    0.22	 2480.43	    0.00	 2086.31	    0.00	    0.00	    0.00	    0.00	    0.00
15	7	    0.00	    0.00	    0.00	    0.00	    0.00	    0.00	    0.00	    0.00	    0.00	    0.75	    0.00	    0.00	    0.00	    0.05	    0.52	 6441.73	 1956.83	    0.10	    0.83	    0.27	    0.04	    0.07	    0.03	    0.02
15	9	    0.00	    0.05	    0.00	    0.00	    0.00	    0.07	 2397.81	    0.20	    0.00	    0.00	    0.00	    0.00	    0.00	    0.00	    0.00	 6568.04	    0.54	  899.79	    0.18	 1207.32	    0.00	    0.00	    0.00	    0.00
15	16	    0.51	  200.02	    0.01	    0.06	    0.03	  500.07	 1000.28	 1400.88	    0.11	    0.48	    0.08	    0.05	    0.20	    0.00	    0.00	 5955.04	    0.00	  600.20	    0.00	 1548.59	  353.57	    0.00	    0.00	  127.06
15	17	    0.04	    0.02	    0.00	    0.04	    0.01	    0.07	    0.00	    0.31	    0.44	 3622.65	  785.54	    0.14	    0.05	    0.03	    0.13	 7135.19	 3747.99	    0.00	    0.13	    0.00	    0.00	    0.00	    0.00	    0.00
16	9	    0.00	    0.00	    0.00	    0.00	    0.00	    0.00	    0.17	    0.00	    0.00	    0.00	    0.00	    0.00	    0.00	    0.00	    0.00	    0.92	 8099.04	    0.15	    0.00	    0.39	    0.00	    0.00	    0.00	    0.00
16	15	    0.00	    0.00	    0.00	    0.00	    0.00	    0.00	    0.00	    0.00	    0.00	    1.28	    0.22	    0.07	    0.06	  692.75	 1188.95	    0.00	 8505.25	    0.00	 1288.52	    0.00	    0.05	    0.10	    0.04	    0.03
16	18	    0.03	    0.06	    0.00	    0.02	    0.01	    0.11	    0.19	    0.99	    0.03	    0.15	    0.00	    0.00	    0.00	    0.00	    0.00	 3154.23	 6795.71	    0.10	    0.00	    0.00	    0.00	    0.00	    0.00	    0.00
17	6	    0.00	    0.00	    0.00	    0.00	    0.00	    0.00	    0.00	    0.00	    0.05	 1896.32	  498.30	    0.00	  337.94	  599.93	 1099.73	 1788.38	 1143.20	 1199.48	 1399.16	 3099.64	  699.98	 1299.92	  499.98	  299.99
17	15	   30.41	   36.45	    8.36	   32.91	   20.57	   85.10	 4798.08	  218.81	   25.62	    0.34	    0.11	   20.06	  599.53	    7.32	   11.70	    0.00	    0.11	 2000.09	   12.62	 4356.18	  953.56	 1199.97	  499.98	  427.05
17	19	  299.96	  299.87	    0.00	  299.96	  100.02	  799.86	 2927.16	 3998.99	  599.94	 1026.38	  187.31	    0.04	    0.02	    0.00	    0.00	 4846.80	 2004.84	 1600.43	    0.00	    0.00	    0.00	    0.00	    0.00	    0.00
18	14	    0.00	    0.04	    0.00	    0.00	    0.00	    0.08	  699.52	  999.11	    0.00	    0.00	    0.00	    0.00	    0.00	    0.00	    0.00	 1900.28	 4901.82	  299.82	 6824.02	 3490.66	    0.15	    0.36	    0.15	    0.07
18	16	    0.04	    0.02	    0.01	    0.05	    0.02	    0.00	    0.00	    0.00	    0.09	    0.37	    0.10	    0.06	    0.09	 1392.66	 2688.83	    0.00	    0.00	    0.00	 2988.45	  151.67	  246.43	 1699.97	  599.99	  172.95
18	19	    0.02	    0.00	    0.00	    0.03	    0.02	    0.02	    0.00	    0.00	    0.32	 1473.87	  412.23	    0.00	    0.00	 1204.34	 2411.01	    0.00	  194.28	    0.00	 2987.52	    0.00	    0.00	    0.00	    0.00	    0.00
19	17	    0.00	    0.00	    0.00	    0.00	    0.00	    0.00	    0.00	    0.00	    0.00	    0.20	    0.07	    0.43	 1037.41	  707.23	 1311.30	    0.00	    0.13	    0.00	 1711.65	 7855.83	 1753.54	 2799.88	 1099.96	  727.04
19	18	    0.00	   99.95	    0.00	    0.00	    0.00	  199.92	 1099.31	 1698.09	    0.00	    0.00	    0.00	    0.00	   15.67	    0.01	    0.00	   45.99	    0.00	  599.70	    0.00	 4842.29	   92.16	    0.41	    0.16	   13.19
19	20	    0.00	    0.00	    0.00	    0.01	    0.04	  100.00	  627.76	  600.62	    0.13	    0.05	    0.02	    0.01	    0.02	    0.02	    0.03	 1501.33	  498.44	  200.69	   75.97	 2701.55	    0.00	    0.07	    0.03	    0.02
19	21	    0.00	   99.92	    0.00	    0.02	    0.01	  199.96	  700.09	  800.28	    0.13	    0.20	    0.04	    0.00	    0.00	    0.00	    0.15	 1699.48	    0.61	  400.04	    0.07	 3100.34	    0.17	    0.00	    0.00	    0.00
20	19	    0.00	    0.00	    0.00	    0.00	    0.00	    0.00	    0.00	    0.00	    0.00	    0.10	    0.02	  400.15	 1652.63	    0.08	    0.15	    0.00	    0.07	    0.00	    0.17	    0.00	 3045.87	    0.22	    3.54	 1139.51
20	21	  262.25	    0.06	   65.56	    0.04	    0.00	    0.03	    0.06	    0.07	    0.00	    0.00	    0.00	  458.93	 1469.61	    0.00	    0.00	    0.15	    0.00	    0.03	    0.00	    0.38	 4754.43	    0.00	    0.00	 1605.30
20	23	    0.00	    0.00	    0.00	    0.00	    0.00	    0.02	  427.70	  200.54	    0.05	  490.04	    0.00	    0.00	    0.00	    0.00	  686.16	  901.26	  212.25	  100.66	  253.05	 1501.18	 3199.70	 2333.49	    0.00	    0.00
21	14	    0.00	    0.00	    0.00	    0.00	    0.00	    0.00	    0.08	    0.08	    0.00	    0.00	    0.00	    0.00	  893.84	    0.00	    0.00	    0.16	    0.00	    0.04	    0.00	    0.47	 2952.76	10571.65	 2672.49	 1287.73
21	19	    0.03	    0.00	    0.00	    0.03	    0.01	    0.00	    0.00	    0.00	    0.00	    0.09	    0.56	    0.26	    0.45	    2.84	    0.32	    0.00	    0.00	    0.00	    0.00	    0.00	    0.00	 5200.14	 1796.61	    0.74
21	20	    0.01	    0.00	    0.00	    0.07	   97.79	    0.01	    0.00	    0.00	  299.90	 1690.05	    2.30	    0.03	    0.06	    1.38	 1486.28	    0.08	  313.88	    0.00	  577.25	    0.00	    0.00	 4133.64	    1.25	    0.05
21	22	    0.00	    0.00	    0.00	    0.00	    0.00	    0.01	  200.06	  300.27	  306.67	 1305.78	    0.00	    0.00	    0.00	    0.00	  974.13	  499.61	  467.17	  100.03	  309.14	  700.24	    1.84	 4494.57	    0.00	    0.00
22	13	    0.01	    0.00	    0.00	    0.02	    0.00	    0.00	    0.42	    0.82	    0.00	    0.00	    0.00	    0.03	  666.58	    0.00	    0.00	    0.40	    0.00	    0.23	    0.01	    1.53	  797.80	 1127.92	 4625.36	 1171.89
22	21	  137.80	    0.02	   34.44	    0.84	    0.12	    0.03	    0.00	    0.00	    0.00	    0.00	  406.53	  241.36	  724.74	  724.31	    0.00	    0.00	    0.00	    0.00	    0.00	    0.00	    0.00	    0.00	 6570.35	  783.22
22	23	    0.00	    0.00	    0.00	    0.02	    0.00	    0.01	    0.01	    0.02	    0.13	  309.93	  996.83	    0.00	    0.00	 1380.72	  409.86	    0.07	   87.81	    0.00	  145.25	    0.10	    0.05	 1267.79	 3304.29	    0.00
23	12	    0.00	    0.00	    0.00	    0.00	    0.00	    0.00	  327.35	    0.00	    0.00	    0.00	    0.00	    0.00	    0.00	  582.04	  696.02	  600.47	    0.06	  100.46	  298.30	 1099.88	 1203.73	 2500.13	 1902.02	 1800.15
23	20	  362.23	    0.06	   65.56	  199.96	    2.17	    0.03	    0.00	    0.00	    0.01	    0.04	  397.71	 1159.04	 3722.15	  398.68	    0.00	    0.00	    0.00	    0.00	    0.00	    0.00	    0.00	    0.00	  702.26	 3244.74
23	22	  437.69	    0.01	  134.42	    1.87	    0.37	    0.37	    0.36	    0.56	    0.00	    0.00	    0.05	  941.14	 2190.97	    0.00	    0.00	    0.86	    0.00	    0.20	    0.00	    1.39	 1496.02	    1.14	    0.00	 2655.11
