0.000000000000000000e+00 1.000000000000000000e+00 4.496666741838426788e+03
0.000000000000000000e+00 2.000000000000000000e+00 8.121347721359979005e+03
1.000000000000000000e+00 0.000000000000000000e+00 4.521509029094291691e+03
1.000000000000000000e+00 5.000000000000000000e+00 5.968913380638892704e+03
2.000000000000000000e+00 0.000000000000000000e+00 8.096505434104109554e+03
2.000000000000000000e+00 3.000000000000000000e+00 1.402045032303818152e+04
2.000000000000000000e+00 1.100000000000000000e+01 1.003691728126237285e+04
3.000000000000000000e+00 2.000000000000000000e+00 1.404296895156000573e+04
3.000000000000000000e+00 4.000000000000000000e+00 1.801858934051823235e+04
3.000000000000000000e+00 1.000000000000000000e+01 5.209422716010238219e+03
4.000000000000000000e+00 3.000000000000000000e+00 1.804228804758378101e+04
4.000000000000000000e+00 5.000000000000000000e+00 8.794019364292649698e+03
4.000000000000000000e+00 8.000000000000000000e+00 1.578919645015418791e+04
5.000000000000000000e+00 1.000000000000000000e+00 5.993755667894758517e+03
5.000000000000000000e+00 4.000000000000000000e+00 8.804766127948189023e+03
5.000000000000000000e+00 7.000000000000000000e+00 1.249131362843843090e+04
6.000000000000000000e+00 7.000000000000000000e+00 1.210575293216206410e+04
6.000000000000000000e+00 1.700000000000000000e+01 1.579918241022701659e+04
7.000000000000000000e+00 5.000000000000000000e+00 1.252690267934983603e+04
7.000000000000000000e+00 6.000000000000000000e+00 1.204281910853961926e+04
7.000000000000000000e+00 8.000000000000000000e+00 6.879839320800920177e+03
7.000000000000000000e+00 1.500000000000000000e+01 8.387615217900480275e+03
8.000000000000000000e+00 4.000000000000000000e+00 1.580214839356416633e+04
8.000000000000000000e+00 7.000000000000000000e+00 6.838823823405436087e+03
8.000000000000000000e+00 9.000000000000000000e+00 2.175020034330620183e+04
9.000000000000000000e+00 8.000000000000000000e+00 2.182213678932072071e+04
9.000000000000000000e+00 1.000000000000000000e+01 1.772626489885537740e+04
9.000000000000000000e+00 1.400000000000000000e+01 2.312784499265080740e+04
9.000000000000000000e+00 1.500000000000000000e+01 1.104562012520089593e+04
9.000000000000000000e+00 1.600000000000000000e+01 8.100238444278693350e+03
1.000000000000000000e+01 3.000000000000000000e+00 5.308242637466512861e+03
1.000000000000000000e+01 9.000000000000000000e+00 1.760306643569039807e+04
1.000000000000000000e+01 1.100000000000000000e+01 8.364950405882453197e+03
1.000000000000000000e+01 1.300000000000000000e+01 9.777347703342862587e+03
1.100000000000000000e+01 2.000000000000000000e+00 9.989556365484684648e+03
1.100000000000000000e+01 1.000000000000000000e+01 8.402500493553678098e+03
1.100000000000000000e+01 1.200000000000000000e+01 1.230371730306390964e+04
1.200000000000000000e+01 1.100000000000000000e+01 1.239390647495746089e+04
1.200000000000000000e+01 2.300000000000000000e+01 1.112112548850951862e+04
1.300000000000000000e+01 1.000000000000000000e+01 9.815419073962895709e+03
1.300000000000000000e+01 1.400000000000000000e+01 9.035626765653294569e+03
1.300000000000000000e+01 2.200000000000000000e+01 8.397713786765396435e+03
1.400000000000000000e+01 9.000000000000000000e+00 2.319608898990708258e+04
1.400000000000000000e+01 1.300000000000000000e+01 9.080620743693449185e+03
1.400000000000000000e+01 1.800000000000000000e+01 1.908374194929436271e+04
1.400000000000000000e+01 2.100000000000000000e+01 1.840112566323683131e+04
1.500000000000000000e+01 7.000000000000000000e+00 8.401285942584918303e+03
1.500000000000000000e+01 9.000000000000000000e+00 1.107203916745973402e+04
1.500000000000000000e+01 1.600000000000000000e+01 1.168637196434212819e+04
1.500000000000000000e+01 1.700000000000000000e+01 1.529317768833529226e+04
1.600000000000000000e+01 9.000000000000000000e+00 8.100710313943105575e+03
1.600000000000000000e+01 1.500000000000000000e+01 1.167574328195642192e+04
1.600000000000000000e+01 1.800000000000000000e+01 9.951611017716324568e+03
1.700000000000000000e+01 6.000000000000000000e+00 1.586211623384945415e+04
1.700000000000000000e+01 1.500000000000000000e+01 1.534389613766425464e+04
1.700000000000000000e+01 1.900000000000000000e+01 1.899204468017548425e+04
1.800000000000000000e+01 1.400000000000000000e+01 1.911747800472770177e+04
1.800000000000000000e+01 1.600000000000000000e+01 9.941454204995030523e+03
1.800000000000000000e+01 1.900000000000000000e+01 8.686013290765411512e+03
1.900000000000000000e+01 1.700000000000000000e+01 1.900569695312691329e+04
1.900000000000000000e+01 1.800000000000000000e+01 8.709592533477474717e+03
1.900000000000000000e+01 2.000000000000000000e+01 6.305301129388157278e+03
1.900000000000000000e+01 2.100000000000000000e+01 7.002492202282157450e+03
2.000000000000000000e+01 1.900000000000000000e+01 6.244602072145977218e+03
2.000000000000000000e+01 2.100000000000000000e+01 8.617296059432464972e+03
2.000000000000000000e+01 2.300000000000000000e+01 1.030477081152609571e+04
2.100000000000000000e+01 1.400000000000000000e+01 1.838062758309988567e+04
2.100000000000000000e+01 1.900000000000000000e+01 7.000422775187833395e+03
2.100000000000000000e+01 2.000000000000000000e+01 8.604287497202583836e+03
2.100000000000000000e+01 2.200000000000000000e+01 9.659809094301512232e+03
2.200000000000000000e+01 1.300000000000000000e+01 8.390791179345291312e+03
2.200000000000000000e+01 2.100000000000000000e+01 9.624233024840377766e+03
2.200000000000000000e+01 2.300000000000000000e+01 7.903190827848005938e+03
2.300000000000000000e+01 1.200000000000000000e+01 1.111131466040306987e+04
2.300000000000000000e+01 2.000000000000000000e+01 1.025708031651380588e+04
2.300000000000000000e+01 2.200000000000000000e+01 7.860692150966759982e+03
