i	j	       0	       1	       2	       3	       4	       5	       6	       7	       8	       9	      10	      11	      12	      13	      14	      15	      16	      17	      18	      19	      20	      21	      22	      23
0	1	 2600.33	    0.00	  265.81	  199.98	   17.11	    0.00	    0.01	    0.02	   34.21	  102.64	  200.02	  469.35	  458.38	  100.00	   17.13	    0.02	    0.03	    0.00	    0.03	    0.00	    0.01	    0.10	    0.22	   28.98
0	2	 6199.67	 1165.63	    0.00	    0.00	    0.00	  235.77	  142.72	  240.77	    0.00	    0.00	    0.00	    0.00	    0.00	    0.00	    0.00	  100.64	    0.00	   34.40	    0.00	    0.00	    0.00	    0.00	    0.00	    0.00
1	0	    0.00	 1265.63	    0.00	    0.00	    0.00	  535.77	  642.70	 1040.74	    0.00	    0.00	    0.00	    0.00	    0.00	    0.00	    0.00	  600.62	    0.43	  134.39	    0.03	  299.99	    0.00	    0.00	    0.00	    0.00
1	5	 2500.33	 2734.37	  165.81	    0.00	    0.00	    0.00	    0.00	    0.00	    0.00	    0.00	    0.04	  369.35	  158.38	    0.01	    0.00	    0.00	    0.00	    0.00	    0.00	    0.00	    0.01	    0.01	    0.22	   28.98
2	0	    0.00	    0.00	  365.81	  699.98	  217.11	    0.00	    0.03	    0.05	  534.21	 1402.64	  700.02	  669.35	  958.38	  400.00	  517.13	    0.04	  399.60	    0.00	  300.01	    0.02	  100.01	  400.10	  300.22	  128.98
2	3	 4498.92	  665.28	 1933.78	    0.00	    0.00	    0.04	    0.00	    0.00	    0.00	    0.00	    0.00	 3770.07	 2447.41	    0.00	    0.00	    0.00	    0.00	    0.00	    0.00	    0.00	  203.64	    0.02	    2.80	  470.39
2	11	 1600.75	  400.35	  500.41	 1402.11	  405.91	  500.39	  809.33	 1200.00	 1399.60	  648.44	    0.80	    0.00	    0.00	    0.31	   57.37	  522.54	  182.77	  199.49	   24.59	    0.14	    0.00	    0.00	    0.00	    0.00
3	2	    0.00	    0.00	    0.00	 2302.09	  723.02	  564.66	  766.64	 1159.27	 2033.81	 2351.00	 1000.65	    0.00	    0.00	  500.18	  674.42	  621.94	  682.34	  165.10	  324.58	    0.16	    0.02	    0.08	    0.06	    0.01
3	4	 3197.96	  165.45	 1333.86	 6696.86	    0.00	    0.00	    0.00	    0.00	    0.00	    0.00	  906.12	 3169.68	 1847.13	  200.03	    0.06	    0.00	    0.00	    0.00	    0.04	    0.00	    3.69	    0.05	  199.72	  270.41
3	10	  800.96	  299.88	  399.92	 2601.05	  699.90	  599.79	    0.77	    5.51	    0.43	    0.16	    0.00	    0.39	    0.28	    0.06	    0.05	    0.11	    0.04	    0.02	    0.02	    0.02	    0.02	    0.04	    0.05	    0.02
4	3	    0.00	    0.04	    0.00	    0.00	 1922.92	 1564.41	 1167.40	 1864.79	 2734.25	 3549.20	    0.00	    0.00	    0.00	    0.08	 1172.56	 1421.80	 1181.75	  265.12	  523.78	  300.18	    0.03	  398.86	    0.00	    0.00
4	5	    0.00	    0.00	  532.37	 2151.38	 1271.44	    0.00	    0.02	    0.03	  565.92	 1297.30	  405.62	 1489.06	  528.79	  100.03	  282.57	    0.04	    0.04	    0.00	    0.23	    0.01	    0.00	    0.02	   99.72	   71.01
4	8	 2997.96	  899.80	  701.49	 4045.49	 2905.64	 1399.85	    0.02	    0.09	    0.00	    0.00	    0.50	 1480.62	 1118.34	    0.00	    0.00	    0.05	    0.00	    0.01	    0.00	    0.02	    0.00	    0.00	    0.00	  199.40
5	1	    0.00	    0.00	    0.00	    0.02	   82.89	  935.77	  842.70	 1440.73	  165.79	  497.36	    0.02	    0.00	    0.00	    0.01	   82.87	 1000.60	  200.40	  134.39	   99.99	  399.98	    0.00	   99.91	    0.00	    0.00
5	4	    0.00	  834.39	    0.00	    0.00	    0.00	 3164.26	 1055.01	 1803.35	    0.00	    0.00	    0.00	    0.00	    0.00	    0.00	    0.00	 1440.98	    0.43	  201.95	    0.03	  306.88	    0.03	    0.01	    0.00	    0.00
5	7	 2200.33	 1499.97	  398.18	 1751.36	  988.55	 3499.97	    0.00	    0.00	    0.13	    0.06	    5.64	 1658.40	  487.18	    0.04	    0.00	    0.00	    0.00	    0.00	    0.00	    0.00	    0.00	    0.00	    0.00	    0.00
6	7	    0.00	    0.00	    0.00	    0.00	    0.00	    0.00	 4216.34	    0.00	    0.00	    0.00	    0.00	    0.00	    0.00	  399.93	  600.08	  361.64	  131.54	  999.44	  999.47	 2599.70	  500.18	  799.91	  300.04	  199.99
6	17	  434.09	  340.88	    9.37	  436.75	  123.04	  995.45	 7883.66	 4544.53	  836.06	    0.83	    0.14	  222.12	    0.01	    0.00	    0.00	    0.00	    0.02	    0.00	    0.00	    0.00	    0.00	    0.00	    0.00	    0.00
7	5	    0.00	    0.00	    0.00	    0.00	    0.00	    0.00	 2297.69	 4044.04	    0.00	    0.12	    0.00	    0.00	    0.00	    0.00	    0.30	 3341.55	  700.79	  436.34	  299.79	 1006.85	  100.02	  299.89	    0.07	    0.01
7	6	  934.09	  540.88	  109.37	  836.75	  323.04	 1395.45	    0.00	 5544.53	 1436.01	    3.09	    1.04	  922.12	    1.27	    0.00	    0.00	    0.00	    0.10	    0.00	    0.00	    0.00	    0.00	    0.00	    0.00	    0.00
7	8	    0.00	    0.00	    0.00	    0.00	    0.00	    0.00	  918.65	 3755.89	    0.00	    0.00	    0.00	    0.00	    0.00	    0.00	    0.00	 1256.72	    0.00	  263.21	    0.00	  693.17	    0.21	    0.10	    0.00	    0.00
7	15	  466.31	  559.13	  174.59	  693.91	  433.69	 1304.60	    0.00	 3355.54	  912.66	    0.00	    0.06	  489.13	    0.15	    0.00	    0.00	    0.00	    0.00	    0.00	    0.00	    0.00	    0.00	    0.00	    0.00	    0.00
8	4	    0.00	    0.00	    0.00	    0.00	    0.00	    0.00	  312.43	  561.56	 4100.17	 5846.50	    0.00	    0.00	    0.00	    0.09	 1655.07	  480.91	 1381.37	   63.18	  623.95	   93.33	   96.31	  598.83	    0.00	    0.00
8	7	    0.07	    0.04	   85.78	  479.30	  268.18	    0.09	    0.00	    0.00	 3148.53	 1602.89	  795.45	  352.84	  114.24	    0.00	    0.00	    0.00	    0.21	    0.00	    0.00	    0.00	    0.00	    0.00	    0.00	    0.00
8	9	 2497.88	  699.76	  515.71	 2866.19	 1837.46	  999.77	    6.29	 2394.42	 8951.30	    0.00	    0.00	  527.92	  404.23	    0.00	    0.00	    0.23	    0.00	    0.06	    0.00	    0.00	    0.00	    0.00	    0.00	    0.00
9	8	    0.00	    0.00	    0.00	    0.00	    0.00	    0.00	    0.05	    0.00	    0.00	10249.39	 2194.95	    0.13	    0.13	  600.09	 2655.07	  624.37	 2281.58	    0.02	 1023.95	    0.14	  396.10	 1298.73	  500.00	    0.60
9	10	    0.00	    0.00	    0.00	    0.00	    0.00	    0.00	  499.23	  794.51	 1707.08	 8377.60	    0.00	    0.00	    0.00	    0.00	 1274.05	 1576.93	 1917.58	  199.97	  420.57	  419.06	    1.68	  488.78	    0.00	    0.00
9	14	  799.11	   99.88	   99.89	 1097.89	  594.32	  199.91	    0.00	    0.00	 3092.53	14571.10	 1960.51	  670.90	    3.19	    0.00	    0.00	    0.00	    0.76	    0.00	    0.00	    0.00	    0.00	    0.00	    0.00	    0.00
9	15	    0.00	    0.00	   16.05	   69.35	   43.34	    0.00	    0.00	    0.00	  451.97	 8101.16	 2187.49	  187.87	    0.11	    0.00	    0.00	    0.00	    0.00	    0.00	    0.00	    0.00	    0.00	    0.00	    0.00	    0.00
9	16	  399.58	    0.02	   99.98	  499.91	  199.94	    0.04	    0.08	    0.11	  899.71	 3900.74	 1000.11	  599.89	  499.91	    0.05	    0.12	    0.11	    0.00	    0.05	    0.07	    0.13	    0.05	    0.13	    0.05	    0.02
10	3	    0.00	    0.00	    0.00	    0.00	    0.00	    0.00	    0.00	    0.00	    0.00	    1.96	 3406.77	    0.00	    0.00	 1200.19	    1.97	    0.24	    0.62	    0.00	    0.85	    0.00	    0.06	    1.30	  697.02	    0.06
10	9	    0.80	    0.08	    0.21	    0.96	    0.14	    0.11	    0.00	    0.00	    0.00	    0.00	11243.06	 2930.88	 1999.12	 1095.91	    0.00	    0.00	    0.00	    0.00	    0.00	    0.00	    0.00	    0.00	  325.62	   47.67
10	11	    0.00	    0.00	    0.00	    0.00	    0.00	    0.00	    0.00	    0.00	    0.15	 3251.72	 2400.59	    0.00	    0.00	  714.96	  649.57	  176.99	  917.09	    0.02	  278.17	    0.00	    0.00	    0.00	    0.00	    0.00
10	13	  301.04	  100.12	  100.14	 1200.16	  199.78	  199.74	    0.00	    0.02	  307.37	 1124.08	 5249.58	 1029.46	    2.15	    0.00	    0.00	    0.00	    0.04	    0.00	    0.00	    0.00	    0.00	    0.00	    0.00	    0.00
11	2	    0.00	    0.00	    0.00	    0.00	    0.00	    0.00	    0.00	    0.00	    0.00	    0.09	    0.17	 4639.42	 3505.79	    0.13	    0.07	    0.00	    0.03	    0.00	    0.01	    0.00	  303.64	  500.03	  402.96	  599.35
11	10	    0.87	    0.33	    0.44	    0.07	    0.02	    0.06	    0.00	    0.00	    0.00	    0.00	    0.00	 5359.94	 3000.99	    0.00	    0.00	    0.00	    0.00	    0.00	    0.00	    0.00	    0.04	    0.00	    0.00	    0.75
11	12	 1399.88	  300.02	  299.98	  802.03	  205.89	  300.33	  109.33	  600.00	  799.75	 1900.08	 1001.22	 3900.64	    0.00	   15.47	    7.26	    0.46	  499.83	    0.02	    2.92	    0.02	    0.00	    0.00	    0.00	    0.00
12	11	    0.00	    0.00	    0.00	    0.00	    0.00	    0.00	    0.00	    0.00	    0.00	    0.00	    0.00	    0.00	 7806.78	    0.33	    0.40	    0.93	    0.00	    0.51	    0.17	  499.88	  603.67	 1200.03	 1102.96	 1100.10
12	23	  899.88	    0.02	  199.98	  202.03	    5.89	  100.33	    0.00	    0.00	  199.75	    0.08	    1.22	 2600.64	 6793.22	    0.00	    0.00	    0.00	    0.00	    0.00	    0.00	    0.00	    0.00	    0.00	    0.00	    0.00
13	10	    0.00	    0.00	    0.00	    0.00	    0.00	    0.00	    0.00	    0.00	    0.00	    0.00	    0.00	    0.00	    0.00	 4611.00	  777.44	    0.20	    0.14	    0.03	  258.44	  180.92	  398.32	  612.47	 2322.59	  646.95
13	14	    0.92	    0.11	    0.12	    1.07	    0.06	    0.04	    0.00	    0.00	    0.00	    0.00	  985.71	  329.12	   94.22	 6294.87	    0.00	    0.00	    0.00	    0.00	    0.00	    0.00	    0.00	    0.00	 1200.82	  127.79
13	22	    0.13	    0.01	    0.03	  699.11	   99.72	   99.70	    0.00	    0.00	  184.61	  761.02	 2663.93	    0.36	    0.46	 3194.13	  408.67	    0.00	  208.37	    0.00	  126.51	    0.00	    0.00	    0.00	    0.00	    0.00
14	9	    0.00	    0.00	    0.00	    0.00	    0.00	    0.00	    0.00	    0.00	    0.00	    0.00	    0.00	    0.00	    0.00	 1604.23	 7929.24	    0.28	    0.79	    0.05	 3244.40	 1738.39	 1597.82	 4387.64	 1974.42	  752.96
14	13	    0.00	    0.00	    0.00	    0.00	    0.01	    0.01	  199.82	  399.70	  477.24	 1736.93	    0.00	    0.00	    0.00	    0.00	 2486.11	  699.68	  908.47	   99.91	  684.94	  680.03	    1.56	  700.08	    0.00	    0.00
14	18	  300.03	    0.07	    0.01	  200.07	  100.03	    0.09	    0.02	    0.03	  400.14	 3195.32	  811.19	  300.06	  284.71	 2897.25	 5899.87	    0.05	    0.39	    0.01	    0.00	    0.05	  577.25	 2899.82	  899.95	  271.82
14	21	    0.00	    0.00	    0.00	  398.88	  294.35	    0.00	    0.00	    0.00	 1315.15	 5638.85	  735.03	    0.00	    0.00	  493.39	 5084.78	    0.22	 2454.52	    0.00	 2053.29	    0.00	    0.00	    0.00	    0.00	    0.00
15	7	    0.00	    0.00	    0.00	    0.00	    0.00	    0.00	    0.00	    0.00	    0.00	    0.25	    0.00	    0.00	    0.00	    0.03	    0.22	 6436.63	 1969.13	    0.11	    0.32	    0.32	    0.05	    0.08	    0.03	    0.02
15	9	    0.00	    0.05	    0.00	    0.00	    0.00	    0.07	 2392.89	    0.20	    0.00	    0.00	    0.00	    0.00	    0.00	    0.00	    0.00	 6599.78	    0.54	  899.75	    0.19	 1180.41	    0.00	    0.00	    0.00	    0.00
15	16	    0.41	  200.00	    0.01	    0.06	    0.05	  500.02	 1000.42	 1400.71	    0.24	    0.48	    0.08	    0.05	    0.00	    0.00	    0.00	 5964.49	    0.00	  600.32	    0.00	 1560.67	  336.12	    0.10	    0.04	  119.29
15	17	    0.04	    0.02	    0.00	    0.04	    0.01	    0.08	    0.00	    0.37	    0.51	 3702.22	  787.86	    0.09	    0.01	    0.03	    0.16	 7099.11	 3743.42	    0.00	    0.16	    0.00	    0.00	    0.00	    0.00	    0.00
16	9	    0.00	    0.00	    0.00	    0.00	    0.00	    0.00	    0.18	    0.00	    0.00	    0.00	    0.00	    0.00	    0.00	    0.00	    0.00	    1.13	 8098.58	    0.18	    0.00	    0.54	    0.00	    0.00	    0.00	    0.00
16	15	    0.00	    0.00	    0.00	    0.00	    0.00	    0.00	    0.00	    0.00	    0.00	    1.44	    0.29	    0.00	    0.00	  690.47	 1185.25	    0.00	 8512.99	    0.00	 1284.33	    0.00	    0.05	    0.10	    0.04	    0.03
16	18	    0.03	    0.03	    0.00	    0.02	    0.01	    0.06	    0.32	    0.82	    0.03	    0.15	    0.00	    0.00	    0.00	    0.00	    0.00	 3163.47	 6788.43	    0.19	    0.00	    0.00	    0.00	    0.00	    0.00	    0.00
17	6	    0.00	    0.00	    0.00	    0.00	    0.00	    0.00	    0.00	    0.00	    0.05	 1897.74	  499.11	    0.00	  398.75	  599.93	 1100.08	 1761.64	 1131.46	 1199.44	 1399.47	 3099.70	  700.18	 1299.91	  500.04	  299.99
17	15	   34.15	   40.94	    9.37	   36.84	   23.03	   95.57	 4793.31	  245.74	   36.12	    0.34	    0.11	   23.15	  599.75	    9.59	   15.12	    0.00	    0.11	 2000.19	   16.33	 4341.40	  936.12	 1200.08	  500.02	  419.28
17	19	  299.99	  299.97	    0.00	  299.95	  100.02	  799.96	 2890.35	 3999.16	  600.40	 1105.16	  188.80	    0.04	    0.00	    0.00	    0.00	 4837.47	 2012.01	 1600.37	    0.00	    0.00	    0.00	    0.00	    0.00	    0.00
18	14	    0.00	    0.08	    0.00	    0.00	    0.00	    0.15	  699.62	  999.66	    0.00	    0.00	    0.00	    0.00	    0.00	    0.00	    0.00	 1900.09	 4863.42	  299.87	 6782.62	 3517.66	    0.15	    0.36	    0.15	    0.07
18	16	    0.04	    0.02	    0.01	    0.05	    0.02	    0.00	    0.00	    0.00	    0.09	    0.37	    0.10	    0.06	    0.09	 1390.41	 2685.14	    0.00	    0.00	    0.00	 2984.27	  139.73	  263.89	 1699.87	  599.96	  180.71
18	19	    0.02	    0.00	    0.00	    0.04	    0.02	    0.02	    0.00	    0.00	    0.09	 1395.10	  411.09	    0.00	    0.00	 1206.85	 2414.73	    0.00	  225.40	    0.00	 3033.11	    0.00	    0.00	    0.00	    0.00	    0.00
19	17	    0.00	    0.00	    0.00	    0.00	    0.00	    0.00	    0.00	    0.00	    0.00	    0.20	    0.01	    0.98	 1098.47	  709.50	 1315.05	    0.00	    0.13	    0.00	 1715.64	 7841.10	 1736.30	 2799.99	 1100.06	  719.28
19	18	    0.00	  100.00	    0.00	    0.00	    0.00	  200.02	 1099.28	 1698.81	    0.00	    0.00	    0.00	    0.00	   15.38	    0.01	    0.00	   36.57	    0.00	  599.67	    0.00	 4857.35	   86.78	    0.41	    0.16	    8.96
19	20	    0.00	    0.00	    0.00	    0.01	    0.03	  100.01	  590.87	  600.28	    0.34	    0.05	    0.02	    0.01	    0.02	    0.02	    0.03	 1500.87	  537.24	  200.60	  117.56	 2700.60	    0.00	    0.07	    0.03	    0.02
19	21	    0.00	   99.96	    0.00	    0.02	    0.01	  199.95	  700.20	  800.06	    0.15	    0.20	    0.04	    0.00	    0.00	    0.00	    0.16	 1700.03	    0.10	  400.10	    0.07	 3100.95	    0.17	    0.00	    0.00	    0.00
20	19	    0.00	    0.00	    0.00	    0.00	    0.00	    0.00	    0.00	    0.00	    0.00	    0.10	    0.02	  400.77	 1713.36	    0.08	    0.15	    0.00	    0.07	    0.00	    0.17	    0.00	 3023.25	    0.21	    3.29	 1127.69
20	21	  260.36	    0.01	   65.09	    0.29	    0.00	    0.03	    0.06	    0.07	    0.00	    0.00	    0.00	  455.62	 1450.07	    0.00	    0.00	    0.15	    0.00	    0.03	    0.00	    0.37	 4777.94	    0.00	    0.78	 1591.29
20	23	    0.00	    0.00	    0.00	    0.01	    0.00	    0.02	  390.81	  200.21	    0.15	  497.89	    0.00	    0.00	    0.00	    0.00	  699.45	  900.80	  217.61	  100.57	  259.55	 1500.22	 3198.81	 2377.99	    0.00	    0.00
21	14	    0.00	    0.00	    0.00	    0.00	    0.00	    0.00	    0.22	    0.07	    0.00	    0.00	    0.00	    0.04	  887.30	    0.00	    0.00	    0.14	    0.00	    0.10	    0.00	    0.80	 2976.49	10587.18	 2673.41	 1296.92
21	19	    0.00	    0.00	    0.00	    0.04	    0.00	    0.00	    0.00	    0.00	    0.00	    0.09	    0.16	    0.19	    0.51	    2.60	    0.35	    0.00	    0.00	    0.00	    0.00	    0.00	    0.00	 5200.26	 1796.97	    0.56
21	20	    0.01	    0.00	    0.00	    0.04	   94.46	    0.00	    0.00	    0.00	  299.80	 1697.94	    1.91	    0.04	    0.08	    1.04	 1499.57	    0.08	  280.44	    0.00	  542.15	    0.00	    0.00	 4178.13	    1.82	    0.07
21	22	    0.00	    0.00	    0.00	    0.01	    0.00	    0.01	  200.03	  300.06	  315.50	 1341.01	    0.00	    0.00	    0.00	    0.00	  985.02	  500.18	  474.19	  100.04	  311.21	  700.52	    1.62	 4434.43	    0.00	    0.00
22	13	    0.01	    0.00	    0.00	    0.02	    0.00	    0.00	    0.18	    0.27	    0.00	    0.00	    0.06	    0.03	  692.54	    0.00	    0.00	    0.52	    0.00	    0.12	    0.01	    0.89	  796.76	 1112.39	 4623.41	 1174.74
22	21	  139.66	    0.02	   34.91	    0.89	    0.11	    0.03	    0.00	    0.00	    0.00	    0.00	  366.99	  244.64	  737.83	  710.25	    0.00	    0.00	    0.00	    0.00	    0.00	    0.00	    0.00	    0.00	 6571.41	  806.27
22	23	    0.01	    0.00	    0.00	  199.99	    0.00	    0.01	    0.02	    0.04	    0.11	  302.03	  996.99	    0.07	    0.00	 1383.89	  393.69	    0.09	   82.56	    0.00	  137.71	    0.21	    0.05	 1222.12	 3305.18	    0.00
23	12	    0.00	    0.00	    0.00	    0.00	    0.00	    0.00	  290.67	    0.00	    0.00	    0.00	    0.00	    0.00	    0.00	  584.86	  693.13	  600.46	    0.17	  100.49	  297.25	 1099.86	 1203.67	 2500.03	 1902.96	 1800.10
23	20	  360.34	    0.01	   65.09	  200.25	    5.51	    0.03	    0.00	    0.00	    0.01	    0.00	  398.10	 1156.33	 3763.32	  399.02	    0.00	    0.00	    0.00	    0.00	    0.00	    0.00	    0.00	    0.00	  702.22	 3218.89
23	22	  439.56	    0.01	  134.89	    1.78	    0.38	    0.33	    0.17	    0.26	    0.00	    0.00	    0.11	  944.38	 2229.90	    0.00	    0.00	    0.43	    0.00	    0.08	    0.00	    0.58	 1495.19	    0.08	    0.00	 2681.01
