i	j	       0	       1	       2	       3	       4	       5	       6	       7	       8	       9	      10	      11	      12	      13	      14	      15	      16	      17	      18	      19	      20	      21	      22	      23
0	1	 2600.50	    0.00	  235.33	  200.02	   14.82	    0.00	    0.01	    0.02	   29.64	   88.95	  200.02	  556.41	  429.17	  100.00	   14.82	    0.02	    0.04	    0.00	    0.01	    0.00	    0.01	    0.08	    0.09	   25.30
0	2	 6199.50	 1179.68	    0.00	    0.00	    0.00	  234.16	  141.81	  245.30	    0.00	    0.00	    0.00	    0.00	    0.00	    0.00	    0.00	   84.68	    0.00	   34.93	    0.00	    0.02	    0.00	    0.00	    0.00	    0.00
1	0	    0.00	 1279.68	    0.00	    0.00	    0.00	  534.16	  641.79	 1045.26	    0.00	    0.00	    0.00	    0.00	    0.00	    0.00	    0.00	  584.66	    0.39	  134.93	    0.03	  299.98	    0.00	    0.02	    0.00	    0.00
1	5	 2500.50	 2720.32	  135.33	    0.04	    0.00	    0.00	    0.00	    0.00	    0.00	    0.00	    0.04	  456.41	  129.17	    0.01	    0.00	    0.00	    0.00	    0.00	    0.00	    0.00	    0.01	    0.03	    0.09	   25.30
2	0	    0.00	    0.00	  335.33	  700.02	  214.82	    0.00	    0.03	    0.05	  529.64	 1388.95	  700.02	  756.41	  929.17	  400.00	  514.82	    0.04	  399.64	    0.00	  299.99	    0.04	  100.01	  400.06	  300.09	  125.30
2	3	 4499.01	  679.38	 1964.44	    0.00	    0.00	    0.04	    0.00	    0.00	    0.00	    0.00	    0.00	 3670.14	 2527.02	    0.08	    0.00	    0.00	    0.00	    0.00	    0.00	    0.00	  202.75	    0.11	    2.08	  474.12
2	11	 1600.49	  400.30	  500.23	 1601.60	  403.34	  500.43	  771.14	 1200.00	 1399.43	  664.99	    1.02	    0.00	    0.00	    0.09	   54.25	  527.68	  187.50	  199.20	   23.25	    0.11	    0.00	    0.00	    0.00	    0.00
3	2	    0.00	    0.00	    0.00	 2501.62	  718.16	  566.30	  729.36	 1154.75	 2029.07	 2353.94	 1000.21	    0.00	    0.00	  499.62	  669.02	  643.03	  687.14	  164.27	  323.24	    0.10	    0.00	    0.07	    0.05	    0.00
3	4	 3197.81	  179.41	 1364.44	 6697.59	    0.00	    0.00	    0.00	    0.00	    0.00	    0.11	  905.02	 3069.81	 1926.75	  200.01	    0.07	    0.00	    0.01	    0.00	    0.02	    0.00	    2.81	    0.04	  199.90	  274.13
3	10	  801.20	  300.02	  400.01	 2400.78	  699.91	  599.75	    0.72	    5.32	    0.38	    0.16	    0.00	    0.33	    0.27	    0.06	    0.06	    0.11	    0.04	    0.02	    0.02	    0.02	    0.02	    0.04	    0.05	    0.02
4	3	    0.00	    0.04	    0.00	    0.00	 1918.07	 1566.02	 1130.08	 1860.07	 2729.46	 3552.81	    0.00	    0.00	    0.00	    0.00	 1167.95	 1443.15	 1186.76	  264.29	  522.78	  300.12	    0.03	  398.81	    0.00	    0.00
4	5	    0.00	    0.00	  552.89	 2130.69	 1261.14	    0.00	    0.02	    0.03	  570.51	 1310.99	  404.85	 1398.68	  606.54	  100.02	  284.61	    0.04	    0.04	    0.00	    0.04	    0.01	    0.01	    0.00	   99.90	   74.69
4	8	 2997.81	  899.71	  711.54	 4066.91	 2920.79	 1399.68	    0.02	    0.10	    0.00	    0.00	    0.17	 1471.13	 1120.20	    0.00	    0.00	    0.06	    0.00	    0.01	    0.00	    0.02	    0.01	    0.00	    0.00	  199.44
5	1	    0.00	    0.00	    0.00	    0.02	   85.18	  934.16	  841.78	 1445.25	  170.36	  511.05	    0.02	    0.00	    0.00	    0.01	   85.18	  984.64	  200.36	  134.93	  100.01	  399.98	    0.00	   99.96	    0.00	    0.00
5	4	    0.00	  820.35	    0.00	    0.00	    0.00	 3165.70	 1032.17	 1814.33	    0.00	    0.00	    0.00	    0.00	    0.00	    0.00	    0.00	 1459.53	    0.07	  203.41	    0.03	  307.50	    0.13	    0.06	    0.00	    0.00
5	7	 2200.50	 1499.97	  388.22	 1730.71	  975.96	 3500.13	    0.00	    0.00	    0.15	    0.07	    4.87	 1655.09	  535.72	    0.02	    0.00	    0.00	    0.00	    0.00	    0.00	    0.00	    0.00	    0.00	    0.00	    0.00
6	7	    0.00	    0.00	    0.00	    0.00	    0.00	    0.00	 4174.78	    0.00	    0.00	    0.00	    0.00	    0.00	    0.00	  399.88	  600.18	  394.64	  137.10	  999.38	  999.36	 2599.75	  500.17	  800.00	  299.97	  199.99
6	17	  430.14	  336.25	    8.22	  431.43	  119.72	  984.82	 7925.22	 4517.24	  825.48	    0.60	    0.13	  218.64	    0.02	    0.00	    0.00	    0.00	    0.02	    0.00	    0.00	    0.00	    0.00	    0.00	    0.00	    0.00
7	5	    0.00	    0.00	    0.00	    0.00	    0.00	    0.00	 2273.94	 4059.55	    0.00	    0.12	    0.00	    0.00	    0.00	    0.00	    0.57	 3344.13	  700.39	  438.33	  300.00	 1007.46	  100.11	  299.99	    0.00	    0.01
7	6	  930.14	  536.25	  108.22	  831.43	  319.72	 1384.82	    0.00	 5517.24	 1425.43	    3.83	    1.03	  918.44	   63.72	    0.00	    0.00	    0.00	    0.11	    0.00	    0.00	    0.00	    0.00	    0.00	    0.00	    0.00
7	8	    0.00	    0.00	    0.00	    0.00	    0.00	    0.00	  900.84	 3740.38	    0.00	    0.00	    0.00	    0.00	    0.00	    0.00	    0.00	 1287.74	    0.00	  261.17	    0.00	  692.63	    0.11	    0.09	    0.00	    0.00
7	15	  470.43	  563.76	  170.33	  676.07	  422.45	 1315.41	    0.00	 3382.83	  906.28	    0.00	    0.06	  479.06	    0.53	    0.00	    0.00	    0.00	    0.00	    0.00	    0.00	    0.00	    0.00	    0.00	    0.00	    0.00
8	4	    0.00	    0.00	    0.00	    0.00	    0.00	    0.00	  297.95	  545.87	 4099.96	 5863.70	    0.00	    0.00	    0.00	    0.00	 1652.49	  483.71	 1386.72	   60.89	  622.78	   92.67	   97.11	  598.72	    0.00	    0.00
8	7	    0.08	    0.04	   90.33	  476.79	  266.21	    0.09	    0.00	    0.00	 3131.56	 1603.63	  796.22	  342.41	  128.54	    0.05	    0.00	    0.00	    0.22	    0.00	    0.00	    0.00	    0.00	    0.00	    0.00	    0.00
8	9	 2497.74	  699.67	  521.22	 2890.12	 1854.58	  999.59	    2.97	 2394.61	 8968.48	    0.00	    0.00	  528.80	  391.71	    0.00	    0.00	    0.24	    0.00	    0.36	    0.00	    0.30	    0.00	    0.00	    0.00	    0.00
9	8	    0.00	    0.00	    0.00	    0.00	    0.00	    0.00	    0.05	    0.00	    0.00	10267.33	 2196.05	    0.08	    0.05	  600.05	 2652.49	  596.16	 2286.94	    0.07	 1022.78	    0.31	  396.99	 1298.63	  500.00	    0.56
9	10	    0.00	    0.00	    0.00	    0.00	    0.00	    0.00	  499.28	  794.70	 1713.26	 8399.74	    0.00	    0.00	    0.00	    0.00	 1273.12	 1572.18	 1912.56	  200.04	  420.36	  435.85	    1.67	  506.60	    0.00	    0.00
9	14	  798.73	   99.78	   99.84	 1098.00	  596.87	  199.72	    0.00	    0.00	 3086.79	14601.78	 1892.98	  650.96	    4.93	    0.00	    0.00	    0.00	    0.78	    0.00	    0.00	    0.00	    0.00	    0.00	    0.00	    0.00
9	15	    0.00	    0.00	   21.53	   92.84	   58.02	    0.00	    0.00	    0.00	  468.59	 8030.49	 2173.73	  200.75	    0.11	    0.00	    0.00	    0.00	    0.00	    0.00	    0.00	    0.00	    0.00	    0.00	    0.00	    0.00
9	16	  399.31	    0.02	   99.92	  499.58	  199.83	    0.04	    0.08	    0.11	  899.84	 3900.67	 1000.08	  599.98	  499.98	    0.10	    0.12	    0.11	    0.00	    0.05	    0.07	    0.14	    0.05	    0.14	    0.05	    0.02
10	3	    0.00	    0.00	    0.00	    0.00	    0.00	    0.00	    0.00	    0.00	    0.00	    1.39	 3405.23	    0.00	    0.00	 1199.61	    1.20	    0.00	    0.43	    0.00	    0.49	    0.00	    0.05	    1.23	  697.93	    0.04
10	9	    0.31	    0.07	    0.07	    0.31	    0.15	    0.10	    0.00	    0.00	    0.00	    0.00	11162.84	 2922.97	 2013.36	 1067.50	    0.00	    0.00	    0.00	    0.00	    0.00	    0.00	    0.15	    0.00	  373.54	   64.27
10	11	    0.00	    0.00	    0.00	    0.00	    0.00	    0.00	    0.00	    0.00	    0.10	 3235.01	 2400.48	    0.00	    0.00	  715.13	  651.77	  172.46	  912.40	    0.08	  279.31	    0.00	    0.00	    0.00	    0.00	    0.00
10	13	  301.40	  100.13	  100.19	 1000.56	  199.79	  199.72	    0.00	    0.02	  313.54	 1163.49	 5331.45	 1049.03	   17.60	    0.00	    0.00	    0.00	    0.04	    0.00	    0.00	    0.00	    0.00	    0.00	    0.00	    0.00
11	2	    0.00	    0.00	    0.00	    0.00	    0.00	    0.00	    0.00	    0.00	    0.00	    0.00	    0.83	 4626.55	 3556.19	    0.56	    0.05	    0.00	    0.00	    0.00	    0.00	    0.03	  302.75	  500.10	  402.12	  599.41
11	10	    0.51	    0.19	    0.25	    0.08	    0.02	    0.07	    0.00	    0.00	    0.00	    0.00	    0.00	 5371.67	 3030.68	    0.00	    0.00	    0.00	    0.00	    0.00	    0.00	    0.00	    0.04	    0.00	    0.00	    0.54
11	12	 1399.99	  300.11	  299.98	 1001.52	  203.31	  300.36	   71.21	  600.00	  799.53	 1900.00	 1000.67	 3901.78	    0.00	   15.17	    5.97	    1.13	  499.90	    0.03	    2.56	    0.04	    0.00	    0.00	    0.00	    0.00
12	11	    0.00	    0.00	    0.00	    0.00	    0.00	    0.00	    0.07	    0.00	    0.00	    0.00	    0.00	    0.00	 7886.88	    0.51	    0.00	    0.99	    0.00	    0.75	    0.00	  499.96	  602.79	 1200.10	 1102.12	 1099.95
12	23	  899.99	    0.11	  199.98	  401.52	    3.31	  100.36	    0.00	    0.00	  199.53	    0.00	    0.67	 2601.78	 6713.12	    0.00	    0.00	    0.00	    0.00	    0.00	    0.00	    0.00	    0.00	    0.00	    0.00	    0.00
13	10	    0.00	    0.00	    0.00	    0.00	    0.00	    0.00	    0.00	    0.00	    0.00	    0.00	    0.00	    0.00	    0.00	 4582.18	  779.79	    0.17	    0.27	    0.02	  259.42	  164.12	  398.47	  594.58	 2371.42	  663.74
13	14	    1.30	    0.13	    0.17	    1.47	    0.05	    0.06	    0.00	    0.00	    0.00	    0.00	 1042.66	  348.74	   95.28	 6294.44	    0.00	    0.00	    0.00	    0.00	    0.00	    0.00	    0.00	    0.00	 1130.87	  120.46
13	22	    0.11	    0.01	    0.02	  499.10	   99.74	   99.67	    0.00	    0.00	  190.71	  803.58	 2688.85	    0.32	    0.33	 3223.38	  440.24	    0.00	  215.80	    0.00	  138.25	    0.00	    0.00	    0.00	    0.00	    0.00
14	9	    0.00	    0.00	    0.00	    0.00	    0.00	    0.00	    0.00	    0.00	    0.00	    0.00	    0.00	    0.00	    0.00	 1632.65	 7925.73	    0.29	    0.78	    0.05	 3243.01	 1728.90	 1598.57	 4405.38	 1926.50	  736.32
14	13	    0.00	    0.00	    0.00	    0.00	    0.00	    0.00	  199.55	  399.10	  477.17	 1740.09	    0.06	    0.00	    0.00	    0.00	 2520.03	  699.52	  916.03	   99.77	  697.66	  662.31	    0.71	  666.06	    0.00	    0.00
14	18	  300.03	    0.08	    0.01	  200.07	  100.03	    0.13	    0.02	    0.03	  400.14	 3265.32	  825.00	  300.06	  283.11	 2897.95	 5900.33	    0.05	    0.40	    0.01	    0.00	    0.05	  554.68	 2899.92	  899.98	  259.72
14	21	    0.00	    0.00	    0.00	  399.41	  296.89	    0.00	    0.00	    0.00	 1309.48	 5596.37	  710.58	    0.00	    0.00	  463.84	 5053.91	    0.22	 2490.37	    0.00	 2082.07	    0.00	    0.00	    0.00	    0.00	    0.00
15	7	    0.00	    0.00	    0.00	    0.00	    0.00	    0.00	    0.00	    0.00	    0.00	    0.26	    0.00	    0.00	    0.00	    0.05	    0.39	 6437.23	 1963.18	    0.12	    0.64	    0.34	    0.05	    0.08	    0.03	    0.02
15	9	    0.00	    0.05	    0.00	    0.00	    0.00	    0.07	 2396.23	    0.21	    0.00	    0.00	    0.00	    0.00	    0.00	    0.00	    0.00	 6566.87	    0.55	  899.67	    0.19	 1206.92	    0.00	    0.00	    0.00	    0.00
15	16	    0.67	  199.98	    0.07	    0.39	    0.16	  499.99	 1000.34	 1400.22	    0.11	    0.49	    0.09	    0.05	    0.00	    0.00	    0.00	 5958.67	    0.00	  600.15	    0.00	 1542.86	  354.25	    0.00	    0.00	  129.87
15	17	    0.02	    0.00	    0.00	    0.02	    0.00	    0.02	    0.00	    0.15	    0.55	 3631.47	  774.08	    0.06	    0.00	    0.03	    0.35	 7137.23	 3743.93	    0.00	    0.35	    0.00	    0.00	    0.00	    0.00	    0.00
16	9	    0.00	    0.00	    0.00	    0.00	    0.00	    0.00	    0.22	    0.00	    0.00	    0.00	    0.00	    0.00	    0.00	    0.00	    0.00	    1.06	 8098.94	    0.08	    0.00	    0.18	    0.00	    0.00	    0.00	    0.00
16	15	    0.00	    0.00	    0.00	    0.00	    0.00	    0.00	    0.00	    0.00	    0.00	    1.38	    0.26	    0.09	    0.07	  692.29	 1187.70	    0.00	 8507.55	    0.00	 1287.12	    0.00	    0.05	    0.10	    0.04	    0.03
16	18	    0.03	    0.02	    0.00	    0.02	    0.01	    0.03	    0.20	    0.33	    0.03	    0.16	    0.00	    0.00	    0.00	    0.00	    0.00	 3157.72	 6793.51	    0.11	    0.00	    0.00	    0.00	    0.00	    0.00	    0.00
17	6	    0.00	    0.00	    0.00	    0.00	    0.00	    0.00	    0.00	    0.00	    0.05	 1896.77	  499.10	    0.21	  336.30	  599.88	 1100.18	 1794.64	 1137.02	 1199.38	 1399.36	 3099.75	  700.17	 1300.00	  499.97	  299.99
17	15	   30.26	   36.27	    8.22	   31.50	   19.69	   84.68	 4796.57	  217.74	   25.80	    0.36	    0.11	   20.22	  599.29	    7.78	   13.04	    0.00	    0.11	 1999.93	   14.06	 4350.12	  954.25	 1199.97	  499.99	  429.86
17	19	  299.90	  299.98	    0.00	  299.95	  100.04	  800.16	 2928.65	 3999.64	  600.18	 1035.15	  175.00	    0.02	    0.00	    0.00	    0.00	 4842.59	 2006.97	 1600.69	    0.00	    0.00	    0.00	    0.00	    0.00	    0.00
18	14	    0.00	    0.18	    0.00	    0.00	    0.00	    0.35	  699.51	  999.05	    0.00	    0.00	    0.00	    0.00	    0.00	    0.00	    0.00	 1899.93	 4906.80	  299.81	 6822.75	 3490.82	    0.15	    0.37	    0.16	    0.07
18	16	    0.04	    0.02	    0.01	    0.05	    0.02	    0.00	    0.00	    0.00	    0.08	    0.37	    0.09	    0.06	    0.09	 1392.20	 2687.58	    0.00	    0.00	    0.00	 2987.05	  157.18	  245.75	 1699.97	  599.99	  170.13
18	19	    0.02	    0.00	    0.00	    0.04	    0.02	    0.02	    0.00	    0.00	    0.09	 1465.11	  424.91	    0.00	    0.00	 1205.76	 2412.75	    0.00	  187.10	    0.00	 2990.20	    0.00	    0.00	    0.00	    0.00	    0.00
19	17	    0.00	    0.00	    0.00	    0.00	    0.00	    0.00	    0.00	    0.00	    0.00	    0.20	    0.00	    1.73	 1035.56	  707.63	 1312.86	    0.00	    0.14	    0.00	 1713.07	 7849.87	 1754.42	 2799.97	 1099.96	  729.86
19	18	    0.00	  100.10	    0.00	    0.00	    0.00	  200.21	 1099.29	 1698.68	    0.00	    0.00	    0.00	    0.00	   16.98	    0.01	    0.00	   42.16	    0.00	  599.68	    0.00	 4847.95	   91.22	    0.42	    0.17	   10.48
19	20	    0.00	    0.00	    0.00	    0.01	    0.05	  100.01	  629.11	  600.36	    0.13	    0.05	    0.02	    0.01	    0.02	    0.02	    0.03	 1500.40	  493.90	  200.86	   77.23	 2700.91	    0.00	    0.07	    0.03	    0.02
19	21	    0.00	   99.88	    0.00	    0.02	    0.01	  199.96	  700.26	  800.60	    0.14	    0.21	    0.04	    0.00	    0.00	    0.00	    0.16	 1700.04	    0.10	  400.15	    0.08	 3101.26	    0.17	    0.00	    0.00	    0.00
20	19	    0.09	    0.00	    0.00	    0.00	    0.00	    0.00	    0.00	    0.00	    0.00	    0.10	    0.02	  401.64	 1652.39	    0.43	    0.16	    0.00	    0.07	    0.00	    0.17	    0.00	 3045.81	    0.23	    2.02	 1140.06
20	21	  261.53	    0.09	   65.38	    0.00	    0.00	    0.03	    0.06	    0.07	    0.00	    0.00	    0.00	  457.97	 1467.80	    0.00	    0.00	    0.15	    0.00	    0.03	    0.00	    0.39	 4756.16	    0.00	    0.09	 1607.90
20	23	    0.00	    0.00	    0.00	    0.00	    0.00	    0.02	  429.05	  200.29	    0.22	  484.24	    0.00	    0.00	    0.00	    0.00	  680.22	  900.32	  213.47	  100.83	  252.05	 1500.52	 3198.03	 2346.90	    0.00	    0.00
21	14	    0.00	    0.00	    0.00	    0.00	    0.00	    0.00	    0.06	    0.08	    0.00	    0.00	    0.00	    0.35	  882.90	    0.00	    0.00	    0.15	    0.00	    0.03	    0.00	    0.44	 2953.80	10570.98	 2695.46	 1275.50
21	19	    0.00	    0.00	    0.00	    0.04	    0.00	    0.00	    0.00	    0.00	    0.00	    0.10	    0.13	    0.08	    0.17	    1.47	    0.15	    0.00	    0.00	    0.00	    0.00	    0.00	    0.00	 5200.24	 1798.14	    0.29
21	20	    0.01	    0.00	    0.00	    0.02	   96.95	    0.00	    0.00	    0.00	  300.08	 1684.30	    3.45	    0.04	    0.00	    0.59	 1480.35	    0.08	  319.64	    0.00	  574.99	    0.00	    0.00	 4147.05	    0.38	    0.00
21	22	    0.00	    0.00	    0.00	    0.00	    0.00	    0.01	  200.26	  300.59	  309.54	 1312.18	    0.00	    0.00	    0.00	    0.00	  973.57	  500.19	  470.83	  100.15	  307.15	  701.21	    2.52	 4481.72	    0.00	    0.00
22	13	    0.01	    0.00	    0.00	    0.02	    0.00	    0.00	    0.45	    0.88	    0.00	    0.00	    0.00	    0.03	  678.01	    0.00	    0.00	    0.65	    0.00	    0.25	    0.01	    1.81	  797.76	 1128.52	 4602.29	 1184.21
22	21	  138.48	    0.03	   34.62	    0.64	    0.05	    0.02	    0.00	    0.00	    0.00	    0.00	  392.96	  242.50	  715.28	  738.22	    0.00	    0.00	    0.00	    0.00	    0.00	    0.00	    0.00	    0.00	 6593.89	  767.90
22	23	    0.01	    0.00	    0.00	    0.02	    0.00	    0.01	    0.01	    0.03	    0.25	  315.76	  995.95	    0.06	    0.00	 1385.17	  413.81	    0.07	   86.63	    0.00	  145.39	    0.12	    0.06	 1253.29	 3303.82	    0.00
23	12	    0.00	    0.00	    0.00	    0.00	    0.00	    0.00	  328.86	    0.00	    0.00	    0.00	    0.00	    0.00	    0.00	  585.34	  694.03	  599.86	    0.10	  100.73	  297.44	 1099.92	 1202.79	 2500.10	 1902.12	 1799.95
23	20	  361.60	    0.09	   65.38	  199.97	    3.00	    0.03	    0.00	    0.00	    0.00	    0.00	  396.56	 1159.57	 3720.17	  399.82	    0.00	    0.00	    0.00	    0.00	    0.00	    0.00	    0.00	    0.00	  701.70	 3247.94
23	22	  438.40	    0.02	  134.60	    1.58	    0.31	    0.36	    0.21	    0.32	    0.00	    0.00	    0.05	  942.28	 2192.96	    0.00	    0.00	    0.53	    0.00	    0.10	    0.00	    0.72	 1495.30	    0.09	    0.00	 2652.11
