0.000000000000000000e+00 1.000000000000000000e+00 5.794479151267301859e+03
0.000000000000000000e+00 2.000000000000000000e+00 8.115127434958882077e+03
1.000000000000000000e+00 0.000000000000000000e+00 5.815607497377668551e+03
1.000000000000000000e+00 5.000000000000000000e+00 5.975120384765929884e+03
2.000000000000000000e+00 0.000000000000000000e+00 8.093999088848501742e+03
2.000000000000000000e+00 3.000000000000000000e+00 1.401134374149153336e+04
2.000000000000000000e+00 1.100000000000000000e+01 1.003510828478367694e+04
3.000000000000000000e+00 2.000000000000000000e+00 1.403661997801212965e+04
3.000000000000000000e+00 4.000000000000000000e+00 1.800902680955794494e+04
3.000000000000000000e+00 1.000000000000000000e+01 5.210530695439245392e+03
4.000000000000000000e+00 3.000000000000000000e+00 1.803663248761282011e+04
4.000000000000000000e+00 5.000000000000000000e+00 8.795777012266076781e+03
4.000000000000000000e+00 8.000000000000000000e+00 1.578730000623754313e+04
5.000000000000000000e+00 1.000000000000000000e+00 5.996248730876292939e+03
5.000000000000000000e+00 4.000000000000000000e+00 8.807604553331548232e+03
5.000000000000000000e+00 7.000000000000000000e+00 1.249123700368080063e+04
6.000000000000000000e+00 7.000000000000000000e+00 1.210672310590781308e+04
6.000000000000000000e+00 1.700000000000000000e+01 1.580256835227541524e+04
7.000000000000000000e+00 5.000000000000000000e+00 1.252419289085662604e+04
7.000000000000000000e+00 6.000000000000000000e+00 1.204561242756614956e+04
7.000000000000000000e+00 8.000000000000000000e+00 6.884058040316741426e+03
7.000000000000000000e+00 1.500000000000000000e+01 8.383918700930642444e+03
8.000000000000000000e+00 4.000000000000000000e+00 1.580307814322693412e+04
8.000000000000000000e+00 7.000000000000000000e+00 6.837648254643851033e+03
8.000000000000000000e+00 9.000000000000000000e+00 2.174672392762758318e+04
9.000000000000000000e+00 8.000000000000000000e+00 2.181609227894408468e+04
9.000000000000000000e+00 1.000000000000000000e+01 1.772524672183070288e+04
9.000000000000000000e+00 1.400000000000000000e+01 2.312730327362199023e+04
9.000000000000000000e+00 1.500000000000000000e+01 1.104794769586461553e+04
9.000000000000000000e+00 1.600000000000000000e+01 8.100353276990021186e+03
1.000000000000000000e+01 3.000000000000000000e+00 5.308201253904965597e+03
1.000000000000000000e+01 9.000000000000000000e+00 1.760381484556748546e+04
1.000000000000000000e+01 1.100000000000000000e+01 8.367419356734017128e+03
1.000000000000000000e+01 1.300000000000000000e+01 9.779109173466580614e+03
1.100000000000000000e+01 2.000000000000000000e+00 9.988703702152713959e+03
1.100000000000000000e+01 1.000000000000000000e+01 8.405992823359005342e+03
1.100000000000000000e+01 1.200000000000000000e+01 1.230416476018068533e+04
1.200000000000000000e+01 1.100000000000000000e+01 1.239633364417471785e+04
1.200000000000000000e+01 2.300000000000000000e+01 1.111891534204825439e+04
1.300000000000000000e+01 1.000000000000000000e+01 9.816774389044103373e+03
1.300000000000000000e+01 1.400000000000000000e+01 9.038137024850098896e+03
1.300000000000000000e+01 2.200000000000000000e+01 8.395639718182008437e+03
1.400000000000000000e+01 9.000000000000000000e+00 2.319449021043067478e+04
1.400000000000000000e+01 1.300000000000000000e+01 9.080283610419306569e+03
1.400000000000000000e+01 1.800000000000000000e+01 1.908180773518189017e+04
1.400000000000000000e+01 2.100000000000000000e+01 1.840497177610007202e+04
1.500000000000000000e+01 7.000000000000000000e+00 8.402173695437702918e+03
1.500000000000000000e+01 9.000000000000000000e+00 1.107168881047073955e+04
1.500000000000000000e+01 1.600000000000000000e+01 1.168786853383007656e+04
1.500000000000000000e+01 1.700000000000000000e+01 1.529153738325216000e+04
1.600000000000000000e+01 9.000000000000000000e+00 8.100225453154948809e+03
1.600000000000000000e+01 1.500000000000000000e+01 1.167554043693400126e+04
1.600000000000000000e+01 1.800000000000000000e+01 9.953509831846889938e+03
1.700000000000000000e+01 6.000000000000000000e+00 1.586367903061707875e+04
1.700000000000000000e+01 1.500000000000000000e+01 1.534586158926140706e+04
1.700000000000000000e+01 1.900000000000000000e+01 1.899039051430350082e+04
1.800000000000000000e+01 1.400000000000000000e+01 1.911617348950152154e+04
1.800000000000000000e+01 1.600000000000000000e+01 9.941053911115732262e+03
1.800000000000000000e+01 1.900000000000000000e+01 8.685065009924426704e+03
1.900000000000000000e+01 1.700000000000000000e+01 1.900582539865444414e+04
1.900000000000000000e+01 1.800000000000000000e+01 8.706974843512925872e+03
1.900000000000000000e+01 2.000000000000000000e+01 6.306146380688535828e+03
1.900000000000000000e+01 2.100000000000000000e+01 7.003004063901838890e+03
2.000000000000000000e+01 1.900000000000000000e+01 6.242614188662549168e+03
2.000000000000000000e+01 2.100000000000000000e+01 8.618069282389704313e+03
2.000000000000000000e+01 2.300000000000000000e+01 1.030583876042463817e+04
2.100000000000000000e+01 1.400000000000000000e+01 1.837993954415830740e+04
2.100000000000000000e+01 1.900000000000000000e+01 7.003880973867230750e+03
2.100000000000000000e+01 2.000000000000000000e+01 8.604249622481689585e+03
2.100000000000000000e+01 2.200000000000000000e+01 9.662001643769006478e+03
2.200000000000000000e+01 1.300000000000000000e+01 8.391158348190341712e+03
2.200000000000000000e+01 2.100000000000000000e+01 9.624026661884623536e+03
2.200000000000000000e+01 2.300000000000000000e+01 7.902733626511549119e+03
2.300000000000000000e+01 1.200000000000000000e+01 1.111108422604228508e+04
2.300000000000000000e+01 2.000000000000000000e+01 1.025612622830667351e+04
2.300000000000000000e+01 2.200000000000000000e+01 7.860277274635494905e+03
