i	j	       0	       1	       2	       3	       4	       5	       6	       7	       8	       9	      10	      11	      12	      13	      14	      15	      16	      17	      18	      19	      20	      21	      22	      23
0	1	 2600.47	    0.00	  265.58	  199.98	   15.48	    0.00	    0.01	    0.02	   30.95	   93.01	  199.98	  465.15	  457.93	  100.00	   15.57	    0.02	    0.04	    0.00	    0.06	    0.00	    0.01	    0.11	    0.30	   29.64
0	2	 6199.53	 1154.02	    0.00	    0.00	    0.00	  233.61	  140.34	  245.57	    0.00	    0.00	    0.00	    0.00	    0.00	    0.00	    0.00	   91.20	    0.00	   34.91	    0.00	    0.02	    0.00	    0.00	    0.00	    0.00
1	0	    0.00	 1254.02	    0.00	    0.00	    0.00	  533.61	  640.27	 1045.45	    0.00	    0.00	    0.00	    0.00	    0.00	    0.00	    0.00	  591.13	    0.43	  134.90	    0.03	  299.98	    0.00	    0.02	    0.00	    0.00
1	5	 2500.47	 2745.98	  165.58	    0.00	    0.00	    0.00	    0.00	    0.00	    0.00	    0.00	    0.00	  365.15	  157.93	    0.00	    0.00	    0.00	    0.00	    0.00	    0.00	    0.00	    0.01	    0.03	    0.30	   29.64
2	0	    0.00	    0.00	  365.58	  699.98	  215.48	    0.00	    0.08	    0.13	  530.95	 1393.01	  699.98	  665.15	  957.93	  400.00	  515.57	    0.09	  399.60	    0.01	  300.04	    0.05	  100.01	  400.09	  300.30	  129.64
2	3	 4499.17	  653.77	 1934.22	    0.00	    0.00	    0.00	    0.00	    0.00	    0.00	    0.00	    0.00	 3767.81	 2478.55	    0.09	    0.00	    0.00	    0.00	    0.00	    0.00	    0.00	  202.55	    0.27	    2.84	  470.10
2	11	 1600.36	  400.25	  500.21	 1601.79	  402.77	  500.38	  745.80	 1200.00	 1399.62	  675.94	    1.08	    0.00	    0.00	    0.33	   51.48	  531.49	  190.65	  199.48	   22.06	    0.12	    0.00	    0.00	    0.00	    0.00
3	2	    0.00	    0.00	    0.00	 2501.77	  718.24	  566.77	  705.54	 1154.56	 2030.57	 2368.96	 1000.22	    0.00	    0.00	  499.84	  667.00	  640.38	  690.25	  164.58	  322.10	    0.15	    0.00	    0.24	    0.04	    0.00
3	4	 3198.01	  153.85	 1334.14	 6697.54	    0.00	    0.00	    0.00	    0.00	    0.00	    0.11	  903.50	 3167.46	 1878.26	  200.03	    0.22	    0.00	    0.01	    0.00	    0.08	    0.00	    2.66	    0.12	  199.70	  270.11
3	10	  801.17	  299.97	  400.08	 2400.68	  699.86	  599.74	    0.50	    5.24	    0.87	    0.16	    0.00	    0.35	    0.29	    0.07	    0.06	    0.11	    0.04	    0.04	    0.02	    0.02	    0.02	    0.05	    0.05	    0.02
4	3	    0.00	    0.04	    0.00	    0.00	 1918.11	 1566.51	 1106.04	 1859.81	 2731.45	 3568.09	    0.00	    0.00	    0.00	    0.00	 1164.58	 1440.29	 1189.98	  264.62	  521.04	  300.18	    0.03	  398.81	    0.00	    0.00
4	5	    0.00	    0.00	  527.40	 2137.79	 1265.05	    0.00	    0.02	    0.03	  569.19	 1306.93	  403.32	 1471.02	  561.80	  100.03	  283.97	    0.04	    0.04	    0.00	    0.04	    0.01	    0.01	    0.00	   99.70	   70.35
4	8	 2998.01	  899.88	  706.74	 4059.75	 2916.84	 1399.98	    0.02	    0.09	    0.00	    0.00	    0.17	 1496.44	 1116.46	    0.00	    0.00	    0.05	    0.00	    0.01	    0.00	    0.02	    0.00	    0.00	    0.00	  199.76
5	1	    0.00	    0.00	    0.00	    0.02	   84.52	  933.61	  840.26	 1445.44	  169.05	  506.99	    0.02	    0.00	    0.00	    0.01	   84.43	  991.11	  200.40	  134.90	   99.96	  399.97	    0.00	   99.94	    0.00	    0.00
5	4	    0.00	  846.08	    0.00	    0.00	    0.00	 3166.49	 1012.99	 1820.40	    0.00	    0.00	    0.00	    0.00	    0.00	    0.00	    0.00	 1445.84	    0.07	  203.95	    0.03	  308.95	    0.03	    0.05	    0.00	    0.00
5	7	 2200.47	 1499.90	  392.98	 1737.77	  980.53	 3499.90	    0.00	    0.00	    0.14	    0.06	    3.31	 1636.17	  519.74	    0.03	    0.00	    0.00	    0.00	    0.00	    0.00	    0.00	    0.00	    0.00	    0.00	    0.00
6	7	    0.00	    0.00	    0.00	    0.00	    0.00	    0.00	 4148.31	    0.00	    0.00	    0.00	    0.00	    0.00	    0.00	  399.92	  600.30	  330.64	  115.01	  999.45	  999.71	 2599.73	  500.24	  799.94	  299.99	  499.74
6	17	  443.65	  352.26	   12.54	  448.45	  130.34	 1022.11	 7951.69	 4613.42	  840.51	    0.55	    0.13	  225.24	    0.01	    0.00	    0.00	    0.00	    0.03	    0.00	    0.00	    0.00	    0.00	    0.00	    0.00	    0.00
7	5	    0.00	    0.00	    0.00	    0.00	    0.00	    0.00	 2253.24	 4065.81	    0.00	    0.12	    0.00	    0.00	    0.00	    0.00	    0.46	 3336.92	  700.43	  438.84	  299.95	 1008.91	  100.02	  299.96	    0.00	    0.01
7	6	  943.65	  552.26	  112.54	  848.45	  330.34	 1422.11	    0.00	 5613.42	 1440.46	    2.24	    0.62	  925.10	   41.65	    0.00	    0.00	    0.00	    0.11	    0.00	    0.00	    0.00	    0.00	    0.00	    0.00	    0.00
7	8	    0.00	    0.00	    0.00	    0.00	    0.00	    0.00	  895.27	 3733.69	    0.00	    0.00	    0.00	    0.00	    0.00	    0.00	    0.00	 1268.27	    0.00	  260.66	    0.00	  690.94	    0.24	    0.00	    0.00	    0.00
7	15	  456.90	  547.68	  165.66	  658.17	  411.35	 1277.88	    0.00	 3287.08	  868.32	    0.00	    0.06	  470.74	    0.30	    0.00	    0.00	    0.00	    0.00	    0.00	    0.00	    0.00	    0.00	    0.00	    0.00	  299.73
8	4	    0.00	    0.00	    0.00	    0.00	    0.00	    0.00	  293.09	  539.53	 4100.63	 5874.90	    0.00	    0.00	    0.00	    0.00	 1648.33	  494.54	 1389.94	   60.68	  620.98	   91.26	   97.34	  598.63	    0.00	    0.00
8	7	    0.08	    0.04	   85.22	  468.84	  261.16	    0.09	    0.00	    0.00	 3108.64	 1602.03	  797.37	  359.66	  122.21	    0.00	    0.00	    0.00	    0.23	    0.00	    0.00	    0.00	    0.00	    0.00	    0.00	    0.00
8	9	 2497.93	  699.84	  521.51	 2890.91	 1855.68	  999.89	    2.42	 2394.26	 8990.73	    0.00	    0.00	  536.89	  394.36	    0.00	    0.00	    0.25	    0.00	    0.14	    0.00	    0.26	    0.00	    0.00	    0.00	    0.00
9	8	    0.00	    0.00	    0.00	    0.00	    0.00	    0.00	    0.21	    0.00	    0.00	10276.93	 2197.20	    0.12	    0.12	  600.00	 2648.33	  626.47	 2290.17	    0.15	 1020.98	    0.56	  397.10	 1298.63	  500.00	    0.24
9	10	    0.00	    0.00	    0.00	    0.00	    0.00	    0.00	  499.31	  794.78	 1711.97	 8372.31	    0.00	    0.00	    0.00	    0.00	 1307.64	 1569.38	 1909.15	  199.91	  432.62	  431.81	    1.97	  502.30	    0.00	    0.00
9	14	  799.17	   99.94	   99.90	 1098.31	  597.45	  200.00	    0.00	    0.00	 3087.32	14631.29	 1890.05	  647.06	    3.78	    0.00	    0.00	    0.00	    0.80	    0.00	    0.00	    0.00	    0.00	    0.00	    0.00	    0.00
9	15	    0.19	    0.00	   21.81	   93.43	   58.40	    0.00	    0.00	    0.00	  491.61	 8018.88	 2167.92	  203.34	    0.50	    0.00	    0.00	    0.00	    0.00	    0.00	    0.00	    0.00	    0.00	    0.00	    0.00	    0.00
9	16	  399.24	    0.02	   99.98	  499.91	  199.94	    0.04	    0.08	    0.12	  899.83	 3900.60	 1000.05	  599.89	  499.81	    0.10	    0.13	    0.12	    0.00	    0.05	    0.07	    0.14	    0.05	    0.14	    0.05	    0.03
10	3	    0.00	    0.00	    0.00	    0.00	    0.00	    0.00	    0.00	    0.00	    0.00	    1.15	 3403.72	    0.00	    0.00	 1199.85	    2.69	    0.20	    0.33	    0.00	    1.15	    0.00	    0.11	    1.33	  696.96	    0.03
10	9	    0.68	    0.06	    0.17	    0.74	    0.11	    0.08	    0.00	    0.00	    0.00	    0.00	11155.23	 2913.51	 2009.84	 1150.42	    0.00	    0.00	    0.00	    0.00	    0.00	    0.00	    0.00	    0.00	  330.21	   51.84
10	11	    0.00	    0.00	    0.00	    0.00	    0.00	    0.00	    0.00	    0.00	    0.11	 3224.06	 2400.35	    0.00	    0.00	  727.44	  657.17	  169.44	  909.30	    0.02	  281.42	    0.00	    0.00	    0.00	    0.00	    0.00
10	13	  300.94	  100.07	  100.13	 1000.02	  199.78	  199.72	    0.00	    0.03	  312.73	 1147.27	 5340.70	 1053.18	   30.69	    0.00	    0.00	    0.00	    0.04	    0.00	    0.00	    0.00	    0.00	    0.00	    0.00	    0.00
11	2	    0.00	    0.00	    0.00	    0.00	    0.00	    0.00	    0.00	    0.00	    0.00	    0.00	    0.84	 4632.96	 3536.49	    0.57	    0.05	    0.00	    0.00	    0.00	    0.00	    0.00	  302.55	  500.12	  403.09	  599.74
11	10	    0.45	    0.17	    0.22	    0.08	    0.03	    0.07	    0.00	    0.00	    0.00	    0.00	    0.00	 5366.33	 3040.24	    0.00	    0.00	    0.00	    0.00	    0.00	    0.00	    0.00	    0.04	    0.00	    0.00	    0.31
11	12	 1399.91	  300.08	  299.98	 1001.71	  202.74	  300.31	   45.94	  600.00	  799.73	 1900.00	 1000.59	 3900.70	    0.00	   27.34	    8.60	    1.00	  499.96	    0.05	    3.48	    0.00	    0.00	    0.00	    0.00	    0.00
12	11	    0.00	    0.00	    0.00	    0.00	    0.00	    0.00	    0.14	    0.00	    0.00	    0.00	    0.00	    0.00	 7876.72	    0.14	    0.00	    0.07	    0.00	    0.55	    0.00	  499.88	  602.59	 1200.12	 1103.09	 1100.05
12	23	  899.91	    0.08	  199.98	  401.71	    2.74	  100.31	    0.00	    0.00	  199.73	    0.00	    0.59	 2600.70	 6723.28	    0.00	    0.00	    0.00	    0.00	    0.00	    0.00	    0.00	    0.00	    0.00	    0.00	    0.00
13	10	    0.00	    0.00	    0.00	    0.00	    0.00	    0.00	    0.19	    0.00	    0.00	    0.00	    0.00	    0.00	    0.00	 4677.65	  752.17	    0.15	    0.48	    0.08	  249.93	  168.16	  398.08	  598.98	 2327.11	  651.53
13	14	    0.86	    0.07	    0.11	    0.79	    0.05	    0.03	    0.00	    0.00	    0.00	    0.00	 1060.35	  352.93	  100.41	 6203.62	    0.00	    0.00	    0.00	    0.00	    0.00	    0.00	    0.00	    0.00	 1188.40	  129.02
13	22	    0.09	    0.00	    0.02	  499.25	   99.74	   99.69	    0.00	    0.00	  187.33	  793.53	 2680.41	    0.27	    0.35	 3218.73	  452.67	    0.00	  223.25	    0.00	  142.19	    0.00	    0.00	    0.00	    0.00	    0.00
14	9	    0.00	    0.00	    0.00	    0.00	    0.00	    0.00	    0.00	    0.00	    0.00	    0.00	    0.00	    0.00	    0.00	 1549.68	 7956.10	    0.30	    0.82	    0.05	 3253.47	 1744.21	 1599.12	 4401.08	 1969.84	  748.43
14	13	    0.00	    0.00	    0.00	    0.00	    0.00	    0.00	  199.66	  398.97	  474.60	 1746.26	    0.07	    0.00	    0.00	    0.00	 2504.83	  699.16	  923.69	   99.81	  692.11	  666.64	    1.08	  672.54	    0.00	    0.00
14	18	  300.03	    0.03	    0.01	  200.07	  100.03	    0.05	    0.02	    0.03	  400.15	 3278.61	  831.25	  300.06	  287.11	 2897.74	 5900.00	    0.06	    0.41	    0.01	    0.00	    0.05	  563.32	 2899.91	  899.98	  263.16
14	21	    0.00	    0.00	    0.00	  399.03	  297.47	    0.00	    0.00	    0.00	 1312.57	 5606.41	  719.10	    0.00	    0.00	  456.20	 5039.06	    0.23	 2492.98	    0.00	 2082.53	    0.00	    0.00	    0.00	    0.00	    0.00
15	7	    0.00	    0.00	    0.00	    0.00	    0.00	    0.00	    0.19	    0.00	    0.00	    0.27	    0.00	    0.00	    0.00	    0.05	    0.17	 6474.55	 1985.30	    0.05	    0.24	    0.12	    0.02	    0.03	    0.01	    0.01
15	9	    0.00	    0.05	    0.00	    0.00	    0.00	    0.07	 2396.96	    0.64	    0.00	    0.00	    0.00	    0.00	    0.00	    0.00	    0.00	 6594.42	    0.57	  899.84	    0.19	 1187.85	    0.00	    0.00	    0.00	    0.00
15	16	    0.75	  200.03	    0.01	    0.06	    0.05	  500.05	 1000.55	 1400.58	    0.12	    0.51	    0.09	    0.05	    0.10	    0.00	    0.00	 5954.74	    0.00	  600.26	    0.00	 1554.53	  349.20	    0.00	    0.00	  127.08
15	17	    0.04	    0.02	    0.00	    0.04	    0.01	    0.08	    0.00	    0.39	    0.21	 3619.81	  768.25	    0.13	    0.01	    0.03	    0.06	 7076.29	 3721.05	    0.00	    0.06	    0.00	    0.00	    0.00	    0.00	    0.00
16	9	    0.00	    0.00	    0.00	    0.00	    0.00	    0.00	    0.23	    0.00	    0.00	    0.00	    0.00	    0.00	    0.00	    0.00	    0.00	    1.00	 8098.73	    0.08	    0.00	    0.20	    0.00	    0.00	    0.00	    0.00
16	15	    0.00	    0.00	    0.00	    0.00	    0.00	    0.00	    0.00	    0.00	    0.00	    1.33	    0.24	    0.00	    0.00	  692.68	 1188.60	    0.00	 8506.80	    0.00	 1287.97	    0.00	    0.05	    0.11	    0.04	    0.27
16	18	    0.03	    0.05	    0.00	    0.02	    0.01	    0.10	    0.41	    0.69	    0.04	    0.16	    0.00	    0.00	    0.00	    0.00	    0.00	 3153.86	 6794.47	    0.22	    0.00	    0.00	    0.00	    0.00	    0.00	    0.00
17	6	    0.00	    0.00	    0.00	    0.00	    0.00	    0.00	    0.00	    0.00	    0.05	 1898.32	  499.51	    0.14	  358.36	  599.92	 1100.30	 1730.64	 1114.92	 1199.45	 1399.71	 3099.73	  700.24	 1299.94	  499.99	  599.74
17	15	   43.70	   52.42	   12.54	   48.50	   30.31	  122.32	 4797.71	  314.53	   40.39	    0.37	    0.12	   26.11	  599.31	    7.40	   11.63	    0.00	    0.12	 2000.14	   12.53	 4342.50	  949.16	 1199.92	  499.97	  127.08
17	19	  299.99	  299.86	    0.00	  299.99	  100.03	  799.86	 2953.98	 3999.28	  600.28	 1021.89	  168.77	    0.02	    0.00	    0.00	    0.00	 4845.65	 2006.17	 1600.41	    0.00	    0.00	    0.00	    0.00	    0.00	    0.00
18	14	    0.00	    0.01	    0.00	    0.00	    0.00	    0.02	  699.61	  998.93	    0.00	    0.00	    0.00	    0.00	    0.00	    0.00	    0.00	 1899.58	 4917.10	  299.85	 6828.12	 3510.24	    0.16	    0.38	    0.16	    0.07
18	16	    0.04	    0.00	    0.01	    0.05	    0.02	    0.00	    0.00	    0.00	    0.09	    0.39	    0.10	    0.06	    0.09	 1392.57	 2688.47	    0.00	    0.00	    0.00	 2987.90	  145.53	  250.80	 1699.96	  599.99	  173.16
18	19	    0.02	    0.00	    0.00	    0.04	    0.02	    0.02	    0.00	    0.00	    0.09	 1478.38	  431.15	    0.00	    0.00	 1205.18	 2411.53	    0.00	  177.78	    0.00	 2983.98	    0.00	    0.00	    0.00	    0.00	    0.00
19	17	    0.00	    0.00	    0.00	    0.00	    0.00	    0.00	    0.00	    0.00	    0.00	    0.21	    0.01	    0.90	 1057.65	  707.30	 1311.87	    0.00	    0.14	    0.00	 1712.17	 7842.23	 1749.40	 2799.86	 1099.96	  726.82
19	18	    0.00	   99.94	    0.00	    0.00	    0.00	  199.90	 1099.19	 1698.20	    0.00	    0.00	    0.00	    0.00	   12.99	    0.01	    0.00	   45.67	    0.00	  599.61	    0.00	 4855.71	   87.64	    0.43	    0.17	   10.07
19	20	    0.00	    0.00	    0.00	    0.01	    0.04	  100.01	  654.51	  600.46	    0.24	    0.05	    0.02	    0.01	    0.02	    0.02	    0.03	 1499.75	  483.78	  200.66	   71.91	 2701.18	    0.00	    0.07	    0.03	    0.02
19	21	    0.00	   99.92	    0.00	    0.02	    0.01	  199.98	  700.28	  800.62	    0.13	    0.21	    0.05	    0.00	    0.00	    0.00	    0.16	 1700.23	    0.11	  400.14	    0.08	 3100.88	    0.18	    0.00	    0.00	    0.00
20	19	    0.00	    0.00	    0.00	    0.00	    0.00	    0.00	    0.00	    0.00	    0.00	    0.11	    0.03	  400.72	 1670.31	    0.08	    0.17	    0.00	    0.07	    0.00	    0.18	    0.00	 3037.22	    0.24	    2.17	 1136.49
20	21	  261.10	    0.08	   65.28	    0.08	    0.00	    0.03	    0.06	    0.08	    0.00	    0.00	    0.00	  456.93	 1463.08	    0.00	    0.00	    0.16	    0.00	    0.03	    0.00	    0.41	 4764.51	    0.00	    0.42	 1603.73
20	23	    0.00	    0.00	    0.00	    0.00	    0.00	    0.02	  454.45	  200.38	    0.11	  482.40	    0.00	    0.00	    0.00	    0.00	  671.38	  899.67	  209.79	  100.63	  247.66	 1500.78	 3198.27	 2345.49	    0.00	    0.00
21	14	    0.00	    0.00	    0.00	    0.00	    0.00	    0.00	    0.06	    0.08	    0.00	    0.00	    0.00	    0.06	  882.91	    0.00	    0.00	    0.15	    0.00	    0.03	    0.00	    0.66	 2963.36	10573.15	 2681.27	 1282.49
21	19	    0.00	    0.00	    0.00	    0.00	    0.00	    0.00	    0.00	    0.00	    0.00	    0.10	    0.13	    0.18	    0.36	    2.07	    0.37	    0.00	    0.00	    0.00	    0.00	    0.00	    0.00	 5200.12	 1797.99	    0.43
21	20	    0.01	    0.00	    0.00	    0.02	   97.52	    0.00	    0.00	    0.00	  299.87	 1682.46	    2.52	    0.03	    0.06	    0.43	 1471.51	    0.08	  326.08	    0.00	  575.93	    0.00	    0.00	 4145.66	    0.41	    0.00
21	22	    0.00	    0.00	    0.00	    0.00	    0.00	    0.01	  200.28	  300.62	  312.83	 1324.07	    0.00	    0.00	    0.00	    0.00	  967.35	  500.38	  467.01	  100.14	  306.68	  700.62	    1.32	 4481.07	    0.00	    0.00
22	13	    0.01	    0.00	    0.00	    0.02	    0.00	    0.00	    0.53	    1.00	    0.00	    0.00	    0.00	    0.03	  670.07	    0.00	    0.00	    0.99	    0.00	    0.27	    0.01	    1.52	  797.01	 1126.45	 4615.51	 1180.56
22	21	  138.91	    0.01	   34.72	    0.89	    0.04	    0.00	    0.00	    0.00	    0.00	    0.00	  383.51	  243.35	  720.25	  746.30	    0.00	    0.00	    0.00	    0.00	    0.00	    0.00	    0.00	    0.00	 6579.25	  779.19
22	23	    0.01	    0.00	    0.00	    0.02	    0.00	    0.01	    0.01	    0.02	    0.16	  317.60	  996.95	    0.05	    0.00	 1372.43	  420.02	    0.05	   90.26	    0.00	  148.86	    0.10	    0.06	 1254.71	 3305.24	    0.00
23	12	    0.00	    0.00	    0.00	    0.00	    0.00	    0.00	  354.20	    0.00	    0.00	    0.00	    0.00	    0.00	    0.00	  572.80	  691.40	  599.06	    0.04	  100.50	  296.52	 1099.88	 1202.59	 2500.12	 1903.09	 1800.05
23	20	  361.09	    0.07	   65.28	  200.05	    2.44	    0.03	    0.00	    0.00	    0.00	    0.00	  397.49	 1157.60	 3733.30	  399.64	    0.00	    0.00	    0.00	    0.00	    0.00	    0.00	    0.00	    0.00	  702.15	 3240.20
23	22	  438.84	    0.01	  134.71	    1.68	    0.31	    0.31	    0.26	    0.39	    0.00	    0.00	    0.05	  943.16	 2189.98	    0.00	    0.00	    0.66	    0.00	    0.13	    0.00	    1.00	 1495.74	    0.09	    0.00	 2659.75
