0.000000000000000000e+00 1.000000000000000000e+00 4.494728072252372840e+03
0.000000000000000000e+00 2.000000000000000000e+00 8.118353328120402693e+03
1.000000000000000000e+00 0.000000000000000000e+00 4.519350161065684915e+03
1.000000000000000000e+00 5.000000000000000000e+00 5.966598440073617894e+03
2.000000000000000000e+00 0.000000000000000000e+00 8.093731239307099713e+03
2.000000000000000000e+00 3.000000000000000000e+00 1.402252323148176220e+04
2.000000000000000000e+00 1.100000000000000000e+01 1.003790884630118126e+04
3.000000000000000000e+00 2.000000000000000000e+00 1.404449936950488882e+04
3.000000000000000000e+00 4.000000000000000000e+00 1.801898791305043051e+04
3.000000000000000000e+00 1.000000000000000000e+01 5.210235897119611764e+03
4.000000000000000000e+00 3.000000000000000000e+00 1.804358766137010389e+04
4.000000000000000000e+00 5.000000000000000000e+00 8.798427827321625955e+03
4.000000000000000000e+00 8.000000000000000000e+00 1.578706252768017839e+04
5.000000000000000000e+00 1.000000000000000000e+00 5.991220528886926331e+03
5.000000000000000000e+00 4.000000000000000000e+00 8.805445362718908655e+03
5.000000000000000000e+00 7.000000000000000000e+00 1.249298156492790986e+04
6.000000000000000000e+00 7.000000000000000000e+00 1.210355365522573447e+04
6.000000000000000000e+00 1.700000000000000000e+01 1.579813012590978724e+04
7.000000000000000000e+00 5.000000000000000000e+00 1.252462118913849008e+04
7.000000000000000000e+00 6.000000000000000000e+00 1.204354438287374796e+04
7.000000000000000000e+00 8.000000000000000000e+00 6.881426542626068112e+03
7.000000000000000000e+00 1.500000000000000000e+01 8.384913958450457358e+03
8.000000000000000000e+00 4.000000000000000000e+00 1.580464474060257635e+04
8.000000000000000000e+00 7.000000000000000000e+00 6.835452881165547296e+03
8.000000000000000000e+00 9.000000000000000000e+00 2.174996212453477347e+04
9.000000000000000000e+00 8.000000000000000000e+00 2.182157067599666334e+04
9.000000000000000000e+00 1.000000000000000000e+01 1.772623399974310814e+04
9.000000000000000000e+00 1.400000000000000000e+01 2.312973264545141865e+04
9.000000000000000000e+00 1.500000000000000000e+01 1.104613368265815370e+04
9.000000000000000000e+00 1.600000000000000000e+01 8.100807428654164141e+03
1.000000000000000000e+01 3.000000000000000000e+00 5.307612286823059549e+03
1.000000000000000000e+01 9.000000000000000000e+00 1.760212041577701166e+04
1.000000000000000000e+01 1.100000000000000000e+01 8.366228044134375523e+03
1.000000000000000000e+01 1.300000000000000000e+01 9.777612458648589381e+03
1.100000000000000000e+01 2.000000000000000000e+00 9.991310619464766205e+03
1.100000000000000000e+01 1.000000000000000000e+01 8.403884742574808115e+03
1.100000000000000000e+01 1.200000000000000000e+01 1.230399383596750340e+04
1.200000000000000000e+01 1.100000000000000000e+01 1.239505230757151185e+04
1.200000000000000000e+01 2.300000000000000000e+01 1.111976353916947664e+04
1.300000000000000000e+01 1.000000000000000000e+01 9.813218565945526279e+03
1.300000000000000000e+01 1.400000000000000000e+01 9.036469385022890492e+03
1.300000000000000000e+01 2.200000000000000000e+01 8.397682208697975511e+03
1.400000000000000000e+01 9.000000000000000000e+00 2.319882293797089733e+04
1.400000000000000000e+01 1.300000000000000000e+01 9.079488320559810745e+03
1.400000000000000000e+01 1.800000000000000000e+01 1.908527935170738056e+04
1.400000000000000000e+01 2.100000000000000000e+01 1.840434166656963134e+04
1.500000000000000000e+01 7.000000000000000000e+00 8.402517971769608266e+03
1.500000000000000000e+01 9.000000000000000000e+00 1.107331399083627184e+04
1.500000000000000000e+01 1.600000000000000000e+01 1.168987778251361306e+04
1.500000000000000000e+01 1.700000000000000000e+01 1.528437996566639958e+04
1.600000000000000000e+01 9.000000000000000000e+00 8.100258963384505478e+03
1.600000000000000000e+01 1.500000000000000000e+01 1.167750247419238804e+04
1.600000000000000000e+01 1.800000000000000000e+01 9.952634226248987034e+03
1.700000000000000000e+01 6.000000000000000000e+00 1.585813939826177011e+04
1.700000000000000000e+01 1.500000000000000000e+01 1.534153959548490820e+04
1.700000000000000000e+01 1.900000000000000000e+01 1.898663615656497132e+04
1.800000000000000000e+01 1.400000000000000000e+01 1.911966664043546189e+04
1.800000000000000000e+01 1.600000000000000000e+01 9.939710452658095164e+03
1.800000000000000000e+01 1.900000000000000000e+01 8.685791665590013508e+03
1.900000000000000000e+01 1.700000000000000000e+01 1.900380505873543370e+04
1.900000000000000000e+01 1.800000000000000000e+01 8.707255180727213883e+03
1.900000000000000000e+01 2.000000000000000000e+01 6.302590993317969151e+03
1.900000000000000000e+01 2.100000000000000000e+01 7.002640701903816989e+03
2.000000000000000000e+01 1.900000000000000000e+01 6.242585315003930191e+03
2.000000000000000000e+01 2.100000000000000000e+01 8.617505675308684658e+03
2.000000000000000000e+01 2.300000000000000000e+01 1.030694582578671907e+04
2.100000000000000000e+01 1.400000000000000000e+01 1.838206360589792894e+04
2.100000000000000000e+01 1.900000000000000000e+01 7.001278797525541449e+03
2.100000000000000000e+01 2.000000000000000000e+01 8.607479286844352828e+03
2.100000000000000000e+01 2.200000000000000000e+01 9.658681894344110333e+03
2.200000000000000000e+01 1.300000000000000000e+01 8.390269380457975785e+03
2.200000000000000000e+01 2.100000000000000000e+01 9.625015540829803285e+03
2.200000000000000000e+01 2.300000000000000000e+01 7.901519642268554890e+03
2.300000000000000000e+01 1.200000000000000000e+01 1.111082201077347963e+04
2.300000000000000000e+01 2.000000000000000000e+01 1.025696653593701012e+04
2.300000000000000000e+01 2.200000000000000000e+01 7.860440460514260849e+03
