i	j	       0	       1	       2	       3	       4	       5	       6	       7	       8	       9	      10	      11	      12	      13	      14	      15	      16	      17	      18	      19	      20	      21	      22	      23
0	1	 2600.09	    0.00	  267.78	  200.02	   16.18	    0.00	    0.01	    0.02	   32.35	   97.10	  200.02	  474.80	  462.60	  100.00	   16.19	    0.02	    0.04	    0.00	    0.06	    0.00	    0.01	    0.08	    0.18	   28.84
0	2	 6199.91	 1166.96	    0.00	    0.00	    0.00	  235.78	  140.30	  244.35	    0.00	    0.00	    0.00	    0.00	    0.00	    0.00	    0.00	   96.43	    0.00	   34.91	    0.00	    0.02	    0.00	    0.00	    0.00	    0.00
1	0	    0.00	 1266.96	    0.00	    0.00	    0.00	  535.78	  640.28	 1044.32	    0.00	    0.00	    0.00	    0.00	    0.00	    0.00	    0.00	  596.41	    1.11	  134.91	    0.03	  299.98	    0.00	    0.02	    0.00	    0.00
1	5	 2500.09	 2733.04	  167.78	    0.04	    0.00	    0.00	    0.00	    0.00	    0.00	    0.00	    0.04	  374.80	  162.60	    0.01	    0.00	    0.00	    0.00	    0.00	    0.00	    0.00	    0.01	    0.03	    0.18	   28.84
2	0	    0.00	    0.00	  367.78	  700.02	  216.18	    0.00	    0.03	    0.05	  532.35	 1397.10	  700.02	  674.80	  962.60	  400.00	  516.19	    0.04	  398.92	    0.00	  300.04	    0.04	  100.01	  400.06	  300.18	  128.84
2	3	 4499.92	  666.81	 1932.18	    0.00	    0.00	    0.00	    0.00	    0.00	    0.00	    0.00	    0.00	 3750.55	 2493.48	    0.09	    0.00	    0.00	    0.00	    0.00	    0.00	    0.00	  202.27	    0.03	    2.27	  470.62
2	11	 1599.99	  400.15	  500.03	 1601.77	  403.60	  500.53	  771.14	 1200.00	 1399.64	  665.66	    0.50	    0.00	    0.00	    0.18	   51.52	  532.53	  187.53	  199.48	   22.08	    0.18	    0.00	    0.00	    0.00	    0.00
3	2	    0.00	    0.00	    0.00	 2501.79	  719.77	  564.75	  730.87	 1155.70	 2031.99	 2362.76	  999.92	    0.00	    0.00	  499.82	  667.66	  636.14	  686.45	  164.57	  322.12	    0.18	    0.02	    0.08	    0.05	    0.01
3	4	 3198.75	  166.65	 1332.03	 6697.89	    0.00	    0.00	    0.00	    0.00	    0.00	    0.12	  905.53	 3149.73	 1892.97	  200.10	    0.08	    0.00	    0.01	    0.00	    0.02	    0.00	    2.42	    0.05	  199.89	  270.76
3	10	  801.17	  300.20	  400.16	 2400.31	  699.86	  599.57	    0.04	    4.98	    0.43	    0.16	    0.00	    0.81	    0.50	    0.07	    0.06	    0.31	    0.04	    0.02	    0.02	    0.02	    0.02	    0.05	    0.05	    0.02
4	3	    0.00	    0.04	    0.00	    0.00	 1919.63	 1564.32	 1130.91	 1860.67	 2732.42	 3562.55	    0.00	    0.00	    0.00	    0.00	 1165.53	 1436.45	 1186.37	  264.59	  521.19	  300.20	    0.03	  399.34	    0.00	    0.00
4	5	    0.00	    0.00	  528.52	 2126.47	 1257.94	    0.00	    0.02	    0.03	  567.80	 1302.84	  404.99	 1470.48	  582.39	  100.02	  283.77	    0.04	    0.04	    0.00	    0.10	    0.01	    0.01	    0.00	   99.82	   71.14
4	8	 2998.75	  899.82	  703.51	 4071.43	 2922.43	 1399.96	    0.03	    0.10	    0.00	    0.00	    0.54	 1479.26	 1110.58	    0.08	    0.00	    0.06	    0.00	    0.01	    0.00	    0.03	    0.00	    0.00	    0.07	  199.62
5	1	    0.00	    0.00	    0.00	    0.02	   83.82	  935.78	  840.27	 1444.30	  167.65	  502.90	    0.02	    0.00	    0.00	    0.01	   83.81	  996.39	  201.08	  134.91	   99.96	  399.98	    0.00	   99.97	    0.00	    0.00
5	4	    0.00	  833.21	    0.00	    0.00	    0.00	 3164.27	 1030.40	 1810.28	    0.00	    0.00	    0.00	    0.00	    0.00	    0.00	    0.00	 1454.57	    0.67	  202.63	    0.03	  308.13	    0.08	    0.00	    0.00	    0.00
5	7	 2200.09	 1499.83	  396.30	 1726.49	  974.12	 3499.95	    0.00	    0.00	    0.15	    0.07	    5.01	 1645.27	  544.99	    0.03	    0.00	    0.00	    0.00	    0.00	    0.00	    0.00	    0.00	    0.00	    0.00	    0.00
6	7	    0.00	    0.00	    0.00	    0.00	    0.00	    0.00	 4174.20	    0.00	    0.00	    0.00	    0.00	    0.00	    0.00	  399.55	  599.15	  396.52	  140.82	  999.18	  998.42	 2598.98	  500.00	  799.76	  299.93	  199.96
6	17	  430.67	  336.64	    8.80	  433.34	  120.87	  985.88	 7925.80	 4520.42	  821.06	    0.66	    0.13	  217.40	    0.12	    0.00	    0.00	    0.00	    0.03	    0.00	    0.00	    0.00	    0.00	    0.00	    0.00	    0.00
7	5	    0.00	    0.00	    0.00	    0.00	    0.00	    0.00	 2270.65	 4054.56	    0.00	    0.12	    0.00	    0.00	    0.00	    0.00	    0.04	 3350.93	  701.71	  437.53	  299.89	 1008.09	  100.06	  299.94	    0.00	    0.01
7	6	  930.67	  536.64	  108.80	  833.34	  320.87	 1385.88	    0.00	 5520.42	 1421.01	    3.95	    1.05	  917.33	   63.50	    0.00	    0.00	    0.00	    0.11	    0.00	    0.00	    0.00	    0.00	    0.00	    0.00	    0.00
7	8	    0.00	    0.00	    0.00	    0.00	    0.00	    0.00	  903.55	 3745.38	    0.00	    0.00	    0.00	    0.00	    0.00	    0.00	    0.00	 1281.39	    0.12	  262.02	    0.00	  692.03	    0.10	    0.00	    0.00	    0.00
7	15	  469.49	  563.23	  174.46	  691.39	  432.10	 1314.16	    0.00	 3379.65	  879.82	    0.00	    0.06	  480.27	    0.26	    0.00	    0.00	    0.00	    0.00	    0.00	    0.00	    0.00	    0.00	    0.00	    0.00	    0.00
8	4	    0.00	    0.00	    0.00	    0.00	    0.00	    0.00	  300.56	  550.52	 4100.22	 5865.27	    0.00	    0.00	    0.00	    0.00	 1649.22	  481.97	 1385.73	   61.97	  621.24	   92.11	   97.55	  599.29	    0.00	    0.00
8	7	    0.08	    0.04	   86.96	  498.24	  278.84	    0.09	    0.00	    0.00	 3100.68	 1603.74	  796.10	  352.33	  118.78	    0.00	    0.00	    0.00	    0.23	    0.00	    0.00	    0.00	    0.00	    0.00	    0.00	    0.00
8	9	 2498.67	  699.78	  516.56	 2873.18	 1843.58	  999.87	    3.07	 2394.96	 8999.11	    0.00	    0.00	  526.98	  391.86	    0.00	    0.00	    0.85	    0.00	    0.16	    0.00	    0.34	    0.00	    0.00	    0.00	    0.00
9	8	    0.00	    0.00	    0.00	    0.00	    0.00	    0.00	    0.05	    0.00	    0.00	10269.01	 2195.56	    0.05	    0.05	  599.92	 2649.22	  601.37	 2285.83	    0.10	 1021.24	    0.40	  397.44	 1299.29	  499.93	    0.38
9	10	    0.00	    0.00	    0.00	    0.00	    0.00	    0.00	  499.64	  795.05	 1727.80	 8390.35	    0.00	    0.00	    0.00	    0.00	 1290.51	 1567.17	 1912.00	  199.81	  426.81	  422.58	    2.79	  493.47	    0.00	    0.00
9	14	  799.37	   99.96	   99.92	 1098.52	  596.54	  199.89	    0.00	    0.00	 3071.92	14600.90	 1902.13	  655.79	    2.97	    0.00	    0.00	    0.00	    0.80	    0.00	    0.00	    0.00	    0.00	    0.00	    0.00	    0.00
9	15	    0.00	    0.00	   16.75	   75.32	   47.07	    0.00	    0.00	    0.00	  499.55	 8038.92	 2165.82	  202.18	    0.11	    0.00	    0.00	    0.00	    0.00	    0.00	    0.00	    0.00	    0.00	    0.00	    0.00	    0.00
9	16	  399.81	    0.02	   99.98	  499.91	  199.96	    0.04	    0.08	    0.12	  899.84	 3900.82	  999.78	  599.89	  499.91	    0.06	    0.13	    0.11	    0.00	    0.05	    0.07	    0.14	    0.05	    0.14	    0.05	    0.03
10	3	    0.00	    0.00	    0.00	    0.00	    0.00	    0.00	    0.00	    0.00	    0.00	    0.49	 3405.45	    0.00	    0.00	 1199.90	    2.26	    0.00	    0.13	    0.00	    0.97	    0.00	    0.16	    0.81	  697.73	    0.18
10	9	    0.50	    0.14	    0.10	    0.57	    0.00	    0.00	    0.00	    0.00	    0.00	    0.00	11163.29	 2930.93	 2011.18	 1115.24	    0.00	    0.00	    0.00	    0.00	    0.00	    0.00	    0.00	    0.00	  329.02	   55.36
10	11	    0.00	    0.00	    0.00	    0.00	    0.00	    0.00	    0.00	    0.00	    0.11	 3234.39	 2400.61	    0.00	    0.00	  714.11	  654.90	  167.48	  912.43	    0.02	  280.41	    0.00	    0.00	    0.00	    0.00	    0.00
10	13	  300.77	  100.10	  100.11	  999.83	  199.88	  199.64	    0.00	    0.03	  328.13	 1155.63	 5330.65	 1044.06	   20.89	    0.00	    0.00	    0.00	    0.05	    0.00	    0.00	    0.00	    0.00	    0.00	    0.00	    0.00
11	2	    0.00	    0.00	    0.00	    0.00	    0.00	    0.00	    0.00	    0.00	    0.00	    0.00	    0.60	 4625.35	 3556.08	    0.45	    0.05	    0.00	    0.00	    0.00	    0.00	    0.03	  302.25	  500.00	  402.39	  599.45
11	10	    0.11	    0.04	    0.05	    0.08	    0.03	    0.07	    0.00	    0.00	    0.00	    0.00	    0.00	 5374.18	 3031.57	    0.00	    0.00	    0.00	    0.00	    0.00	    0.00	    0.00	    0.04	    0.00	    0.00	    0.39
11	12	 1399.89	  300.11	  299.98	 1001.69	  203.57	  300.46	   71.47	  600.00	  799.75	 1900.05	 1000.51	 3900.47	    0.00	   14.11	    6.37	    0.56	  499.96	    0.03	    2.49	    0.04	    0.00	    0.00	    0.00	    0.00
12	11	    0.00	    0.00	    0.00	    0.00	    0.00	    0.00	    0.32	    0.00	    0.00	    0.00	    0.00	    0.00	 7887.65	    0.27	    0.00	    0.55	    0.00	    0.53	    0.00	  499.88	  602.29	 1200.00	 1102.39	 1099.84
12	23	  899.89	    0.11	  199.98	  401.69	    3.57	  100.46	    0.00	    0.00	  199.75	    0.05	    0.51	 2600.47	 6712.35	    0.00	    0.00	    0.00	    0.00	    0.00	    0.00	    0.00	    0.00	    0.00	    0.00	    0.00
13	10	    0.00	    0.00	    0.00	    0.00	    0.00	    0.00	    0.32	    0.00	    0.00	    0.00	    0.00	    0.00	    0.00	 4629.19	  766.60	    0.00	    0.56	    0.19	  254.55	  177.39	  397.31	  607.29	 2326.70	  655.12
13	14	    0.66	    0.09	    0.09	    0.84	    0.06	    0.07	    0.00	    0.00	    0.00	    0.00	 1038.60	  343.90	  101.09	 6245.06	    0.00	    0.00	    0.00	    0.00	    0.00	    0.00	    0.00	    0.00	 1177.56	  127.72
13	22	    0.12	    0.01	    0.03	  499.00	   99.82	   99.58	    0.00	    0.00	  201.52	  725.19	 2692.11	    0.19	    0.00	 3225.75	  473.35	    0.00	  234.10	    0.00	  148.77	    0.00	    0.00	    0.00	    0.00	    0.00
14	9	    0.00	    0.00	    0.00	    0.00	    0.00	    0.00	    0.00	    0.00	    0.00	    0.00	    0.00	    0.00	    0.00	 1584.74	 7939.85	    0.30	    0.78	    0.05	 3247.92	 1710.83	 1600.29	 4392.91	 1970.96	  745.05
14	13	    0.00	    0.00	    0.00	    0.00	    0.00	    0.00	  199.86	  399.21	  473.40	 1669.56	    0.07	    0.00	    0.00	    0.00	 2539.95	  699.57	  934.62	   99.96	  703.31	  676.30	    0.24	  682.54	    0.00	    0.00
14	18	  300.03	    0.06	    0.01	  200.07	  100.03	    0.08	    0.02	    0.03	  400.14	 3256.64	  832.98	  300.06	  279.20	 2895.77	 5899.46	    0.06	    0.41	    0.01	    0.00	    0.05	  559.55	 2899.91	  899.98	  259.05
14	21	    0.00	    0.00	    0.00	  399.30	  296.57	    0.00	    0.00	    0.00	 1298.38	 5674.70	  707.68	    0.00	    0.00	  464.55	 5020.74	    0.23	 2461.06	    0.00	 2080.24	    0.00	    0.00	    0.00	    0.00	    0.00
15	7	    0.00	    0.00	    0.00	    0.00	    0.00	    0.00	    0.00	    0.00	    0.00	    0.27	    0.00	    0.00	    0.00	    0.42	    0.89	 6435.80	 1960.90	    0.37	    1.47	    1.14	    0.16	    0.18	    0.07	    0.05
15	9	    0.00	    0.05	    0.00	    0.00	    0.00	    0.07	 2396.01	    0.21	    0.00	    0.00	    0.00	    0.00	    0.00	    0.00	    0.00	 6565.86	    0.57	  899.49	    0.19	 1211.74	    0.00	    0.00	    0.00	    0.00
15	16	    0.18	  199.98	    0.01	    0.06	    0.03	  499.99	 1000.82	 1400.24	    0.11	    0.50	    0.09	    0.05	    0.00	    0.00	    0.00	 5969.56	    0.00	  600.33	    0.00	 1539.24	  348.00	    0.00	    0.00	  126.86
15	17	    0.02	    0.00	    0.00	    0.02	    0.00	    0.03	    0.00	    0.15	    0.16	 3640.04	  766.20	    0.13	    0.00	    0.03	    0.37	 7128.78	 3758.88	    0.00	    0.37	    0.00	    0.00	    0.00	    0.00	    0.00
16	9	    0.00	    0.00	    0.00	    0.00	    0.00	    0.00	    0.69	    0.00	    0.00	    0.00	    0.00	    0.00	    0.00	    0.00	    0.00	    1.65	 8097.29	    0.26	    0.00	    0.21	    0.00	    0.00	    0.00	    0.00
16	15	    0.00	    0.00	    0.00	    0.00	    0.00	    0.00	    0.00	    0.00	    0.00	    1.53	    0.29	    0.00	    0.00	  689.68	 1183.12	    0.00	 8520.23	    0.00	 1282.44	    0.00	    0.05	    0.11	    0.04	    0.03
16	18	    0.03	    0.02	    0.00	    0.02	    0.01	    0.04	    0.22	    0.36	    0.04	    0.16	    0.00	    0.00	    0.00	    0.00	    0.00	 3168.02	 6782.48	    0.12	    0.00	    0.00	    0.00	    0.00	    0.00	    0.00
17	6	    0.00	    0.00	    0.00	    0.00	    0.00	    0.00	    0.00	    0.00	    0.05	 1896.71	  499.08	    0.07	  336.62	  599.55	 1099.15	 1796.52	 1140.73	 1199.18	 1398.42	 3098.98	  700.00	 1299.76	  499.93	  299.96
17	15	   30.70	   36.81	    8.80	   33.37	   20.86	   85.93	 4796.84	  220.95	   20.90	    0.37	    0.12	   17.72	  599.63	   10.77	   18.14	    0.00	    0.11	 2000.20	   19.60	 4352.13	  948.10	 1200.07	  500.03	  426.88
17	19	  299.99	  299.83	    0.00	  299.99	  100.01	  799.97	 2928.96	 3999.62	  600.26	 1043.83	  167.14	    0.10	    0.08	    0.00	    0.00	 4832.27	 2018.20	 1600.63	    0.00	    0.00	    0.00	    0.00	    0.00	    0.00
18	14	    0.00	    0.01	    0.00	    0.00	    0.00	    0.12	  699.82	  999.16	    0.00	    0.00	    0.00	    0.00	    0.00	    0.00	    0.00	 1899.99	 4896.07	  300.00	 6831.47	 3486.73	    0.16	    0.38	    0.16	    0.07
18	16	    0.04	    0.02	    0.01	    0.05	    0.02	    0.00	    0.00	    0.00	    0.08	    0.37	    0.42	    0.06	    0.09	 1389.62	 2682.99	    0.00	    0.00	    0.00	 2982.37	  160.83	  252.01	 1699.96	  599.99	  173.15
18	19	    0.02	    0.00	    0.00	    0.04	    0.02	    0.02	    0.00	    0.00	    0.09	 1456.43	  432.56	    0.00	    0.00	 1206.16	 2416.47	    0.00	  186.82	    0.00	 2986.16	    0.00	    0.00	    0.00	    0.00	    0.00
19	17	    0.00	    0.00	    0.00	    0.00	    0.00	    0.00	    0.00	    0.00	    0.00	    0.21	    0.01	    0.36	 1036.21	  710.30	 1316.92	    0.00	    0.14	    0.00	 1717.64	 7851.10	 1748.11	 2799.83	 1099.96	  726.84
19	18	    0.00	   99.96	    0.00	    0.00	    0.00	  200.03	 1099.58	 1698.77	    0.00	    0.00	    0.00	    0.00	   20.90	    0.01	    0.00	   31.92	    0.00	  599.87	    0.00	 4847.51	   92.61	    0.43	    0.17	   14.16
19	20	    0.00	    0.00	    0.00	    0.01	    0.02	  100.01	  629.01	  600.22	    0.30	    0.05	    0.02	    0.01	    0.02	    0.02	    0.03	 1500.28	  504.84	  200.59	   68.61	 2700.49	    0.00	    0.07	    0.03	    0.02
19	21	    0.00	   99.88	    0.00	    0.02	    0.01	  199.95	  700.37	  800.63	    0.06	    0.21	    0.05	    0.00	    0.00	    0.00	    0.16	 1700.07	    0.11	  400.17	    0.08	 3100.90	    0.18	    0.00	    0.00	    0.00
20	19	    0.00	    0.00	    0.00	    0.00	    0.00	    0.00	    0.00	    0.00	    0.00	    0.11	    0.03	  400.16	 1656.68	    0.08	    0.17	    0.00	    0.07	    0.00	    0.18	    0.00	 3040.89	    0.24	    1.02	 1140.51
20	21	  263.96	    0.07	   65.99	    0.26	    0.00	    0.03	    0.06	    0.08	    0.00	    0.00	    0.00	  461.92	 1465.11	    0.00	    0.00	    0.16	    0.00	    0.03	    0.00	    0.40	 4759.95	    0.00	    0.00	 1601.56
20	23	    0.00	    0.00	    0.00	    0.00	    0.00	    0.02	  428.95	  200.14	    0.16	  515.02	    0.00	    0.00	    0.00	    0.00	  678.13	  900.20	  214.49	  100.56	  251.63	 1500.09	 3199.16	 2317.67	    0.00	    0.00
21	14	    0.00	    0.00	    0.00	    0.00	    0.00	    0.00	    0.06	    0.08	    0.00	    0.00	    0.00	    0.37	  875.14	    0.00	    0.00	    0.16	    0.00	    0.03	    0.00	    0.45	 2959.93	10574.98	 2693.21	 1276.31
21	19	    0.00	    0.00	    0.00	    0.00	    0.00	    0.00	    0.00	    0.00	    0.00	    0.10	    0.34	    0.11	    0.37	    4.08	    0.48	    0.00	    0.00	    0.00	    0.00	    0.00	    0.00	 5200.10	 1799.14	    0.52
21	20	    0.01	    0.00	    0.00	    0.03	   96.70	    0.00	    0.00	    0.00	  299.87	 1715.07	    2.60	    0.00	    0.00	    0.94	 1478.26	    0.08	  309.72	    0.00	  583.19	    0.00	    0.00	 4117.84	    0.45	    0.00
21	22	    0.00	    0.00	    0.00	    0.00	    0.00	    0.01	  200.37	  300.62	  298.57	 1359.74	    0.00	    0.00	    0.00	    0.00	  942.16	  500.22	  451.45	  100.17	  297.13	  700.85	    0.20	 4507.08	    0.00	    0.00
22	13	    0.01	    0.00	    0.00	    0.02	    0.00	    0.00	    0.46	    0.76	    0.00	    0.00	    0.00	    0.03	  680.20	    0.00	    0.00	    0.43	    0.00	    0.22	    0.01	    1.09	  797.07	 1124.75	 4604.26	 1182.85
22	21	  136.06	    0.05	   34.01	    0.45	    0.12	    0.03	    0.00	    0.00	    0.00	    0.00	  395.22	  238.56	  710.39	  740.47	    0.00	    0.00	    0.00	    0.00	    0.00	    0.00	    0.00	    0.00	 6592.81	  775.26
22	23	    0.01	    0.00	    0.00	    0.03	    0.00	    0.01	    0.01	    0.03	    0.09	  284.93	  996.95	    0.00	    0.00	 1385.28	  415.51	    0.07	   85.55	    0.00	  145.89	    0.13	    0.06	 1282.42	 3302.93	    0.00
23	12	    0.00	    0.00	    0.00	    0.00	    0.00	    0.00	  328.86	    0.00	    0.00	    0.00	    0.00	    0.00	    0.00	  586.16	  693.63	  599.99	    0.04	  100.50	  297.51	 1099.84	 1202.29	 2500.00	 1902.39	 1799.84
23	20	  363.94	    0.07	   65.99	  200.23	    3.28	    0.03	    0.00	    0.00	    0.00	    0.00	  397.40	 1162.08	 3721.76	  399.12	    0.00	    0.00	    0.00	    0.00	    0.00	    0.00	    0.00	    0.00	  700.54	 3242.05
23	22	  435.96	    0.04	  133.99	    1.49	    0.29	    0.46	    0.11	    0.17	    0.00	    0.00	    0.05	  938.39	 2190.59	    0.00	    0.00	    0.28	    0.00	    0.05	    0.00	    0.37	 1496.92	    0.09	    0.00	 2658.11
