i	j	       0	       1	       2	       3	       4	       5	       6	       7	       8	       9	      10	      11	      12	      13	      14	      15	      16	      17	      18	      19	      20	      21	      22	      23
0	1	 2600.44	    0.00	  261.01	  199.98	   19.63	    0.00	    0.01	    0.02	   39.26	  117.84	  199.98	  467.89	  452.80	   99.99	   19.62	    0.02	    0.04	    0.00	    0.02	    0.00	    0.01	    0.08	    0.13	   27.91
0	2	 6199.56	 1115.41	    0.00	    0.00	    0.00	  164.77	   60.90	  107.17	    0.00	    0.00	    0.00	    0.00	    0.00	    0.00	    0.00	   28.43	    0.00	   14.85	    0.00	    0.02	    0.00	    0.00	    0.00	    0.00
1	0	    0.00	 1215.41	    0.00	    0.00	    0.00	  464.77	  560.88	  907.14	    0.00	    0.00	    0.00	    0.00	    0.00	    0.00	    0.00	  528.41	  393.76	  114.85	    0.03	  299.97	    0.00	    0.00	    0.00	    0.00
1	5	 2500.44	 2784.59	  161.01	    0.00	    0.00	    0.00	    0.00	    0.00	    0.00	    0.00	    0.00	  367.89	  152.80	    0.00	    0.00	    0.00	    0.00	    0.00	    0.00	    0.00	    0.01	    0.01	    0.13	   27.91
2	0	    0.00	    0.00	  361.01	  699.98	  219.63	    0.00	    0.03	    0.06	  539.26	 1417.84	  699.98	  667.89	  952.80	  399.99	  519.62	    0.04	    6.28	    0.00	  299.99	    0.05	  100.01	  400.08	  300.13	  127.91
2	3	 4499.42	  615.30	 1938.92	    0.00	    0.00	    0.05	    0.00	    0.00	    0.00	    0.00	    0.00	 3815.72	 2462.25	    0.10	    0.00	    0.00	    0.00	    0.00	    0.00	    0.00	  203.42	    0.23	    2.48	  471.77
2	11	 1600.14	  400.12	  500.07	 1603.56	  403.71	  500.73	  701.03	 1200.00	 1399.54	  793.37	    0.55	    0.00	    0.00	    0.10	   71.01	  448.00	  223.62	  199.05	   30.43	    0.25	    0.00	    0.00	    0.00	    0.00
3	2	    0.00	    0.00	    0.00	 2503.54	  723.34	  636.01	  740.16	 1292.88	 2038.81	 2511.21	 1000.29	    0.00	    0.00	  499.91	  690.57	  619.61	  329.91	  184.20	  330.42	    0.24	    0.00	    0.14	    0.04	    0.00
3	4	 3196.99	  114.73	 1338.40	 6696.17	    0.00	    0.00	    0.00	    0.00	    0.00	    0.16	  904.63	 3215.06	 1861.75	  200.00	    0.02	    0.00	    0.00	    0.00	    0.01	    0.00	    3.47	    0.08	  199.83	  271.75
3	10	  802.43	  300.61	  400.52	 2400.28	  699.37	  599.25	    0.34	    2.44	    0.06	    0.18	    0.00	    0.66	    0.50	    0.07	    0.06	    1.53	    0.05	    0.14	    0.02	    0.03	    0.02	    0.05	    0.06	    0.03
4	3	    0.00	    0.05	    0.00	    0.00	 1922.72	 1635.21	 1140.50	 1995.33	 2738.87	 3709.53	    0.00	    0.00	    0.00	    0.00	 1189.10	 1421.15	  829.65	  284.34	  529.78	  300.27	    0.07	  398.83	    0.00	    0.00
4	5	    0.00	    0.00	  540.07	 2156.96	 1271.94	    0.00	    0.02	    0.04	  560.74	 1282.01	  404.01	 1502.64	  536.94	  100.01	  280.06	    0.04	    0.11	    0.00	    0.05	    0.01	    0.01	    0.02	   99.83	   72.07
4	8	 2996.99	  899.36	  698.33	 4039.21	 2905.35	 1400.06	    0.03	    0.13	    0.00	    0.00	    0.63	 1512.42	 1124.81	    0.00	    0.00	    0.08	    0.00	    0.01	    0.00	    0.03	    0.00	    0.00	    0.00	  199.67
5	1	    0.00	    0.00	    0.00	    0.02	   80.37	  864.77	  760.87	 1307.12	  160.74	  482.16	    0.02	    0.00	    0.00	    0.01	   80.38	  928.39	  593.72	  114.85	  100.01	  399.97	    0.00	   99.93	    0.00	    0.00
5	4	    0.00	  884.68	    0.00	    0.00	    0.00	 3235.26	  990.47	 1844.13	    0.00	    0.00	    0.00	    0.00	    0.00	    0.00	    0.00	 1330.00	    0.85	  209.96	    0.03	  296.53	    0.05	    0.08	    0.00	    0.00
5	7	 2200.44	 1499.91	  401.08	 1756.94	  991.57	 3499.96	    0.00	    0.00	    0.00	    0.00	    3.99	 1670.52	  489.74	    0.00	    0.00	    0.00	    0.00	    0.00	    0.00	    0.00	    0.00	    0.00	    0.00	    0.00
6	7	    0.00	    0.00	    0.00	    0.00	    0.00	    0.00	 4102.32	    0.00	    0.00	    0.19	    0.10	    0.00	    0.00	  399.78	  599.49	  329.55	  146.25	  999.08	  998.72	 2599.27	  499.96	  799.87	  300.00	  199.99
6	17	  435.97	  343.06	   10.42	  441.12	  125.75	 1000.72	 7997.68	 4557.85	  840.05	    0.23	    0.14	  225.10	    0.00	    0.00	    0.00	    0.00	    0.00	    0.00	    0.00	    0.00	    0.00	    0.00	    0.00	    0.00
7	5	    0.00	    0.00	    0.00	    0.00	    0.00	    0.00	 2151.32	 3951.21	    0.00	    0.14	    0.00	    0.00	    0.00	    0.00	    0.32	 3158.35	 1094.46	  424.80	  299.99	  996.48	  100.02	  299.98	    0.04	    0.01
7	6	  935.97	  543.06	  110.42	  841.12	  325.75	 1400.72	    0.00	 5557.85	 1439.91	    2.25	    0.93	  925.10	    1.56	    0.00	    0.00	    0.00	    0.09	    0.00	    0.00	    0.00	    0.00	    0.00	    0.00	    0.00
7	8	    0.00	    0.00	    0.00	    0.00	    0.00	    0.00	  951.01	 3848.68	    0.00	    0.00	    0.00	    0.00	    0.00	    0.00	    0.00	  992.75	    0.00	  274.47	    0.00	  703.28	    0.00	    0.00	    0.00	    0.00
7	15	  464.56	  556.90	  175.62	  696.00	  434.96	 1299.35	    0.00	 3342.27	  936.61	    0.24	    0.08	  502.74	    0.46	    0.00	    0.00	    0.00	    0.00	    0.00	    0.00	    0.00	    0.00	    0.00	    0.00	    0.00
8	4	    0.00	    0.00	    0.00	    0.00	    0.00	    0.00	  350.09	  651.36	 4099.61	 5991.38	    0.00	    0.00	    0.00	    0.00	 1669.14	  591.26	 1028.91	   74.40	  629.79	  103.79	   96.56	  598.70	    0.00	    0.00
8	7	    0.09	    0.05	   84.97	  480.17	  269.14	    0.10	    0.00	    0.00	 3176.52	 1602.14	  796.92	  357.32	  112.28	    0.00	    0.00	    0.00	    0.22	    0.00	    0.00	    0.00	    0.00	    0.00	    0.00	    0.00
8	9	 2496.90	  699.31	  513.37	 2859.04	 1836.21	  999.95	    1.01	 2397.44	 8923.87	    0.00	    0.00	  555.16	  412.59	    0.00	    0.00	   66.87	    0.00	    0.21	    0.00	    0.00	    0.00	    0.00	    0.00	    0.00
9	8	    0.00	    0.00	    0.00	    0.00	    0.00	    0.00	    0.06	    0.00	    0.00	10393.52	 2196.30	    0.06	    0.06	  600.00	 2669.14	 1065.32	 1929.13	    0.12	 1029.79	    0.48	  396.56	 1298.70	  500.00	    0.33
9	10	    0.00	    0.00	    0.00	    0.00	    0.00	    0.00	  499.66	  797.56	 1704.16	 8230.41	    0.00	    0.00	    0.00	    0.00	 1374.46	 1651.19	 1876.41	  199.88	  455.01	  478.07	    1.57	  513.69	    0.00	    0.00
9	14	  799.38	   99.89	   99.93	 1098.55	  596.85	  199.79	    0.00	    0.00	 3096.34	14520.82	 1915.68	  663.55	   15.39	    0.00	    0.00	    0.00	    0.89	    0.00	    0.00	    0.00	    0.00	    0.00	    0.00	    0.00
9	15	    0.00	    0.00	   13.98	   63.03	   39.40	    0.00	    0.00	    0.00	  423.58	 8155.66	 2213.62	  169.69	    0.65	    0.00	    0.00	    0.00	    0.00	    0.00	    0.00	    0.00	    0.00	    0.00	    0.00	    0.00
9	16	  399.53	    0.10	   99.97	  499.89	  199.96	    0.25	    0.09	    0.13	  899.80	 3899.60	  999.84	  599.87	  499.83	    0.06	    0.14	    0.26	    0.00	    0.06	    0.08	    0.16	    0.06	    0.16	    0.06	    0.03
10	3	    0.00	    0.00	    0.00	    0.00	    0.00	    0.00	    0.00	    0.00	    0.00	    2.03	 3404.92	    0.00	    0.00	 1199.89	    1.56	    0.00	    0.30	    0.00	    0.67	    0.00	    0.00	    1.21	  697.45	    0.00
10	9	    2.01	    0.62	    0.52	    2.44	    0.00	    0.00	    0.00	    0.00	    0.00	    0.00	11225.43	 2878.02	 2003.34	 1083.38	    0.00	    0.00	    0.00	    0.00	    0.00	    0.00	    0.00	    0.00	  316.62	   48.08
10	11	    0.00	    0.00	    0.00	    0.00	    0.00	    0.00	    0.00	    0.00	    0.12	 3106.63	 2400.20	    0.00	    0.00	  815.79	  668.35	  252.72	  876.15	    0.02	  286.41	    0.00	    0.00	    0.06	    0.06	    0.00
10	13	  300.55	  100.04	  100.07	  997.93	  199.40	  199.33	    0.00	    0.00	  304.10	 1121.93	 5269.44	 1035.99	  102.53	    0.00	    0.00	    0.00	    0.00	    0.00	    0.00	    0.00	    0.00	    0.00	    0.00	    0.00
11	2	    0.00	    0.00	    0.00	    0.00	    0.00	    0.00	    0.00	    0.00	    0.00	    0.00	    0.24	 4683.60	 3515.05	    0.29	    0.06	    0.00	    0.00	    0.00	    0.00	    0.04	  303.43	  500.17	  402.58	  599.69
11	10	    0.13	    0.05	    0.07	    0.09	    0.02	    0.08	    0.00	    0.00	    0.00	    0.00	    0.00	 5313.35	 3105.37	    0.00	    0.00	    0.00	    0.00	    0.00	    0.00	    0.00	    0.12	    0.00	    0.00	    0.28
11	12	 1400.01	  300.07	  300.00	 1003.48	  203.69	  300.65	    1.47	  600.00	  799.67	 1900.00	 1000.52	 3903.05	    0.00	  115.90	   39.51	    0.81	  499.77	    0.04	   16.93	    0.05	    0.00	    0.00	    0.00	    0.00
12	11	    0.00	    0.00	    0.00	    0.00	    0.00	    0.00	    0.44	    0.00	    0.00	    0.00	    0.00	    0.00	 7920.42	    0.29	    0.21	    0.08	    0.00	    0.97	    0.09	  499.84	  603.55	 1200.10	 1102.51	 1099.97
12	23	  900.01	    0.07	  200.00	  403.48	    3.69	  100.65	    0.00	    0.00	  199.67	    0.00	    0.52	 2603.05	 6679.58	    0.00	    0.00	    0.00	    0.00	    0.00	    0.00	    0.00	    0.00	    0.00	    0.00	    0.00
13	10	    0.00	    0.00	    0.00	    0.00	    0.00	    0.00	    0.00	    0.00	    0.00	    0.00	    0.00	    0.00	    0.00	 4698.98	  695.39	    0.00	    0.00	    0.00	  232.06	  121.91	  398.29	  587.53	 2314.06	  647.77
13	14	    0.57	    0.04	    0.07	    0.54	    0.00	    0.00	    0.00	    0.00	    0.00	    0.00	  974.16	  336.32	  110.26	 6237.89	    0.00	    0.00	    0.00	    0.00	    0.00	    0.00	    0.00	    0.00	 1253.88	  149.03
13	22	    0.00	    0.00	    0.00	  497.42	   99.41	   99.34	    0.00	    0.00	  207.77	  861.45	 2695.35	    0.00	    0.00	 3163.13	  442.56	    0.00	  232.68	    0.00	  137.83	    0.00	    0.00	    0.00	    0.00	    0.00
14	9	    0.00	    0.00	    0.00	    0.00	    0.00	    0.00	    0.10	    0.00	    0.00	    0.00	    0.00	    0.00	    0.00	 1616.69	 8043.73	    0.33	    0.00	    0.10	 3284.65	 1019.39	 1598.19	 4412.54	 1983.44	  752.27
14	13	    0.00	    0.00	    0.00	    0.00	    0.01	    0.00	  199.73	  399.46	  503.68	 1839.52	    0.07	    0.00	    0.00	    0.00	 2437.95	  699.06	  932.68	   99.87	  669.87	  620.97	    0.99	  653.80	    0.00	    0.00
14	18	  299.94	    0.02	    0.00	  199.99	   99.99	    0.06	    0.02	    0.03	  400.29	 3142.76	  785.37	  300.07	  285.59	 2896.49	 5899.29	    0.06	    0.46	    0.01	    0.00	    0.05	  666.58	 2899.91	  899.98	  305.40
14	21	    0.00	    0.00	    0.00	  399.10	  296.85	    0.00	    0.00	    0.00	 1292.38	 5538.54	  704.39	    0.00	    0.00	  424.71	 5019.03	    0.26	 2665.15	    0.00	 2112.23	    0.00	    0.00	    0.00	    0.00	    0.00
15	7	    0.00	    0.00	    0.00	    0.00	    0.00	    0.00	    0.00	    0.00	    0.00	    0.30	    0.00	    0.00	    0.00	    0.22	    0.83	 6021.54	 2348.08	    0.19	    1.27	    0.50	    0.07	    0.11	    0.04	    0.03
15	9	    0.00	    0.06	    0.00	    0.00	    0.00	    0.08	 2398.70	    0.24	    0.00	    0.00	    0.00	    0.00	    0.00	    0.00	    0.00	 5716.77	    0.65	  899.76	    0.22	 1959.31	    0.00	    0.00	    0.00	    0.00
15	16	    0.54	  199.98	    0.03	    0.16	    0.07	  499.93	 1000.02	 1400.92	    0.13	    0.58	    0.10	    0.06	    0.00	    0.00	    0.00	 6780.11	    0.00	  600.01	    0.00	 1232.76	  208.34	    0.00	    0.00	   76.94
15	17	    0.02	    0.01	    0.00	    0.02	    0.01	    0.03	    0.00	    0.19	    0.39	 3755.87	  813.85	    0.17	    0.01	    0.03	    0.21	 7581.58	 3485.20	    0.00	    0.21	    0.00	    0.00	    0.00	    0.00	    0.00
16	9	    0.00	    0.00	    0.00	    0.00	    0.00	    0.00	    0.00	    0.00	    0.00	    0.00	    0.00	    0.00	    0.00	    0.00	    0.00	 1332.78	 7705.77	    0.00	    0.00	    0.00	    0.00	    0.00	    0.00	    0.00
16	15	    0.00	    0.00	    0.00	    0.00	    0.00	    0.00	    0.00	    0.00	    0.00	    0.45	    0.12	    0.00	    0.00	  640.44	 1099.09	    0.00	 8633.80	    0.00	 1191.55	    0.00	    0.06	    0.12	    0.05	    0.03
16	18	    0.07	    0.09	    0.00	    0.05	    0.02	    0.17	    0.11	    1.05	    0.10	    0.45	    0.00	    0.04	    0.00	    0.00	    0.00	 2647.58	 7060.43	    0.06	    0.00	    0.00	    0.00	    0.00	    0.00	    0.00
17	6	    0.00	    0.00	    0.00	    0.00	    0.00	    0.00	    0.00	    0.00	    0.13	 1898.17	  499.31	    0.00	  398.44	  599.78	 1099.49	 1729.55	 1146.16	 1199.08	 1398.72	 3099.27	  699.96	 1299.87	  500.00	  299.99
17	15	   36.00	   43.16	   10.42	   41.15	   25.72	  100.69	 4798.72	  259.09	   40.34	    0.40	    0.13	   27.79	  598.89	   59.81	  101.95	    0.00	    0.13	 1999.95	  110.15	 4792.56	  808.34	 1199.99	  499.99	  376.94
17	19	  299.99	  299.91	    0.00	  299.99	  100.04	  800.06	 2998.96	 3998.95	  599.96	 1157.80	  214.56	    0.02	    0.00	    0.00	    0.00	 5352.03	 1739.07	 1600.97	    0.00	    0.00	    0.00	    0.00	    0.00	    0.00
18	14	    0.00	    0.08	    0.00	    0.00	    0.00	    0.27	  699.68	  999.40	    0.00	    0.00	    0.00	    0.00	    0.00	    0.00	    0.00	 1899.54	 5097.40	  299.91	 6866.75	 2739.90	    0.18	    0.43	    0.18	    0.08
18	16	    0.00	    0.00	    0.00	    0.00	    0.00	    0.00	    0.00	    0.00	    0.17	    0.73	    0.19	    0.11	    0.17	 1340.37	 2598.95	    0.00	    0.00	    0.00	 2891.48	  467.09	  391.67	 1699.97	  600.00	  223.06
18	19	    0.02	    0.00	    0.00	    0.04	    0.02	    0.03	    0.00	    0.00	    0.22	 1342.48	  385.19	    0.00	    0.00	 1256.13	 2500.34	    0.00	  263.49	    0.00	 3041.78	    0.00	    0.00	    0.00	    0.00	    0.00
19	17	    0.00	    0.00	    0.00	    0.00	    0.00	    0.00	    0.00	    0.00	    0.00	    0.27	    0.01	    2.55	 1097.32	  759.56	 1401.23	    0.00	    0.16	    0.00	 1808.66	 8291.83	 1608.30	 2799.85	 1099.99	  676.93
19	18	    0.00	   99.98	    0.00	    0.00	    0.00	  200.07	 1099.55	 1698.32	    0.00	    0.00	    0.00	    0.00	   14.58	    0.01	    0.00	  551.90	    0.00	  599.83	    0.00	 4406.93	  125.26	    0.49	    0.19	   17.73
19	20	    0.00	    0.00	    0.00	    0.01	    0.05	  100.04	  699.10	  600.14	    0.12	    0.06	    0.02	    0.01	    0.03	    0.02	    0.04	 1499.48	  302.36	  201.01	   33.22	 2700.38	    0.00	    0.08	    0.03	    0.02
19	21	    0.00	   99.93	    0.00	    0.02	    0.01	  199.98	  700.31	  800.49	    0.06	    0.24	    0.05	    0.00	    0.00	    0.00	    0.18	 1700.65	    0.12	  400.13	    0.09	 3100.86	    0.20	    0.00	    0.00	    0.00
20	19	    0.00	    0.00	    0.00	    0.00	    0.00	    0.00	    0.00	    0.00	    0.00	    0.11	    0.03	  402.22	 1710.88	    0.09	    0.18	    0.00	    0.08	    0.00	    0.19	    0.00	 2933.76	    0.82	    2.48	 1093.75
20	21	  259.13	    0.02	   64.78	    0.12	    0.00	    0.03	    0.12	    0.14	    0.00	    0.00	    0.00	  453.48	 1443.01	    0.00	    0.00	    0.31	    0.00	    0.07	    0.00	    0.72	 4865.63	    0.00	    0.00	 1614.43
20	23	    0.00	    0.00	    0.00	    0.00	    0.00	    0.02	  498.99	  200.03	    0.22	  470.92	    0.00	    0.00	    0.00	    0.00	  651.80	  899.31	  195.54	  100.95	  236.60	 1499.77	 3200.61	 2298.24	    0.00	    0.00
21	14	    0.00	    0.00	    0.00	    0.00	    0.00	    0.00	    0.17	    0.09	    0.00	    0.00	    0.00	    0.20	  859.94	    0.00	    0.00	    0.18	    0.00	    0.07	    0.00	    0.52	 3065.58	10565.83	 2629.36	 1308.57
21	19	    0.00	    0.00	    0.00	    0.00	    0.00	    0.00	    0.00	    0.00	    0.00	    0.17	    0.30	    0.32	    1.05	    3.38	    0.94	    0.00	    0.00	    0.00	    0.00	    0.00	    0.00	 5199.60	 1797.73	    0.93
21	20	    0.00	    0.00	    0.00	    0.00	   96.92	    0.00	    0.02	    0.04	  300.10	 1670.98	    1.19	    0.00	    0.00	    0.39	 1451.94	    0.14	  493.27	    0.01	  603.57	    0.11	    0.00	 4098.98	    0.69	    0.00
21	22	    0.00	    0.00	    0.00	    0.00	    0.00	    0.01	  200.24	  300.51	  292.34	 1267.63	    0.00	    0.00	    0.00	    0.00	  966.33	  500.91	  472.01	  100.12	  308.74	  700.95	    0.25	 4535.59	    0.00	    0.00
22	13	    0.01	    0.00	    0.00	    0.02	    0.00	    0.00	    0.27	    0.54	    0.00	    0.00	    0.00	    0.33	  607.73	    0.00	    0.00	    0.94	    0.00	    0.13	    0.01	    0.93	  797.31	 1133.73	 4667.94	 1196.80
22	21	  140.87	    0.05	   35.22	    0.75	    0.06	    0.00	    0.00	    0.00	    0.00	    0.00	  397.05	  247.04	  717.98	  779.06	    0.00	    0.00	    0.00	    0.00	    0.00	    0.00	    0.00	    0.00	 6527.78	  795.08
22	23	    0.00	    0.00	    0.00	    0.00	    0.00	    0.00	    0.02	    0.04	    0.11	  329.08	  998.36	    0.00	    0.00	 1284.07	  408.90	    0.08	  104.68	    0.00	  146.56	    0.16	    0.06	 1301.96	 3304.28	    0.00
23	12	    0.00	    0.00	    0.00	    0.00	    0.00	    0.00	  398.97	    0.00	    0.00	    0.00	    0.00	    0.00	    0.00	  484.39	  660.69	  599.28	    0.23	  100.93	  283.15	 1099.79	 1203.55	 2500.10	 1902.51	 1799.97
23	20	  359.13	    0.01	   64.78	  200.11	    3.04	    0.01	    0.00	    0.00	    0.00	    0.00	  398.82	 1155.68	 3753.86	  399.68	    0.00	    0.00	    0.00	    0.00	    0.00	    0.00	    0.00	    0.00	  701.76	 3208.15
23	22	  440.88	    0.06	  135.22	    3.36	    0.65	    0.65	    0.04	    0.07	    0.00	    0.00	    0.06	  947.37	 2125.71	    0.00	    0.00	    0.11	    0.00	    0.02	    0.00	    0.14	 1497.12	    0.10	    0.00	 2691.88
