0.000000000000000000e+00 1.000000000000000000e+00 4.524113910973790553e+03
0.000000000000000000e+00 2.000000000000000000e+00 8.156709580560963332e+03
1.000000000000000000e+00 0.000000000000000000e+00 4.557150100888205998e+03
1.000000000000000000e+00 5.000000000000000000e+00 5.966621925767735775e+03
2.000000000000000000e+00 0.000000000000000000e+00 8.123673390646537882e+03
2.000000000000000000e+00 3.000000000000000000e+00 1.405399677169849201e+04
2.000000000000000000e+00 1.100000000000000000e+01 1.006459032042354193e+04
3.000000000000000000e+00 2.000000000000000000e+00 1.406167633713833493e+04
3.000000000000000000e+00 4.000000000000000000e+00 1.805193170295456002e+04
3.000000000000000000e+00 1.000000000000000000e+01 5.209140921530147352e+03
4.000000000000000000e+00 3.000000000000000000e+00 1.806050377510971884e+04
4.000000000000000000e+00 5.000000000000000000e+00 8.794216165731131696e+03
4.000000000000000000e+00 8.000000000000000000e+00 1.579195473083222168e+04
5.000000000000000000e+00 1.000000000000000000e+00 5.999658115682149401e+03
5.000000000000000000e+00 4.000000000000000000e+00 8.805711969013911585e+03
5.000000000000000000e+00 7.000000000000000000e+00 1.251795988140116424e+04
6.000000000000000000e+00 7.000000000000000000e+00 1.217247379409620044e+04
6.000000000000000000e+00 1.700000000000000000e+01 1.597070636805634422e+04
7.000000000000000000e+00 5.000000000000000000e+00 1.256249187459836503e+04
7.000000000000000000e+00 6.000000000000000000e+00 1.208281847206024031e+04
7.000000000000000000e+00 8.000000000000000000e+00 6.942538050742704399e+03
7.000000000000000000e+00 1.500000000000000000e+01 8.401593342310528897e+03
8.000000000000000000e+00 4.000000000000000000e+00 1.578903099970461517e+04
8.000000000000000000e+00 7.000000000000000000e+00 6.866423525385741414e+03
8.000000000000000000e+00 9.000000000000000000e+00 2.172726624503499261e+04
9.000000000000000000e+00 8.000000000000000000e+00 2.174822798855042493e+04
9.000000000000000000e+00 1.000000000000000000e+01 1.771569773704439649e+04
9.000000000000000000e+00 1.400000000000000000e+01 2.308244343457851210e+04
9.000000000000000000e+00 1.500000000000000000e+01 1.107147035526130639e+04
9.000000000000000000e+00 1.600000000000000000e+01 8.285230025662329354e+03
1.000000000000000000e+01 3.000000000000000000e+00 5.308248414814811440e+03
1.000000000000000000e+01 9.000000000000000000e+00 1.761223644818825778e+04
1.000000000000000000e+01 1.100000000000000000e+01 8.355775019047225214e+03
1.000000000000000000e+01 1.300000000000000000e+01 9.769108800785659696e+03
1.100000000000000000e+01 2.000000000000000000e+00 1.002387456506930175e+04
1.100000000000000000e+01 1.000000000000000000e+01 8.398304452040429169e+03
1.100000000000000000e+01 1.200000000000000000e+01 1.232024952355784262e+04
1.200000000000000000e+01 1.100000000000000000e+01 1.242206320119679003e+04
1.200000000000000000e+01 2.300000000000000000e+01 1.109505628109340250e+04
1.300000000000000000e+01 1.000000000000000000e+01 9.822225572220988397e+03
1.300000000000000000e+01 1.400000000000000000e+01 9.030146589546180621e+03
1.300000000000000000e+01 2.200000000000000000e+01 8.425940223859652178e+03
1.400000000000000000e+01 9.000000000000000000e+00 2.323848189466987606e+04
1.400000000000000000e+01 1.300000000000000000e+01 9.083901467952935491e+03
1.400000000000000000e+01 1.800000000000000000e+01 1.893562590951745369e+04
1.400000000000000000e+01 2.100000000000000000e+01 1.846043089214904103e+04
1.500000000000000000e+01 7.000000000000000000e+00 8.432584538828732548e+03
1.500000000000000000e+01 9.000000000000000000e+00 1.112446912622641685e+04
1.500000000000000000e+01 1.600000000000000000e+01 1.169061265442295735e+04
1.500000000000000000e+01 1.700000000000000000e+01 1.558471203786981096e+04
1.600000000000000000e+01 9.000000000000000000e+00 8.100615826977408688e+03
1.600000000000000000e+01 1.500000000000000000e+01 1.176177040349470917e+04
1.600000000000000000e+01 1.800000000000000000e+01 9.935463479306694353e+03
1.700000000000000000e+01 6.000000000000000000e+00 1.606036169009230798e+04
1.700000000000000000e+01 1.500000000000000000e+01 1.559754425628138415e+04
1.700000000000000000e+01 1.900000000000000000e+01 1.922003033097379011e+04
1.800000000000000000e+01 1.400000000000000000e+01 1.906644419203051802e+04
1.800000000000000000e+01 1.600000000000000000e+01 9.822007029693524601e+03
1.800000000000000000e+01 1.900000000000000000e+01 8.798692142474161301e+03
1.900000000000000000e+01 1.700000000000000000e+01 1.922251787142131798e+04
1.900000000000000000e+01 1.800000000000000000e+01 8.816053975374048605e+03
1.900000000000000000e+01 2.000000000000000000e+01 6.204046299519580316e+03
1.900000000000000000e+01 2.100000000000000000e+01 7.002994763882775260e+03
2.000000000000000000e+01 1.900000000000000000e+01 6.123844828350386706e+03
2.000000000000000000e+01 2.100000000000000000e+01 8.705522226723267522e+03
2.000000000000000000e+01 2.300000000000000000e+01 1.028807507935195645e+04
2.100000000000000000e+01 1.400000000000000000e+01 1.843940594813409552e+04
2.100000000000000000e+01 1.900000000000000000e+01 7.003045608399374032e+03
2.100000000000000000e+01 2.000000000000000000e+01 8.685318735711833142e+03
2.100000000000000000e+01 2.200000000000000000e+01 9.661309029427833593e+03
2.200000000000000000e+01 1.300000000000000000e+01 8.425302116888244200e+03
2.200000000000000000e+01 2.100000000000000000e+01 9.620131438918055210e+03
2.200000000000000000e+01 2.300000000000000000e+01 7.906093618133780183e+03
2.300000000000000000e+01 1.200000000000000000e+01 1.109686995873234810e+04
2.300000000000000000e+01 2.000000000000000000e+01 1.022807709919419722e+04
2.300000000000000000e+01 2.200000000000000000e+01 7.864277920652590183e+03
