i	j	       0	       1	       2	       3	       4	       5	       6	       7	       8	       9	      10	      11	      12	      13	      14	      15	      16	      17	      18	      19	      20	      21	      22	      23
0	1	 2600.29	    0.00	  268.97	  200.02	   16.36	    0.00	    0.01	    0.02	   32.72	   98.20	  200.02	  473.07	  462.15	  100.00	   16.35	    0.02	    0.04	    0.00	    0.01	    0.00	    0.01	    0.08	    0.15	   29.80
0	2	 6199.71	 1163.77	    0.00	    0.00	    0.00	  234.79	  144.04	  252.05	    0.00	    0.00	    0.00	    0.00	    0.00	    0.00	    0.00	   99.45	    0.00	   35.90	    0.00	    0.02	    0.00	    0.00	    0.00	    0.00
1	0	    0.00	 1263.77	    0.00	    0.00	    0.00	  534.79	  644.02	 1052.01	    0.00	    0.00	    0.00	    0.00	    0.00	    0.00	    0.00	  599.43	    0.31	  135.90	    0.03	  299.93	    0.00	    0.02	    0.00	    0.00
1	5	 2500.29	 2736.23	  168.97	    0.04	    0.00	    0.00	    0.00	    0.00	    0.00	    0.00	    0.04	  373.07	  162.15	    0.01	    0.00	    0.00	    0.00	    0.00	    0.00	    0.00	    0.01	    0.03	    0.15	   29.80
2	0	    0.00	    0.00	  368.97	  700.02	  216.36	    0.00	    0.03	    0.05	  532.72	 1398.20	  700.02	  673.07	  962.15	  400.00	  516.35	    0.04	  399.72	    0.00	  299.99	    0.10	  100.01	  400.06	  300.15	  129.80
2	3	 4499.62	  663.63	 2030.97	    0.00	    0.00	    0.00	    0.00	    0.00	    0.00	    0.00	    0.00	 3752.16	 2495.41	    0.09	    0.00	    0.00	    0.00	    0.00	    0.00	    0.00	  202.86	    0.02	    3.96	  469.65
2	11	 1600.09	  400.15	  400.06	 1601.72	  403.23	  500.40	  768.94	 1200.00	 1399.39	  696.77	    0.92	    0.00	    0.00	    0.16	   51.85	  546.00	  196.39	  199.51	   22.22	    0.29	    0.00	    0.00	    0.00	    0.00
3	2	    0.00	    0.00	    0.00	 2501.74	  719.59	  565.61	  724.92	 1148.00	 2032.10	 2394.96	 1000.39	    0.00	    0.00	  499.83	  668.15	  646.59	  696.11	  163.61	  322.21	    0.29	    0.02	    0.07	    0.05	    0.01
3	4	 3198.76	  163.60	 1330.91	 6698.25	    0.00	    0.00	    0.00	    0.00	    0.00	    0.12	  903.72	 3151.41	 1894.94	  200.09	    0.08	    0.00	    0.01	    0.00	    0.02	    0.00	    2.97	    0.05	  199.91	  269.69
3	10	  800.86	  300.07	  500.06	 2400.01	  699.79	  599.66	    0.16	    5.59	    1.02	    0.16	    0.00	    0.75	    0.47	    0.07	    0.06	    0.61	    0.04	    0.06	    0.02	    0.02	    0.02	    0.04	    0.05	    0.02
4	3	    0.00	    0.04	    0.00	    0.00	 1919.37	 1565.28	 1125.08	 1853.59	 2733.13	 3592.59	    0.00	    0.00	    0.00	    0.00	 1166.29	 1447.20	 1195.26	  263.67	  521.41	  300.31	    0.08	  398.60	    0.00	    0.00
4	5	    0.00	    0.00	  525.75	 2134.35	 1262.49	    0.00	    0.02	    0.03	  567.43	 1301.75	  403.21	 1469.00	  575.78	  100.02	  283.54	    0.04	    0.04	    0.00	    0.25	    0.01	    0.01	    0.00	   99.85	   70.19
4	8	 2998.76	  899.95	  705.16	 4063.89	 2918.14	 1400.11	    0.02	    0.10	    0.00	    0.00	    0.51	 1482.41	 1119.16	    0.07	    0.00	    0.06	    0.00	    0.01	    0.00	    0.02	    0.00	    0.00	    0.06	  199.49
5	1	    0.00	    0.00	    0.00	    0.02	   83.64	  934.79	  844.02	 1452.00	  167.28	  501.80	    0.02	    0.00	    0.00	    0.01	   83.65	  999.41	  200.28	  135.90	  100.01	  399.92	    0.00	   99.97	    0.00	    0.00
5	4	    0.00	  836.39	    0.00	    0.00	    0.00	 3165.39	 1024.10	 1806.63	    0.00	    0.00	    0.00	    0.00	    0.00	    0.00	    0.00	 1464.12	    0.54	  202.73	    0.03	  306.29	    0.07	    0.05	    0.00	    0.00
5	7	 2200.29	 1499.83	  394.72	 1734.37	  978.85	 3499.82	    0.00	    0.00	    0.15	    0.07	    3.23	 1642.07	  537.93	    0.03	    0.00	    0.00	    0.00	    0.00	    0.00	    0.00	    0.00	    0.00	    0.00	    0.00
6	7	    0.00	    0.00	    0.00	    0.00	    0.00	    0.00	 4173.53	    0.00	    0.00	    0.00	    0.00	    0.00	    0.00	  399.75	  599.71	  397.11	  142.56	  999.29	  999.14	 2599.15	  499.95	  799.82	  299.93	  199.97
6	17	  430.40	  336.27	    8.67	  434.64	  121.68	  984.86	 7926.47	 4517.61	  823.31	    0.61	    0.12	  221.34	    0.11	    0.00	    0.00	    0.00	    0.03	    0.00	    0.00	    0.00	    0.00	    0.00	    0.00	    0.00
7	5	    0.00	    0.00	    0.00	    0.00	    0.00	    0.00	 2268.10	 4058.59	    0.00	    0.12	    0.00	    0.00	    0.00	    0.00	    0.11	 3363.50	  700.78	  438.62	  299.79	 1006.19	  100.06	  299.99	    0.00	    0.01
7	6	  930.40	  536.27	  108.67	  834.64	  321.68	 1384.86	    0.00	 5517.61	 1423.26	    1.45	    0.40	  921.28	   63.61	    0.00	    0.00	    0.00	    0.11	    0.00	    0.00	    0.00	    0.00	    0.00	    0.00	    0.00
7	8	    0.00	    0.00	    0.00	    0.00	    0.00	    0.00	  905.43	 3740.87	    0.00	    0.00	    0.00	    0.00	    0.00	    0.00	    0.00	 1279.33	    0.11	  261.02	    0.00	  694.03	    0.04	    0.00	    0.00	    0.00
7	15	  469.97	  563.61	  171.79	  680.37	  425.22	 1315.05	    0.00	 3382.93	  898.34	    0.00	    0.06	  477.09	    0.25	    0.00	    0.00	    0.00	    0.00	    0.00	    0.00	    0.00	    0.00	    0.00	    0.00	    0.00
8	4	    0.00	    0.00	    0.00	    0.00	    0.00	    0.00	  301.02	  547.10	 4100.56	 5894.22	    0.00	    0.00	    0.00	    0.00	 1649.75	  483.18	 1394.74	   60.96	  621.61	   94.06	   97.03	  598.51	    0.00	    0.00
8	7	    0.08	    0.04	   85.73	  480.64	  268.04	    0.09	    0.00	    0.00	 3121.44	 1601.24	  797.23	  356.30	  125.93	    0.00	    0.00	    0.00	    0.22	    0.00	    0.00	    0.00	    0.00	    0.00	    0.00	    0.00
8	9	 2498.68	  699.91	  519.43	 2883.25	 1850.10	 1000.02	    4.67	 2393.87	 8978.00	    0.00	    0.00	  526.16	  393.29	    0.00	    0.00	    0.79	    0.00	    0.15	    0.00	    0.31	    0.00	    0.00	    0.00	    0.00
9	8	    0.00	    0.00	    0.00	    0.00	    0.00	    0.00	    0.23	    0.00	    0.00	10295.47	 2196.72	    0.05	    0.05	  599.93	 2649.75	  604.58	 2294.86	    0.08	 1021.61	    0.32	  397.00	 1298.51	  499.94	    0.51
9	10	    0.00	    0.00	    0.00	    0.00	    0.00	    0.00	  499.78	  794.43	 1724.61	 8394.77	    0.00	    0.00	    0.00	    0.00	 1284.83	 1554.16	 1904.22	  199.93	  424.57	  432.64	    1.38	  481.18	    0.00	    0.00
9	14	  799.07	   99.95	   99.89	 1098.31	  596.98	  200.05	    0.00	    0.00	 3075.01	14573.69	 1917.52	  654.55	    4.77	    0.00	    0.00	    0.00	    0.80	    0.00	    0.00	    0.00	    0.00	    0.00	    0.00	    0.00
9	15	    0.00	    0.00	   19.55	   85.04	   53.15	    0.00	    0.00	    0.00	  478.54	 8035.32	 2173.13	  201.07	    0.11	    0.00	    0.00	    0.00	    0.00	    0.00	    0.00	    0.00	    0.00	    0.00	    0.00	    0.00
9	16	  399.61	    0.02	   99.98	  499.91	  199.96	    0.04	    0.08	    0.12	  899.84	 3900.75	  999.79	  599.89	  499.91	    0.06	    0.12	    0.11	    0.00	    0.05	    0.07	    0.14	    0.05	    0.14	    0.05	    0.02
10	3	    0.00	    0.00	    0.00	    0.00	    0.00	    0.00	    0.00	    0.00	    0.00	    2.65	 3404.11	    0.00	    0.00	 1199.90	    2.00	    0.00	    0.90	    0.00	    0.84	    0.00	    0.07	    1.54	  696.05	    0.07
10	9	    0.00	    0.00	    0.00	    0.00	    0.00	    0.00	    0.00	    0.00	    0.00	    0.00	11187.16	 2929.40	 2011.55	 1113.94	    0.00	    0.00	    0.00	    0.00	    0.00	    0.00	    0.00	    0.00	  321.34	   55.50
10	11	    0.00	    0.00	  100.00	    0.00	    0.00	    0.00	    0.00	    0.00	    0.11	 3203.23	 2400.31	    0.00	    0.00	  710.74	  650.67	  154.77	  903.43	    0.02	  278.83	    0.00	    0.00	    0.00	    0.00	    0.00
10	13	  300.97	  100.11	  100.12	 1000.09	  199.81	  199.73	    0.00	    0.03	  325.53	 1189.05	 5308.42	 1045.39	   15.47	    0.00	    0.00	    0.00	    0.05	    0.00	    0.00	    0.00	    0.00	    0.00	    0.00	    0.00
11	2	    0.00	    0.00	    0.00	    0.00	    0.00	    0.00	    0.00	    0.00	    0.00	    0.00	    0.55	 4625.23	 3557.56	    0.42	    0.05	    0.00	    0.00	    0.00	    0.00	    0.08	  302.85	  500.01	  404.06	  599.43
11	10	    0.11	    0.04	    0.05	    0.08	    0.03	    0.07	    0.00	    0.00	    0.00	    0.00	    0.00	 5374.04	 3026.55	    0.00	    0.00	    0.00	    0.00	    0.00	    0.00	    0.00	    0.04	    0.00	    0.00	    0.67
11	12	 1399.98	  300.11	  300.01	 1001.64	  203.20	  300.33	   69.00	  600.00	  799.49	 1900.00	 1000.68	 3900.73	    0.00	   11.03	    2.47	    0.84	  499.82	    0.05	    1.06	    0.04	    0.00	    0.00	    0.00	    0.00
12	11	    0.00	    0.00	    0.00	    0.00	    0.00	    0.00	    0.07	    0.00	    0.00	    0.00	    0.00	    0.00	 7884.11	    0.55	    0.00	    0.07	    0.00	    0.53	    0.00	  499.83	  602.89	 1200.01	 1104.06	 1100.10
12	23	  899.98	    0.11	  200.01	  401.64	    3.20	  100.33	    0.00	    0.00	  199.49	    0.00	    0.68	 2600.73	 6715.89	    0.00	    0.00	    0.00	    0.00	    0.00	    0.00	    0.00	    0.00	    0.00	    0.00	    0.00
13	10	    0.00	    0.00	    0.00	    0.00	    0.00	    0.00	    0.06	    0.00	    0.00	    0.00	    0.00	    0.00	    0.00	 4624.52	  767.78	    0.00	    0.12	    0.02	  255.08	  167.34	  398.63	  620.32	 2317.34	  654.89
13	14	    0.95	    0.13	    0.12	    1.03	    0.06	    0.04	    0.00	    0.00	    0.00	    0.00	 1027.45	  345.44	  100.43	 6262.50	    0.00	    0.00	    0.00	    0.00	    0.00	    0.00	    0.00	    0.00	 1163.24	  129.79
13	22	    0.11	    0.01	    0.02	  499.08	   99.76	   99.70	    0.00	    0.00	  198.86	  820.56	 2681.03	    0.17	    0.00	 3212.98	  435.68	    0.00	  220.50	    0.00	  136.35	    0.00	    0.00	    0.00	    0.00	    0.00
14	9	    0.00	    0.00	    0.00	    0.00	    0.00	    0.00	    0.00	    0.00	    0.00	    0.00	    0.00	    0.00	    0.00	 1586.04	 7934.70	    0.29	    0.77	    0.22	 3246.06	 1716.15	 1598.43	 4379.82	 1978.65	  745.03
14	13	    0.00	    0.00	    0.00	    0.00	    0.00	    0.00	  199.51	  399.02	  473.33	 1731.51	    0.07	    0.00	    0.00	    0.00	 2503.46	  699.43	  920.58	   99.76	  691.42	  665.71	    0.59	  682.53	    0.00	    0.00
14	18	  300.03	    0.08	    0.01	  200.07	  100.03	    0.10	    0.02	    0.03	  400.14	 3262.80	  826.22	  300.06	  281.43	 2897.67	 5899.87	    0.05	    0.41	    0.01	    0.00	    0.05	  554.78	 2899.92	  899.98	  257.44
14	21	    0.00	    0.00	    0.00	  399.27	  297.01	    0.00	    0.00	    0.00	 1301.54	 5579.39	  718.69	    0.00	    0.00	  478.78	 5061.97	    0.23	 2485.56	    0.00	 2084.80	    0.00	    0.00	    0.00	    0.00	    0.00
15	7	    0.00	    0.00	    0.00	    0.00	    0.00	    0.00	    0.00	    0.00	    0.00	    0.26	    0.00	    0.00	    0.00	    0.22	    0.40	 6445.72	 1958.21	    0.35	    0.66	    1.07	    0.15	    0.17	    0.07	    0.05
15	9	    0.00	    0.05	    0.00	    0.00	    0.00	    0.07	 2395.19	    0.68	    0.00	    0.00	    0.00	    0.00	    0.00	    0.00	    0.00	 6556.12	    0.56	  899.43	    0.19	 1216.44	    0.00	    0.00	    0.00	    0.00
15	16	    0.38	  200.03	    0.01	    0.06	    0.03	  500.12	 1000.36	 1401.09	    0.11	    0.50	    0.09	    0.05	    0.00	    0.00	    0.00	 5974.49	    0.00	  600.32	    0.00	 1526.71	  351.62	    0.00	    0.00	  129.61
15	17	    0.02	    0.00	    0.00	    0.02	    0.00	    0.02	    0.00	    0.15	    0.16	 3636.38	  773.49	    0.13	    0.00	    0.03	    0.15	 7123.67	 3765.84	    0.00	    0.15	    0.00	    0.00	    0.00	    0.00	    0.00
16	9	    0.00	    0.00	    0.00	    0.00	    0.00	    0.00	    0.24	    0.00	    0.00	    0.00	    0.00	    0.00	    0.00	    0.00	    0.00	    1.64	 8098.53	    0.26	    0.00	    0.20	    0.00	    0.00	    0.00	    0.00
16	15	    0.00	    0.00	    0.00	    0.00	    0.00	    0.00	    0.00	    0.00	    0.00	    1.46	    0.27	    0.00	    0.00	  688.06	 1180.76	    0.00	 8524.50	    0.00	 1279.62	    0.00	    0.05	    0.11	    0.04	    0.03
16	18	    0.03	    0.07	    0.00	    0.02	    0.01	    0.16	    0.21	    1.20	    0.04	    0.16	    0.00	    0.00	    0.00	    0.00	    0.00	 3172.96	 6776.97	    0.11	    0.00	    0.00	    0.00	    0.00	    0.00	    0.00
17	6	    0.00	    0.00	    0.00	    0.00	    0.00	    0.00	    0.00	    0.00	    0.05	 1899.16	  499.73	    0.07	  336.51	  599.75	 1099.71	 1797.11	 1142.48	 1199.29	 1399.14	 3099.15	  699.95	 1299.82	  499.93	  299.97
17	15	   30.43	   36.48	    8.67	   34.67	   21.67	   85.17	 4795.55	  218.99	   23.40	    0.37	    0.12	   22.02	  599.64	   12.18	   19.79	    0.00	    0.11	 2000.10	   21.38	 4344.22	  951.71	 1200.06	  500.03	  429.63
17	19	  299.99	  299.79	    0.00	  299.99	  100.01	  799.72	 2930.92	 3998.77	  600.01	 1037.67	  173.78	    0.07	    0.07	    0.00	    0.00	 4826.56	 2023.41	 1600.60	    0.00	    0.00	    0.00	    0.00	    0.00	    0.00
18	14	    0.00	    0.01	    0.00	    0.00	    0.00	    0.02	  699.47	  998.97	    0.00	    0.00	    0.00	    0.00	    0.00	    0.00	    0.00	 1899.85	 4906.52	  299.95	 6822.28	 3481.46	    0.15	    0.38	    0.16	    0.07
18	16	    0.04	    0.02	    0.01	    0.05	    0.02	    0.00	    0.00	    0.00	    0.08	    0.36	    0.39	    0.06	    0.09	 1388.01	 2680.63	    0.00	    0.00	    0.00	 2979.55	  173.35	  248.39	 1699.96	  599.99	  170.39
18	19	    0.02	    0.00	    0.00	    0.04	    0.02	    0.02	    0.00	    0.00	    0.09	 1462.59	  425.82	    0.00	    0.00	 1209.68	 2419.23	    0.00	  170.85	    0.00	 2998.17	    0.00	    0.00	    0.00	    0.00	    0.00
19	17	    0.00	    0.00	    0.00	    0.00	    0.00	    0.00	    0.00	    0.00	    0.00	    0.21	    0.01	    0.68	 1036.11	  711.91	 1319.35	    0.00	    0.14	    0.00	 1720.36	 7843.37	 1751.66	 2799.88	 1099.96	  729.60
19	18	    0.00	   99.88	    0.00	    0.00	    0.00	  199.78	 1099.24	 1697.74	    0.00	    0.00	    0.00	    0.00	   18.66	    0.01	    0.00	   26.83	    0.00	  599.83	    0.00	 4854.76	   93.76	    0.43	    0.17	   13.03
19	20	    0.00	    0.00	    0.00	    0.01	    0.02	  100.01	  631.28	  600.30	    0.05	    0.05	    0.02	    0.01	    0.02	    0.02	    0.03	 1499.66	  494.09	  200.60	   77.90	 2700.51	    0.00	    0.07	    0.03	    0.02
19	21	    0.00	   99.91	    0.00	    0.02	    0.01	  199.96	  700.39	  800.73	    0.06	    0.21	    0.04	    0.00	    0.00	    0.00	    0.16	 1700.06	    0.11	  400.17	    0.08	 3101.35	    0.17	    0.00	    0.00	    0.00
20	19	    0.00	    0.00	    0.00	    0.00	    0.00	    0.00	    0.00	    0.00	    0.00	    0.11	    0.03	  400.60	 1654.62	    0.08	    0.16	    0.00	    0.07	    0.00	    0.18	    0.00	 3045.59	    0.24	    1.22	 1142.34
20	21	  261.62	    0.06	   65.40	    0.20	    0.00	    0.03	    0.06	    0.08	    0.00	    0.00	    0.00	  457.83	 1464.59	    0.00	    0.00	    0.16	    0.00	    0.03	    0.00	    0.40	 4754.48	    0.00	    0.00	 1606.82
20	23	    0.00	    0.00	    0.00	    0.00	    0.00	    0.02	  431.22	  200.22	    0.30	  487.54	    0.00	    0.00	    0.00	    0.00	  685.06	  899.59	  209.64	  100.57	  251.61	 1500.11	 3199.93	 2338.71	    0.00	    0.00
21	14	    0.00	    0.00	    0.00	    0.00	    0.00	    0.00	    0.06	    0.08	    0.00	    0.00	    0.00	    0.07	  876.23	    0.00	    0.00	    0.16	    0.00	    0.03	    0.00	    0.45	 2953.65	10561.89	 2715.23	 1272.60
21	19	    0.00	    0.00	    0.00	    0.00	    0.00	    0.00	    0.00	    0.00	    0.00	    0.10	    0.44	    0.03	    0.10	    2.18	    0.15	    0.00	    0.00	    0.00	    0.00	    0.00	    0.00	 5200.15	 1798.94	    0.30
21	20	    0.01	    0.00	    0.00	    0.02	   97.07	    0.00	    0.00	    0.00	  300.25	 1687.59	    2.84	    0.00	    0.00	    0.64	 1485.19	    0.08	  315.63	    0.00	  573.89	    0.00	    0.00	 4138.87	    0.96	    0.00
21	22	    0.00	    0.00	    0.00	    0.00	    0.00	    0.01	  200.39	  300.73	  301.35	 1291.90	    0.00	    0.00	    0.00	    0.00	  976.79	  500.21	  470.04	  100.17	  310.99	  701.31	    1.00	 4499.08	    0.00	    0.00
22	13	    0.09	    0.03	    0.03	    0.02	    0.00	    0.00	    0.55	    0.95	    0.00	    0.00	    0.00	    0.22	  684.96	    0.00	    0.00	    0.57	    0.00	    0.27	    0.01	    1.63	  798.04	 1137.79	 4580.58	 1184.68
22	21	  138.40	    0.03	   34.60	    0.53	    0.05	    0.02	    0.00	    0.00	    0.00	    0.00	  384.54	  242.27	  711.74	  724.04	    0.00	    0.00	    0.00	    0.00	    0.00	    0.00	    0.00	    0.00	 6615.13	  766.08
22	23	    0.01	    0.00	    0.00	    0.02	    0.00	    0.01	    0.04	    0.08	    0.21	  312.46	  996.54	    0.00	    0.00	 1388.94	  412.47	    0.14	   90.54	    0.00	  147.33	    0.36	    0.06	 1261.39	 3304.29	    0.00
23	12	    0.00	    0.00	    0.00	    0.00	    0.00	    0.00	  331.06	    0.00	    0.00	    0.00	    0.00	    0.00	    0.00	  589.52	  697.53	  599.23	    0.18	  100.48	  298.94	 1099.79	 1202.89	 2500.01	 1904.06	 1800.10
23	20	  361.60	    0.06	   65.40	  200.17	    2.91	    0.03	    0.00	    0.00	    0.00	    0.00	  397.17	 1158.41	 3719.19	  399.42	    0.00	    0.00	    0.00	    0.00	    0.00	    0.00	    0.00	    0.00	  700.23	 3249.14
23	22	  438.39	    0.05	  134.60	    1.50	    0.29	    0.33	    0.20	    0.30	    0.00	    0.00	    0.05	  942.31	 2196.70	    0.00	    0.00	    0.50	    0.00	    0.10	    0.00	    0.68	 1497.10	    0.09	    0.00	 2650.76
