i	j	       0	       1	       2	       3	       4	       5	       6	       7	       8	       9	      10	      11	      12	      13	      14	      15	      16	      17	      18	      19	      20	      21	      22	      23
0	1	 2600.06	    0.00	  290.02	  200.03	   26.67	    0.00	    0.01	    0.02	   53.34	  160.05	  200.03	  519.03	  484.79	  100.01	   26.58	    0.02	    0.02	    0.00	    0.05	    0.00	    0.01	    0.14	    0.13	   33.35
0	2	 6199.94	 1255.43	    0.00	    0.00	    0.00	  251.04	  160.29	  274.07	    0.00	    0.00	    0.00	    0.00	    0.00	    0.00	    0.00	  130.39	    0.00	   38.55	    0.00	    0.02	    0.00	    0.00	    0.00	    0.00
1	0	    0.00	 1355.43	    0.00	    0.00	    0.00	  551.04	  660.21	 1073.93	    0.00	    0.00	    0.00	    0.00	    0.00	    0.00	    0.00	  630.31	    0.99	  138.53	    0.03	  299.90	    0.00	    0.02	    0.00	    0.00
1	5	 2500.06	 2644.57	  190.02	    0.05	    0.00	    0.00	    0.00	    0.00	    0.00	    0.00	    0.05	  419.03	  184.79	    0.02	    0.00	    0.00	    0.00	    0.00	    0.00	    0.00	    0.01	    0.04	    0.13	   33.35
2	0	    0.00	    0.00	  390.02	  700.03	  226.67	    0.00	    0.09	    0.15	  553.34	 1460.05	  700.03	  719.03	  984.79	  400.01	  526.58	    0.10	  399.03	    0.02	  300.03	    0.13	  100.01	  400.12	  300.13	  133.35
2	3	 4499.42	  755.18	 1909.81	    0.00	    0.00	    0.00	    0.00	    0.00	    0.00	    0.00	    0.00	 3691.50	 2500.07	    0.09	    0.00	    0.00	    0.00	    0.00	    0.00	    0.00	  203.27	    0.39	    2.24	  466.30
2	11	 1600.52	  400.25	  500.18	 1601.68	  403.94	  500.41	  792.05	 1200.00	 1399.25	  630.58	    0.49	    0.00	    0.00	    0.09	   50.68	  556.22	  177.79	  198.99	   21.72	    0.08	    0.00	    0.00	    0.00	    0.00
3	2	    0.00	    0.00	    0.00	 2501.71	  730.61	  549.37	  731.85	 1126.09	 2052.58	 2390.63	  999.99	    0.00	    0.00	  499.76	  677.20	  625.92	  676.82	  160.45	  321.75	    0.11	    0.00	    0.00	    0.00	    0.00
3	4	 3197.65	  255.27	 1309.63	 6696.98	    0.00	    0.00	    0.00	    0.00	    0.00	    0.12	  905.67	 3091.29	 1899.92	  200.16	    0.01	    0.00	    0.01	    0.00	    0.01	    0.00	    3.31	    0.10	  199.81	  266.31
3	10	  801.77	  299.95	  400.18	 2401.31	  699.86	  599.70	    1.43	    7.02	    0.80	    0.18	    0.00	    0.20	    0.15	    0.07	    0.06	    0.12	    0.04	    0.12	    0.02	    0.03	    0.02	    0.05	    0.06	    0.03
4	3	    0.00	    0.05	    0.00	    0.00	 1930.47	 1549.07	 1133.28	 1833.11	 2753.38	 3587.90	    0.00	    0.00	    0.00	    0.00	 1175.90	 1426.05	 1176.14	  260.57	  521.15	  300.14	    0.03	  398.65	    0.00	    0.00
4	5	    0.00	    0.00	  507.41	 2120.77	 1244.50	    0.00	    0.02	    0.04	  546.83	 1239.89	  404.96	 1416.09	  579.53	  100.02	  272.81	    0.04	    0.13	    0.00	    0.05	    0.01	    0.01	  199.95	   99.81	   66.64
4	8	 2997.65	  899.92	  702.21	 4076.20	 2925.03	 1399.98	    0.03	    0.11	    0.00	    0.00	    0.71	 1475.20	 1120.39	    0.14	    0.00	    0.06	    0.00	    0.01	    0.00	    0.03	    0.01	    0.00	    0.00	  199.67
5	1	    0.00	    0.00	    0.00	    0.02	   73.33	  951.04	  860.20	 1473.91	  146.66	  439.95	    0.02	    0.00	    0.00	    0.01	   73.42	 1030.29	  200.97	  138.53	   99.97	  399.90	    0.00	   99.91	    0.00	    0.00
5	4	    0.00	  744.69	    0.00	    0.00	    0.00	 3149.05	 1056.59	 1836.40	    0.00	    0.00	    0.00	    0.00	    0.00	    0.00	    0.00	 1498.04	    0.08	  205.32	    0.03	  314.82	    0.08	    0.00	    0.00	    0.00
5	7	 2200.06	 1499.88	  397.43	 1720.81	  971.17	 3499.91	    0.00	    0.00	    0.16	    0.07	    4.99	 1635.12	  564.32	    0.03	    0.00	    0.00	    0.00	    0.00	    0.00	    0.00	    0.00	    0.00	    0.00	    0.00
6	7	    0.00	    0.00	    0.00	    0.00	    0.00	    0.00	 4196.72	    0.00	    0.00	    0.00	    0.00	    0.00	    0.00	  399.73	  600.16	  516.64	  172.49	  999.11	  999.24	 2599.84	  500.06	  599.85	  300.02	  199.99
6	17	  429.66	  335.48	    7.56	  427.57	  117.27	  982.96	 7903.28	 4512.57	  823.47	    0.23	    0.13	  218.47	    0.00	    0.00	    0.00	    0.00	    0.03	    0.00	    0.00	    0.00	    0.00	    0.00	    0.00	    0.00
7	5	    0.00	    0.00	    0.00	    0.00	    0.00	    0.00	 2316.77	 4110.28	    0.00	    0.13	    0.00	    0.00	    0.00	    0.00	    0.61	 3428.29	  700.91	  443.85	  299.96	 1014.70	  100.06	   99.93	    0.06	    0.01
7	6	  929.66	  535.48	  107.56	  827.57	  317.27	 1382.96	    0.00	 5512.57	 1423.41	    3.17	    0.93	  918.38	   85.98	    0.00	    0.00	    0.00	    0.12	    0.00	    0.00	    0.00	    0.00	    0.00	    0.00	    0.00
7	8	    0.00	    0.00	    0.00	    0.00	    0.00	    0.00	  879.95	 3689.54	    0.00	    0.00	    0.00	    0.00	    0.00	    0.00	    0.00	 1358.05	    0.00	  255.39	    0.00	  685.49	    0.05	    0.00	    0.00	    0.00
7	15	  470.49	  564.44	  172.44	  684.05	  427.47	 1317.04	    0.00	 3387.61	  904.80	    0.64	    0.36	  459.41	    0.36	    0.00	    0.00	    0.00	    0.00	    0.00	    0.00	    0.00	    0.00	    0.00	    0.00	    0.00
8	4	    0.00	    0.00	    0.00	    0.00	    0.00	    0.00	  276.74	  496.85	 4100.21	 5827.67	    0.00	    0.00	    0.00	    0.00	 1648.70	  428.11	 1376.18	   55.26	  621.16	   85.36	   96.67	  798.50	    0.00	    0.00
8	7	    0.08	    0.04	   82.58	  490.81	  273.57	    0.10	    0.00	    0.00	 3128.05	 1603.59	  796.29	  342.67	  122.02	    0.00	    0.00	    0.00	    0.24	    0.00	    0.00	    0.00	    0.00	    0.00	    0.00	    0.00
8	9	 2497.57	  699.88	  519.64	 2885.40	 1851.46	  999.88	    3.29	 2392.80	 8971.74	    0.00	    0.00	  532.66	  398.50	    0.00	    0.00	    0.27	    0.00	    0.16	    0.00	    0.31	    0.00	    0.00	    0.00	    0.00
9	8	    0.00	    0.00	    0.00	    0.00	    0.00	    0.00	    0.06	    0.00	    0.00	10231.26	 2195.58	    0.13	    0.13	  599.86	 2648.70	  470.27	 2276.43	    0.02	 1021.16	    0.16	  396.60	 1498.50	  500.00	    0.33
9	10	    0.00	    0.00	    0.00	    0.00	    0.00	    0.00	  498.57	  793.01	 1708.63	 8408.21	    0.00	    0.00	    0.00	    0.00	 1270.70	 1543.53	 1922.69	  199.87	  420.43	  440.52	    1.41	  514.02	    0.00	    0.00
9	14	  798.52	   99.96	   99.81	 1097.89	  596.30	  200.01	    0.00	    0.00	 3091.28	14629.97	 1874.09	  645.18	    4.29	    0.00	    0.00	    0.00	    0.86	    0.00	    0.00	    0.00	    0.00	    0.00	    0.00	    0.00
9	15	    0.00	    0.00	   20.02	   88.53	   55.33	    0.00	    0.00	    0.00	  472.04	 8030.43	 2158.40	  221.19	    0.14	    0.00	    0.00	    0.00	    0.00	    0.00	    0.00	    0.00	    0.00	    0.00	    0.00	    0.00
9	16	  399.87	    0.04	   99.97	  499.86	  199.94	    0.04	    0.09	    0.13	  899.80	 3900.13	  999.91	  599.90	  499.67	    0.06	    0.13	    0.12	    0.00	    0.05	    0.07	    0.15	    0.05	    0.15	    0.05	    0.03
10	3	    0.00	    0.00	    0.00	    0.00	    0.00	    0.00	    0.00	    0.00	    0.00	    3.03	 3405.66	    0.00	    0.00	 1199.90	    1.38	    0.00	    0.74	    0.00	    0.62	    0.00	    0.03	    1.10	  697.63	    0.04
10	9	    0.82	    0.08	    0.17	    0.89	    0.13	    0.10	    0.00	    0.00	    0.00	    0.00	11127.98	 2933.74	 2005.73	 1093.79	    0.00	    0.00	    0.00	    0.00	    0.00	    0.00	    0.00	    0.00	  385.40	   57.09
10	11	    0.00	    0.00	    0.00	    0.00	    0.00	    0.00	    0.00	    0.00	    0.19	 3269.42	 2400.75	    0.00	    0.00	  705.83	  651.41	  143.83	  922.07	    0.02	  279.15	    0.00	    0.00	    0.00	    0.00	    0.00
10	13	  301.57	  100.05	  100.21	 1000.51	  199.76	  199.69	    0.00	    0.03	  309.23	 1135.94	 5365.61	 1054.70	   12.27	    0.00	    0.00	    0.00	    0.05	    0.00	    0.00	    0.00	    0.00	    0.00	    0.00	    0.00
11	2	    0.00	    0.00	    0.00	    0.00	    0.00	    0.00	    0.00	    0.00	    0.00	    0.00	    0.53	 4610.53	 3584.87	    0.42	    0.06	    0.00	    0.00	    0.00	    0.00	    0.07	  303.28	  500.52	  402.38	  599.65
11	10	    0.62	    0.18	    0.20	    0.09	    0.03	    0.09	    0.00	    0.00	    0.00	    0.00	    0.00	 5388.23	 3017.85	    0.00	    0.00	    0.00	    0.00	    0.00	    0.00	    0.00	    0.05	    0.00	    0.00	    0.36
11	12	 1399.90	  300.08	  299.98	 1001.59	  203.92	  300.32	   92.22	  600.00	  799.44	 1900.00	 1000.71	 3901.24	    0.00	    5.65	    2.04	    0.75	  499.87	    0.05	    0.87	    0.00	    0.00	    0.00	    0.00	    0.00
12	11	    0.00	    0.00	    0.00	    0.00	    0.00	    0.00	    0.17	    0.00	    0.00	    0.00	    0.00	    0.00	 7902.71	    0.15	    0.00	    0.71	    0.00	    1.05	    0.00	  499.99	  603.33	 1200.52	 1102.38	 1100.00
12	23	  899.90	    0.08	  199.98	  401.59	    3.92	  100.32	    0.00	    0.00	  199.44	    0.00	    0.71	 2601.24	 6697.29	    0.00	    0.00	    0.00	    0.00	    0.00	    0.00	    0.00	    0.00	    0.00	    0.00	    0.00
13	10	    0.00	    0.00	    0.00	    0.00	    0.00	    0.00	    0.00	    0.00	    0.00	    0.00	    0.00	    0.00	    0.00	 4599.45	  782.03	    0.18	    0.13	    0.03	  259.33	  159.46	  398.54	  587.03	 2382.97	  656.75
13	14	    1.47	    0.06	    0.19	    1.51	    0.04	    0.00	    0.00	    0.00	    0.00	    0.00	 1055.66	  354.75	   94.80	 6283.64	    0.00	    0.00	    0.00	    0.00	    0.00	    0.00	    0.00	    0.00	 1128.23	  115.09
13	22	    0.11	    0.00	    0.03	  499.02	   99.73	   99.69	    0.00	    0.00	  192.43	  799.70	 2710.02	    0.33	    0.34	 3216.91	  440.56	    0.00	  219.29	    0.00	  138.44	    0.00	    0.00	    0.00	    0.00	    0.00
14	9	    0.00	    0.00	    0.00	    0.00	    0.00	    0.00	    0.00	    0.00	    0.00	    0.00	    0.00	    0.00	    0.00	 1606.14	 7919.53	    0.32	    1.08	    0.06	 3241.20	 1587.80	 1598.07	 4612.68	 1914.65	  743.26
14	13	    0.00	    0.00	    0.00	    0.00	    0.00	    0.00	  199.57	  399.29	  483.19	 1763.76	    0.07	    0.00	    0.00	    0.00	 2522.59	  698.93	  919.36	   99.78	  697.76	  658.27	    0.76	  632.82	    0.00	    0.00
14	18	  299.99	    0.03	    0.00	  200.02	  100.01	    0.05	    0.02	    0.03	  400.06	 3265.85	  840.16	  300.00	  273.47	 2899.10	 5900.35	    0.06	    0.44	    0.01	    0.00	    0.05	  494.82	 2899.71	  899.98	  236.48
14	21	    0.00	    0.00	    0.00	  399.39	  296.33	    0.00	    0.00	    0.00	 1308.02	 5600.36	  689.52	    0.00	    0.00	  478.40	 5057.53	    0.25	 2492.96	    0.00	 2084.07	    0.00	    0.00	    0.00	    0.00	    0.00
15	7	    0.00	    0.00	    0.00	    0.00	    0.00	    0.00	    0.00	    0.00	    0.00	    0.28	    0.00	    0.00	    0.00	    0.24	    0.45	 6469.69	 1928.29	    0.13	    0.71	    0.35	    0.05	    0.08	    0.03	    0.02
15	9	    0.00	    0.06	    0.00	    0.00	    0.00	    0.08	 2395.18	    0.23	    0.00	    0.00	    0.00	    0.00	    0.00	    0.00	    0.00	 6412.20	    0.60	  899.64	    0.21	 1352.51	    0.00	    0.00	    0.00	    0.00
15	16	    0.16	  200.01	    0.03	    0.16	    0.07	  500.10	 1000.38	 1400.86	    0.24	    0.54	    0.09	    0.10	    0.03	    0.00	    0.00	 5952.43	    0.00	  600.16	    0.00	 1485.88	  381.25	    0.21	    0.00	  143.44
15	17	    0.10	    0.05	    0.00	    0.10	    0.04	    0.18	    0.00	    0.73	    0.36	 3631.14	  758.79	    0.23	    0.02	    0.03	    0.07	 7265.68	 3784.00	    0.00	    0.07	    0.00	    0.00	    0.00	    0.00	    0.00
16	9	    0.00	    0.00	    0.00	    0.00	    0.00	    0.00	    0.25	    0.11	    0.00	    0.00	    0.00	    0.00	    0.00	    0.00	    0.00	    1.14	 8098.30	    0.09	    0.26	    0.21	    0.00	    0.00	    0.00	    0.00
16	15	    0.00	    0.00	    0.00	    0.00	    0.00	    0.00	    0.00	    0.00	    0.00	    0.50	    0.00	    0.00	    0.00	  691.83	 1186.13	    0.00	 8512.77	    0.00	 1285.49	    0.00	    0.06	    0.13	    0.05	    0.03
16	18	    0.03	    0.06	    0.00	    0.02	    0.01	    0.14	    0.22	    0.88	    0.04	    0.17	    0.00	    0.00	    0.00	    0.00	    0.00	 3151.41	 6788.93	    0.12	    0.00	    0.00	    0.00	    0.00	    0.00	    0.00
17	6	    0.00	    0.00	    0.00	    0.00	    0.00	    0.00	    0.00	    0.00	    0.06	 1897.06	  499.20	    0.09	  314.02	  599.73	 1100.16	 1916.64	 1172.40	 1199.11	 1399.24	 3099.84	  700.06	 1099.85	  500.02	  299.99
17	15	   29.77	   35.68	    7.56	   27.68	   17.30	   83.31	 4795.55	  214.21	   23.76	    0.39	    0.13	   19.73	  599.56	    8.44	   14.38	    0.00	    0.12	 1999.93	   15.49	 4438.74	  981.24	 1200.16	  499.99	  443.44
17	19	  299.99	  299.85	    0.00	  299.99	  100.01	  799.83	 2907.73	 3999.09	  600.01	 1034.31	  159.60	    0.05	    0.00	    0.00	    0.00	 4849.04	 2011.65	 1600.96	    0.00	    0.00	    0.00	    0.00	    0.00	    0.00
18	14	    0.00	    0.01	    0.00	    0.00	    0.00	    0.04	  699.49	  999.22	    0.00	    0.00	    0.00	    0.00	    0.00	    0.00	    0.00	 1899.35	 4912.98	  299.81	 6823.03	 3345.56	    0.17	    0.41	    0.17	    0.07
18	16	    0.00	    0.00	    0.00	    0.00	    0.00	    0.00	    0.00	    0.00	    0.00	    0.00	    0.00	    0.00	    0.29	 1391.77	 2686.00	    0.00	    0.00	    0.00	 2985.68	  214.18	  218.76	 1699.77	  599.99	  156.56
18	19	    0.02	    0.00	    0.00	    0.04	    0.02	    0.03	    0.00	    0.00	    0.10	 1466.02	  440.16	    0.00	    0.00	 1207.35	 2414.35	    0.00	  176.39	    0.00	 2991.30	    0.00	    0.00	    0.00	    0.00	    0.00
19	17	    0.00	    0.00	    0.00	    0.00	    0.00	    0.00	    0.00	    0.00	    0.00	    0.39	    0.00	    1.16	 1013.56	  708.14	 1314.48	    0.00	    0.15	    0.00	 1714.67	 7938.58	 1781.30	 2600.01	 1100.01	  743.43
19	18	    0.00	   99.92	    0.00	    0.00	    0.00	  199.88	 1099.25	 1698.31	    0.00	    0.00	    0.00	    0.00	   26.82	    0.01	    0.00	   47.88	    0.00	  599.68	    0.00	 4759.68	  124.10	    0.46	    0.18	   20.15
19	20	    0.00	    0.00	    0.00	    0.01	    0.02	  100.01	  608.30	  600.50	    0.05	    0.05	    0.02	    0.01	    0.03	    0.02	    0.04	 1500.72	  487.67	  201.20	   76.73	 2700.86	    0.00	    0.08	    0.03	    0.02
19	21	    0.00	   99.92	    0.00	    0.02	    0.01	  199.97	  700.18	  800.29	    0.06	    0.23	    0.05	    0.00	    0.00	    0.00	    0.18	 1700.43	    0.29	  400.08	    0.08	 3100.88	    0.19	    0.00	    0.00	    0.00
20	19	    0.00	    0.00	    0.00	    0.00	    0.00	    0.00	    0.00	    0.00	    0.00	    0.11	    0.03	  401.05	 1640.22	    0.09	    0.18	    0.00	    0.08	    0.00	    0.19	    0.00	 3105.59	    0.25	    0.33	 1163.29
20	21	  264.55	    0.07	   66.14	    0.05	    0.00	    0.04	    0.06	    0.08	    0.00	    0.00	    0.00	  462.96	 1466.64	    0.00	    0.00	    0.17	    0.00	    0.04	    0.00	    0.43	 4695.36	    0.00	    0.00	 1593.67
20	23	    0.00	    0.00	    0.00	    0.00	    0.00	    0.02	  408.24	  200.41	    0.20	  488.19	    0.00	    0.00	    0.00	    0.00	  687.15	  900.64	  211.62	  101.16	  252.12	 1500.43	 3199.05	 2356.70	    0.00	    0.00
21	14	    0.00	    0.00	    0.00	    0.00	    0.00	    0.00	    0.10	    0.10	    0.00	    0.00	    0.00	    0.07	  874.38	    0.00	    0.00	    0.20	    0.00	    0.05	    0.00	    0.56	 2893.48	10744.81	 2686.23	 1264.58
21	19	    0.00	    0.00	    0.00	    0.00	    0.00	    0.00	    0.00	    0.00	    0.00	    0.23	    0.29	    0.08	    0.19	    0.74	    0.16	    0.00	    0.00	    0.00	    0.00	    0.00	    0.00	 5000.31	 1799.90	    0.32
21	20	    0.01	    0.00	    0.00	    0.03	   96.38	    0.00	    0.00	    0.00	  300.15	 1688.25	    2.80	    0.04	    0.00	    0.83	 1487.30	    0.08	  324.02	    0.00	  575.58	    0.00	    0.00	 4156.87	    0.46	    0.00
21	22	    0.00	    0.00	    0.00	    0.00	    0.00	    0.01	  200.14	  300.27	  307.93	 1312.11	    0.00	    0.00	    0.00	    0.00	  970.25	  500.57	  469.23	  100.07	  308.58	  700.75	    2.07	 4498.02	    0.00	    0.00
22	13	    0.01	    0.00	    0.00	    0.02	    0.00	    0.00	    0.43	    0.69	    0.00	    0.00	    0.00	    0.38	  682.87	    0.00	    0.00	    1.25	    0.00	    0.24	    0.01	    1.19	  797.79	 1154.20	 4611.20	 1171.84
22	21	  135.46	    0.01	   33.86	    0.57	    0.04	    0.00	    0.00	    0.00	    0.00	    0.00	  413.51	  237.23	  707.93	  723.16	    0.00	    0.00	    0.00	    0.00	    0.00	    0.00	    0.00	    0.00	 6586.59	  771.22
22	23	    0.01	    0.00	    0.00	    0.03	    0.00	    0.01	    0.05	    0.11	    0.36	  311.81	  996.56	    0.06	    0.00	 1393.75	  410.81	    0.19	   88.51	    0.00	  147.01	    0.76	    0.06	 1244.41	 3302.21	    0.00
23	12	    0.00	    0.00	    0.00	    0.00	    0.00	    0.00	  307.95	    0.00	    0.00	    0.00	    0.00	    0.00	    0.00	  594.50	  697.96	  599.96	    0.13	  101.00	  299.13	 1099.99	 1203.33	 2500.52	 1902.38	 1800.00
23	20	  364.53	    0.06	   66.14	  200.02	    3.61	    0.04	    0.00	    0.00	    0.00	    0.00	  397.21	 1163.96	 3706.83	  399.24	    0.00	    0.00	    0.00	    0.00	    0.00	    0.00	    0.00	    0.00	  699.84	 3256.94
23	22	  435.38	    0.01	  133.84	    1.60	    0.31	    0.31	    0.34	    0.52	    0.00	    0.00	    0.06	  937.34	 2190.46	    0.00	    0.00	    0.87	    0.00	    0.17	    0.00	    1.20	 1495.78	    0.60	    0.00	 2643.06
