i	j	       0	       1	       2	       3	       4	       5	       6	       7	       8	       9	      10	      11	      12	      13	      14	      15	      16	      17	      18	      19	      20	      21	      22	      23
0	1	 2600.60	    0.00	  267.74	  199.98	   15.49	    0.00	    0.01	    0.02	   30.97	   92.92	  199.98	  482.70	  461.79	  100.00	   15.40	    0.02	    0.04	    0.00	    0.02	    0.00	    0.01	    0.10	    0.07	   28.65
0	2	 6199.40	 1173.77	    0.00	    0.00	    0.00	  234.25	  133.41	  231.51	    0.00	    0.00	    0.00	    0.00	    0.00	    0.00	    0.00	  113.08	    0.00	   32.99	    0.00	    0.02	    0.00	    0.00	    0.00	    0.00
1	0	    0.00	 1273.77	    0.00	    0.00	    0.00	  534.25	  633.39	 1031.48	    0.00	    0.00	    0.00	    0.00	    0.00	    0.00	    0.00	  613.06	    0.31	  132.98	    0.03	  299.98	    0.00	    0.02	    0.00	    0.00
1	5	 2500.60	 2726.23	  167.74	    0.00	    0.00	    0.00	    0.00	    0.00	    0.00	    0.00	    0.00	  382.70	  161.79	    0.00	    0.00	    0.00	    0.00	    0.00	    0.00	    0.00	    0.01	    0.03	    0.07	   28.65
2	0	    0.00	    0.00	  367.74	  699.98	  215.49	    0.00	    0.03	    0.05	  530.97	 1392.92	  699.98	  682.70	  961.79	  400.00	  515.40	    0.04	  399.73	    0.00	  299.99	    0.05	  100.01	  400.08	  300.07	  128.65
2	3	 4499.28	  673.65	 1932.20	    0.00	    0.00	    0.04	    0.00	    0.00	    0.00	    0.00	    0.00	 3747.88	 2489.53	    0.08	    0.00	    0.00	    0.00	    0.00	    0.00	    0.00	  202.41	    0.02	    1.98	  471.02
2	11	 1600.12	  400.12	  500.06	 1602.35	  403.20	  500.49	  775.27	 1200.00	 1399.52	  474.43	    0.69	    0.00	    0.00	    0.28	   73.33	  597.21	  274.67	  199.73	   31.43	    0.19	    0.05	    0.11	    0.11	    0.00
3	2	    0.00	    0.00	    0.00	 2502.33	  718.69	  566.28	  741.89	 1168.54	 2030.49	 2167.35	 1000.35	    0.00	    0.00	  500.06	  688.67	  684.16	  774.40	  166.75	  331.42	    0.18	    0.07	    0.22	    0.19	    0.02
3	4	 3198.34	  173.51	 1332.07	 6697.64	    0.00	    0.00	    0.00	    0.00	    0.00	    0.00	  906.33	 3147.37	 1889.23	  200.12	    0.09	    0.00	    0.00	    0.00	    0.02	    0.00	    2.59	    0.12	  200.00	  271.07
3	10	  800.94	  300.19	  400.13	 2400.02	  699.63	  599.52	    0.18	    5.98	    0.57	    0.16	    0.00	    0.51	    0.29	    0.06	    0.05	    0.11	    0.04	    0.02	    0.02	    0.02	    0.02	    0.04	    0.05	    0.02
4	3	    0.00	    0.04	    0.00	    0.00	 1918.32	 1565.76	 1142.07	 1874.52	 2731.07	 3367.37	    0.00	    0.00	    0.00	    0.00	 1187.58	 1484.27	 1274.13	  266.77	  530.95	  300.20	    0.04	  398.90	    0.00	    0.00
4	5	    0.00	    0.00	  528.22	 2119.04	 1254.59	    0.00	    0.02	    0.03	  569.17	 1307.02	  405.95	 1476.85	  578.71	  100.03	  284.24	    0.04	    0.04	    0.00	    0.10	    0.01	    0.01	    0.00	   99.93	   71.34
4	8	 2998.34	  899.72	  703.85	 4078.61	 2927.09	 1399.75	    0.02	    0.10	    0.00	    0.00	    0.38	 1470.53	 1110.53	    0.09	    0.00	    0.06	    0.00	    0.01	    0.00	    0.02	    0.01	    0.00	    0.08	  199.73
5	1	    0.00	    0.00	    0.00	    0.02	   84.51	  934.25	  833.38	 1431.46	  169.03	  507.08	    0.02	    0.00	    0.00	    0.01	   84.60	 1013.05	  200.27	  132.98	  100.01	  399.97	    0.00	   99.94	    0.00	    0.00
5	4	    0.00	  826.26	    0.00	    0.00	    0.00	 3165.51	 1031.39	 1803.86	    0.00	    0.00	    0.00	    0.00	    0.00	    0.00	    0.00	 1471.96	    0.10	  202.77	    0.03	  302.58	    0.01	    0.28	    0.00	    0.00
5	7	 2200.60	 1499.97	  395.96	 1719.02	  970.07	 3500.24	    0.00	    0.00	    0.15	    0.06	    5.93	 1659.55	  540.50	    0.03	    0.00	    0.00	    0.00	    0.00	    0.00	    0.00	    0.00	    0.00	    0.00	    0.00
6	7	    0.00	    0.00	    0.00	    0.00	    0.00	    0.00	 4178.72	    0.00	    0.00	    0.00	    0.00	    0.00	    0.00	  399.92	  600.13	  383.76	  141.68	  999.78	  999.55	 2600.06	  500.00	  800.22	  299.97	  199.99
6	17	  430.58	  336.61	    7.73	  430.87	  119.33	  985.79	 7921.28	 4519.33	  829.96	    0.70	    0.14	  218.63	    0.02	    0.00	    0.00	    0.00	    0.03	    0.00	    0.00	    0.00	    0.00	    0.00	    0.00	    0.00
7	5	    0.00	    0.00	    0.00	    0.00	    0.00	    0.00	 2264.76	 4035.29	    0.00	    0.12	    0.00	    0.00	    0.00	    0.00	    0.36	 3384.97	  700.33	  435.75	  299.93	 1002.54	  100.00	  300.20	    0.00	    0.01
7	6	  930.58	  536.61	  107.73	  830.87	  319.33	 1385.79	    0.00	 5519.33	 1429.91	    3.82	    0.99	  918.63	   60.13	    0.00	    0.00	    0.00	    0.11	    0.00	    0.00	    0.00	    0.00	    0.00	    0.00	    0.00
7	8	    0.00	    0.00	    0.00	    0.00	    0.00	    0.00	  913.96	 3764.66	    0.00	    0.00	    0.00	    0.00	    0.00	    0.00	    0.00	 1242.87	    0.00	  264.15	    0.00	  697.88	    0.05	    0.11	    0.00	    0.00
7	15	  470.10	  563.40	  173.12	  684.39	  427.72	 1314.54	    0.00	 3380.73	  873.15	    0.00	    0.27	  497.15	    0.29	    0.00	    0.00	    0.00	    0.00	    0.00	    0.00	    0.00	    0.00	    0.00	    0.00	    0.00
8	4	    0.00	    0.00	    0.00	    0.00	    0.00	    0.00	  310.71	  570.78	 4100.24	 5674.39	    0.00	    0.00	    0.00	    0.00	 1671.73	  512.40	 1474.07	   64.01	  631.00	   97.66	   97.45	  598.50	    0.00	    0.00
8	7	    0.07	    0.04	   84.89	  496.25	  276.97	    0.09	    0.00	    0.00	 3102.91	 1603.62	  795.33	  356.23	  119.92	    0.00	    0.00	    0.00	    0.22	    0.00	    0.00	    0.00	    0.00	    0.00	    0.00	    0.00
8	9	 2498.26	  699.68	  518.96	 2882.36	 1850.12	  999.66	    3.32	 2393.97	 8996.85	    0.00	    0.00	  514.35	  390.66	    0.00	    0.00	    0.24	    0.00	    0.17	    0.00	    0.38	    0.00	    0.00	    0.00	    0.00
9	8	    0.00	    0.00	    0.00	    0.00	    0.00	    0.00	    0.05	    0.00	    0.00	10078.01	 2194.95	    0.05	    0.05	  599.91	 2671.73	  669.72	 2374.29	    0.02	 1031.00	    0.14	  397.40	 1298.39	  499.92	    0.27
9	10	    0.00	    0.00	    0.00	    0.00	    0.00	    0.00	  499.43	  794.07	 1711.85	 8575.73	    0.00	    0.00	    0.00	    0.00	 1268.91	 1502.83	 1825.19	  199.85	  417.67	  429.58	    2.00	  503.63	    0.00	    0.00
9	14	  799.67	   99.92	   99.96	 1098.45	  597.17	  199.69	    0.00	    0.00	 3088.09	14604.63	 1893.90	  641.75	    4.83	    0.00	    0.00	    0.00	    0.78	    0.00	    0.00	    0.00	    0.00	    0.00	    0.00	    0.00
9	15	    0.00	    0.00	   19.16	   84.78	   52.99	    0.00	    0.00	    0.00	  497.08	 8040.81	 2168.63	  183.29	    0.11	    0.00	    0.00	    0.00	    0.00	    0.00	    0.00	    0.00	    0.00	    0.00	    0.00	    0.00
9	16	  399.30	    0.02	   99.98	  499.91	  199.96	    0.04	    0.08	    0.11	  899.83	 3900.82	  999.94	  599.89	  499.67	    0.10	    0.12	    0.11	    0.00	    0.05	    0.07	    0.14	    0.05	    0.14	    0.05	    0.02
10	3	    0.00	    0.00	    0.00	    0.00	    0.00	    0.00	    0.00	    0.00	    0.00	    0.14	 3406.68	    0.00	    0.00	 1200.16	    1.24	    0.00	    0.31	    0.00	    0.51	    0.00	    0.23	    1.46	  698.27	    0.09
10	9	    0.70	    0.20	    0.14	    0.78	    0.00	    0.00	    0.00	    0.00	    0.00	    0.00	11157.43	 2910.64	 2014.01	 1138.58	    0.00	    0.00	    0.00	    0.00	    0.00	    0.00	    0.00	    0.00	  324.84	   59.14
10	11	    0.00	    0.00	    0.00	    0.00	    0.00	    0.00	    0.00	    0.00	    0.10	 3425.49	 2400.00	    0.00	    0.00	  711.85	  630.74	  103.16	  825.29	    0.02	  270.30	    0.00	    0.00	    0.03	    0.00	    0.00
10	13	  300.35	  100.04	  100.04	  999.32	  199.66	  199.59	    0.00	    0.04	  312.32	 1150.26	 5335.89	 1057.90	   22.93	    0.00	    0.00	    0.00	    0.04	    0.00	    0.00	    0.00	    0.00	    0.00	    0.00	    0.00
11	2	    0.00	    0.00	    0.00	    0.00	    0.00	    0.00	    0.00	    0.00	    0.00	    0.00	    0.32	 4630.58	 3551.32	    0.30	    0.05	    0.00	    0.00	    0.00	    0.00	    0.03	  302.39	  500.00	  401.96	  599.65
11	10	    0.11	    0.04	    0.06	    0.08	    0.03	    0.07	    0.00	    0.00	    0.00	    0.00	    0.00	 5368.03	 3036.65	    0.00	    0.00	    0.00	    0.00	    0.00	    0.00	    0.00	    0.04	    0.00	    0.00	    0.47
11	12	 1400.01	  300.08	  300.00	 1002.27	  203.18	  300.42	   75.34	  600.00	  799.62	 1900.00	 1000.37	 3901.39	    0.00	   11.96	    4.25	    0.36	  499.96	    0.03	    1.82	    0.04	    0.00	    0.00	    0.00	    0.00
12	11	    0.00	    0.00	    0.00	    0.00	    0.00	    0.00	    0.07	    0.00	    0.00	    0.08	    0.00	    0.00	 7887.97	    0.13	    0.24	    0.00	    0.00	    0.28	    0.10	  499.88	  602.39	 1199.86	 1101.86	 1100.12
12	23	  900.01	    0.08	  200.00	  402.27	    3.18	  100.42	    0.00	    0.00	  199.62	    0.00	    0.37	 2601.39	 6712.03	    0.00	    0.00	    0.00	    0.00	    0.00	    0.00	    0.00	    0.00	    0.00	    0.00	    0.00
13	10	    0.00	    0.00	    0.00	    0.00	    0.00	    0.00	    0.39	    0.00	    0.00	    0.00	    0.00	    0.00	    0.00	 4650.52	  763.02	    0.21	    0.41	    0.15	  253.11	  170.40	  398.17	  597.82	 2323.06	  658.74
13	14	    0.36	    0.04	    0.05	    0.49	    0.02	    0.01	    0.00	    0.00	    0.00	    0.00	 1056.85	  358.25	  105.25	 6200.58	    0.00	    0.00	    0.00	    0.00	    0.00	    0.00	    0.00	    0.00	 1178.64	  134.96
13	22	    0.00	    0.00	    0.00	  498.85	   99.64	   99.58	    0.00	    0.00	  187.70	  786.26	 2679.11	    0.00	    0.00	 3248.90	  441.23	    0.00	  219.92	    0.00	  137.29	    0.00	    0.00	    0.00	    0.00	    0.00
14	9	    0.00	    0.00	    0.00	    0.00	    0.00	    0.00	    0.00	    0.00	    0.00	    0.00	    0.00	    0.00	    0.00	 1561.44	 7940.76	    0.28	    0.84	    0.05	 3248.55	 1726.03	 1599.45	 4402.16	 1975.13	  741.15
14	13	    0.00	    0.00	    0.00	    0.00	    0.00	    0.00	  199.91	  399.55	  475.38	 1736.00	    0.06	    0.00	    0.00	    0.00	 2504.25	  699.53	  920.29	   99.94	  690.39	  669.20	    1.00	  683.90	    0.00	    0.00
14	18	  300.03	    0.05	    0.01	  200.07	  100.03	    0.05	    0.02	    0.03	  400.15	 3254.93	  829.84	  300.06	  282.84	 2898.01	 5899.72	    0.05	    0.39	    0.01	    0.00	    0.05	  556.36	 2899.92	  899.98	  262.79
14	21	    0.00	    0.00	    0.00	  398.88	  297.15	    0.00	    0.00	    0.00	 1312.56	 5613.69	  720.85	    0.00	    0.00	  441.13	 5055.26	    0.23	 2484.99	    0.00	 2078.11	    0.00	    0.00	    0.00	    0.00	    0.00
15	7	    0.00	    0.00	    0.00	    0.00	    0.00	    0.00	    0.00	    0.00	    0.00	    0.26	    0.00	    0.00	    0.00	    0.05	    0.23	 6444.08	 1958.54	    0.12	    0.38	    0.36	    0.05	    0.08	    0.03	    0.02
15	9	    0.00	    0.05	    0.00	    0.00	    0.00	    0.07	 2396.05	    0.21	    0.00	    0.00	    0.00	    0.00	    0.00	    0.00	    0.00	 6570.92	    0.56	  899.61	    0.19	 1203.29	    0.00	    0.00	    0.00	    0.00
15	16	    0.69	  200.04	    0.01	    0.06	    0.03	  500.12	 1000.40	 1400.61	    0.11	    0.50	    0.09	    0.05	    0.23	    0.00	    0.00	 5967.45	    0.00	  600.23	    0.00	 1539.76	  350.84	    0.00	    0.00	  125.98
15	17	    0.04	    0.02	    0.00	    0.04	    0.01	    0.08	    0.00	    0.35	    0.58	 3641.96	  769.06	    0.10	    0.01	    0.03	    0.17	 7117.55	 3758.96	    0.00	    0.17	    0.00	    0.00	    0.00	    0.00	    0.00
16	9	    0.00	    0.00	    0.00	    0.00	    0.00	    0.00	    0.20	    0.00	    0.00	    0.00	    0.00	    0.00	    0.00	    0.00	    0.00	    1.21	 8098.86	    0.08	    0.00	    0.16	    0.00	    0.00	    0.00	    0.00
16	15	    0.00	    0.00	    0.00	    0.00	    0.00	    0.00	    0.00	    0.00	    0.00	    1.55	    0.13	    0.00	    0.00	  690.25	 1183.95	    0.00	 8517.95	    0.00	 1282.98	    0.00	    0.05	    0.10	    0.04	    0.03
16	18	    0.03	    0.08	    0.00	    0.02	    0.01	    0.16	    0.28	    0.73	    0.03	    0.16	    0.00	    0.00	    0.00	    0.00	    0.00	 3166.35	 6783.19	    0.19	    0.00	    0.00	    0.00	    0.00	    0.00	    0.00
17	6	    0.00	    0.00	    0.00	    0.00	    0.00	    0.00	    0.00	    0.00	    0.05	 1896.88	  499.15	    0.00	  339.89	  599.92	 1100.13	 1783.76	 1141.60	 1199.78	 1399.55	 3100.06	  700.00	 1300.22	  499.97	  299.99
17	15	   30.63	   36.72	    7.73	   30.92	   19.33	   85.73	 4796.44	  220.44	   30.46	    0.36	    0.11	   19.71	  599.84	    9.83	   16.45	    0.00	    0.11	 1999.96	   17.76	 4343.41	  950.83	 1199.97	  499.99	  425.97
17	19	  299.99	  299.91	    0.00	  299.99	  100.01	  800.14	 2924.83	 3999.23	  600.02	 1045.63	  169.96	    0.04	    0.00	    0.00	    0.00	 4833.79	 2017.41	 1600.26	    0.00	    0.00	    0.00	    0.00	    0.00	    0.00
18	14	    0.00	    0.09	    0.00	    0.00	    0.00	    0.35	  699.55	  999.06	    0.00	    0.00	    0.00	    0.00	    0.00	    0.00	    0.00	 1899.99	 4905.73	  299.84	 6817.05	 3494.10	    0.15	    0.36	    0.15	    0.07
18	16	    0.04	    0.02	    0.01	    0.05	    0.02	    0.00	    0.00	    0.00	    0.09	    0.39	    0.10	    0.06	    0.09	 1390.15	 2683.83	    0.00	    0.00	    0.00	 2982.92	  160.26	  249.17	 1699.97	  599.99	  174.02
18	19	    0.02	    0.00	    0.00	    0.04	    0.02	    0.02	    0.00	    0.00	    0.09	 1454.69	  429.74	    0.00	    0.00	 1207.88	 2415.89	    0.00	  177.86	    0.00	 3000.04	    0.00	    0.00	    0.00	    0.00	    0.00
19	17	    0.00	    0.00	    0.00	    0.00	    0.00	    0.00	    0.00	    0.00	    0.00	    0.20	    0.02	    1.02	 1039.70	  709.73	 1316.41	    0.00	    0.13	    0.00	 1717.14	 7843.47	 1750.83	 2800.20	 1099.96	  725.96
19	18	    0.00	   99.99	    0.00	    0.00	    0.00	  200.17	 1099.25	 1698.30	    0.00	    0.00	    0.00	    0.00	   17.26	    0.01	    0.00	   33.59	    0.00	  599.63	    0.00	 4854.30	   92.95	    0.41	    0.16	   11.30
19	20	    0.00	    0.00	    0.00	    0.01	    0.02	  100.02	  625.03	  600.61	    0.06	    0.05	    0.02	    0.01	    0.02	    0.02	    0.03	 1500.39	  494.68	  200.46	   83.00	 2700.97	    0.00	    0.07	    0.03	    0.02
19	21	    0.00	   99.92	    0.00	    0.02	    0.01	  199.98	  700.56	  800.33	    0.05	    0.28	    0.04	    0.00	    0.00	    0.00	    0.16	 1699.81	    0.52	  400.17	    0.07	 3101.26	    0.17	    0.00	    0.00	    0.00
20	19	    0.00	    0.00	    0.00	    0.00	    0.00	    0.00	    0.00	    0.00	    0.00	    0.10	    0.03	  400.91	 1656.79	    0.08	    0.16	    0.00	    0.07	    0.00	    0.18	    0.00	 3043.95	    0.23	    3.84	 1136.96
20	21	  262.83	    0.07	   65.71	    0.26	    0.00	    0.03	    0.06	    0.08	    0.00	    0.00	    0.00	  459.96	 1464.54	    0.00	    0.00	    0.15	    0.00	    0.03	    0.00	    0.40	 4760.52	    0.00	    0.00	 1604.87
20	23	    0.00	    0.00	    0.00	    0.00	    0.00	    0.02	  424.97	  200.53	    0.20	  484.76	    0.00	    0.00	    0.00	    0.00	  682.54	  900.32	  215.13	  100.43	  254.11	 1500.57	 3195.53	 2346.10	    0.00	    0.00
21	14	    0.00	    0.00	    0.00	    0.00	    0.00	    0.00	    0.38	    0.52	    0.00	    0.00	    0.00	    0.06	  872.76	    0.00	    0.00	    0.10	    0.00	    0.17	    0.00	    1.19	 2956.67	10585.62	 2696.32	 1268.92
21	19	    0.00	    0.00	    0.00	    0.00	    0.00	    0.00	    0.00	    0.00	    0.00	    0.10	    0.36	    0.09	    0.19	    1.80	    0.54	    0.00	    0.00	    0.00	    0.00	    0.00	    0.00	 5200.45	 1796.32	    0.32
21	20	    0.02	    0.00	    0.00	    0.03	   97.21	    0.00	    0.00	    0.00	  300.13	 1684.77	    2.17	    0.05	    0.09	    1.11	 1482.67	    0.08	  320.51	    0.00	  571.29	    0.00	    0.00	 4146.27	    0.95	    0.08
21	22	    0.00	    0.00	    0.00	    0.00	    0.00	    0.01	  200.24	  299.88	  312.48	 1329.11	    0.00	    0.00	    0.00	    0.00	  972.21	  500.00	  465.00	  100.03	  306.89	  700.46	    4.02	 4467.67	    0.00	    0.00
22	13	    0.01	    0.00	    0.00	    0.02	    0.00	    0.00	    0.47	    0.41	    0.00	    0.00	    0.00	    0.35	  682.32	    0.00	    0.00	    0.68	    0.00	    0.21	    0.01	    1.19	  797.17	 1113.91	 4601.70	 1193.70
22	21	  137.18	    0.01	   34.29	    0.88	    0.05	    0.00	    0.00	    0.00	    0.00	    0.00	  381.64	  240.24	  708.50	  761.78	    0.00	    0.00	    0.00	    0.00	    0.00	    0.00	    0.00	    0.00	 6593.59	  764.44
22	23	    0.00	    0.00	    0.00	    0.00	    0.00	    0.00	    0.20	    0.13	    0.18	  315.37	  997.52	    0.00	    0.00	 1387.12	  413.44	    0.42	   84.92	    0.04	  144.17	    0.79	    0.05	 1253.84	 3304.72	    0.00
23	12	    0.00	    0.00	    0.00	    0.00	    0.00	    0.00	  324.73	    0.00	    0.00	    0.08	    0.00	    0.00	    0.00	  588.17	  695.98	  599.64	    0.04	  100.25	  298.28	 1099.84	 1202.39	 2499.86	 1901.86	 1800.12
23	20	  362.82	    0.06	   65.71	  200.22	    2.77	    0.03	    0.00	    0.00	    0.01	    0.05	  397.84	 1160.81	 3721.21	  398.95	    0.00	    0.00	    0.00	    0.00	    0.00	    0.00	    0.00	    0.00	  702.86	 3241.74
23	22	  437.19	    0.01	  134.30	    2.05	    0.41	    0.41	    0.44	    0.66	    0.00	    0.00	    0.05	  940.59	 2190.82	    0.00	    0.00	    1.10	    0.00	    0.22	    0.00	    1.51	 1493.20	    0.09	    0.00	 2658.14
