0.000000000000000000e+00 1.000000000000000000e+00 4.494550570336340570e+03
0.000000000000000000e+00 2.000000000000000000e+00 8.119657027747598477e+03
1.000000000000000000e+00 0.000000000000000000e+00 4.520588835891638155e+03
1.000000000000000000e+00 5.000000000000000000e+00 5.966972461765279149e+03
2.000000000000000000e+00 0.000000000000000000e+00 8.093618762192298163e+03
2.000000000000000000e+00 3.000000000000000000e+00 1.402101204774770667e+04
2.000000000000000000e+00 1.100000000000000000e+01 1.003559423102461733e+04
3.000000000000000000e+00 2.000000000000000000e+00 1.404147593380109356e+04
3.000000000000000000e+00 4.000000000000000000e+00 1.801981559390623806e+04
3.000000000000000000e+00 1.000000000000000000e+01 5.209151479021669729e+03
4.000000000000000000e+00 3.000000000000000000e+00 1.803967651729355566e+04
4.000000000000000000e+00 5.000000000000000000e+00 8.796493110583482121e+03
4.000000000000000000e+00 8.000000000000000000e+00 1.578961835851260730e+04
5.000000000000000000e+00 1.000000000000000000e+00 5.993010727320575825e+03
5.000000000000000000e+00 4.000000000000000000e+00 8.806267228444905413e+03
5.000000000000000000e+00 7.000000000000000000e+00 1.249091320689640634e+04
6.000000000000000000e+00 7.000000000000000000e+00 1.210661867617961798e+04
6.000000000000000000e+00 1.700000000000000000e+01 1.580188641425010792e+04
7.000000000000000000e+00 5.000000000000000000e+00 1.252672559031311721e+04
7.000000000000000000e+00 6.000000000000000000e+00 1.204255925904767901e+04
7.000000000000000000e+00 8.000000000000000000e+00 6.882925429273497684e+03
7.000000000000000000e+00 1.500000000000000000e+01 8.384663758492471970e+03
8.000000000000000000e+00 4.000000000000000000e+00 1.579970516403849615e+04
8.000000000000000000e+00 7.000000000000000000e+00 6.836201730159176805e+03
8.000000000000000000e+00 9.000000000000000000e+00 2.175299932045605965e+04
9.000000000000000000e+00 8.000000000000000000e+00 2.181636242686764308e+04
9.000000000000000000e+00 1.000000000000000000e+01 1.772774612721076119e+04
9.000000000000000000e+00 1.400000000000000000e+01 2.313127953461867219e+04
9.000000000000000000e+00 1.500000000000000000e+01 1.104633630256403376e+04
9.000000000000000000e+00 1.600000000000000000e+01 8.100736161770126273e+03
1.000000000000000000e+01 3.000000000000000000e+00 5.309754441687758117e+03
1.000000000000000000e+01 9.000000000000000000e+00 1.760492812278679048e+04
1.000000000000000000e+01 1.100000000000000000e+01 8.365574447006552873e+03
1.000000000000000000e+01 1.300000000000000000e+01 9.777771942633249637e+03
1.100000000000000000e+01 2.000000000000000000e+00 9.989092079415917397e+03
1.100000000000000000e+01 1.000000000000000000e+01 8.403944908723779008e+03
1.100000000000000000e+01 1.200000000000000000e+01 1.230202893530561232e+04
1.200000000000000000e+01 1.100000000000000000e+01 1.239389724541415853e+04
1.200000000000000000e+01 2.300000000000000000e+01 1.111922524543425607e+04
1.300000000000000000e+01 1.000000000000000000e+01 9.817186439158160283e+03
1.300000000000000000e+01 1.400000000000000000e+01 9.036627852774659914e+03
1.300000000000000000e+01 2.200000000000000000e+01 8.398327604381354831e+03
1.400000000000000000e+01 9.000000000000000000e+00 2.319197767165146433e+04
1.400000000000000000e+01 1.300000000000000000e+01 9.080237086547904255e+03
1.400000000000000000e+01 1.800000000000000000e+01 1.908249254984742947e+04
1.400000000000000000e+01 2.100000000000000000e+01 1.840540539533615447e+04
1.500000000000000000e+01 7.000000000000000000e+00 8.403140423891578394e+03
1.500000000000000000e+01 9.000000000000000000e+00 1.107187813933744656e+04
1.500000000000000000e+01 1.600000000000000000e+01 1.168715495075930994e+04
1.500000000000000000e+01 1.700000000000000000e+01 1.529213173466591434e+04
1.600000000000000000e+01 9.000000000000000000e+00 8.100677298799473647e+03
1.600000000000000000e+01 1.500000000000000000e+01 1.167614073890502550e+04
1.600000000000000000e+01 1.800000000000000000e+01 9.952125901422745301e+03
1.700000000000000000e+01 6.000000000000000000e+00 1.586594583138203961e+04
1.700000000000000000e+01 1.500000000000000000e+01 1.534716444869271254e+04
1.700000000000000000e+01 1.900000000000000000e+01 1.899019089290556076e+04
1.800000000000000000e+01 1.400000000000000000e+01 1.911566299408924533e+04
1.800000000000000000e+01 1.600000000000000000e+01 9.941052826597819148e+03
1.800000000000000000e+01 1.900000000000000000e+01 8.683834571334376960e+03
1.900000000000000000e+01 1.700000000000000000e+01 1.900928302406430157e+04
1.900000000000000000e+01 1.800000000000000000e+01 8.705931940751244838e+03
1.900000000000000000e+01 2.000000000000000000e+01 6.305901457889851372e+03
1.900000000000000000e+01 2.100000000000000000e+01 7.000747772813389020e+03
2.000000000000000000e+01 1.900000000000000000e+01 6.243291967321398261e+03
2.000000000000000000e+01 2.100000000000000000e+01 8.617867644085576103e+03
2.000000000000000000e+01 2.300000000000000000e+01 1.030554728855106441e+04
2.100000000000000000e+01 1.400000000000000000e+01 1.837654232190033508e+04
2.100000000000000000e+01 1.900000000000000000e+01 7.004546763957432631e+03
2.100000000000000000e+01 2.000000000000000000e+01 8.604982376650274091e+03
2.100000000000000000e+01 2.200000000000000000e+01 9.660810232349718717e+03
2.200000000000000000e+01 1.300000000000000000e+01 8.394132867133015679e+03
2.200000000000000000e+01 2.100000000000000000e+01 9.622860882622670033e+03
2.200000000000000000e+01 2.300000000000000000e+01 7.901975163519025955e+03
2.300000000000000000e+01 1.200000000000000000e+01 1.111109355554280592e+04
2.300000000000000000e+01 2.000000000000000000e+01 1.025582306541791695e+04
2.300000000000000000e+01 2.200000000000000000e+01 7.859831076543632662e+03
