i	j	       0	       1	       2	       3	       4	       5	       6	       7	       8	       9	      10	      11	      12	      13	      14	      15	      16	      17	      18	      19	      20	      21	      22	      23
0	1	 2599.80	    0.00	  267.01	  200.02	   16.12	    0.00	    0.01	    0.02	   32.25	   96.78	  200.02	  475.13	  460.05	  100.00	   16.14	    0.02	    0.04	    0.00	    0.01	    0.00	    0.01	    0.06	    0.15	   28.82
0	2	 6200.20	 1164.37	    0.00	    0.00	    0.00	  231.63	  139.80	  244.66	    0.00	    0.00	    0.00	    0.00	    0.00	    0.00	    0.00	  101.34	    0.00	   34.83	    0.00	    0.02	    0.00	    0.00	    0.00	    0.00
1	0	    0.00	 1264.37	    0.00	    0.00	    0.00	  531.63	  639.78	 1044.62	    0.00	    0.00	    0.00	    0.00	    0.00	    0.00	    0.00	  601.32	    0.22	  134.82	    0.03	  300.01	    0.00	    0.02	    0.00	    0.00
1	5	 2499.80	 2735.63	  167.01	    0.04	    0.00	    0.00	    0.00	    0.00	    0.00	    0.00	    0.04	  375.13	  160.05	    0.01	    0.00	    0.00	    0.00	    0.00	    0.00	    0.00	    0.01	    0.03	    0.15	   28.82
2	0	    0.00	    0.00	  367.01	  700.02	  216.12	    0.00	    0.03	    0.05	  532.25	 1396.78	  700.02	  675.13	  960.05	  400.00	  516.14	    0.04	  399.81	    0.00	  299.99	    0.02	  100.01	  400.04	  300.15	  128.82
2	3	 4500.21	  664.23	 1932.95	    0.00	    0.00	    0.00	    0.00	    0.00	    0.00	    0.00	    0.00	 3742.94	 2504.04	    0.09	    0.00	    0.00	    0.00	    0.00	    0.00	    0.00	  203.29	    0.36	    2.25	  470.97
2	11	 1599.99	  400.14	  500.03	 1601.19	  403.21	  500.25	  748.23	 1200.00	 1399.45	  669.63	    1.08	    0.00	    0.00	    0.35	   57.95	  542.17	  188.87	  199.68	   24.83	    0.15	    0.00	    0.10	    0.10	    0.00
3	2	    0.00	    0.00	    0.00	 2501.21	  719.33	  568.62	  708.46	 1155.39	 2031.69	 2366.41	 1000.34	    0.00	    0.00	  499.91	  674.03	  640.86	  688.68	  164.86	  324.82	    0.14	    0.02	    0.18	    0.16	    0.01
3	4	 3199.09	  164.16	 1332.84	 6698.07	    0.00	    0.00	    0.00	    0.00	    0.00	    0.13	  903.72	 3141.91	 1903.15	  200.10	    0.08	    0.00	    0.01	    0.00	    0.02	    0.00	    3.44	    0.12	  199.92	  271.02
3	10	  801.12	  300.11	  400.12	 2400.71	  699.91	  599.85	    0.54	    5.17	    0.44	    0.17	    0.00	    1.04	    0.89	    0.07	    0.06	    0.12	    0.04	    0.02	    0.02	    0.02	    0.02	    0.05	    0.05	    0.02
4	3	    0.00	    0.04	    0.00	    0.00	 1919.24	 1568.47	 1109.00	 1860.56	 2732.13	 3564.94	    0.00	    0.00	    0.00	    0.00	 1172.28	 1440.98	 1188.00	  264.87	  524.10	  300.17	    0.03	  398.24	    0.00	    0.00
4	5	    0.00	    0.00	  525.59	 2128.68	 1259.34	    0.00	    0.02	    0.03	  567.91	 1303.16	  403.16	 1466.48	  588.63	  100.02	  283.12	    0.04	    0.04	    0.00	    0.02	    0.01	    0.01	    0.00	   99.85	   71.17
4	8	 2999.09	  899.82	  707.24	 4069.39	 2921.41	 1399.80	    0.03	    0.10	    0.00	    0.00	    0.55	 1475.43	 1114.52	    0.08	    0.00	    0.06	    0.00	    0.01	    0.00	    0.03	    0.00	    0.00	    0.07	  199.85
5	1	    0.00	    0.00	    0.00	    0.02	   83.88	  931.63	  839.77	 1444.61	  167.75	  503.22	    0.02	    0.00	    0.00	    0.01	   83.86	 1001.31	  200.19	  134.82	  100.01	  400.00	    0.00	   99.99	    0.00	    0.00
5	4	    0.00	  835.70	    0.00	    0.00	    0.00	 3168.26	  976.16	 1829.40	    0.00	    0.00	    0.00	    0.00	    0.00	    0.00	    0.00	 1479.87	    0.10	  204.93	    0.03	  311.68	    0.00	    0.00	    0.00	    0.00
5	7	 2199.80	 1499.93	  392.61	 1728.70	  975.47	 3500.10	    0.00	    0.00	    0.15	    0.07	    3.18	 1641.60	  548.68	    0.03	    0.00	    0.00	    0.00	    0.00	    0.00	    0.00	    0.00	    0.00	    0.00	    0.00
6	7	    0.00	    0.00	    0.00	    0.00	    0.00	    0.00	 4152.25	    0.00	    0.00	    0.00	    0.00	    0.00	    0.00	  399.86	  600.51	  405.28	  142.91	  999.92	  999.64	 2600.03	  500.24	  799.97	  299.97	  199.99
6	17	  429.22	  335.00	    7.98	  431.28	  119.64	  981.97	 7947.75	 4509.97	  823.80	    0.67	    0.13	  219.23	    0.13	    0.00	    0.00	    0.00	    0.03	    0.00	    0.00	    0.00	    0.00	    0.00	    0.00	    0.00
7	5	    0.00	    0.00	    0.00	    0.00	    0.00	    0.00	 2215.92	 4073.97	    0.00	    0.12	    0.00	    0.00	    0.00	    0.00	    0.74	 3381.14	  700.24	  439.75	  300.02	 1011.67	   99.99	  299.96	    0.00	    0.01
7	6	  929.22	  535.00	  107.98	  831.28	  319.64	 1381.97	    0.00	 5509.97	 1423.75	    6.40	    1.81	  919.16	   75.27	    0.00	    0.00	    0.00	    0.11	    0.00	    0.00	    0.00	    0.00	    0.00	    0.00	    0.00
7	8	    0.00	    0.00	    0.00	    0.00	    0.00	    0.00	  936.33	 3725.96	    0.00	    0.00	    0.00	    0.00	    0.00	    0.00	    0.00	 1268.30	    0.00	  260.30	    0.00	  688.71	    0.30	    0.10	    0.00	    0.00
7	15	  470.96	  564.97	  171.57	  678.85	  424.26	 1318.22	    0.00	 3390.10	  882.72	    0.00	    0.06	  482.08	    0.30	    0.00	    0.00	    0.00	    0.00	    0.00	    0.00	    0.00	    0.00	    0.00	    0.00	    0.00
8	4	    0.00	    0.00	    0.00	    0.00	    0.00	    0.00	  332.88	  531.30	 4100.04	 5867.98	    0.00	    0.00	    0.00	    0.00	 1655.31	  461.20	 1387.93	   59.95	  624.07	   88.53	   96.59	  598.12	    0.00	    0.00
8	7	    0.39	    0.04	   86.94	  481.42	  268.43	    0.09	    0.00	    0.00	 3106.31	 1606.19	  798.69	  359.64	  126.89	    0.00	    0.00	    0.00	    0.23	    0.00	    0.00	    0.00	    0.00	    0.00	    0.00	    0.00
8	9	 2498.70	  699.78	  520.30	 2887.97	 1852.98	  999.70	    3.53	 2394.76	 8993.65	    0.00	    0.00	  515.84	  387.69	    0.00	    0.00	    0.25	    0.00	    0.37	    0.00	    0.35	    0.00	    0.00	    0.00	    0.00
9	8	    0.00	    0.00	    0.00	    0.00	    0.00	    0.00	    0.05	    0.00	    0.00	10274.18	 2198.14	    0.05	    0.05	  599.92	 2655.31	  593.09	 2288.15	    0.02	 1024.07	    0.15	  396.29	 1298.02	  499.93	    0.15
9	10	    0.00	    0.00	    0.00	    0.00	    0.00	    0.00	  499.46	  794.86	 1710.30	 8376.12	    0.00	    0.00	    0.00	    0.00	 1302.21	 1557.86	 1911.45	  199.97	  429.97	  440.78	    2.65	  501.65	    0.00	    0.00
9	14	  798.97	   99.82	   99.87	 1098.16	  596.79	  199.73	    0.00	    0.00	 3089.85	14628.39	 1872.83	  645.11	    1.49	    0.00	    0.00	    0.00	    0.81	    0.00	    0.00	    0.00	    0.00	    0.00	    0.00	    0.00
9	15	    0.00	    0.00	   20.46	   89.97	   56.23	    0.00	    0.00	    0.00	  493.67	 8020.46	 2167.36	  197.52	    0.11	    0.00	    0.00	    0.00	    0.00	    0.00	    0.00	    0.00	    0.00	    0.00	    0.00	    0.00
9	16	  399.73	    0.02	   99.97	  499.84	  199.96	    0.04	    0.08	    0.12	  899.83	 3900.86	  999.78	  599.80	  499.84	    0.06	    0.13	    0.12	    0.00	    0.05	    0.07	    0.14	    0.05	    0.14	    0.05	    0.03
10	3	    0.00	    0.00	    0.00	    0.00	    0.00	    0.00	    0.00	    0.00	    0.00	    1.75	 3404.06	    0.00	    0.00	 1200.00	    1.90	    0.00	    0.74	    0.00	    0.76	    0.00	    0.16	    1.75	  697.88	    0.08
10	9	    0.00	    0.00	    0.00	    0.00	    0.00	    0.00	    0.00	    0.00	    0.00	    0.00	11138.11	 2926.65	 2013.81	 1125.47	    0.00	    0.00	    0.00	    0.00	    0.00	    0.00	    0.00	    0.00	  346.88	   56.74
10	11	    0.00	    0.00	    0.00	    0.00	    0.00	    0.00	    0.00	    0.00	    0.11	 3230.37	 2400.57	    0.00	    0.00	  735.75	  649.29	  158.18	  911.09	    0.02	  278.25	    0.00	    0.00	    0.00	    0.00	    0.00
10	13	  301.23	  100.15	  100.17	 1000.80	  199.94	  199.92	    0.00	    0.03	  310.63	 1144.16	 5357.27	 1055.04	   11.00	    0.00	    0.00	    0.00	    0.05	    0.00	    0.00	    0.00	    0.00	    0.00	    0.00	    0.00
11	2	    0.00	    0.00	    0.00	    0.00	    0.00	    0.00	    0.00	    0.00	    0.00	    0.00	    0.76	 4618.07	 3564.09	    0.53	    0.05	    0.00	    0.00	    0.00	    0.00	    0.00	  303.28	  500.32	  402.34	  599.78
11	10	    0.11	    0.04	    0.06	    0.08	    0.03	    0.07	    0.00	    0.00	    0.00	    0.00	    0.00	 5380.65	 3023.92	    0.00	    0.00	    0.00	    0.00	    0.00	    0.00	    0.00	    0.04	    0.00	    0.00	    0.49
11	12	 1399.88	  300.10	  299.98	 1001.11	  203.19	  300.18	   48.23	  600.00	  799.56	 1900.00	 1000.89	 3901.28	    0.00	   35.72	    7.19	    0.80	  499.96	    0.03	    3.08	    0.00	    0.00	    0.00	    0.00	    0.00
12	11	    0.00	    0.00	    0.00	    0.00	    0.00	    0.00	    0.00	    0.00	    0.00	    0.00	    0.00	    0.00	 7888.00	    0.14	    0.00	    0.45	    0.00	    0.33	    0.00	  499.85	  603.31	 1200.22	 1102.24	 1100.26
12	23	  899.88	    0.10	  199.98	  401.11	    3.19	  100.18	    0.00	    0.00	  199.56	    0.00	    0.89	 2601.28	 6712.00	    0.00	    0.00	    0.00	    0.00	    0.00	    0.00	    0.00	    0.00	    0.00	    0.00	    0.00
13	10	    0.00	    0.00	    0.00	    0.00	    0.00	    0.00	    0.00	    0.00	    0.00	    0.00	    0.00	    0.00	    0.00	 4661.16	  748.92	    0.20	    0.38	    0.03	  249.02	  159.20	  397.46	  600.05	 2344.70	  656.31
13	14	    1.12	    0.14	    0.15	    1.19	    0.06	    0.07	    0.00	    0.00	    0.00	    0.00	 1049.77	  354.96	   97.46	 6255.36	    0.00	    0.00	    0.00	    0.00	    0.00	    0.00	    0.00	    0.00	 1148.43	  126.84
13	22	    0.13	    0.01	    0.03	  499.63	   99.88	   99.85	    0.00	    0.00	  195.14	  812.71	 2707.57	    0.31	    0.30	 3183.48	  438.45	    0.00	  222.18	    0.00	  137.87	    0.00	    0.00	    0.00	    0.00	    0.00
14	9	    0.00	    0.00	    0.00	    0.00	    0.00	    0.00	    0.00	    0.00	    0.00	    0.00	    0.00	    0.00	    0.00	 1574.50	 7957.65	    0.30	    2.96	    0.05	 3253.91	 1714.37	 1598.99	 4399.81	 1953.10	  743.44
14	13	    0.00	    0.00	    0.00	    0.00	    0.00	    0.00	  199.46	  398.92	  484.51	 1768.56	    0.07	    0.00	    0.00	    0.00	 2487.37	  699.38	  922.52	   99.73	  686.88	  657.39	    0.29	  673.15	    0.00	    0.00
14	18	  300.08	    0.09	    0.02	  200.14	  100.03	    0.14	    0.02	    0.03	  400.15	 3272.60	  830.86	  300.14	  282.17	 2898.08	 5900.49	    0.06	    0.41	    0.01	    0.00	    0.05	  545.06	 2899.91	  899.98	  257.18
14	21	    0.00	    0.00	    0.00	  399.21	  296.82	    0.00	    0.00	    0.00	 1305.19	 5587.23	  691.67	    0.00	    0.00	  482.77	 5054.49	    0.23	 2498.51	    0.00	 2084.15	    0.00	    0.00	    0.00	    0.00	    0.00
15	7	    0.00	    0.00	    0.00	    0.00	    0.00	    0.00	    0.00	    0.00	    0.00	    0.27	    0.00	    0.00	    0.00	    0.11	    0.23	 6444.16	 1957.22	    0.13	    0.38	    0.35	    0.05	    0.09	    0.03	    0.02
15	9	    0.00	    0.05	    0.00	    0.00	    0.00	    0.07	 2395.83	    0.21	    0.00	    0.00	    0.00	    0.00	    0.00	    0.00	    0.00	 6547.95	    0.57	  899.52	    0.20	 1226.13	    0.00	    0.00	    0.00	    0.00
15	16	    0.20	  199.98	    0.01	    0.06	    0.03	  499.99	 1000.39	 1400.25	    0.12	    0.51	    0.09	    0.05	    0.00	    0.00	    0.00	 5955.30	    0.00	  600.17	    0.00	 1545.64	  352.56	    0.00	    0.00	  129.08
15	17	    0.02	    0.00	    0.00	    0.02	    0.00	    0.03	    0.00	    0.15	    0.16	 3621.63	  767.75	    0.13	    0.00	    0.03	    0.16	 7152.59	 3745.89	    0.00	    0.16	    0.00	    0.00	    0.00	    0.00	    0.00
16	9	    0.00	    0.00	    0.00	    0.00	    0.00	    0.00	    0.25	    0.00	    0.00	    0.00	    0.00	    0.00	    0.00	    0.00	    0.00	    2.57	 8096.88	    0.09	    0.00	    0.22	    0.00	    0.00	    0.00	    0.00
16	15	    0.00	    0.00	    0.00	    0.00	    0.00	    0.00	    0.00	    0.00	    0.00	    1.58	    0.30	    0.00	    0.00	  693.02	 1188.16	    0.00	 8503.56	    0.00	 1287.54	    0.00	    0.05	    0.11	    0.04	    0.03
16	18	    0.03	    0.02	    0.00	    0.02	    0.01	    0.04	    0.23	    0.36	    0.04	    0.16	    0.00	    0.00	    0.00	    0.00	    0.00	 3152.84	 6799.56	    0.12	    0.00	    0.00	    0.00	    0.00	    0.00	    0.00
17	6	    0.00	    0.00	    0.00	    0.00	    0.00	    0.00	    0.00	    0.00	    0.05	 1894.27	  498.32	    0.07	  324.86	  599.86	 1100.51	 1805.28	 1142.82	 1199.92	 1399.64	 3100.03	  700.24	 1299.97	  499.97	  299.99
17	15	   29.25	   35.07	    7.98	   31.26	   19.54	   81.87	 4796.21	  210.51	   23.89	    0.37	    0.12	   20.58	  599.60	    7.12	   12.24	    0.00	    0.12	 1999.82	   13.20	 4372.12	  952.56	 1199.98	  499.99	  429.08
17	19	  299.99	  299.93	    0.00	  300.03	  100.10	  800.13	 2951.54	 3999.61	  600.02	 1027.87	  169.45	    0.17	    0.08	    0.00	    0.00	 4847.31	 2003.12	 1600.26	    0.00	    0.00	    0.00	    0.00	    0.00	    0.00
18	14	    0.00	    0.13	    0.00	    0.00	    0.00	    0.33	  699.42	  998.87	    0.00	    0.00	    0.00	    0.00	    0.00	    0.00	    0.00	 1899.81	 4923.59	  299.77	 6824.95	 3471.35	    0.16	    0.38	    0.16	    0.07
18	16	    0.09	    0.02	    0.02	    0.12	    0.02	    0.00	    0.00	    0.00	    0.09	    0.37	    0.43	    0.14	    0.16	 1392.96	 2688.03	    0.00	    0.00	    0.00	 2987.47	  154.43	  247.45	 1699.96	  599.99	  170.92
18	19	    0.02	    0.00	    0.00	    0.04	    0.02	    0.02	    0.00	    0.00	    0.10	 1472.39	  430.43	    0.00	    0.00	 1205.14	 2412.46	    0.00	  176.38	    0.00	 2987.58	    0.00	    0.00	    0.00	    0.00	    0.00
19	17	    0.00	    0.00	    0.00	    0.00	    0.00	    0.00	    0.00	    0.00	    0.00	    0.21	    0.01	    1.46	 1024.41	  706.95	 1312.58	    0.00	    0.14	    0.00	 1712.67	 7872.15	 1752.80	 2799.95	 1099.96	  729.07
19	18	    0.00	  100.05	    0.00	    0.00	    0.00	  200.19	 1099.17	 1698.47	    0.00	    0.00	    0.00	    0.00	   18.00	    0.01	    0.00	   46.91	    0.00	  599.63	    0.00	 4825.73	  102.55	    0.43	    0.17	   13.81
19	20	    0.00	    0.00	    0.00	    0.06	    0.11	  100.01	  652.15	  600.57	    0.05	    0.05	    0.02	    0.01	    0.02	    0.02	    0.03	 1500.55	  479.32	  200.50	   75.01	 2700.90	    0.00	    0.07	    0.03	    0.02
19	21	    0.00	   99.89	    0.00	    0.02	    0.01	  199.95	  700.21	  800.57	    0.06	    0.22	    0.05	    0.00	    0.00	    0.00	    0.17	 1699.85	    0.11	  400.13	    0.08	 3101.22	    0.18	    0.00	    0.00	    0.00
20	19	    0.00	    0.00	    0.00	    0.00	    0.00	    0.00	    0.00	    0.00	    0.00	    0.11	    0.03	  401.27	 1642.24	    0.08	    0.17	    0.00	    0.07	    0.00	    0.18	    0.00	 3055.52	    0.24	    3.35	 1142.58
20	21	  262.56	    0.09	   65.64	    0.29	    0.00	    0.03	    0.06	    0.08	    0.00	    0.00	    0.00	  459.48	 1469.57	    0.00	    0.00	    0.16	    0.00	    0.03	    0.00	    0.41	 4747.81	    0.00	    0.00	 1609.24
20	23	    0.00	    0.00	    0.00	    0.00	    0.00	    0.02	  452.09	  200.49	    0.20	  484.60	    0.00	    0.00	    0.00	    0.00	  681.57	  900.47	  211.00	  100.46	  250.89	 1500.49	 3196.67	 2327.69	    0.00	    0.00
21	14	    0.00	    0.00	    0.00	    0.00	    0.00	    0.00	    0.06	    0.08	    0.00	    0.00	    0.00	    0.07	  883.21	    0.00	    0.00	    0.16	    0.00	    0.03	    0.00	    0.46	 2944.17	10572.49	 2704.49	 1273.71
21	19	    0.00	    0.00	    0.00	    0.00	    0.00	    0.00	    0.00	    0.00	    0.00	    0.11	    0.17	    0.03	    0.10	    1.76	    0.15	    0.00	    0.00	    0.00	    0.00	    0.00	    0.00	 5200.22	 1796.81	    0.32
21	20	    0.01	    0.00	    0.00	    0.03	   96.88	    0.00	    0.00	    0.00	  300.14	 1684.66	    2.43	    0.04	    0.00	    0.58	 1481.70	    0.08	  331.76	    0.00	  576.07	    0.00	    0.00	 4127.85	    0.78	    0.00
21	22	    0.00	    0.00	    0.00	    0.00	    0.00	    0.01	  200.21	  300.56	  305.11	 1302.68	    0.00	    0.00	    0.00	    0.00	  972.80	  500.00	  466.86	  100.14	  308.16	  701.17	    3.81	 4499.44	    0.00	    0.00
22	13	    0.01	    0.00	    0.00	    0.02	    0.00	    0.00	    0.54	    1.06	    0.00	    0.00	    0.00	    0.23	  686.76	    0.00	    0.00	    0.82	    0.00	    0.30	    0.01	    1.81	  797.17	 1126.90	 4593.13	 1183.15
22	21	  137.45	    0.03	   34.36	    0.52	    0.06	    0.03	    0.00	    0.00	    0.00	    0.00	  410.88	  240.66	  713.74	  719.57	    0.00	    0.00	    0.00	    0.00	    0.00	    0.00	    0.00	    0.00	 6602.08	  764.79
22	23	    0.01	    0.00	    0.00	    0.03	    0.00	    0.01	    0.07	    0.11	    0.25	  315.40	  996.74	    0.07	    0.00	 1363.91	  411.24	    0.20	   89.04	    0.04	  146.03	    0.76	    0.06	 1272.62	 3304.78	    0.00
23	12	    0.00	    0.00	    0.00	    0.00	    0.00	    0.00	  351.77	    0.00	    0.00	    0.00	    0.00	    0.00	    0.00	  564.43	  692.81	  599.65	    0.04	  100.30	  296.92	 1099.85	 1203.31	 2500.22	 1902.24	 1800.26
23	20	  362.54	    0.08	   65.64	  200.20	    3.01	    0.03	    0.00	    0.00	    0.00	    0.00	  397.58	 1160.70	 3711.79	  399.48	    0.00	    0.00	    0.00	    0.00	    0.00	    0.00	    0.00	    0.00	  702.54	 3251.80
23	22	  437.35	    0.02	  134.34	    0.94	    0.18	    0.18	    0.40	    0.61	    0.00	    0.00	    0.05	  940.65	 2200.21	    0.00	    0.00	    1.01	    0.00	    0.20	    0.00	    1.40	 1493.41	    0.09	    0.00	 2647.94
