0.000000000000000000e+00 1.000000000000000000e+00 4.527151816070825589e+03
0.000000000000000000e+00 2.000000000000000000e+00 8.203398827551669456e+03
1.000000000000000000e+00 0.000000000000000000e+00 4.604388035565542850e+03
1.000000000000000000e+00 5.000000000000000000e+00 5.952326311819066177e+03
2.000000000000000000e+00 0.000000000000000000e+00 8.126162608056948557e+03
2.000000000000000000e+00 3.000000000000000000e+00 1.409247544887207550e+04
2.000000000000000000e+00 1.100000000000000000e+01 1.017703072448285275e+04
3.000000000000000000e+00 2.000000000000000000e+00 1.414589259887031221e+04
3.000000000000000000e+00 4.000000000000000000e+00 1.808724775471305475e+04
3.000000000000000000e+00 1.000000000000000000e+01 5.207909628752855497e+03
4.000000000000000000e+00 3.000000000000000000e+00 1.814265541723145361e+04
4.000000000000000000e+00 5.000000000000000000e+00 8.787257241026261909e+03
4.000000000000000000e+00 8.000000000000000000e+00 1.579375553872531418e+04
5.000000000000000000e+00 1.000000000000000000e+00 6.029562531313788895e+03
5.000000000000000000e+00 4.000000000000000000e+00 8.812543279358535074e+03
5.000000000000000000e+00 7.000000000000000000e+00 1.251386866142485269e+04
6.000000000000000000e+00 7.000000000000000000e+00 1.226301650480321769e+04
6.000000000000000000e+00 1.700000000000000000e+01 1.595596359537837998e+04
7.000000000000000000e+00 5.000000000000000000e+00 1.261639091925185676e+04
7.000000000000000000e+00 6.000000000000000000e+00 1.206592134354027803e+04
7.000000000000000000e+00 8.000000000000000000e+00 7.009415722519592236e+03
7.000000000000000000e+00 1.500000000000000000e+01 8.404656037143786307e+03
8.000000000000000000e+00 4.000000000000000000e+00 1.582387716291141987e+04
8.000000000000000000e+00 7.000000000000000000e+00 6.856602772133815051e+03
8.000000000000000000e+00 9.000000000000000000e+00 2.173709864259094684e+04
9.000000000000000000e+00 8.000000000000000000e+00 2.171440731639127262e+04
9.000000000000000000e+00 1.000000000000000000e+01 1.771436371101786790e+04
9.000000000000000000e+00 1.400000000000000000e+01 2.312185814845848290e+04
9.000000000000000000e+00 1.500000000000000000e+01 1.106482535709017611e+04
9.000000000000000000e+00 1.600000000000000000e+01 8.100705458508528864e+03
1.000000000000000000e+01 3.000000000000000000e+00 5.305919116232686974e+03
1.000000000000000000e+01 9.000000000000000000e+00 1.756278150339328567e+04
1.000000000000000000e+01 1.100000000000000000e+01 8.370687633299237859e+03
1.000000000000000000e+01 1.300000000000000000e+01 9.773956227297467194e+03
1.100000000000000000e+01 2.000000000000000000e+00 1.004637735498989787e+04
1.100000000000000000e+01 1.000000000000000000e+01 8.424739759016265452e+03
1.100000000000000000e+01 1.200000000000000000e+01 1.244849429947262252e+04
1.200000000000000000e+01 1.100000000000000000e+01 1.247189305569672979e+04
1.200000000000000000e+01 2.300000000000000000e+01 1.107140221272232156e+04
1.300000000000000000e+01 1.000000000000000000e+01 9.766331381435677031e+03
1.300000000000000000e+01 1.400000000000000000e+01 9.014977827966187760e+03
1.300000000000000000e+01 2.200000000000000000e+01 8.591308557854516039e+03
1.400000000000000000e+01 9.000000000000000000e+00 2.304067056636774942e+04
1.400000000000000000e+01 1.300000000000000000e+01 9.071295999053339983e+03
1.400000000000000000e+01 1.800000000000000000e+01 1.928438287506995039e+04
1.400000000000000000e+01 2.100000000000000000e+01 1.894470212826107672e+04
1.500000000000000000e+01 7.000000000000000000e+00 8.462896084093608806e+03
1.500000000000000000e+01 9.000000000000000000e+00 1.117526395001183118e+04
1.500000000000000000e+01 1.600000000000000000e+01 1.189811170572021911e+04
1.500000000000000000e+01 1.700000000000000000e+01 1.556225543282937906e+04
1.600000000000000000e+01 9.000000000000000000e+00 8.100345329102522555e+03
1.600000000000000000e+01 1.500000000000000000e+01 1.176845361913831402e+04
1.600000000000000000e+01 1.800000000000000000e+01 1.003058107769650451e+04
1.700000000000000000e+01 6.000000000000000000e+00 1.615305875664131599e+04
1.700000000000000000e+01 1.500000000000000000e+01 1.586059215928278354e+04
1.700000000000000000e+01 1.900000000000000000e+01 1.910399483183963821e+04
1.800000000000000000e+01 1.400000000000000000e+01 1.966566692617007720e+04
1.800000000000000000e+01 1.600000000000000000e+01 9.900562861708589480e+03
1.800000000000000000e+01 1.900000000000000000e+01 8.720084987896989333e+03
1.900000000000000000e+01 1.700000000000000000e+01 1.949942671955596961e+04
1.900000000000000000e+01 1.800000000000000000e+01 8.971350823009204760e+03
1.900000000000000000e+01 2.000000000000000000e+01 6.625142810235246543e+03
1.900000000000000000e+01 2.100000000000000000e+01 5.812125316569869938e+03
2.000000000000000000e+01 1.900000000000000000e+01 5.980045188451145805e+03
2.000000000000000000e+01 2.100000000000000000e+01 8.834804577878534474e+03
2.000000000000000000e+01 2.300000000000000000e+01 1.029733928598445709e+04
2.100000000000000000e+01 1.400000000000000000e+01 1.843854866615738138e+04
2.100000000000000000e+01 1.900000000000000000e+01 7.003920661182522053e+03
2.100000000000000000e+01 2.000000000000000000e+01 8.249861443814583254e+03
2.100000000000000000e+01 2.200000000000000000e+01 9.577323400426004810e+03
2.200000000000000000e+01 1.300000000000000000e+01 8.527365540905575472e+03
2.200000000000000000e+01 2.100000000000000000e+01 9.678022148870993988e+03
2.200000000000000000e+01 2.300000000000000000e+01 7.792882288092119779e+03
2.300000000000000000e+01 1.200000000000000000e+01 1.099480096894642884e+04
2.300000000000000000e+01 2.000000000000000000e+01 1.023718479826431940e+04
2.300000000000000000e+01 2.200000000000000000e+01 7.829638019588157476e+03
