0.000000000000000000e+00 1.000000000000000000e+00 4.485800234460871252e+03
0.000000000000000000e+00 2.000000000000000000e+00 8.078209576293439568e+03
1.000000000000000000e+00 0.000000000000000000e+00 4.479257227861839965e+03
1.000000000000000000e+00 5.000000000000000000e+00 5.983661195069275891e+03
2.000000000000000000e+00 0.000000000000000000e+00 8.084752582892467217e+03
2.000000000000000000e+00 3.000000000000000000e+00 1.399499593086282221e+04
2.000000000000000000e+00 1.100000000000000000e+01 1.027570995175288226e+04
3.000000000000000000e+00 2.000000000000000000e+00 1.429684175111274999e+04
3.000000000000000000e+00 4.000000000000000000e+00 1.799201956110725223e+04
3.000000000000000000e+00 1.000000000000000000e+01 5.211360068095646966e+03
4.000000000000000000e+00 3.000000000000000000e+00 1.780130688636305422e+04
4.000000000000000000e+00 5.000000000000000000e+00 8.803095463113228107e+03
4.000000000000000000e+00 8.000000000000000000e+00 1.578202350687639773e+04
5.000000000000000000e+00 1.000000000000000000e+00 5.977118188470247333e+03
5.000000000000000000e+00 4.000000000000000000e+00 8.794948453817392874e+03
5.000000000000000000e+00 7.000000000000000000e+00 1.248839297005682056e+04
6.000000000000000000e+00 7.000000000000000000e+00 1.206970493512203575e+04
6.000000000000000000e+00 1.700000000000000000e+01 1.581095385885431278e+04
7.000000000000000000e+00 5.000000000000000000e+00 1.247370295416195586e+04
7.000000000000000000e+00 6.000000000000000000e+00 1.204606796461676822e+04
7.000000000000000000e+00 8.000000000000000000e+00 6.888987950524076041e+03
7.000000000000000000e+00 1.500000000000000000e+01 8.386324122090514720e+03
8.000000000000000000e+00 4.000000000000000000e+00 1.559945784142804769e+04
8.000000000000000000e+00 7.000000000000000000e+00 6.843827670676526395e+03
8.000000000000000000e+00 9.000000000000000000e+00 2.173414341176380185e+04
9.000000000000000000e+00 8.000000000000000000e+00 2.160641746646789034e+04
9.000000000000000000e+00 1.000000000000000000e+01 1.789671021421900878e+04
9.000000000000000000e+00 1.400000000000000000e+01 2.315677698516957025e+04
9.000000000000000000e+00 1.500000000000000000e+01 1.104945056306721926e+04
9.000000000000000000e+00 1.600000000000000000e+01 8.100374857204466025e+03
1.000000000000000000e+01 3.000000000000000000e+00 5.803918563089774580e+03
1.000000000000000000e+01 9.000000000000000000e+00 1.755331812265604822e+04
1.000000000000000000e+01 1.100000000000000000e+01 8.184943833866987006e+03
1.000000000000000000e+01 1.300000000000000000e+01 9.751442094125704898e+03
1.100000000000000000e+01 2.000000000000000000e+00 9.980407138101978489e+03
1.100000000000000000e+01 1.000000000000000000e+01 8.421355725917737800e+03
1.100000000000000000e+01 1.200000000000000000e+01 1.236177231666523039e+04
1.200000000000000000e+01 1.100000000000000000e+01 1.240288139506506923e+04
1.200000000000000000e+01 2.300000000000000000e+01 1.111191079960980278e+04
1.300000000000000000e+01 1.000000000000000000e+01 9.864196605506118431e+03
1.300000000000000000e+01 1.400000000000000000e+01 9.052080670078459661e+03
1.300000000000000000e+01 2.200000000000000000e+01 8.364552312518120743e+03
1.400000000000000000e+01 9.000000000000000000e+00 2.323523101257673261e+04
1.400000000000000000e+01 1.300000000000000000e+01 9.125545815686369679e+03
1.400000000000000000e+01 1.800000000000000000e+01 1.908564989159648758e+04
1.400000000000000000e+01 2.100000000000000000e+01 1.837854570118695483e+04
1.500000000000000000e+01 7.000000000000000000e+00 8.393157415537936686e+03
1.500000000000000000e+01 9.000000000000000000e+00 1.108662653937802679e+04
1.500000000000000000e+01 1.600000000000000000e+01 1.169338217858276766e+04
1.500000000000000000e+01 1.700000000000000000e+01 1.526352851956045379e+04
1.600000000000000000e+01 9.000000000000000000e+00 8.100410999753532451e+03
1.600000000000000000e+01 1.500000000000000000e+01 1.167120301973536880e+04
1.600000000000000000e+01 1.800000000000000000e+01 9.957875777451010435e+03
1.700000000000000000e+01 6.000000000000000000e+00 1.583459082935957667e+04
1.700000000000000000e+01 1.500000000000000000e+01 1.532971694816611307e+04
1.700000000000000000e+01 1.900000000000000000e+01 1.899886613413041778e+04
1.800000000000000000e+01 1.400000000000000000e+01 1.914625932688855028e+04
1.800000000000000000e+01 1.600000000000000000e+01 9.935732761152657986e+03
1.800000000000000000e+01 1.900000000000000000e+01 8.677000106302690256e+03
1.900000000000000000e+01 1.700000000000000000e+01 1.898869153324131184e+04
1.900000000000000000e+01 1.800000000000000000e+01 8.715466525296389591e+03
1.900000000000000000e+01 2.000000000000000000e+01 6.305167437280101694e+03
1.900000000000000000e+01 2.100000000000000000e+01 7.002596810644552534e+03
2.000000000000000000e+01 1.900000000000000000e+01 6.233058003727252071e+03
2.000000000000000000e+01 2.100000000000000000e+01 8.642467195953744522e+03
2.000000000000000000e+01 2.300000000000000000e+01 1.031459412301653174e+04
2.100000000000000000e+01 1.400000000000000000e+01 1.836985543890996632e+04
2.100000000000000000e+01 1.900000000000000000e+01 7.002998062302023754e+03
2.100000000000000000e+01 2.000000000000000000e+01 8.612870780538605686e+03
2.100000000000000000e+01 2.200000000000000000e+01 9.690607527317572021e+03
2.200000000000000000e+01 1.300000000000000000e+01 8.403841678290638811e+03
2.200000000000000000e+01 2.100000000000000000e+01 9.652722101282945005e+03
2.200000000000000000e+01 2.300000000000000000e+01 7.835341710561277068e+03
2.300000000000000000e+01 1.200000000000000000e+01 1.105301987800964343e+04
2.300000000000000000e+01 2.000000000000000000e+01 1.027208110487880185e+04
2.300000000000000000e+01 2.200000000000000000e+01 7.836745650299148110e+03
