i	j	       0	       1	       2	       3	       4	       5	       6	       7	       8	       9	      10	      11	      12	      13	      14	      15	      16	      17	      18	      19	      20	      21	      22	      23
0	1	 2600.44	    0.00	  268.97	  200.02	   16.45	    0.00	    0.01	    0.02	   32.90	   98.74	  200.02	  470.81	  460.63	  100.01	   16.43	    0.02	    0.04	    0.00	    0.01	    0.00	    0.01	    0.07	    0.21	   28.95
0	2	 6199.56	 1163.87	    0.00	    0.00	    0.00	  236.92	  170.15	  244.36	    0.00	    0.00	    0.00	    0.00	    0.00	    0.00	    0.00	  107.66	    0.00	    0.00	    0.00	    0.02	    0.00	    0.00	    0.00	    0.00
1	0	    0.00	 1263.87	    0.00	    0.00	    0.00	  536.92	  670.13	 1044.32	    0.00	    0.00	    0.00	    0.00	    0.00	    0.00	    0.00	  607.64	    0.69	  100.00	    0.03	  300.01	    0.00	    0.02	    0.00	    0.00
1	5	 2500.44	 2736.13	  168.97	    0.04	    0.00	    0.00	    0.00	    0.00	    0.00	    0.00	    0.04	  370.81	  160.63	    0.01	    0.00	    0.00	    0.00	    0.00	    0.00	    0.00	    0.01	    0.03	    0.21	   28.95
2	0	    0.00	    0.00	  368.97	  700.02	  216.45	    0.00	    0.03	    0.05	  532.90	 1398.74	  700.02	  670.81	  960.63	  400.01	  516.43	    0.04	  399.34	    0.00	  299.99	    0.02	  100.01	  400.05	  300.21	  128.95
2	3	 4499.19	  663.62	 1930.81	    0.00	    0.00	    0.00	    0.00	    0.00	    0.00	    0.00	    0.00	 3751.29	 2499.92	    0.09	    0.00	    0.00	    0.00	    0.00	    0.00	    0.00	  202.09	    0.02	    2.43	  470.82
2	11	 1600.37	  400.25	  500.22	 1602.79	  403.32	  500.62	  951.79	 1200.00	 1399.77	  667.56	    1.06	    0.00	    0.00	    0.16	   45.49	  555.02	  188.29	    0.22	   19.50	    0.13	    0.00	    0.00	    0.00	    0.00
3	2	    0.00	    0.00	    0.00	 2502.81	  719.77	  563.70	  881.67	 1155.69	 2032.67	 2366.30	 1000.32	    0.00	    0.00	  499.73	  661.87	  647.40	  687.63	    0.22	  319.48	    0.13	    0.00	    0.09	    0.07	    0.00
3	4	 3197.77	  163.37	 1330.63	 6697.19	    0.00	    0.00	    0.00	    0.00	    0.00	    0.11	  905.07	 3150.90	 1899.64	  200.01	    0.07	    0.00	    0.01	    0.00	    0.02	    0.00	    2.14	    0.04	  199.75	  270.83
3	10	  801.42	  300.30	  400.18	 2400.00	  699.65	  599.52	    0.47	    6.33	    0.39	    0.16	    0.00	    0.39	    0.28	    0.07	    0.06	    0.11	    0.04	    0.04	    0.02	    0.02	    0.02	    0.05	    0.05	    0.02
4	3	    0.00	    0.04	    0.00	    0.00	 1919.42	 1563.22	 1282.14	 1862.02	 2733.06	 3565.07	    0.00	    0.00	    0.00	    0.00	 1160.23	 1447.52	 1187.17	  100.26	  518.79	  300.15	    0.04	  399.11	    0.00	    0.00
4	5	    0.00	    0.00	  527.55	 2130.17	 1260.58	    0.00	    0.02	    0.03	  567.25	 1301.21	  404.90	 1464.79	  585.82	  100.02	  283.44	    0.04	    0.04	    0.00	    0.04	    0.01	    0.01	    0.00	   99.75	   71.03
4	8	 2997.77	  899.54	  703.08	 4067.02	 2920.00	 1399.91	    0.02	    0.10	    0.00	    0.00	    0.17	 1486.10	 1113.83	    0.00	    0.00	    0.06	    0.00	    0.01	    0.00	    0.02	    0.00	    0.00	    0.00	  199.80
5	1	    0.00	    0.00	    0.00	    0.02	   83.55	  936.92	  870.13	 1444.31	  167.10	  501.26	    0.02	    0.00	    0.00	    0.01	   83.57	 1007.62	  200.66	  100.00	  100.01	  400.00	    0.00	   99.97	    0.00	    0.00
5	4	    0.00	  836.21	    0.00	    0.00	    0.00	 3163.13	 1149.41	 1810.04	    0.00	    0.00	    0.00	    0.00	    0.00	    0.00	    0.00	 1460.31	    0.10	   77.05	    0.03	  307.32	    0.04	    0.06	    0.00	    0.00
5	7	 2200.44	 1499.92	  396.52	 1730.19	  977.03	 3499.95	    0.00	    0.00	    0.15	    0.07	    4.92	 1635.60	  546.44	    0.02	    0.00	    0.00	    0.00	    0.00	    0.00	    0.00	    0.00	    0.00	    0.00	    0.00
6	7	    0.00	    0.00	    0.00	    0.00	    0.00	    0.00	 4354.43	    0.00	    0.00	    0.00	    0.00	    0.00	    0.00	  399.87	  599.71	  409.94	  142.07	  800.26	  999.30	 2599.52	  500.09	  799.93	  300.01	  199.99
6	17	  430.70	  336.61	    7.65	  428.75	  118.01	  985.59	 7745.57	 4519.25	  819.97	    0.61	    0.14	  218.40	    0.20	    0.00	    0.00	    0.00	    0.03	    0.00	    0.00	    0.00	    0.00	    0.00	    0.00	    0.00
7	5	    0.00	    0.00	    0.00	    0.00	    0.00	    0.00	 2419.52	 4054.31	    0.00	    0.12	    0.00	    0.00	    0.00	    0.00	    0.13	 3367.89	  700.71	  277.05	  300.00	 1007.31	  100.03	  300.01	    0.03	    0.01
7	6	  930.70	  536.61	  107.65	  828.75	  318.01	 1385.59	    0.00	 5519.25	 1419.92	    2.01	    0.92	  918.40	   72.14	    0.00	    0.00	    0.00	    0.11	    0.00	    0.00	    0.00	    0.00	    0.00	    0.00	    0.00
7	8	    0.00	    0.00	    0.00	    0.00	    0.00	    0.00	  934.91	 3745.62	    0.00	    0.00	    0.00	    0.00	    0.00	    0.00	    0.00	 1282.05	    0.00	  223.50	    0.00	  692.51	    0.11	    0.00	    0.00	    0.00
7	15	  469.81	  563.36	  176.40	  699.59	  437.24	 1314.45	    0.00	 3380.82	  861.54	    0.00	    0.06	  482.85	    0.14	    0.00	    0.00	    0.00	    0.00	    0.00	    0.00	    0.00	    0.00	    0.00	    0.00	    0.00
8	4	    0.00	    0.00	    0.00	    0.00	    0.00	    0.00	  332.77	  552.11	 4100.31	 5866.17	    0.00	    0.00	    0.00	    0.00	 1643.59	  487.30	 1387.10	   23.22	  618.79	   92.87	   97.86	  599.00	    0.00	    0.00
8	7	    0.08	    0.04	   87.53	  498.15	  278.22	    0.09	    0.00	    0.00	 3081.31	 1601.80	  796.06	  365.65	  125.84	    0.00	    0.00	    0.00	    0.22	    0.00	    0.00	    0.00	    0.00	    0.00	    0.00	    0.00
8	9	 2497.70	  699.50	  515.56	 2868.88	 1841.78	  999.82	    2.22	 2393.60	 9018.38	    0.00	    0.00	  520.58	  388.11	    0.00	    0.00	    0.24	    0.00	    0.37	    0.00	    0.00	    0.00	    0.00	    0.00	    0.00
9	8	    0.00	    0.00	    0.00	    0.00	    0.00	    0.00	    0.05	    0.00	    0.00	10267.97	 2195.89	    0.13	    0.13	  600.00	 2643.59	  605.43	 2287.33	    0.08	 1018.79	    0.33	  397.75	 1299.00	  500.00	    0.20
9	10	    0.00	    0.00	    0.00	    0.00	    0.00	    0.00	  499.53	  793.70	 1716.20	 8402.09	    0.00	    0.00	    0.00	    0.00	 1291.73	 1545.30	 1911.85	  199.98	  428.05	  437.16	    1.76	  500.24	    0.00	    0.00
9	14	  799.84	   99.99	   99.98	 1099.23	  597.14	  199.95	    0.00	    0.00	 3083.59	14602.91	 1901.06	  644.53	    1.08	    0.00	    0.00	    0.00	    0.80	    0.00	    0.00	    0.00	    0.00	    0.00	    0.00	    0.00
9	15	    0.00	    0.00	   15.96	   71.72	   44.82	    0.00	    0.00	    0.00	  518.76	 8026.36	 2169.91	  198.15	    0.31	    0.00	    0.00	    0.00	    0.00	    0.00	    0.00	    0.00	    0.00	    0.00	    0.00	    0.00
9	16	  399.46	    0.02	   99.98	  499.91	  199.94	    0.04	    0.08	    0.12	  899.83	 3900.67	 1000.08	  599.89	  499.91	    0.06	    0.12	    0.11	    0.00	    0.05	    0.07	    0.14	    0.05	    0.14	    0.05	    0.02
10	3	    0.00	    0.00	    0.00	    0.00	    0.00	    0.00	    0.00	    0.00	    0.00	    1.50	 3405.39	    0.00	    0.00	 1199.72	    1.77	    0.00	    0.52	    0.00	    0.72	    0.00	    0.04	    1.05	  697.45	    0.04
10	9	    1.60	    0.46	    0.37	    1.98	    0.12	    0.10	    0.00	    0.00	    0.00	    0.00	11166.93	 2922.12	 2013.31	 1105.65	    0.00	    0.00	    0.00	    0.00	    0.00	    0.00	    0.00	    0.00	  335.41	   58.24
10	11	    0.00	    0.00	    0.00	    0.00	    0.00	    0.00	    0.00	    0.00	    0.11	 3232.44	 2400.34	    0.00	    0.00	  732.65	  659.87	  145.59	  911.67	    0.02	  282.78	    0.00	    0.00	    0.00	    0.00	    0.00
10	13	  300.29	  100.01	  100.05	  998.10	  199.55	  199.49	    0.00	    0.02	  316.49	 1168.32	 5327.34	 1055.29	   14.12	    0.00	    0.00	    0.00	    0.04	    0.00	    0.00	    0.00	    0.00	    0.00	    0.00	    0.00
11	2	    0.00	    0.00	    0.00	    0.00	    0.00	    0.00	    0.00	    0.00	    0.00	    0.00	    0.76	 4622.10	 3560.55	    0.53	    0.05	    0.00	    0.00	    0.00	    0.00	    0.00	  302.09	  499.99	  402.57	  599.77
11	10	    0.48	    0.18	    0.24	    0.08	    0.03	    0.07	    0.00	    0.00	    0.00	    0.00	    0.00	 5377.02	 3027.16	    0.00	    0.00	    0.00	    0.00	    0.00	    0.00	    0.00	    0.04	    0.00	    0.00	    0.41
11	12	 1399.90	  300.07	  299.98	 1002.71	  203.29	  300.55	  251.79	  600.00	  799.87	 1900.00	 1000.63	 3900.88	    0.00	   32.60	    5.31	    1.11	  499.96	    0.03	    2.28	    0.00	    0.00	    0.00	    0.00	    0.00
12	11	    0.00	    0.00	    0.00	    0.00	    0.00	    0.00	    0.00	    0.00	    0.00	    0.00	    0.00	    0.00	 7887.71	    0.31	    0.00	    0.51	    0.00	  199.79	    0.00	  499.87	  602.13	 1199.99	 1102.57	 1100.18
12	23	  899.90	    0.07	  199.98	  402.71	    3.29	  100.55	    0.00	    0.00	  199.87	    0.00	    0.63	 2600.88	 6712.29	    0.00	    0.00	    0.00	    0.00	    0.00	    0.00	    0.00	    0.00	    0.00	    0.00	    0.00
13	10	    0.00	    0.00	    0.00	    0.00	    0.00	    0.00	    0.00	    0.00	    0.00	    0.00	    0.00	    0.00	    0.00	 4637.95	  769.85	    0.17	    0.34	    0.00	  255.43	  162.82	  398.22	  600.76	 2332.80	  657.84
13	14	    0.19	    0.02	    0.03	    0.21	    0.06	    0.04	    0.00	    0.00	    0.00	    0.00	 1044.96	  355.52	   98.61	 6250.86	    0.00	    0.00	    0.00	    0.00	    0.00	    0.00	    0.00	    0.00	 1157.49	  127.30
13	22	    0.11	    0.00	    0.02	  497.91	   99.50	   99.46	    0.00	    0.00	  195.16	  809.65	 2682.45	    0.32	    0.34	 3211.19	  442.84	    0.00	  222.44	    0.00	  137.62	    0.00	    0.00	    0.00	    0.00	    0.00
14	9	    0.00	    0.00	    0.00	    0.00	    0.00	    0.00	    0.00	    0.00	    0.00	    0.00	    0.00	    0.00	    0.00	 1594.41	 7935.45	    0.30	    0.81	    0.05	 3246.72	 1711.13	 1599.56	 4399.38	 1964.64	  741.99
14	13	    0.00	    0.00	    0.00	    0.00	    0.00	    0.00	  199.81	  399.62	  478.67	 1741.33	    0.07	    0.00	    0.00	    0.00	 2512.70	  699.52	  922.74	   99.91	  693.05	  661.90	    0.26	  670.64	    0.00	    0.00
14	18	  300.03	    0.05	    0.01	  200.07	  100.03	    0.05	    0.02	    0.03	  400.15	 3271.28	  828.94	  300.06	  281.76	 2897.63	 5899.89	    0.05	    0.41	    0.01	    0.00	    0.05	  551.46	 2899.92	  899.98	  253.65
14	21	    0.00	    0.00	    0.00	  399.37	  297.17	    0.00	    0.00	    0.00	 1304.78	 5590.30	  717.02	    0.00	    0.00	  458.82	 5051.96	    0.23	 2498.95	    0.00	 2082.23	    0.00	    0.00	    0.00	    0.00	    0.00
15	7	    0.00	    0.00	    0.00	    0.00	    0.00	    0.00	    0.00	    0.00	    0.00	    0.27	    0.00	    0.00	    0.00	    0.10	    0.42	 6440.00	 1958.53	    0.29	    0.70	    0.31	    0.05	    0.08	    0.03	    0.02
15	9	    0.00	    0.05	    0.00	    0.00	    0.00	    0.07	 2397.22	    0.21	    0.00	    0.00	    0.00	    0.00	    0.00	    0.00	    0.00	 6549.24	    0.57	  899.60	    0.19	 1226.32	    0.00	    0.00	    0.00	    0.00
15	16	    0.53	  200.02	    0.01	    0.06	    0.05	  500.08	 1000.49	 1400.80	    0.11	    0.50	    0.09	    0.05	    0.00	    0.00	    0.00	 5955.62	    0.00	  600.25	    0.00	 1539.04	  354.50	    0.00	    0.00	  132.95
15	17	    0.04	    0.02	    0.00	    0.04	    0.01	    0.08	    0.00	    0.38	    0.20	 3627.35	  770.25	    0.16	    0.01	    0.03	    0.15	 7155.14	 3745.08	    0.00	    0.15	    0.00	    0.00	    0.00	    0.00	    0.00
16	9	    0.00	    0.00	    0.00	    0.00	    0.00	    0.00	    0.22	    0.00	    0.00	    0.00	    0.00	    0.00	    0.00	    0.00	    0.00	    1.07	 8098.60	    0.08	    0.00	    0.18	    0.00	    0.00	    0.00	    0.00
16	15	    0.00	    0.00	    0.00	    0.00	    0.00	    0.00	    0.00	    0.00	    0.00	    1.39	    0.26	    0.00	    0.00	  692.25	 1188.21	    0.00	 8504.06	    0.00	 1287.71	    0.00	    0.05	    0.11	    0.04	    0.03
16	18	    0.03	    0.06	    0.00	    0.02	    0.01	    0.12	    0.36	    0.91	    0.04	    0.16	    0.00	    0.00	    0.00	    0.00	    0.00	 3154.66	 6797.34	    0.22	    0.00	    0.00	    0.00	    0.00	    0.00	    0.00
17	6	    0.00	    0.00	    0.00	    0.00	    0.00	    0.00	    0.00	    0.00	    0.05	 1898.60	  499.22	    0.00	  328.05	  599.87	 1099.71	 1809.94	 1141.98	 1000.26	 1399.30	 3099.52	  700.09	 1299.93	  500.01	  299.99
17	15	   30.76	   36.74	    7.65	   28.80	   18.00	   85.78	 4797.72	  220.56	   20.02	    0.36	    0.12	   19.21	  599.56	    7.88	   12.36	    0.00	    0.11	 2000.14	   13.33	 4365.67	  954.49	 1199.97	  499.99	  432.94
17	19	  299.99	  299.88	    0.00	  299.99	  100.02	  799.89	 2747.85	 3999.06	  600.10	 1029.20	  171.06	    0.04	    0.00	    0.00	    0.00	 4845.20	 2003.15	 1799.60	    0.00	    0.00	    0.00	    0.00	    0.00	    0.00
18	14	    0.00	    0.04	    0.00	    0.00	    0.00	    0.07	  699.55	  999.57	    0.00	    0.00	    0.00	    0.00	    0.00	    0.00	    0.00	 1899.94	 4922.11	  299.85	 6821.99	 3472.14	    0.16	    0.38	    0.16	    0.07
18	16	    0.04	    0.02	    0.01	    0.05	    0.02	    0.00	    0.00	    0.00	    0.09	    0.38	    0.10	    0.06	    0.09	 1392.19	 2688.08	    0.00	    0.00	    0.00	 2987.64	  161.01	  245.50	 1699.97	  599.99	  167.06
18	19	    0.02	    0.00	    0.00	    0.04	    0.02	    0.02	    0.00	    0.00	    0.09	 1471.06	  428.84	    0.00	    0.00	 1205.45	 2411.81	    0.00	  175.65	    0.00	 2990.37	    0.00	    0.00	    0.00	    0.00	    0.00
19	17	    0.00	    0.00	    0.00	    0.00	    0.00	    0.00	    0.00	    0.00	    0.00	    0.21	    0.00	    0.69	 1027.41	  707.72	 1311.92	    0.00	    0.14	    0.00	 1712.49	 7865.18	 1754.59	 2799.90	 1099.99	  732.93
19	18	    0.00	   99.95	    0.00	    0.00	    0.00	  199.92	 1099.18	 1698.63	    0.00	    0.00	    0.00	    0.00	   18.33	    0.01	    0.00	   45.22	    0.00	  599.62	    0.00	 4833.10	   94.20	    0.43	    0.17	   13.47
19	20	    0.00	    0.00	    0.00	    0.01	    0.03	  100.01	  448.56	  600.51	    0.05	    0.05	    0.02	    0.01	    0.02	    0.02	    0.03	 1500.18	  478.62	  399.94	   77.98	 2701.20	    0.00	    0.07	    0.03	    0.02
19	21	    0.00	   99.93	    0.00	    0.02	    0.01	  199.98	  700.11	  799.92	    0.14	    0.21	    0.05	    0.00	    0.00	    0.00	    0.16	 1699.80	    0.11	  400.04	    0.08	 3100.52	    0.18	    0.00	    0.00	    0.00
20	19	    0.00	    0.00	    0.00	    0.00	    0.00	    0.00	    0.00	    0.00	    0.00	    0.10	    0.03	  400.58	 1645.58	    0.08	    0.16	    0.00	    0.07	    0.00	    0.18	    0.00	 3048.96	    0.23	    2.54	 1146.13
20	21	  263.63	    0.06	   65.91	    0.00	    0.00	    0.03	    0.06	    0.08	    0.00	    0.00	    0.00	  461.35	 1469.30	    0.00	    0.00	    0.15	    0.00	    0.03	    0.00	    0.40	 4754.49	    0.00	    0.00	 1601.98
20	23	    0.00	    0.00	    0.00	    0.00	    0.00	    0.02	  248.50	  200.44	    0.09	  488.66	    0.00	    0.00	    0.00	    0.00	  682.23	  900.10	  212.11	  299.90	  252.46	 1500.81	 3196.55	 2324.43	    0.00	    0.00
21	14	    0.00	    0.00	    0.00	    0.00	    0.00	    0.00	    0.27	    0.08	    0.00	    0.00	    0.00	    0.00	  882.07	    0.00	    0.00	    0.15	    0.00	    0.12	    0.00	    0.94	 2951.12	10569.56	 2706.97	 1268.26
21	19	    0.00	    0.00	    0.00	    0.00	    0.00	    0.00	    0.00	    0.00	    0.00	    0.10	    0.14	    0.08	    0.18	    2.23	    0.15	    0.00	    0.00	    0.00	    0.00	    0.00	    0.00	 5200.17	 1797.65	    0.30
21	20	    0.01	    0.00	    0.00	    0.02	   97.22	    0.00	    0.00	    0.00	  300.03	 1688.66	    2.28	    0.04	    0.00	    0.82	 1482.36	    0.08	  333.57	    0.00	  574.65	    0.00	    0.00	 4124.59	    1.06	    0.00
21	22	    0.00	    0.00	    0.00	    0.00	    0.00	    0.01	  199.90	  299.91	  304.89	 1301.74	    0.00	    0.00	    0.00	    0.00	  969.62	  499.95	  465.49	   99.96	  307.66	  699.98	    3.54	 4505.68	    0.00	    0.00
22	13	    0.01	    0.00	    0.00	    0.02	    0.00	    0.00	    0.19	    0.35	    0.00	    0.00	    0.00	    0.56	  684.83	    0.00	    0.00	    0.66	    0.00	    0.09	    0.01	    0.92	  797.96	 1130.12	 4590.29	 1185.15
22	21	  136.39	    0.01	   34.09	    0.63	    0.05	    0.00	    0.00	    0.00	    0.00	    0.00	  385.36	  238.77	  712.95	  744.23	    0.00	    0.00	    0.00	    0.00	    0.00	    0.00	    0.00	    0.00	 6605.69	  766.59
22	23	    0.01	    0.00	    0.00	    0.02	    0.00	    0.01	    0.01	    0.02	    0.04	  311.39	  997.15	    0.06	    0.00	 1366.96	  412.47	    0.05	   87.93	    0.01	  145.27	    0.10	    0.06	 1277.22	 3304.02	    0.00
23	12	    0.00	    0.00	    0.00	    0.00	    0.00	    0.00	  148.21	    0.00	    0.00	    0.00	    0.00	    0.00	    0.00	  567.71	  694.69	  599.39	    0.04	  299.76	  297.72	 1099.87	 1202.13	 2499.99	 1902.57	 1800.18
23	20	  363.61	    0.06	   65.91	  199.97	    2.75	    0.03	    0.00	    0.00	    0.01	    0.05	  397.73	 1161.88	 3714.85	  399.25	    0.00	    0.00	    0.00	    0.00	    0.00	    0.00	    0.00	    0.00	  701.45	 3248.08
23	22	  436.30	    0.01	  134.07	    2.77	    0.55	    0.55	    0.30	    0.45	    0.00	    0.00	    0.05	  939.06	 2197.44	    0.00	    0.00	    0.76	    0.00	    0.15	    0.00	    1.04	 1494.47	    1.66	    0.00	 2651.74
