0.000000000000000000e+00 1.000000000000000000e+00 4.495740507856561635e+03
0.000000000000000000e+00 2.000000000000000000e+00 8.120356090593088084e+03
1.000000000000000000e+00 0.000000000000000000e+00 4.520695979685904604e+03
1.000000000000000000e+00 5.000000000000000000e+00 5.967420853389468903e+03
2.000000000000000000e+00 0.000000000000000000e+00 8.095400618763748753e+03
2.000000000000000000e+00 3.000000000000000000e+00 1.401876619325756110e+04
2.000000000000000000e+00 1.100000000000000000e+01 1.003819827537501078e+04
3.000000000000000000e+00 2.000000000000000000e+00 1.404443987553491570e+04
3.000000000000000000e+00 4.000000000000000000e+00 1.801678283287711383e+04
3.000000000000000000e+00 1.000000000000000000e+01 5.208851978639180743e+03
4.000000000000000000e+00 3.000000000000000000e+00 1.804233091266137126e+04
4.000000000000000000e+00 5.000000000000000000e+00 8.797942526577269746e+03
4.000000000000000000e+00 8.000000000000000000e+00 1.578514857552032299e+04
5.000000000000000000e+00 1.000000000000000000e+00 5.992376325218818238e+03
5.000000000000000000e+00 4.000000000000000000e+00 8.805711148112795854e+03
5.000000000000000000e+00 7.000000000000000000e+00 1.249354845929300427e+04
6.000000000000000000e+00 7.000000000000000000e+00 1.210763164880408476e+04
6.000000000000000000e+00 1.700000000000000000e+01 1.580815395665146207e+04
7.000000000000000000e+00 5.000000000000000000e+00 1.252627255265786880e+04
7.000000000000000000e+00 6.000000000000000000e+00 1.204466884721733186e+04
7.000000000000000000e+00 8.000000000000000000e+00 6.881167692257386989e+03
7.000000000000000000e+00 1.500000000000000000e+01 8.385909649252405870e+03
8.000000000000000000e+00 4.000000000000000000e+00 1.580292803376906704e+04
8.000000000000000000e+00 7.000000000000000000e+00 6.836958691719246417e+03
8.000000000000000000e+00 9.000000000000000000e+00 2.174509538162945682e+04
9.000000000000000000e+00 8.000000000000000000e+00 2.181866583934002847e+04
9.000000000000000000e+00 1.000000000000000000e+01 1.772770705277688103e+04
9.000000000000000000e+00 1.400000000000000000e+01 2.312581208850658368e+04
9.000000000000000000e+00 1.500000000000000000e+01 1.104795150397159887e+04
9.000000000000000000e+00 1.600000000000000000e+01 8.100101649804297267e+03
1.000000000000000000e+01 3.000000000000000000e+00 5.308977581132272462e+03
1.000000000000000000e+01 9.000000000000000000e+00 1.760515272982693568e+04
1.000000000000000000e+01 1.100000000000000000e+01 8.366320001323478209e+03
1.000000000000000000e+01 1.300000000000000000e+01 9.777005451121756778e+03
1.100000000000000000e+01 2.000000000000000000e+00 9.987569121268312301e+03
1.100000000000000000e+01 1.000000000000000000e+01 8.404531606379918230e+03
1.100000000000000000e+01 1.200000000000000000e+01 1.230360549297371472e+04
1.200000000000000000e+01 1.100000000000000000e+01 1.239118794392346899e+04
1.200000000000000000e+01 2.300000000000000000e+01 1.112026093610487078e+04
1.300000000000000000e+01 1.000000000000000000e+01 9.816365125608468588e+03
1.300000000000000000e+01 1.400000000000000000e+01 9.035126785191356248e+03
1.300000000000000000e+01 2.200000000000000000e+01 8.394242158578077579e+03
1.400000000000000000e+01 9.000000000000000000e+00 2.319814451759912845e+04
1.400000000000000000e+01 1.300000000000000000e+01 9.076600352719779039e+03
1.400000000000000000e+01 1.800000000000000000e+01 1.907848553737900875e+04
1.400000000000000000e+01 2.100000000000000000e+01 1.839665228106471477e+04
1.500000000000000000e+01 7.000000000000000000e+00 8.399879941568648064e+03
1.500000000000000000e+01 9.000000000000000000e+00 1.107156418887817381e+04
1.500000000000000000e+01 1.600000000000000000e+01 1.168782370278750750e+04
1.500000000000000000e+01 1.700000000000000000e+01 1.530383293166943076e+04
1.600000000000000000e+01 9.000000000000000000e+00 8.100281316465675445e+03
1.600000000000000000e+01 1.500000000000000000e+01 1.167944989619506487e+04
1.600000000000000000e+01 1.800000000000000000e+01 9.950705944660781824e+03
1.700000000000000000e+01 6.000000000000000000e+00 1.587111675823822043e+04
1.700000000000000000e+01 1.500000000000000000e+01 1.534978971548471782e+04
1.700000000000000000e+01 1.900000000000000000e+01 1.899794603565840225e+04
1.800000000000000000e+01 1.400000000000000000e+01 1.910779050319063026e+04
1.800000000000000000e+01 1.600000000000000000e+01 9.942511804729701907e+03
1.800000000000000000e+01 1.900000000000000000e+01 8.685054572678413024e+03
1.900000000000000000e+01 1.700000000000000000e+01 1.900686562106044221e+04
1.900000000000000000e+01 1.800000000000000000e+01 8.706165398558969173e+03
1.900000000000000000e+01 2.000000000000000000e+01 6.314861200878384807e+03
1.900000000000000000e+01 2.100000000000000000e+01 7.001315015035060242e+03
2.000000000000000000e+01 1.900000000000000000e+01 6.243374661751751773e+03
2.000000000000000000e+01 2.100000000000000000e+01 8.619344361234205280e+03
2.000000000000000000e+01 2.300000000000000000e+01 1.030438320047182788e+04
2.100000000000000000e+01 1.400000000000000000e+01 1.838115331187405536e+04
2.100000000000000000e+01 1.900000000000000000e+01 7.002831965444291200e+03
2.100000000000000000e+01 2.000000000000000000e+01 8.594841832472337046e+03
2.100000000000000000e+01 2.200000000000000000e+01 9.662620298602501862e+03
2.200000000000000000e+01 1.300000000000000000e+01 8.392128265536379331e+03
2.200000000000000000e+01 2.100000000000000000e+01 9.624135751059242466e+03
2.200000000000000000e+01 2.300000000000000000e+01 7.899812212937648837e+03
2.300000000000000000e+01 1.200000000000000000e+01 1.110784338705461960e+04
2.300000000000000000e+01 2.000000000000000000e+01 1.025739919010704580e+04
2.300000000000000000e+01 2.200000000000000000e+01 7.859213772352675733e+03
