i	j	       0	       1	       2	       3	       4	       5	       6	       7	       8	       9	      10	      11	      12	      13	      14	      15	      16	      17	      18	      19	      20	      21	      22	      23
0	1	 2600.40	    0.00	  284.08	  200.04	   27.24	    0.00	    0.01	    0.02	   54.47	  163.66	  200.04	  525.16	  476.77	  100.00	   27.20	    0.02	    0.04	    0.00	    0.01	    0.00	    0.01	    0.10	    0.06	   31.35
0	2	 6199.60	 1228.11	    0.00	    0.00	    0.00	  218.83	  128.65	  224.66	    0.00	    0.00	    0.00	    0.00	    0.00	    0.00	    0.00	   84.86	    0.00	   32.00	    0.00	    0.02	    0.00	    0.00	    0.00	    0.00
1	0	    0.00	 1328.11	    0.00	    0.00	    0.00	  518.83	  628.63	 1024.63	    0.00	    0.00	    0.00	  200.00	    0.00	    0.00	    0.00	  584.84	    0.70	  132.00	    0.03	  300.01	    0.00	    0.00	    0.00	    0.00
1	5	 2500.40	 2671.89	  184.08	    0.06	    0.00	    0.00	    0.00	    0.00	    0.00	    0.00	    0.06	  425.16	  176.77	    0.01	    0.00	    0.00	    0.00	    0.00	    0.00	    0.00	    0.01	    0.03	    0.06	   31.35
2	0	    0.00	    0.00	  384.08	  700.04	  227.24	    0.00	    0.03	    0.05	  554.47	 1463.66	  700.04	  525.16	  976.77	  400.00	  527.20	    0.04	  399.33	    0.00	  299.99	    0.02	  100.01	  400.10	  300.06	  131.35
2	3	 4499.59	  727.95	 1915.89	    0.00	    0.00	    0.00	    0.00	    0.00	    0.00	    0.00	    0.00	 3902.06	 2471.15	    0.09	    0.00	    0.00	    0.00	    0.00	    0.00	    0.00	  203.07	    0.37	    1.87	  468.29
2	11	 1600.01	  400.16	  500.04	 1601.87	  402.67	  500.48	  772.45	 1200.00	 1399.58	  662.79	    0.48	    0.00	    0.00	    0.16	   51.29	  530.62	  186.94	  199.17	   21.98	    0.21	    0.00	    0.08	    0.08	    0.00
3	2	    0.00	    0.00	    0.00	 2501.91	  729.91	  581.65	  743.83	 1175.39	 2054.05	 2426.45	  999.61	    0.00	    0.00	  499.65	  678.44	  645.80	  686.28	  167.17	  321.97	    0.21	    0.02	    0.15	    0.13	    0.01
3	4	 3198.41	  227.96	 1315.70	 6697.89	    0.00	    0.00	    0.00	    0.00	    0.00	    0.13	  904.97	 3301.27	 1870.68	  200.09	    0.08	    0.00	    0.01	    0.00	    0.02	    0.00	    3.11	    0.05	  199.95	  268.32
3	10	  801.18	  300.04	  400.19	 2400.20	  699.74	  599.59	    0.10	    2.94	    0.39	    0.17	    0.00	    0.79	    0.47	    0.07	    0.06	    0.29	    0.04	    0.04	    0.02	    0.03	    0.02	    0.05	    0.06	    0.03
4	3	    0.00	    0.05	    0.00	    0.00	 1929.65	 1581.23	 1143.93	 1878.33	 2754.44	 3625.09	    0.00	    0.00	    0.00	    0.00	 1177.24	 1446.09	 1185.99	  267.21	  521.45	  300.23	    0.03	  399.42	    0.00	    0.00
4	5	    0.00	    0.00	  511.39	 2124.71	 1246.09	    0.00	    0.02	    0.03	  545.69	 1236.28	  404.52	 1624.00	  564.24	  100.02	  272.28	    0.04	    0.04	    0.00	    0.02	    0.01	    0.01	    0.00	   99.89	   68.64
4	8	 2998.41	  899.77	  704.30	 4073.18	 2924.26	 1399.65	    0.03	    0.10	    0.00	    0.00	    0.45	 1477.27	 1106.44	    0.07	    0.00	    0.06	    0.00	    0.01	    0.00	    0.03	    0.00	    0.00	    0.06	  199.69
5	1	    0.00	    0.00	    0.00	    0.02	   72.76	  918.83	  828.62	 1424.61	  145.53	  436.34	    0.02	  200.00	    0.00	    0.01	   72.80	  984.82	  200.67	  132.00	  100.01	  400.01	    0.00	   99.93	    0.00	    0.00
5	4	    0.00	  771.86	    0.00	    0.00	    0.00	 3180.88	 1042.32	 1829.12	    0.00	    0.00	    0.00	    0.00	    0.00	    0.00	    0.00	 1468.04	    0.14	  205.77	    0.03	  307.55	    0.00	    0.07	    0.00	    0.00
5	7	 2200.40	 1500.03	  395.47	 1724.75	  973.33	 3500.29	    0.00	    0.00	    0.16	    0.07	    4.56	 1649.16	  541.01	    0.03	    0.00	    0.00	    0.00	    0.00	    0.00	    0.00	    0.00	    0.00	    0.00	    0.00
6	7	    0.00	    0.00	    0.00	    0.00	    0.00	    0.00	 4174.83	    0.00	    0.00	    0.00	    0.00	    0.00	    0.00	  399.92	  600.29	  389.63	  137.45	  999.29	  999.65	 2599.54	  499.97	  799.97	  300.02	  199.99
6	17	  429.84	  335.69	    8.48	  433.23	  120.91	  983.50	 7925.17	 4513.48	  828.01	    0.62	    0.13	  222.12	    0.27	    0.00	    0.00	    0.00	    0.03	    0.00	    0.00	    0.00	    0.00	    0.00	    0.00	    0.00
7	5	    0.00	    0.00	    0.00	    0.00	    0.00	    0.00	 2270.93	 4053.69	    0.00	    0.13	    0.00	    0.00	    0.00	    0.00	    0.52	 3352.82	  700.76	  437.76	  300.02	 1007.54	   99.99	  299.97	    0.05	    0.01
7	6	  929.84	  535.69	  108.48	  833.23	  320.91	 1383.50	    0.00	 5513.48	 1427.95	    2.51	    0.81	  921.80	   60.62	    0.00	    0.00	    0.00	    0.11	    0.00	    0.00	    0.00	    0.00	    0.00	    0.00	    0.00
7	8	    0.00	    0.00	    0.00	    0.00	    0.00	    0.00	  903.90	 3746.24	    0.00	    0.00	    0.00	    0.00	    0.00	    0.00	    0.00	 1276.69	    0.00	  261.67	    0.00	  692.35	    0.04	    0.08	    0.00	    0.00
7	15	  470.64	  564.39	  173.40	  680.73	  425.44	 1316.89	    0.00	 3386.59	  876.16	    0.00	    0.07	  492.07	    0.53	    0.00	    0.00	    0.00	    0.00	    0.00	    0.00	    0.00	    0.00	    0.00	    0.00	    0.00
8	4	    0.00	    0.00	    0.00	    0.00	    0.00	    0.00	  301.65	  549.35	 4100.12	 5861.25	    0.00	    0.00	    0.00	    0.00	 1649.44	  478.15	 1385.88	   61.46	  621.42	   92.73	   96.92	  599.31	    0.00	    0.00
8	7	    0.08	    0.04	   86.41	  489.22	  273.02	    0.09	    0.00	    0.00	 3103.95	 1602.29	  796.31	  364.70	  120.14	    0.00	    0.00	    0.00	    0.24	    0.00	    0.00	    0.00	    0.00	    0.00	    0.00	    0.00
8	9	 2498.32	  699.73	  517.90	 2883.96	 1851.23	  999.55	    2.33	 2396.99	 8995.92	    0.00	    0.00	  512.62	  386.36	    0.00	    0.00	    0.26	    0.00	    0.40	    0.00	    0.30	    0.00	    0.00	    0.00	    0.00
9	8	    0.00	    0.00	    0.00	    0.00	    0.00	    0.00	    0.06	    0.00	    0.00	10263.54	 2195.87	    0.06	    0.06	  599.93	 2649.44	  601.66	 2286.12	    0.18	 1021.42	    0.65	  396.89	 1299.22	  499.94	    0.31
9	10	    0.00	    0.00	    0.00	    0.00	    0.00	    0.00	  499.90	  797.09	 1717.91	 8410.55	    0.00	    0.00	    0.00	    0.00	 1285.34	 1568.63	 1912.99	  199.98	  425.04	  430.75	    0.93	  481.36	    0.00	    0.00
9	14	  799.48	   99.77	   99.94	 1098.66	  597.43	  199.58	    0.00	    0.00	 3082.16	14589.36	 1910.75	  646.55	    3.56	    0.00	    0.00	    0.00	    0.84	    0.00	    0.00	    0.00	    0.00	    0.00	    0.00	    0.00
9	15	    0.00	    0.00	   18.13	   86.14	   53.84	    0.00	    0.00	    0.00	  496.02	 8035.79	 2172.90	  184.80	    0.11	    0.00	    0.00	    0.00	    0.00	    0.00	    0.00	    0.00	    0.00	    0.00	    0.00	    0.00
9	16	  399.50	    0.02	   99.98	  499.90	  199.96	    0.04	    0.09	    0.12	  899.83	 3900.76	  999.79	  599.89	  499.90	    0.06	    0.13	    0.12	    0.00	    0.05	    0.07	    0.15	    0.05	    0.15	    0.05	    0.03
10	3	    0.00	    0.00	    0.00	    0.00	    0.00	    0.00	    0.00	    0.00	    0.00	    1.65	 3404.58	    0.00	    0.00	 1199.72	    1.34	    0.00	    0.34	    0.00	    0.56	    0.00	    0.05	    0.45	  698.26	    0.07
10	9	    0.66	    0.00	    0.16	    0.75	    0.00	    0.00	    0.00	    0.00	    0.00	    0.00	11179.31	 2918.67	 2017.28	 1132.40	    0.00	    0.00	    0.00	    0.00	    0.00	    0.00	    0.00	    0.00	  316.08	   43.54
10	11	    0.00	    0.00	    0.00	    0.00	    0.00	    0.00	    0.00	    0.00	    0.11	 3237.21	 2401.32	    0.00	    0.00	  715.45	  653.60	  168.92	  912.77	    0.02	  280.09	    0.00	    0.00	    0.00	    0.00	    0.00
10	13	  300.64	  100.08	  100.09	  999.54	  199.77	  199.66	    0.00	    0.03	  318.19	 1171.86	 5314.79	 1053.61	   19.20	    0.00	    0.00	    0.00	    0.05	    0.00	    0.00	    0.00	    0.00	    0.00	    0.00	    0.00
11	2	    0.00	    0.00	    0.00	    0.00	    0.00	    0.00	    0.00	    0.00	    0.00	    0.00	    0.90	 4627.22	 3547.92	    0.60	    0.06	    0.00	    0.00	    0.00	    0.00	    0.00	  303.06	  500.40	  401.89	  599.63
11	10	    0.11	    0.04	    0.06	    0.09	    0.03	    0.07	    0.00	    0.00	    0.00	    0.00	    0.00	 5371.49	 3036.01	    0.00	    0.00	    0.00	    0.00	    0.00	    0.00	    0.00	    0.24	    0.00	    0.00	    0.54
11	12	 1399.90	  300.12	  299.98	 1001.79	  202.64	  300.41	   72.45	  600.00	  799.69	 1900.00	 1000.89	 3901.29	    0.00	   15.15	    4.84	    0.39	  499.71	    0.03	    2.07	    0.07	    0.00	    0.00	    0.00	    0.00
12	11	    0.00	    0.00	    0.00	    0.00	    0.00	    0.00	    0.00	    0.00	    0.00	    0.00	    0.00	    0.00	 7883.93	    0.15	    0.00	    0.85	    0.00	    0.84	    0.00	  499.86	  603.30	 1200.32	 1101.80	 1100.17
12	23	  899.90	    0.12	  199.98	  401.79	    2.64	  100.41	    0.00	    0.00	  199.69	    0.00	    0.89	 2601.29	 6716.07	    0.00	    0.00	    0.00	    0.00	    0.00	    0.00	    0.00	    0.00	    0.00	    0.00	    0.00
13	10	    0.00	    0.00	    0.00	    0.00	    0.00	    0.00	    0.00	    0.00	    0.00	    0.00	    0.00	    0.00	    0.00	 4647.50	  769.54	    0.00	    0.12	    0.00	  255.59	  169.22	  398.87	  619.04	 2314.29	  643.04
13	14	    0.55	    0.07	    0.07	    0.69	    0.06	    0.04	    0.00	    0.00	    0.00	    0.00	 1027.76	  353.44	  106.36	 6219.25	    0.00	    0.00	    0.00	    0.00	    0.00	    0.00	    0.00	    0.00	 1181.00	  146.34
13	22	    0.11	    0.01	    0.02	  498.87	   99.72	   99.62	    0.00	    0.00	  192.49	  799.60	 2687.10	    0.21	    0.00	 3233.25	  432.85	    0.00	  219.90	    0.00	  135.37	    0.00	    0.00	    0.00	    0.00	    0.00
14	9	    0.00	    0.00	    0.00	    0.00	    0.00	    0.00	    0.00	    0.00	    0.00	    0.00	    0.00	    0.00	    0.00	 1567.59	 7934.91	    0.31	    0.81	    0.06	 3246.33	 1725.67	 1597.87	 4380.73	 1983.91	  756.80
14	13	    0.00	    0.00	    0.00	    0.00	    0.00	    0.00	  199.78	  399.56	  474.31	 1727.74	    0.07	    0.00	    0.00	    0.00	 2502.40	  699.32	  919.97	   99.89	  690.95	  668.58	    0.77	  697.87	    0.00	    0.00
14	18	  300.03	    0.09	    0.01	  200.07	  100.03	    0.12	    0.02	    0.03	  400.15	 3261.27	  826.08	  300.06	  282.29	 2895.51	 5900.26	    0.06	    0.43	    0.01	    0.00	    0.05	  557.84	 2899.91	  899.98	  260.39
14	21	    0.00	    0.00	    0.00	  399.29	  297.46	    0.00	    0.00	    0.00	 1307.71	 5600.35	  712.36	    0.00	    0.00	  456.15	 5062.44	    0.24	 2491.26	    0.00	 2077.97	    0.00	    0.00	    0.00	    0.00	    0.00
15	7	    0.00	    0.00	    0.00	    0.00	    0.00	    0.00	    0.00	    0.00	    0.00	    0.28	    0.00	    0.00	    0.00	    0.05	    0.22	 6439.88	 1963.19	    0.13	    0.37	    0.35	    0.05	    0.09	    0.03	    0.02
15	9	    0.00	    0.06	    0.00	    0.00	    0.00	    0.07	 2397.46	    0.22	    0.00	    0.00	    0.00	    0.00	    0.00	    0.00	    0.00	 6568.70	    0.59	  899.66	    0.20	 1205.36	    0.00	    0.00	    0.00	    0.00
15	16	    0.49	  199.98	    0.01	    0.06	    0.03	  500.02	 1000.37	 1400.22	    0.12	    0.53	    0.09	    0.06	    0.00	    0.00	    0.00	 5962.29	    0.00	  600.16	    0.00	 1544.84	  352.73	    0.00	    0.00	  126.69
15	17	    0.02	    0.00	    0.00	    0.02	    0.00	    0.03	    0.00	    0.16	    0.16	 3636.88	  773.27	    0.13	    0.00	    0.03	    0.15	 7129.12	 3745.37	    0.00	    0.15	    0.00	    0.00	    0.00	    0.00	    0.00
16	9	    0.00	    0.00	    0.00	    0.00	    0.00	    0.00	    0.25	    0.00	    0.00	    0.00	    0.00	    0.00	    0.00	    0.00	    0.00	    1.13	 8098.55	    0.09	    0.00	    0.22	    0.00	    0.00	    0.00	    0.00
16	15	    0.00	    0.00	    0.00	    0.00	    0.00	    0.00	    0.00	    0.00	    0.00	    1.51	    0.11	    0.00	    0.00	  691.02	 1186.29	    0.00	 8509.03	    0.00	 1285.53	    0.00	    0.06	    0.11	    0.05	    0.03
16	18	    0.03	    0.02	    0.00	    0.02	    0.01	    0.06	    0.21	    0.35	    0.04	    0.17	    0.00	    0.00	    0.00	    0.00	    0.00	 3161.28	 6792.42	    0.12	    0.00	    0.00	    0.00	    0.00	    0.00	    0.00
17	6	    0.00	    0.00	    0.00	    0.00	    0.00	    0.00	    0.00	    0.00	    0.06	 1898.10	  499.32	    0.33	  339.65	  599.92	 1100.29	 1789.63	 1137.37	 1199.29	 1399.65	 3099.54	  699.97	 1299.97	  500.02	  299.99
17	15	   29.87	   35.65	    8.48	   33.21	   20.75	   83.23	 4797.83	  214.02	   28.10	    0.39	    0.29	   23.32	  599.36	    9.06	   14.08	    0.00	    0.12	 1999.95	   15.20	 4350.55	  952.73	 1199.98	  499.99	  426.68
17	19	  299.99	  300.04	    0.00	  300.04	  100.16	  800.29	 2927.34	 3999.63	  600.01	 1039.22	  174.03	    0.18	    0.00	    0.00	    0.00	 4839.49	 2008.06	 1600.75	    0.00	    0.00	    0.00	    0.00	    0.00	    0.00
18	14	    0.00	    0.25	    0.00	    0.00	    0.00	    0.50	  699.74	  999.51	    0.00	    0.00	    0.00	    0.00	    0.00	    0.00	    0.00	 1899.77	 4911.64	  299.93	 6815.24	 3493.83	    0.16	    0.40	    0.17	    0.07
18	16	    0.04	    0.02	    0.01	    0.05	    0.02	    0.00	    0.00	    0.00	    0.09	    0.38	    0.22	    0.06	    0.10	 1390.96	 2686.16	    0.00	    0.00	    0.00	 2985.45	  155.23	  247.27	 1699.96	  599.99	  173.31
18	19	    0.02	    0.00	    0.00	    0.04	    0.02	    0.03	    0.00	    0.00	    0.10	 1461.05	  425.86	    0.00	    0.00	 1204.56	 2414.10	    0.00	  181.22	    0.00	 2999.30	    0.00	    0.00	    0.00	    0.00	    0.00
19	17	    0.00	    0.00	    0.00	    0.00	    0.00	    0.00	    0.00	    0.00	    0.00	    0.22	    0.24	    1.57	 1038.74	  708.95	 1314.23	    0.00	    0.15	    0.00	 1714.70	 7850.08	 1752.70	 2799.94	 1100.00	  726.67
19	18	    0.00	  100.17	    0.00	    0.00	    0.00	  200.35	 1099.51	 1699.13	    0.00	    0.00	    0.00	    0.00	   17.81	    0.01	    0.00	   38.43	    0.00	  599.80	    0.00	 4849.01	   89.59	    0.45	    0.18	   13.00
19	20	    0.00	    0.00	    0.00	    0.06	    0.17	  100.01	  627.86	  600.46	    0.05	    0.05	    0.02	    0.01	    0.03	    0.02	    0.03	 1501.15	  489.09	  200.98	   84.71	 2701.01	    0.00	    0.08	    0.03	    0.02
19	21	    0.00	   99.87	    0.00	    0.02	    0.01	  199.96	  699.96	  800.03	    0.06	    0.22	    0.05	    0.00	    0.00	    0.00	    0.17	 1699.91	    0.11	  399.97	    0.08	 3099.89	    0.18	    0.00	    0.00	    0.00
20	19	    0.00	    0.00	    0.00	    0.00	    0.00	    0.00	    0.00	    0.00	    0.00	    0.11	    0.03	  401.38	 1656.39	    0.09	    0.18	    0.00	    0.08	    0.00	    0.19	    0.00	 3042.48	    0.23	    4.15	 1139.39
20	21	  263.10	    0.10	   65.77	    0.20	    0.00	    0.03	    0.06	    0.08	    0.00	    0.00	    0.00	  460.42	 1466.22	    0.00	    0.00	    0.17	    0.00	    0.04	    0.00	    0.43	 4757.60	    0.00	    0.00	 1603.71
20	23	    0.00	    0.00	    0.00	    0.00	    0.00	    0.02	  427.80	  200.38	    0.26	  488.29	    0.00	    0.00	    0.00	    0.00	  686.40	  901.07	  208.70	  100.95	  252.52	 1500.59	 3199.93	 2340.72	    0.00	    0.00
21	14	    0.00	    0.00	    0.00	    0.00	    0.00	    0.00	    0.06	    0.08	    0.00	    0.00	    0.00	    0.07	  872.36	    0.00	    0.00	    0.16	    0.00	    0.03	    0.00	    0.48	 2956.31	10578.11	 2702.73	 1270.78
21	19	    0.00	    0.00	    0.00	    0.00	    0.00	    0.00	    0.00	    0.00	    0.00	    0.11	    0.38	    0.03	    0.18	    4.33	    0.16	    0.00	    0.00	    0.00	    0.00	    0.00	    0.00	 5200.24	 1796.07	    0.31
21	20	    0.01	    0.00	    0.00	    0.02	   97.52	    0.00	    0.00	    0.00	  300.21	 1688.35	    3.07	    0.04	    0.00	    1.73	 1486.54	    0.08	  319.68	    0.00	  567.99	    0.00	    0.00	 4140.87	    1.55	    0.00
21	22	    0.00	    0.00	    0.00	    0.00	    0.00	    0.01	  199.96	  300.03	  307.55	 1312.11	    0.00	    0.00	    0.00	    0.00	  975.91	  500.07	  471.69	   99.98	  310.05	  699.84	    1.47	 4480.77	    0.00	    0.00
22	13	    0.01	    0.00	    0.00	    0.02	    0.00	    0.00	    0.22	    0.41	    0.00	    0.00	    0.00	    0.03	  687.16	    0.00	    0.00	    0.68	    0.00	    0.11	    0.01	    0.64	  798.10	 1121.17	 4595.28	 1189.38
22	21	  136.92	    0.03	   34.23	    0.52	    0.05	    0.02	    0.00	    0.00	    0.00	    0.00	  391.05	  239.72	  706.32	  749.91	    0.00	    0.00	    0.00	    0.00	    0.00	    0.00	    0.00	    0.00	 6600.34	  767.38
22	23	    0.01	    0.00	    0.00	    0.02	    0.00	    0.01	    0.02	    0.04	    0.05	  311.71	  996.10	    0.00	    0.00	 1383.34	  408.76	    0.09	   91.59	    0.00	  145.41	    0.16	    0.06	 1259.70	 3304.37	    0.00
23	12	    0.00	    0.00	    0.00	    0.00	    0.00	    0.00	  327.55	    0.00	    0.00	    0.00	    0.00	    0.00	    0.00	  585.00	  695.16	  600.46	    0.29	  100.81	  297.93	 1099.79	 1203.30	 2500.32	 1901.80	 1800.17
23	20	  363.08	    0.10	   65.77	  200.11	    2.31	    0.03	    0.00	    0.00	    0.00	    0.00	  396.94	 1161.75	 3722.59	  398.34	    0.00	    0.00	    0.00	    0.00	    0.00	    0.00	    0.00	    0.00	  702.57	 3243.08
23	22	  436.83	    0.02	  134.21	    1.70	    0.33	    0.40	    0.28	    0.42	    0.00	    0.00	    0.06	  939.54	 2193.48	    0.00	    0.00	    0.70	    0.00	    0.14	    0.00	    0.96	 1496.69	    0.09	    0.00	 2656.76
