0.000000000000000000e+00 1.000000000000000000e+00 4.494744865239191313e+03
0.000000000000000000e+00 2.000000000000000000e+00 8.119836078481538607e+03
1.000000000000000000e+00 0.000000000000000000e+00 4.519659300993436773e+03
1.000000000000000000e+00 5.000000000000000000e+00 5.966714717795201068e+03
2.000000000000000000e+00 0.000000000000000000e+00 8.094921642727300423e+03
2.000000000000000000e+00 3.000000000000000000e+00 1.402102116377033781e+04
2.000000000000000000e+00 1.100000000000000000e+01 1.003748561453278853e+04
3.000000000000000000e+00 2.000000000000000000e+00 1.404401301530137061e+04
3.000000000000000000e+00 4.000000000000000000e+00 1.801976128760586289e+04
3.000000000000000000e+00 1.000000000000000000e+01 5.211248201645465997e+03
4.000000000000000000e+00 3.000000000000000000e+00 1.804390749302128097e+04
4.000000000000000000e+00 5.000000000000000000e+00 8.796843375945734806e+03
4.000000000000000000e+00 8.000000000000000000e+00 1.578871219303623002e+04
5.000000000000000000e+00 1.000000000000000000e+00 5.991629153549443799e+03
5.000000000000000000e+00 4.000000000000000000e+00 8.805468049939141565e+03
5.000000000000000000e+00 7.000000000000000000e+00 1.249112610328431219e+04
6.000000000000000000e+00 7.000000000000000000e+00 1.210108311223847886e+04
6.000000000000000000e+00 1.700000000000000000e+01 1.579605081704649638e+04
7.000000000000000000e+00 5.000000000000000000e+00 1.252466521303196168e+04
7.000000000000000000e+00 6.000000000000000000e+00 1.204279708553840101e+04
7.000000000000000000e+00 8.000000000000000000e+00 6.882226524725012496e+03
7.000000000000000000e+00 1.500000000000000000e+01 8.385674895839747478e+03
8.000000000000000000e+00 4.000000000000000000e+00 1.580423372445825589e+04
8.000000000000000000e+00 7.000000000000000000e+00 6.836697606210272170e+03
8.000000000000000000e+00 9.000000000000000000e+00 2.175041786535529172e+04
9.000000000000000000e+00 8.000000000000000000e+00 2.182041047826259455e+04
9.000000000000000000e+00 1.000000000000000000e+01 1.772797745976341685e+04
9.000000000000000000e+00 1.400000000000000000e+01 2.312968271740313139e+04
9.000000000000000000e+00 1.500000000000000000e+01 1.104501948581729812e+04
9.000000000000000000e+00 1.600000000000000000e+01 8.100336823797273610e+03
1.000000000000000000e+01 3.000000000000000000e+00 5.310093847761067991e+03
1.000000000000000000e+01 9.000000000000000000e+00 1.760669391379842637e+04
1.000000000000000000e+01 1.100000000000000000e+01 8.365110684542200033e+03
1.000000000000000000e+01 1.300000000000000000e+01 9.778787765810549899e+03
1.100000000000000000e+01 2.000000000000000000e+00 9.989579327247505717e+03
1.100000000000000000e+01 1.000000000000000000e+01 8.404603447753612272e+03
1.100000000000000000e+01 1.200000000000000000e+01 1.230128604220739544e+04
1.200000000000000000e+01 1.100000000000000000e+01 1.239287251813354305e+04
1.200000000000000000e+01 2.300000000000000000e+01 1.112054792786734833e+04
1.300000000000000000e+01 1.000000000000000000e+01 9.816857102749756450e+03
1.300000000000000000e+01 1.400000000000000000e+01 9.035818495282819640e+03
1.300000000000000000e+01 2.200000000000000000e+01 8.397895075026617633e+03
1.400000000000000000e+01 9.000000000000000000e+00 2.319004049371001020e+04
1.400000000000000000e+01 1.300000000000000000e+01 9.078173574860604276e+03
1.400000000000000000e+01 1.800000000000000000e+01 1.908415439002473431e+04
1.400000000000000000e+01 2.100000000000000000e+01 1.840572556191668627e+04
1.500000000000000000e+01 7.000000000000000000e+00 8.406456897402058530e+03
1.500000000000000000e+01 9.000000000000000000e+00 1.107554875915488810e+04
1.500000000000000000e+01 1.600000000000000000e+01 1.168590139211661881e+04
1.500000000000000000e+01 1.700000000000000000e+01 1.527883638903939027e+04
1.600000000000000000e+01 9.000000000000000000e+00 8.100725933025065387e+03
1.600000000000000000e+01 1.500000000000000000e+01 1.167662236777987346e+04
1.600000000000000000e+01 1.800000000000000000e+01 9.951810236898696530e+03
1.700000000000000000e+01 6.000000000000000000e+00 1.585433684374657787e+04
1.700000000000000000e+01 1.500000000000000000e+01 1.533942668827601847e+04
1.700000000000000000e+01 1.900000000000000000e+01 1.898598776184460075e+04
1.800000000000000000e+01 1.400000000000000000e+01 1.911460025135342221e+04
1.800000000000000000e+01 1.600000000000000000e+01 9.942920321789752052e+03
1.800000000000000000e+01 1.900000000000000000e+01 8.685794933068893442e+03
1.900000000000000000e+01 1.700000000000000000e+01 1.900486408778131226e+04
1.900000000000000000e+01 1.800000000000000000e+01 8.707350879288638680e+03
1.900000000000000000e+01 2.000000000000000000e+01 6.304616463268938787e+03
1.900000000000000000e+01 2.100000000000000000e+01 7.002783344044910336e+03
2.000000000000000000e+01 1.900000000000000000e+01 6.243255648462740282e+03
2.000000000000000000e+01 2.100000000000000000e+01 8.616936648640483327e+03
2.000000000000000000e+01 2.300000000000000000e+01 1.030666890950618654e+04
2.100000000000000000e+01 1.400000000000000000e+01 1.837799255647269092e+04
2.100000000000000000e+01 1.900000000000000000e+01 7.004576431007564679e+03
2.100000000000000000e+01 2.000000000000000000e+01 8.606727363644431534e+03
2.100000000000000000e+01 2.200000000000000000e+01 9.658851026378957613e+03
2.200000000000000000e+01 1.300000000000000000e+01 8.393609332388041366e+03
2.200000000000000000e+01 2.100000000000000000e+01 9.622701822901548439e+03
2.200000000000000000e+01 2.300000000000000000e+01 7.900591985656855286e+03
2.300000000000000000e+01 1.200000000000000000e+01 1.111213440379348685e+04
2.300000000000000000e+01 2.000000000000000000e+01 1.025551737969604437e+04
2.300000000000000000e+01 2.200000000000000000e+01 7.860157039540857113e+03
