0.000000000000000000e+00 1.000000000000000000e+00 4.497586121348757842e+03
0.000000000000000000e+00 2.000000000000000000e+00 8.121298245667050651e+03
1.000000000000000000e+00 0.000000000000000000e+00 4.521639144093105642e+03
1.000000000000000000e+00 5.000000000000000000e+00 5.967580837668724598e+03
2.000000000000000000e+00 0.000000000000000000e+00 8.097245222922691028e+03
2.000000000000000000e+00 3.000000000000000000e+00 1.402201028479817614e+04
2.000000000000000000e+00 1.100000000000000000e+01 1.003829511903995626e+04
3.000000000000000000e+00 2.000000000000000000e+00 1.404580038782554948e+04
3.000000000000000000e+00 4.000000000000000000e+00 1.802025763752343846e+04
3.000000000000000000e+00 1.000000000000000000e+01 5.208376870087014140e+03
4.000000000000000000e+00 3.000000000000000000e+00 1.804360557958830032e+04
4.000000000000000000e+00 5.000000000000000000e+00 8.796972003915268942e+03
4.000000000000000000e+00 8.000000000000000000e+00 1.578754068002886197e+04
5.000000000000000000e+00 1.000000000000000000e+00 5.991633860413076036e+03
5.000000000000000000e+00 4.000000000000000000e+00 8.804612308439704066e+03
5.000000000000000000e+00 7.000000000000000000e+00 1.249475928006341019e+04
6.000000000000000000e+00 7.000000000000000000e+00 1.210316575895221285e+04
6.000000000000000000e+00 1.700000000000000000e+01 1.592789012360289234e+04
7.000000000000000000e+00 5.000000000000000000e+00 1.252645260733220130e+04
7.000000000000000000e+00 6.000000000000000000e+00 1.204455371537229985e+04
7.000000000000000000e+00 8.000000000000000000e+00 6.885611555706738727e+03
7.000000000000000000e+00 1.500000000000000000e+01 8.392934952751042147e+03
8.000000000000000000e+00 4.000000000000000000e+00 1.580324831756928506e+04
8.000000000000000000e+00 7.000000000000000000e+00 6.842247955042945250e+03
8.000000000000000000e+00 9.000000000000000000e+00 2.174407760006177705e+04
9.000000000000000000e+00 8.000000000000000000e+00 2.181642163693839029e+04
9.000000000000000000e+00 1.000000000000000000e+01 1.773041056000737080e+04
9.000000000000000000e+00 1.400000000000000000e+01 2.312057578352978089e+04
9.000000000000000000e+00 1.500000000000000000e+01 1.105061560298031509e+04
9.000000000000000000e+00 1.600000000000000000e+01 8.100691487465399405e+03
1.000000000000000000e+01 3.000000000000000000e+00 5.308819031049535624e+03
1.000000000000000000e+01 9.000000000000000000e+00 1.760620215431665929e+04
1.000000000000000000e+01 1.100000000000000000e+01 8.365482057188113686e+03
1.000000000000000000e+01 1.300000000000000000e+01 9.775448882241784304e+03
1.100000000000000000e+01 2.000000000000000000e+00 9.990451993268223305e+03
1.100000000000000000e+01 1.000000000000000000e+01 8.403837946058218222e+03
1.100000000000000000e+01 1.200000000000000000e+01 1.230597426195091066e+04
1.200000000000000000e+01 1.100000000000000000e+01 1.239648702504929679e+04
1.200000000000000000e+01 2.300000000000000000e+01 1.111812418236768281e+04
1.300000000000000000e+01 1.000000000000000000e+01 9.813326748643470637e+03
1.300000000000000000e+01 1.400000000000000000e+01 9.036420010673626166e+03
1.300000000000000000e+01 2.200000000000000000e+01 8.403108507251450646e+03
1.400000000000000000e+01 9.000000000000000000e+00 2.319032342269741639e+04
1.400000000000000000e+01 1.300000000000000000e+01 9.079248228340258720e+03
1.400000000000000000e+01 1.800000000000000000e+01 1.908902622955743936e+04
1.400000000000000000e+01 2.100000000000000000e+01 1.841453322283474699e+04
1.500000000000000000e+01 7.000000000000000000e+00 8.409379837103706450e+03
1.500000000000000000e+01 9.000000000000000000e+00 1.107757417636342507e+04
1.500000000000000000e+01 1.600000000000000000e+01 1.170393632990033984e+04
1.500000000000000000e+01 1.700000000000000000e+01 1.562054188065257404e+04
1.600000000000000000e+01 9.000000000000000000e+00 8.100537717482031439e+03
1.600000000000000000e+01 1.500000000000000000e+01 1.169589542715461357e+04
1.600000000000000000e+01 1.800000000000000000e+01 9.960459088563593468e+03
1.700000000000000000e+01 6.000000000000000000e+00 1.598650216718279989e+04
1.700000000000000000e+01 1.500000000000000000e+01 1.567198624113407459e+04
1.700000000000000000e+01 1.900000000000000000e+01 1.912201536362998013e+04
1.800000000000000000e+01 1.400000000000000000e+01 1.912437561680101135e+04
1.800000000000000000e+01 1.600000000000000000e+01 9.952264415834497413e+03
1.800000000000000000e+01 1.900000000000000000e+01 8.707541729528118594e+03
1.900000000000000000e+01 1.700000000000000000e+01 1.913207176769139187e+04
1.900000000000000000e+01 1.800000000000000000e+01 8.734696444042616349e+03
1.900000000000000000e+01 2.000000000000000000e+01 6.288125746422138036e+03
1.900000000000000000e+01 2.100000000000000000e+01 7.001776992826259630e+03
2.000000000000000000e+01 1.900000000000000000e+01 6.224819594291207068e+03
2.000000000000000000e+01 2.100000000000000000e+01 8.632880602868672213e+03
2.000000000000000000e+01 2.300000000000000000e+01 1.030220422190319186e+04
2.100000000000000000e+01 1.400000000000000000e+01 1.839175969242542851e+04
2.100000000000000000e+01 1.900000000000000000e+01 7.002294263533092817e+03
2.100000000000000000e+01 2.000000000000000000e+01 8.619165436200286422e+03
2.100000000000000000e+01 2.200000000000000000e+01 9.659016540000353416e+03
2.200000000000000000e+01 1.300000000000000000e+01 8.398158155986477141e+03
2.200000000000000000e+01 2.100000000000000000e+01 9.623045113629472326e+03
2.200000000000000000e+01 2.300000000000000000e+01 7.904115643308678955e+03
2.300000000000000000e+01 1.200000000000000000e+01 1.110863694546607076e+04
2.300000000000000000e+01 2.000000000000000000e+01 1.025261323644066397e+04
2.300000000000000000e+01 2.200000000000000000e+01 7.863193865672826178e+03
