0.000000000000000000e+00 1.000000000000000000e+00 4.493057945682095124e+03
0.000000000000000000e+00 2.000000000000000000e+00 8.117817444833312038e+03
1.000000000000000000e+00 0.000000000000000000e+00 4.518814599215816997e+03
1.000000000000000000e+00 5.000000000000000000e+00 5.964856607603448538e+03
2.000000000000000000e+00 0.000000000000000000e+00 8.092060791299599259e+03
2.000000000000000000e+00 3.000000000000000000e+00 1.402327371549787495e+04
2.000000000000000000e+00 1.100000000000000000e+01 1.004189939507482632e+04
3.000000000000000000e+00 2.000000000000000000e+00 1.405000305450158157e+04
3.000000000000000000e+00 4.000000000000000000e+00 1.801907895166265371e+04
3.000000000000000000e+00 1.000000000000000000e+01 5.212073409183427430e+03
4.000000000000000000e+00 3.000000000000000000e+00 1.804809665246204167e+04
4.000000000000000000e+00 5.000000000000000000e+00 8.797032242432442217e+03
4.000000000000000000e+00 8.000000000000000000e+00 1.578821918364213343e+04
5.000000000000000000e+00 1.000000000000000000e+00 5.990613261137166774e+03
5.000000000000000000e+00 4.000000000000000000e+00 8.806853311317257976e+03
5.000000000000000000e+00 7.000000000000000000e+00 1.248956209395767473e+04
6.000000000000000000e+00 7.000000000000000000e+00 1.209553259329235698e+04
6.000000000000000000e+00 1.700000000000000000e+01 1.617495894397154734e+04
7.000000000000000000e+00 5.000000000000000000e+00 1.252513981637619690e+04
7.000000000000000000e+00 6.000000000000000000e+00 1.203353360519592934e+04
7.000000000000000000e+00 8.000000000000000000e+00 6.878528728138977385e+03
7.000000000000000000e+00 1.500000000000000000e+01 8.392586462714047229e+03
8.000000000000000000e+00 4.000000000000000000e+00 1.580741581555668745e+04
8.000000000000000000e+00 7.000000000000000000e+00 6.836549843457892166e+03
8.000000000000000000e+00 9.000000000000000000e+00 2.175083671088328265e+04
9.000000000000000000e+00 8.000000000000000000e+00 2.182805445811672689e+04
9.000000000000000000e+00 1.000000000000000000e+01 1.772186907631773283e+04
9.000000000000000000e+00 1.400000000000000000e+01 2.313149431150071541e+04
9.000000000000000000e+00 1.500000000000000000e+01 1.104693845453227732e+04
9.000000000000000000e+00 1.600000000000000000e+01 8.100664880230540803e+03
1.000000000000000000e+01 3.000000000000000000e+00 5.309785047387766099e+03
1.000000000000000000e+01 9.000000000000000000e+00 1.760612368689673167e+04
1.000000000000000000e+01 1.100000000000000000e+01 8.361622490114477841e+03
1.000000000000000000e+01 1.300000000000000000e+01 9.778206838732361575e+03
1.100000000000000000e+01 2.000000000000000000e+00 9.989413402537402362e+03
1.100000000000000000e+01 1.000000000000000000e+01 8.404801435026529361e+03
1.100000000000000000e+01 1.200000000000000000e+01 1.230397157245491326e+04
1.200000000000000000e+01 1.100000000000000000e+01 1.239466452482952081e+04
1.200000000000000000e+01 2.300000000000000000e+01 1.111899192090952965e+04
1.300000000000000000e+01 1.000000000000000000e+01 9.816994142603653017e+03
1.300000000000000000e+01 1.400000000000000000e+01 9.037283612330331380e+03
1.300000000000000000e+01 2.200000000000000000e+01 8.399541152754865834e+03
1.400000000000000000e+01 9.000000000000000000e+00 2.319841421416247613e+04
1.400000000000000000e+01 1.300000000000000000e+01 9.080605892968374974e+03
1.400000000000000000e+01 1.800000000000000000e+01 1.909125064028237102e+04
1.400000000000000000e+01 2.100000000000000000e+01 1.840626683708634664e+04
1.500000000000000000e+01 7.000000000000000000e+00 8.408144081717231529e+03
1.500000000000000000e+01 9.000000000000000000e+00 1.107326877635596611e+04
1.500000000000000000e+01 1.600000000000000000e+01 1.169321188373961377e+04
1.500000000000000000e+01 1.700000000000000000e+01 1.565742964902377935e+04
1.600000000000000000e+01 9.000000000000000000e+00 8.100377792399582177e+03
1.600000000000000000e+01 1.500000000000000000e+01 1.168284303633622767e+04
1.600000000000000000e+01 1.800000000000000000e+01 9.957186034401931465e+03
1.700000000000000000e+01 6.000000000000000000e+00 1.623695793206798226e+04
1.700000000000000000e+01 1.500000000000000000e+01 1.570968643725401853e+04
1.700000000000000000e+01 1.900000000000000000e+01 1.896782324424823310e+04
1.800000000000000000e+01 1.400000000000000000e+01 1.912424770179131156e+04
1.800000000000000000e+01 1.600000000000000000e+01 9.946530099167594017e+03
1.800000000000000000e+01 1.900000000000000000e+01 8.690697111189138013e+03
1.900000000000000000e+01 1.700000000000000000e+01 1.898207902057489264e+04
1.900000000000000000e+01 1.800000000000000000e+01 8.713038237463742917e+03
1.900000000000000000e+01 2.000000000000000000e+01 6.300365148434908406e+03
1.900000000000000000e+01 2.100000000000000000e+01 7.001903481797885433e+03
2.000000000000000000e+01 1.900000000000000000e+01 6.237591622996878868e+03
2.000000000000000000e+01 2.100000000000000000e+01 8.621441357561987388e+03
2.000000000000000000e+01 2.300000000000000000e+01 1.030524743745700289e+04
2.100000000000000000e+01 1.400000000000000000e+01 1.838351195887721769e+04
2.100000000000000000e+01 1.900000000000000000e+01 7.001273909837191241e+03
2.100000000000000000e+01 2.000000000000000000e+01 8.608759796650132557e+03
2.100000000000000000e+01 2.200000000000000000e+01 9.660326440888344223e+03
2.200000000000000000e+01 1.300000000000000000e+01 8.395006175988120958e+03
2.200000000000000000e+01 2.100000000000000000e+01 9.624260429806641696e+03
2.200000000000000000e+01 2.300000000000000000e+01 7.902423397830349131e+03
2.300000000000000000e+01 1.200000000000000000e+01 1.110968487328414813e+04
2.300000000000000000e+01 2.000000000000000000e+01 1.025515547293083364e+04
2.300000000000000000e+01 2.200000000000000000e+01 7.861822409981891724e+03
