i	j	       0	       1	       2	       3	       4	       5	       6	       7	       8	       9	      10	      11	      12	      13	      14	      15	      16	      17	      18	      19	      20	      21	      22	      23
0	1	 2600.65	    0.00	  254.86	  199.98	   21.71	    0.00	    0.01	    0.02	   43.41	  130.24	  200.02	  446.00	  448.97	  100.01	   21.65	    0.02	    0.04	    0.00	    0.04	    0.00	    0.01	    0.11	    0.16	   26.97
0	2	 6199.35	 1110.53	    0.00	    0.00	    0.00	  120.56	   32.08	  631.97	    0.00	    0.00	    0.00	    0.00	    0.00	    0.00	    0.00	   17.35	    0.00	    7.94	    0.00	    0.00	    0.00	    0.00	    0.00	    0.00
1	0	    0.00	 1210.53	    0.00	    0.00	    0.00	  420.56	  532.06	 1431.94	    0.00	    0.00	    0.00	    0.00	    0.00	    0.00	    0.00	  517.18	    0.10	  107.93	    0.03	  299.91	    0.01	    0.00	    0.00	    0.00
1	5	 2500.65	 2789.47	  154.86	    0.00	    0.00	    0.00	    0.00	    0.00	    0.00	    0.00	    0.04	  346.00	  148.97	    0.02	    0.00	    0.00	    0.00	    0.00	    0.00	    0.00	    0.01	    0.02	    0.16	   26.97
2	0	    0.00	    0.00	  354.86	  699.98	  221.71	    0.00	    0.03	    0.05	  543.41	 1430.24	  700.02	  646.00	  948.97	  400.01	  521.65	    0.19	  399.94	    0.00	  300.01	    0.09	  100.00	  400.11	  300.16	  126.97
2	3	 4499.24	  610.39	 1945.09	    0.00	    0.00	    0.00	    0.00	    0.00	    0.00	    0.00	    0.00	 3783.11	 2505.36	    0.00	    0.00	    0.00	    0.00	    0.00	    0.00	    0.00	  203.48	    0.23	    1.62	  472.76
2	11	 1600.11	  400.14	  500.05	 1601.65	  403.08	  500.32	  774.38	 1199.91	 1399.69	  666.48	    0.62	    0.00	    0.00	    0.23	   47.84	  534.39	  187.98	  198.92	   20.50	    0.16	    0.01	    0.07	    0.07	    0.00
3	2	    0.00	    0.00	    0.00	 2501.63	  724.78	  679.77	  842.33	  767.99	 2043.10	 2396.72	 1000.02	    0.00	    0.00	  499.85	  669.43	  717.22	  687.92	  190.99	  320.51	    0.18	    0.02	    0.16	    0.14	    0.01
3	4	 3198.66	  110.41	 1345.05	 6697.93	    0.00	    0.00	    0.00	    0.00	    0.00	    0.08	  905.09	 3182.43	 1904.93	  200.08	    0.08	    0.00	    0.03	    0.00	    0.02	    0.00	    3.62	    0.09	  199.89	  272.79
3	10	  800.58	  300.03	  400.04	 2400.44	  699.81	  599.71	    0.67	    5.06	    0.87	    0.18	    0.00	    0.68	    0.43	    0.07	    0.06	    0.13	    0.05	    0.02	    0.02	    0.03	    0.02	    0.05	    0.06	    0.03
4	3	    0.00	    0.05	    0.00	    0.00	 1924.59	 1679.48	 1243.01	 1473.05	 2743.97	 3595.90	    0.00	    0.00	    0.00	    0.09	 1168.68	 1517.10	 1187.49	  291.01	  520.19	  300.21	    0.07	  398.74	    0.00	    0.00
4	5	    0.00	    0.00	  539.27	 2131.71	 1255.60	    0.00	    0.02	    0.04	  556.74	 1269.70	  404.62	 1495.93	  591.25	  100.02	  278.09	    0.04	    0.05	    0.00	    0.02	    0.01	    0.01	    0.01	   99.84	   73.01
4	8	 2998.66	  899.80	  705.78	 4066.22	 2919.81	 1399.75	    0.03	    0.11	    0.00	    0.00	    0.47	 1486.50	 1113.68	    0.06	    0.00	    0.07	    0.00	    0.01	    0.00	    0.03	    0.00	    0.00	    0.05	  199.78
5	1	    0.00	    0.00	    0.00	    0.02	   78.29	  820.56	  732.05	 1831.92	  156.59	  469.76	    0.02	    0.00	    0.00	    0.01	   78.35	  917.17	  200.06	  107.93	   99.99	  399.91	    0.01	   99.91	    0.00	    0.00
5	4	    0.00	  889.45	    0.00	    0.00	    0.00	 3279.23	 1107.09	 1495.60	    0.00	    0.00	    0.00	    0.00	    0.00	    0.00	    0.00	 1510.70	    0.08	  220.54	    0.03	  303.20	    0.07	    0.01	    0.00	    0.00
5	7	 2200.65	 1500.03	  394.14	 1731.69	  977.31	 3500.21	    0.00	    0.00	    0.17	    0.08	    4.64	 1641.93	  540.21	    0.03	    0.00	    0.00	    0.00	    0.00	    0.00	    0.00	    0.00	    0.00	    0.00	    0.00
6	7	    0.00	    0.00	    0.00	    0.00	    0.00	    0.00	 4179.73	    0.00	    0.00	    0.00	    0.00	    0.00	    0.00	  399.92	  600.03	  390.18	  136.00	  998.92	  999.63	 2599.79	  500.36	  799.80	  299.97	  199.99
6	17	  430.42	  336.59	    8.66	  433.99	  121.26	  985.58	 7920.27	 4518.84	  824.28	    0.77	    0.14	  216.18	    0.12	    0.00	    0.00	    0.00	    0.03	    0.00	    0.00	    0.00	    0.00	    0.00	    0.00	    0.00
7	5	    0.00	    0.00	    0.00	    0.00	    0.00	    0.00	 2239.12	 4127.48	    0.03	    0.14	    0.00	    0.00	    0.00	    0.00	    0.26	 3327.83	  700.09	  428.46	  300.00	 1003.10	  100.06	  299.89	    0.00	    0.01
7	6	  930.42	  536.59	  108.66	  833.99	  321.26	 1385.58	    0.00	 5518.84	 1424.22	    3.25	    0.68	  916.11	   63.01	    0.00	    0.00	    0.00	    0.12	    0.00	    0.00	    0.00	    0.00	    0.00	    0.00	    0.00
7	8	    0.00	    0.00	    0.00	    0.00	    0.00	    0.00	  940.61	 3672.35	    0.00	    0.00	    0.00	    0.00	    0.00	    0.00	    0.00	 1299.89	    0.00	  270.59	    0.00	  697.09	    0.36	    0.00	    0.00	    0.00
7	15	  470.31	  563.48	  172.59	  685.57	  428.46	 1314.73	    0.00	 3381.33	  877.77	    0.00	    0.07	  489.68	    0.36	    0.00	    0.00	    0.00	    0.00	    0.00	    0.00	    0.00	    0.00	    0.00	    0.00	    0.00
8	4	    0.00	    0.00	    0.00	    0.00	    0.00	    0.00	  335.96	  477.60	 4100.71	 5865.52	    0.00	    0.00	    0.00	    0.10	 1646.70	  506.51	 1387.42	   70.48	  620.16	   97.05	   96.38	  598.64	    0.00	    0.00
8	7	    0.09	    0.05	   87.11	  487.87	  272.41	    0.10	    0.00	    0.00	 3101.84	 1603.02	  796.10	  363.86	  123.16	    0.00	    0.00	    0.00	    0.25	    0.00	    0.00	    0.00	    0.00	    0.00	    0.00	    0.00
8	9	 2498.57	  699.76	  518.67	 2878.35	 1847.40	  999.65	    4.74	 2394.86	 8997.45	    0.00	    0.00	  522.70	  390.58	    0.00	    0.00	    0.26	    0.00	    0.14	    0.00	    0.26	    0.13	    0.00	    0.00	    0.00
9	8	    0.00	    0.00	    0.00	    0.00	    0.00	    0.00	    0.06	    0.00	    0.00	10268.53	 2195.63	    0.06	    0.06	  600.04	 2646.70	  606.81	 2287.67	    0.02	 1020.16	    0.19	  396.15	 1298.64	  499.95	    0.22
9	10	    0.00	    0.00	    0.00	    0.00	    0.00	    0.00	  499.45	  794.97	 1719.68	 8414.67	    0.00	    0.00	    0.00	    0.00	 1285.11	 1565.19	 1912.21	  200.03	  425.24	  426.88	    1.81	  480.96	    0.00	    0.00
9	14	  799.41	   99.80	   99.93	 1097.96	  597.13	  199.68	    0.00	    0.00	 3079.66	14578.89	 1917.15	  654.65	    6.00	    0.00	    0.00	    0.00	    0.87	    0.00	    0.00	    0.00	    0.00	    0.00	    0.00	    0.00
9	15	    0.00	    0.00	   18.77	   80.49	   50.31	    0.00	    0.00	    0.00	  498.29	 8037.24	 2169.11	  192.00	    0.12	    0.00	    0.00	    0.00	    0.00	    0.00	    0.00	    0.00	    0.00	    0.00	    0.00	    0.00
9	16	  399.16	    0.02	   99.98	  499.90	  199.96	    0.05	    0.09	    0.13	  899.81	 3900.66	  999.80	  599.88	  499.90	    0.06	    0.14	    0.13	    0.00	    0.05	    0.08	    0.15	    0.05	    0.15	    0.05	    0.03
10	3	    0.00	    0.00	    0.00	    0.00	    0.00	    0.00	    0.00	    0.00	    0.00	    1.08	 3405.11	    0.00	    0.00	 1199.90	    0.88	    0.25	    0.51	    0.00	    0.37	    0.00	    0.11	    1.34	  698.47	    0.06
10	9	    0.00	    0.00	    0.00	    0.00	    0.00	    0.00	    0.00	    0.00	    0.00	    0.00	11181.68	 2923.89	 2015.50	 1103.85	    0.00	    0.00	    0.00	    0.00	    0.00	    0.00	    0.00	    0.00	  326.74	   50.37
10	11	    0.00	    0.00	    0.00	    0.00	    0.00	    0.00	    0.17	    0.00	    0.17	 3233.52	 2400.62	    0.00	    0.00	  717.64	  655.40	  165.21	  911.97	    0.07	  280.86	    0.00	    0.00	    0.00	    0.00	    0.00
10	13	  300.71	  100.08	  100.10	 1000.53	  199.83	  199.79	    0.00	    0.03	  320.38	 1180.25	 5312.59	 1044.95	   19.38	    0.00	    0.00	    0.00	    0.05	    0.00	    0.00	    0.00	    0.00	    0.00	    0.00	    0.00
11	2	    0.00	    0.00	    0.00	    0.00	    0.00	    0.00	    0.00	    0.00	    0.00	    0.00	    0.62	 4629.12	 3554.33	    0.39	    0.06	    0.00	    0.00	    0.00	    0.00	    0.07	  303.48	  500.25	  401.71	  599.73
11	10	    0.12	    0.05	    0.06	    0.09	    0.03	    0.08	    0.00	    0.00	    0.00	    0.00	    0.00	 5368.16	 3034.45	    0.00	    0.00	    0.00	    0.00	    0.00	    0.00	    0.00	    0.04	    0.00	    0.00	    0.43
11	12	 1399.99	  300.09	  299.98	 1001.56	  203.05	  300.25	   74.55	  599.91	  799.87	 1900.00	 1000.62	 3902.73	    0.00	   17.99	    3.50	    0.80	  499.95	    0.03	    1.50	    0.03	    0.00	    0.00	    0.00	    0.00
12	11	    0.00	    0.00	    0.00	    0.00	    0.00	    0.00	    0.00	    0.00	    0.00	    0.00	    0.00	    0.00	 7888.78	    0.51	    0.32	    1.20	    0.00	    1.04	    0.14	  499.94	  603.51	 1200.18	 1101.64	 1100.16
12	23	  899.99	    0.09	  199.98	  401.56	    3.05	  100.25	    0.00	    0.00	  199.87	    0.00	    0.62	 2602.73	 6711.22	    0.00	    0.00	    0.00	    0.00	    0.00	    0.00	    0.00	    0.00	    0.00	    0.00	    0.00
13	10	    0.00	    0.00	    0.00	    0.00	    0.00	    0.00	    0.05	    0.00	    0.00	    0.00	    0.00	    0.00	    0.00	 4621.32	  771.12	    0.15	    0.28	    0.02	  255.97	  173.09	  398.23	  620.33	 2325.15	  649.97
13	14	    0.63	    0.08	    0.08	    0.71	    0.05	    0.06	    0.00	    0.00	    0.00	    0.00	 1021.68	  344.84	   90.43	 6250.45	    0.00	    0.00	    0.00	    0.00	    0.00	    0.00	    0.00	    0.00	 1205.05	  121.13
13	22	    0.09	    0.00	    0.02	  499.84	   99.79	   99.74	    0.00	    0.00	  193.67	  801.80	 2690.99	    0.15	    0.00	 3228.23	  434.36	    0.00	  217.59	    0.00	  134.57	    0.00	    0.00	    0.00	    0.00	    0.00
14	9	    0.00	    0.00	    0.00	    0.00	    0.00	    0.00	    0.00	    0.00	    0.00	    0.00	    0.00	    0.00	    0.00	 1596.25	 7931.94	    0.32	    0.91	    0.06	 3245.26	 1720.51	 1597.89	 4379.75	 1973.26	  749.89
14	13	    0.00	    0.00	    0.00	    0.00	    0.00	    0.00	  199.60	  399.20	  473.29	 1721.55	    0.07	    0.00	    0.00	    0.00	 2505.47	  699.57	  917.83	   99.80	  690.52	  671.51	    0.55	  699.57	    0.00	    0.00
14	18	  300.03	    0.06	    0.01	  200.08	  100.03	    0.08	    0.02	    0.03	  400.16	 3259.20	  830.22	  300.07	  280.07	 2896.92	 5899.99	    0.06	    0.45	    0.01	    0.00	    0.05	  559.83	 2899.41	  899.98	  260.19
14	21	    0.00	    0.00	    0.00	  398.60	  297.15	    0.02	    0.00	    0.00	 1306.21	 5598.15	  708.53	    0.00	    0.00	  457.28	 5062.60	    0.25	 2487.78	    0.00	 2084.99	    0.00	    0.00	    0.00	    0.00	    0.00
15	7	    0.00	    0.00	    0.00	    0.00	    0.00	    0.00	    0.00	    0.00	    0.00	    0.29	    0.00	    0.00	    0.00	    0.06	    0.22	 6437.53	 1963.97	    0.14	    0.37	    0.40	    0.05	    0.09	    0.04	    0.02
15	9	    0.00	    0.06	    0.00	    0.00	    0.00	    0.08	 2394.63	    0.24	    0.00	    0.00	    0.00	    0.00	    0.00	    0.00	    0.00	 6570.45	    0.63	  899.81	    0.22	 1206.27	    0.00	    0.00	    0.00	    0.00
15	16	    0.82	  200.01	    0.01	    0.07	    0.03	  500.05	 1000.51	 1400.59	    0.13	    0.56	    0.10	    0.06	    0.00	    0.00	    0.00	 5968.12	    0.00	  600.25	    0.00	 1532.58	  355.83	    0.50	    0.00	  126.81
15	17	    0.02	    0.00	    0.00	    0.02	    0.00	    0.03	    0.00	    0.17	    0.18	 3638.26	  769.45	    0.15	    0.00	    0.03	    0.07	 7123.89	 3753.73	    0.00	    0.07	    0.00	    0.00	    0.00	    0.00	    0.00
16	9	    0.00	    0.00	    0.00	    0.00	    0.00	    0.00	    0.23	    0.00	    0.00	    0.00	    0.00	    0.00	    0.00	    0.00	    0.00	    1.09	 8099.20	    0.10	    0.00	    0.18	    0.00	    0.00	    0.00	    0.00
16	15	    0.00	    0.00	    0.00	    0.00	    0.00	    0.00	    0.00	    0.00	    0.00	    1.47	    0.25	    0.00	    0.00	  690.16	 1183.77	    0.00	 8518.19	    0.00	 1282.82	    0.00	    0.06	    0.12	    0.05	    0.03
16	18	    0.03	    0.05	    0.00	    0.02	    0.01	    0.10	    0.37	    0.72	    0.04	    0.18	    0.00	    0.00	    0.00	    0.00	    0.00	 3167.16	 6782.60	    0.21	    0.00	    0.00	    0.00	    0.00	    0.00	    0.00
17	6	    0.00	    0.00	    0.00	    0.00	    0.00	    0.00	    0.00	    0.00	    0.06	 1897.53	  499.46	    0.08	  337.11	  599.92	 1100.03	 1790.18	 1135.91	 1198.92	 1399.63	 3099.79	  700.36	 1299.80	  499.97	  299.99
17	15	   30.53	   36.59	    8.66	   34.03	   21.27	   85.43	 4795.14	  219.67	   24.24	    0.40	    0.13	   18.52	  599.52	    9.93	   16.52	    0.00	    0.13	 2000.20	   17.83	 4339.25	  955.82	 1200.48	  499.99	  426.81
17	19	  299.91	  300.00	    0.00	  299.99	  100.00	  800.18	 2925.12	 3999.34	  600.15	 1041.34	  170.22	    0.09	    0.06	    0.00	    0.00	 4833.71	 2017.87	 1600.89	    0.00	    0.00	    0.00	    0.00	    0.00	    0.00
18	14	    0.00	    0.18	    0.00	    0.00	    0.00	    0.36	  699.52	  999.10	    0.00	    0.00	    0.00	    0.00	    0.00	    0.00	    0.00	 1899.95	 4906.10	  299.83	 6820.77	 3491.17	    0.27	    0.43	    0.18	    0.08
18	16	    0.04	    0.02	    0.01	    0.06	    0.02	    0.00	    0.00	    0.00	    0.10	    0.43	    0.36	    0.07	    0.10	 1390.09	 2683.63	    0.00	    0.00	    0.00	 2982.74	  167.44	  244.18	 1699.46	  599.99	  173.19
18	19	    0.02	    0.00	    0.00	    0.04	    0.02	    0.03	    0.00	    0.00	    0.10	 1458.95	  429.86	    0.00	    0.00	 1206.84	 2416.36	    0.00	  176.95	    0.00	 2996.48	    0.00	    0.00	    0.00	    0.00	    0.00
19	17	    0.00	    0.00	    0.00	    0.00	    0.00	    0.00	    0.00	    0.00	    0.00	    0.23	    0.22	    2.36	 1036.57	  709.82	 1316.49	    0.00	    0.15	    0.00	 1717.39	 7839.04	 1756.19	 2800.28	 1099.96	  726.80
19	18	    0.00	  100.10	    0.00	    0.00	    0.00	  200.21	 1099.13	 1698.35	    0.00	    0.00	    0.00	    0.00	   20.03	    0.01	    0.00	   32.73	    0.00	  599.61	    0.00	 4858.56	   84.61	    0.48	    0.19	   13.07
19	20	    0.00	    0.00	    0.00	    0.01	    0.00	  100.05	  625.85	  600.45	    0.09	    0.05	    0.02	    0.01	    0.03	    0.02	    0.04	 1501.21	  494.44	  201.22	   79.20	 2700.63	    0.00	    0.08	    0.03	    0.02
19	21	    0.00	   99.91	    0.00	    0.02	    0.01	  199.94	  700.15	  800.54	    0.17	    0.23	    0.05	    0.00	    0.00	    0.00	    0.18	 1699.76	    0.30	  400.06	    0.09	 3101.76	    0.52	    0.00	    0.00	    0.00
20	19	    0.07	    0.00	    0.00	    0.00	    0.00	    0.00	    0.00	    0.00	    0.00	    0.11	    0.03	  402.25	 1656.45	    0.09	    0.18	    0.00	    0.08	    0.00	    0.19	    0.00	 3041.32	    0.25	    2.68	 1139.60
20	21	  263.64	    0.08	   65.91	    0.27	    0.00	    0.09	    0.27	    0.29	    0.00	    0.00	    0.00	  461.36	 1464.37	    0.00	    0.00	    0.67	    0.00	    0.16	    0.00	    1.44	 4760.27	    0.00	    0.89	 1599.14
20	23	    0.00	    0.00	    0.00	    0.00	    0.00	    0.02	  425.67	  200.35	    0.03	  492.04	    0.00	    0.00	    0.00	    0.00	  684.47	  900.91	  213.56	  101.10	  252.39	 1499.76	 3198.41	 2337.25	    0.00	    0.00
21	14	    0.00	    0.00	    0.00	    0.00	    0.00	    0.00	    0.10	    0.13	    0.00	    0.00	    0.00	    0.57	  883.64	    0.00	    0.00	    0.26	    0.00	    0.05	    0.00	    0.90	 2958.01	10578.30	 2668.01	 1288.87
21	19	    0.00	    0.00	    0.00	    0.00	    0.00	    0.00	    0.00	    0.00	    0.00	    0.12	    0.17	    0.03	    0.11	    2.92	    0.17	    0.00	    0.00	    0.00	    0.00	    0.00	    0.00	 5200.59	 1797.50	    0.30
21	20	    0.01	    0.00	    0.00	    0.02	   97.22	    0.05	    0.10	    0.19	  299.94	 1692.10	    1.44	    0.00	    0.00	    0.34	 1484.61	    0.37	  319.20	    0.05	  573.38	    0.57	    0.00	 4137.41	    0.39	    0.00
21	22	    0.00	    0.00	    0.00	    0.00	    0.00	    0.01	  200.23	  300.51	  306.43	 1306.16	    0.00	    0.00	    0.00	    0.00	  977.99	  500.06	  468.89	  100.13	  311.70	  701.73	    2.78	 4483.70	    0.00	    0.00
22	13	    0.01	    0.00	    0.00	    0.02	    0.00	    0.00	    0.45	    0.77	    0.00	    0.00	    0.00	    0.03	  671.05	    0.00	    0.00	    0.57	    0.00	    0.22	    0.01	    1.58	  797.68	 1120.76	 4630.20	 1171.10
22	21	  136.37	    0.01	   34.09	    1.14	    0.06	    0.00	    0.00	    0.00	    0.00	    0.00	  393.03	  239.24	  719.39	  745.98	    0.00	    0.00	    0.00	    0.00	    0.00	    0.00	    0.00	    0.00	 6565.01	  790.03
22	23	    0.01	    0.00	    0.00	    0.02	    0.00	    0.01	    0.09	    0.21	    0.10	  307.96	  998.02	    0.00	    0.00	 1382.25	  412.35	    0.28	   86.48	    0.07	  146.25	    1.24	    0.05	 1263.45	 3304.79	    0.00
23	12	    0.00	    0.00	    0.00	    0.00	    0.00	    0.00	  325.45	    0.09	    0.00	    0.00	    0.00	    0.00	    0.00	  582.52	  696.82	  600.40	    0.05	  101.01	  298.64	 1099.91	 1203.51	 2500.18	 1901.64	 1800.16
23	20	  363.70	    0.08	   65.91	  200.24	    2.78	    0.02	    0.00	    0.00	    0.00	    0.00	  398.57	 1163.60	 3720.79	  399.73	    0.00	    0.00	    0.00	    0.00	    0.00	    0.00	    0.00	    0.00	  703.15	 3238.71
23	22	  436.30	    0.01	  134.07	    1.34	    0.27	    0.26	    0.31	    0.48	    0.00	    0.00	    0.06	  939.13	 2190.43	    0.00	    0.00	    0.80	    0.00	    0.16	    0.00	    1.09	 1494.95	    0.52	    0.00	 2661.13
