i	j	       0	       1	       2	       3	       4	       5	       6	       7	       8	       9	      10	      11	      12	      13	      14	      15	      16	      17	      18	      19	      20	      21	      22	      23
0	1	 2600.22	    0.00	  268.91	  200.02	   16.14	    0.00	    0.01	    0.02	   32.28	   97.04	  200.02	  472.52	  463.27	  100.00	   16.15	    0.02	    0.03	    0.00	    0.01	    0.00	    0.01	    0.06	    0.16	   29.85
0	2	 6199.78	 1167.22	    0.00	    0.00	    0.00	  235.40	  140.52	  243.77	    0.00	    0.00	    0.00	    0.00	    0.00	    0.00	    0.00	  102.59	    0.00	   34.77	    0.00	    0.02	    0.00	    0.00	    0.00	    0.00
1	0	    0.00	 1267.22	    0.00	    0.00	    0.00	  535.40	  640.50	 1043.74	    0.00	    0.00	    0.00	    0.00	    0.00	    0.00	    0.00	  602.57	    0.31	  134.76	    0.03	  299.98	    0.00	    0.02	    0.00	    0.00
1	5	 2500.22	 2732.78	  168.91	    0.04	    0.00	    0.00	    0.00	    0.00	    0.00	    0.00	    0.04	  372.52	  163.27	    0.01	    0.00	    0.00	    0.00	    0.00	    0.00	    0.00	    0.01	    0.03	    0.16	   29.85
2	0	    0.00	    0.00	  368.91	  700.02	  216.14	    0.00	    0.03	    0.05	  532.28	 1397.04	  700.02	  672.52	  963.27	  400.00	  516.15	    0.04	  399.72	    0.00	  299.99	    0.04	  100.00	  400.05	  300.16	  129.85
2	3	 4499.76	  667.12	 1931.05	    0.00	    0.00	    0.00	    0.00	    0.00	    0.00	    0.00	    0.00	 3751.34	 2494.69	    0.08	    0.00	    0.00	    0.00	    0.00	    0.00	    0.00	  202.32	    0.02	    2.76	  469.67
2	11	 1600.02	  400.11	  500.04	 1601.51	  403.53	  500.37	  774.36	 1200.00	 1399.66	  650.45	    0.88	    0.00	    0.00	    0.14	   60.30	  535.25	  183.34	  199.45	   25.84	    0.26	    0.00	    0.00	    0.00	    0.00
3	2	    0.00	    0.00	    0.00	 2501.53	  719.66	  564.97	  733.87	 1156.28	 2031.94	 2347.50	 1000.40	    0.00	    0.00	  499.84	  676.40	  632.70	  683.06	  164.69	  325.83	    0.25	    0.00	    0.05	    0.04	    0.00
3	4	 3198.63	  167.14	 1330.88	 6697.73	    0.00	    0.00	    0.00	    0.00	    0.00	    0.11	  905.65	 3150.64	 1894.28	  200.08	    0.05	    0.00	    0.01	    0.00	    0.02	    0.00	    2.50	    0.10	  199.89	  269.69
3	10	  801.13	  300.02	  400.17	 2400.74	  699.81	  599.68	    0.38	    5.14	    0.34	    0.16	    0.00	    0.69	    0.41	    0.06	    0.06	    0.26	    0.04	    0.07	    0.02	    0.02	    0.02	    0.04	    0.05	    0.02
4	3	    0.00	    0.04	    0.00	    0.00	 1919.48	 1564.65	 1134.25	 1861.41	 2732.28	 3546.28	    0.00	    0.00	    0.00	    0.00	 1175.40	 1432.65	 1182.69	  264.76	  525.41	  300.28	    0.09	  399.58	    0.00	    0.00
4	5	    0.00	    0.00	  524.54	 2152.59	 1259.51	    0.00	    0.02	    0.03	  567.87	 1302.90	  404.08	 1456.25	  575.30	  100.02	  283.44	    0.04	    0.04	    0.00	    0.09	    0.01	    0.01	    0.00	   99.84	   70.14
4	8	 2998.63	  899.98	  706.34	 4045.15	 2921.01	 1400.03	    0.02	    0.10	    0.00	    0.00	    1.57	 1494.39	 1118.97	    0.06	    0.00	    0.06	    0.00	    0.01	    0.00	    0.02	    0.00	    0.00	    0.05	  199.55
5	1	    0.00	    0.00	    0.00	    0.02	   83.86	  935.40	  840.49	 1443.72	  167.72	  502.96	    0.02	    0.00	    0.00	    0.01	   83.85	 1002.55	  200.28	  134.76	  100.01	  399.98	    0.00	   99.98	    0.00	    0.00
5	4	    0.00	  832.88	    0.00	    0.00	    0.00	 3164.68	 1029.68	 1805.64	    0.00	    0.00	    0.00	    0.00	    0.00	    0.00	    0.00	 1457.32	    0.48	  202.19	    0.03	  307.37	    0.09	    0.06	    0.00	    0.00
5	7	 2200.22	 1499.89	  393.45	 1752.61	  975.65	 3499.92	    0.00	    0.00	    0.14	    0.06	    4.10	 1628.77	  538.57	    0.03	    0.00	    0.00	    0.00	    0.00	    0.00	    0.00	    0.00	    0.00	    0.00	    0.00
6	7	    0.00	    0.00	    0.00	    0.00	    0.00	    0.00	 4179.40	    0.00	    0.00	    0.00	    0.00	    0.00	    0.00	  399.81	  600.08	  387.08	  140.18	  999.28	  999.48	 2599.32	  499.98	  799.85	  299.94	  199.97
6	17	  429.86	  335.61	    9.28	  437.12	  123.24	  983.30	 7920.60	 4513.93	  825.60	    0.55	    0.12	  219.14	    0.06	    0.00	    0.00	    0.00	    0.02	    0.00	    0.00	    0.00	    0.00	    0.00	    0.00	    0.00
7	5	    0.00	    0.00	    0.00	    0.00	    0.00	    0.00	 2270.16	 4049.33	    0.00	    0.12	    0.00	    0.00	    0.00	    0.00	    0.41	 3359.84	  700.72	  436.95	  299.94	 1007.34	  100.08	  300.01	    0.00	    0.01
7	6	  929.86	  535.61	  109.28	  837.12	  323.24	 1383.30	    0.00	 5513.93	 1425.55	    1.64	    0.66	  919.08	   62.05	    0.00	    0.00	    0.00	    0.11	    0.00	    0.00	    0.00	    0.00	    0.00	    0.00	    0.00
7	8	    0.00	    0.00	    0.00	    0.00	    0.00	    0.00	  909.24	 3750.18	    0.00	    0.00	    0.00	    0.00	    0.00	    0.00	    0.00	 1266.61	    0.09	  262.64	    0.00	  692.88	    0.03	    0.07	    0.00	    0.00
7	15	  470.67	  564.32	  170.90	  679.57	  424.71	 1316.70	    0.00	 3386.56	  899.53	    0.00	    0.06	  473.44	    0.24	    0.00	    0.00	    0.00	    0.00	    0.00	    0.00	    0.00	    0.00	    0.00	    0.00	    0.00
8	4	    0.00	    0.00	    0.00	    0.00	    0.00	    0.00	  304.61	  555.90	 4100.15	 5849.07	    0.00	    0.00	    0.00	    0.00	 1658.79	  475.42	 1382.24	   62.58	  625.46	   92.94	   97.50	  599.42	    0.00	    0.00
8	7	    0.31	    0.04	   86.72	  464.08	  272.30	    0.09	    0.00	    0.00	 3124.94	 1601.44	  796.62	  363.75	  123.72	    0.00	    0.00	    0.00	    0.22	    0.00	    0.00	    0.00	    0.00	    0.00	    0.00	    0.00
8	9	 2498.33	  699.94	  519.62	 2881.06	 1848.71	  999.94	    4.86	 2394.38	 8974.92	    0.00	    0.00	  530.70	  395.30	    0.00	    0.00	    0.70	    0.00	    0.14	    0.00	    0.26	    0.00	    0.00	    0.00	    0.00
9	8	    0.00	    0.00	    0.00	    0.00	    0.00	    0.00	    0.21	    0.00	    0.00	10250.51	 2195.05	    0.05	    0.05	  599.94	 2658.79	  609.46	 2282.36	    0.07	 1025.46	    0.30	  397.47	 1299.34	  499.95	    0.45
9	10	    0.00	    0.00	    0.00	    0.00	    0.00	    0.00	  499.56	  794.89	 1722.41	 8438.82	    0.00	    0.00	    0.00	    0.00	 1271.69	 1565.72	 1916.58	  199.98	  420.10	  426.97	    2.01	  467.81	    0.00	    0.00
9	14	  799.37	   99.97	   99.92	 1098.43	  596.63	  199.97	    0.00	    0.00	 3077.63	14573.53	 1925.04	  652.63	    4.32	    0.00	    0.00	    0.00	    0.78	    0.00	    0.00	    0.00	    0.00	    0.00	    0.00	    0.00
9	15	    0.00	    0.00	   19.83	   83.39	   52.11	    0.00	    0.00	    0.00	  475.04	 8036.48	 2173.16	  206.35	    0.42	    0.00	    0.00	    0.00	    0.00	    0.00	    0.00	    0.00	    0.00	    0.00	    0.00	    0.00
9	16	  399.45	    0.02	   99.98	  499.91	  199.96	    0.04	    0.08	    0.11	  899.84	 3900.65	  999.81	  599.89	  499.91	    0.06	    0.12	    0.11	    0.00	    0.05	    0.07	    0.14	    0.05	    0.14	    0.05	    0.02
10	3	    0.00	    0.00	    0.00	    0.00	    0.00	    0.00	    0.00	    0.00	    0.00	    1.49	 3406.05	    0.00	    0.00	 1199.90	    1.10	    0.30	    0.42	    0.00	    0.45	    0.00	    0.12	    0.60	  697.23	    0.05
10	9	    0.50	    0.00	    0.12	    0.67	    0.00	    0.00	    0.00	    0.00	    0.00	    0.00	11193.06	 2928.23	 2009.41	 1124.80	    0.00	    0.00	    0.00	    0.00	    0.00	    0.00	    0.00	    0.00	  307.50	   40.99
10	11	    0.00	    0.00	    0.00	    0.00	    0.00	    0.00	    0.00	    0.00	    0.10	 3249.55	 2400.23	    0.00	    0.00	  713.11	  644.38	  165.67	  916.50	    0.08	  276.14	    0.00	    0.00	    0.00	    0.00	    0.00
10	13	  300.73	  100.06	  100.10	 1000.15	  199.84	  199.75	    0.00	    0.03	  322.65	 1187.95	 5300.66	 1047.51	   19.39	    0.00	    0.00	    0.00	    0.04	    0.00	    0.00	    0.00	    0.00	    0.00	    0.00	    0.00
11	2	    0.00	    0.00	    0.00	    0.00	    0.00	    0.00	    0.00	    0.00	    0.00	    0.00	    0.49	 4623.85	 3557.95	    0.39	    0.05	    0.00	    0.00	    0.00	    0.00	    0.03	  302.32	  500.02	  402.87	  599.51
11	10	    0.11	    0.04	    0.05	    0.08	    0.02	    0.07	    0.00	    0.00	    0.00	    0.00	    0.00	 5375.05	 3028.39	    0.00	    0.00	    0.00	    0.00	    0.00	    0.00	    0.00	    0.04	    0.00	    0.00	    0.62
11	12	 1399.91	  300.07	  299.98	 1001.43	  203.50	  300.31	   74.55	  600.00	  799.77	 1900.00	 1000.62	 3901.10	    0.00	   13.13	    4.63	    0.99	  499.84	    0.05	    1.99	    0.04	    0.00	    0.00	    0.00	    0.00
12	11	    0.00	    0.00	    0.00	    0.00	    0.00	    0.00	    0.20	    0.00	    0.00	    0.00	    0.00	    0.00	 7886.35	    0.27	    0.00	    0.06	    0.00	    0.52	    0.00	  499.81	  602.35	 1200.02	 1102.87	 1100.13
12	23	  899.91	    0.07	  199.98	  401.43	    3.50	  100.31	    0.00	    0.00	  199.77	    0.00	    0.62	 2601.10	 6713.65	    0.00	    0.00	    0.00	    0.00	    0.00	    0.00	    0.00	    0.00	    0.00	    0.00	    0.00
13	10	    0.00	    0.00	    0.00	    0.00	    0.00	    0.00	    0.05	    0.00	    0.00	    0.00	    0.00	    0.00	    0.00	 4637.74	  773.75	    0.00	    0.34	    0.02	  256.48	  173.00	  398.06	  632.74	 2304.68	  640.40
13	14	    0.65	    0.06	    0.08	    0.85	    0.05	    0.05	    0.00	    0.00	    0.00	    0.00	 1038.46	  347.36	   83.14	 6251.61	    0.00	    0.00	    0.00	    0.00	    0.00	    0.00	    0.00	    0.00	 1205.35	  110.55
13	22	    0.09	    0.01	    0.02	  499.32	   99.79	   99.70	    0.00	    0.00	  195.82	  813.23	 2662.27	    0.18	    0.00	 3210.65	  448.92	    0.00	  226.14	    0.00	  140.50	    0.00	    0.00	    0.00	    0.00	    0.00
14	9	    0.00	    0.00	    0.00	    0.00	    0.00	    0.00	    0.00	    0.00	    0.00	    0.00	    0.00	    0.00	    0.00	 1575.20	 7930.59	    0.29	    0.75	    0.05	 3245.44	 1723.07	 1599.52	 4367.29	 1992.49	  759.48
14	13	    0.00	    0.00	    0.00	    0.00	    0.00	    0.00	  199.55	  399.10	  473.17	 1725.28	    0.06	    0.00	    0.00	    0.00	 2522.66	  699.14	  926.43	   99.78	  696.97	  671.30	    1.15	  665.49	    0.00	    0.00
14	18	  300.03	    0.08	    0.01	  200.06	  100.03	    0.12	    0.02	    0.03	  400.14	 3261.53	  826.01	  300.05	  279.07	 2896.14	 5900.18	    0.05	    0.40	    0.01	    0.00	    0.05	  557.82	 2899.92	  899.98	  261.66
14	21	    0.00	    0.00	    0.00	  399.22	  296.65	    0.00	    0.00	    0.00	 1304.31	 5586.72	  737.42	    0.00	    0.00	  480.27	 5046.57	    0.22	 2470.15	    0.00	 2084.57	    0.00	    0.00	    0.00	    0.00	    0.00
15	7	    0.00	    0.00	    0.00	    0.00	    0.00	    0.00	    0.00	    0.00	    0.00	    0.26	    0.00	    0.00	    0.00	    0.17	    0.34	 6439.37	 1960.52	    0.31	    0.47	    0.89	    0.13	    0.24	    0.06	    0.04
15	9	    0.00	    0.05	    0.00	    0.00	    0.00	    0.07	 2394.76	    0.62	    0.00	    0.00	    0.00	    0.00	    0.00	    0.00	    0.00	 6572.66	    0.55	  899.66	    0.19	 1203.88	    0.00	    0.00	    0.00	    0.00
15	16	    0.54	  199.98	    0.01	    0.06	    0.03	  499.99	 1000.33	 1400.20	    0.11	    0.49	    0.09	    0.05	    0.00	    0.00	    0.00	 5964.62	    0.00	  600.31	    0.00	 1552.41	  346.92	    0.00	    0.00	  124.13
15	17	    0.02	    0.00	    0.00	    0.03	    0.00	    0.02	    0.00	    0.14	    0.15	 3637.43	  773.49	    0.18	    0.00	    0.03	    0.13	 7123.35	 3752.09	    0.00	    0.13	    0.00	    0.00	    0.00	    0.00	    0.00
16	9	    0.00	    0.00	    0.00	    0.00	    0.00	    0.00	    0.23	    0.00	    0.00	    0.00	    0.00	    0.00	    0.00	    0.00	    0.00	    1.64	 8098.42	    0.26	    0.00	    0.19	    0.00	    0.00	    0.00	    0.00
16	15	    0.00	    0.00	    0.00	    0.00	    0.00	    0.00	    0.00	    0.00	    0.00	    1.34	    0.09	    0.00	    0.00	  691.21	 1186.25	    0.00	 8513.05	    0.00	 1285.44	    0.00	    0.05	    0.10	    0.04	    0.03
16	18	    0.03	    0.02	    0.00	    0.02	    0.01	    0.03	    0.19	    0.31	    0.03	    0.15	    0.00	    0.00	    0.00	    0.00	    0.00	 3163.09	 6788.53	    0.10	    0.00	    0.00	    0.00	    0.00	    0.00	    0.00
17	6	    0.00	    0.00	    0.00	    0.00	    0.00	    0.00	    0.00	    0.00	    0.05	 1898.90	  499.47	    0.06	  338.01	  599.81	 1100.08	 1787.08	 1140.10	 1199.28	 1399.48	 3099.32	  699.98	 1299.85	  499.94	  299.97
17	15	   29.89	   35.72	    9.28	   37.13	   23.20	   83.39	 4795.10	  214.41	   25.69	    0.36	    0.26	   20.45	  599.34	    8.99	   14.22	    0.00	    0.11	 2000.28	   15.35	 4357.18	  947.00	 1200.13	  500.02	  424.15
17	19	  299.99	  299.90	    0.00	  300.03	  100.04	  799.94	 2925.51	 3999.66	  600.01	 1038.92	  174.09	    0.16	    0.00	    0.00	    0.00	 4836.27	 2012.04	 1600.44	    0.00	    0.00	    0.00	    0.00	    0.00	    0.00
18	14	    0.00	    0.05	    0.00	    0.00	    0.00	    0.10	  699.51	  999.05	    0.00	    0.00	    0.00	    0.00	    0.00	    0.00	    0.00	 1899.55	 4896.95	  299.81	 6826.98	 3493.98	    0.15	    0.37	    0.15	    0.07
18	16	    0.04	    0.02	    0.01	    0.05	    0.02	    0.00	    0.00	    0.00	    0.08	    0.35	    0.20	    0.05	    0.09	 1391.15	 2686.13	    0.00	    0.00	    0.00	 2985.37	  147.65	  253.08	 1699.97	  599.99	  175.87
18	19	    0.02	    0.00	    0.00	    0.04	    0.02	    0.02	    0.00	    0.00	    0.09	 1461.33	  425.82	    0.00	    0.00	 1205.00	 2414.05	    0.00	  191.97	    0.00	 2987.65	    0.00	    0.00	    0.00	    0.00	    0.00
19	17	    0.00	    0.00	    0.00	    0.00	    0.00	    0.00	    0.00	    0.00	    0.00	    0.20	    0.21	    1.34	 1037.28	  708.77	 1314.16	    0.00	    0.13	    0.00	 1714.69	 7856.51	 1746.98	 2799.98	 1099.96	  724.12
19	18	    0.00	   99.98	    0.00	    0.00	    0.00	  199.97	 1099.31	 1698.72	    0.00	    0.00	    0.00	    0.00	   21.01	    0.01	    0.00	   36.40	    0.00	  599.69	    0.00	 4841.58	   95.42	    0.42	    0.17	   14.28
19	20	    0.00	    0.00	    0.00	    0.05	    0.05	  100.01	  625.92	  600.55	    0.04	    0.05	    0.02	    0.01	    0.02	    0.02	    0.03	 1499.94	  503.84	  200.67	   73.05	 2700.72	    0.00	    0.07	    0.03	    0.02
19	21	    0.00	   99.92	    0.00	    0.02	    0.01	  199.98	  700.28	  800.40	    0.06	    0.21	    0.04	    0.00	    0.00	    0.00	    0.16	 1699.93	    0.10	  400.07	    0.08	 3101.19	    0.17	    0.00	    0.00	    0.00
20	19	    0.00	    0.00	    0.00	    0.00	    0.00	    0.00	    0.00	    0.00	    0.00	    0.10	    0.02	  401.17	 1658.16	    0.08	    0.16	    0.00	    0.07	    0.00	    0.17	    0.00	 3042.57	    0.23	    1.87	 1138.14
20	21	  262.39	    0.06	   65.60	    0.22	    0.00	    0.03	    0.06	    0.07	    0.00	    0.00	    0.00	  459.19	 1463.37	    0.00	    0.00	    0.15	    0.00	    0.03	    0.00	    0.39	 4759.85	    0.00	    0.00	 1605.46
20	23	    0.00	    0.00	    0.00	    0.00	    0.00	    0.02	  425.86	  200.47	    0.03	  488.26	    0.00	    0.00	    0.00	    0.00	  683.16	  899.87	  208.42	  100.64	  250.60	 1500.33	 3197.59	 2350.14	    0.00	    0.00
21	14	    0.00	    0.00	    0.00	    0.00	    0.00	    0.00	    0.06	    0.08	    0.00	    0.00	    0.00	    0.06	  891.61	    0.00	    0.00	    0.15	    0.00	    0.03	    0.00	    0.44	 2958.34	10532.33	 2686.97	 1310.52
21	19	    0.00	    0.00	    0.00	    0.00	    0.00	    0.00	    0.00	    0.00	    0.00	    0.10	    0.33	    0.03	    0.16	    3.72	    0.14	    0.00	    0.00	    0.00	    0.00	    0.00	    0.00	 5200.24	 1798.28	    0.28
21	20	    0.01	    0.00	    0.00	    0.02	   96.70	    0.00	    0.00	    0.00	  299.98	 1688.32	    2.26	    0.03	    0.06	    1.04	 1483.29	    0.08	  304.65	    0.00	  577.72	    0.00	    0.00	 4150.30	    0.39	    0.05
21	22	    0.00	    0.00	    0.00	    0.00	    0.00	    0.03	  200.28	  300.40	  304.39	 1298.51	    0.00	    0.00	    0.00	    0.00	  963.29	  500.07	  465.61	  100.07	  306.92	  701.15	    1.68	 4517.12	    0.00	    0.00
22	13	    0.01	    0.00	    0.00	    0.02	    0.00	    0.00	    0.50	    0.87	    0.00	    0.00	    0.00	    0.03	  663.75	    0.00	    0.00	    0.86	    0.00	    0.25	    0.01	    1.71	  796.91	 1167.25	 4610.03	 1150.95
22	21	  137.62	    0.02	   34.40	    0.58	    0.04	    0.02	    0.00	    0.00	    0.00	    0.00	  365.13	  240.94	  728.46	  724.49	    0.00	    0.00	    0.00	    0.00	    0.00	    0.00	    0.00	    0.00	 6585.65	  805.39
22	23	    0.01	    0.00	    0.00	    0.02	    0.00	    0.01	    0.19	    0.15	    0.21	  311.74	  997.19	    0.00	    0.00	 1386.16	  412.20	    0.24	   91.74	    0.03	  147.41	    0.87	    0.06	 1249.96	 3304.33	    0.00
23	12	    0.00	    0.00	    0.00	    0.00	    0.00	    0.00	  325.64	    0.00	    0.00	    0.00	    0.00	    0.00	    0.00	  587.14	  695.37	  599.08	    0.16	  100.47	  298.01	 1099.77	 1202.35	 2500.02	 1902.87	 1800.13
23	20	  362.38	    0.05	   65.60	  200.15	    3.25	    0.03	    0.00	    0.00	    0.00	    0.00	  397.75	 1160.31	 3721.44	  399.02	    0.00	    0.00	    0.00	    0.00	    0.00	    0.00	    0.00	    0.00	  701.46	 3243.53
23	22	  437.55	    0.01	  134.39	    1.30	    0.25	    0.30	    0.41	    0.62	    0.00	    0.00	    0.05	  940.79	 2192.21	    0.00	    0.00	    1.04	    0.00	    0.21	    0.00	    1.43	 1495.29	    0.09	    0.00	 2656.34
