0.000000000000000000e+00 1.000000000000000000e+00 4.507865155080316981e+03
0.000000000000000000e+00 2.000000000000000000e+00 7.833391591438241448e+03
1.000000000000000000e+00 0.000000000000000000e+00 4.532754155350226029e+03
1.000000000000000000e+00 5.000000000000000000e+00 5.967350716712900066e+03
2.000000000000000000e+00 0.000000000000000000e+00 7.808502591168323306e+03
2.000000000000000000e+00 3.000000000000000000e+00 1.403293284072696588e+04
2.000000000000000000e+00 1.100000000000000000e+01 1.004573146454962261e+04
3.000000000000000000e+00 2.000000000000000000e+00 1.405258613201099797e+04
3.000000000000000000e+00 4.000000000000000000e+00 1.803424749144574889e+04
3.000000000000000000e+00 1.000000000000000000e+01 5.210652303097365802e+03
4.000000000000000000e+00 3.000000000000000000e+00 1.805531510961940148e+04
4.000000000000000000e+00 5.000000000000000000e+00 8.796551289681898197e+03
4.000000000000000000e+00 8.000000000000000000e+00 1.579021752920829567e+04
5.000000000000000000e+00 1.000000000000000000e+00 5.992239716982809114e+03
5.000000000000000000e+00 4.000000000000000000e+00 8.804793719059682189e+03
5.000000000000000000e+00 7.000000000000000000e+00 1.250428121642290535e+04
6.000000000000000000e+00 7.000000000000000000e+00 1.212457155697719827e+04
6.000000000000000000e+00 1.700000000000000000e+01 1.595657328252401203e+04
7.000000000000000000e+00 5.000000000000000000e+00 1.253741264607060657e+04
7.000000000000000000e+00 6.000000000000000000e+00 1.206574894509643673e+04
7.000000000000000000e+00 8.000000000000000000e+00 6.896991859091003789e+03
7.000000000000000000e+00 1.500000000000000000e+01 8.390451574310816795e+03
8.000000000000000000e+00 4.000000000000000000e+00 1.580304271800417519e+04
8.000000000000000000e+00 7.000000000000000000e+00 6.851380957882440271e+03
8.000000000000000000e+00 9.000000000000000000e+00 2.173331613610271597e+04
9.000000000000000000e+00 8.000000000000000000e+00 2.180053042369003015e+04
9.000000000000000000e+00 1.000000000000000000e+01 1.772564407763561394e+04
9.000000000000000000e+00 1.400000000000000000e+01 2.310684717621385062e+04
9.000000000000000000e+00 1.500000000000000000e+01 1.105878228980654421e+04
9.000000000000000000e+00 1.600000000000000000e+01 8.101778137690839685e+03
1.000000000000000000e+01 3.000000000000000000e+00 5.309237976207743486e+03
1.000000000000000000e+01 9.000000000000000000e+00 1.760101267898355218e+04
1.000000000000000000e+01 1.100000000000000000e+01 8.365202798841703043e+03
1.000000000000000000e+01 1.300000000000000000e+01 9.770305340933202388e+03
1.100000000000000000e+01 2.000000000000000000e+00 1.000118917299566237e+04
1.100000000000000000e+01 1.000000000000000000e+01 8.401888358554408114e+03
1.100000000000000000e+01 1.200000000000000000e+01 1.231301693954416987e+04
1.200000000000000000e+01 1.100000000000000000e+01 1.240516020770292016e+04
1.200000000000000000e+01 2.300000000000000000e+01 1.110914256344463320e+04
1.300000000000000000e+01 1.000000000000000000e+01 9.807574055678800505e+03
1.300000000000000000e+01 1.400000000000000000e+01 9.035289791329678337e+03
1.300000000000000000e+01 2.200000000000000000e+01 8.409167983870240278e+03
1.400000000000000000e+01 9.000000000000000000e+00 2.317177457597523971e+04
1.400000000000000000e+01 1.300000000000000000e+01 9.078848781633310864e+03
1.400000000000000000e+01 1.800000000000000000e+01 1.908385621443147829e+04
1.400000000000000000e+01 2.100000000000000000e+01 1.842269518386365598e+04
1.500000000000000000e+01 7.000000000000000000e+00 8.410371293286319997e+03
1.500000000000000000e+01 9.000000000000000000e+00 1.108550309779391318e+04
1.500000000000000000e+01 1.600000000000000000e+01 1.172942982774436678e+04
1.500000000000000000e+01 1.700000000000000000e+01 1.518757261435066903e+04
1.600000000000000000e+01 9.000000000000000000e+00 8.101975616181466648e+03
1.600000000000000000e+01 1.500000000000000000e+01 1.171977436781255165e+04
1.600000000000000000e+01 1.800000000000000000e+01 9.952873916431279213e+03
1.700000000000000000e+01 6.000000000000000000e+00 1.601539589440476811e+04
1.700000000000000000e+01 1.500000000000000000e+01 1.524386860124536361e+04
1.700000000000000000e+01 1.900000000000000000e+01 1.916200608813715007e+04
1.800000000000000000e+01 1.400000000000000000e+01 1.911382642039298662e+04
1.800000000000000000e+01 1.600000000000000000e+01 9.943415934990091046e+03
1.800000000000000000e+01 1.900000000000000000e+01 8.729554881863128685e+03
1.900000000000000000e+01 1.700000000000000000e+01 1.917712468691260801e+04
1.900000000000000000e+01 1.800000000000000000e+01 8.750067106383436112e+03
1.900000000000000000e+01 2.000000000000000000e+01 6.265732463933993131e+03
1.900000000000000000e+01 2.100000000000000000e+01 7.003039238404538992e+03
2.000000000000000000e+01 1.900000000000000000e+01 6.201400669075079350e+03
2.000000000000000000e+01 2.100000000000000000e+01 8.648293825475117046e+03
2.000000000000000000e+01 2.300000000000000000e+01 1.029717965959903449e+04
2.100000000000000000e+01 1.400000000000000000e+01 1.840121136796718565e+04
2.100000000000000000e+01 1.900000000000000000e+01 7.003001856559234511e+03
2.100000000000000000e+01 2.000000000000000000e+01 8.633988018777334219e+03
2.100000000000000000e+01 2.200000000000000000e+01 9.658456196759152590e+03
2.200000000000000000e+01 1.300000000000000000e+01 8.402877708312211325e+03
2.200000000000000000e+01 2.100000000000000000e+01 9.622629192319567665e+03
2.200000000000000000e+01 2.300000000000000000e+01 7.900940995759783618e+03
2.300000000000000000e+01 1.200000000000000000e+01 1.110128583160338167e+04
2.300000000000000000e+01 2.000000000000000000e+01 1.024715367143791809e+04
2.300000000000000000e+01 2.200000000000000000e+01 7.858823715762162465e+03
