0.000000000000000000e+00 1.000000000000000000e+00 4.512192433112621984e+03
0.000000000000000000e+00 2.000000000000000000e+00 8.177792028709570332e+03
1.000000000000000000e+00 0.000000000000000000e+00 4.578816367018879646e+03
1.000000000000000000e+00 5.000000000000000000e+00 5.968354409808433957e+03
2.000000000000000000e+00 0.000000000000000000e+00 8.111168094803321765e+03
2.000000000000000000e+00 3.000000000000000000e+00 1.411690963818016098e+04
2.000000000000000000e+00 1.100000000000000000e+01 1.030032751294594345e+04
3.000000000000000000e+00 2.000000000000000000e+00 1.426379943918839126e+04
3.000000000000000000e+00 4.000000000000000000e+00 1.811116696889785089e+04
3.000000000000000000e+00 1.000000000000000000e+01 5.208360123003002627e+03
4.000000000000000000e+00 3.000000000000000000e+00 1.825742218501317620e+04
4.000000000000000000e+00 5.000000000000000000e+00 8.793540950280312245e+03
4.000000000000000000e+00 8.000000000000000000e+00 1.577117144407425076e+04
5.000000000000000000e+00 1.000000000000000000e+00 6.034978343714696166e+03
5.000000000000000000e+00 4.000000000000000000e+00 8.805951224496337090e+03
5.000000000000000000e+00 7.000000000000000000e+00 1.250537197074083997e+04
6.000000000000000000e+00 7.000000000000000000e+00 1.218378578609668148e+04
6.000000000000000000e+00 1.700000000000000000e+01 1.596155529628714612e+04
7.000000000000000000e+00 5.000000000000000000e+00 1.258440617886312612e+04
7.000000000000000000e+00 6.000000000000000000e+00 1.207244481515617190e+04
7.000000000000000000e+00 8.000000000000000000e+00 6.929550569027657730e+03
7.000000000000000000e+00 1.500000000000000000e+01 8.386842251723706795e+03
8.000000000000000000e+00 4.000000000000000000e+00 1.590501638597354759e+04
8.000000000000000000e+00 7.000000000000000000e+00 6.853897262696198595e+03
8.000000000000000000e+00 9.000000000000000000e+00 2.171846609520716447e+04
9.000000000000000000e+00 8.000000000000000000e+00 2.187665773077497579e+04
9.000000000000000000e+00 1.000000000000000000e+01 1.770395610556517931e+04
9.000000000000000000e+00 1.400000000000000000e+01 2.310560229255501326e+04
9.000000000000000000e+00 1.500000000000000000e+01 1.106270339057777892e+04
9.000000000000000000e+00 1.600000000000000000e+01 8.100891287689674755e+03
1.000000000000000000e+01 3.000000000000000000e+00 5.308994707895911233e+03
1.000000000000000000e+01 9.000000000000000000e+00 1.757650490525398345e+04
1.000000000000000000e+01 1.100000000000000000e+01 8.424964000771637075e+03
1.000000000000000000e+01 1.300000000000000000e+01 9.759992123210493446e+03
1.100000000000000000e+01 2.000000000000000000e+00 1.008681377803146643e+04
1.100000000000000000e+01 1.000000000000000000e+01 8.411733137934570550e+03
1.100000000000000000e+01 1.200000000000000000e+01 1.281173135228612227e+04
1.200000000000000000e+01 1.100000000000000000e+01 1.268498675453455326e+04
1.200000000000000000e+01 2.300000000000000000e+01 1.111407538879210369e+04
1.300000000000000000e+01 1.000000000000000000e+01 9.846406370629270896e+03
1.300000000000000000e+01 1.400000000000000000e+01 9.039054991193357637e+03
1.300000000000000000e+01 2.200000000000000000e+01 8.326510933783931250e+03
1.400000000000000000e+01 9.000000000000000000e+00 2.325257776556794852e+04
1.400000000000000000e+01 1.300000000000000000e+01 9.053403897685197080e+03
1.400000000000000000e+01 1.800000000000000000e+01 1.911815207181240476e+04
1.400000000000000000e+01 2.100000000000000000e+01 1.831518001903631739e+04
1.500000000000000000e+01 7.000000000000000000e+00 8.430188795236941587e+03
1.500000000000000000e+01 9.000000000000000000e+00 1.110195300202631915e+04
1.500000000000000000e+01 1.600000000000000000e+01 1.171800967822087841e+04
1.500000000000000000e+01 1.700000000000000000e+01 1.514553546728393303e+04
1.600000000000000000e+01 9.000000000000000000e+00 8.100309039107229182e+03
1.600000000000000000e+01 1.500000000000000000e+01 1.171025670403363074e+04
1.600000000000000000e+01 1.800000000000000000e+01 9.942536494882606348e+03
1.700000000000000000e+01 6.000000000000000000e+00 1.607289626722764842e+04
1.700000000000000000e+01 1.500000000000000000e+01 1.523588459643299029e+04
1.700000000000000000e+01 1.900000000000000000e+01 1.876615117998017013e+04
1.800000000000000000e+01 1.400000000000000000e+01 1.914104315064339607e+04
1.800000000000000000e+01 1.600000000000000000e+01 9.934201272112895822e+03
1.800000000000000000e+01 1.900000000000000000e+01 8.722186312224032008e+03
1.900000000000000000e+01 1.700000000000000000e+01 1.886784128006974424e+04
1.900000000000000000e+01 1.800000000000000000e+01 8.736742168285292792e+03
1.900000000000000000e+01 2.000000000000000000e+01 6.142402398711287788e+03
1.900000000000000000e+01 2.100000000000000000e+01 7.004529644389082932e+03
2.000000000000000000e+01 1.900000000000000000e+01 6.159673029321896138e+03
2.000000000000000000e+01 2.100000000000000000e+01 8.614750926955453906e+03
2.000000000000000000e+01 2.300000000000000000e+01 1.023175453222200485e+04
2.100000000000000000e+01 1.400000000000000000e+01 1.835361331971010804e+04
2.100000000000000000e+01 1.900000000000000000e+01 7.003504969929304025e+03
2.100000000000000000e+01 2.000000000000000000e+01 8.594977655437442081e+03
2.100000000000000000e+01 2.200000000000000000e+01 9.622137744005176501e+03
2.200000000000000000e+01 1.300000000000000000e+01 8.398576274710874713e+03
2.200000000000000000e+01 2.100000000000000000e+01 9.639773098701161871e+03
2.200000000000000000e+01 2.300000000000000000e+01 7.752758256946743131e+03
2.300000000000000000e+01 1.200000000000000000e+01 1.088733079104053832e+04
2.300000000000000000e+01 2.000000000000000000e+01 1.026879843435060684e+04
2.300000000000000000e+01 2.200000000000000000e+01 7.842458952569699250e+03
