0.000000000000000000e+00 1.000000000000000000e+00 4.503603180674314899e+03
0.000000000000000000e+00 2.000000000000000000e+00 8.022399591754635367e+03
1.000000000000000000e+00 0.000000000000000000e+00 4.523168954208821560e+03
1.000000000000000000e+00 5.000000000000000000e+00 5.972652726204550163e+03
2.000000000000000000e+00 0.000000000000000000e+00 8.002833818220134162e+03
2.000000000000000000e+00 3.000000000000000000e+00 1.402341792965742206e+04
2.000000000000000000e+00 1.100000000000000000e+01 9.947416634658860858e+03
3.000000000000000000e+00 2.000000000000000000e+00 1.405422070444250130e+04
3.000000000000000000e+00 4.000000000000000000e+00 1.802343455892568818e+04
3.000000000000000000e+00 1.000000000000000000e+01 5.209006754183275916e+03
4.000000000000000000e+00 3.000000000000000000e+00 1.805503442484796324e+04
4.000000000000000000e+00 5.000000000000000000e+00 8.792936592152625963e+03
4.000000000000000000e+00 8.000000000000000000e+00 1.579065811511160064e+04
5.000000000000000000e+00 1.000000000000000000e+00 5.992218499739054096e+03
5.000000000000000000e+00 4.000000000000000000e+00 8.803623236099438145e+03
5.000000000000000000e+00 7.000000000000000000e+00 1.249708754270815371e+04
6.000000000000000000e+00 7.000000000000000000e+00 1.210998594352536566e+04
6.000000000000000000e+00 1.700000000000000000e+01 1.585843175162020452e+04
7.000000000000000000e+00 5.000000000000000000e+00 1.252733996018946345e+04
7.000000000000000000e+00 6.000000000000000000e+00 1.204515976733811840e+04
7.000000000000000000e+00 8.000000000000000000e+00 6.887321955806526603e+03
7.000000000000000000e+00 1.500000000000000000e+01 8.387128845562969218e+03
8.000000000000000000e+00 4.000000000000000000e+00 1.581157133708705442e+04
8.000000000000000000e+00 7.000000000000000000e+00 6.834762954456304215e+03
8.000000000000000000e+00 9.000000000000000000e+00 2.175390162189030525e+04
9.000000000000000000e+00 8.000000000000000000e+00 2.182225584251552209e+04
9.000000000000000000e+00 1.000000000000000000e+01 1.773028600370074128e+04
9.000000000000000000e+00 1.400000000000000000e+01 2.313285609390583704e+04
9.000000000000000000e+00 1.500000000000000000e+01 1.104750690773663518e+04
9.000000000000000000e+00 1.600000000000000000e+01 8.100678084750769813e+03
1.000000000000000000e+01 3.000000000000000000e+00 5.308209663046088281e+03
1.000000000000000000e+01 9.000000000000000000e+00 1.760663035485814180e+04
1.000000000000000000e+01 1.100000000000000000e+01 8.369520967373538952e+03
1.000000000000000000e+01 1.300000000000000000e+01 9.778305493782490885e+03
1.100000000000000000e+01 2.000000000000000000e+00 9.897048086339278598e+03
1.100000000000000000e+01 1.000000000000000000e+01 8.405699226483755410e+03
1.100000000000000000e+01 1.200000000000000000e+01 1.221800521408788336e+04
1.200000000000000000e+01 1.100000000000000000e+01 1.230381492487851574e+04
1.200000000000000000e+01 2.300000000000000000e+01 1.111132191681232871e+04
1.300000000000000000e+01 1.000000000000000000e+01 9.817674494692493681e+03
1.300000000000000000e+01 1.400000000000000000e+01 9.035847223282649793e+03
1.300000000000000000e+01 2.200000000000000000e+01 8.407331669384375346e+03
1.400000000000000000e+01 9.000000000000000000e+00 2.319936596972333791e+04
1.400000000000000000e+01 1.300000000000000000e+01 9.078838529971833850e+03
1.400000000000000000e+01 1.800000000000000000e+01 1.912198704675328918e+04
1.400000000000000000e+01 2.100000000000000000e+01 1.842663884250601768e+04
1.500000000000000000e+01 7.000000000000000000e+00 8.405114088207246823e+03
1.500000000000000000e+01 9.000000000000000000e+00 1.107274373800227295e+04
1.500000000000000000e+01 1.600000000000000000e+01 1.168193077980096496e+04
1.500000000000000000e+01 1.700000000000000000e+01 1.525504601338029170e+04
1.600000000000000000e+01 9.000000000000000000e+00 8.100941248135491151e+03
1.600000000000000000e+01 1.500000000000000000e+01 1.167392864663468026e+04
1.600000000000000000e+01 1.800000000000000000e+01 9.952054549337881326e+03
1.700000000000000000e+01 6.000000000000000000e+00 1.592325792780745724e+04
1.700000000000000000e+01 1.500000000000000000e+01 1.530627021945648630e+04
1.700000000000000000e+01 1.900000000000000000e+01 1.905027211322803487e+04
1.800000000000000000e+01 1.400000000000000000e+01 1.915314804032529719e+04
1.800000000000000000e+01 1.600000000000000000e+01 9.944315579556303419e+03
1.800000000000000000e+01 1.900000000000000000e+01 8.681098460955499831e+03
1.900000000000000000e+01 1.700000000000000000e+01 1.906632249549148764e+04
1.900000000000000000e+01 1.800000000000000000e+01 8.704520484745939029e+03
1.900000000000000000e+01 2.000000000000000000e+01 6.359290708292751333e+03
1.900000000000000000e+01 2.100000000000000000e+01 7.004238674562374399e+03
2.000000000000000000e+01 1.900000000000000000e+01 6.300692312982004296e+03
2.000000000000000000e+01 2.100000000000000000e+01 8.648704239558419431e+03
2.000000000000000000e+01 2.300000000000000000e+01 1.029429299341526712e+04
2.100000000000000000e+01 1.400000000000000000e+01 1.840497903144064912e+04
2.100000000000000000e+01 1.900000000000000000e+01 7.002309475926999767e+03
2.100000000000000000e+01 2.000000000000000000e+01 8.638084129355731420e+03
2.100000000000000000e+01 2.200000000000000000e+01 9.658253115911224086e+03
2.200000000000000000e+01 1.300000000000000000e+01 8.403709363605217732e+03
2.200000000000000000e+01 2.100000000000000000e+01 9.624043996007818350e+03
2.200000000000000000e+01 2.300000000000000000e+01 7.899017324078533420e+03
2.300000000000000000e+01 1.200000000000000000e+01 1.109713162760296109e+04
2.300000000000000000e+01 2.000000000000000000e+01 1.024631470830720536e+04
2.300000000000000000e+01 2.200000000000000000e+01 7.861185898395963704e+03
