i	j	       0	       1	       2	       3	       4	       5	       6	       7	       8	       9	      10	      11	      12	      13	      14	      15	      16	      17	      18	      19	      20	      21	      22	      23
0	1	 2600.08	    0.00	  267.72	  199.98	   17.06	    0.00	    0.01	    0.02	   34.13	  102.42	  199.98	  471.50	  459.17	  100.00	   17.08	    0.02	    0.03	    0.00	    0.02	    0.00	    0.01	    0.07	    0.13	   29.14
0	2	 6199.92	 1167.73	    0.00	    0.22	    0.00	  234.02	  143.46	  249.12	    0.00	    0.00	    0.00	    0.00	    0.00	    0.00	    0.00	  105.88	    0.00	   35.59	    0.00	    0.02	    0.00	    0.00	    0.00	    0.00
1	0	    0.00	 1267.73	    0.00	    0.22	    0.00	  534.02	  643.44	 1049.09	    0.00	    0.00	    0.00	    0.00	    0.00	    0.00	    0.00	  605.86	    0.49	  135.59	    0.03	  299.98	    0.00	    0.02	    0.00	    0.00
1	5	 2500.08	 2732.27	  167.72	    0.00	    0.00	    0.00	    0.00	    0.00	    0.00	    0.00	    0.00	  371.50	  159.17	    0.00	    0.00	    0.00	    0.00	    0.00	    0.00	    0.00	    0.01	    0.03	    0.13	   29.14
2	0	    0.00	    0.00	  367.72	  699.98	  217.06	    0.00	    0.03	    0.05	  534.13	 1402.42	  699.98	  671.50	  959.17	  400.00	  517.08	    0.04	  399.55	    0.00	  299.99	    0.04	  100.01	  400.06	  300.13	  129.14
2	3	 4499.84	  667.59	 1932.23	    0.00	    0.00	    0.04	    0.00	    0.00	    0.00	    0.00	    0.00	 3751.80	 2503.17	    0.08	    0.00	    0.00	    0.00	    0.00	    0.00	    0.00	  202.42	    0.02	    2.59	  470.06
2	11	 1600.08	  400.14	  500.06	 1602.32	  402.97	  500.47	  758.69	 1200.00	 1399.38	  734.24	    0.87	    0.00	    0.00	    0.28	   66.78	  540.65	  207.09	  199.79	   28.62	    0.17	    0.00	    0.00	    0.00	    0.00
3	2	    0.00	    0.00	    0.00	 2302.30	  720.03	  566.48	  715.26	 1150.93	 2033.51	 2436.66	 1000.30	    0.00	    0.00	  499.94	  683.81	  634.80	  706.64	  164.20	  328.61	    0.16	    0.02	    0.07	    0.05	    0.01
3	4	 3198.25	  167.47	 1332.07	 6696.75	    0.00	    0.00	    0.00	    0.00	    0.00	    0.11	  906.00	 3151.05	 1902.72	  200.10	    0.07	    0.00	    0.01	    0.00	    0.02	    0.00	    2.65	    0.17	  199.92	  270.10
3	10	  801.58	  300.16	  400.15	 2600.95	  699.72	  599.62	    0.04	    3.20	    0.37	    0.16	    0.00	    0.75	    0.45	    0.06	    0.06	    0.28	    0.04	    0.02	    0.02	    0.02	    0.02	    0.04	    0.05	    0.02
4	3	    0.00	    0.04	    0.00	    0.00	 1919.75	 1566.06	 1115.30	 1854.13	 2733.88	 3636.47	    0.00	    0.00	    0.00	    0.00	 1182.43	 1435.08	 1206.57	  264.22	  528.03	  300.19	    0.03	  398.24	    0.00	    0.00
4	5	    0.00	    0.00	  526.34	 2131.35	 1259.42	    0.00	    0.02	    0.03	  566.02	 1297.52	  405.52	 1469.09	  584.40	  100.03	  282.79	    0.04	    0.04	    0.00	    0.09	    0.01	    0.01	    0.00	   99.87	   70.84
4	8	 2998.25	  899.67	  705.73	 4065.39	 2920.83	 1399.73	    0.02	    0.10	    0.00	    0.00	    0.48	 1481.96	 1118.32	    0.07	    0.00	    0.06	    0.00	    0.01	    0.00	    0.02	    0.00	    0.00	    0.06	  199.25
5	1	    0.00	    0.00	    0.00	    0.24	   82.94	  934.02	  843.43	 1449.07	  165.87	  497.58	    0.02	    0.00	    0.00	    0.01	   82.92	 1005.85	  200.45	  135.59	  100.01	  399.98	    0.00	   99.97	    0.00	    0.00
5	4	    0.00	  832.25	    0.00	    0.00	    0.00	 3165.79	 1022.38	 1811.61	    0.00	    0.00	    0.00	    0.00	    0.00	    0.00	    0.00	 1462.41	    0.56	  203.00	    0.03	  309.27	    0.00	    0.00	    0.00	    0.00
5	7	 2200.08	 1500.03	  394.06	 1731.12	  976.48	 3500.19	    0.00	    0.00	    0.14	    0.06	    5.50	 1640.59	  543.57	    0.03	    0.00	    0.00	    0.00	    0.00	    0.00	    0.00	    0.00	    0.00	    0.00	    0.00
6	7	    0.00	    0.00	    0.00	    0.00	    0.00	    0.00	 4163.10	    0.00	    0.00	    0.00	    0.00	    0.00	    0.00	  399.71	  599.68	  411.62	  144.08	  999.53	  999.24	 2599.10	  500.03	  799.78	  299.94	  199.97
6	17	  429.90	  335.85	    8.01	  430.30	  118.96	  983.82	 7936.90	 4513.80	  826.78	    0.58	    0.12	  219.58	    0.11	    0.00	    0.00	    0.00	    0.02	    0.00	    0.00	    0.00	    0.00	    0.00	    0.00	    0.00
7	5	    0.00	    0.00	    0.00	    0.00	    0.00	    0.00	 2265.80	 4060.65	    0.00	    0.12	    0.00	    0.00	    0.00	    0.00	    0.14	 3368.22	  700.98	  438.58	  299.95	 1009.24	   99.99	  299.94	    0.00	    0.01
7	6	  929.90	  535.85	  108.01	  830.30	  318.96	 1383.82	    0.00	 5513.80	 1426.73	    1.90	    1.16	  919.52	   68.96	    0.00	    0.00	    0.00	    0.10	    0.00	    0.00	    0.00	    0.00	    0.00	    0.00	    0.00
7	8	    0.00	    0.00	    0.00	    0.00	    0.00	    0.00	  897.30	 3739.29	    0.00	    0.00	    0.00	    0.00	    0.00	    0.00	    0.00	 1289.90	    0.11	  261.29	    0.00	  690.88	    0.18	    0.00	    0.00	    0.00
7	15	  470.51	  564.22	  172.57	  680.88	  425.53	 1316.45	    0.00	 3386.27	  887.59	    0.00	    0.06	  483.80	    0.63	    0.00	    0.00	    0.00	    0.00	    0.00	    0.00	    0.00	    0.00	    0.00	    0.00	    0.00
8	4	    0.00	    0.00	    0.00	    0.00	    0.00	    0.00	  292.96	  542.65	 4099.90	 5933.88	    0.00	    0.00	    0.00	    0.00	 1665.14	  472.76	 1406.03	   61.24	  628.07	   90.95	   97.38	  598.07	    0.00	    0.00
8	7	    0.33	    0.04	   86.52	  480.06	  268.01	    0.09	    0.00	    0.00	 3114.18	 1601.70	  795.72	  362.73	  126.02	    0.00	    0.00	    0.00	    0.22	    0.00	    0.00	    0.00	    0.00	    0.00	    0.00	    0.00
8	9	 2497.92	  699.63	  519.21	 2885.33	 1852.82	  999.64	    4.42	 2396.73	 8985.92	    0.00	    0.00	  519.28	  392.35	    0.00	    0.00	    0.75	    0.00	    0.14	    0.00	    0.29	    0.00	    0.00	    0.00	    0.00
9	8	    0.00	    0.00	    0.00	    0.00	    0.00	    0.00	    0.05	    0.00	    0.00	10335.58	 2195.24	    0.05	    0.05	  599.93	 2665.14	  583.56	 2306.14	    0.08	 1028.07	    0.34	  397.19	 1298.07	  499.94	    0.75
9	10	    0.00	    0.00	    0.00	    0.00	    0.00	    0.00	  499.90	  796.82	 1721.91	 8364.66	    0.00	    0.00	    0.00	    0.00	 1263.38	 1559.73	 1892.88	  199.98	  416.30	  431.17	    1.92	  508.45	    0.00	    0.00
9	14	  798.36	   99.67	   99.80	 1096.55	  597.31	  199.67	    0.00	    0.00	 3078.38	14568.54	 1920.55	  654.30	    4.01	    0.00	    0.00	    0.00	    0.77	    0.00	    0.00	    0.00	    0.00	    0.00	    0.00	    0.00
9	15	    0.00	    0.00	   19.43	   88.87	   55.54	    0.00	    0.00	    0.00	  485.80	 8030.50	 2170.79	  194.90	    0.25	    0.00	    0.00	    0.00	    0.00	    0.00	    0.00	    0.00	    0.00	    0.00	    0.00	    0.00
9	16	  399.56	    0.02	   99.98	  499.91	  199.96	    0.04	    0.08	    0.11	  899.84	 3900.71	  999.80	  599.89	  499.91	    0.06	    0.12	    0.11	    0.00	    0.05	    0.07	    0.14	    0.05	    0.14	    0.05	    0.02
10	3	    0.00	    0.00	    0.00	    0.00	    0.00	    0.00	    0.00	    0.00	    0.00	    0.47	 3406.30	    0.00	    0.00	 1200.01	    1.51	    0.00	    0.13	    0.00	    0.62	    0.00	    0.23	    2.02	  697.43	    0.07
10	9	    0.00	    0.00	    0.00	    0.00	    0.00	    0.00	    0.00	    0.00	    0.00	    0.00	11186.38	 2929.86	 2011.87	 1143.14	    0.00	    0.00	    0.00	    0.00	    0.00	    0.00	    0.00	    0.00	  310.17	   46.78
10	11	    0.00	    0.00	    0.00	  199.78	    0.00	    0.00	    0.00	    0.00	    0.10	 3165.76	 2400.50	    0.00	    0.00	  707.45	  636.62	  160.00	  892.86	    0.02	  272.50	    0.00	    0.00	    0.00	    0.00	    0.00
10	13	  301.69	  100.20	  100.21	 1001.25	  199.74	  199.68	    0.00	    0.03	  322.18	 1198.60	 5306.82	 1045.70	   11.82	    0.00	    0.00	    0.00	    0.04	    0.00	    0.00	    0.00	    0.00	    0.00	    0.00	    0.00
11	2	    0.00	    0.00	    0.00	  199.78	    0.00	    0.00	    0.00	    0.00	    0.00	    0.00	    0.55	 4623.30	 3562.34	    0.42	    0.05	    0.00	    0.00	    0.00	    0.00	    0.03	  302.41	  500.01	  402.68	  599.19
11	10	    0.11	    0.04	    0.05	    0.08	    0.02	    0.07	    0.00	    0.00	    0.00	    0.00	    0.00	 5374.81	 3023.24	    0.00	    0.00	    0.00	    0.00	    0.00	    0.00	    0.00	    0.04	    0.00	    0.00	    0.36
11	12	 1399.97	  300.10	  300.00	 1002.24	  202.95	  300.40	   58.76	  600.00	  799.49	 1900.00	 1000.82	 3901.90	    0.00	    7.44	    3.36	    0.72	  499.96	    0.03	    1.12	    0.04	    0.00	    0.00	    0.00	    0.00
12	11	    0.00	    0.00	    0.00	    0.00	    0.00	    0.00	    0.06	    0.00	    0.00	    0.00	    0.00	    0.00	 7885.58	    0.13	    0.00	    0.06	    0.00	    0.22	    0.00	  499.90	  602.45	 1200.01	 1102.68	 1099.56
12	23	  899.97	    0.10	  200.00	  402.24	    2.95	  100.40	    0.00	    0.00	  199.49	    0.00	    0.82	 2601.90	 6714.42	    0.00	    0.00	    0.00	    0.00	    0.00	    0.00	    0.00	    0.00	    0.00	    0.00	    0.00
13	10	    0.00	    0.00	    0.00	    0.00	    0.00	    0.00	    0.06	    0.00	    0.00	    0.00	    0.00	    0.00	    0.00	 4650.54	  774.70	    0.00	    0.12	    0.02	  256.80	  168.81	  398.26	  593.53	 2307.55	  646.47
13	14	    1.67	    0.21	    0.21	    2.24	    0.05	    0.06	    0.00	    0.00	    0.00	    0.00	 1034.53	  345.70	   95.69	 6208.29	    0.00	    0.00	    0.00	    0.00	    0.00	    0.00	    0.00	    0.00	 1212.51	  128.30
13	22	    0.11	    0.01	    0.02	  499.03	   99.69	   99.63	    0.00	    0.00	  197.40	  822.44	 2672.35	    0.20	    0.00	 3241.17	  427.35	    0.00	  218.40	    0.00	  133.09	    0.00	    0.00	    0.00	    0.00	    0.00
14	9	    0.00	    0.00	    0.00	    0.00	    0.00	    0.00	    0.00	    0.00	    0.00	    0.00	    0.00	    0.00	    0.00	 1556.85	 7928.64	    0.28	    0.76	    0.05	 3244.25	 1702.59	 1599.16	 4406.65	 1989.82	  753.99
14	13	    0.00	    0.00	    0.00	    0.00	    0.00	    0.00	  199.65	  399.30	  475.22	 1723.84	    0.06	    0.00	    0.00	    0.00	 2502.05	  699.38	  918.47	   99.82	  689.88	  666.97	    0.21	  687.07	    0.00	    0.00
14	18	  300.03	    0.05	    0.01	  200.06	  100.03	    0.07	    0.02	    0.03	  400.14	 3267.19	  828.08	  300.05	  276.01	 2898.66	 5899.47	    0.05	    0.39	    0.01	    0.00	    0.05	  554.67	 2899.92	  899.98	  256.11
14	21	    0.00	    0.00	    0.00	  398.72	  297.34	    0.00	    0.00	    0.00	 1303.02	 5577.51	  726.94	    0.00	    0.00	  452.79	 5069.84	    0.22	 2479.48	    0.00	 2104.76	    0.00	    0.00	    0.00	    0.00	    0.00
15	7	    0.00	    0.00	    0.00	    0.00	    0.00	    0.00	    0.00	    0.00	    0.00	    0.25	    0.00	    0.00	    0.00	    0.26	    0.46	 6446.51	 1956.89	    0.33	    0.71	    1.02	    0.14	    0.16	    0.07	    0.04
15	9	    0.00	    0.05	    0.00	    0.00	    0.00	    0.07	 2395.39	    0.20	    0.00	    0.00	    0.00	    0.00	    0.00	    0.00	    0.00	 6540.79	    0.54	  899.67	    0.19	 1228.57	    0.00	    0.00	    0.00	    0.00
15	16	    0.43	  200.05	    0.01	    0.06	    0.03	  500.12	 1000.35	 1401.30	    0.11	    0.48	    0.08	    0.05	    0.00	    0.00	    0.00	 5968.42	    0.00	  600.31	    0.00	 1535.64	  348.94	    0.00	    0.00	  128.18
15	17	    0.02	    0.00	    0.00	    0.02	    0.00	    0.02	    0.00	    0.14	    0.15	 3631.51	  771.14	    0.17	    0.00	    0.03	    0.14	 7144.28	 3761.51	    0.00	    0.31	    0.00	    0.00	    0.00	    0.00	    0.00
16	9	    0.00	    0.00	    0.00	    0.00	    0.00	    0.00	    0.23	    0.00	    0.00	    0.00	    0.00	    0.00	    0.00	    0.00	    0.00	    1.57	 8098.49	    0.24	    0.00	    0.20	    0.00	    0.00	    0.00	    0.00
16	15	    0.00	    0.00	    0.00	    0.00	    0.00	    0.00	    0.00	    0.00	    0.00	    1.40	    0.26	    0.00	    0.00	  690.09	 1183.08	    0.00	 8518.83	    0.00	 1282.28	    0.00	    0.05	    0.10	    0.04	    0.03
16	18	    0.03	    0.08	    0.00	    0.02	    0.01	    0.16	    0.20	    1.41	    0.03	    0.15	    0.00	    0.00	    0.00	    0.00	    0.00	 3166.96	 6782.68	    0.11	    0.00	    0.00	    0.00	    0.00	    0.00	    0.00
17	6	    0.00	    0.00	    0.00	    0.00	    0.00	    0.00	    0.00	    0.00	    0.05	 1898.68	  498.96	    0.06	  331.14	  599.71	 1099.68	 1811.62	 1144.00	 1199.53	 1399.24	 3099.10	  700.03	 1299.78	  499.94	  299.97
17	15	   29.93	   35.88	    8.01	   30.32	   18.95	   83.76	 4795.74	  215.38	   26.87	    0.35	    0.11	   21.53	  599.13	   10.20	   17.52	    0.00	    0.11	 2000.31	   18.92	 4365.22	  949.03	 1200.06	  500.02	  428.20
17	19	  299.99	  299.97	    0.00	  299.99	  100.01	  800.08	 2941.17	 3998.56	  600.01	 1033.26	  172.20	    0.06	    0.07	    0.00	    0.00	 4832.66	 2017.56	 1600.16	    0.00	    0.00	    0.00	    0.00	    0.00	    0.00
18	14	    0.00	    0.17	    0.00	    0.00	    0.00	    0.35	  699.61	  999.25	    0.00	    0.00	    0.00	    0.00	    0.00	    0.00	    0.00	 1899.79	 4898.33	  299.86	 6838.89	 3469.17	    0.15	    0.37	    0.15	    0.07
18	16	    0.04	    0.02	    0.01	    0.05	    0.02	    0.00	    0.00	    0.00	    0.08	    0.35	    0.37	    0.05	    0.09	 1390.03	 2682.96	    0.00	    0.00	    0.00	 2982.21	  164.42	  251.06	 1699.97	  599.99	  171.82
18	19	    0.02	    0.00	    0.00	    0.04	    0.02	    0.02	    0.00	    0.00	    0.09	 1466.99	  427.70	    0.00	    0.00	 1208.64	 2416.51	    0.00	  184.74	    0.00	 2978.90	    0.00	    0.00	    0.00	    0.00	    0.00
19	17	    0.00	    0.00	    0.00	    0.00	    0.00	    0.00	    0.00	    0.00	    0.00	    0.20	    0.01	    1.90	 1030.23	  709.89	 1317.06	    0.00	    0.13	    0.00	 1717.86	 7864.32	 1749.07	 2799.84	 1099.96	  728.17
19	18	    0.00	  100.06	    0.00	    0.00	    0.00	  200.14	 1099.39	 1697.81	    0.00	    0.00	    0.00	    0.00	   24.08	    0.01	    0.00	   32.77	    0.00	  599.74	    0.00	 4833.54	   96.54	    0.41	    0.17	   15.77
19	20	    0.00	    0.00	    0.00	    0.01	    0.02	  100.01	  641.44	  600.34	    0.05	    0.05	    0.02	    0.01	    0.02	    0.02	    0.03	 1499.68	  502.13	  200.31	   61.14	 2700.50	    0.00	    0.07	    0.03	    0.02
19	21	    0.00	   99.91	    0.00	    0.02	    0.01	  199.96	  700.33	  800.42	    0.06	    0.20	    0.04	    0.00	    0.00	    0.00	    0.16	 1700.21	    0.10	  400.11	    0.07	 3101.64	    0.17	    0.00	    0.00	    0.00
20	19	    0.00	    0.00	    0.00	    0.00	    0.00	    0.00	    0.00	    0.00	    0.00	    0.10	    0.02	  401.82	 1654.17	    0.08	    0.16	    0.00	    0.07	    0.00	    0.17	    0.00	 3045.78	    0.23	    0.99	 1143.68
20	21	  261.97	    0.06	   65.49	    0.47	    0.00	    0.03	    0.06	    0.07	    0.00	    0.00	    0.00	  458.45	 1460.15	    0.00	    0.00	    0.15	    0.00	    0.03	    0.00	    0.39	 4756.46	    0.00	    0.00	 1599.63
20	23	    0.00	    0.00	    0.00	    0.00	    0.00	    0.02	  441.38	  200.26	    0.15	  484.30	    0.00	    0.00	    0.00	    0.00	  686.58	  899.61	  209.07	  100.27	  251.53	 1500.11	 3197.77	 2330.51	    0.00	    0.00
21	14	    0.00	    0.00	    0.00	    0.00	    0.00	    0.00	    0.06	    0.08	    0.00	    0.00	    0.00	    0.06	  876.31	    0.00	    0.00	    0.15	    0.00	    0.03	    0.00	    0.44	 2953.89	10593.28	 2677.13	 1281.73
21	19	    0.00	    0.00	    0.00	    0.00	    0.00	    0.00	    0.00	    0.00	    0.00	    0.10	    0.14	    0.03	    0.10	    1.20	    0.57	    0.00	    0.00	    0.00	    0.00	    0.00	    0.00	 5200.10	 1799.16	    0.29
21	20	    0.01	    0.00	    0.00	    0.02	   97.39	    0.00	    0.00	    0.00	  300.11	 1684.36	    1.55	    0.04	    0.00	    0.49	 1486.71	    0.08	  307.01	    0.00	  590.56	    0.00	    0.00	 4130.67	    0.46	    0.00
21	22	    0.00	    0.00	    0.00	    0.00	    0.00	    0.01	  200.33	  300.41	  302.97	 1293.26	    0.00	    0.00	    0.00	    0.00	  982.71	  500.35	  472.58	  100.12	  314.28	  701.59	    2.74	 4475.96	    0.00	    0.00
22	13	    0.08	    0.03	    0.03	    0.02	    0.00	    0.00	    0.41	    0.68	    0.00	    0.00	    0.00	    0.19	  683.86	    0.00	    0.00	    0.62	    0.00	    0.20	    0.01	    1.84	  798.05	 1106.46	 4620.06	 1174.77
22	21	  138.04	    0.03	   34.51	    0.82	    0.05	    0.02	    0.00	    0.00	    0.00	    0.00	  374.71	  241.68	  716.26	  748.90	    0.00	    0.00	    0.00	    0.00	    0.00	    0.00	    0.00	    0.00	 6576.75	  782.39
22	23	    0.01	    0.00	    0.00	    0.02	    0.00	    0.01	    0.16	    0.08	    0.36	  315.70	  997.69	    0.00	    0.00	 1392.26	  410.07	    0.32	   90.97	    0.03	  147.35	    0.55	    0.06	 1269.59	 3303.18	    0.00
23	12	    0.00	    0.00	    0.00	    0.00	    0.00	    0.00	  341.31	    0.00	    0.00	    0.00	    0.00	    0.00	    0.00	  592.69	  696.64	  599.34	    0.04	  100.19	  298.88	 1099.86	 1202.45	 2500.01	 1902.68	 1799.56
23	20	  361.95	    0.06	   65.49	  200.44	    2.59	    0.03	    0.00	    0.00	    0.00	    0.00	  398.46	 1160.22	 3714.30	  399.57	    0.00	    0.00	    0.00	    0.00	    0.00	    0.00	    0.00	    0.00	  700.51	 3243.28
23	22	  438.03	    0.04	  134.51	    1.83	    0.36	    0.40	    0.23	    0.35	    0.00	    0.00	    0.05	  941.67	 2200.12	    0.00	    0.00	    0.58	    0.00	    0.12	    0.00	    0.80	 1495.37	    0.09	    0.00	 2657.16
