i	j	o21d23l72
0	1	 4495.82
0	2	 8119.96
1	0	 4520.27
1	5	 5966.97
2	0	 8095.51
2	3	14020.44
2	11	10035.39
3	2	14042.74
3	4	18018.66
3	10	 5207.95
4	3	18039.71
4	5	 8796.31
4	8	15788.47
5	1	 5991.42
5	4	 8804.61
5	7	12491.89
6	7	12101.72
6	17	15805.90
7	5	12524.64
7	6	12043.28
7	8	 6880.79
7	15	 8384.91
8	4	15801.23
8	7	 6836.29
8	9	21751.12
9	8	21819.38
9	10	17729.59
9	14	23130.04
9	15	11045.88
9	16	 8100.27
10	3	 5309.20
10	9	17602.94
10	11	 8366.55
10	13	 9777.43
11	2	 9988.63
11	10	 8403.33
11	12	12302.16
12	11	12392.18
12	23	11120.47
13	10	 9815.25
13	14	 9037.12
13	22	 8397.78
14	9	23197.92
14	13	 9078.02
14	18	19083.75
14	21	18403.30
15	7	 8403.72
15	9	11072.36
15	16	11688.66
15	17	15289.48
16	9	 8100.82
16	15	11675.61
16	18	 9952.92
17	6	15864.34
17	15	15347.82
17	19	18992.64
18	14	19118.67
18	16	 9940.42
18	19	 8684.28
19	17	19009.42
19	18	 8706.70
19	20	 6305.25
19	21	 7001.53
20	19	 6244.11
20	21	 8618.50
20	23	10307.85
21	14	18377.16
21	19	 7001.87
21	20	 8608.34
21	22	 9659.20
22	13	 8394.70
22	21	 9623.24
22	23	 7899.39
23	12	11110.49
23	20	10256.87
23	22	 7860.35
