0.000000000000000000e+00 1.000000000000000000e+00 4.601242469362282463e+03
0.000000000000000000e+00 2.000000000000000000e+00 8.225965807715669143e+03
1.000000000000000000e+00 0.000000000000000000e+00 4.626146469289135894e+03
1.000000000000000000e+00 5.000000000000000000e+00 5.798654376511750343e+03
2.000000000000000000e+00 0.000000000000000000e+00 8.201061807788817532e+03
2.000000000000000000e+00 3.000000000000000000e+00 1.419336371571781092e+04
2.000000000000000000e+00 1.100000000000000000e+01 1.004187891434522680e+04
3.000000000000000000e+00 2.000000000000000000e+00 1.421643262636266445e+04
3.000000000000000000e+00 4.000000000000000000e+00 1.819376303776445639e+04
3.000000000000000000e+00 1.000000000000000000e+01 5.208366873152173866e+03
4.000000000000000000e+00 3.000000000000000000e+00 1.821751722716080621e+04
4.000000000000000000e+00 5.000000000000000000e+00 8.722238126754944460e+03
4.000000000000000000e+00 8.000000000000000000e+00 1.576310574599648317e+04
5.000000000000000000e+00 1.000000000000000000e+00 5.823558376438601044e+03
5.000000000000000000e+00 4.000000000000000000e+00 8.729647191702755663e+03
5.000000000000000000e+00 7.000000000000000000e+00 1.252270692770301139e+04
6.000000000000000000e+00 7.000000000000000000e+00 1.211985872563853445e+04
6.000000000000000000e+00 1.700000000000000000e+01 1.579807926224118091e+04
7.000000000000000000e+00 5.000000000000000000e+00 1.255501999257766875e+04
7.000000000000000000e+00 6.000000000000000000e+00 1.205714572765586126e+04
7.000000000000000000e+00 8.000000000000000000e+00 6.871427957922463975e+03
7.000000000000000000e+00 1.500000000000000000e+01 8.389971748675927302e+03
8.000000000000000000e+00 4.000000000000000000e+00 1.577945087044503452e+04
8.000000000000000000e+00 7.000000000000000000e+00 6.823312042642070992e+03
8.000000000000000000e+00 9.000000000000000000e+00 2.173775787605539881e+04
9.000000000000000000e+00 8.000000000000000000e+00 2.180598708522357629e+04
9.000000000000000000e+00 1.000000000000000000e+01 1.772582716681154852e+04
9.000000000000000000e+00 1.400000000000000000e+01 2.312287950734529295e+04
9.000000000000000000e+00 1.500000000000000000e+01 1.104295865281227634e+04
9.000000000000000000e+00 1.600000000000000000e+01 8.100181389890391074e+03
1.000000000000000000e+01 3.000000000000000000e+00 5.307681594400675749e+03
1.000000000000000000e+01 9.000000000000000000e+00 1.760311678911404306e+04
1.000000000000000000e+01 1.100000000000000000e+01 8.363679481119692355e+03
1.000000000000000000e+01 1.300000000000000000e+01 9.773915020621605436e+03
1.100000000000000000e+01 2.000000000000000000e+00 9.993906003773534394e+03
1.100000000000000000e+01 1.000000000000000000e+01 8.402771017725828642e+03
1.100000000000000000e+01 1.200000000000000000e+01 1.230445006051393648e+04
1.200000000000000000e+01 1.100000000000000000e+01 1.239556868654837126e+04
1.200000000000000000e+01 2.300000000000000000e+01 1.111625696607955979e+04
1.300000000000000000e+01 1.000000000000000000e+01 9.811427827566478300e+03
1.300000000000000000e+01 1.400000000000000000e+01 9.035083293450124984e+03
1.300000000000000000e+01 2.200000000000000000e+01 8.397945406069216915e+03
1.400000000000000000e+01 9.000000000000000000e+00 2.318880414743872097e+04
1.400000000000000000e+01 1.300000000000000000e+01 9.077922628523248932e+03
1.400000000000000000e+01 1.800000000000000000e+01 1.907061440647895142e+04
1.400000000000000000e+01 2.100000000000000000e+01 1.840359538149764558e+04
1.500000000000000000e+01 7.000000000000000000e+00 8.407687730848294450e+03
1.500000000000000000e+01 9.000000000000000000e+00 1.106792828143752558e+04
1.500000000000000000e+01 1.600000000000000000e+01 1.168766912889374544e+04
1.500000000000000000e+01 1.700000000000000000e+01 1.530041993467302927e+04
1.600000000000000000e+01 9.000000000000000000e+00 8.100226708037363096e+03
1.600000000000000000e+01 1.500000000000000000e+01 1.167577458383570047e+04
1.600000000000000000e+01 1.800000000000000000e+01 9.954109442732325988e+03
1.700000000000000000e+01 6.000000000000000000e+00 1.586079226022385228e+04
1.700000000000000000e+01 1.500000000000000000e+01 1.535500009052869427e+04
1.700000000000000000e+01 1.900000000000000000e+01 1.898502048249614018e+04
1.800000000000000000e+01 1.400000000000000000e+01 1.910471709478413686e+04
1.800000000000000000e+01 1.600000000000000000e+01 9.942260215821259408e+03
1.800000000000000000e+01 1.900000000000000000e+01 8.684659230656563523e+03
1.900000000000000000e+01 1.700000000000000000e+01 1.900231363633447472e+04
1.900000000000000000e+01 1.800000000000000000e+01 8.706912692050684200e+03
1.900000000000000000e+01 2.000000000000000000e+01 6.303641989604469927e+03
1.900000000000000000e+01 2.100000000000000000e+01 7.001438508011733575e+03
2.000000000000000000e+01 1.900000000000000000e+01 6.241188912551807334e+03
2.000000000000000000e+01 2.100000000000000000e+01 8.619044430939908125e+03
2.000000000000000000e+01 2.300000000000000000e+01 1.030431197839384004e+04
2.100000000000000000e+01 1.400000000000000000e+01 1.837825666835902666e+04
2.100000000000000000e+01 1.900000000000000000e+01 7.003438200296845935e+03
2.100000000000000000e+01 2.000000000000000000e+01 8.606914155832164397e+03
2.100000000000000000e+01 2.200000000000000000e+01 9.657924790618922998e+03
2.200000000000000000e+01 1.300000000000000000e+01 8.392618877940953098e+03
2.200000000000000000e+01 2.100000000000000000e+01 9.622455494657680902e+03
2.200000000000000000e+01 2.300000000000000000e+01 7.898222236227618851e+03
2.300000000000000000e+01 1.200000000000000000e+01 1.110737559211399275e+04
2.300000000000000000e+01 2.000000000000000000e+01 1.025398917644890935e+04
2.300000000000000000e+01 2.200000000000000000e+01 7.857426412138105661e+03
