i	j	       0	       1	       2	       3	       4	       5	       6	       7	       8	       9	      10	      11	      12	      13	      14	      15	      16	      17	      18	      19	      20	      21	      22	      23
0	1	 2600.14	    0.00	  266.06	  199.98	   15.78	    0.00	    0.01	    0.01	   31.55	   94.96	  200.02	  476.70	  461.71	  100.01	   15.84	    0.01	    0.01	    0.00	    0.04	    0.00	    0.01	    0.11	    0.24	   28.88
0	2	 6199.86	 1158.82	    0.00	    0.00	    0.00	  231.73	  144.18	  252.07	    0.00	    0.00	    0.00	    0.00	    0.00	    0.00	    0.00	  112.00	    0.00	   35.82	    0.00	    0.00	    0.00	    0.00	    0.00	    0.00
1	0	    0.00	 1258.82	    0.00	    0.00	    0.00	  531.73	  644.16	 1052.04	    0.00	    0.00	    0.00	    0.00	    0.00	    0.00	    0.00	  611.99	    0.34	  135.82	    0.02	  299.92	    0.00	    0.00	    0.00	    0.00
1	5	 2500.14	 2741.18	  166.06	    0.00	    0.00	    0.00	    0.00	    0.00	    0.00	    0.00	    0.04	  376.70	  161.71	    0.01	    0.00	    0.00	    0.00	    0.00	    0.00	    0.00	    0.01	    0.03	    0.24	   28.88
2	0	    0.00	    0.00	  366.06	  699.98	  215.78	    0.00	    0.03	    0.04	  531.55	 1394.96	  700.02	  676.70	  961.71	  400.01	  515.84	    0.03	  399.67	    0.00	  300.02	    0.08	  100.01	  400.11	  300.24	  128.88
2	3	 4499.43	  658.59	 1933.74	    0.00	    0.00	    0.00	    0.00	    0.00	    0.00	    0.00	    0.00	 3735.19	 2507.08	    0.08	    0.00	    0.00	    0.00	    0.00	    0.00	    0.00	  293.88	    0.16	    2.52	  470.83
2	11	 1600.42	  400.23	  500.20	 1601.90	  402.75	  500.41	  701.13	 1200.00	 1399.63	  805.74	    0.64	    0.00	    0.00	    0.21	   61.88	  550.76	  227.26	  199.36	   52.99	    0.09	    0.00	    0.00	    0.00	    0.00
3	2	    0.00	    0.00	    0.00	 2501.88	  718.53	  568.68	  656.98	 1147.98	 2031.18	 2500.61	 1000.49	    0.00	    0.00	  500.08	  677.65	  638.79	  726.91	  163.54	  353.00	    0.10	    0.00	    0.04	    0.03	    0.00
3	4	 3197.16	  158.60	 1333.48	 6696.13	    0.00	    0.00	    0.00	    0.00	    0.00	    0.00	  905.09	 3134.84	 1906.83	  200.01	    0.02	    0.00	    0.00	    0.00	    0.01	    0.00	   93.91	    0.03	  199.76	  270.83
3	10	  802.27	  300.02	  400.26	 2401.99	  699.83	  599.67	    0.08	    3.76	    0.28	    0.15	    0.00	    0.36	    0.25	    0.06	    0.05	    0.10	    0.04	    0.01	    0.01	    0.02	    0.01	    0.04	    0.05	    0.02
4	3	    0.00	    0.04	    0.00	    0.00	 1918.36	 1568.34	 1057.05	 1851.74	 2731.46	 3698.24	    0.00	    0.00	    0.00	    0.00	 1176.48	 1438.89	 1226.20	  263.56	  552.48	  300.12	    0.03	  399.20	    0.00	    0.00
4	5	    0.00	    0.00	  524.06	 2133.11	 1262.16	    0.00	    0.01	    0.03	  568.58	 1304.99	  403.93	 1444.56	  596.36	  100.01	  284.13	    0.03	    0.04	    0.00	    0.08	    0.01	    0.01	    0.00	   99.76	   71.11
4	8	 2997.16	  899.71	  709.42	 4063.01	 2919.48	 1399.64	    0.02	    0.09	    0.00	    0.00	    1.16	 1490.28	 1110.47	    0.00	    0.00	    0.05	    0.00	    0.01	    0.00	    0.02	    0.00	    0.00	    0.00	  199.73
5	1	    0.00	    0.00	    0.00	    0.02	   84.22	  931.73	  844.15	 1452.02	  168.45	  505.04	    0.02	    0.00	    0.00	    0.01	   84.16	 1011.97	  200.33	  135.82	   99.98	  399.92	    0.00	   99.92	    0.00	    0.00
5	4	    0.00	  841.15	    0.00	    0.00	    0.00	 3167.98	  972.73	 1821.07	    0.00	    0.00	    0.00	    0.00	    0.00	    0.00	    0.00	 1488.69	    0.06	  203.86	    0.02	  310.49	    0.00	    0.00	    0.00	    0.00
5	7	 2200.14	 1500.03	  390.12	 1733.10	  977.94	 3500.28	    0.00	    0.00	    0.13	    0.06	    3.96	 1621.26	  558.07	    0.02	    0.00	    0.00	    0.00	    0.00	    0.00	    0.00	    0.00	    0.00	    0.00	    0.00
6	7	    0.00	    0.00	    0.00	    0.00	    0.00	    0.00	 4106.12	    0.00	    0.00	    0.00	    0.00	    0.00	    0.00	  399.75	  599.64	  459.96	  155.03	  999.31	  999.33	 2599.64	  499.97	  799.89	  299.98	  199.99
6	17	  427.73	  333.43	    7.96	  431.77	  119.88	  978.22	 7993.88	 4499.94	  823.36	    0.57	    0.11	  219.41	    0.03	    0.00	    0.00	    0.00	    0.02	    0.00	    0.00	    0.00	    0.00	    0.00	    0.00	    0.00
7	5	    0.00	    0.00	    0.00	    0.00	    0.00	    0.00	 2216.87	 4073.07	    0.00	    0.11	    0.00	    0.00	    0.00	    0.00	    0.04	 3400.63	  700.35	  439.67	  299.93	 1010.39	   99.99	  299.89	    0.00	    0.01
7	6	  927.73	  533.43	  107.96	  831.77	  319.88	 1378.22	    0.00	 5499.94	 1423.31	    3.35	    1.07	  919.34	   88.28	    0.00	    0.00	    0.00	    0.10	    0.00	    0.00	    0.00	    0.00	    0.00	    0.00	    0.00
7	8	    0.00	    0.00	    0.00	    0.00	    0.00	    0.00	  889.25	 3726.87	    0.00	    0.00	    0.00	    0.00	    0.00	    0.00	    0.00	 1321.28	    0.00	  259.74	    0.00	  689.52	    0.03	    0.06	    0.00	    0.00
7	15	  472.48	  566.64	  170.78	  675.00	  421.85	 1322.14	    0.00	 3400.13	  873.92	    0.00	    0.05	  476.34	    0.06	    0.00	    0.00	    0.00	    0.00	    0.00	    0.00	    0.00	    0.00	    0.00	    0.00	    0.00
8	4	    0.00	    0.00	    0.00	    0.00	    0.00	    0.00	  284.36	  530.78	 4100.04	 6003.23	    0.00	    0.00	    0.00	    0.00	 1660.59	  450.28	 1426.17	   59.71	  652.53	   89.67	    6.12	  599.17	    0.00	    0.00
8	7	    0.07	    0.04	   88.63	  473.67	  263.79	    0.08	    0.00	    0.00	 3097.11	 1603.17	  797.17	  374.42	  130.27	    0.00	    0.00	    0.00	    0.20	    0.00	    0.00	    0.00	    0.00	    0.00	    0.00	    0.00
8	9	 2497.09	  699.68	  520.79	 2889.34	 1855.69	  999.56	    4.96	 2396.17	 9002.85	    0.00	    0.00	  515.96	  380.30	    0.00	    0.00	    0.22	    0.00	    0.06	    0.00	    0.00	    0.00	    0.00	    0.00	    0.00
9	8	    0.00	    0.00	    0.00	    0.00	    0.00	    0.00	    0.05	    0.00	    0.00	10406.40	 2196.01	    0.10	    0.10	  600.00	 2660.59	  529.17	 2326.37	    0.02	 1052.53	    0.13	  306.09	 1299.11	  500.00	    0.27
9	10	    0.00	    0.00	    0.00	    0.00	    0.00	    0.00	  499.92	  796.26	 1725.76	 8296.91	    0.00	    0.00	    0.00	    0.00	 1258.43	 1549.05	 1873.39	  199.98	  582.20	  426.11	    2.00	  505.79	    0.00	    0.00
9	14	  798.59	   99.76	   99.83	 1097.69	  597.55	  199.65	    0.00	    0.00	 3074.23	14595.42	 1933.38	  658.80	    2.44	    0.00	    0.00	    0.00	    0.72	    0.00	    0.00	    0.00	    0.00	    0.00	    0.00	    0.00
9	15	    0.11	    0.00	   21.26	   93.25	   58.28	    0.00	    0.00	    0.00	  503.02	 8000.83	 2157.14	  203.50	    0.11	    0.00	    0.00	    0.00	    0.00	    0.00	    0.00	    0.00	    0.00	    0.00	    0.00	    0.00
9	16	  399.56	    0.01	   99.98	  499.91	  199.96	    0.04	    0.07	    0.10	  899.84	 3900.45	  999.45	  599.89	  499.91	    0.09	    0.11	    0.10	    0.00	    0.04	    0.06	    0.13	    0.04	    0.13	    0.04	    0.02
10	3	    0.00	    0.00	    0.00	    0.00	    0.00	    0.00	    0.00	    0.00	    0.00	    2.52	 3405.58	    0.00	    0.00	 1200.07	    1.24	    0.00	    0.75	    0.00	    0.54	    0.00	    0.03	    0.76	  697.31	    0.03
10	9	    1.17	    0.05	    0.28	    1.51	    0.10	    0.07	    0.00	    0.00	    0.00	    0.00	11185.97	 2946.33	 2022.25	 1033.75	    0.00	    0.00	    0.00	    0.00	    0.00	    0.00	    0.00	    0.00	  346.32	   52.25
10	11	    0.00	    0.00	    0.00	    0.00	    0.00	    0.00	    0.00	    0.00	    0.10	 3094.34	 2400.16	    0.00	    0.00	  701.81	  639.14	  149.27	  872.73	    0.02	  546.99	    0.00	    0.00	    0.00	    0.00	    0.00
10	13	  301.53	  100.13	  100.20	 1000.55	  199.74	  199.66	    0.00	    0.02	  325.95	 1200.19	 5308.28	 1041.54	    7.30	    0.00	    0.00	    0.00	    0.04	    0.00	    0.00	    0.00	    0.00	    0.00	    0.00	    0.00
11	2	    0.00	    0.00	    0.00	    0.00	    0.00	    0.00	    0.00	    0.00	    0.00	    0.08	    0.17	 4611.90	 3568.79	    0.21	    0.07	    0.00	    0.03	    0.00	    0.01	    0.06	  393.88	  500.23	  402.73	  599.71
11	10	    0.43	    0.16	    0.21	    0.07	    0.02	    0.06	    0.00	    0.00	    0.00	    0.00	    0.00	 5387.51	 3029.31	    0.00	    0.00	    0.00	    0.00	    0.00	    0.00	    0.00	    0.04	    0.00	    0.00	    0.45
11	12	 1399.99	  300.07	  299.99	 1001.83	  202.73	  300.35	    1.28	  600.00	  799.72	 1900.00	 1000.63	 3900.59	    0.00	    2.20	    1.01	    0.36	  499.96	    0.02	  300.00	    0.00	    0.00	    0.00	    0.00	    0.00
12	11	    0.00	    0.00	    0.00	    0.00	    0.00	    0.00	    0.15	    0.00	    0.00	    0.00	    0.00	    0.00	 7898.10	    0.40	    0.06	    0.33	    0.00	    0.64	    0.03	  499.98	  693.92	 1200.23	 1102.73	 1100.16
12	23	  899.99	    0.07	  199.99	  401.83	    2.73	  100.35	    0.00	    0.00	  199.72	    0.00	    0.63	 2600.59	 6701.90	    0.00	    0.00	    0.00	    0.00	    0.00	    0.00	    0.00	    0.00	    0.00	    0.00	    0.00
13	10	    0.00	    0.00	    0.00	    0.00	    0.00	    0.00	    0.00	    0.00	    0.00	    0.00	    0.00	    0.00	    0.00	 4535.56	  781.90	    0.12	    0.09	    0.02	  365.32	  173.87	  397.97	  594.93	 2343.58	  651.81
13	14	    1.44	    0.13	    0.18	    1.94	    0.04	    0.03	    0.00	    0.00	    0.00	    0.00	 1011.34	  341.26	   86.50	 6323.16	    0.00	    0.00	    0.00	    0.00	    0.00	    0.00	    0.00	    0.00	 1160.63	  107.07
13	22	    0.10	    0.01	    0.02	  498.63	   99.71	   99.64	    0.00	    0.00	  190.16	  791.47	 2697.00	    0.30	    0.29	 3241.28	  411.09	    0.00	  207.11	    0.00	  101.36	    0.00	    0.00	    0.00	    0.00	    0.00
14	9	    0.00	    0.00	    0.00	    0.00	    0.00	    0.00	    0.00	    0.00	    0.00	    0.00	    0.00	    0.00	    0.00	 1666.35	 7919.13	    0.27	    0.79	    0.05	 3434.62	 1628.14	 1508.14	 4405.02	 1953.73	  748.04
14	13	    0.00	    0.00	    0.00	    0.00	    0.01	    0.00	  199.74	  399.47	  464.20	 1691.28	    0.00	    0.00	    0.00	    0.00	 2492.99	  699.26	  907.15	   99.87	  766.67	  672.96	    0.17	  670.16	    0.00	    0.00
14	18	  300.03	    0.07	    0.01	  200.07	  100.03	    0.04	    0.02	    0.03	  400.14	 3295.77	  841.94	  300.06	  279.17	 2897.78	 5899.27	    0.05	    0.37	    0.01	    0.00	    0.05	  552.92	 2899.69	  899.95	  258.43
14	21	    0.00	    0.00	    0.00	  399.56	  297.55	    0.00	    0.00	    0.00	 1309.88	 5608.37	  702.77	    0.00	    0.00	  459.03	 5088.61	    0.21	 2579.39	    0.00	 1865.00	    0.00	    0.00	    0.00	    0.00	    0.00
15	7	    0.00	    0.00	    0.00	    0.00	    0.00	    0.00	    0.00	    0.00	    0.00	    0.24	    0.00	    0.00	    0.00	    0.23	    0.40	 6461.94	 1945.22	    0.10	    0.60	    0.28	    0.04	    0.06	    0.03	    0.02
15	9	    0.00	    0.05	    0.00	    0.00	    0.00	    0.06	 2394.89	    0.19	    0.00	    0.00	    0.00	    0.00	    0.00	    0.00	    0.00	 6477.00	    0.51	  899.81	    0.17	 1297.88	    0.00	    0.00	    0.00	    0.00
15	16	    0.42	  199.98	    0.01	    0.06	    0.02	  500.01	 1000.29	 1400.17	    0.10	    0.45	    0.08	    0.05	    0.00	    0.00	    0.00	 5932.32	    0.00	  600.18	    0.00	 1538.49	  348.59	    0.24	    0.03	  125.89
15	17	    0.04	    0.02	    0.00	    0.04	    0.01	    0.07	    0.00	    0.34	    0.18	 3601.60	  757.42	    0.07	    0.01	    0.10	    0.34	 7228.75	 3733.93	    0.00	    0.35	    0.00	    0.00	    0.00	    0.00	    0.00
16	9	    0.00	    0.00	    0.00	    0.00	    0.00	    0.00	    0.20	    0.00	    0.00	    0.00	    0.00	    0.00	    0.00	    0.00	    0.00	    0.84	 8099.18	    0.13	    0.00	    0.35	    0.00	    0.00	    0.00	    0.00
16	15	    0.00	    0.00	    0.00	    0.00	    0.00	    0.00	    0.00	    0.00	    0.00	    1.13	    0.08	    0.00	    0.00	  690.34	 1184.14	    0.00	 8479.55	    0.00	 1283.19	    0.00	    0.05	    0.10	    0.04	    0.02
16	18	    0.02	    0.02	    0.00	    0.02	    0.01	    0.05	    0.16	    0.27	    0.03	    0.14	    0.00	    0.00	    0.00	    0.00	    0.00	 3131.58	 6821.26	    0.09	    0.00	    0.00	    0.00	    0.00	    0.00	    0.00
17	6	    0.00	    0.00	    0.00	    0.00	    0.00	    0.00	    0.00	    0.00	    0.05	 1897.22	  499.04	    0.07	  311.75	  599.75	 1099.64	 1859.96	 1154.95	 1199.31	 1399.33	 3099.64	  699.97	 1299.89	  499.98	  299.99
17	15	   27.87	   33.41	    7.96	   31.85	   19.90	   78.00	 4795.17	  200.57	   23.34	    0.33	    0.22	   20.28	  599.84	    9.99	   16.60	    0.00	    0.10	 2000.09	   17.93	 4436.65	  948.58	 1200.20	  500.02	  425.88
17	19	  299.90	  300.04	    0.00	  299.96	   99.99	  800.29	 2998.71	 3999.71	  600.16	 1004.81	  158.39	    0.04	    0.00	    0.00	    0.00	 4868.78	 1979.02	 1600.60	    0.00	    0.00	    0.00	    0.00	    0.00	    0.00
18	14	    0.00	    0.18	    0.00	    0.00	    0.00	    0.37	  699.70	  999.43	    0.00	    0.00	    0.00	    0.00	    0.00	    0.00	    0.00	 1899.64	 4986.98	  299.90	 6866.29	 3400.75	    0.14	    0.34	    0.14	    0.06
18	16	    0.04	    0.02	    0.01	    0.05	    0.02	    0.00	    0.00	    0.00	    0.09	    0.38	    0.55	    0.06	    0.09	 1390.25	 2684.02	    0.00	    0.00	    0.00	 2983.12	  161.73	  251.42	 1699.73	  599.96	  174.11
18	19	    0.01	    0.00	    0.00	    0.03	    0.01	    0.02	    0.00	    0.00	    0.08	 1495.53	  441.39	    0.00	    0.00	 1207.54	 2415.25	    0.00	  134.65	    0.00	 2950.59	    0.00	    0.00	    0.00	    0.00	    0.00
19	17	    0.00	    0.00	    0.00	    0.00	    0.00	    0.00	    0.00	    0.00	    0.00	    0.19	    0.13	    0.90	 1011.55	  709.64	 1315.90	    0.00	    0.13	    0.00	 1716.91	 7936.28	 1748.55	 2800.09	 1100.00	  725.88
19	18	    0.00	  100.12	    0.00	    0.00	    0.00	  200.30	 1099.52	 1699.13	    0.00	    0.00	    0.00	    0.00	   20.92	    0.01	    0.00	   68.02	    0.00	  599.80	    0.00	 4762.44	   98.64	    0.39	    0.15	   15.74
19	20	    0.01	    0.00	    0.00	    0.02	    0.01	  100.01	  699.16	  600.41	    0.13	    0.15	    0.05	    0.04	    0.02	    0.05	    0.10	 1500.60	  413.39	  200.77	   33.76	 2701.02	    0.00	    0.22	    0.09	    0.02
19	21	    0.00	   99.92	    0.00	    0.01	    0.01	  200.01	  700.03	  800.16	    0.11	    0.19	    0.04	    0.00	    0.00	    0.00	    0.15	 1700.17	    0.22	  400.02	    0.07	 3100.27	    0.16	    0.00	    0.00	    0.00
20	19	    0.06	    0.00	    0.00	    0.00	    0.00	    0.00	    0.00	    0.00	    0.00	    0.09	    0.02	  400.62	 1631.86	    0.08	    0.15	    0.00	    0.06	    0.00	    0.16	    0.00	 3046.26	    2.24	    4.02	 1141.02
20	21	  265.91	    0.04	   66.48	    0.04	    0.00	    0.03	    0.05	    0.07	    0.00	    0.00	    0.00	  465.35	 1479.58	    0.00	    0.00	    0.14	    0.00	    0.03	    0.00	    0.36	 4663.79	    0.00	    0.00	 1619.16
20	23	    0.00	    0.00	    0.00	    0.00	    0.00	    0.02	  499.11	  200.34	    0.12	  482.90	    0.00	    0.00	    0.00	    0.00	  685.56	  900.53	  203.60	  100.74	   62.45	 1500.66	 3289.95	 2353.91	    0.00	    0.00
21	14	    0.00	    0.00	    0.00	    0.00	    0.00	    0.00	    0.05	    0.07	    0.00	    0.00	    0.00	    0.00	  890.23	    0.00	    0.00	    0.14	    0.00	    0.03	    0.00	    0.40	 2861.09	10574.52	 2692.90	 1299.34
21	19	    0.03	    0.00	    0.00	    0.04	    0.02	    0.00	    0.00	    0.00	    0.00	    0.09	    0.41	    0.29	    0.63	    2.09	    0.75	    0.00	    0.00	    0.00	    0.00	    0.00	    1.09	 5198.45	 1796.22	    0.62
21	20	    0.00	    0.00	    0.00	    0.00	   97.59	    0.00	    0.00	    0.00	  299.98	 1682.80	    2.20	    0.00	    0.00	    0.61	 1485.61	    0.07	  390.28	    0.00	  428.85	    0.00	    0.00	 4155.94	    0.63	    0.00
21	22	    0.00	    0.00	    0.00	    0.00	    0.00	    0.03	  200.03	  300.16	  310.02	 1325.67	    0.00	    0.00	    0.00	    0.00	 1002.40	  500.31	  489.33	  100.03	  236.22	  700.23	    1.77	 4471.09	    0.00	    0.00
22	13	    0.01	    0.00	    0.00	    0.02	    0.00	    0.00	    0.26	    0.50	    0.00	    0.00	    0.06	    0.03	  679.49	    0.00	    0.00	    0.86	    0.00	    0.15	    0.01	    0.91	  797.80	 1124.77	 4604.21	 1158.88
22	21	  134.12	    0.05	   33.52	    0.42	    0.05	    0.00	    0.00	    0.00	    0.00	    0.00	  399.79	  234.94	  711.28	  743.66	    0.00	    0.00	    0.00	    0.00	    0.00	    0.00	    0.00	    0.00	 6589.75	  780.80
22	23	    0.01	    0.00	    0.00	    0.02	    0.00	    0.01	    0.02	    0.03	    0.17	  317.15	  997.26	    0.04	    0.00	 1397.62	  413.49	    0.07	   96.44	    0.00	   37.57	    0.18	    0.05	 1246.40	 3306.04	    0.00
23	12	    0.00	    0.00	    0.00	    0.00	    0.00	    0.00	  398.87	    0.00	    0.00	    0.00	    0.00	    0.00	    0.00	  598.20	  699.05	  599.97	    0.04	  100.62	    0.03	 1099.98	 1293.92	 2500.23	 1902.73	 1800.16
23	20	  365.96	    0.03	   66.48	  200.01	    2.40	    0.03	    0.00	    0.00	    0.01	    0.04	  397.78	 1165.93	 3711.42	  399.42	    0.00	    0.00	    0.00	    0.00	    0.00	    0.00	    0.00	    0.00	  703.31	 3260.16
23	22	  434.04	    0.04	  133.51	    1.83	    0.34	    0.34	    0.25	    0.37	    0.00	    0.00	    0.11	  934.71	 2190.47	    0.00	    0.00	    0.62	    0.00	    0.12	    0.00	    0.86	 1496.08	    0.08	    0.00	 2639.68
