0.000000000000000000e+00 1.000000000000000000e+00 4.494582455380032115e+03
0.000000000000000000e+00 2.000000000000000000e+00 8.117825918273304524e+03
1.000000000000000000e+00 0.000000000000000000e+00 4.518832492645720777e+03
1.000000000000000000e+00 5.000000000000000000e+00 5.978102531126439317e+03
2.000000000000000000e+00 0.000000000000000000e+00 8.093575881007613134e+03
2.000000000000000000e+00 3.000000000000000000e+00 1.409735570139150877e+04
2.000000000000000000e+00 1.100000000000000000e+01 1.012547462404643193e+04
3.000000000000000000e+00 2.000000000000000000e+00 1.412022238628264677e+04
3.000000000000000000e+00 4.000000000000000000e+00 1.809715097408025031e+04
3.000000000000000000e+00 1.000000000000000000e+01 5.210704301138618575e+03
4.000000000000000000e+00 3.000000000000000000e+00 1.812196341368301728e+04
4.000000000000000000e+00 5.000000000000000000e+00 8.796290633984326632e+03
4.000000000000000000e+00 8.000000000000000000e+00 1.578158366191432287e+04
5.000000000000000000e+00 1.000000000000000000e+00 6.002352568392123430e+03
5.000000000000000000e+00 4.000000000000000000e+00 8.806004471339387237e+03
5.000000000000000000e+00 7.000000000000000000e+00 1.249095446128353797e+04
6.000000000000000000e+00 7.000000000000000000e+00 1.210282405191342878e+04
6.000000000000000000e+00 1.700000000000000000e+01 1.575986121186180208e+04
7.000000000000000000e+00 5.000000000000000000e+00 1.252491833590427268e+04
7.000000000000000000e+00 6.000000000000000000e+00 1.204489748045064152e+04
7.000000000000000000e+00 8.000000000000000000e+00 6.883797696007050945e+03
7.000000000000000000e+00 1.500000000000000000e+01 8.383233377435572038e+03
8.000000000000000000e+00 4.000000000000000000e+00 1.579668226416202742e+04
8.000000000000000000e+00 7.000000000000000000e+00 6.836967698616707821e+03
8.000000000000000000e+00 9.000000000000000000e+00 2.173902052135326448e+04
9.000000000000000000e+00 8.000000000000000000e+00 2.180728912621063137e+04
9.000000000000000000e+00 1.000000000000000000e+01 1.772610017926085493e+04
9.000000000000000000e+00 1.400000000000000000e+01 2.312152041953660591e+04
9.000000000000000000e+00 1.500000000000000000e+01 1.104784733064121065e+04
9.000000000000000000e+00 1.600000000000000000e+01 8.100231430690898378e+03
1.000000000000000000e+01 3.000000000000000000e+00 5.308758546426985959e+03
1.000000000000000000e+01 9.000000000000000000e+00 1.760213277369266143e+04
1.000000000000000000e+01 1.100000000000000000e+01 8.367255477723707372e+03
1.000000000000000000e+01 1.300000000000000000e+01 9.777362425864115721e+03
1.100000000000000000e+01 2.000000000000000000e+00 1.007835790188962164e+04
1.100000000000000000e+01 1.000000000000000000e+01 8.405108644272235324e+03
1.100000000000000000e+01 1.200000000000000000e+01 1.239272691555217534e+04
1.200000000000000000e+01 1.100000000000000000e+01 1.248346335994388392e+04
1.200000000000000000e+01 2.300000000000000000e+01 1.112773916729541816e+04
1.300000000000000000e+01 1.000000000000000000e+01 9.813596099035790758e+03
1.300000000000000000e+01 1.400000000000000000e+01 9.035835531264361634e+03
1.300000000000000000e+01 2.200000000000000000e+01 8.382040736263077633e+03
1.400000000000000000e+01 9.000000000000000000e+00 2.318951120512460693e+04
1.400000000000000000e+01 1.300000000000000000e+01 9.077843405804869690e+03
1.400000000000000000e+01 1.800000000000000000e+01 1.912811744928301414e+04
1.400000000000000000e+01 2.100000000000000000e+01 1.837651134316062962e+04
1.500000000000000000e+01 7.000000000000000000e+00 8.406100677983873538e+03
1.500000000000000000e+01 9.000000000000000000e+00 1.107196655686384474e+04
1.500000000000000000e+01 1.600000000000000000e+01 1.168679290242645766e+04
1.500000000000000000e+01 1.700000000000000000e+01 1.525015773661109597e+04
1.600000000000000000e+01 9.000000000000000000e+00 8.100357429305790902e+03
1.600000000000000000e+01 1.500000000000000000e+01 1.167394417531020554e+04
1.600000000000000000e+01 1.800000000000000000e+01 9.949816927057436260e+03
1.700000000000000000e+01 6.000000000000000000e+00 1.581778778332459660e+04
1.700000000000000000e+01 1.500000000000000000e+01 1.530999299049829096e+04
1.700000000000000000e+01 1.900000000000000000e+01 1.894848322412292691e+04
1.800000000000000000e+01 1.400000000000000000e+01 1.916256607091907426e+04
1.800000000000000000e+01 1.600000000000000000e+01 9.937094198556089395e+03
1.800000000000000000e+01 1.900000000000000000e+01 8.684431120166085748e+03
1.900000000000000000e+01 1.700000000000000000e+01 1.896624504947293099e+04
1.900000000000000000e+01 1.800000000000000000e+01 8.706157013300788094e+03
1.900000000000000000e+01 2.000000000000000000e+01 6.258956333246445865e+03
1.900000000000000000e+01 2.100000000000000000e+01 7.001914720632545141e+03
2.000000000000000000e+01 1.900000000000000000e+01 6.196841422402469107e+03
2.000000000000000000e+01 2.100000000000000000e+01 8.577757386754887193e+03
2.000000000000000000e+01 2.300000000000000000e+01 1.031675518796055258e+04
2.100000000000000000e+01 1.400000000000000000e+01 1.835206138165306402e+04
2.100000000000000000e+01 1.900000000000000000e+01 7.003517349961213768e+03
2.100000000000000000e+01 2.000000000000000000e+01 8.566211895088419624e+03
2.100000000000000000e+01 2.200000000000000000e+01 9.658171912996642277e+03
2.200000000000000000e+01 1.300000000000000000e+01 8.376266534894248252e+03
2.200000000000000000e+01 2.100000000000000000e+01 9.623779089151264998e+03
2.200000000000000000e+01 2.300000000000000000e+01 7.898154419238026094e+03
2.300000000000000000e+01 1.200000000000000000e+01 1.111847561168712673e+04
2.300000000000000000e+01 2.000000000000000000e+01 1.026618576878304521e+04
2.300000000000000000e+01 2.200000000000000000e+01 7.857987394023828529e+03
