0.000000000000000000e+00 1.000000000000000000e+00 4.496771770202492917e+03
0.000000000000000000e+00 2.000000000000000000e+00 8.118056360493055763e+03
1.000000000000000000e+00 0.000000000000000000e+00 4.518847964320581013e+03
1.000000000000000000e+00 5.000000000000000000e+00 5.969780421767764892e+03
2.000000000000000000e+00 0.000000000000000000e+00 8.095980166374974033e+03
2.000000000000000000e+00 3.000000000000000000e+00 1.401622834814063208e+04
2.000000000000000000e+00 1.100000000000000000e+01 1.003335865810126779e+04
3.000000000000000000e+00 2.000000000000000000e+00 1.403941652137244455e+04
3.000000000000000000e+00 4.000000000000000000e+00 1.801643283541149867e+04
3.000000000000000000e+00 1.000000000000000000e+01 5.209629627173067092e+03
4.000000000000000000e+00 3.000000000000000000e+00 1.804168529085191767e+04
4.000000000000000000e+00 5.000000000000000000e+00 8.792855759184689305e+03
4.000000000000000000e+00 8.000000000000000000e+00 1.579027272370113678e+04
5.000000000000000000e+00 1.000000000000000000e+00 5.991856615885852989e+03
5.000000000000000000e+00 4.000000000000000000e+00 8.806387890687517938e+03
5.000000000000000000e+00 7.000000000000000000e+00 1.248968399668301390e+04
6.000000000000000000e+00 7.000000000000000000e+00 1.210448659740032235e+04
6.000000000000000000e+00 1.700000000000000000e+01 1.580308261911844784e+04
7.000000000000000000e+00 5.000000000000000000e+00 1.252529232230393427e+04
7.000000000000000000e+00 6.000000000000000000e+00 1.204980508129194459e+04
7.000000000000000000e+00 8.000000000000000000e+00 6.881893269995726769e+03
7.000000000000000000e+00 1.500000000000000000e+01 8.380921991681783766e+03
8.000000000000000000e+00 4.000000000000000000e+00 1.580199304763872169e+04
8.000000000000000000e+00 7.000000000000000000e+00 6.840402363328366846e+03
8.000000000000000000e+00 9.000000000000000000e+00 2.174912098927447005e+04
9.000000000000000000e+00 8.000000000000000000e+00 2.181935040654471231e+04
9.000000000000000000e+00 1.000000000000000000e+01 1.772661502986611231e+04
9.000000000000000000e+00 1.400000000000000000e+01 2.312772977081663703e+04
9.000000000000000000e+00 1.500000000000000000e+01 1.104605207238404910e+04
9.000000000000000000e+00 1.600000000000000000e+01 8.099955029494241899e+03
1.000000000000000000e+01 3.000000000000000000e+00 5.307565344964466021e+03
1.000000000000000000e+01 9.000000000000000000e+00 1.760380537173372431e+04
1.000000000000000000e+01 1.100000000000000000e+01 8.368000309556193315e+03
1.000000000000000000e+01 1.300000000000000000e+01 9.778912751799784019e+03
1.100000000000000000e+01 2.000000000000000000e+00 9.988094290751367225e+03
1.100000000000000000e+01 1.000000000000000000e+01 8.405551802546538966e+03
1.100000000000000000e+01 1.200000000000000000e+01 1.230285785723856134e+04
1.200000000000000000e+01 1.100000000000000000e+01 1.239514498287901370e+04
1.200000000000000000e+01 2.300000000000000000e+01 1.111966278373165915e+04
1.300000000000000000e+01 1.000000000000000000e+01 9.816487318468476587e+03
1.300000000000000000e+01 1.400000000000000000e+01 9.035779305695994481e+03
1.300000000000000000e+01 2.200000000000000000e+01 8.396652076493783170e+03
1.400000000000000000e+01 9.000000000000000000e+00 2.319448038581115907e+04
1.400000000000000000e+01 1.300000000000000000e+01 9.079283266571970671e+03
1.400000000000000000e+01 1.800000000000000000e+01 1.908389319290193816e+04
1.400000000000000000e+01 2.100000000000000000e+01 1.840419986313655318e+04
1.500000000000000000e+01 7.000000000000000000e+00 8.403339707861678107e+03
1.500000000000000000e+01 9.000000000000000000e+00 1.107173108911581585e+04
1.500000000000000000e+01 1.600000000000000000e+01 1.168920803133304798e+04
1.500000000000000000e+01 1.700000000000000000e+01 1.528525456328445580e+04
1.600000000000000000e+01 9.000000000000000000e+00 8.100564473170537894e+03
1.600000000000000000e+01 1.500000000000000000e+01 1.167622804248756256e+04
1.600000000000000000e+01 1.800000000000000000e+01 9.952707476275747467e+03
1.700000000000000000e+01 6.000000000000000000e+00 1.585776413522682924e+04
1.700000000000000000e+01 1.500000000000000000e+01 1.534633128504160595e+04
1.700000000000000000e+01 1.900000000000000000e+01 1.898976263351789021e+04
1.800000000000000000e+01 1.400000000000000000e+01 1.911651129035370468e+04
1.800000000000000000e+01 1.600000000000000000e+01 9.940336931106567135e+03
1.800000000000000000e+01 1.900000000000000000e+01 8.686885291548569512e+03
1.900000000000000000e+01 1.700000000000000000e+01 1.900552087138341449e+04
1.900000000000000000e+01 1.800000000000000000e+01 8.707132843831179343e+03
1.900000000000000000e+01 2.000000000000000000e+01 6.305874933258195597e+03
1.900000000000000000e+01 2.100000000000000000e+01 7.003071157196097374e+03
2.000000000000000000e+01 1.900000000000000000e+01 6.242804303207273733e+03
2.000000000000000000e+01 2.100000000000000000e+01 8.620830372132057164e+03
2.000000000000000000e+01 2.300000000000000000e+01 1.030674290346085218e+04
2.100000000000000000e+01 1.400000000000000000e+01 1.838183634155530672e+04
2.100000000000000000e+01 1.900000000000000000e+01 7.002147577395118788e+03
2.100000000000000000e+01 2.000000000000000000e+01 8.607213165518480309e+03
2.100000000000000000e+01 2.200000000000000000e+01 9.660669349412197334e+03
2.200000000000000000e+01 1.300000000000000000e+01 8.390722682286501367e+03
2.200000000000000000e+01 2.100000000000000000e+01 9.623765041416383610e+03
2.200000000000000000e+01 2.300000000000000000e+01 7.900622132911531480e+03
2.300000000000000000e+01 1.200000000000000000e+01 1.111194990937211696e+04
2.300000000000000000e+01 2.000000000000000000e+01 1.025728948002350990e+04
2.300000000000000000e+01 2.200000000000000000e+01 7.857788430708429587e+03
