i	j	       1	       2	       3	       4	       5	       6	       7	       8	       9	      10	      11	      12	      13	      14	      15	      16	      17	      18	      19	      20	      21	      22	      23	      24
1	2	 2600.30	    0.00	  461.44	  200.00	    0.00	    0.00	    0.00	    0.01	    0.00	    0.32	  200.00	 1050.40	  650.15	   99.99	    0.08	    0.01	    0.04	    0.00	    0.03	    0.02	    0.00	    0.25	    0.00	    0.00
1	3	 6199.70	 1000.09	    0.00	    0.00	  999.64	 1100.15	 1198.21	 2099.41	   20.36	    1.19	    0.00	    0.00	    0.00	    0.00	    0.00	  201.96	    0.13	  100.04	    0.00	    0.26	    0.02	    0.00	    0.00	    0.00
2	1	    0.00	 1100.09	    0.00	    0.00	 1199.63	 1400.15	 1698.13	 2899.39	  520.12	    1.61	    0.00	    0.00	    0.00	    0.00	    0.02	  701.88	  160.01	  200.02	  254.62	  300.02	    0.03	    0.03	    0.00	    0.00
2	6	 2500.30	 2899.91	  361.44	    0.01	    0.00	    0.00	    0.00	    0.00	    0.00	    0.00	    0.02	  950.40	  350.15	    0.00	    0.00	    0.00	    0.00	    0.00	    0.00	    0.00	    0.00	    0.00	    0.00	    0.00
3	1	    0.00	    0.00	  561.44	  700.00	    0.00	    0.00	    0.08	    0.03	    0.24	 1299.90	  700.00	 1250.40	 1150.15	  399.99	  500.06	    0.09	  240.16	    0.02	   45.41	    0.26	   99.99	  400.21	  300.00	  100.00
3	4	 4499.36	  499.96	 1738.46	    0.00	  499.77	  400.10	  399.78	  699.86	    0.32	    0.52	    0.16	 3001.65	 2084.63	    0.15	    0.14	    1.21	    0.10	   99.93	    0.05	  299.76	  199.97	  399.74	  499.62	  200.04
3	12	 1600.33	  400.13	  500.10	 1602.72	  399.89	  400.05	  698.55	 1199.58	    0.80	    2.00	    1.06	    0.00	    0.00	    0.41	    0.15	    1.00	    0.31	    0.14	    0.06	    0.19	    0.01	    0.05	    0.11	    0.01
4	3	    0.00	    0.00	    0.00	 2502.71	    0.03	    0.00	    0.05	    0.06	   80.88	 1599.41	  999.85	    0.00	    0.00	  499.76	  599.43	    0.06	  340.11	    0.01	   45.12	    0.02	    0.01	    0.09	    0.14	    0.01
4	5	 2979.06	    0.00	 1103.91	 6213.79	    0.00	    0.00	    0.00	    0.00	    0.00	    0.00	    0.91	 2401.38	 1484.47	    0.05	    0.00	    0.00	    0.00	    0.00	    0.00	    0.00	    0.00	    0.00	    0.03	    0.00
4	11	 1020.30	  299.96	  434.55	 2883.50	    0.02	    0.11	    0.02	    0.02	    0.04	    0.12	    0.00	    0.26	    0.16	    0.05	    0.04	    0.04	    0.03	    0.01	    0.01	    0.02	    0.01	    0.03	    0.04	    0.06
5	4	    0.00	    0.00	    0.00	    0.00	    0.00	    0.00	    0.00	    0.00	    0.00	    0.00	    0.00	    0.00	    0.00	    0.00	    0.00	    0.00	    0.00	    0.00	    0.00	    0.00	    0.00	    0.00	    0.00	    0.00
5	6	    0.00	    0.00	  340.26	 1990.46	 2398.07	    0.00	    0.01	    0.02	 1120.11	 1400.97	  400.08	  938.13	  339.23	  100.00	  299.89	    0.02	    0.10	    0.00	    0.08	    0.01	    0.01	    0.03	    0.02	    0.00
5	9	 2779.06	  900.00	  663.65	 3723.33	 3701.93	 1900.00	    0.00	    0.00	    0.00	    0.00	    0.00	 1263.26	  945.25	    0.00	    0.00	    0.00	    0.00	    0.00	    0.00	    0.00	    0.00	    0.00	    0.00	    0.00
6	2	    0.00	    0.00	    0.00	    0.02	 1299.63	 1800.15	 1898.13	 3299.38	  720.12	  601.29	    0.02	    0.00	    0.00	    0.01	   99.94	 1101.87	  359.97	  200.02	  354.59	  400.01	    0.03	   99.79	    0.00	    0.00
6	5	    0.00	 1000.00	    0.00	    0.00	    0.00	 2100.00	  147.78	  369.46	    0.00	    0.00	    0.00	    0.00	    0.00	    0.00	    0.00	  352.12	    0.02	    0.00	    0.01	   73.89	    0.03	    0.00	    0.00	    0.00
6	8	 2200.30	 1499.91	  401.71	 1590.46	  898.43	 3699.84	    0.00	    0.00	    0.13	    0.04	    0.09	 1688.53	  489.38	    0.00	    0.00	    0.00	    0.03	    0.00	    0.00	    0.00	    0.00	    0.00	    0.00	    0.00
7	8	    0.00	    0.00	    0.00	    0.00	    0.00	    0.00	 4106.94	    0.00	    0.00	    0.00	    0.00	    0.00	    0.00	  399.95	  599.95	    1.48	    0.33	  800.27	 1254.38	 2299.97	  500.03	  799.74	  399.97	  299.98
7	18	  438.10	  345.64	   12.48	  448.32	  130.32	 1206.56	 7993.06	 4574.49	  844.17	    0.56	    0.08	  231.53	    0.07	    0.00	    0.00	    0.00	    0.00	    0.00	    0.00	    0.00	    0.00	    0.00	    0.00	    0.00
8	6	    0.00	    0.00	    0.00	    0.00	    0.00	    0.00	 2445.90	 4468.81	    0.14	    0.36	    0.01	    0.00	    0.00	    0.00	    0.05	 2353.97	  859.92	  300.02	  554.52	  773.89	  100.05	  299.76	   99.98	   99.99
8	7	  938.07	  545.63	  112.47	  848.30	  330.31	 1606.54	    0.00	 5574.43	 1443.97	   19.71	    5.00	  931.46	    5.64	    0.00	    0.00	    0.00	    0.03	    0.00	    0.00	    0.00	    0.00	    0.00	    0.00	    0.00
8	9	    0.00	    0.00	    0.00	    0.00	    0.00	    0.00	  661.03	 3330.47	    0.00	    0.00	    0.00	    0.00	    0.00	    0.00	    0.00	 1306.08	    0.00	  200.27	    0.00	  626.14	    0.00	    0.00	    0.00	    0.00
8	16	  462.29	  554.31	  179.44	  710.14	  444.48	 1293.37	    0.00	 3326.29	  976.64	    0.27	    0.09	  531.12	    0.06	    0.00	    0.00	    0.00	    0.00	    0.00	    0.00	    0.00	    0.00	    0.00	    0.00	    0.00
9	5	    0.00	    0.00	    0.00	    0.00	    0.00	    0.00	   52.23	  130.56	 1920.11	 2400.97	  899.16	    0.00	    0.00	  199.96	  499.89	  147.90	  200.08	    0.00	  100.08	   26.12	   99.98	  200.03	   99.99	    0.00
9	8	    0.06	    0.03	   90.21	  667.98	  376.35	    0.07	    0.00	    0.00	 3220.61	 1619.65	  804.80	  374.05	  116.32	    0.00	    0.03	    0.00	    0.15	    0.00	    0.03	    0.00	    0.00	    0.00	    0.00	    0.00
9	10	 2279.00	  699.97	  473.44	 2355.34	 2525.58	 1499.94	    8.88	 2399.90	11059.28	    0.00	    0.00	  289.25	  228.97	    0.00	    0.00	    0.29	    0.00	    0.30	    0.00	    0.15	    0.00	    0.00	    0.00	    0.00
10	9	    0.00	    0.00	    0.00	    0.00	    0.00	    0.00	    0.08	    0.00	    0.00	 6820.63	 3103.96	    0.05	    0.05	  799.96	 1499.92	  242.11	 1100.23	    0.03	  500.11	    0.12	  399.98	  900.03	  599.99	  200.00
10	11	    0.00	    0.00	    0.00	    0.00	  503.51	  402.96	  500.02	  800.23	 3398.77	10764.71	    0.00	    0.00	    0.00	    0.00	  944.59	 2298.71	 2937.61	  199.92	  269.43	  188.35	    0.05	   14.49	    0.00	    0.00
10	15	  667.39	  100.02	   83.42	  701.27	  796.75	  296.97	    0.00	    0.00	 3581.09	15419.92	 1456.63	  640.08	    2.00	    0.00	    0.00	    0.00	    0.62	    0.00	    0.00	    0.00	    0.00	    0.00	    0.00	    0.00
10	16	    0.00	    0.00	    8.10	   41.59	   25.33	    0.00	    0.00	    0.00	  379.49	 8294.47	 2244.49	  135.92	    0.12	    0.00	    0.00	    0.00	    0.00	    0.00	    0.00	    0.00	    0.00	    0.00	    0.00	    0.00
10	17	  399.65	    0.04	   99.99	  499.96	  199.98	    0.11	    0.06	    0.08	  899.93	 3900.27	 1000.04	  599.91	  499.89	    0.04	    0.08	    0.15	    0.00	    0.03	    0.09	    0.09	    0.03	    0.09	    0.03	    0.02
11	4	    0.00	    0.00	    0.00	    0.00	    0.27	    0.01	    0.28	    0.22	  780.60	 2799.01	 2500.60	    0.00	    0.00	  999.70	 1099.32	  798.89	  840.04	    0.08	  245.08	    0.28	    0.05	    0.38	    0.59	    0.03
11	10	   88.04	    0.04	   18.07	   87.48	    0.00	    0.00	    0.00	    0.00	    0.00	    0.00	11705.12	 3086.71	 2173.09	  325.03	    0.00	    0.00	    0.00	    0.00	    0.00	    0.00	    0.00	    0.00	   10.90	    1.35
11	12	    0.00	    0.00	    0.00	    0.00	    0.11	    0.00	    0.05	    0.12	 1199.32	 3899.70	 2400.33	    0.00	    0.00	  703.92	  699.27	  100.19	 1099.07	    0.02	  299.70	    0.12	    0.00	    0.14	    0.00	    0.00
11	14	  432.59	  100.00	  116.57	 1396.06	    3.15	    3.09	    0.00	    0.03	   18.89	   66.12	 5693.95	 1059.77	   36.50	    0.00	    0.00	    0.00	    0.00	    0.00	    0.00	    0.00	    0.00	    0.00	    0.00	    0.00
12	3	    0.00	    0.00	    0.00	    0.00	    0.00	    0.00	    0.16	    0.00	    0.12	    1.81	    1.37	 4452.05	 3334.78	    0.79	    0.93	    0.28	    0.33	    0.04	    0.40	  299.91	  299.94	  899.91	  899.59	  300.04
12	11	    0.32	    0.09	    0.09	    0.03	    0.00	    0.04	    0.00	    0.04	    0.00	    0.00	    0.00	 5546.22	 3209.44	    0.00	    0.00	    0.00	    0.00	    0.00	    0.00	    0.00	    0.03	    0.00	    0.00	    0.04
12	13	 1400.01	  300.05	  300.01	 1002.68	  200.00	  200.01	    0.22	  599.74	  600.00	 1899.94	 1000.01	 3901.74	    0.00	    3.74	    0.42	    0.38	  499.07	    0.03	    0.18	    0.08	    0.00	    0.03	    0.06	    0.00
13	12	    0.00	    0.00	    0.00	    0.00	    0.00	    0.00	    1.78	    0.08	    0.00	    0.06	    0.00	    0.00	 7844.22	    0.21	    1.93	  599.47	    0.02	  199.92	    0.83	  799.69	  599.96	 1599.76	 1599.54	  800.07
13	24	  900.01	    0.05	  200.01	  402.68	    0.00	    0.01	    0.00	    0.00	    0.00	    0.00	    0.01	 2601.74	 6755.78	    0.00	    0.00	    0.00	    0.00	    0.00	    0.00	    0.00	    0.00	    0.00	    0.00	    0.00
14	11	    0.00	    0.00	    0.00	    0.00	    0.00	    0.00	    0.30	    0.09	    0.00	    0.00	    0.00	    0.00	    0.00	 3628.61	 2253.96	    0.33	    1.47	    0.17	  675.33	  412.04	  399.96	 1086.00	 1311.45	  601.28
14	15	  132.60	    0.01	   16.58	  142.56	    0.00	    0.00	    0.00	    0.00	    0.00	    0.00	  925.51	  359.85	   84.30	 6959.85	    0.00	    0.00	    0.00	    0.00	    0.00	    0.00	    0.00	    0.00	 1236.39	  146.88
14	23	    0.00	    0.00	    0.00	  753.53	   18.28	    0.00	    0.00	    0.00	   97.30	  352.70	 3168.48	    0.00	    0.00	 3511.55	  215.03	    0.00	  115.85	    0.00	   65.43	    0.00	    0.00	    0.00	    0.00	    0.00
15	10	    0.00	    0.00	    0.00	    0.00	    0.00	    0.00	    0.08	    0.00	    0.00	    0.00	    0.00	    0.00	    0.00	 2574.96	 6444.59	    0.22	    0.00	    0.07	 2569.46	 1979.04	 1600.06	 3514.61	 2389.13	  998.67
15	14	    0.00	    0.00	    0.00	    0.00	  115.13	   96.87	  199.04	  397.71	  678.41	 2386.58	    0.05	    0.00	    0.00	    0.00	 3768.72	  696.49	  817.18	   99.55	 1040.70	  907.59	    0.25	  136.30	    0.00	    0.00
15	19	  299.99	    0.03	    0.00	  200.01	  100.01	    0.07	    0.01	    0.02	  400.04	 2986.05	  750.62	  300.04	  299.38	 2898.14	 5899.97	    0.03	    0.34	    0.01	    0.00	    0.03	  726.69	 2899.96	  900.00	  309.17
15	22	    0.00	    0.00	    0.00	  143.82	  381.61	    0.05	    0.00	    0.00	 1602.64	 6047.29	  231.48	    0.00	    0.00	  186.74	 5286.72	    0.20	 2738.21	    0.00	 2181.09	    0.00	    0.00	    0.00	    0.00	    0.00
16	8	    0.00	    0.00	    0.00	    0.00	    0.00	    0.00	    0.00	    0.00	    0.00	    0.64	    0.21	    0.00	    0.00	    0.05	    0.07	 5858.57	 2259.43	    0.03	    0.11	    0.06	    0.02	    0.02	    0.01	    0.01
16	10	    0.00	    0.05	    0.00	    0.00	    0.00	    0.09	 2391.19	    0.40	    0.00	    0.00	    0.00	    0.00	    0.00	    0.00	    0.00	 6937.87	    0.54	  899.53	    0.17	  709.37	    0.00	    0.00	    0.00	    0.00
16	17	    0.37	  199.97	    0.01	    0.05	    0.02	  499.93	 1000.03	 1400.20	    0.10	    0.44	    0.08	    0.05	    0.04	    0.00	    0.00	 5994.56	    0.00	  600.09	    0.00	 1696.29	  269.80	    0.00	    0.00	   90.17
16	18	    0.06	    0.02	    0.01	    0.06	    0.03	    0.05	    0.00	    0.30	    0.47	 3894.66	  844.61	    0.02	    0.00	    0.02	    0.05	 7309.00	 3510.51	    0.00	    0.05	    0.00	    0.00	    0.00	    0.00	    0.00
17	10	    0.00	    0.00	    0.00	    0.00	    0.00	    0.00	    0.00	    0.00	    0.00	    0.00	    0.00	    0.00	    0.00	    0.00	    0.00	    2.61	 7937.92	    0.08	    0.00	    0.00	    0.00	    0.00	    0.00	    0.00
17	16	    0.00	    0.00	    0.00	    0.00	    0.00	    0.00	    0.00	    0.00	    0.00	    0.57	    0.18	    0.00	    0.00	  675.87	 1159.32	    0.00	 8570.39	    0.00	 1256.19	    0.00	    0.05	    0.09	    0.04	    0.02
17	19	    0.02	    0.02	    0.00	    0.02	    0.01	    0.04	    0.08	    0.28	    0.03	    0.14	    0.00	    0.00	    0.00	    0.00	    0.00	 3192.11	 6891.68	    0.05	    0.00	    0.00	    0.00	    0.00	    0.00	    0.00
18	7	    0.03	    0.01	    0.01	    0.03	    0.01	    0.03	    0.00	    0.06	    0.20	 1880.85	  495.08	    0.06	  394.43	  599.95	 1099.95	 1401.48	 1000.30	 1000.27	 1654.38	 2799.97	  700.03	 1299.74	  599.97	  399.98
18	16	   38.14	   45.73	   12.48	   48.38	   30.24	  106.70	 4791.21	  274.61	   44.44	    0.44	    0.14	   33.03	  599.85	   24.20	   40.80	    0.00	    0.08	 1999.65	   44.14	 4005.72	  869.77	 1199.93	  499.97	  390.16
18	20	  299.99	  299.92	    0.00	  299.97	  100.09	  999.88	 3001.85	 4000.11	  599.99	 1314.30	  249.73	    0.02	    0.00	    0.00	    0.00	 5407.52	 1910.26	 1800.08	    0.00	    0.00	    0.00	    0.00	    0.00	    0.00
19	15	    0.00	    0.01	    0.00	    0.00	    0.00	    0.02	  699.08	  997.65	    0.00	    0.00	    0.00	    0.00	    0.00	    0.00	    0.00	 1896.81	 5055.10	  299.60	 6591.25	 3986.34	    0.09	    0.24	    0.12	    0.05
19	17	    0.00	    0.00	    0.00	    0.00	    0.00	    0.00	    0.00	    0.00	    0.00	    0.00	    0.07	    0.04	    0.07	 1375.83	 2659.24	    0.00	    0.00	    0.00	 2956.10	    3.62	  330.21	 1700.00	  600.01	  209.84
19	20	    0.01	    0.00	    0.00	    0.03	    0.02	    0.02	    0.00	    0.00	    0.07	 1186.19	  350.55	    0.00	    0.00	 1222.32	 2440.72	    0.00	  136.91	    0.00	 3252.65	    0.00	    0.00	    0.00	    0.00	    0.00
20	18	    0.00	    0.00	    0.00	    0.00	    0.00	    0.00	    0.00	    0.00	    0.00	    0.36	    0.26	    1.56	 1094.21	  724.13	 1340.70	    0.00	    0.14	    0.00	 1998.46	 7205.69	 1669.81	 2799.67	 1199.94	  790.14
20	19	    0.00	   99.96	    0.00	    0.00	    0.00	  199.94	 1098.99	 1697.36	    0.00	    0.00	    0.00	    0.00	    0.69	    0.01	    0.00	    4.66	    0.00	  599.55	    0.00	 5189.93	    3.61	    0.27	    0.13	    0.72
20	21	    0.00	    0.00	    0.00	    0.01	    0.10	  200.11	  701.62	  600.85	    0.03	    0.09	    0.01	    0.01	    0.02	    0.01	    0.02	 2099.35	  347.00	  399.95	   54.28	 3000.23	    0.00	    0.05	    0.02	    0.02
20	22	    0.00	   99.96	    0.00	    0.01	    0.01	  299.86	  701.24	  801.91	    0.04	    0.28	    0.09	    0.00	    0.00	    0.00	    0.22	 1703.51	    0.11	  400.58	    0.09	 3104.15	    0.15	    0.00	    0.00	    0.00
21	20	    0.00	    0.00	    0.00	    0.02	    0.00	    0.00	    0.00	    0.00	    0.01	    0.24	    0.05	  401.52	 1694.81	    0.17	    0.09	    0.00	    0.08	    0.00	    0.10	    0.00	 2873.33	    0.44	    6.15	 1190.67
21	22	  292.75	    0.03	   73.19	    1.10	    0.00	    0.01	    0.06	    0.07	    0.00	    0.00	    0.00	  512.42	 1660.79	    0.00	    0.00	    0.14	    0.00	    0.03	    0.00	    0.22	 4929.87	    0.00	    2.04	 2010.57
21	24	    0.00	    0.00	    0.00	    0.00	    0.00	  100.11	  501.57	  200.78	  135.70	  542.75	    0.00	    0.00	    0.00	    0.00	  747.29	 1499.28	  215.13	  299.92	  275.07	 1800.01	 3196.80	 2770.92	    0.00	    0.00
22	15	    0.00	    0.00	    0.00	    0.00	    0.00	    0.00	    0.05	    0.07	    0.00	    0.00	    0.00	    0.11	  913.08	    0.00	    0.00	    0.14	    0.00	    0.03	    0.00	    0.33	 3126.91	 9150.64	 3052.61	 1560.91
22	20	    0.00	    0.00	    0.00	    0.00	    0.00	    0.00	    0.00	    0.00	    0.00	    0.00	    0.03	    0.04	    0.11	    1.67	    0.13	    0.00	    0.00	    0.00	    0.08	    0.00	    0.24	 5199.55	 1893.94	    0.20
22	21	    0.00	    0.00	    0.00	    0.00	   99.90	    0.01	    0.00	    0.00	  435.68	 1742.90	    0.82	    0.00	    0.00	    0.77	 1547.35	    0.07	  468.21	    0.00	  620.89	    0.00	    0.00	 4571.30	    1.31	    0.00
22	23	    0.00	    0.00	    0.00	    0.00	   81.72	   99.92	  201.24	  301.90	  467.00	 1704.67	    0.06	    0.00	    0.00	    0.00	 1139.46	  503.64	  570.11	  100.59	  360.21	  704.04	    2.87	 5478.51	    0.00	    0.00
23	14	    0.02	    0.01	    0.01	    0.03	    0.00	    0.04	    1.25	    2.35	    0.00	    0.00	    0.00	    0.08	  647.79	    0.00	    0.27	    3.83	    0.14	    0.62	    0.07	    4.44	  799.71	 2149.70	 3647.84	 1148.16
23	22	  107.25	    0.01	   26.81	  255.06	    0.00	    0.00	    0.00	    0.00	    0.00	    0.00	  869.34	  187.72	  552.40	 1015.69	    0.00	    0.00	    0.00	    0.00	    0.00	    0.00	    0.00	    0.00	 7045.82	  650.54
23	24	    0.00	    0.00	    0.00	    0.00	    0.00	    0.06	    0.38	    0.13	   64.30	  257.37	  999.20	    0.00	    0.00	 1395.86	  354.22	    0.82	   85.82	    0.17	  125.57	    0.97	    0.06	 1229.19	 3806.34	    0.00
24	13	    0.00	    0.00	    0.00	    0.00	    0.00	    0.00	  401.55	    0.33	    0.00	    0.12	    0.00	    0.00	    0.00	  596.47	  701.51	 1199.09	    0.95	  299.88	  300.64	 1399.61	 1199.96	 2899.73	 2399.48	 1500.07
24	21	  392.75	    0.03	   73.19	  201.12	    0.00	    0.00	    0.00	    0.00	    0.00	    0.00	  399.22	 1213.93	 3955.58	  399.39	    0.00	    0.00	    0.00	    0.00	    0.00	    0.00	    0.00	    0.00	  706.87	 3701.22
24	23	  407.26	    0.02	  126.82	    1.57	    0.00	    0.18	    0.40	    0.58	    0.00	    0.00	    0.00	  887.81	 2000.20	    0.00	    0.00	    1.01	    0.00	    0.20	    0.00	    1.37	 1496.90	    0.38	    0.00	 2498.71
