0.000000000000000000e+00 1.000000000000000000e+00 1.400256441115239340e+03
0.000000000000000000e+00 2.000000000000000000e+00 1.397715268537790325e+04
1.000000000000000000e+00 0.000000000000000000e+00 8.177110757623408972e+03
1.000000000000000000e+00 5.000000000000000000e+00 7.014730965552637372e+02
2.000000000000000000e+00 0.000000000000000000e+00 7.200298368869731348e+03
2.000000000000000000e+00 3.000000000000000000e+00 1.582703038419070981e+04
2.000000000000000000e+00 1.100000000000000000e+01 1.045401690027681798e+04
3.000000000000000000e+00 2.000000000000000000e+00 1.246987914020813878e+04
3.000000000000000000e+00 4.000000000000000000e+00 1.689958379754562702e+04
3.000000000000000000e+00 1.000000000000000000e+01 8.124590640909336798e+03
4.000000000000000000e+00 3.000000000000000000e+00 1.646462994787747812e+04
4.000000000000000000e+00 5.000000000000000000e+00 4.401819615065128346e+03
4.000000000000000000e+00 8.000000000000000000e+00 2.159760990572460287e+04
5.000000000000000000e+00 1.000000000000000000e+00 7.478327413063432687e+03
5.000000000000000000e+00 4.000000000000000000e+00 9.623704766565559112e+03
5.000000000000000000e+00 7.000000000000000000e+00 0.000000000000000000e+00
6.000000000000000000e+00 7.000000000000000000e+00 1.218188140993414163e+04
6.000000000000000000e+00 1.700000000000000000e+01 1.279723352694266214e+04
7.000000000000000000e+00 5.000000000000000000e+00 1.199873946800859994e+04
7.000000000000000000e+00 6.000000000000000000e+00 8.195233457200583871e+03
7.000000000000000000e+00 8.000000000000000000e+00 7.000314273860377398e+03
7.000000000000000000e+00 1.500000000000000000e+01 3.756941395175497291e+03
8.000000000000000000e+00 4.000000000000000000e+00 1.594077090455604048e+04
8.000000000000000000e+00 7.000000000000000000e+00 1.035664335017712983e+04
8.000000000000000000e+00 9.000000000000000000e+00 2.443248041389600257e+04
9.000000000000000000e+00 8.000000000000000000e+00 2.223197048904417898e+04
9.000000000000000000e+00 1.000000000000000000e+01 1.754369853784369843e+04
9.000000000000000000e+00 1.400000000000000000e+01 2.584317313706049026e+04
9.000000000000000000e+00 1.500000000000000000e+01 1.295591141807999156e+04
9.000000000000000000e+00 1.600000000000000000e+01 9.401744066618088254e+03
1.000000000000000000e+01 3.000000000000000000e+00 5.302393246594918310e+03
1.000000000000000000e+01 9.000000000000000000e+00 2.043805731537437532e+04
1.000000000000000000e+01 1.100000000000000000e+01 8.494065596003043538e+03
1.000000000000000000e+01 1.300000000000000000e+01 1.094354360094622098e+04
1.100000000000000000e+01 2.000000000000000000e+00 7.034313827751214376e+03
1.100000000000000000e+01 1.000000000000000000e+01 9.878662885926007220e+03
1.100000000000000000e+01 1.200000000000000000e+01 1.444665919279405352e+04
1.200000000000000000e+01 1.100000000000000000e+01 1.251155341019140542e+04
1.200000000000000000e+01 2.300000000000000000e+01 1.300067757120492388e+04
1.300000000000000000e+01 1.000000000000000000e+01 9.731107694239533885e+03
1.300000000000000000e+01 1.400000000000000000e+01 1.023815641287862309e+04
1.300000000000000000e+01 2.200000000000000000e+01 8.750484114228311228e+03
1.400000000000000000e+01 9.000000000000000000e+00 2.380357572499142043e+04
1.400000000000000000e+01 1.300000000000000000e+01 9.345981849132262141e+03
1.400000000000000000e+01 1.800000000000000000e+01 2.173091970287665390e+04
1.400000000000000000e+01 2.100000000000000000e+01 1.920163298786081214e+04
1.500000000000000000e+01 7.000000000000000000e+00 8.412703834133795681e+03
1.500000000000000000e+01 9.000000000000000000e+00 1.110171969291573805e+04
1.500000000000000000e+01 1.600000000000000000e+01 1.070091940466818414e+04
1.500000000000000000e+01 1.700000000000000000e+01 1.378789716038807273e+04
1.600000000000000000e+01 9.000000000000000000e+00 8.100664501468894741e+03
1.600000000000000000e+01 1.500000000000000000e+01 1.237681181629349339e+04
1.600000000000000000e+01 1.800000000000000000e+01 9.924680016056376189e+03
1.700000000000000000e+01 6.000000000000000000e+00 1.678388147967621990e+04
1.700000000000000000e+01 1.500000000000000000e+01 1.491357546255681700e+04
1.700000000000000000e+01 1.900000000000000000e+01 1.548590188775012575e+04
1.800000000000000000e+01 1.400000000000000000e+01 1.961803858924241285e+04
1.800000000000000000e+01 1.600000000000000000e+01 1.029949286253247374e+04
1.800000000000000000e+01 1.900000000000000000e+01 1.013154802060670590e+04
1.900000000000000000e+01 1.700000000000000000e+01 2.049822814265243869e+04
1.900000000000000000e+01 1.800000000000000000e+01 8.393479753448562406e+03
1.900000000000000000e+01 2.000000000000000000e+01 6.080967680846871190e+03
1.900000000000000000e+01 2.100000000000000000e+01 6.702831852068732587e+03
2.000000000000000000e+01 1.900000000000000000e+01 8.179620268624773416e+03
2.000000000000000000e+01 2.100000000000000000e+01 8.023431958329772897e+03
2.000000000000000000e+01 2.300000000000000000e+01 1.041670570671573842e+04
2.100000000000000000e+01 1.400000000000000000e+01 1.828274212567961513e+04
2.100000000000000000e+01 1.900000000000000000e+01 7.778437252035004349e+03
2.100000000000000000e+01 2.000000000000000000e+01 8.831356473903982987e+03
2.100000000000000000e+01 2.200000000000000000e+01 9.854321831982841104e+03
2.200000000000000000e+01 1.300000000000000000e+01 8.430222771267985081e+03
2.200000000000000000e+01 2.100000000000000000e+01 1.081896088534213777e+04
2.200000000000000000e+01 2.300000000000000000e+01 7.857754056996842337e+03
2.300000000000000000e+01 1.200000000000000000e+01 1.096557178860228305e+04
2.300000000000000000e+01 2.000000000000000000e+01 1.170743377891942873e+04
2.300000000000000000e+01 2.200000000000000000e+01 8.502131767395783754e+03
