i	j	o1d18
1	2	 4593.08
1	3	 8217.45
2	1	 4618.45
2	6	 5968.15
3	1	 8192.08
3	4	14021.27
3	12	10038.05
4	3	14042.95
4	5	18019.89
4	11	 5209.90
5	4	18041.43
5	6	 8797.06
5	9	15791.64
6	2	 5993.52
6	5	 8805.47
6	8	12490.26
7	8	12094.67
7	18	15758.77
8	6	12524.04
8	7	12039.55
8	9	 6875.44
8	16	 8381.47
9	5	15804.77
9	8	 6830.69
9	10	21758.05
10	9	21826.43
10	11	17725.04
10	15	23143.09
10	16	11041.22
10	17	 8100.67
11	4	 5310.04
11	10	17601.56
11	12	 8370.72
11	14	 9783.41
12	3	 9990.99
12	11	 8409.48
12	13	12308.64
13	12	12400.35
13	24	11113.10
14	11	 9821.31
14	15	 9038.99
14	23	 8392.03
15	10	23209.18
15	14	 9081.56
15	19	19083.47
15	22	18391.64
16	8	 8404.89
16	10	11067.37
16	17	11669.82
16	18	15327.39
17	10	 8100.28
17	16	11658.71
17	19	 9952.89
18	7	15813.88
18	16	15388.07
18	20	18937.82
19	15	19117.99
19	17	 9941.40
19	20	 8666.54
20	18	18953.61
20	19	 8689.57
20	21	 6317.51
20	22	 7001.99
21	20	 6254.87
21	22	 8605.43
21	24	10305.93
22	15	18365.78
22	20	 7003.46
22	21	 8593.04
22	23	 9659.23
23	14	 8387.36
23	22	 9622.45
23	24	 7895.62
24	13	11104.80
24	21	10255.68
24	23	 7854.17
