0.000000000000000000e+00 1.000000000000000000e+00 4.532023347255631052e+03
0.000000000000000000e+00 2.000000000000000000e+00 8.128391665347895469e+03
1.000000000000000000e+00 0.000000000000000000e+00 4.529029714660819991e+03
1.000000000000000000e+00 5.000000000000000000e+00 6.012587561676058613e+03
2.000000000000000000e+00 0.000000000000000000e+00 8.131385297942713805e+03
2.000000000000000000e+00 3.000000000000000000e+00 1.421060065631465659e+04
2.000000000000000000e+00 1.100000000000000000e+01 1.051341287474860474e+04
3.000000000000000000e+00 2.000000000000000000e+00 1.450292801038518337e+04
3.000000000000000000e+00 4.000000000000000000e+00 1.820486495217237098e+04
3.000000000000000000e+00 1.000000000000000000e+01 4.718048130199784282e+03
4.000000000000000000e+00 3.000000000000000000e+00 1.800601653784700829e+04
4.000000000000000000e+00 5.000000000000000000e+00 8.806098096139863628e+03
4.000000000000000000e+00 8.000000000000000000e+00 1.597521304252467053e+04
5.000000000000000000e+00 1.000000000000000000e+00 6.009593929081249371e+03
5.000000000000000000e+00 4.000000000000000000e+00 8.795369293773508616e+03
5.000000000000000000e+00 7.000000000000000000e+00 1.253787472494522808e+04
6.000000000000000000e+00 7.000000000000000000e+00 1.209949560609115542e+04
6.000000000000000000e+00 1.700000000000000000e+01 1.572894634504423811e+04
7.000000000000000000e+00 5.000000000000000000e+00 1.252415228998406019e+04
7.000000000000000000e+00 6.000000000000000000e+00 1.207661302591902677e+04
7.000000000000000000e+00 8.000000000000000000e+00 6.874568912457372790e+03
7.000000000000000000e+00 1.500000000000000000e+01 8.393999795641353558e+03
8.000000000000000000e+00 4.000000000000000000e+00 1.578709343056564830e+04
8.000000000000000000e+00 7.000000000000000000e+00 6.832698778970967396e+03
8.000000000000000000e+00 9.000000000000000000e+00 2.194002236065734178e+04
9.000000000000000000e+00 8.000000000000000000e+00 2.181003261521192690e+04
9.000000000000000000e+00 1.000000000000000000e+01 1.779632066853778088e+04
9.000000000000000000e+00 1.400000000000000000e+01 2.306081500987608524e+04
9.000000000000000000e+00 1.500000000000000000e+01 1.103311315414179444e+04
9.000000000000000000e+00 1.600000000000000000e+01 8.100264284609015704e+03
1.000000000000000000e+01 3.000000000000000000e+00 5.309223898595674655e+03
1.000000000000000000e+01 9.000000000000000000e+00 1.744611977904239029e+04
1.000000000000000000e+01 1.100000000000000000e+01 8.338307819313091386e+03
1.000000000000000000e+01 1.300000000000000000e+01 9.717785658701755892e+03
1.100000000000000000e+01 2.000000000000000000e+00 1.022407915327288538e+04
1.100000000000000000e+01 1.000000000000000000e+01 8.563610250955487572e+03
1.100000000000000000e+01 1.200000000000000000e+01 1.275206806984269497e+04
1.200000000000000000e+01 1.100000000000000000e+01 1.278803678000938817e+04
1.200000000000000000e+01 2.300000000000000000e+01 1.122032252230167069e+04
1.300000000000000000e+01 1.000000000000000000e+01 9.833458105959889508e+03
1.300000000000000000e+01 1.400000000000000000e+01 8.999508248912799900e+03
1.300000000000000000e+01 2.200000000000000000e+01 8.261662796528773470e+03
1.400000000000000000e+01 9.000000000000000000e+00 2.314461926480019611e+04
1.400000000000000000e+01 1.300000000000000000e+01 9.071977512835645030e+03
1.400000000000000000e+01 1.800000000000000000e+01 1.916590778780889741e+04
1.400000000000000000e+01 2.100000000000000000e+01 1.818951504143484271e+04
1.500000000000000000e+01 7.000000000000000000e+00 8.399264913994464223e+03
1.500000000000000000e+01 9.000000000000000000e+00 1.106952700747324525e+04
1.500000000000000000e+01 1.600000000000000000e+01 1.168962660273140864e+04
1.500000000000000000e+01 1.700000000000000000e+01 1.520613255722843860e+04
1.600000000000000000e+01 9.000000000000000000e+00 8.100257320403402446e+03
1.600000000000000000e+01 1.500000000000000000e+01 1.166680810009104061e+04
1.600000000000000000e+01 1.800000000000000000e+01 9.954826248666429819e+03
1.700000000000000000e+01 6.000000000000000000e+00 1.575182892521636859e+04
1.700000000000000000e+01 1.500000000000000000e+01 1.527063003155337537e+04
1.700000000000000000e+01 1.900000000000000000e+01 1.891021924629499335e+04
1.800000000000000000e+01 1.400000000000000000e+01 1.922616087693581358e+04
1.800000000000000000e+01 1.600000000000000000e+01 9.932000781820446718e+03
1.800000000000000000e+01 1.900000000000000000e+01 8.673600809952884447e+03
1.900000000000000000e+01 1.700000000000000000e+01 1.889759930079206242e+04
1.900000000000000000e+01 1.800000000000000000e+01 8.711028432233815693e+03
1.900000000000000000e+01 2.000000000000000000e+01 6.206566667799217612e+03
1.900000000000000000e+01 2.100000000000000000e+01 7.003548468673269781e+03
2.000000000000000000e+01 1.900000000000000000e+01 6.131218925107075847e+03
2.000000000000000000e+01 2.100000000000000000e+01 8.713763286655112097e+03
2.000000000000000000e+01 2.300000000000000000e+01 1.028181693937859382e+04
2.100000000000000000e+01 1.400000000000000000e+01 1.818553547115487891e+04
2.100000000000000000e+01 1.900000000000000000e+01 7.003703888143420954e+03
2.100000000000000000e+01 2.000000000000000000e+01 8.681373157065112537e+03
2.100000000000000000e+01 2.200000000000000000e+01 9.639360325044817728e+03
2.200000000000000000e+01 1.300000000000000000e+01 8.304865979864061956e+03
2.200000000000000000e+01 2.100000000000000000e+01 9.603146044644990980e+03
2.200000000000000000e+01 2.300000000000000000e+01 7.970706217383660260e+03
2.300000000000000000e+01 1.200000000000000000e+01 1.115629123246835297e+04
2.300000000000000000e+01 2.000000000000000000e+01 1.023885932627645525e+04
2.300000000000000000e+01 2.200000000000000000e+01 7.977695120319112903e+03
