i	j	o8d1
1	2	 4497.54
1	3	 8122.59
2	1	 4523.08
2	6	 5968.58
3	1	 8097.06
3	4	14017.82
3	12	10034.53
4	3	14039.34
4	5	18014.57
4	11	 5209.50
5	4	18037.83
5	6	 8796.81
5	9	15783.34
6	2	 5994.12
6	5	 8801.17
6	8	12494.10
7	8	12104.96
7	18	15797.79
8	6	12524.01
8	7	12043.33
8	9	 6883.52
8	16	 8386.37
9	5	15802.23
9	8	 6835.53
9	10	21750.78
10	9	21821.68
10	11	17729.52
10	15	23129.51
10	16	11045.66
10	17	 8100.57
11	4	 5307.76
11	10	17606.29
11	12	 8366.45
11	14	 9778.29
12	3	 9987.47
12	11	 8405.30
12	13	12301.26
13	12	12393.04
13	24	11118.75
14	11	 9814.48
14	15	 9037.88
14	23	 8399.45
15	10	23195.49
15	14	 9080.90
15	19	19082.37
15	22	18403.32
16	8	 8402.63
16	10	11073.78
16	17	11686.11
16	18	15288.42
17	10	 8100.60
17	16	11677.51
17	19	 9951.91
18	7	15859.42
18	16	15341.41
18	20	18988.72
19	15	19114.19
19	17	 9943.34
19	20	 8684.94
20	18	19003.34
20	19	 8708.17
20	21	 6305.31
20	22	 7002.65
21	20	 6242.53
21	22	 8618.53
21	24	10305.31
22	15	18380.51
22	20	 7003.29
22	21	 8604.50
22	23	 9658.64
23	14	 8392.62
23	22	 9622.44
23	24	 7901.93
24	13	11110.53
24	21	10256.56
24	23	 7858.90
