0.000000000000000000e+00 1.000000000000000000e+00 1.014758988931059139e+04
0.000000000000000000e+00 2.000000000000000000e+00 8.404038729974958187e+03
1.000000000000000000e+00 0.000000000000000000e+00 2.400014484376222299e+03
1.000000000000000000e+00 5.000000000000000000e+00 7.747575404934373182e+03
2.000000000000000000e+00 0.000000000000000000e+00 1.615161413490933410e+04
2.000000000000000000e+00 3.000000000000000000e+00 1.161340204921687291e+04
2.000000000000000000e+00 1.100000000000000000e+01 2.108720118764679137e+04
3.000000000000000000e+00 2.000000000000000000e+00 2.619608537194950259e+04
3.000000000000000000e+00 4.000000000000000000e+00 1.409236735359850900e+04
3.000000000000000000e+00 1.000000000000000000e+01 1.461311541563027822e+04
4.000000000000000000e+00 3.000000000000000000e+00 3.543592508660100430e+04
4.000000000000000000e+00 5.000000000000000000e+00 9.846767909148664330e+03
4.000000000000000000e+00 8.000000000000000000e+00 6.941450868147768233e+03
5.000000000000000000e+00 1.000000000000000000e+00 0.000000000000000000e+00
5.000000000000000000e+00 4.000000000000000000e+00 1.315427624885270598e+04
5.000000000000000000e+00 7.000000000000000000e+00 1.639158233271938298e+04
6.000000000000000000e+00 7.000000000000000000e+00 4.815541067121811466e+03
6.000000000000000000e+00 1.700000000000000000e+01 1.456029076299739791e+04
7.000000000000000000e+00 5.000000000000000000e+00 1.195151526748906144e+04
7.000000000000000000e+00 6.000000000000000000e+00 1.937583183011920482e+04
7.000000000000000000e+00 8.000000000000000000e+00 5.710998031234425071e+03
7.000000000000000000e+00 1.500000000000000000e+01 1.165683574023355504e+04
8.000000000000000000e+00 4.000000000000000000e+00 2.497750026144619551e+04
8.000000000000000000e+00 7.000000000000000000e+00 1.132165495164678032e+04
8.000000000000000000e+00 9.000000000000000000e+00 0.000000000000000000e+00
9.000000000000000000e+00 8.000000000000000000e+00 2.374670631371080526e+04
9.000000000000000000e+00 1.000000000000000000e+01 2.526229246354822681e+04
9.000000000000000000e+00 1.400000000000000000e+01 2.695465627831831443e+04
9.000000000000000000e+00 1.500000000000000000e+01 6.601348685982014104e+03
9.000000000000000000e+00 1.600000000000000000e+01 6.605363598318240292e+03
1.000000000000000000e+01 3.000000000000000000e+00 7.952241005360391682e+03
1.000000000000000000e+01 9.000000000000000000e+00 2.681516512679564039e+04
1.000000000000000000e+01 1.100000000000000000e+01 1.035872716343873799e+04
1.000000000000000000e+01 1.300000000000000000e+01 9.248553443653250724e+03
1.100000000000000000e+01 2.000000000000000000e+00 1.425209326984856307e+04
1.100000000000000000e+01 1.000000000000000000e+01 1.459927886006946937e+04
1.100000000000000000e+01 1.200000000000000000e+01 2.144596806980539259e+04
1.200000000000000000e+01 1.100000000000000000e+01 1.895141184863791568e+04
1.200000000000000000e+01 2.300000000000000000e+01 1.740481650387932677e+04
1.300000000000000000e+01 1.000000000000000000e+01 0.000000000000000000e+00
1.300000000000000000e+01 1.400000000000000000e+01 1.444999542685942106e+04
1.300000000000000000e+01 2.200000000000000000e+01 0.000000000000000000e+00
1.400000000000000000e+01 9.000000000000000000e+00 3.462080296021299728e+04
1.400000000000000000e+01 1.300000000000000000e+01 0.000000000000000000e+00
1.400000000000000000e+01 1.800000000000000000e+01 2.091144967708706099e+04
1.400000000000000000e+01 2.100000000000000000e+01 2.650938252086918874e+04
1.500000000000000000e+01 7.000000000000000000e+00 1.616640251758825616e+04
1.500000000000000000e+01 9.000000000000000000e+00 1.678718324467197453e+04
1.500000000000000000e+01 1.600000000000000000e+01 1.908212388983526762e+04
1.500000000000000000e+01 1.700000000000000000e+01 2.502223957118612816e+03
1.600000000000000000e+01 9.000000000000000000e+00 1.084721600819702326e+04
1.600000000000000000e+01 1.500000000000000000e+01 9.536423667102584659e+03
1.600000000000000000e+01 1.800000000000000000e+01 1.729275689938095456e+04
1.700000000000000000e+01 6.000000000000000000e+00 0.000000000000000000e+00
1.700000000000000000e+01 1.500000000000000000e+01 2.674332551589593641e+04
1.700000000000000000e+01 1.900000000000000000e+01 0.000000000000000000e+00
1.800000000000000000e+01 1.400000000000000000e+01 1.326574352796748099e+04
1.800000000000000000e+01 1.600000000000000000e+01 1.198890908652706457e+04
1.800000000000000000e+01 1.900000000000000000e+01 1.294955396197346272e+04
1.900000000000000000e+01 1.700000000000000000e+01 9.580810795779927503e+03
1.900000000000000000e+01 1.800000000000000000e+01 0.000000000000000000e+00
1.900000000000000000e+01 2.000000000000000000e+01 6.654485075202058397e+03
1.900000000000000000e+01 2.100000000000000000e+01 9.188138604633442810e+03
2.000000000000000000e+01 1.900000000000000000e+01 5.901492189448578756e+03
2.000000000000000000e+01 2.100000000000000000e+01 1.044667577463489397e+04
2.000000000000000000e+01 2.300000000000000000e+01 1.277845929062172763e+04
2.100000000000000000e+01 1.400000000000000000e+01 2.727123992502402689e+04
2.100000000000000000e+01 1.900000000000000000e+01 6.472388324193374501e+03
2.100000000000000000e+01 2.000000000000000000e+01 1.064864913346309550e+04
2.100000000000000000e+01 2.200000000000000000e+01 1.256642605610885221e+04
2.200000000000000000e+01 1.300000000000000000e+01 5.201441983206168516e+03
2.200000000000000000e+01 2.100000000000000000e+01 1.081450653865185086e+04
2.200000000000000000e+01 2.300000000000000000e+01 7.325390265879859726e+03
2.300000000000000000e+01 1.200000000000000000e+01 1.481026028271185533e+04
2.300000000000000000e+01 2.000000000000000000e+01 1.182349304604005920e+04
2.300000000000000000e+01 2.200000000000000000e+01 1.077491273162903235e+04
