i	j	       1	       2	       3	       4	       5	       6	       7	       8	       9	      10	      11	      12	      13	      14	      15	      16	      17	      18	      19	      20	      21	      22	      23	      24
1	2	 2599.97	    0.00	  264.97	  199.98	   17.83	    0.00	    0.01	    0.02	   35.65	  107.01	  199.98	  463.89	  458.01	  100.00	   17.84	    0.02	    0.03	    0.00	    0.02	    0.00	    0.01	    0.04	    0.28	   29.30
1	3	 6200.03	 1149.79	    0.00	    0.00	    0.00	  235.73	  161.53	  280.58	    0.00	    0.00	    0.00	    0.00	    0.00	    0.00	    0.00	   57.85	    0.00	   39.64	    0.00	    0.04	    0.00	    0.00	    0.00	    0.00
2	1	    0.00	 1249.79	    0.00	    0.00	    0.00	  535.73	  661.51	 1080.55	    0.00	    0.00	    0.00	    0.00	    0.00	    0.00	    0.00	  557.80	    0.66	  139.64	    0.03	  300.03	    0.00	    0.00	    0.00	    0.00
2	6	 2499.97	 2750.21	  164.97	    0.00	    0.00	    0.00	    0.00	    0.00	    0.00	    0.00	    0.00	  363.89	  158.01	    0.01	    0.00	    0.00	    0.00	    0.00	    0.00	    0.00	    0.01	    0.01	    0.28	   29.30
3	1	    0.00	    0.00	  364.97	  699.98	  217.83	    0.00	    0.03	    0.05	  535.65	 1407.01	  699.98	  663.89	  958.01	  400.00	  517.84	    0.07	  399.37	    0.00	  300.00	    0.02	  100.01	  400.04	  300.28	  129.30
3	4	 4499.77	  649.64	 1934.94	    0.00	    0.00	    0.00	    0.00	    0.00	    0.00	    0.00	    0.00	 3743.62	 2515.98	    0.00	    0.00	    0.00	    0.00	    0.00	    0.00	    0.00	  202.23	    0.09	    1.43	  470.48
3	12	 1600.26	  400.15	  500.09	 1601.74	  402.90	  500.41	  757.36	 1200.00	 1399.61	  769.96	    0.44	    0.00	    0.00	    0.08	   65.82	  391.66	  217.05	  198.74	   28.21	    0.15	    0.00	    0.00	    0.00	    0.00
4	3	    0.00	    0.00	    0.00	 2501.73	  720.73	  564.68	  695.85	 1119.47	 2035.27	 2476.97	 1000.29	    0.00	    0.00	  499.93	  683.61	  533.88	  716.42	  159.10	  328.20	    0.12	    0.00	    0.04	    0.03	    0.00
4	5	 3197.14	  149.66	 1334.49	 6696.14	    0.00	    0.00	    0.00	    0.00	    0.00	    0.06	  906.35	 3143.32	 1915.81	  199.99	    0.01	    0.00	    0.02	    0.00	    0.00	    0.00	    2.24	    0.02	  199.70	  270.46
4	11	  802.63	  300.03	  400.45	 2402.13	  699.75	  599.60	    0.45	    4.32	    0.06	    0.16	    0.00	    0.30	    0.17	    0.06	    0.06	    0.14	    0.04	    0.02	    0.02	    0.02	    0.02	    0.04	    0.05	    0.02
5	4	    0.00	    0.04	    0.00	    0.00	 1920.48	 1564.28	 1096.30	 1823.78	 2735.32	 3676.73	    0.00	    0.00	    0.00	    0.08	 1182.25	 1334.02	 1216.33	  259.12	  527.65	  300.15	    0.03	  399.47	    0.00	    0.00
5	6	    0.00	    0.00	  527.26	 2143.94	 1266.14	    0.00	    0.02	    0.03	  564.35	 1292.86	  405.17	 1455.71	  589.64	  100.00	  282.10	    0.04	    0.07	    0.00	    0.05	    0.01	    0.00	    0.01	   99.70	   70.69
5	9	 2997.14	  899.91	  707.23	 4052.20	 2913.37	 1400.12	    0.00	    0.00	    0.00	    0.00	    1.19	 1487.60	 1126.17	    0.00	    0.00	    0.00	    0.00	    0.00	    0.00	    0.00	    0.02	    0.00	    0.00	  199.77
6	2	    0.00	    0.00	    0.00	    0.02	   82.17	  935.73	  861.50	 1480.53	  164.35	  492.99	    0.02	    0.00	    0.00	    0.01	   82.16	  957.78	  200.63	  139.64	  100.00	  400.02	    0.00	   99.97	    0.00	    0.00
6	5	    0.00	  850.30	    0.00	    0.00	    0.00	 3164.40	 1071.70	 1913.51	    0.00	    0.00	    0.00	    0.00	    0.00	    0.00	    0.00	 1256.31	    0.07	  213.08	    0.03	  330.90	    0.01	    0.02	    0.00	    0.00
6	8	 2199.97	 1499.91	  392.23	 1743.92	  983.97	 3499.87	    0.00	    0.00	    0.00	    0.00	    5.15	 1619.60	  547.65	    0.00	    0.00	    0.00	    0.00	    0.00	    0.00	    0.00	    0.00	    0.00	    0.00	    0.00
7	8	    0.00	    0.00	    0.00	    0.00	    0.00	    0.00	 4159.07	    0.00	    0.00	    0.00	    0.00	    0.00	    0.00	  399.41	  599.22	  412.03	  140.51	  998.60	  998.47	 2599.55	  499.91	  799.81	  299.96	  199.97
7	18	  428.94	  334.76	    9.45	  434.36	  121.60	  981.08	 7940.93	 4507.26	  827.26	    0.44	    0.15	  218.93	    0.07	    0.00	    0.00	    0.00	    0.02	    0.00	    0.00	    0.00	    0.00	    0.00	    0.00	    0.00
8	6	    0.00	    0.00	    0.00	    0.00	    0.00	    0.00	 2333.19	 4194.01	    0.00	    0.12	    0.00	    0.00	    0.00	    0.00	    0.05	 3114.06	  700.63	  452.72	  299.98	 1030.91	  100.00	  299.96	    0.01	    0.01
8	7	  928.88	  534.74	  109.42	  834.24	  321.54	 1381.03	    0.00	 5507.14	 1427.02	    5.77	    2.36	  918.71	   72.68	    0.00	    0.00	    0.00	    0.10	    0.00	    0.00	    0.00	    0.00	    0.00	    0.00	    0.00
8	9	    0.00	    0.00	    0.00	    0.00	    0.00	    0.00	  825.88	 3605.69	    0.00	    0.00	    0.00	    0.00	    0.00	    0.00	    0.00	 1538.07	    0.00	  246.03	    0.00	  669.13	    0.00	    0.00	    0.00	    0.00
8	16	  471.16	  565.21	  173.38	  690.69	  431.61	 1318.93	    0.00	 3393.15	  870.32	    0.00	    0.20	  470.03	    0.34	    0.00	    0.00	    0.00	    0.00	    0.00	    0.00	    0.00	    0.00	    0.00	    0.00	    0.00
9	5	    0.00	    0.00	    0.00	    0.00	    0.00	    0.00	  224.62	  410.31	 4099.67	 5969.52	    0.00	    0.00	    0.00	    0.09	 1664.35	  577.74	 1416.31	   46.04	  627.67	   69.26	   97.80	  599.45	    0.00	    0.00
9	8	    0.08	    0.04	   90.57	  481.00	  269.18	    0.09	    0.00	    0.00	 3097.34	 1605.45	  797.41	  369.14	  125.37	    0.05	    0.00	    0.00	    0.20	    0.00	    0.00	    0.00	    0.00	    0.00	    0.00	    0.00
9	10	 2497.07	  699.87	  516.66	 2871.20	 1844.20	 1000.03	    1.40	 2395.44	 9002.99	    0.00	    0.00	  518.52	  400.85	    0.00	    0.00	    0.27	    0.00	    0.14	    0.00	    0.43	    0.00	    0.00	    0.00	    0.00
10	9	    0.00	    0.00	    0.00	    0.00	    0.00	    0.00	    0.14	    0.06	    0.00	10374.98	 2196.23	    0.05	    0.05	  600.15	 2664.35	  439.94	 2316.51	    0.15	 1027.67	    0.56	  397.78	 1299.45	  500.00	    0.23
10	11	    0.00	    0.00	    0.00	    0.00	    0.00	    0.00	  499.46	  795.72	 1717.95	 8302.98	    0.00	    0.00	    0.00	    0.00	 1262.66	 1708.59	 1882.66	  199.95	  416.54	  435.32	    0.80	  504.16	    0.00	    0.00
10	15	  799.39	   99.97	   99.93	 1098.45	  597.33	  200.06	    0.00	    0.00	 3082.37	14591.18	 1908.41	  649.17	    3.99	    0.00	    0.00	    0.00	    0.74	    0.00	    0.00	    0.00	    0.00	    0.00	    0.00	    0.00
10	16	    0.00	    0.00	   17.21	   75.17	   46.92	    0.00	    0.00	    0.00	  502.81	 8030.58	 2160.94	  210.79	    0.63	    0.09	    0.00	    0.00	    0.00	    0.00	    0.00	    0.00	    0.00	    0.00	    0.00	    0.00
10	17	  399.90	    0.02	   99.98	  499.88	  199.95	    0.04	    0.08	    0.11	  899.86	 3900.29	  999.88	  599.85	  499.88	    0.05	    0.11	    0.11	    0.00	    0.05	    0.07	    0.13	    0.05	    0.13	    0.05	    0.02
11	4	    0.00	    0.00	    0.00	    0.00	    0.00	    0.00	    0.00	    0.00	    0.00	    0.47	 3406.64	    0.00	    0.00	 1199.90	    1.42	    0.00	    0.15	    0.00	    0.58	    0.00	    0.00	    0.54	  698.36	    0.00
11	10	    2.23	    0.06	    0.46	    2.30	    0.00	    0.00	    0.00	    0.00	    0.00	    0.00	11165.45	 2941.35	 2003.70	 1129.20	    0.00	    0.00	    0.00	    0.00	    0.00	    0.00	    0.07	    0.00	  313.75	   46.20
11	12	    0.00	    0.00	    0.00	    0.00	    0.00	    0.00	    0.05	    0.00	    0.15	 3130.04	 2400.06	    0.00	    0.00	  726.43	  641.11	  308.89	  882.79	    0.03	  274.74	    0.00	    0.00	    0.00	    0.00	    0.00
11	14	  300.66	  100.06	  100.09	  999.90	  199.77	  199.65	    0.00	    0.03	  317.86	 1172.63	 5327.85	 1050.71	    9.74	    0.00	    0.00	    0.00	    0.00	    0.00	    0.00	    0.00	    0.00	    0.00	    0.00	    0.00
12	3	    0.00	    0.00	    0.00	    0.00	    0.00	    0.00	    0.00	    0.00	    0.00	    0.00	    0.13	 4607.51	 3573.99	    0.15	    0.05	    0.00	    0.00	    0.00	    0.00	    0.00	  302.23	  500.09	  401.68	  599.78
12	11	    0.26	    0.09	    0.09	    0.07	    0.02	    0.05	    0.00	    0.00	    0.00	    0.00	    0.00	 5391.76	 3013.28	    0.00	    0.00	    0.00	    0.00	    0.00	    0.00	    0.00	    0.03	    0.00	    0.09	    0.17
12	13	 1400.00	  300.07	  299.99	 1001.68	  202.89	  300.36	   57.50	  600.00	  799.76	 1900.00	 1000.36	 3900.73	    0.00	   26.60	    6.87	    0.55	  499.83	    0.02	    2.94	    0.04	    0.00	    0.00	    0.00	    0.00
13	12	    0.00	    0.00	    0.00	    0.00	    0.00	    0.00	    0.09	    0.00	    0.00	    0.00	    0.00	    0.00	 7887.27	    0.25	    0.00	    0.00	    0.00	    1.25	    0.00	  499.89	  602.26	 1200.09	 1101.77	 1099.95
13	24	  900.00	    0.07	  199.99	  401.68	    2.89	  100.36	    0.00	    0.00	  199.76	    0.00	    0.36	 2600.73	 6712.73	    0.00	    0.00	    0.00	    0.00	    0.00	    0.00	    0.00	    0.00	    0.00	    0.00	    0.00
14	11	    0.00	    0.00	    0.00	    0.00	    0.00	    0.00	    0.14	    0.00	    0.00	    0.00	    0.00	    0.00	    0.00	 4655.46	  779.81	    0.16	    0.24	    0.06	  258.75	  164.65	  399.23	  596.34	 2311.96	  646.01
14	15	    0.62	    0.06	    0.08	    0.59	    0.00	    0.00	    0.00	    0.00	    0.00	    0.00	 1031.41	  350.87	   88.83	 6218.58	    0.00	    0.00	    0.00	    0.00	    0.00	    0.00	    0.00	    0.00	 1229.05	  116.68
14	23	    0.09	    0.01	    0.02	  499.34	   99.77	   99.65	    0.00	    0.00	  194.58	  811.52	 2696.51	    0.20	    0.00	 3225.96	  422.28	    0.00	  215.79	    0.00	  132.24	    0.00	    0.00	    0.00	    0.00	    0.00
15	10	    0.00	    0.00	    0.00	    0.00	    0.00	    0.00	    0.00	    0.00	    0.00	    0.00	    0.00	    0.00	    0.00	 1571.09	 7927.12	    0.49	    0.88	    0.10	 3244.09	 1708.99	 1598.56	 4403.73	 1986.30	  754.05
15	14	    0.00	    0.00	    0.00	    0.00	    0.01	    0.00	  200.12	  399.91	  476.72	 1738.89	    0.06	    0.00	    0.00	    0.00	 2502.09	  700.06	  916.03	  100.04	  690.98	  664.55	    1.81	  687.10	    0.00	    0.00
15	19	  300.02	    0.04	    0.01	  200.05	  100.02	    0.08	    0.01	    0.02	  400.12	 3263.95	  836.31	  300.04	  277.97	 2898.26	 5899.51	    0.05	    0.40	    0.01	    0.00	    0.04	  552.70	 2899.93	  899.99	  254.28
15	22	    0.00	    0.00	    0.00	  398.98	  297.30	    0.00	    0.00	    0.00	 1305.53	 5588.33	  703.45	    0.00	    0.00	  449.22	 5071.28	    0.23	 2492.63	    0.00	 2094.74	    0.00	    0.00	    0.00	    0.00	    0.00
16	8	    0.00	    0.00	    0.00	    0.00	    0.00	    0.00	    0.00	    0.00	    0.00	    0.44	    0.00	    0.00	    0.00	    0.54	    0.83	 6440.10	 1960.02	    0.15	    1.51	    0.50	    0.10	    0.15	    0.06	    0.04
16	10	    0.00	    0.05	    0.00	    0.00	    0.00	    0.07	 2397.96	    0.44	    0.00	    0.00	    0.00	    0.00	    0.00	    0.00	    0.00	 6546.45	    0.56	  899.75	    0.19	 1226.33	    0.00	    0.00	    0.00	    0.00
16	17	    0.10	  200.05	    0.02	    0.10	    0.04	  500.09	 1000.46	 1400.86	    0.11	    0.50	    0.09	    0.10	    0.04	    0.00	    0.00	 5965.48	    0.00	  600.22	    0.00	 1537.66	  350.61	    0.00	    0.00	  129.33
16	18	    0.25	    0.12	    0.02	    0.39	    0.13	    0.44	    0.00	    1.87	    0.87	 3630.87	  761.28	    0.37	    0.06	    0.14	    0.33	 7147.97	 3756.62	    0.00	    0.41	    0.00	    0.00	    0.00	    0.00	    0.00
17	10	    0.00	    0.00	    0.00	    0.00	    0.00	    0.00	    0.31	    0.00	    0.00	    0.00	    0.00	    0.00	    0.00	    0.00	    0.00	    1.44	 8098.46	    0.15	    0.00	    0.26	    0.00	    0.00	    0.00	    0.00
17	16	    0.00	    0.00	    0.00	    0.00	    0.00	    0.00	    0.00	    0.00	    0.00	    0.91	    0.12	    0.00	    0.00	  690.84	 1184.45	    0.00	 8517.09	    0.00	 1284.02	    0.00	    0.05	    0.11	    0.04	    0.03
17	19	    0.03	    0.06	    0.00	    0.02	    0.01	    0.13	    0.22	    0.97	    0.04	    0.16	    0.00	    0.00	    0.00	    0.00	    0.00	 3164.15	 6784.45	    0.12	    0.00	    0.00	    0.00	    0.00	    0.00	    0.00
18	7	    0.06	    0.02	    0.02	    0.13	    0.06	    0.04	    0.00	    0.11	    0.24	 1894.67	  497.79	    0.22	  327.39	  599.41	 1099.22	 1812.03	 1140.43	 1198.60	 1398.47	 3099.55	  699.91	 1299.81	  499.96	  299.97
18	16	   29.18	   35.01	    9.45	   34.64	   21.65	   81.68	 4798.42	  210.02	   27.86	    0.33	    0.11	   19.65	  599.13	    9.74	   16.71	    0.00	    0.11	 2000.13	   18.09	 4364.49	  950.65	 1200.05	  500.01	  429.34
18	20	  299.95	  299.85	    0.00	  299.99	  100.02	  799.80	 2942.52	 3999.00	  600.04	 1036.52	  163.56	    0.06	    0.00	    0.00	    0.00	 4835.94	 2016.23	 1601.27	    0.00	    0.00	    0.00	    0.00	    0.00	    0.00
19	15	    0.00	    0.01	    0.00	    0.00	    0.00	    0.02	  700.01	  999.80	    0.00	    0.00	    0.00	    0.00	    0.00	    0.00	    0.00	 1900.30	 4909.20	  300.05	 6829.81	 3472.88	    0.15	    0.37	    0.15	    0.07
19	17	    0.03	    0.00	    0.01	    0.04	    0.01	    0.00	    0.00	    0.00	    0.06	    0.28	    0.16	    0.04	    0.08	 1390.79	 2684.34	    0.00	    0.00	    0.00	 2983.95	  162.47	  249.40	 1699.98	  600.00	  170.67
19	20	    0.02	    0.00	    0.00	    0.04	    0.02	    0.02	    0.00	    0.00	    0.09	 1463.83	  436.15	    0.00	    0.00	 1207.49	 2415.17	    0.00	  175.66	    0.00	 2986.24	    0.00	    0.00	    0.00	    0.00	    0.00
20	18	    0.00	    0.00	    0.00	    0.00	    0.00	    0.00	    0.00	    0.00	    0.00	    0.20	    0.03	    0.63	 1026.39	  709.01	 1315.60	    0.00	    0.13	    0.00	 1716.15	 7864.04	 1750.55	 2799.86	 1099.97	  729.32
20	19	    0.00	   99.91	    0.00	    0.00	    0.00	  199.84	 1099.77	 1698.81	    0.00	    0.00	    0.00	    0.00	   22.11	    0.01	    0.00	   36.10	    0.00	  599.92	    0.00	 4835.31	   96.85	    0.42	    0.17	   16.46
20	21	    0.00	    0.00	    0.00	    0.01	    0.01	  100.00	  642.76	  600.22	    0.07	    0.18	    0.02	    0.01	    0.02	    0.02	    0.03	 1499.97	  491.71	  201.38	   70.16	 2700.56	    0.00	    0.07	    0.03	    0.02
20	22	    0.00	   99.94	    0.00	    0.02	    0.02	  199.99	  699.98	  799.97	    0.06	    0.21	    0.04	    0.00	    0.00	    0.00	    0.16	 1699.87	    0.10	  399.98	    0.08	 3100.09	    0.17	    0.00	    0.00	    0.00
21	20	    0.04	    0.00	    0.00	    0.00	    0.00	    0.00	    0.00	    0.00	    0.00	    0.09	    0.02	  400.51	 1648.34	    0.07	    0.14	    0.00	    0.06	    0.00	    0.15	    0.00	 3047.57	    0.53	    1.16	 1145.49
21	22	  263.34	    0.04	   65.83	    0.10	    0.00	    0.02	    0.08	    0.10	    0.00	    0.00	    0.00	  460.84	 1465.09	    0.00	    0.00	    0.42	    0.00	    0.10	    0.00	    0.51	 4753.97	    0.00	    0.48	 1607.07
21	24	    0.00	    0.00	    0.00	    0.00	    0.00	    0.02	  442.69	  200.14	    0.02	  485.28	    0.00	    0.00	    0.00	    0.00	  681.83	  899.66	  207.68	  101.28	  250.32	 1500.13	 3198.46	 2340.12	    0.00	    0.00
22	15	    0.00	    0.00	    0.00	    0.00	    0.00	    0.00	    0.12	    0.13	    0.00	    0.00	    0.00	    0.00	  885.15	    0.00	    0.00	    0.53	    0.00	    0.11	    0.00	    0.70	 2952.92	10590.39	 2657.08	 1291.59
22	20	    0.00	    0.00	    0.00	    0.00	    0.00	    0.00	    0.00	    0.00	    0.00	    0.15	    0.36	    0.07	    0.18	    1.49	    0.48	    0.00	    0.00	    0.00	    0.00	    0.00	    0.00	 5199.82	 1799.00	    0.30
22	21	    0.01	    0.00	    0.00	    0.02	   97.42	    0.00	    0.01	    0.02	  299.95	 1685.18	    1.64	    0.00	    0.00	    1.03	 1481.93	    0.12	  316.04	    0.01	  580.30	    0.07	    0.00	 4140.58	    0.28	    0.00
22	23	    0.00	    0.00	    0.00	    0.00	    0.00	    0.01	  199.93	  299.91	  305.63	 1303.20	    0.00	    0.00	    0.00	    0.00	  989.02	  499.88	  476.69	   99.96	  314.51	  699.83	    1.22	 4469.21	    0.00	    0.00
23	14	    0.05	    0.02	    0.02	    0.02	    0.00	    0.00	    0.03	    0.05	    0.00	    0.00	    0.00	    0.36	  679.09	    0.00	    0.00	    0.09	    0.00	    0.01	    0.01	    0.10	  797.41	 1109.24	 4641.01	 1162.69
23	22	  136.67	    0.02	   34.17	    0.92	    0.09	    0.00	    0.00	    0.00	    0.00	    0.00	  398.51	  239.23	  720.24	  753.29	    0.00	    0.00	    0.00	    0.00	    0.00	    0.00	    0.00	    0.00	 6555.89	  784.82
23	24	    0.00	    0.00	    0.00	    0.02	    0.00	    0.01	    0.01	    0.02	    0.22	  314.72	  998.05	    0.00	    0.00	 1372.67	  411.30	    0.05	   92.48	    0.00	  146.74	    0.08	    0.06	 1260.85	 3303.10	    0.00
24	13	    0.00	    0.00	    0.00	    0.00	    0.00	    0.00	  342.59	    0.00	    0.00	    0.00	    0.00	    0.00	    0.00	  573.65	  693.13	  599.45	    0.17	  101.23	  297.06	 1099.85	 1202.26	 2500.09	 1901.77	 1799.95
24	21	  363.36	    0.04	   65.83	  200.07	    2.57	    0.04	    0.00	    0.00	    0.00	    0.00	  398.37	 1161.34	 3713.40	  399.02	    0.00	    0.00	    0.00	    0.00	    0.00	    0.00	    0.00	    0.00	  701.33	 3252.55
24	23	  436.63	    0.03	  134.16	    1.62	    0.32	    0.35	    0.11	    0.16	    0.00	    0.00	    0.05	  939.39	 2199.33	    0.00	    0.00	    0.27	    0.00	    0.05	    0.00	    0.36	 1496.25	    0.88	    0.00	 2647.50
