0.000000000000000000e+00 1.000000000000000000e+00 4.511197989042580048e+03
0.000000000000000000e+00 2.000000000000000000e+00 8.171826136804464113e+03
1.000000000000000000e+00 0.000000000000000000e+00 4.572009256830955565e+03
1.000000000000000000e+00 5.000000000000000000e+00 5.969390389236489682e+03
2.000000000000000000e+00 0.000000000000000000e+00 8.111014869016089506e+03
2.000000000000000000e+00 3.000000000000000000e+00 1.411186751706054201e+04
2.000000000000000000e+00 1.100000000000000000e+01 1.028510669355521713e+04
3.000000000000000000e+00 2.000000000000000000e+00 1.425261691376726412e+04
3.000000000000000000e+00 4.000000000000000000e+00 1.811038889625113370e+04
3.000000000000000000e+00 1.000000000000000000e+01 5.210145380150502206e+03
4.000000000000000000e+00 3.000000000000000000e+00 1.825103621569556344e+04
4.000000000000000000e+00 5.000000000000000000e+00 8.792348566710297746e+03
4.000000000000000000e+00 8.000000000000000000e+00 1.577409436476699739e+04
5.000000000000000000e+00 1.000000000000000000e+00 6.030201657024863380e+03
5.000000000000000000e+00 4.000000000000000000e+00 8.808888023490999331e+03
5.000000000000000000e+00 7.000000000000000000e+00 1.250318621564299428e+04
6.000000000000000000e+00 7.000000000000000000e+00 1.218251918483420013e+04
6.000000000000000000e+00 1.700000000000000000e+01 1.555437658690082390e+04
7.000000000000000000e+00 5.000000000000000000e+00 1.258053694021207411e+04
7.000000000000000000e+00 6.000000000000000000e+00 1.206492749209620706e+04
7.000000000000000000e+00 8.000000000000000000e+00 6.926993050261124154e+03
7.000000000000000000e+00 1.500000000000000000e+01 8.391780038056713238e+03
8.000000000000000000e+00 4.000000000000000000e+00 1.589820222743071281e+04
8.000000000000000000e+00 7.000000000000000000e+00 6.853615599259213923e+03
8.000000000000000000e+00 9.000000000000000000e+00 2.171787258178281263e+04
9.000000000000000000e+00 8.000000000000000000e+00 2.186860299344459054e+04
9.000000000000000000e+00 1.000000000000000000e+01 1.770371754357874670e+04
9.000000000000000000e+00 1.400000000000000000e+01 2.310909126262186692e+04
9.000000000000000000e+00 1.500000000000000000e+01 1.106156456312973751e+04
9.000000000000000000e+00 1.600000000000000000e+01 8.100712381770880711e+03
1.000000000000000000e+01 3.000000000000000000e+00 5.310247457412806398e+03
1.000000000000000000e+01 9.000000000000000000e+00 1.757830623003742949e+04
1.000000000000000000e+01 1.100000000000000000e+01 8.422205925541897159e+03
1.000000000000000000e+01 1.300000000000000000e+01 9.759421783884079559e+03
1.100000000000000000e+01 2.000000000000000000e+00 1.008354602906013497e+04
1.100000000000000000e+01 1.000000000000000000e+01 8.412514860877876345e+03
1.100000000000000000e+01 1.200000000000000000e+01 1.261176545982076277e+04
1.200000000000000000e+01 1.100000000000000000e+01 1.250051373066164342e+04
1.200000000000000000e+01 2.300000000000000000e+01 1.111475522504616310e+04
1.300000000000000000e+01 1.000000000000000000e+01 9.843803612269075529e+03
1.300000000000000000e+01 1.400000000000000000e+01 9.038211686550474042e+03
1.300000000000000000e+01 2.200000000000000000e+01 8.332776610506865836e+03
1.400000000000000000e+01 9.000000000000000000e+00 2.324786399926332524e+04
1.400000000000000000e+01 1.300000000000000000e+01 9.057948078218139926e+03
1.400000000000000000e+01 1.800000000000000000e+01 1.911914326324831200e+04
1.400000000000000000e+01 2.100000000000000000e+01 1.831680004741096855e+04
1.500000000000000000e+01 7.000000000000000000e+00 8.424916520889717503e+03
1.500000000000000000e+01 9.000000000000000000e+00 1.109893809820745992e+04
1.500000000000000000e+01 1.600000000000000000e+01 1.171648283832794914e+04
1.500000000000000000e+01 1.700000000000000000e+01 1.515779060017821757e+04
1.600000000000000000e+01 9.000000000000000000e+00 8.100707835254864221e+03
1.600000000000000000e+01 1.500000000000000000e+01 1.171011704399318296e+04
1.600000000000000000e+01 1.800000000000000000e+01 9.943337928951114009e+03
1.700000000000000000e+01 6.000000000000000000e+00 1.567196827963881697e+04
1.700000000000000000e+01 1.500000000000000000e+01 1.523466641242371770e+04
1.700000000000000000e+01 1.900000000000000000e+01 1.877996999183767548e+04
1.800000000000000000e+01 1.400000000000000000e+01 1.914248835076147225e+04
1.800000000000000000e+01 1.600000000000000000e+01 9.936967588100307694e+03
1.800000000000000000e+01 1.900000000000000000e+01 8.717369827762595378e+03
1.900000000000000000e+01 1.700000000000000000e+01 1.887443749682114503e+04
1.900000000000000000e+01 1.800000000000000000e+01 8.734344574424947496e+03
1.900000000000000000e+01 2.000000000000000000e+01 6.151338437891520698e+03
1.900000000000000000e+01 2.100000000000000000e+01 7.002842678439100382e+03
2.000000000000000000e+01 1.900000000000000000e+01 6.162734503022909848e+03
2.000000000000000000e+01 2.100000000000000000e+01 8.612992550262764780e+03
2.000000000000000000e+01 2.300000000000000000e+01 1.023757361770757416e+04
2.100000000000000000e+01 1.400000000000000000e+01 1.835196408820693978e+04
2.100000000000000000e+01 1.900000000000000000e+01 7.002888864953543816e+03
2.100000000000000000e+01 2.000000000000000000e+01 8.592221545981688905e+03
2.100000000000000000e+01 2.200000000000000000e+01 9.622580159486773482e+03
2.200000000000000000e+01 1.300000000000000000e+01 8.397422047224183189e+03
2.200000000000000000e+01 2.100000000000000000e+01 9.637019382516113183e+03
2.200000000000000000e+01 2.300000000000000000e+01 7.761923818364516592e+03
2.300000000000000000e+01 1.200000000000000000e+01 1.090350349588704194e+04
2.300000000000000000e+01 2.000000000000000000e+01 1.026974068712003282e+04
2.300000000000000000e+01 2.200000000000000000e+01 7.841008478111170916e+03
