0.000000000000000000e+00 1.000000000000000000e+00 5.784462388373299291e+03
0.000000000000000000e+00 2.000000000000000000e+00 6.483944023191358610e+03
1.000000000000000000e+00 0.000000000000000000e+00 3.663328624454587498e+03
1.000000000000000000e+00 5.000000000000000000e+00 6.728778706611956295e+03
2.000000000000000000e+00 0.000000000000000000e+00 8.605077787110070858e+03
2.000000000000000000e+00 3.000000000000000000e+00 9.206608138075687748e+03
2.000000000000000000e+00 1.100000000000000000e+01 1.176680880262515166e+04
3.000000000000000000e+00 2.000000000000000000e+00 1.607958951293675636e+04
3.000000000000000000e+00 4.000000000000000000e+00 7.950509720208954604e+03
3.000000000000000000e+00 1.000000000000000000e+01 1.135511377422438454e+04
4.000000000000000000e+00 3.000000000000000000e+00 2.081890663330709140e+04
4.000000000000000000e+00 5.000000000000000000e+00 9.302454021543913768e+03
4.000000000000000000e+00 8.000000000000000000e+00 0.000000000000000000e+00
5.000000000000000000e+00 1.000000000000000000e+00 4.607644942693238590e+03
5.000000000000000000e+00 4.000000000000000000e+00 8.198767200405860422e+03
5.000000000000000000e+00 7.000000000000000000e+00 1.657700959077611697e+04
6.000000000000000000e+00 7.000000000000000000e+00 1.198230205067280622e+04
6.000000000000000000e+00 1.700000000000000000e+01 1.594887020225277956e+04
7.000000000000000000e+00 5.000000000000000000e+00 1.335218900571934137e+04
7.000000000000000000e+00 6.000000000000000000e+00 1.206623116502230732e+04
7.000000000000000000e+00 8.000000000000000000e+00 7.954682451173498521e+03
7.000000000000000000e+00 1.500000000000000000e+01 8.401926391483419138e+03
8.000000000000000000e+00 4.000000000000000000e+00 1.397208373423619378e+04
8.000000000000000000e+00 7.000000000000000000e+00 4.863019287832397822e+03
8.000000000000000000e+00 9.000000000000000000e+00 1.364682199645733272e+04
9.000000000000000000e+00 8.000000000000000000e+00 2.462724256735244126e+04
9.000000000000000000e+00 1.000000000000000000e+01 1.646456221557532626e+04
9.000000000000000000e+00 1.400000000000000000e+01 2.121634212163752818e+04
9.000000000000000000e+00 1.500000000000000000e+01 1.078976060592593785e+04
9.000000000000000000e+00 1.600000000000000000e+01 7.498683797823663554e+03
1.000000000000000000e+01 3.000000000000000000e+00 5.459698235987324551e+03
1.000000000000000000e+01 9.000000000000000000e+00 2.323849749086677548e+04
1.000000000000000000e+01 1.100000000000000000e+01 8.921938307338368759e+03
1.000000000000000000e+01 1.300000000000000000e+01 1.032141825740933746e+04
1.100000000000000000e+01 2.000000000000000000e+00 7.014961191682782555e+03
1.100000000000000000e+01 1.000000000000000000e+01 1.135940180984480685e+04
1.100000000000000000e+01 1.200000000000000000e+01 1.442445064265958899e+04
1.200000000000000000e+01 1.100000000000000000e+01 1.221006653422368436e+04
1.200000000000000000e+01 2.300000000000000000e+01 1.330900697173127446e+04
1.300000000000000000e+01 1.000000000000000000e+01 8.862474491957289501e+03
1.300000000000000000e+01 1.400000000000000000e+01 1.123957078382009968e+04
1.300000000000000000e+01 2.200000000000000000e+01 8.319367221294760384e+03
1.400000000000000000e+01 9.000000000000000000e+00 2.407662580572558363e+04
1.400000000000000000e+01 1.300000000000000000e+01 9.803556679189576244e+03
1.400000000000000000e+01 1.800000000000000000e+01 1.949456132927139333e+04
1.400000000000000000e+01 2.100000000000000000e+01 1.752137975916769210e+04
1.500000000000000000e+01 7.000000000000000000e+00 8.352698084117257167e+03
1.500000000000000000e+01 9.000000000000000000e+00 1.143428101115819663e+04
1.500000000000000000e+01 1.600000000000000000e+01 1.209916067165714594e+04
1.500000000000000000e+01 1.700000000000000000e+01 1.473884028168584155e+04
1.600000000000000000e+01 9.000000000000000000e+00 8.100365004106978631e+03
1.600000000000000000e+01 1.500000000000000000e+01 1.165998432288927324e+04
1.600000000000000000e+01 1.800000000000000000e+01 9.885864345479441909e+03
1.700000000000000000e+01 6.000000000000000000e+00 1.586494108790326936e+04
1.700000000000000000e+01 1.500000000000000000e+01 1.577330872831980014e+04
1.700000000000000000e+01 1.900000000000000000e+01 1.926816350875608987e+04
1.800000000000000000e+01 1.400000000000000000e+01 1.945655712745643541e+04
1.800000000000000000e+01 1.600000000000000000e+01 1.004836920299488520e+04
1.800000000000000000e+01 1.900000000000000000e+01 8.939474995995698919e+03
1.900000000000000000e+01 1.700000000000000000e+01 2.011870284104054736e+04
1.900000000000000000e+01 1.800000000000000000e+01 9.063975651696198838e+03
1.900000000000000000e+01 2.000000000000000000e+01 6.074280458119234027e+03
1.900000000000000000e+01 2.100000000000000000e+01 7.004502838916827386e+03
2.000000000000000000e+01 1.900000000000000000e+01 6.937399751182027103e+03
2.000000000000000000e+01 2.100000000000000000e+01 9.629991222833119537e+03
2.000000000000000000e+01 2.300000000000000000e+01 1.095344077934060624e+04
2.100000000000000000e+01 1.400000000000000000e+01 1.888365354044017658e+04
2.100000000000000000e+01 1.900000000000000000e+01 7.016423533838988078e+03
2.100000000000000000e+01 2.000000000000000000e+01 9.288845450879249256e+03
2.100000000000000000e+01 2.200000000000000000e+01 1.055434652092886972e+04
2.200000000000000000e+01 1.300000000000000000e+01 8.296437560473235862e+03
2.200000000000000000e+01 2.100000000000000000e+01 1.158739522516963007e+04
2.200000000000000000e+01 2.300000000000000000e+01 7.540240258249254111e+03
2.300000000000000000e+01 1.200000000000000000e+01 1.099462286329536983e+04
2.300000000000000000e+01 2.000000000000000000e+01 1.215770584435728415e+04
2.300000000000000000e+01 2.200000000000000000e+01 8.550359301668493572e+03
