0.000000000000000000e+00 1.000000000000000000e+00 4.675729003609820211e+03
0.000000000000000000e+00 2.000000000000000000e+00 8.311598289035644484e+03
1.000000000000000000e+00 0.000000000000000000e+00 4.712365142495720647e+03
1.000000000000000000e+00 5.000000000000000000e+00 5.960658520689768920e+03
2.000000000000000000e+00 0.000000000000000000e+00 8.274962150149742229e+03
2.000000000000000000e+00 3.000000000000000000e+00 1.403461340699768516e+04
2.000000000000000000e+00 1.100000000000000000e+01 1.003762206748828976e+04
3.000000000000000000e+00 2.000000000000000000e+00 1.403931723213820806e+04
3.000000000000000000e+00 4.000000000000000000e+00 1.803141729259217391e+04
3.000000000000000000e+00 1.000000000000000000e+01 5.211585564012890245e+03
4.000000000000000000e+00 3.000000000000000000e+00 1.803784603633744337e+04
4.000000000000000000e+00 5.000000000000000000e+00 8.794568117662580335e+03
4.000000000000000000e+00 8.000000000000000000e+00 1.581669625242441361e+04
5.000000000000000000e+00 1.000000000000000000e+00 5.997294659575672085e+03
5.000000000000000000e+00 4.000000000000000000e+00 8.807841858806670643e+03
5.000000000000000000e+00 7.000000000000000000e+00 1.247034463275833696e+04
6.000000000000000000e+00 7.000000000000000000e+00 1.209402862396288583e+04
6.000000000000000000e+00 1.700000000000000000e+01 1.569280433547038956e+04
7.000000000000000000e+00 5.000000000000000000e+00 1.252025451278832406e+04
7.000000000000000000e+00 6.000000000000000000e+00 1.199693183236418372e+04
7.000000000000000000e+00 8.000000000000000000e+00 6.875247457546906844e+03
7.000000000000000000e+00 1.500000000000000000e+01 8.368057306416461870e+03
8.000000000000000000e+00 4.000000000000000000e+00 1.580985125502559094e+04
8.000000000000000000e+00 7.000000000000000000e+00 6.794625610647122812e+03
8.000000000000000000e+00 9.000000000000000000e+00 2.181928267828856406e+04
9.000000000000000000e+00 8.000000000000000000e+00 2.183181583398994917e+04
9.000000000000000000e+00 1.000000000000000000e+01 1.771676983978769204e+04
9.000000000000000000e+00 1.400000000000000000e+01 2.306199800556922128e+04
9.000000000000000000e+00 1.500000000000000000e+01 1.101220982594467932e+04
9.000000000000000000e+00 1.600000000000000000e+01 8.300297059939708561e+03
1.000000000000000000e+01 3.000000000000000000e+00 5.309860645408167329e+03
1.000000000000000000e+01 9.000000000000000000e+00 1.761311391496235956e+04
1.000000000000000000e+01 1.100000000000000000e+01 8.375652795810117823e+03
1.000000000000000000e+01 1.300000000000000000e+01 9.765570475067694133e+03
1.100000000000000000e+01 2.000000000000000000e+00 9.996282103461851875e+03
1.100000000000000000e+01 1.000000000000000000e+01 8.419182528304207153e+03
1.100000000000000000e+01 1.200000000000000000e+01 1.231457411692027381e+04
1.200000000000000000e+01 1.100000000000000000e+01 1.241676388538792162e+04
1.200000000000000000e+01 2.300000000000000000e+01 1.109723375936820230e+04
1.300000000000000000e+01 1.000000000000000000e+01 9.816659899143545772e+03
1.300000000000000000e+01 1.400000000000000000e+01 9.029120861941908515e+03
1.300000000000000000e+01 2.200000000000000000e+01 8.386247690876118213e+03
1.400000000000000000e+01 9.000000000000000000e+00 2.322177833124226891e+04
1.400000000000000000e+01 1.300000000000000000e+01 9.083613408526964122e+03
1.400000000000000000e+01 1.800000000000000000e+01 1.897334365331636945e+04
1.400000000000000000e+01 2.100000000000000000e+01 1.838177975209249780e+04
1.500000000000000000e+01 7.000000000000000000e+00 8.401492241747519074e+03
1.500000000000000000e+01 9.000000000000000000e+00 1.106855807307186842e+04
1.500000000000000000e+01 1.600000000000000000e+01 1.160764235633058343e+04
1.500000000000000000e+01 1.700000000000000000e+01 1.526742842341456344e+04
1.600000000000000000e+01 9.000000000000000000e+00 8.100357567666171235e+03
1.600000000000000000e+01 1.500000000000000000e+01 1.168879284978434589e+04
1.600000000000000000e+01 1.800000000000000000e+01 1.000340469039592062e+04
1.700000000000000000e+01 6.000000000000000000e+00 1.578990112706909713e+04
1.700000000000000000e+01 1.500000000000000000e+01 1.527606111241909457e+04
1.700000000000000000e+01 1.900000000000000000e+01 1.898109342538141209e+04
1.800000000000000000e+01 1.400000000000000000e+01 1.911155860865862633e+04
1.800000000000000000e+01 1.600000000000000000e+01 9.884615691576138488e+03
1.800000000000000000e+01 1.900000000000000000e+01 8.653933994547123802e+03
1.900000000000000000e+01 1.700000000000000000e+01 1.898682290598465261e+04
1.900000000000000000e+01 1.800000000000000000e+01 8.673359951069582166e+03
1.900000000000000000e+01 2.000000000000000000e+01 6.326772757999966416e+03
1.900000000000000000e+01 2.100000000000000000e+01 7.001590007072661137e+03
2.000000000000000000e+01 1.900000000000000000e+01 6.250579316541688968e+03
2.000000000000000000e+01 2.100000000000000000e+01 8.605758937168273405e+03
2.000000000000000000e+01 2.300000000000000000e+01 1.030851286511197031e+04
2.100000000000000000e+01 1.400000000000000000e+01 1.835783766900838236e+04
2.100000000000000000e+01 1.900000000000000000e+01 7.002938885656632920e+03
2.100000000000000000e+01 2.000000000000000000e+01 8.585779276494555234e+03
2.100000000000000000e+01 2.200000000000000000e+01 9.661593108042094173e+03
2.200000000000000000e+01 1.300000000000000000e+01 8.382844568366912426e+03
2.200000000000000000e+01 2.100000000000000000e+01 9.619020242868218702e+03
2.200000000000000000e+01 2.300000000000000000e+01 7.888028459352322898e+03
2.300000000000000000e+01 1.200000000000000000e+01 1.109942352783584647e+04
2.300000000000000000e+01 2.000000000000000000e+01 1.025229908432741104e+04
2.300000000000000000e+01 2.200000000000000000e+01 7.842052471669232546e+03
