0.000000000000000000e+00 1.000000000000000000e+00 5.202532211382420428e+03
0.000000000000000000e+00 2.000000000000000000e+00 7.652581848978964445e+03
1.000000000000000000e+00 0.000000000000000000e+00 4.452517511306234155e+03
1.000000000000000000e+00 5.000000000000000000e+00 6.718703673190024347e+03
2.000000000000000000e+00 0.000000000000000000e+00 8.402596549055153446e+03
2.000000000000000000e+00 3.000000000000000000e+00 1.584260275968313545e+04
2.000000000000000000e+00 1.100000000000000000e+01 1.295315076113322539e+04
3.000000000000000000e+00 2.000000000000000000e+00 1.687941175467524226e+04
3.000000000000000000e+00 4.000000000000000000e+00 2.179351203169593282e+04
3.000000000000000000e+00 1.000000000000000000e+01 3.306620281301894920e+03
4.000000000000000000e+00 3.000000000000000000e+00 1.947650899937125359e+04
4.000000000000000000e+00 5.000000000000000000e+00 8.955505043084964200e+03
4.000000000000000000e+00 8.000000000000000000e+00 1.886397447011350596e+04
5.000000000000000000e+00 1.000000000000000000e+00 5.968688973113834436e+03
5.000000000000000000e+00 4.000000000000000000e+00 8.641621936026653202e+03
5.000000000000000000e+00 7.000000000000000000e+00 1.404799765269931777e+04
6.000000000000000000e+00 7.000000000000000000e+00 1.248258313653434925e+04
6.000000000000000000e+00 1.700000000000000000e+01 1.700146274428822289e+04
7.000000000000000000e+00 5.000000000000000000e+00 1.298409984556481504e+04
7.000000000000000000e+00 6.000000000000000000e+00 1.385794273596100720e+04
7.000000000000000000e+00 8.000000000000000000e+00 6.937626677271824519e+03
7.000000000000000000e+00 1.500000000000000000e+01 9.017421887762622646e+03
8.000000000000000000e+00 4.000000000000000000e+00 1.686085454484717411e+04
8.000000000000000000e+00 7.000000000000000000e+00 7.726627090931217936e+03
8.000000000000000000e+00 9.000000000000000000e+00 2.229583571189337090e+04
9.000000000000000000e+00 8.000000000000000000e+00 2.118171620028639154e+04
9.000000000000000000e+00 1.000000000000000000e+01 1.704532406424250803e+04
9.000000000000000000e+00 1.400000000000000000e+01 2.765568284402624704e+04
9.000000000000000000e+00 1.500000000000000000e+01 1.180137269825395924e+04
9.000000000000000000e+00 1.600000000000000000e+01 8.318533349085875670e+03
1.000000000000000000e+01 3.000000000000000000e+00 6.760432308618662319e+03
1.000000000000000000e+01 9.000000000000000000e+00 2.149278233076210017e+04
1.000000000000000000e+01 1.100000000000000000e+01 9.007755390601018007e+03
1.000000000000000000e+01 1.300000000000000000e+01 0.000000000000000000e+00
1.100000000000000000e+01 2.000000000000000000e+00 1.266635646621731212e+04
1.100000000000000000e+01 1.000000000000000000e+01 7.391627786913336422e+03
1.100000000000000000e+01 1.200000000000000000e+01 1.655521781579274102e+04
1.200000000000000000e+01 1.100000000000000000e+01 1.475229591718914344e+04
1.200000000000000000e+01 2.300000000000000000e+01 1.295217323180134917e+04
1.300000000000000000e+01 1.000000000000000000e+01 9.617397897524037035e+03
1.300000000000000000e+01 1.400000000000000000e+01 0.000000000000000000e+00
1.300000000000000000e+01 2.200000000000000000e+01 8.588076259129757091e+03
1.400000000000000000e+01 9.000000000000000000e+00 2.279777881855417945e+04
1.400000000000000000e+01 1.300000000000000000e+01 9.389296864911320881e+03
1.400000000000000000e+01 1.800000000000000000e+01 1.554843851231177177e+04
1.400000000000000000e+01 2.100000000000000000e+01 1.859480628669930593e+04
1.500000000000000000e+01 7.000000000000000000e+00 8.539883266395374449e+03
1.500000000000000000e+01 9.000000000000000000e+00 1.121673463159292260e+04
1.500000000000000000e+01 1.600000000000000000e+01 1.176864127895316597e+04
1.500000000000000000e+01 1.700000000000000000e+01 1.634416454503855675e+04
1.600000000000000000e+01 9.000000000000000000e+00 8.099497663092450239e+03
1.600000000000000000e+01 1.500000000000000000e+01 1.094157059635341466e+04
1.600000000000000000e+01 1.800000000000000000e+01 1.027604681401375092e+04
1.700000000000000000e+01 6.000000000000000000e+00 1.562610314486157404e+04
1.700000000000000000e+01 1.500000000000000000e+01 1.610905853961000139e+04
1.700000000000000000e+01 1.900000000000000000e+01 2.077803005485471658e+04
1.800000000000000000e+01 1.400000000000000000e+01 1.830195360755801812e+04
1.800000000000000000e+01 1.600000000000000000e+01 9.229940445420588730e+03
1.800000000000000000e+01 1.900000000000000000e+01 7.583440005756010578e+03
1.900000000000000000e+01 1.700000000000000000e+01 1.906756444999953965e+04
1.900000000000000000e+01 1.800000000000000000e+01 9.290848732409094737e+03
1.900000000000000000e+01 2.000000000000000000e+01 7.162749896979435107e+03
1.900000000000000000e+01 2.100000000000000000e+01 7.403909789745653143e+03
2.000000000000000000e+01 1.900000000000000000e+01 6.979553230135609738e+03
2.000000000000000000e+01 2.100000000000000000e+01 9.188826327446413416e+03
2.000000000000000000e+01 2.300000000000000000e+01 1.061634800506572174e+04
2.100000000000000000e+01 1.400000000000000000e+01 2.027268403089232379e+04
2.100000000000000000e+01 1.900000000000000000e+01 7.484049578387360270e+03
2.100000000000000000e+01 2.000000000000000000e+01 8.604987167579531160e+03
2.100000000000000000e+01 2.200000000000000000e+01 1.000481188183521226e+04
2.200000000000000000e+01 1.300000000000000000e+01 8.816177291742475063e+03
2.200000000000000000e+01 2.100000000000000000e+01 1.117899025480303499e+04
2.200000000000000000e+01 2.300000000000000000e+01 7.751375356783604730e+03
2.300000000000000000e+01 1.200000000000000000e+01 1.104925133319774432e+04
2.300000000000000000e+01 2.000000000000000000e+01 1.101699049808878226e+04
2.300000000000000000e+01 2.200000000000000000e+01 9.153654762364158159e+03
