0.000000000000000000e+00 1.000000000000000000e+00 4.495589674642381397e+03
0.000000000000000000e+00 2.000000000000000000e+00 8.120194885022214294e+03
1.000000000000000000e+00 0.000000000000000000e+00 4.521018475558930731e+03
1.000000000000000000e+00 5.000000000000000000e+00 5.966761653461123387e+03
2.000000000000000000e+00 0.000000000000000000e+00 8.094766084105668597e+03
2.000000000000000000e+00 3.000000000000000000e+00 1.402033824817202731e+04
2.000000000000000000e+00 1.100000000000000000e+01 1.003737504399763020e+04
3.000000000000000000e+00 2.000000000000000000e+00 1.404421933035407346e+04
3.000000000000000000e+00 4.000000000000000000e+00 1.801863361157723193e+04
3.000000000000000000e+00 1.000000000000000000e+01 5.211027499317942784e+03
4.000000000000000000e+00 3.000000000000000000e+00 1.804502672379672367e+04
4.000000000000000000e+00 5.000000000000000000e+00 8.797065435318416348e+03
4.000000000000000000e+00 8.000000000000000000e+00 1.578686560476033810e+04
5.000000000000000000e+00 1.000000000000000000e+00 5.992190454377667265e+03
5.000000000000000000e+00 4.000000000000000000e+00 8.806151346734926847e+03
5.000000000000000000e+00 7.000000000000000000e+00 1.249236412298462710e+04
6.000000000000000000e+00 7.000000000000000000e+00 1.210635918419508198e+04
6.000000000000000000e+00 1.700000000000000000e+01 1.580121221882066675e+04
7.000000000000000000e+00 5.000000000000000000e+00 1.252687883531769876e+04
7.000000000000000000e+00 6.000000000000000000e+00 1.204388057349657720e+04
7.000000000000000000e+00 8.000000000000000000e+00 6.882189623028693859e+03
7.000000000000000000e+00 1.500000000000000000e+01 8.384375118817273687e+03
8.000000000000000000e+00 4.000000000000000000e+00 1.580417280556332480e+04
8.000000000000000000e+00 7.000000000000000000e+00 6.835360962770969309e+03
8.000000000000000000e+00 9.000000000000000000e+00 2.174923977713198838e+04
9.000000000000000000e+00 8.000000000000000000e+00 2.181971831767724507e+04
9.000000000000000000e+00 1.000000000000000000e+01 1.772418222407100257e+04
9.000000000000000000e+00 1.400000000000000000e+01 2.312960570724446370e+04
9.000000000000000000e+00 1.500000000000000000e+01 1.104641565656873718e+04
9.000000000000000000e+00 1.600000000000000000e+01 8.100438900298191584e+03
1.000000000000000000e+01 3.000000000000000000e+00 5.308515469280481739e+03
1.000000000000000000e+01 9.000000000000000000e+00 1.760560744969200096e+04
1.000000000000000000e+01 1.100000000000000000e+01 8.363295924628409921e+03
1.000000000000000000e+01 1.300000000000000000e+01 9.778665285269360538e+03
1.100000000000000000e+01 2.000000000000000000e+00 9.988065160899053808e+03
1.100000000000000000e+01 1.000000000000000000e+01 8.404684137261216165e+03
1.100000000000000000e+01 1.200000000000000000e+01 1.230080714664031620e+04
1.200000000000000000e+01 1.100000000000000000e+01 1.239288547617454424e+04
1.200000000000000000e+01 2.300000000000000000e+01 1.111951305334935387e+04
1.300000000000000000e+01 1.000000000000000000e+01 9.816190268220098005e+03
1.300000000000000000e+01 1.400000000000000000e+01 9.035098943032107854e+03
1.300000000000000000e+01 2.200000000000000000e+01 8.400894202064606361e+03
1.400000000000000000e+01 9.000000000000000000e+00 2.319146947946315777e+04
1.400000000000000000e+01 1.300000000000000000e+01 9.078514996586738562e+03
1.400000000000000000e+01 1.800000000000000000e+01 1.908429591766849990e+04
1.400000000000000000e+01 2.100000000000000000e+01 1.840130243478703051e+04
1.500000000000000000e+01 7.000000000000000000e+00 8.403239880709526915e+03
1.500000000000000000e+01 9.000000000000000000e+00 1.107318394299937063e+04
1.500000000000000000e+01 1.600000000000000000e+01 1.168775993815775109e+04
1.500000000000000000e+01 1.700000000000000000e+01 1.529047715260828772e+04
1.600000000000000000e+01 9.000000000000000000e+00 8.100860156573126005e+03
1.600000000000000000e+01 1.500000000000000000e+01 1.167747158720877269e+04
1.600000000000000000e+01 1.800000000000000000e+01 9.952273468947023503e+03
1.700000000000000000e+01 6.000000000000000000e+00 1.586369082951917517e+04
1.700000000000000000e+01 1.500000000000000000e+01 1.534639855188014371e+04
1.700000000000000000e+01 1.900000000000000000e+01 1.898782506929412921e+04
1.800000000000000000e+01 1.400000000000000000e+01 1.911338730141832275e+04
1.800000000000000000e+01 1.600000000000000000e+01 9.942406374272992252e+03
1.800000000000000000e+01 1.900000000000000000e+01 8.686724352127874226e+03
1.900000000000000000e+01 1.700000000000000000e+01 1.900622507926451726e+04
1.900000000000000000e+01 1.800000000000000000e+01 8.705948641203664010e+03
1.900000000000000000e+01 2.000000000000000000e+01 6.304651854556338549e+03
1.900000000000000000e+01 2.100000000000000000e+01 7.003049188395607416e+03
2.000000000000000000e+01 1.900000000000000000e+01 6.243384429400926820e+03
2.000000000000000000e+01 2.100000000000000000e+01 8.617323563789384934e+03
2.000000000000000000e+01 2.300000000000000000e+01 1.030712003457978244e+04
2.100000000000000000e+01 1.400000000000000000e+01 1.837749087681051969e+04
2.100000000000000000e+01 1.900000000000000000e+01 7.001940912597199713e+03
2.100000000000000000e+01 2.000000000000000000e+01 8.605827904573539854e+03
2.100000000000000000e+01 2.200000000000000000e+01 9.659677469126905635e+03
2.200000000000000000e+01 1.300000000000000000e+01 8.395003131460696750e+03
2.200000000000000000e+01 2.100000000000000000e+01 9.623261976136152953e+03
2.200000000000000000e+01 2.300000000000000000e+01 7.900392387284896358e+03
2.300000000000000000e+01 1.200000000000000000e+01 1.111159138288357826e+04
2.300000000000000000e+01 2.000000000000000000e+01 1.025734826864022034e+04
2.300000000000000000e+01 2.200000000000000000e+01 7.858085823690229518e+03
