0.000000000000000000e+00 1.000000000000000000e+00 5.464401936315621242e+03
0.000000000000000000e+00 2.000000000000000000e+00 8.290977679927020290e+03
1.000000000000000000e+00 0.000000000000000000e+00 4.693968012319069203e+03
1.000000000000000000e+00 5.000000000000000000e+00 6.960841265402549652e+03
2.000000000000000000e+00 0.000000000000000000e+00 9.061411603923570510e+03
2.000000000000000000e+00 3.000000000000000000e+00 1.796861978459673628e+04
2.000000000000000000e+00 1.100000000000000000e+01 1.387509400319748420e+04
3.000000000000000000e+00 2.000000000000000000e+00 1.768497865456431464e+04
3.000000000000000000e+00 4.000000000000000000e+00 2.298491981667879372e+04
3.000000000000000000e+00 1.000000000000000000e+01 3.323568636066467207e+03
4.000000000000000000e+00 3.000000000000000000e+00 2.008470751756048412e+04
4.000000000000000000e+00 5.000000000000000000e+00 8.925865196514036143e+03
4.000000000000000000e+00 8.000000000000000000e+00 1.986361701619284213e+04
5.000000000000000000e+00 1.000000000000000000e+00 6.190407341405996704e+03
5.000000000000000000e+00 4.000000000000000000e+00 8.671016685282602339e+03
5.000000000000000000e+00 7.000000000000000000e+00 1.438343401083012577e+04
6.000000000000000000e+00 7.000000000000000000e+00 1.281192090360577095e+04
6.000000000000000000e+00 1.700000000000000000e+01 1.675274771061010688e+04
7.000000000000000000e+00 5.000000000000000000e+00 1.335815157560214539e+04
7.000000000000000000e+00 6.000000000000000000e+00 1.382494772675832974e+04
7.000000000000000000e+00 8.000000000000000000e+00 7.329716723763305708e+03
7.000000000000000000e+00 1.500000000000000000e+01 9.019778709506399537e+03
8.000000000000000000e+00 4.000000000000000000e+00 1.721825322830597725e+04
8.000000000000000000e+00 7.000000000000000000e+00 7.684266119374893606e+03
8.000000000000000000e+00 9.000000000000000000e+00 2.423567889645246396e+04
9.000000000000000000e+00 8.000000000000000000e+00 2.204486450417716696e+04
9.000000000000000000e+00 1.000000000000000000e+01 1.742320589901458879e+04
9.000000000000000000e+00 1.400000000000000000e+01 2.866377586580900243e+04
9.000000000000000000e+00 1.500000000000000000e+01 1.193156716678148041e+04
9.000000000000000000e+00 1.600000000000000000e+01 8.804646452379587572e+03
1.000000000000000000e+01 3.000000000000000000e+00 6.040139805152381086e+03
1.000000000000000000e+01 9.000000000000000000e+00 2.171697434493772016e+04
1.000000000000000000e+01 1.100000000000000000e+01 9.134077820941240134e+03
1.000000000000000000e+01 1.300000000000000000e+01 0.000000000000000000e+00
1.100000000000000000e+01 2.000000000000000000e+00 1.492916905722643241e+04
1.100000000000000000e+01 1.000000000000000000e+01 8.420918311309987985e+03
1.100000000000000000e+01 1.200000000000000000e+01 1.690658371632122726e+04
1.200000000000000000e+01 1.100000000000000000e+01 1.734749926071893788e+04
1.200000000000000000e+01 2.300000000000000000e+01 1.205761892434034235e+04
1.300000000000000000e+01 1.000000000000000000e+01 7.823499124640277842e+03
1.300000000000000000e+01 1.400000000000000000e+01 0.000000000000000000e+00
1.300000000000000000e+01 2.200000000000000000e+01 6.276990607322100914e+03
1.400000000000000000e+01 9.000000000000000000e+00 2.330093976440683036e+04
1.400000000000000000e+01 1.300000000000000000e+01 1.410048973196237785e+04
1.400000000000000000e+01 1.800000000000000000e+01 1.392734705324577226e+04
1.400000000000000000e+01 2.100000000000000000e+01 1.803296581385093668e+04
1.500000000000000000e+01 7.000000000000000000e+00 8.652973701819368216e+03
1.500000000000000000e+01 9.000000000000000000e+00 1.141379581599098674e+04
1.500000000000000000e+01 1.600000000000000000e+01 1.165164122196090648e+04
1.500000000000000000e+01 1.700000000000000000e+01 1.669725562484525653e+04
1.600000000000000000e+01 9.000000000000000000e+00 8.100671066373848589e+03
1.600000000000000000e+01 1.500000000000000000e+01 1.063964903525303453e+04
1.600000000000000000e+01 1.800000000000000000e+01 1.036393040362445754e+04
1.700000000000000000e+01 6.000000000000000000e+00 1.573972088745754809e+04
1.700000000000000000e+01 1.500000000000000000e+01 1.682467145307563987e+04
1.700000000000000000e+01 1.900000000000000000e+01 2.119675802474375450e+04
1.800000000000000000e+01 1.400000000000000000e+01 1.810177715392994651e+04
1.800000000000000000e+01 1.600000000000000000e+01 8.647962830910844787e+03
1.800000000000000000e+01 1.900000000000000000e+01 7.064654097508570885e+03
1.900000000000000000e+01 1.700000000000000000e+01 2.021114702982156086e+04
1.900000000000000000e+01 1.800000000000000000e+01 9.523116625479131471e+03
1.900000000000000000e+01 2.000000000000000000e+01 7.097049245412670643e+03
1.900000000000000000e+01 2.100000000000000000e+01 7.264103854522560141e+03
2.000000000000000000e+01 1.900000000000000000e+01 7.911293898162579353e+03
2.000000000000000000e+01 2.100000000000000000e+01 9.804195600786160867e+03
2.000000000000000000e+01 2.300000000000000000e+01 9.728473936650440010e+03
2.100000000000000000e+01 1.400000000000000000e+01 2.249618934372696094e+04
2.100000000000000000e+01 1.900000000000000000e+01 7.822710734821002916e+03
2.100000000000000000e+01 2.000000000000000000e+01 8.233820251707551506e+03
2.100000000000000000e+01 2.200000000000000000e+01 8.872204176012764947e+03
2.200000000000000000e+01 1.300000000000000000e+01 0.000000000000000000e+00
2.200000000000000000e+01 2.100000000000000000e+01 1.232365923710861716e+04
2.200000000000000000e+01 2.300000000000000000e+01 8.136237135941430097e+03
2.300000000000000000e+01 1.200000000000000000e+01 1.239853446873805296e+04
2.300000000000000000e+01 2.000000000000000000e+01 1.211309393847897081e+04
2.300000000000000000e+01 2.200000000000000000e+01 5.310701589715197770e+03
