0.000000000000000000e+00 1.000000000000000000e+00 4.593568964623651482e+03
0.000000000000000000e+00 2.000000000000000000e+00 8.217788771543242547e+03
1.000000000000000000e+00 0.000000000000000000e+00 4.618231276220668406e+03
1.000000000000000000e+00 5.000000000000000000e+00 5.970051241038348053e+03
2.000000000000000000e+00 0.000000000000000000e+00 8.193126459946211980e+03
2.000000000000000000e+00 3.000000000000000000e+00 1.402237951252118910e+04
2.000000000000000000e+00 1.100000000000000000e+01 1.004365079489692471e+04
3.000000000000000000e+00 2.000000000000000000e+00 1.404670558311746936e+04
3.000000000000000000e+00 4.000000000000000000e+00 1.801834786589918804e+04
3.000000000000000000e+00 1.000000000000000000e+01 5.208016788109594927e+03
4.000000000000000000e+00 3.000000000000000000e+00 1.804388001153635196e+04
4.000000000000000000e+00 5.000000000000000000e+00 8.797551929379565991e+03
4.000000000000000000e+00 8.000000000000000000e+00 1.579090073773597760e+04
5.000000000000000000e+00 1.000000000000000000e+00 5.994713552635367705e+03
5.000000000000000000e+00 4.000000000000000000e+00 8.804545388203297989e+03
5.000000000000000000e+00 7.000000000000000000e+00 1.249102748427958431e+04
6.000000000000000000e+00 7.000000000000000000e+00 1.209423054354084161e+04
6.000000000000000000e+00 1.700000000000000000e+01 1.575672155882873994e+04
7.000000000000000000e+00 5.000000000000000000e+00 1.252268325470034142e+04
7.000000000000000000e+00 6.000000000000000000e+00 1.203797034281450215e+04
7.000000000000000000e+00 8.000000000000000000e+00 6.874790315190258298e+03
7.000000000000000000e+00 1.500000000000000000e+01 8.382780302099587061e+03
8.000000000000000000e+00 4.000000000000000000e+00 1.580943942454940589e+04
8.000000000000000000e+00 7.000000000000000000e+00 6.829674743104387744e+03
8.000000000000000000e+00 9.000000000000000000e+00 2.176267012338834320e+04
9.000000000000000000e+00 8.000000000000000000e+00 2.183609323811591821e+04
9.000000000000000000e+00 1.000000000000000000e+01 1.772320601019524111e+04
9.000000000000000000e+00 1.400000000000000000e+01 2.314228016880549330e+04
9.000000000000000000e+00 1.500000000000000000e+01 1.104184973000207901e+04
9.000000000000000000e+00 1.600000000000000000e+01 8.100583399798956634e+03
1.000000000000000000e+01 3.000000000000000000e+00 5.306810713068713994e+03
1.000000000000000000e+01 9.000000000000000000e+00 1.760187191486634765e+04
1.000000000000000000e+01 1.100000000000000000e+01 8.367283571461488464e+03
1.000000000000000000e+01 1.300000000000000000e+01 9.782764535739530402e+03
1.100000000000000000e+01 2.000000000000000000e+00 9.994662412703624796e+03
1.100000000000000000e+01 1.000000000000000000e+01 8.406732335534648882e+03
1.100000000000000000e+01 1.200000000000000000e+01 1.231128848052564899e+04
1.200000000000000000e+01 1.100000000000000000e+01 1.240174886240551859e+04
1.200000000000000000e+01 2.300000000000000000e+01 1.111375554396463849e+04
1.300000000000000000e+01 1.000000000000000000e+01 9.820775601296609238e+03
1.300000000000000000e+01 1.400000000000000000e+01 9.036112915086720022e+03
1.300000000000000000e+01 2.200000000000000000e+01 8.390616733786366240e+03
1.400000000000000000e+01 9.000000000000000000e+00 2.320899588863608733e+04
1.400000000000000000e+01 1.300000000000000000e+01 9.078518057707984553e+03
1.400000000000000000e+01 1.800000000000000000e+01 1.908432659809042889e+04
1.400000000000000000e+01 2.100000000000000000e+01 1.839113019291331511e+04
1.500000000000000000e+01 7.000000000000000000e+00 8.403291443879876169e+03
1.500000000000000000e+01 9.000000000000000000e+00 1.107007787607920727e+04
1.500000000000000000e+01 1.600000000000000000e+01 1.166812423905302967e+04
1.500000000000000000e+01 1.700000000000000000e+01 1.532833585788473647e+04
1.600000000000000000e+01 9.000000000000000000e+00 8.100396743947706454e+03
1.600000000000000000e+01 1.500000000000000000e+01 1.165809980146130511e+04
1.600000000000000000e+01 1.800000000000000000e+01 9.951577778522143490e+03
1.700000000000000000e+01 6.000000000000000000e+00 1.581298175955507395e+04
1.700000000000000000e+01 1.500000000000000000e+01 1.538709958333386930e+04
1.700000000000000000e+01 1.900000000000000000e+01 1.894114755555627926e+04
1.800000000000000000e+01 1.400000000000000000e+01 1.911817733871064775e+04
1.800000000000000000e+01 1.600000000000000000e+01 9.941366685079148738e+03
1.800000000000000000e+01 1.900000000000000000e+01 8.665667009523034721e+03
1.900000000000000000e+01 1.700000000000000000e+01 1.895617148173174792e+04
1.900000000000000000e+01 1.800000000000000000e+01 8.689306656700260646e+03
1.900000000000000000e+01 2.000000000000000000e+01 6.317432913807297155e+03
1.900000000000000000e+01 2.100000000000000000e+01 7.000525634063736106e+03
2.000000000000000000e+01 1.900000000000000000e+01 6.254419418890130146e+03
2.000000000000000000e+01 2.100000000000000000e+01 8.605584776423358562e+03
2.000000000000000000e+01 2.300000000000000000e+01 1.030640317848569975e+04
2.100000000000000000e+01 1.400000000000000000e+01 1.836640031474492207e+04
2.100000000000000000e+01 1.900000000000000000e+01 7.002202702333613161e+03
2.100000000000000000e+01 2.000000000000000000e+01 8.592223151047415740e+03
2.100000000000000000e+01 2.200000000000000000e+01 9.660882326118413403e+03
2.200000000000000000e+01 1.300000000000000000e+01 8.386222656722144166e+03
2.200000000000000000e+01 2.100000000000000000e+01 9.624467890843989153e+03
2.200000000000000000e+01 2.300000000000000000e+01 7.894922553263398186e+03
2.300000000000000000e+01 1.200000000000000000e+01 1.110421592584450627e+04
2.300000000000000000e+01 2.000000000000000000e+01 1.025675130894447648e+04
2.300000000000000000e+01 2.200000000000000000e+01 7.854114040924750043e+03
