i	j	o23d18
1	2	 4500.21
1	3	 8120.42
2	1	 4521.16
2	6	 5970.13
3	1	 8099.46
3	4	14020.91
3	12	10038.40
4	3	14046.30
4	5	18015.96
4	11	 5209.33
5	4	18041.95
5	6	 8793.89
5	9	15786.86
6	2	 5991.09
6	5	 8804.18
6	8	12493.72
7	8	12105.79
7	18	15800.40
8	6	12524.96
8	7	12040.84
8	9	 6882.69
8	16	 8387.14
9	5	15802.56
9	8	 6833.70
9	10	21753.76
10	9	21820.47
10	11	17728.66
10	15	23130.57
10	16	11046.02
10	17	 8100.76
11	4	 5308.73
11	10	17605.33
11	12	 8364.41
11	14	 9778.50
12	3	 9992.06
12	11	 8402.70
12	13	12303.13
13	12	12395.07
13	24	11119.22
14	11	 9816.28
14	15	 9034.87
14	23	 8398.11
15	10	23193.76
15	14	 9078.99
15	19	19084.61
15	22	18403.37
16	8	 8402.42
16	10	11072.89
16	17	11687.25
16	18	15292.57
17	10	 8100.74
17	16	11676.01
17	19	 9951.97
18	7	15865.35
18	16	15345.96
18	20	18990.21
19	15	19117.38
19	17	 9940.72
19	20	 8684.99
20	18	19008.55
20	19	 8706.51
20	21	 6305.04
20	22	 7000.81
21	20	 6242.58
21	22	 8617.28
21	24	10306.61
22	15	18377.90
22	20	 7003.14
22	21	 8605.35
22	23	 9658.79
23	14	 8391.77
23	22	 9623.73
23	24	 7901.59
24	13	11111.17
24	21	10256.07
24	23	 7860.19
