i	j	o11d18
1	2	 4495.77
1	3	 8119.47
2	1	 4520.01
2	6	 5967.42
3	1	 8095.24
3	4	14020.34
3	12	10036.94
4	3	14044.94
4	5	18019.84
4	11	 5206.55
5	4	18044.71
5	6	 8797.75
5	9	15787.20
6	2	 5991.65
6	5	 8804.45
6	8	12493.35
7	8	12101.74
7	18	15800.97
8	6	12524.29
8	7	12044.09
8	9	 6881.98
8	16	 8384.53
9	5	15805.37
9	8	 6834.81
9	10	21752.67
10	9	21823.67
10	11	17726.00
10	15	23127.80
10	16	11046.99
10	17	 8101.47
11	4	 5306.27
11	10	17602.53
11	12	 8364.16
11	14	 9777.98
12	3	 9988.11
12	11	 8404.22
12	13	12302.68
13	12	12393.91
13	24	11120.09
14	11	 9814.17
14	15	 9037.67
14	23	 8400.32
15	10	23197.41
15	14	 9080.44
15	19	19082.32
15	22	18401.30
16	8	 8404.98
16	10	11072.94
16	17	11687.77
16	18	15289.56
17	10	 8100.39
17	16	11677.00
17	19	 9952.42
18	7	15858.62
18	16	15346.74
18	20	18990.22
19	15	19116.87
19	17	 9940.57
19	20	 8683.91
20	18	19005.04
20	19	 8706.61
20	21	 6305.38
20	22	 7002.55
21	20	 6244.79
21	22	 8616.54
21	24	10305.79
22	15	18379.13
22	20	 7000.66
22	21	 8606.07
22	23	 9658.64
23	14	 8393.74
23	22	 9624.11
23	24	 7902.04
24	13	11111.32
24	21	10255.67
24	23	 7860.93
