i	j	o15d11
1	2	 4496.57
1	3	 8120.74
2	1	 4520.44
2	6	 5967.61
3	1	 8096.86
3	4	14019.27
3	12	10040.02
4	3	14046.16
4	5	18016.61
4	11	 5209.40
5	4	18042.97
5	6	 8795.19
5	9	15786.65
6	2	 5991.48
6	5	 8805.49
6	8	12491.94
7	8	12105.30
7	18	15799.23
8	6	12526.12
8	7	12042.54
8	9	 6881.26
8	16	 8387.50
9	5	15802.70
9	8	 6837.06
9	10	21747.84
10	9	21819.69
10	11	17728.46
10	15	23131.32
10	16	11044.99
10	17	 8099.97
11	4	 5309.93
11	10	17607.77
11	12	 8363.87
11	14	 9776.42
12	3	 9989.25
12	11	 8404.96
12	13	12302.40
13	12	12392.73
13	24	11120.06
14	11	 9815.16
14	15	 9034.30
14	23	 8400.10
15	10	23196.43
15	14	 9080.09
15	19	19085.68
15	22	18401.88
16	8	 8403.13
16	10	11072.24
16	17	11687.73
16	18	15287.54
17	10	 8100.15
17	16	11675.76
17	19	 9953.01
18	7	15861.99
18	16	15342.37
18	20	18990.50
19	15	19119.95
19	17	 9941.23
19	20	 8684.13
20	18	19008.10
20	19	 8706.63
20	21	 6303.00
20	22	 7001.04
21	20	 6242.29
21	22	 8618.07
21	24	10305.41
22	15	18378.51
22	20	 7001.84
22	21	 8606.11
22	23	 9658.54
23	14	 8393.06
23	22	 9624.02
23	24	 7904.18
24	13	11110.39
24	21	10256.65
24	23	 7862.60
