i	j	o23d16
1	2	 4495.70
1	3	 8120.25
2	1	 4520.00
2	6	 5967.52
3	1	 8095.95
3	4	14018.68
3	12	10036.00
4	3	14042.90
4	5	18016.74
4	11	 5209.09
5	4	18043.15
5	6	 8797.30
5	9	15785.84
6	2	 5991.82
6	5	 8803.22
6	8	12492.69
7	8	12103.79
7	18	15803.60
8	6	12522.90
8	7	12041.13
8	9	 6883.60
8	16	 8386.62
9	5	15806.33
9	8	 6835.06
9	10	21746.08
10	9	21818.02
10	11	17728.67
10	15	23128.72
10	16	11045.83
10	17	 8100.72
11	4	 5306.91
11	10	17608.50
11	12	 8365.69
11	14	 9779.07
12	3	 9987.48
12	11	 8405.20
12	13	12302.21
13	12	12393.20
13	24	11120.15
14	11	 9817.20
14	15	 9034.86
14	23	 8397.69
15	10	23196.33
15	14	 9077.75
15	19	19085.39
15	22	18403.63
16	8	 8402.72
16	10	11070.60
16	17	11689.32
16	18	15292.64
17	10	 8100.44
17	16	11676.26
17	19	 9952.74
18	7	15866.26
18	16	15346.57
18	20	18991.20
19	15	19120.14
19	17	 9939.41
19	20	 8685.67
20	18	19007.79
20	19	 8707.08
20	21	 6304.30
20	22	 7001.95
21	20	 6243.24
21	22	 8617.74
21	24	10306.69
22	15	18379.39
22	20	 7001.02
22	21	 8606.92
22	23	 9658.18
23	14	 8392.94
23	22	 9622.18
23	24	 7900.98
24	13	11111.14
24	21	10256.45
24	23	 7860.23
