i	j	o18d23
1	2	 4497.17
1	3	 8120.62
2	1	 4521.37
2	6	 5966.47
3	1	 8096.42
3	4	14023.11
3	12	10038.10
4	3	14046.40
4	5	18018.26
4	11	 5208.81
5	4	18041.10
5	6	 8794.82
5	9	15787.41
6	2	 5990.67
6	5	 8804.28
6	8	12491.61
7	8	12103.12
7	18	15803.79
8	6	12525.27
8	7	12044.72
8	9	 6882.05
8	16	 8384.48
9	5	15800.80
9	8	 6837.03
9	10	21751.46
10	9	21819.83
10	11	17730.16
10	15	23129.76
10	16	11047.16
10	17	 8100.76
11	4	 5309.26
11	10	17605.70
11	12	 8366.36
11	14	 9776.57
12	3	 9990.61
12	11	 8404.01
12	13	12304.78
13	12	12394.93
13	24	11119.63
14	11	 9814.91
14	15	 9035.01
14	23	 8396.04
15	10	23196.78
15	14	 9077.92
15	19	19082.93
15	22	18402.13
16	8	 8404.76
16	10	11072.98
16	17	11686.05
16	18	15292.52
17	10	 8100.75
17	16	11675.04
17	19	 9951.27
18	7	15862.20
18	16	15349.63
18	20	18992.86
19	15	19115.91
19	17	 9940.25
19	20	 8685.74
20	18	19008.37
20	19	 8707.70
20	21	 6306.79
20	22	 7000.81
21	20	 6241.90
21	22	 8618.66
21	24	10306.07
22	15	18379.08
22	20	 7003.17
22	21	 8604.07
22	23	 9660.37
23	14	 8391.47
23	22	 9625.09
23	24	 7899.61
24	13	11109.79
24	21	10255.76
24	23	 7859.76
