i	j	fw_p3
1	2	 4495.98
1	3	 8133.44
2	1	 4540.02
2	6	 5948.06
3	1	 8089.40
3	4	14176.96
3	12	10170.29
4	3	14169.20
4	5	18133.69
4	11	 5280.42
5	4	18128.64
5	6	 8790.44
5	9	15849.87
6	2	 5992.09
6	5	 8776.40
6	8	12483.08
7	8	12119.47
7	18	15850.42
8	6	12513.09
8	7	12101.80
8	9	 6886.32
8	16	 8341.34
9	5	15858.85
9	8	 6855.11
9	10	21801.76
10	9	21879.53
10	11	17731.95
10	15	23156.54
10	16	11026.05
10	17	 8106.69
11	4	 5377.71
11	10	17599.84
11	12	 8355.32
11	14	 9785.22
12	3	10134.02
12	11	 8380.28
12	13	12428.39
13	12	12517.08
13	24	11109.35
14	11	 9825.43
14	15	 9031.93
14	23	 8386.02
15	10	23221.36
15	14	 9086.36
15	19	19100.24
15	22	18340.84
16	8	 8384.89
16	10	11071.24
16	17	11652.20
16	18	15340.77
17	10	 8106.57
17	16	11645.32
17	19	 9942.47
18	7	15868.09
18	16	15436.38
18	20	19051.66
19	15	19125.45
19	17	 9935.46
19	20	 8674.25
20	18	19064.94
20	19	 8692.45
20	21	 6330.13
20	22	 7007.15
21	20	 6240.97
21	22	 8647.07
21	24	10278.58
22	15	18334.88
22	20	 7027.80
22	21	 8594.96
22	23	 9636.26
23	14	 8371.81
23	22	 9598.84
23	24	 7880.26
24	13	11098.04
24	21	10241.52
24	23	 7828.63
