  2 ->   1 (100.0):
	     100 : [1, 2]

  3 ->   1 (100.0):
	     100 : [1, 3]

  4 ->   1 (500.0):
	     500 : [1, 3, 4]

  5 ->   1 (200.0):
	     200 : [1, 3, 4, 5]

  6 ->   1 (300.0):
	     300 : [1, 2, 6]

  7 ->   1 (500.0):
	     500 : [1, 2, 6, 8, 7]

  8 ->   1 (800.0):
	     800 : [1, 2, 6, 8]

  9 ->   1 (500.0):
	     500 : [1, 3, 4, 5, 9]

 10 ->   1 (1300.0):
	 1.3e+03 : [1, 3, 4, 5, 9, 10]
	  0.0146 : [1, 3, 4, 11, 10]

 11 ->   1 (500.0):
	     500 : [1, 3, 4, 11]
	 0.00373 : [1, 3, 12, 11]

 12 ->   1 (200.0):
	     200 : [1, 3, 12]

 13 ->   1 (500.0):
	     500 : [1, 3, 12, 13]

 14 ->   1 (300.0):
	     300 : [1, 3, 4, 11, 14]
	 0.00224 : [1, 3, 12, 11, 14]

 15 ->   1 (500.0):
	     500 : [1, 3, 4, 5, 9, 10, 15]
	 0.00561 : [1, 3, 4, 11, 10, 15]
	 0.00328 : [1, 3, 4, 11, 14, 15]

 16 ->   1 (500.0):
	    29.3 : [1, 2, 6, 8, 7, 18, 16]
	     471 : [1, 2, 6, 8, 16]

 17 ->   1 (400.0):
	7.84e-08 : [1, 2, 6, 5, 9, 10, 17]
	   0.001 : [1, 2, 6, 8, 7, 18, 16, 17]
	  0.0161 : [1, 2, 6, 8, 16, 17]
	     400 : [1, 3, 4, 5, 9, 10, 17]
	 0.00448 : [1, 3, 4, 11, 10, 17]

 18 ->   1 (100.0):
	     100 : [1, 2, 6, 8, 7, 18]

 19 ->   1 (300.0):
	1.37e-08 : [1, 2, 6, 5, 9, 10, 15, 19]
	8.65e-10 : [1, 2, 6, 8, 7, 18, 16, 17, 19]
	  0.0014 : [1, 2, 6, 8, 7, 18, 20, 19]
	1.43e-08 : [1, 2, 6, 8, 16, 17, 19]
	 1.4e-10 : [1, 2, 6, 8, 16, 18, 20, 19]
	     300 : [1, 3, 4, 5, 9, 10, 15, 19]
	 0.00336 : [1, 3, 4, 11, 10, 15, 19]
	 0.00197 : [1, 3, 4, 11, 14, 15, 19]

 20 ->   1 (300.0):
	     300 : [1, 2, 6, 8, 7, 18, 20]

 21 ->   1 (100.0):
	     100 : [1, 3, 12, 13, 24, 21]

 22 ->   1 (400.0):
	 0.00185 : [1, 3, 4, 5, 9, 10, 15, 22]
	2.07e-08 : [1, 3, 4, 11, 10, 15, 22]
	1.21e-08 : [1, 3, 4, 11, 14, 15, 22]
	1.88e-08 : [1, 3, 4, 11, 14, 23, 22]
	     268 : [1, 3, 12, 13, 24, 21, 22]
	     132 : [1, 3, 12, 13, 24, 23, 22]

 23 ->   1 (300.0):
	     300 : [1, 3, 12, 13, 24, 23]

 24 ->   1 (100.0):
	     100 : [1, 3, 12, 13, 24]

  1 ->   2 (100.0):
	     100 : [2, 1]

  3 ->   2 (100.0):
	     100 : [2, 1, 3]

  4 ->   2 (200.0):
	     200 : [2, 1, 3, 4]

  5 ->   2 (100.0):
	    16.3 : [2, 1, 3, 4, 5]
	    83.7 : [2, 6, 5]

  6 ->   2 (400.0):
	     400 : [2, 6]

  7 ->   2 (200.0):
	     200 : [2, 6, 8, 7]

  8 ->   2 (400.0):
	     400 : [2, 6, 8]

  9 ->   2 (200.0):
	    32.5 : [2, 1, 3, 4, 5, 9]
	     167 : [2, 6, 5, 9]

 10 ->   2 (600.0):
	    97.6 : [2, 1, 3, 4, 5, 9, 10]
	 0.00109 : [2, 1, 3, 4, 11, 10]
	     502 : [2, 6, 5, 9, 10]

 11 ->   2 (200.0):
	     200 : [2, 1, 3, 4, 11]
	 0.00149 : [2, 1, 3, 12, 11]

 12 ->   2 (100.0):
	     100 : [2, 1, 3, 12]

 13 ->   2 (300.0):
	     300 : [2, 1, 3, 12, 13]

 14 ->   2 (100.0):
	     100 : [2, 1, 3, 4, 11, 14]
	0.000746 : [2, 1, 3, 12, 11, 14]

 15 ->   2 (100.0):
	    16.3 : [2, 1, 3, 4, 5, 9, 10, 15]
	0.000182 : [2, 1, 3, 4, 11, 10, 15]
	0.000107 : [2, 1, 3, 4, 11, 14, 15]
	    83.7 : [2, 6, 5, 9, 10, 15]
	 0.00259 : [2, 6, 8, 7, 18, 20, 19, 15]
	1.61e-08 : [2, 6, 8, 7, 18, 20, 22, 15]
	 8.3e-09 : [2, 6, 8, 9, 10, 15]
	   8e-14 : [2, 6, 8, 16, 10, 15]
	2.65e-08 : [2, 6, 8, 16, 17, 19, 15]
	 2.6e-10 : [2, 6, 8, 16, 18, 20, 19, 15]
	1.61e-15 : [2, 6, 8, 16, 18, 20, 22, 15]

 16 ->   2 (400.0):
	    23.4 : [2, 6, 8, 7, 18, 16]
	     377 : [2, 6, 8, 16]

 17 ->   2 (200.0):
	0.000919 : [2, 6, 5, 9, 10, 17]
	    11.7 : [2, 6, 8, 7, 18, 16, 17]
	     188 : [2, 6, 8, 16, 17]

 19 ->   2 (100.0):
	0.000979 : [2, 6, 5, 9, 10, 15, 19]
	6.19e-05 : [2, 6, 8, 7, 18, 16, 17, 19]
	     100 : [2, 6, 8, 7, 18, 20, 19]
	 0.00102 : [2, 6, 8, 16, 17, 19]
	   1e-05 : [2, 6, 8, 16, 18, 20, 19]

 20 ->   2 (100.0):
	     100 : [2, 6, 8, 7, 18, 20]

 22 ->   2 (100.0):
	 7.4e-09 : [2, 1, 3, 4, 5, 9, 10, 15, 22]
	8.29e-14 : [2, 1, 3, 4, 11, 10, 15, 22]
	4.85e-14 : [2, 1, 3, 4, 11, 14, 15, 22]
	7.52e-14 : [2, 1, 3, 4, 11, 14, 23, 22]
	 0.00107 : [2, 1, 3, 12, 13, 24, 21, 22]
	0.000529 : [2, 1, 3, 12, 13, 24, 23, 22]
	     100 : [2, 6, 8, 7, 18, 20, 22]

  1 ->   3 (100.0):
	     100 : [3, 1]

  2 ->   3 (100.0):
	     100 : [3, 1, 2]

  4 ->   3 (200.0):
	     200 : [3, 4]

  5 ->   3 (100.0):
	     100 : [3, 4, 5]

  6 ->   3 (300.0):
	    66.8 : [3, 1, 2, 6]
	     233 : [3, 4, 5, 6]

  7 ->   3 (100.0):
	    18.3 : [3, 1, 2, 6, 8, 7]
	      64 : [3, 4, 5, 6, 8, 7]
	    17.6 : [3, 4, 5, 9, 8, 7]

  8 ->   3 (200.0):
	    36.7 : [3, 1, 2, 6, 8]
	     128 : [3, 4, 5, 6, 8]
	    35.2 : [3, 4, 5, 9, 8]

  9 ->   3 (100.0):
	     100 : [3, 4, 5, 9]

 10 ->   3 (300.0):
	     300 : [3, 4, 5, 9, 10]
	 0.00336 : [3, 4, 11, 10]

 11 ->   3 (300.0):
	     300 : [3, 4, 11]
	 0.00224 : [3, 12, 11]

 12 ->   3 (200.0):
	     200 : [3, 12]

 13 ->   3 (100.0):
	     100 : [3, 12, 13]

 14 ->   3 (100.0):
	     100 : [3, 4, 11, 14]
	0.000746 : [3, 12, 11, 14]

 15 ->   3 (100.0):
	     100 : [3, 4, 5, 9, 10, 15]
	 0.00112 : [3, 4, 11, 10, 15]
	0.000656 : [3, 4, 11, 14, 15]

 16 ->   3 (200.0):
	       2 : [3, 1, 2, 6, 8, 7, 18, 16]
	    32.1 : [3, 1, 2, 6, 8, 16]
	    6.98 : [3, 4, 5, 6, 8, 7, 18, 16]
	     112 : [3, 4, 5, 6, 8, 16]
	    1.92 : [3, 4, 5, 9, 8, 7, 18, 16]
	    30.8 : [3, 4, 5, 9, 8, 16]
	    14.2 : [3, 4, 5, 9, 10, 16]
	4.92e-05 : [3, 4, 5, 9, 10, 17, 16]
	0.000159 : [3, 4, 11, 10, 16]
	5.52e-10 : [3, 4, 11, 10, 17, 16]

 17 ->   3 (100.0):
	     100 : [3, 4, 5, 9, 10, 17]
	 0.00112 : [3, 4, 11, 10, 17]

 22 ->   3 (100.0):
	0.000462 : [3, 4, 5, 9, 10, 15, 22]
	5.18e-09 : [3, 4, 11, 10, 15, 22]
	3.03e-09 : [3, 4, 11, 14, 15, 22]
	4.69e-09 : [3, 4, 11, 14, 23, 22]
	      67 : [3, 12, 13, 24, 21, 22]
	      33 : [3, 12, 13, 24, 23, 22]

 23 ->   3 (100.0):
	     100 : [3, 12, 13, 24, 23]

  1 ->   4 (500.0):
	     500 : [4, 3, 1]

  2 ->   4 (200.0):
	     200 : [4, 3, 1, 2]

  3 ->   4 (200.0):
	     200 : [4, 3]

  5 ->   4 (500.0):
	     500 : [4, 5]

  6 ->   4 (400.0):
	     400 : [4, 5, 6]

  7 ->   4 (400.0):
	     314 : [4, 5, 6, 8, 7]
	    86.2 : [4, 5, 9, 8, 7]

  8 ->   4 (700.0):
	     549 : [4, 5, 6, 8]
	     151 : [4, 5, 9, 8]

  9 ->   4 (700.0):
	     700 : [4, 5, 9]

 10 ->   4 (1200.0):
	 1.2e+03 : [4, 5, 9, 10]
	  0.0135 : [4, 11, 10]

 11 ->   4 (1500.0):
	 1.5e+03 : [4, 11]

 12 ->   4 (600.0):
	     600 : [4, 3, 12]

 13 ->   4 (600.0):
	     600 : [4, 3, 12, 13]

 14 ->   4 (500.0):
	     500 : [4, 11, 14]

 15 ->   4 (500.0):
	     500 : [4, 5, 9, 10, 15]
	 0.00561 : [4, 11, 10, 15]
	 0.00328 : [4, 11, 14, 15]

 16 ->   4 (800.0):
	    33.6 : [4, 5, 6, 8, 7, 18, 16]
	     540 : [4, 5, 6, 8, 16]
	    9.25 : [4, 5, 9, 8, 7, 18, 16]
	     149 : [4, 5, 9, 8, 16]
	    68.2 : [4, 5, 9, 10, 16]
	0.000237 : [4, 5, 9, 10, 17, 16]
	0.000765 : [4, 11, 10, 16]
	2.66e-09 : [4, 11, 10, 17, 16]

 17 ->   4 (500.0):
	     500 : [4, 5, 9, 10, 17]
	 0.00561 : [4, 11, 10, 17]

 18 ->   4 (100.0):
	    78.4 : [4, 5, 6, 8, 7, 18]
	    21.6 : [4, 5, 9, 8, 7, 18]

 19 ->   4 (200.0):
	     200 : [4, 5, 9, 10, 15, 19]
	 0.00224 : [4, 11, 10, 15, 19]
	 0.00131 : [4, 11, 14, 15, 19]

 20 ->   4 (300.0):
	     235 : [4, 5, 6, 8, 7, 18, 20]
	    64.7 : [4, 5, 9, 8, 7, 18, 20]

 21 ->   4 (200.0):
	     200 : [4, 3, 12, 13, 24, 21]

 22 ->   4 (400.0):
	     400 : [4, 5, 9, 10, 15, 22]
	 0.00449 : [4, 11, 10, 15, 22]
	 0.00262 : [4, 11, 14, 15, 22]
	 0.00407 : [4, 11, 14, 23, 22]

 23 ->   4 (500.0):
	  0.0211 : [4, 3, 12, 13, 24, 23]
	     500 : [4, 11, 14, 23]

 24 ->   4 (200.0):
	     200 : [4, 3, 12, 13, 24]

  1 ->   5 (200.0):
	     200 : [5, 4, 3, 1]

  2 ->   5 (100.0):
	    16.5 : [5, 4, 3, 1, 2]
	    83.5 : [5, 6, 2]

  3 ->   5 (100.0):
	     100 : [5, 4, 3]

  4 ->   5 (500.0):
	     500 : [5, 4]

  6 ->   5 (200.0):
	     200 : [5, 6]

  7 ->   5 (200.0):
	     157 : [5, 6, 8, 7]
	    43.1 : [5, 9, 8, 7]

  8 ->   5 (500.0):
	     392 : [5, 6, 8]
	     108 : [5, 9, 8]

  9 ->   5 (800.0):
	     800 : [5, 9]

 10 ->   5 (1000.0):
	   1e+03 : [5, 9, 10]

 11 ->   5 (500.0):
	     500 : [5, 4, 11]

 12 ->   5 (200.0):
	     200 : [5, 4, 3, 12]

 13 ->   5 (200.0):
	     200 : [5, 4, 3, 12, 13]

 14 ->   5 (100.0):
	     100 : [5, 4, 11, 14]

 15 ->   5 (200.0):
	     200 : [5, 9, 10, 15]

 16 ->   5 (500.0):
	      21 : [5, 6, 8, 7, 18, 16]
	     338 : [5, 6, 8, 16]
	    5.78 : [5, 9, 8, 7, 18, 16]
	    92.8 : [5, 9, 8, 16]
	    42.7 : [5, 9, 10, 16]
	0.000148 : [5, 9, 10, 17, 16]

 17 ->   5 (200.0):
	     200 : [5, 9, 10, 17]

 19 ->   5 (100.0):
	     100 : [5, 9, 10, 15, 19]

 20 ->   5 (100.0):
	    78.4 : [5, 6, 8, 7, 18, 20]
	    21.6 : [5, 9, 8, 7, 18, 20]

 21 ->   5 (100.0):
	  0.0262 : [5, 4, 3, 12, 13, 24, 21]
	  0.0022 : [5, 6, 8, 7, 18, 20, 21]
	2.87e-09 : [5, 6, 8, 7, 18, 20, 22, 21]
	0.000605 : [5, 9, 8, 7, 18, 20, 21]
	7.89e-10 : [5, 9, 8, 7, 18, 20, 22, 21]
	     100 : [5, 9, 10, 15, 22, 21]

 22 ->   5 (200.0):
	     200 : [5, 9, 10, 15, 22]

 23 ->   5 (100.0):
	 0.00422 : [5, 4, 3, 12, 13, 24, 23]
	     100 : [5, 4, 11, 14, 23]

  1 ->   6 (300.0):
	     300 : [6, 2, 1]

  2 ->   6 (400.0):
	     400 : [6, 2]

  3 ->   6 (300.0):
	     235 : [6, 5, 4, 3]
	    65.3 : [6, 2, 1, 3]

  4 ->   6 (400.0):
	     400 : [6, 5, 4]

  5 ->   6 (200.0):
	     200 : [6, 5]

  7 ->   6 (400.0):
	     400 : [6, 8, 7]

  8 ->   6 (800.0):
	     800 : [6, 8]

  9 ->   6 (400.0):
	     400 : [6, 5, 9]

 10 ->   6 (800.0):
	     800 : [6, 5, 9, 10]

 11 ->   6 (400.0):
	     400 : [6, 5, 4, 11]

 12 ->   6 (200.0):
	     156 : [6, 5, 4, 3, 12]
	    43.5 : [6, 2, 1, 3, 12]

 13 ->   6 (200.0):
	     156 : [6, 5, 4, 3, 12, 13]
	    43.5 : [6, 2, 1, 3, 12, 13]

 14 ->   6 (100.0):
	     100 : [6, 5, 4, 11, 14]

 15 ->   6 (200.0):
	     200 : [6, 5, 9, 10, 15]
	  0.0062 : [6, 8, 7, 18, 20, 19, 15]
	3.85e-08 : [6, 8, 7, 18, 20, 22, 15]
	1.98e-08 : [6, 8, 9, 10, 15]
	1.91e-13 : [6, 8, 16, 10, 15]
	6.33e-08 : [6, 8, 16, 17, 19, 15]
	 6.2e-10 : [6, 8, 16, 18, 20, 19, 15]
	3.85e-15 : [6, 8, 16, 18, 20, 22, 15]

 16 ->   6 (900.0):
	    52.8 : [6, 8, 7, 18, 16]
	     847 : [6, 8, 16]

 17 ->   6 (500.0):
	  0.0023 : [6, 5, 9, 10, 17]
	    29.3 : [6, 8, 7, 18, 16, 17]
	     471 : [6, 8, 16, 17]

 18 ->   6 (100.0):
	     100 : [6, 8, 7, 18]

 19 ->   6 (200.0):
	 0.00196 : [6, 5, 9, 10, 15, 19]
	0.000124 : [6, 8, 7, 18, 16, 17, 19]
	     200 : [6, 8, 7, 18, 20, 19]
	 0.00204 : [6, 8, 16, 17, 19]
	   2e-05 : [6, 8, 16, 18, 20, 19]

 20 ->   6 (300.0):
	     300 : [6, 8, 7, 18, 20]

 21 ->   6 (100.0):
	     100 : [6, 8, 7, 18, 20, 21]
	 0.00013 : [6, 8, 7, 18, 20, 22, 21]

 22 ->   6 (200.0):
	     200 : [6, 8, 7, 18, 20, 22]

 23 ->   6 (100.0):
	 0.00422 : [6, 5, 4, 3, 12, 13, 24, 23]
	     100 : [6, 5, 4, 11, 14, 23]
	 0.00117 : [6, 2, 1, 3, 12, 13, 24, 23]

 24 ->   6 (100.0):
	    78.2 : [6, 5, 4, 3, 12, 13, 24]
	    21.8 : [6, 2, 1, 3, 12, 13, 24]

  1 ->   7 (500.0):
	     500 : [7, 8, 6, 2, 1]

  2 ->   7 (200.0):
	     200 : [7, 8, 6, 2]

  3 ->   7 (100.0):
	    64.5 : [7, 8, 6, 5, 4, 3]
	    17.9 : [7, 8, 6, 2, 1, 3]
	    17.6 : [7, 8, 9, 5, 4, 3]

  4 ->   7 (400.0):
	     314 : [7, 8, 6, 5, 4]
	    85.9 : [7, 8, 9, 5, 4]

  5 ->   7 (200.0):
	     157 : [7, 8, 6, 5]
	    42.9 : [7, 8, 9, 5]

  6 ->   7 (400.0):
	     400 : [7, 8, 6]

  8 ->   7 (1000.0):
	   1e+03 : [7, 8]

  9 ->   7 (600.0):
	     600 : [7, 8, 9]

 10 ->   7 (1900.0):
	  0.0481 : [7, 8, 9, 10]
	6.52e-08 : [7, 8, 16, 10]
	1.74e-13 : [7, 8, 16, 17, 10]
	 1.9e+03 : [7, 18, 16, 10]
	 0.00507 : [7, 18, 16, 17, 10]

 11 ->   7 (500.0):
	2.52e-07 : [7, 8, 6, 5, 4, 11]
	6.89e-08 : [7, 8, 9, 5, 4, 11]
	  0.0126 : [7, 8, 9, 10, 11]
	1.71e-08 : [7, 8, 16, 10, 11]
	4.57e-14 : [7, 8, 16, 17, 10, 11]
	     500 : [7, 18, 16, 10, 11]
	 0.00133 : [7, 18, 16, 17, 10, 11]

 12 ->   7 (700.0):
	     451 : [7, 8, 6, 5, 4, 3, 12]
	     126 : [7, 8, 6, 2, 1, 3, 12]
	     123 : [7, 8, 9, 5, 4, 3, 12]

 13 ->   7 (400.0):
	    44.3 : [7, 8, 6, 5, 4, 3, 12, 13]
	    12.3 : [7, 8, 6, 2, 1, 3, 12, 13]
	    12.1 : [7, 8, 9, 5, 4, 3, 12, 13]
	     331 : [7, 18, 20, 21, 24, 13]
	0.000432 : [7, 18, 20, 22, 21, 24, 13]
	0.000207 : [7, 18, 20, 22, 23, 24, 13]

 14 ->   7 (200.0):
	     200 : [7, 18, 20, 19, 15, 14]
	 0.00124 : [7, 18, 20, 22, 15, 14]
	 0.00193 : [7, 18, 20, 22, 23, 14]

 15 ->   7 (500.0):
	     500 : [7, 18, 20, 19, 15]
	  0.0031 : [7, 18, 20, 22, 15]

 16 ->   7 (1400.0):
	 1.4e+03 : [7, 18, 16]

 17 ->   7 (1000.0):
	   1e+03 : [7, 18, 16, 17]

 18 ->   7 (200.0):
	     200 : [7, 18]

 19 ->   7 (400.0):
	0.000248 : [7, 18, 16, 17, 19]
	     400 : [7, 18, 20, 19]

 20 ->   7 (500.0):
	     500 : [7, 18, 20]

 21 ->   7 (200.0):
	     200 : [7, 18, 20, 21]
	0.000261 : [7, 18, 20, 22, 21]

 22 ->   7 (500.0):
	     500 : [7, 18, 20, 22]

 23 ->   7 (200.0):
	6.57e-08 : [7, 18, 20, 21, 22, 23]
	 0.00301 : [7, 18, 20, 21, 24, 23]
	     200 : [7, 18, 20, 22, 23]

 24 ->   7 (100.0):
	     100 : [7, 18, 20, 21, 24]
	 0.00013 : [7, 18, 20, 22, 21, 24]
	6.25e-05 : [7, 18, 20, 22, 23, 24]

  1 ->   8 (800.0):
	     800 : [8, 6, 2, 1]

  2 ->   8 (400.0):
	     400 : [8, 6, 2]

  3 ->   8 (200.0):
	     129 : [8, 6, 5, 4, 3]
	    35.9 : [8, 6, 2, 1, 3]
	    35.2 : [8, 9, 5, 4, 3]

  4 ->   8 (700.0):
	     550 : [8, 6, 5, 4]
	     150 : [8, 9, 5, 4]

  5 ->   8 (500.0):
	     393 : [8, 6, 5]
	     107 : [8, 9, 5]

  6 ->   8 (800.0):
	     800 : [8, 6]

  7 ->   8 (1000.0):
	   1e+03 : [8, 7]

  9 ->   8 (800.0):
	     800 : [8, 9]

 10 ->   8 (1600.0):
	 1.6e+03 : [8, 9, 10]
	 0.00217 : [8, 16, 10]
	5.79e-09 : [8, 16, 17, 10]

 11 ->   8 (800.0):
	   0.016 : [8, 6, 5, 4, 11]
	 0.00436 : [8, 9, 5, 4, 11]
	     800 : [8, 9, 10, 11]
	 0.00108 : [8, 16, 10, 11]
	2.89e-09 : [8, 16, 17, 10, 11]

 12 ->   8 (600.0):
	     387 : [8, 6, 5, 4, 3, 12]
	     108 : [8, 6, 2, 1, 3, 12]
	     106 : [8, 9, 5, 4, 3, 12]

 13 ->   8 (600.0):
	     387 : [8, 6, 5, 4, 3, 12, 13]
	     108 : [8, 6, 2, 1, 3, 12, 13]
	     106 : [8, 9, 5, 4, 3, 12, 13]

 14 ->   8 (400.0):
	     400 : [8, 7, 18, 20, 19, 15, 14]
	 0.00248 : [8, 7, 18, 20, 22, 15, 14]
	 0.00386 : [8, 7, 18, 20, 22, 23, 14]
	4.65e-09 : [8, 9, 5, 4, 11, 14]
	0.000854 : [8, 9, 10, 11, 14]
	 0.00128 : [8, 9, 10, 15, 14]
	8.23e-09 : [8, 16, 10, 11, 14]
	1.23e-08 : [8, 16, 10, 15, 14]
	 0.00409 : [8, 16, 17, 19, 15, 14]
	   4e-05 : [8, 16, 18, 20, 19, 15, 14]
	2.48e-10 : [8, 16, 18, 20, 22, 15, 14]
	3.87e-10 : [8, 16, 18, 20, 22, 23, 14]

 15 ->   8 (600.0):
	     600 : [8, 7, 18, 20, 19, 15]
	 0.00372 : [8, 7, 18, 20, 22, 15]
	 0.00192 : [8, 9, 10, 15]
	1.85e-08 : [8, 16, 10, 15]
	 0.00613 : [8, 16, 17, 19, 15]
	6.01e-05 : [8, 16, 18, 20, 19, 15]
	3.73e-10 : [8, 16, 18, 20, 22, 15]

 16 ->   8 (2200.0):
	     129 : [8, 7, 18, 16]
	2.07e+03 : [8, 16]

 17 ->   8 (1400.0):
	    82.1 : [8, 7, 18, 16, 17]
	1.32e+03 : [8, 16, 17]

 18 ->   8 (300.0):
	     300 : [8, 7, 18]

 19 ->   8 (700.0):
	0.000433 : [8, 7, 18, 16, 17, 19]
	     700 : [8, 7, 18, 20, 19]
	 0.00715 : [8, 16, 17, 19]
	7.01e-05 : [8, 16, 18, 20, 19]

 20 ->   8 (900.0):
	     900 : [8, 7, 18, 20]

 21 ->   8 (400.0):
	     400 : [8, 7, 18, 20, 21]
	0.000521 : [8, 7, 18, 20, 22, 21]

 22 ->   8 (500.0):
	     500 : [8, 7, 18, 20, 22]

 23 ->   8 (300.0):
	9.85e-08 : [8, 7, 18, 20, 21, 22, 23]
	 0.00451 : [8, 7, 18, 20, 21, 24, 23]
	     300 : [8, 7, 18, 20, 22, 23]

 24 ->   8 (200.0):
	     200 : [8, 7, 18, 20, 21, 24]
	0.000261 : [8, 7, 18, 20, 22, 21, 24]
	0.000125 : [8, 7, 18, 20, 22, 23, 24]

  1 ->   9 (500.0):
	     500 : [9, 5, 4, 3, 1]

  2 ->   9 (200.0):
	    32.9 : [9, 5, 4, 3, 1, 2]
	     167 : [9, 5, 6, 2]

  3 ->   9 (100.0):
	     100 : [9, 5, 4, 3]

  4 ->   9 (700.0):
	     700 : [9, 5, 4]

  5 ->   9 (800.0):
	     800 : [9, 5]

  6 ->   9 (400.0):
	     400 : [9, 5, 6]

  7 ->   9 (600.0):
	     600 : [9, 8, 7]

  8 ->   9 (800.0):
	     800 : [9, 8]

 10 ->   9 (2800.0):
	 2.8e+03 : [9, 10]

 11 ->   9 (1400.0):
	 0.00763 : [9, 5, 4, 11]
	 1.4e+03 : [9, 10, 11]

 12 ->   9 (600.0):
	     600 : [9, 5, 4, 3, 12]

 13 ->   9 (600.0):
	     600 : [9, 5, 4, 3, 12, 13]

 14 ->   9 (600.0):
	 0.00131 : [9, 5, 4, 11, 14]
	     240 : [9, 10, 11, 14]
	     360 : [9, 10, 15, 14]

 15 ->   9 (1000.0):
	   1e+03 : [9, 10, 15]

 16 ->   9 (1400.0):
	    57.3 : [9, 8, 7, 18, 16]
	     920 : [9, 8, 16]
	     423 : [9, 10, 16]
	 0.00147 : [9, 10, 17, 16]

 17 ->   9 (900.0):
	     900 : [9, 10, 17]

 18 ->   9 (200.0):
	     200 : [9, 8, 7, 18]

 19 ->   9 (400.0):
	     400 : [9, 10, 15, 19]

 20 ->   9 (600.0):
	     600 : [9, 8, 7, 18, 20]

 21 ->   9 (300.0):
	 0.00182 : [9, 8, 7, 18, 20, 21]
	2.37e-09 : [9, 8, 7, 18, 20, 22, 21]
	     300 : [9, 10, 15, 22, 21]

 22 ->   9 (700.0):
	     700 : [9, 10, 15, 22]

 23 ->   9 (500.0):
	    79.3 : [9, 10, 11, 14, 23]
	     119 : [9, 10, 15, 14, 23]
	     302 : [9, 10, 15, 22, 23]

 24 ->   9 (200.0):
	     200 : [9, 5, 4, 3, 12, 13, 24]
	1.21e-09 : [9, 10, 11, 12, 13, 24]
	0.000264 : [9, 10, 11, 14, 23, 24]
	0.000396 : [9, 10, 15, 14, 23, 24]
	 0.00209 : [9, 10, 15, 22, 21, 24]
	   0.001 : [9, 10, 15, 22, 23, 24]

  1 ->  10 (1300.0):
	 1.3e+03 : [10, 9, 5, 4, 3, 1]
	 0.00826 : [10, 11, 4, 3, 1]
	3.58e-08 : [10, 11, 12, 3, 1]

  2 ->  10 (600.0):
	    98.8 : [10, 9, 5, 4, 3, 1, 2]
	     501 : [10, 9, 5, 6, 2]

  3 ->  10 (300.0):
	     300 : [10, 9, 5, 4, 3]
	 0.00191 : [10, 11, 4, 3]
	8.27e-09 : [10, 11, 12, 3]

  4 ->  10 (1200.0):
	 1.2e+03 : [10, 9, 5, 4]
	 0.00763 : [10, 11, 4]

  5 ->  10 (1000.0):
	   1e+03 : [10, 9, 5]

  6 ->  10 (800.0):
	     800 : [10, 9, 5, 6]

  7 ->  10 (1900.0):
	  0.0372 : [10, 9, 8, 7]
	 1.9e+03 : [10, 16, 18, 7]
	  0.0066 : [10, 17, 16, 18, 7]

  8 ->  10 (1600.0):
	 1.6e+03 : [10, 9, 8]
	 0.00603 : [10, 16, 8]
	0.000339 : [10, 16, 18, 7, 8]

  9 ->  10 (2800.0):
	 2.8e+03 : [10, 9]

 11 ->  10 (3900.0):
	 3.9e+03 : [10, 11]

 12 ->  10 (2000.0):
	     320 : [10, 9, 5, 4, 3, 12]
	 0.00204 : [10, 11, 4, 3, 12]
	1.68e+03 : [10, 11, 12]

 13 ->  10 (1900.0):
	     304 : [10, 9, 5, 4, 3, 12, 13]
	 0.00193 : [10, 11, 4, 3, 12, 13]
	 1.6e+03 : [10, 11, 12, 13]

 14 ->  10 (2100.0):
	     840 : [10, 11, 14]
	1.26e+03 : [10, 15, 14]

 15 ->  10 (4000.0):
	   4e+03 : [10, 15]

 16 ->  10 (4400.0):
	 4.4e+03 : [10, 16]
	  0.0153 : [10, 17, 16]

 17 ->  10 (3900.0):
	 3.9e+03 : [10, 17]

 18 ->  10 (700.0):
	     700 : [10, 16, 18]
	 0.00243 : [10, 17, 16, 18]

 19 ->  10 (1800.0):
	 1.8e+03 : [10, 15, 19]

 20 ->  10 (2500.0):
	1.48e+03 : [10, 15, 19, 20]
	 0.00731 : [10, 15, 22, 20]
	1.02e+03 : [10, 16, 18, 20]
	 0.00355 : [10, 17, 16, 18, 20]
	0.000346 : [10, 17, 19, 20]

 21 ->  10 (1200.0):
	 1.2e+03 : [10, 15, 22, 21]

 22 ->  10 (2600.0):
	 2.6e+03 : [10, 15, 22]

 23 ->  10 (1800.0):
	     285 : [10, 11, 14, 23]
	     428 : [10, 15, 14, 23]
	1.09e+03 : [10, 15, 22, 23]

 24 ->  10 (800.0):
	0.000258 : [10, 11, 12, 13, 24]
	    56.2 : [10, 11, 14, 23, 24]
	    84.2 : [10, 15, 14, 23, 24]
	     446 : [10, 15, 22, 21, 24]
	     214 : [10, 15, 22, 23, 24]

  1 ->  11 (500.0):
	     500 : [11, 4, 3, 1]
	 0.00217 : [11, 12, 3, 1]

  2 ->  11 (200.0):
	     200 : [11, 4, 3, 1, 2]
	0.000867 : [11, 12, 3, 1, 2]

  3 ->  11 (300.0):
	     300 : [11, 4, 3]
	  0.0013 : [11, 12, 3]

  4 ->  11 (1400.0):
	 1.4e+03 : [11, 4]

  5 ->  11 (500.0):
	     500 : [11, 4, 5]

  6 ->  11 (400.0):
	     400 : [11, 4, 5, 6]

  7 ->  11 (500.0):
	 0.00978 : [11, 10, 9, 8, 7]
	     500 : [11, 10, 16, 18, 7]
	 0.00174 : [11, 10, 17, 16, 18, 7]

  8 ->  11 (800.0):
	  0.0445 : [11, 4, 5, 6, 8]
	  0.0122 : [11, 4, 5, 9, 8]
	     800 : [11, 10, 9, 8]
	 0.00301 : [11, 10, 16, 8]
	 0.00017 : [11, 10, 16, 18, 7, 8]

  9 ->  11 (1400.0):
	  0.0214 : [11, 4, 5, 9]
	 1.4e+03 : [11, 10, 9]

 10 ->  11 (4000.0):
	   4e+03 : [11, 10]

 12 ->  11 (1400.0):
	  0.0017 : [11, 4, 3, 12]
	 1.4e+03 : [11, 12]

 13 ->  11 (1000.0):
	 0.00121 : [11, 4, 3, 12, 13]
	   1e+03 : [11, 12, 13]

 14 ->  11 (1600.0):
	 1.6e+03 : [11, 14]

 15 ->  11 (1400.0):
	     883 : [11, 10, 15]
	     517 : [11, 14, 15]

 16 ->  11 (1400.0):
	 1.4e+03 : [11, 10, 16]
	 0.00487 : [11, 10, 17, 16]

 17 ->  11 (1000.0):
	   1e+03 : [11, 10, 17]

 18 ->  11 (200.0):
	     200 : [11, 10, 16, 18]
	0.000695 : [11, 10, 17, 16, 18]

 19 ->  11 (400.0):
	     252 : [11, 10, 15, 19]
	     148 : [11, 14, 15, 19]

 20 ->  11 (600.0):
	     264 : [11, 10, 15, 19, 20]
	  0.0013 : [11, 10, 15, 22, 20]
	     182 : [11, 10, 16, 18, 20]
	0.000633 : [11, 10, 17, 16, 18, 20]
	6.17e-05 : [11, 10, 17, 19, 20]
	     154 : [11, 14, 15, 19, 20]
	0.000763 : [11, 14, 15, 22, 20]
	 0.00118 : [11, 14, 23, 22, 20]
	2.42e-08 : [11, 14, 23, 24, 21, 20]
	2.46e-14 : [11, 14, 23, 24, 21, 22, 20]

 21 ->  11 (400.0):
	 0.00997 : [11, 10, 15, 22, 21]
	 0.00183 : [11, 12, 13, 24, 21]
	 0.00583 : [11, 14, 15, 22, 21]
	 0.00904 : [11, 14, 23, 22, 21]
	     400 : [11, 14, 23, 24, 21]

 22 ->  11 (1100.0):
	     442 : [11, 10, 15, 22]
	     258 : [11, 14, 15, 22]
	     400 : [11, 14, 23, 22]

 23 ->  11 (1300.0):
	 1.3e+03 : [11, 14, 23]

 24 ->  11 (600.0):
	 0.00275 : [11, 12, 13, 24]
	     600 : [11, 14, 23, 24]

  1 ->  12 (200.0):
	     200 : [12, 3, 1]

  2 ->  12 (100.0):
	     100 : [12, 3, 1, 2]

  3 ->  12 (200.0):
	     200 : [12, 3]

  4 ->  12 (600.0):
	     600 : [12, 3, 4]

  5 ->  12 (200.0):
	     200 : [12, 3, 4, 5]

  6 ->  12 (200.0):
	    44.5 : [12, 3, 1, 2, 6]
	     155 : [12, 3, 4, 5, 6]

  7 ->  12 (700.0):
	     128 : [12, 3, 1, 2, 6, 8, 7]
	     448 : [12, 3, 4, 5, 6, 8, 7]
	     123 : [12, 3, 4, 5, 9, 8, 7]

  8 ->  12 (600.0):
	     110 : [12, 3, 1, 2, 6, 8]
	     384 : [12, 3, 4, 5, 6, 8]
	     106 : [12, 3, 4, 5, 9, 8]

  9 ->  12 (600.0):
	     600 : [12, 3, 4, 5, 9]

 10 ->  12 (2000.0):
	1.67e+03 : [12, 11, 10]
	     328 : [12, 3, 4, 5, 9, 10]
	 0.00368 : [12, 3, 4, 11, 10]

 11 ->  12 (1400.0):
	 1.4e+03 : [12, 11]
	 0.00308 : [12, 3, 4, 11]

 13 ->  12 (1300.0):
	 1.3e+03 : [12, 13]

 14 ->  12 (700.0):
	     700 : [12, 11, 14]
	 0.00154 : [12, 3, 4, 11, 14]

 15 ->  12 (700.0):
	     393 : [12, 11, 10, 15]
	     230 : [12, 11, 14, 15]
	    77.1 : [12, 3, 4, 5, 9, 10, 15]
	0.000864 : [12, 3, 4, 11, 10, 15]
	0.000505 : [12, 3, 4, 11, 14, 15]

 16 ->  12 (700.0):
	     186 : [12, 11, 10, 16]
	0.000645 : [12, 11, 10, 17, 16]
	    5.14 : [12, 3, 1, 2, 6, 8, 7, 18, 16]
	    82.5 : [12, 3, 1, 2, 6, 8, 16]
	    17.9 : [12, 3, 4, 5, 6, 8, 7, 18, 16]
	     288 : [12, 3, 4, 5, 6, 8, 16]
	    4.93 : [12, 3, 4, 5, 9, 8, 7, 18, 16]
	    79.2 : [12, 3, 4, 5, 9, 8, 16]
	    36.4 : [12, 3, 4, 5, 9, 10, 16]
	0.000126 : [12, 3, 4, 5, 9, 10, 17, 16]
	0.000408 : [12, 3, 4, 11, 10, 16]
	1.42e-09 : [12, 3, 4, 11, 10, 17, 16]
	 0.00156 : [12, 13, 24, 21, 20, 18, 16]
	1.59e-09 : [12, 13, 24, 21, 22, 20, 18, 16]
	8.65e-21 : [12, 13, 24, 21, 22, 15, 10, 16]
	3.01e-26 : [12, 13, 24, 21, 22, 15, 10, 17, 16]
	1.83e-15 : [12, 13, 24, 21, 22, 15, 19, 17, 16]
	1.86e-17 : [12, 13, 24, 21, 22, 15, 19, 20, 18, 16]

 17 ->  12 (600.0):
	     502 : [12, 11, 10, 17]
	    98.4 : [12, 3, 4, 5, 9, 10, 17]
	  0.0011 : [12, 3, 4, 11, 10, 17]

 18 ->  12 (200.0):
	    36.7 : [12, 3, 1, 2, 6, 8, 7, 18]
	     128 : [12, 3, 4, 5, 6, 8, 7, 18]
	    35.2 : [12, 3, 4, 5, 9, 8, 7, 18]
	  0.0112 : [12, 13, 24, 21, 20, 18]

 19 ->  12 (300.0):
	     168 : [12, 11, 10, 15, 19]
	    98.5 : [12, 11, 14, 15, 19]
	      33 : [12, 3, 4, 5, 9, 10, 15, 19]
	 0.00037 : [12, 3, 4, 11, 10, 15, 19]
	0.000217 : [12, 3, 4, 11, 14, 15, 19]

 20 ->  12 (500.0):
	     500 : [12, 13, 24, 21, 20]
	0.000507 : [12, 13, 24, 21, 22, 20]

 21 ->  12 (300.0):
	     300 : [12, 13, 24, 21]

 22 ->  12 (700.0):
	     469 : [12, 13, 24, 21, 22]
	     231 : [12, 13, 24, 23, 22]

 23 ->  12 (700.0):
	     700 : [12, 13, 24, 23]

 24 ->  12 (500.0):
	     500 : [12, 13, 24]

  1 ->  13 (500.0):
	     500 : [13, 12, 3, 1]

  2 ->  13 (300.0):
	     300 : [13, 12, 3, 1, 2]

  3 ->  13 (100.0):
	     100 : [13, 12, 3]

  4 ->  13 (600.0):
	     600 : [13, 12, 3, 4]

  5 ->  13 (200.0):
	     200 : [13, 12, 3, 4, 5]

  6 ->  13 (200.0):
	    44.5 : [13, 12, 3, 1, 2, 6]
	     155 : [13, 12, 3, 4, 5, 6]

  7 ->  13 (400.0):
	    14.3 : [13, 12, 3, 1, 2, 6, 8, 7]
	      50 : [13, 12, 3, 4, 5, 6, 8, 7]
	    13.7 : [13, 12, 3, 4, 5, 9, 8, 7]
	     322 : [13, 24, 21, 20, 18, 7]

  8 ->  13 (600.0):
	     110 : [13, 12, 3, 1, 2, 6, 8]
	     384 : [13, 12, 3, 4, 5, 6, 8]
	     106 : [13, 12, 3, 4, 5, 9, 8]

  9 ->  13 (600.0):
	     600 : [13, 12, 3, 4, 5, 9]

 10 ->  13 (1900.0):
	1.59e+03 : [13, 12, 11, 10]
	     311 : [13, 12, 3, 4, 5, 9, 10]
	 0.00349 : [13, 12, 3, 4, 11, 10]

 11 ->  13 (1000.0):
	   1e+03 : [13, 12, 11]
	  0.0022 : [13, 12, 3, 4, 11]

 12 ->  13 (1300.0):
	 1.3e+03 : [13, 12]

 14 ->  13 (600.0):
	    6.15 : [13, 12, 11, 14]
	1.35e-05 : [13, 12, 3, 4, 11, 14]
	     594 : [13, 24, 23, 14]

 15 ->  13 (700.0):
	    1.43 : [13, 12, 11, 10, 15]
	   0.835 : [13, 12, 11, 14, 15]
	    0.28 : [13, 12, 3, 4, 5, 9, 10, 15]
	3.14e-06 : [13, 12, 3, 4, 11, 10, 15]
	1.84e-06 : [13, 12, 3, 4, 11, 14, 15]
	     413 : [13, 24, 21, 22, 15]
	     204 : [13, 24, 23, 22, 15]
	    80.6 : [13, 24, 23, 14, 15]

 16 ->  13 (600.0):
	0.000276 : [13, 12, 11, 10, 16]
	9.59e-10 : [13, 12, 11, 10, 17, 16]
	7.64e-06 : [13, 12, 3, 1, 2, 6, 8, 7, 18, 16]
	0.000123 : [13, 12, 3, 1, 2, 6, 8, 16]
	2.67e-05 : [13, 12, 3, 4, 5, 6, 8, 7, 18, 16]
	0.000428 : [13, 12, 3, 4, 5, 6, 8, 16]
	7.33e-06 : [13, 12, 3, 4, 5, 9, 8, 7, 18, 16]
	0.000118 : [13, 12, 3, 4, 5, 9, 8, 16]
	5.41e-05 : [13, 12, 3, 4, 5, 9, 10, 16]
	1.88e-10 : [13, 12, 3, 4, 5, 9, 10, 17, 16]
	6.07e-10 : [13, 12, 3, 4, 11, 10, 16]
	2.11e-15 : [13, 12, 3, 4, 11, 10, 17, 16]
	     600 : [13, 24, 21, 20, 18, 16]
	0.000608 : [13, 24, 21, 22, 20, 18, 16]
	3.32e-15 : [13, 24, 21, 22, 15, 10, 16]
	1.15e-20 : [13, 24, 21, 22, 15, 10, 17, 16]
	7.02e-10 : [13, 24, 21, 22, 15, 19, 17, 16]
	7.15e-12 : [13, 24, 21, 22, 15, 19, 20, 18, 16]

 17 ->  13 (500.0):
	     418 : [13, 12, 11, 10, 17]
	      82 : [13, 12, 3, 4, 5, 9, 10, 17]
	0.000919 : [13, 12, 3, 4, 11, 10, 17]
	 0.00774 : [13, 24, 21, 20, 18, 16, 17]
	 0.00073 : [13, 24, 21, 20, 19, 17]
	7.82e-09 : [13, 24, 21, 22, 20, 18, 16, 17]
	7.38e-10 : [13, 24, 21, 22, 20, 19, 17]
	 0.00555 : [13, 24, 21, 22, 15, 19, 17]
	3.85e-09 : [13, 24, 23, 22, 20, 18, 16, 17]
	3.63e-10 : [13, 24, 23, 22, 20, 19, 17]
	 0.00273 : [13, 24, 23, 22, 15, 19, 17]
	 0.00108 : [13, 24, 23, 14, 15, 19, 17]

 18 ->  13 (100.0):
	     100 : [13, 24, 21, 20, 18]

 19 ->  13 (300.0):
	   0.568 : [13, 12, 11, 10, 15, 19]
	   0.332 : [13, 12, 11, 14, 15, 19]
	   0.111 : [13, 12, 3, 4, 5, 9, 10, 15, 19]
	1.25e-06 : [13, 12, 3, 4, 11, 10, 15, 19]
	 7.3e-07 : [13, 12, 3, 4, 11, 14, 15, 19]
	    21.6 : [13, 24, 21, 20, 19]
	     164 : [13, 24, 21, 22, 15, 19]
	      81 : [13, 24, 23, 22, 15, 19]
	    32.1 : [13, 24, 23, 14, 15, 19]

 20 ->  13 (600.0):
	     600 : [13, 24, 21, 20]
	0.000608 : [13, 24, 21, 22, 20]

 21 ->  13 (600.0):
	     600 : [13, 24, 21]

 22 ->  13 (1300.0):
	     871 : [13, 24, 21, 22]
	     429 : [13, 24, 23, 22]

 23 ->  13 (800.0):
	     800 : [13, 24, 23]

 24 ->  13 (700.0):
	     700 : [13, 24]

  1 ->  14 (300.0):
	     300 : [14, 11, 4, 3, 1]
	  0.0013 : [14, 11, 12, 3, 1]

  2 ->  14 (100.0):
	     100 : [14, 11, 4, 3, 1, 2]
	0.000434 : [14, 11, 12, 3, 1, 2]

  3 ->  14 (100.0):
	     100 : [14, 11, 4, 3]
	0.000434 : [14, 11, 12, 3]

  4 ->  14 (500.0):
	     500 : [14, 11, 4]

  5 ->  14 (100.0):
	     100 : [14, 11, 4, 5]

  6 ->  14 (100.0):
	     100 : [14, 11, 4, 5, 6]

  7 ->  14 (200.0):
	     200 : [14, 15, 19, 20, 18, 7]
	0.000989 : [14, 15, 22, 20, 18, 7]
	 0.00153 : [14, 23, 22, 20, 18, 7]
	3.14e-08 : [14, 23, 24, 21, 20, 18, 7]

  8 ->  14 (400.0):
	 0.00119 : [14, 15, 10, 9, 8]
	4.47e-09 : [14, 15, 10, 16, 8]
	2.52e-10 : [14, 15, 10, 16, 18, 7, 8]
	 0.00279 : [14, 15, 19, 17, 16, 8]
	0.000157 : [14, 15, 19, 17, 16, 18, 7, 8]
	     400 : [14, 15, 19, 20, 18, 7, 8]
	 0.00198 : [14, 15, 22, 20, 18, 7, 8]
	 0.00306 : [14, 23, 22, 20, 18, 7, 8]
	6.29e-08 : [14, 23, 24, 21, 20, 18, 7, 8]

  9 ->  14 (600.0):
	 0.00361 : [14, 11, 4, 5, 9]
	     236 : [14, 11, 10, 9]
	     364 : [14, 15, 10, 9]

 10 ->  14 (2100.0):
	     826 : [14, 11, 10]
	1.27e+03 : [14, 15, 10]

 11 ->  14 (1600.0):
	 1.6e+03 : [14, 11]

 12 ->  14 (700.0):
	0.000849 : [14, 11, 4, 3, 12]
	     700 : [14, 11, 12]

 13 ->  14 (600.0):
	7.71e-06 : [14, 11, 4, 3, 12, 13]
	    6.36 : [14, 11, 12, 13]
	     594 : [14, 23, 24, 13]

 15 ->  14 (1300.0):
	 1.3e+03 : [14, 15]

 16 ->  14 (700.0):
	 0.00212 : [14, 11, 10, 16]
	7.37e-09 : [14, 11, 10, 17, 16]
	 0.00327 : [14, 15, 10, 16]
	1.14e-08 : [14, 15, 10, 17, 16]
	     693 : [14, 15, 19, 17, 16]
	    7.06 : [14, 15, 19, 20, 18, 16]

 17 ->  14 (700.0):
	     700 : [14, 15, 19, 17]

 18 ->  14 (100.0):
	     100 : [14, 15, 19, 20, 18]
	0.000494 : [14, 15, 22, 20, 18]

 19 ->  14 (300.0):
	     300 : [14, 15, 19]

 20 ->  14 (500.0):
	     500 : [14, 15, 19, 20]
	 0.00247 : [14, 15, 22, 20]
	 0.00383 : [14, 23, 22, 20]
	7.86e-08 : [14, 23, 24, 21, 20]
	7.96e-14 : [14, 23, 24, 21, 22, 20]

 21 ->  14 (400.0):
	 0.00583 : [14, 15, 22, 21]
	 0.00904 : [14, 23, 22, 21]
	     400 : [14, 23, 24, 21]

 22 ->  14 (1200.0):
	     471 : [14, 15, 22]
	     729 : [14, 23, 22]

 23 ->  14 (1100.0):
	 1.1e+03 : [14, 23]

 24 ->  14 (400.0):
	     400 : [14, 23, 24]

  1 ->  15 (500.0):
	     500 : [15, 10, 9, 5, 4, 3, 1]
	 0.00318 : [15, 10, 11, 4, 3, 1]
	1.38e-08 : [15, 10, 11, 12, 3, 1]
	 0.00184 : [15, 14, 11, 4, 3, 1]
	7.96e-09 : [15, 14, 11, 12, 3, 1]

  2 ->  15 (100.0):
	    16.5 : [15, 10, 9, 5, 4, 3, 1, 2]
	    83.5 : [15, 10, 9, 5, 6, 2]
	 0.00117 : [15, 19, 20, 18, 7, 8, 6, 2]

  3 ->  15 (100.0):
	     100 : [15, 10, 9, 5, 4, 3]
	0.000636 : [15, 10, 11, 4, 3]
	2.76e-09 : [15, 10, 11, 12, 3]

  4 ->  15 (500.0):
	     500 : [15, 10, 9, 5, 4]
	 0.00318 : [15, 10, 11, 4]
	 0.00184 : [15, 14, 11, 4]

  5 ->  15 (200.0):
	     200 : [15, 10, 9, 5]

  6 ->  15 (200.0):
	     200 : [15, 10, 9, 5, 6]
	1.95e-08 : [15, 19, 17, 16, 8, 6]
	 1.1e-09 : [15, 19, 17, 16, 18, 7, 8, 6]
	   8e-14 : [15, 19, 17, 10, 9, 5, 6]
	 0.00279 : [15, 19, 20, 18, 7, 8, 6]

  7 ->  15 (500.0):
	     500 : [15, 19, 20, 18, 7]
	 0.00247 : [15, 22, 20, 18, 7]

  8 ->  15 (600.0):
	 0.00178 : [15, 10, 9, 8]
	 6.7e-09 : [15, 10, 16, 8]
	3.77e-10 : [15, 10, 16, 18, 7, 8]
	 0.00419 : [15, 19, 17, 16, 8]
	0.000236 : [15, 19, 17, 16, 18, 7, 8]
	     600 : [15, 19, 20, 18, 7, 8]
	 0.00297 : [15, 22, 20, 18, 7, 8]

  9 ->  15 (900.0):
	     900 : [15, 10, 9]

 10 ->  15 (4000.0):
	   4e+03 : [15, 10]

 11 ->  15 (1400.0):
	     887 : [15, 10, 11]
	     513 : [15, 14, 11]

 12 ->  15 (700.0):
	    75.5 : [15, 10, 9, 5, 4, 3, 12]
	 0.00048 : [15, 10, 11, 4, 3, 12]
	     396 : [15, 10, 11, 12]
	0.000277 : [15, 14, 11, 4, 3, 12]
	     229 : [15, 14, 11, 12]

 13 ->  15 (700.0):
	   0.279 : [15, 10, 9, 5, 4, 3, 12, 13]
	1.78e-06 : [15, 10, 11, 4, 3, 12, 13]
	    1.46 : [15, 10, 11, 12, 13]
	1.03e-06 : [15, 14, 11, 4, 3, 12, 13]
	   0.846 : [15, 14, 11, 12, 13]
	      79 : [15, 14, 23, 24, 13]
	     418 : [15, 22, 21, 24, 13]
	     200 : [15, 22, 23, 24, 13]

 14 ->  15 (1300.0):
	 1.3e+03 : [15, 14]

 16 ->  15 (1200.0):
	 0.00561 : [15, 10, 16]
	1.95e-08 : [15, 10, 17, 16]
	1.19e+03 : [15, 19, 17, 16]
	    12.1 : [15, 19, 20, 18, 16]

 17 ->  15 (1500.0):
	 1.5e+03 : [15, 19, 17]

 18 ->  15 (200.0):
	     200 : [15, 19, 20, 18]
	0.000989 : [15, 22, 20, 18]

 19 ->  15 (800.0):
	     800 : [15, 19]

 20 ->  15 (1100.0):
	 1.1e+03 : [15, 19, 20]
	 0.00544 : [15, 22, 20]

 21 ->  15 (800.0):
	     800 : [15, 22, 21]

 22 ->  15 (2600.0):
	 2.6e+03 : [15, 22]

 23 ->  15 (1000.0):
	     283 : [15, 14, 23]
	     717 : [15, 22, 23]

 24 ->  15 (400.0):
	    45.3 : [15, 14, 23, 24]
	     240 : [15, 22, 21, 24]
	     115 : [15, 22, 23, 24]

  1 ->  16 (500.0):
	     473 : [16, 8, 6, 2, 1]
	    26.6 : [16, 18, 7, 8, 6, 2, 1]

  2 ->  16 (400.0):
	     379 : [16, 8, 6, 2]
	    21.3 : [16, 18, 7, 8, 6, 2]

  3 ->  16 (200.0):
	     112 : [16, 8, 6, 5, 4, 3]
	    31.3 : [16, 8, 6, 2, 1, 3]
	    30.7 : [16, 8, 9, 5, 4, 3]
	    15.7 : [16, 10, 9, 5, 4, 3]
	  0.0001 : [16, 10, 11, 4, 3]
	4.34e-10 : [16, 10, 11, 12, 3]
	    6.33 : [16, 18, 7, 8, 6, 5, 4, 3]
	    1.76 : [16, 18, 7, 8, 6, 2, 1, 3]
	    1.73 : [16, 18, 7, 8, 9, 5, 4, 3]

  4 ->  16 (800.0):
	     539 : [16, 8, 6, 5, 4]
	     147 : [16, 8, 9, 5, 4]
	    75.5 : [16, 10, 9, 5, 4]
	 0.00048 : [16, 10, 11, 4]
	    30.3 : [16, 18, 7, 8, 6, 5, 4]
	    8.29 : [16, 18, 7, 8, 9, 5, 4]

  5 ->  16 (500.0):
	     337 : [16, 8, 6, 5]
	      92 : [16, 8, 9, 5]
	    47.2 : [16, 10, 9, 5]
	      19 : [16, 18, 7, 8, 6, 5]
	    5.18 : [16, 18, 7, 8, 9, 5]

  6 ->  16 (900.0):
	     852 : [16, 8, 6]
	      48 : [16, 18, 7, 8, 6]

  7 ->  16 (1400.0):
	 1.4e+03 : [16, 18, 7]

  8 ->  16 (2200.0):
	2.08e+03 : [16, 8]
	     117 : [16, 18, 7, 8]

  9 ->  16 (1400.0):
	     892 : [16, 8, 9]
	     457 : [16, 10, 9]
	 0.00122 : [16, 17, 10, 9]
	    50.2 : [16, 18, 7, 8, 9]

 10 ->  16 (4400.0):
	 4.4e+03 : [16, 10]
	  0.0117 : [16, 17, 10]

 11 ->  16 (1400.0):
	 1.4e+03 : [16, 10, 11]
	 0.00373 : [16, 17, 10, 11]

 12 ->  16 (700.0):
	     279 : [16, 8, 6, 5, 4, 3, 12]
	    77.5 : [16, 8, 6, 2, 1, 3, 12]
	    76.1 : [16, 8, 9, 5, 4, 3, 12]
	      39 : [16, 10, 9, 5, 4, 3, 12]
	0.000248 : [16, 10, 11, 4, 3, 12]
	     204 : [16, 10, 11, 12]
	    15.7 : [16, 18, 7, 8, 6, 5, 4, 3, 12]
	    4.36 : [16, 18, 7, 8, 6, 2, 1, 3, 12]
	    4.28 : [16, 18, 7, 8, 9, 5, 4, 3, 12]
	0.000673 : [16, 18, 20, 21, 24, 13, 12]

 13 ->  16 (600.0):
	     600 : [16, 18, 20, 21, 24, 13]
	0.000782 : [16, 18, 20, 22, 21, 24, 13]
	0.000375 : [16, 18, 20, 22, 23, 24, 13]

 14 ->  16 (700.0):
	  0.0014 : [16, 10, 11, 14]
	 0.00209 : [16, 10, 15, 14]
	     693 : [16, 17, 19, 15, 14]
	    6.79 : [16, 18, 20, 19, 15, 14]
	4.22e-05 : [16, 18, 20, 22, 15, 14]
	6.56e-05 : [16, 18, 20, 22, 23, 14]

 15 ->  16 (1200.0):
	 0.00359 : [16, 10, 15]
	1.19e+03 : [16, 17, 19, 15]
	    11.6 : [16, 18, 20, 19, 15]
	7.23e-05 : [16, 18, 20, 22, 15]

 17 ->  16 (2800.0):
	 2.8e+03 : [16, 17]

 18 ->  16 (500.0):
	     500 : [16, 18]

 19 ->  16 (1300.0):
	1.29e+03 : [16, 17, 19]
	    12.6 : [16, 18, 20, 19]

 20 ->  16 (1600.0):
	 1.6e+03 : [16, 18, 20]

 21 ->  16 (600.0):
	     600 : [16, 18, 20, 21]
	0.000782 : [16, 18, 20, 22, 21]

 22 ->  16 (1200.0):
	 0.00109 : [16, 17, 19, 15, 22]
	 1.2e+03 : [16, 18, 20, 22]

 23 ->  16 (500.0):
	1.64e-07 : [16, 18, 20, 21, 22, 23]
	 0.00752 : [16, 18, 20, 21, 24, 23]
	     500 : [16, 18, 20, 22, 23]

 24 ->  16 (300.0):
	     300 : [16, 18, 20, 21, 24]
	0.000391 : [16, 18, 20, 22, 21, 24]
	0.000188 : [16, 18, 20, 22, 23, 24]

  1 ->  17 (400.0):
	  0.0102 : [17, 16, 8, 6, 2, 1]
	0.000576 : [17, 16, 18, 7, 8, 6, 2, 1]
	     400 : [17, 10, 9, 5, 4, 3, 1]
	 0.00254 : [17, 10, 11, 4, 3, 1]
	 1.1e-08 : [17, 10, 11, 12, 3, 1]

  2 ->  17 (200.0):
	     189 : [17, 16, 8, 6, 2]
	    10.7 : [17, 16, 18, 7, 8, 6, 2]

  3 ->  17 (100.0):
	     100 : [17, 10, 9, 5, 4, 3]
	0.000636 : [17, 10, 11, 4, 3]
	2.76e-09 : [17, 10, 11, 12, 3]

  4 ->  17 (500.0):
	     500 : [17, 10, 9, 5, 4]
	 0.00318 : [17, 10, 11, 4]

  5 ->  17 (200.0):
	     200 : [17, 10, 9, 5]

  6 ->  17 (500.0):
	     473 : [17, 16, 8, 6]
	    26.6 : [17, 16, 18, 7, 8, 6]
	 0.00194 : [17, 10, 9, 5, 6]

  7 ->  17 (1000.0):
	   1e+03 : [17, 16, 18, 7]

  8 ->  17 (1400.0):
	1.33e+03 : [17, 16, 8]
	    74.6 : [17, 16, 18, 7, 8]

  9 ->  17 (900.0):
	     900 : [17, 10, 9]

 10 ->  17 (3900.0):
	 3.9e+03 : [17, 10]

 11 ->  17 (1000.0):
	   1e+03 : [17, 10, 11]

 12 ->  17 (600.0):
	    96.1 : [17, 10, 9, 5, 4, 3, 12]
	0.000611 : [17, 10, 11, 4, 3, 12]
	     504 : [17, 10, 11, 12]

 13 ->  17 (500.0):
	 0.00644 : [17, 16, 18, 20, 21, 24, 13]
	8.39e-09 : [17, 16, 18, 20, 22, 21, 24, 13]
	4.03e-09 : [17, 16, 18, 20, 22, 23, 24, 13]
	    80.1 : [17, 10, 9, 5, 4, 3, 12, 13]
	0.000509 : [17, 10, 11, 4, 3, 12, 13]
	     420 : [17, 10, 11, 12, 13]
	2.84e-06 : [17, 19, 15, 10, 9, 5, 4, 3, 12, 13]
	 1.8e-11 : [17, 19, 15, 10, 11, 4, 3, 12, 13]
	1.49e-05 : [17, 19, 15, 10, 11, 12, 13]
	1.04e-11 : [17, 19, 15, 14, 11, 4, 3, 12, 13]
	 8.6e-06 : [17, 19, 15, 14, 11, 12, 13]
	0.000803 : [17, 19, 15, 14, 23, 24, 13]
	 0.00425 : [17, 19, 15, 22, 21, 24, 13]
	 0.00204 : [17, 19, 15, 22, 23, 24, 13]
	0.000628 : [17, 19, 20, 21, 24, 13]
	8.19e-10 : [17, 19, 20, 22, 21, 24, 13]
	3.93e-10 : [17, 19, 20, 22, 23, 24, 13]

 14 ->  17 (700.0):
	     700 : [17, 19, 15, 14]

 15 ->  17 (1500.0):
	 1.5e+03 : [17, 19, 15]

 16 ->  17 (2800.0):
	 2.8e+03 : [17, 16]

 18 ->  17 (600.0):
	     600 : [17, 16, 18]

 19 ->  17 (1700.0):
	 1.7e+03 : [17, 19]

 20 ->  17 (1700.0):
	1.55e+03 : [17, 16, 18, 20]
	     151 : [17, 19, 20]

 21 ->  17 (600.0):
	     342 : [17, 16, 18, 20, 21]
	0.000445 : [17, 16, 18, 20, 22, 21]
	     225 : [17, 19, 15, 22, 21]
	    33.3 : [17, 19, 20, 21]
	4.34e-05 : [17, 19, 20, 22, 21]

 22 ->  17 (1700.0):
	 0.00336 : [17, 16, 18, 20, 22]
	 1.7e+03 : [17, 19, 15, 22]

 23 ->  17 (600.0):
	     170 : [17, 19, 15, 14, 23]
	     430 : [17, 19, 15, 22, 23]

 24 ->  17 (300.0):
	     137 : [17, 16, 18, 20, 21, 24]
	0.000178 : [17, 16, 18, 20, 22, 21, 24]
	8.54e-05 : [17, 16, 18, 20, 22, 23, 24]
	      17 : [17, 19, 15, 14, 23, 24]
	      90 : [17, 19, 15, 22, 21, 24]
	    43.2 : [17, 19, 15, 22, 23, 24]
	    13.3 : [17, 19, 20, 21, 24]
	1.73e-05 : [17, 19, 20, 22, 21, 24]
	8.32e-06 : [17, 19, 20, 22, 23, 24]

  1 ->  18 (100.0):
	     100 : [18, 7, 8, 6, 2, 1]

  4 ->  18 (100.0):
	    78.5 : [18, 7, 8, 6, 5, 4]
	    21.5 : [18, 7, 8, 9, 5, 4]

  6 ->  18 (100.0):
	     100 : [18, 7, 8, 6]

  7 ->  18 (200.0):
	     200 : [18, 7]

  8 ->  18 (300.0):
	     300 : [18, 7, 8]

  9 ->  18 (200.0):
	     200 : [18, 7, 8, 9]

 10 ->  18 (700.0):
	     700 : [18, 16, 10]
	 0.00187 : [18, 16, 17, 10]

 11 ->  18 (100.0):
	     100 : [18, 16, 10, 11]
	0.000267 : [18, 16, 17, 10, 11]

 12 ->  18 (200.0):
	     129 : [18, 7, 8, 6, 5, 4, 3, 12]
	    35.9 : [18, 7, 8, 6, 2, 1, 3, 12]
	    35.2 : [18, 7, 8, 9, 5, 4, 3, 12]
	 0.00553 : [18, 20, 21, 24, 13, 12]

 13 ->  18 (100.0):
	     100 : [18, 20, 21, 24, 13]
	 0.00013 : [18, 20, 22, 21, 24, 13]
	6.25e-05 : [18, 20, 22, 23, 24, 13]

 14 ->  18 (100.0):
	     100 : [18, 20, 19, 15, 14]
	0.000621 : [18, 20, 22, 15, 14]
	0.000966 : [18, 20, 22, 23, 14]

 15 ->  18 (200.0):
	     200 : [18, 20, 19, 15]
	 0.00124 : [18, 20, 22, 15]

 16 ->  18 (500.0):
	     500 : [18, 16]

 17 ->  18 (600.0):
	     600 : [18, 16, 17]

 19 ->  18 (300.0):
	0.000186 : [18, 16, 17, 19]
	     300 : [18, 20, 19]

 20 ->  18 (400.0):
	     400 : [18, 20]

 21 ->  18 (100.0):
	     100 : [18, 20, 21]
	 0.00013 : [18, 20, 22, 21]

 22 ->  18 (300.0):
	     300 : [18, 20, 22]

 23 ->  18 (100.0):
	3.28e-08 : [18, 20, 21, 22, 23]
	  0.0015 : [18, 20, 21, 24, 23]
	     100 : [18, 20, 22, 23]

  1 ->  19 (300.0):
	     300 : [19, 15, 10, 9, 5, 4, 3, 1]
	 0.00191 : [19, 15, 10, 11, 4, 3, 1]
	8.27e-09 : [19, 15, 10, 11, 12, 3, 1]
	  0.0011 : [19, 15, 14, 11, 4, 3, 1]
	4.78e-09 : [19, 15, 14, 11, 12, 3, 1]

  2 ->  19 (100.0):
	     100 : [19, 20, 18, 7, 8, 6, 2]

  4 ->  19 (200.0):
	     200 : [19, 15, 10, 9, 5, 4]
	 0.00127 : [19, 15, 10, 11, 4]
	0.000735 : [19, 15, 14, 11, 4]

  5 ->  19 (100.0):
	     100 : [19, 15, 10, 9, 5]

  6 ->  19 (200.0):
	  0.0014 : [19, 17, 16, 8, 6]
	7.86e-05 : [19, 17, 16, 18, 7, 8, 6]
	5.72e-09 : [19, 17, 10, 9, 5, 6]
	 0.00131 : [19, 15, 10, 9, 5, 6]
	     200 : [19, 20, 18, 7, 8, 6]

  7 ->  19 (400.0):
	     400 : [19, 20, 18, 7]

  8 ->  19 (700.0):
	 0.00489 : [19, 17, 16, 8]
	0.000275 : [19, 17, 16, 18, 7, 8]
	     700 : [19, 20, 18, 7, 8]

  9 ->  19 (400.0):
	     400 : [19, 15, 10, 9]

 10 ->  19 (1800.0):
	 1.8e+03 : [19, 15, 10]

 11 ->  19 (400.0):
	     254 : [19, 15, 10, 11]
	     146 : [19, 15, 14, 11]

 12 ->  19 (300.0):
	    32.4 : [19, 15, 10, 9, 5, 4, 3, 12]
	0.000206 : [19, 15, 10, 11, 4, 3, 12]
	     170 : [19, 15, 10, 11, 12]
	0.000119 : [19, 15, 14, 11, 4, 3, 12]
	      98 : [19, 15, 14, 11, 12]

 13 ->  19 (300.0):
	    0.11 : [19, 15, 10, 9, 5, 4, 3, 12, 13]
	6.99e-07 : [19, 15, 10, 11, 4, 3, 12, 13]
	   0.577 : [19, 15, 10, 11, 12, 13]
	4.04e-07 : [19, 15, 14, 11, 4, 3, 12, 13]
	   0.333 : [19, 15, 14, 11, 12, 13]
	    31.1 : [19, 15, 14, 23, 24, 13]
	     165 : [19, 15, 22, 21, 24, 13]
	      79 : [19, 15, 22, 23, 24, 13]
	    24.3 : [19, 20, 21, 24, 13]
	3.17e-05 : [19, 20, 22, 21, 24, 13]
	1.52e-05 : [19, 20, 22, 23, 24, 13]

 14 ->  19 (300.0):
	     300 : [19, 15, 14]

 15 ->  19 (800.0):
	     800 : [19, 15]

 16 ->  19 (1300.0):
	1.29e+03 : [19, 17, 16]
	    13.1 : [19, 20, 18, 16]

 17 ->  19 (1700.0):
	 1.7e+03 : [19, 17]

 18 ->  19 (300.0):
	     300 : [19, 20, 18]

 20 ->  19 (1200.0):
	 1.2e+03 : [19, 20]

 21 ->  19 (400.0):
	     348 : [19, 15, 22, 21]
	    51.5 : [19, 20, 21]
	6.72e-05 : [19, 20, 22, 21]

 22 ->  19 (1200.0):
	 1.2e+03 : [19, 15, 22]

 23 ->  19 (300.0):
	    84.8 : [19, 15, 14, 23]
	     215 : [19, 15, 22, 23]

 24 ->  19 (100.0):
	    10.4 : [19, 15, 14, 23, 24]
	      55 : [19, 15, 22, 21, 24]
	    26.4 : [19, 15, 22, 23, 24]
	    8.14 : [19, 20, 21, 24]
	1.06e-05 : [19, 20, 22, 21, 24]
	5.09e-06 : [19, 20, 22, 23, 24]

  1 ->  20 (300.0):
	     300 : [20, 18, 7, 8, 6, 2, 1]

  2 ->  20 (100.0):
	     100 : [20, 18, 7, 8, 6, 2]

  4 ->  20 (300.0):
	     236 : [20, 18, 7, 8, 6, 5, 4]
	    64.4 : [20, 18, 7, 8, 9, 5, 4]

  5 ->  20 (100.0):
	    78.5 : [20, 18, 7, 8, 6, 5]
	    21.5 : [20, 18, 7, 8, 9, 5]

  6 ->  20 (300.0):
	     300 : [20, 18, 7, 8, 6]

  7 ->  20 (500.0):
	     500 : [20, 18, 7]

  8 ->  20 (900.0):
	     900 : [20, 18, 7, 8]

  9 ->  20 (600.0):
	     600 : [20, 18, 7, 8, 9]

 10 ->  20 (2500.0):
	1.02e+03 : [20, 18, 16, 10]
	 0.00273 : [20, 18, 16, 17, 10]
	1.48e+03 : [20, 19, 15, 10]
	 0.00916 : [20, 22, 15, 10]

 11 ->  20 (600.0):
	     183 : [20, 18, 16, 10, 11]
	0.000489 : [20, 18, 16, 17, 10, 11]
	     264 : [20, 19, 15, 10, 11]
	     153 : [20, 19, 15, 14, 11]
	 0.00164 : [20, 22, 15, 10, 11]
	0.000947 : [20, 22, 15, 14, 11]
	 0.00147 : [20, 22, 23, 14, 11]

 12 ->  20 (400.0):
	     400 : [20, 21, 24, 13, 12]

 13 ->  20 (600.0):
	     600 : [20, 21, 24, 13]
	0.000782 : [20, 22, 21, 24, 13]
	0.000375 : [20, 22, 23, 24, 13]

 14 ->  20 (500.0):
	     500 : [20, 19, 15, 14]
	  0.0031 : [20, 22, 15, 14]
	 0.00483 : [20, 22, 23, 14]

 15 ->  20 (1100.0):
	 1.1e+03 : [20, 19, 15]
	 0.00683 : [20, 22, 15]

 16 ->  20 (1600.0):
	 1.6e+03 : [20, 18, 16]

 17 ->  20 (1700.0):
	1.55e+03 : [20, 18, 16, 17]
	     146 : [20, 19, 17]

 18 ->  20 (400.0):
	     400 : [20, 18]

 19 ->  20 (1200.0):
	 1.2e+03 : [20, 19]

 21 ->  20 (1200.0):
	 1.2e+03 : [20, 21]
	 0.00156 : [20, 22, 21]

 22 ->  20 (2400.0):
	 2.4e+03 : [20, 22]

 23 ->  20 (700.0):
	 2.3e-07 : [20, 21, 22, 23]
	  0.0105 : [20, 21, 24, 23]
	     700 : [20, 22, 23]

 24 ->  20 (400.0):
	     400 : [20, 21, 24]
	0.000521 : [20, 22, 21, 24]
	 0.00025 : [20, 22, 23, 24]

  1 ->  21 (100.0):
	     100 : [21, 24, 13, 12, 3, 1]

  4 ->  21 (200.0):
	     200 : [21, 24, 13, 12, 3, 4]

  5 ->  21 (100.0):
	 0.00109 : [21, 20, 18, 7, 8, 6, 5]
	0.000298 : [21, 20, 18, 7, 8, 9, 5]
	     100 : [21, 22, 15, 10, 9, 5]
	  0.0304 : [21, 24, 13, 12, 3, 4, 5]

  6 ->  21 (100.0):
	     100 : [21, 20, 18, 7, 8, 6]

  7 ->  21 (200.0):
	     200 : [21, 20, 18, 7]

  8 ->  21 (400.0):
	     400 : [21, 20, 18, 7, 8]

  9 ->  21 (300.0):
	     300 : [21, 22, 15, 10, 9]

 10 ->  21 (1200.0):
	 1.2e+03 : [21, 22, 15, 10]

 11 ->  21 (400.0):
	 0.00971 : [21, 22, 15, 10, 11]
	 0.00561 : [21, 22, 15, 14, 11]
	 0.00873 : [21, 22, 23, 14, 11]
	 0.00282 : [21, 24, 13, 12, 11]
	6.21e-09 : [21, 24, 13, 12, 3, 4, 11]
	     400 : [21, 24, 23, 14, 11]

 12 ->  21 (300.0):
	     300 : [21, 24, 13, 12]

 13 ->  21 (600.0):
	     600 : [21, 24, 13]

 14 ->  21 (400.0):
	 0.00561 : [21, 22, 15, 14]
	 0.00873 : [21, 22, 23, 14]
	     400 : [21, 24, 23, 14]

 15 ->  21 (800.0):
	     800 : [21, 22, 15]

 16 ->  21 (600.0):
	     600 : [21, 20, 18, 16]
	0.000608 : [21, 22, 20, 18, 16]
	3.32e-15 : [21, 22, 15, 10, 16]
	1.15e-20 : [21, 22, 15, 10, 17, 16]
	7.02e-10 : [21, 22, 15, 19, 17, 16]
	7.15e-12 : [21, 22, 15, 19, 20, 18, 16]

 17 ->  21 (600.0):
	     331 : [21, 20, 18, 16, 17]
	    31.2 : [21, 20, 19, 17]
	0.000335 : [21, 22, 20, 18, 16, 17]
	3.16e-05 : [21, 22, 20, 19, 17]
	     238 : [21, 22, 15, 19, 17]

 18 ->  21 (100.0):
	     100 : [21, 20, 18]

 19 ->  21 (400.0):
	    46.5 : [21, 20, 19]
	     354 : [21, 22, 15, 19]

 20 ->  21 (1200.0):
	 1.2e+03 : [21, 20]
	 0.00122 : [21, 22, 20]

 22 ->  21 (1800.0):
	 1.8e+03 : [21, 22]

 23 ->  21 (700.0):
	  0.0153 : [21, 22, 23]
	     700 : [21, 24, 23]

 24 ->  21 (500.0):
	     500 : [21, 24]

  1 ->  22 (400.0):
	     270 : [22, 21, 24, 13, 12, 3, 1]
	 0.00411 : [22, 15, 10, 9, 5, 4, 3, 1]
	2.61e-08 : [22, 15, 10, 11, 4, 3, 1]
	1.13e-13 : [22, 15, 10, 11, 12, 3, 1]
	1.51e-08 : [22, 15, 14, 11, 4, 3, 1]
	6.55e-14 : [22, 15, 14, 11, 12, 3, 1]
	     130 : [22, 23, 24, 13, 12, 3, 1]

  2 ->  22 (100.0):
	     100 : [22, 20, 18, 7, 8, 6, 2]
	 0.00143 : [22, 21, 24, 13, 12, 3, 1, 2]

  3 ->  22 (100.0):
	    67.6 : [22, 21, 24, 13, 12, 3]
	 0.00103 : [22, 15, 10, 9, 5, 4, 3]
	6.53e-09 : [22, 15, 10, 11, 4, 3]
	2.83e-14 : [22, 15, 10, 11, 12, 3]
	    32.4 : [22, 23, 24, 13, 12, 3]

  4 ->  22 (400.0):
	     400 : [22, 15, 10, 9, 5, 4]
	 0.00254 : [22, 15, 10, 11, 4]
	 0.00147 : [22, 15, 14, 11, 4]
	 0.00229 : [22, 23, 14, 11, 4]
	1.27e-07 : [22, 23, 24, 13, 12, 3, 4]

  5 ->  22 (200.0):
	     200 : [22, 15, 10, 9, 5]

  6 ->  22 (200.0):
	     200 : [22, 20, 18, 7, 8, 6]

  7 ->  22 (500.0):
	     500 : [22, 20, 18, 7]

  8 ->  22 (500.0):
	     500 : [22, 20, 18, 7, 8]

  9 ->  22 (700.0):
	     700 : [22, 15, 10, 9]

 10 ->  22 (2600.0):
	 2.6e+03 : [22, 15, 10]

 11 ->  22 (1100.0):
	     444 : [22, 15, 10, 11]
	     257 : [22, 15, 14, 11]
	     399 : [22, 23, 14, 11]

 12 ->  22 (700.0):
	     473 : [22, 21, 24, 13, 12]
	     227 : [22, 23, 24, 13, 12]

 13 ->  22 (1300.0):
	     879 : [22, 21, 24, 13]
	     421 : [22, 23, 24, 13]

 14 ->  22 (1200.0):
	     470 : [22, 15, 14]
	     730 : [22, 23, 14]

 15 ->  22 (2600.0):
	 2.6e+03 : [22, 15]

 16 ->  22 (1200.0):
	 1.2e+03 : [22, 20, 18, 16]
	6.55e-09 : [22, 15, 10, 16]
	2.28e-14 : [22, 15, 10, 17, 16]
	 0.00139 : [22, 15, 19, 17, 16]
	1.41e-05 : [22, 15, 19, 20, 18, 16]

 17 ->  22 (1700.0):
	  0.0024 : [22, 20, 18, 16, 17]
	0.000226 : [22, 20, 19, 17]
	 1.7e+03 : [22, 15, 19, 17]

 18 ->  22 (300.0):
	     300 : [22, 20, 18]

 19 ->  22 (1200.0):
	 1.2e+03 : [22, 15, 19]

 20 ->  22 (2400.0):
	 2.4e+03 : [22, 20]

 21 ->  22 (1800.0):
	 1.8e+03 : [22, 21]

 23 ->  22 (2100.0):
	 2.1e+03 : [22, 23]

 24 ->  22 (1100.0):
	     743 : [22, 21, 24]
	     357 : [22, 23, 24]

  1 ->  23 (300.0):
	     300 : [23, 24, 13, 12, 3, 1]

  3 ->  23 (100.0):
	     100 : [23, 24, 13, 12, 3]

  4 ->  23 (500.0):
	     500 : [23, 14, 11, 4]
	  0.0279 : [23, 24, 13, 12, 3, 4]

  5 ->  23 (100.0):
	     100 : [23, 14, 11, 4, 5]
	 0.00558 : [23, 24, 13, 12, 3, 4, 5]

  6 ->  23 (100.0):
	     100 : [23, 14, 11, 4, 5, 6]
	  0.0016 : [23, 24, 13, 12, 3, 1, 2, 6]
	 0.00558 : [23, 24, 13, 12, 3, 4, 5, 6]

  7 ->  23 (200.0):
	     200 : [23, 22, 20, 18, 7]
	  0.0041 : [23, 24, 21, 20, 18, 7]

  8 ->  23 (300.0):
	     300 : [23, 22, 20, 18, 7, 8]
	 0.00615 : [23, 24, 21, 20, 18, 7, 8]

  9 ->  23 (500.0):
	     303 : [23, 22, 15, 10, 9]
	 0.00119 : [23, 14, 11, 4, 5, 9]
	    77.6 : [23, 14, 11, 10, 9]
	     120 : [23, 14, 15, 10, 9]

 10 ->  23 (1800.0):
	1.09e+03 : [23, 22, 15, 10]
	     279 : [23, 14, 11, 10]
	     431 : [23, 14, 15, 10]

 11 ->  23 (1300.0):
	 1.3e+03 : [23, 14, 11]

 12 ->  23 (700.0):
	     700 : [23, 24, 13, 12]

 13 ->  23 (800.0):
	     800 : [23, 24, 13]

 14 ->  23 (1100.0):
	 1.1e+03 : [23, 14]

 15 ->  23 (1000.0):
	     716 : [23, 22, 15]
	     284 : [23, 14, 15]

 16 ->  23 (500.0):
	     500 : [23, 22, 20, 18, 16]
	2.73e-09 : [23, 22, 15, 10, 16]
	9.48e-15 : [23, 22, 15, 10, 17, 16]
	0.000577 : [23, 22, 15, 19, 17, 16]
	5.88e-06 : [23, 22, 15, 19, 20, 18, 16]
	  0.0103 : [23, 24, 21, 20, 18, 16]
	1.04e-08 : [23, 24, 21, 22, 20, 18, 16]
	5.67e-20 : [23, 24, 21, 22, 15, 10, 16]
	1.97e-25 : [23, 24, 21, 22, 15, 10, 17, 16]
	 1.2e-14 : [23, 24, 21, 22, 15, 19, 17, 16]
	1.22e-16 : [23, 24, 21, 22, 15, 19, 20, 18, 16]

 17 ->  23 (600.0):
	0.000605 : [23, 22, 20, 18, 16, 17]
	5.71e-05 : [23, 22, 20, 19, 17]
	     430 : [23, 22, 15, 19, 17]
	     170 : [23, 14, 15, 19, 17]

 18 ->  23 (100.0):
	     100 : [23, 22, 20, 18]
	 0.00205 : [23, 24, 21, 20, 18]

 19 ->  23 (300.0):
	     215 : [23, 22, 15, 19]
	    85.1 : [23, 14, 15, 19]

 20 ->  23 (700.0):
	     700 : [23, 22, 20]
	  0.0144 : [23, 24, 21, 20]
	1.45e-08 : [23, 24, 21, 22, 20]

 21 ->  23 (700.0):
	  0.0158 : [23, 22, 21]
	     700 : [23, 24, 21]

 22 ->  23 (2100.0):
	 2.1e+03 : [23, 22]

 24 ->  23 (700.0):
	     700 : [23, 24]

  1 ->  24 (100.0):
	     100 : [24, 13, 12, 3, 1]

  4 ->  24 (200.0):
	     200 : [24, 13, 12, 3, 4]

  6 ->  24 (100.0):
	    22.3 : [24, 13, 12, 3, 1, 2, 6]
	    77.7 : [24, 13, 12, 3, 4, 5, 6]

  7 ->  24 (100.0):
	     100 : [24, 21, 20, 18, 7]

  8 ->  24 (200.0):
	     200 : [24, 21, 20, 18, 7, 8]

  9 ->  24 (200.0):
	     200 : [24, 13, 12, 3, 4, 5, 9]
	 0.00301 : [24, 21, 22, 15, 10, 9]
	 0.00148 : [24, 23, 22, 15, 10, 9]
	5.81e-09 : [24, 23, 14, 11, 4, 5, 9]
	 0.00038 : [24, 23, 14, 11, 10, 9]
	0.000586 : [24, 23, 14, 15, 10, 9]

 10 ->  24 (800.0):
	     441 : [24, 21, 22, 15, 10]
	     217 : [24, 23, 22, 15, 10]
	    55.7 : [24, 23, 14, 11, 10]
	      86 : [24, 23, 14, 15, 10]

 11 ->  24 (600.0):
	 0.00424 : [24, 13, 12, 11]
	9.32e-09 : [24, 13, 12, 3, 4, 11]
	     600 : [24, 23, 14, 11]

 12 ->  24 (500.0):
	     500 : [24, 13, 12]

 13 ->  24 (800.0):
	     800 : [24, 13]

 14 ->  24 (400.0):
	     400 : [24, 23, 14]

 15 ->  24 (400.0):
	     237 : [24, 21, 22, 15]
	     117 : [24, 23, 22, 15]
	    46.2 : [24, 23, 14, 15]

 16 ->  24 (300.0):
	     300 : [24, 21, 20, 18, 16]
	0.000304 : [24, 21, 22, 20, 18, 16]
	1.66e-15 : [24, 21, 22, 15, 10, 16]
	5.76e-21 : [24, 21, 22, 15, 10, 17, 16]
	3.51e-10 : [24, 21, 22, 15, 19, 17, 16]
	3.57e-12 : [24, 21, 22, 15, 19, 20, 18, 16]

 17 ->  24 (300.0):
	     130 : [24, 21, 20, 18, 16, 17]
	    12.3 : [24, 21, 20, 19, 17]
	0.000132 : [24, 21, 22, 20, 18, 16, 17]
	1.24e-05 : [24, 21, 22, 20, 19, 17]
	    93.4 : [24, 21, 22, 15, 19, 17]
	6.48e-05 : [24, 23, 22, 20, 18, 16, 17]
	6.11e-06 : [24, 23, 22, 20, 19, 17]
	      46 : [24, 23, 22, 15, 19, 17]
	    18.2 : [24, 23, 14, 15, 19, 17]

 19 ->  24 (100.0):
	    7.22 : [24, 21, 20, 19]
	      55 : [24, 21, 22, 15, 19]
	    27.1 : [24, 23, 22, 15, 19]
	    10.7 : [24, 23, 14, 15, 19]

 20 ->  24 (400.0):
	     400 : [24, 21, 20]
	0.000405 : [24, 21, 22, 20]

 21 ->  24 (500.0):
	     500 : [24, 21]

 22 ->  24 (1100.0):
	     737 : [24, 21, 22]
	     363 : [24, 23, 22]

 23 ->  24 (700.0):
	     700 : [24, 23]

