i	j	o4d1
1	2	 4497.71
1	3	 8119.74
2	1	 4520.62
2	6	 5968.67
3	1	 8096.83
3	4	14019.01
3	12	10036.44
4	3	14044.13
4	5	18017.23
4	11	 5209.47
5	4	18042.82
5	6	 8796.67
5	9	15785.47
6	2	 5991.58
6	5	 8805.75
6	8	12494.13
7	8	12102.02
7	18	15804.85
8	6	12526.12
8	7	12049.26
8	9	 6881.79
8	16	 8381.13
9	5	15801.99
9	8	 6835.76
9	10	21748.51
10	9	21818.99
10	11	17725.39
10	15	23127.42
10	16	11046.13
10	17	 8100.68
11	4	 5308.99
11	10	17600.76
11	12	 8364.78
11	14	 9777.97
12	3	 9988.42
12	11	 8403.96
12	13	12302.31
13	12	12393.46
13	24	11120.15
14	11	 9813.68
14	15	 9040.60
14	23	 8396.69
15	10	23195.83
15	14	 9080.27
15	19	19082.10
15	22	18405.53
16	8	 8406.39
16	10	11072.88
16	17	11688.14
16	18	15287.02
17	10	 8100.63
17	16	11676.45
17	19	 9952.43
18	7	15857.61
18	16	15350.72
18	20	18988.98
19	15	19114.98
19	17	 9940.70
19	20	 8685.52
20	18	19005.44
20	19	 8706.67
20	21	 6305.06
20	22	 7002.69
21	20	 6242.83
21	22	 8617.96
21	24	10305.88
22	15	18380.74
22	20	 7002.53
22	21	 8604.91
22	23	 9660.87
23	14	 8392.73
23	22	 9622.88
23	24	 7900.99
24	13	11111.30
24	21	10256.69
24	23	 7859.03
