i	j	       1	       2	       3	       4	       5	       6	       7	       8	       9	      10	      11	      12	      13	      14	      15	      16	      17	      18	      19	      20	      21	      22	      23	      24
1	2	 2600.35	    0.00	  268.66	  200.00	   16.59	    0.00	    0.01	    0.02	   33.18	   99.54	  200.04	  457.88	  526.45	  100.01	   16.57	    0.02	    0.04	    0.00	    0.01	    0.00	    0.01	    0.06	    0.24	   30.87
1	3	 6199.65	 1175.24	    0.00	    0.00	    0.00	  235.96	  138.54	  242.42	    0.00	    0.00	    0.00	    0.00	    0.00	    0.00	    0.00	  109.75	    0.00	   34.54	    0.00	    0.02	    0.00	    0.00	    0.00	    0.00
2	1	    0.00	 1275.24	    0.00	    0.00	    0.00	  535.96	  638.52	 1042.38	    0.00	    0.00	    0.00	    0.00	    0.00	    0.00	    0.00	  609.73	    0.61	  134.53	    0.03	  299.98	    0.00	    0.02	    0.00	    0.00
2	6	 2500.35	 2724.76	  168.66	    0.02	    0.00	    0.00	    0.00	    0.00	    0.00	    0.00	    0.06	  357.88	  226.45	    0.01	    0.00	    0.00	    0.00	    0.00	    0.00	    0.00	    0.01	    0.03	    0.24	   30.87
3	1	    0.00	    0.00	  368.66	  700.00	  216.59	    0.00	    0.03	    0.05	  533.18	 1399.54	  700.04	  657.88	 1026.45	  400.01	  516.57	    0.04	  399.43	    0.00	  299.99	    0.05	  100.01	  400.04	  300.24	  130.87
3	4	 4499.14	  674.90	 1931.10	    0.00	    0.00	    0.00	    0.00	    0.00	    0.00	    0.00	    0.00	 3705.87	 2747.35	    0.09	    0.00	    0.00	    0.00	    0.00	    0.00	    0.00	  202.55	    0.24	    2.33	  468.85
3	12	 1600.51	  400.34	  500.23	 1601.91	  500.27	  500.40	  702.71	 1200.00	 1399.75	  678.02	    0.79	    0.00	    0.00	    0.27	   58.92	  573.02	  191.24	  199.51	   25.25	    0.17	    0.04	    0.09	    0.09	    0.00
4	3	    0.00	    0.00	    0.00	 2501.91	  816.86	  564.44	  664.20	 1157.63	 2032.93	 2377.47	 1000.65	    0.00	    0.00	  500.14	  675.41	  663.30	  690.64	  164.97	  325.23	    0.17	    0.05	    0.16	    0.14	    0.01
4	5	 3197.85	  174.89	 1331.08	 6696.90	    0.00	    0.00	    0.00	    0.00	    0.00	    0.00	  904.08	 3105.52	 2147.06	  200.02	    0.08	    0.00	    0.00	    0.00	    0.02	    0.00	    2.81	    0.18	  199.72	  268.86
4	11	  801.29	  300.06	  400.03	 2401.20	  699.88	  599.74	    0.07	    7.71	    0.40	    0.16	    0.00	    0.35	    0.29	    0.07	    0.06	    0.11	    0.04	    0.02	    0.02	    0.02	    0.02	    0.04	    0.05	    0.02
5	4	    0.00	    0.04	    0.00	    0.00	 2016.74	 1564.18	 1064.28	 1865.35	 2733.32	 3576.08	    0.00	    0.00	    0.00	    0.00	 1174.02	 1463.42	 1190.00	  264.99	  524.65	  300.19	    0.04	  398.45	    0.00	    0.00
5	6	    0.00	    0.00	  511.98	 2068.98	 1224.69	    0.00	    0.02	    0.03	  566.96	 1300.40	  403.91	 1415.55	  756.58	  100.02	  283.16	    0.04	    0.04	    0.00	    0.02	    0.01	    0.01	    0.00	   99.72	   69.12
5	9	 2997.85	  899.79	  719.09	 4127.91	 2858.58	 1399.96	    0.02	    0.10	    0.00	    0.00	    0.17	 1489.97	 1190.48	    0.00	    0.00	    0.06	    0.00	    0.01	    0.00	    0.02	    0.01	    0.00	    0.00	  199.74
6	2	    0.00	    0.00	    0.00	    0.02	   83.41	  935.96	  838.51	 1442.37	  166.82	  500.46	    0.02	    0.00	    0.00	    0.01	   83.43	 1009.71	  200.57	  134.53	  100.01	  399.97	    0.00	   99.99	    0.00	    0.00
6	5	    0.00	  824.95	    0.00	    0.00	    0.00	 3164.14	  975.07	 1825.44	    0.00	    0.00	    0.00	    0.00	    0.00	    0.00	    0.00	 1498.76	    0.07	  204.69	    0.03	  307.36	    0.05	    0.00	    0.00	    0.00
6	8	 2200.35	 1499.81	  380.64	 1668.98	  941.28	 3499.90	    0.00	    0.00	    0.14	    0.06	    3.95	 1573.43	  783.03	    0.03	    0.00	    0.00	    0.00	    0.00	    0.00	    0.00	    0.00	    0.00	    0.00	    0.00
7	8	    0.00	    0.00	    0.00	    0.00	    0.00	    0.00	 4107.84	    0.00	    0.00	    0.00	    0.00	    0.00	    0.00	  399.56	  599.59	  462.29	  160.58	  999.58	  998.89	 2599.41	  500.23	  799.88	  300.02	  200.04
7	18	  415.40	  318.42	    3.05	  412.14	  107.60	  943.33	 7992.16	 4411.13	  808.66	    0.76	    0.14	  203.32	    0.01	    0.00	    0.00	    0.00	    0.02	    0.00	    0.00	    0.00	    0.00	    0.00	    0.00	    0.00
8	6	    0.00	    0.00	    0.00	    0.00	    0.00	    0.00	 2213.56	 4067.78	    0.00	    0.12	    0.00	    0.00	    0.00	    0.00	    0.27	 3408.44	  700.60	  439.22	  300.02	 1007.32	  100.04	  299.96	    0.05	    0.01
8	7	  915.40	  518.42	  103.05	  812.14	  307.60	 1343.33	    0.00	 5411.13	 1408.61	    2.70	    1.09	  903.08	  400.01	    0.00	    0.00	    0.00	    0.11	    0.00	    0.00	    0.00	    0.00	    0.00	    0.00	    0.00
8	9	    0.00	    0.00	    0.00	    0.00	    0.00	    0.00	  894.27	 3732.15	    0.00	    0.00	    0.00	    0.00	    0.00	    0.00	    0.00	 1318.75	    0.00	  260.48	    0.00	  692.45	    0.24	    0.00	    0.00	    0.05
8	16	  485.03	  581.44	  170.69	  672.69	  420.43	 1356.66	    0.00	 3488.94	  773.18	    0.00	    0.06	  456.50	    0.15	    0.00	    0.00	    0.00	    0.00	    0.00	    0.00	    0.00	    0.00	    0.00	    0.00	    0.00
9	5	    0.00	    0.00	    0.00	    0.00	    0.00	    0.00	  289.25	  540.03	 4100.29	 5876.47	    0.00	    0.00	    0.00	    0.00	 1657.10	  464.75	 1389.97	   60.31	  624.63	   92.87	   97.20	  598.27	    0.00	    0.00
9	8	    0.08	    0.04	   93.09	  515.85	  286.76	    0.09	    0.00	    0.00	 2981.65	 1602.49	  797.20	  386.15	  217.13	    0.05	    0.00	    0.00	    0.22	    0.00	    0.00	    0.00	    0.00	    0.00	    0.00	    0.00
9	10	 2497.77	  699.75	  526.00	 2912.07	 1771.82	  999.87	    5.10	 2392.22	 9118.07	    0.00	    0.00	  503.95	  373.48	    0.00	    0.00	    0.24	    0.00	    0.28	    0.00	    0.00	    0.00	    0.00	    0.00	    0.00
10	9	    0.00	    0.00	    0.00	    0.00	    0.00	    0.00	    0.05	    0.00	    0.00	10278.97	 2197.03	    0.13	    0.13	  600.05	 2657.10	  546.19	 2290.19	    0.10	 1024.63	    0.40	  396.94	 1298.27	  500.00	    0.21
10	11	    0.00	    0.00	    0.00	    0.00	    0.00	    0.00	  499.87	  792.31	 1714.02	 8377.05	    0.00	    0.00	    0.00	    0.00	 1309.03	 1526.38	 1909.09	  199.98	  432.18	  436.61	    1.62	  502.75	    0.00	    0.00
10	15	  798.58	   99.86	   99.82	 1097.26	  499.99	  200.00	    0.00	    0.00	 3085.69	14766.41	 1890.30	  642.99	    1.24	    0.00	    0.00	    0.00	    0.79	    0.00	    0.00	    0.00	    0.00	    0.00	    0.00	    0.00
10	16	    0.00	    0.00	   26.27	  115.22	   72.01	    0.00	    0.00	    0.00	  618.53	 7876.87	 2129.16	  236.68	    0.11	    0.00	    0.00	    0.00	    0.00	    0.00	    0.00	    0.00	    0.00	    0.00	    0.00	    0.00
10	17	  399.44	    0.02	   99.98	  499.91	  199.94	    0.04	    0.08	    0.11	  899.83	 3900.70	 1000.08	  599.89	  499.80	    0.10	    0.12	    0.11	    0.00	    0.05	    0.07	    0.14	    0.05	    0.14	    0.05	    0.02
11	4	    0.00	    0.00	    0.00	    0.00	    0.00	    0.00	    0.00	    0.00	    0.00	    1.55	 3404.73	    0.00	    0.00	 1200.13	    1.52	    0.00	    0.68	    0.00	    0.61	    0.00	    0.29	    1.70	  697.58	    0.05
11	10	    0.25	    0.08	    0.08	    0.32	    0.13	    0.10	    0.00	    0.00	    0.00	    0.00	11116.58	 2975.73	 2027.80	 1071.36	    0.00	    0.00	    0.00	    0.00	    0.00	    0.00	    0.00	    0.00	  342.03	   52.77
11	12	    0.00	    0.00	    0.00	    0.00	    0.00	    0.00	    0.00	    0.00	    0.11	 3222.16	 2400.13	    0.00	    0.00	  776.74	  655.49	  126.67	  908.75	    0.02	  280.90	    0.00	    0.00	    0.00	    0.00	    0.00
11	14	  301.56	  100.17	  100.21	 1000.95	  199.77	  199.71	    0.00	    0.03	  314.31	 1153.50	 5378.56	 1057.15	    2.09	    0.00	    0.00	    0.00	    0.04	    0.00	    0.00	    0.00	    0.00	    0.00	    0.00	    0.00
12	3	    0.00	    0.00	    0.00	    0.00	    0.00	    0.00	    0.00	    0.00	    0.00	    0.09	    0.18	 4563.75	 3873.80	    0.23	    0.08	    0.00	    0.03	    0.00	    0.01	    0.03	  302.54	  500.21	  402.52	  599.70
12	11	    0.51	    0.19	    0.26	    0.08	    0.02	    0.07	    0.00	    0.00	    0.00	    0.00	    0.00	 5432.53	 3029.59	    0.00	    0.00	    0.00	    0.00	    0.00	    0.00	    0.00	    0.04	    0.00	    0.00	    0.36
12	13	 1400.00	  300.15	  299.98	 1001.83	  300.25	  300.33	    2.78	  600.00	  799.85	 1900.08	 1000.74	 3903.72	    0.00	   76.93	   14.36	    0.61	  499.96	    0.05	    6.16	    0.04	    0.00	    0.00	    0.00	    0.00
13	12	    0.00	    0.00	    0.00	    0.00	    0.00	    0.00	    0.07	    0.00	    0.00	    0.00	    0.00	    0.00	 8203.40	    0.14	    0.03	    0.93	    0.00	    0.53	    0.01	  499.90	  602.54	 1200.12	 1102.43	 1100.06
13	24	  900.00	    0.15	  199.98	  401.83	  100.25	  100.33	    0.00	    0.00	  199.85	    0.08	    0.74	 2603.72	 6396.60	    0.00	    0.00	    0.00	    0.00	    0.00	    0.00	    0.00	    0.00	    0.00	    0.00	    0.00
14	11	    0.00	    0.00	    0.00	    0.00	    0.00	    0.00	    0.06	    0.00	    0.00	    0.00	    0.00	    0.00	    0.00	 4648.17	  747.94	    0.18	    0.34	    0.03	  249.32	  163.37	  398.62	  598.91	 2339.56	  652.44
14	15	    1.45	    0.18	    0.19	    1.63	    0.06	    0.04	    0.00	    0.00	    0.00	    0.00	 1076.67	  357.00	   92.25	 6261.83	    0.00	    0.00	    0.00	    0.00	    0.00	    0.00	    0.00	    0.00	 1101.13	  116.47
14	23	    0.11	    0.00	    0.03	  499.34	   99.73	   99.68	    0.00	    0.00	  195.26	  813.08	 2701.95	    0.33	    0.34	 3190.01	  439.57	    0.00	  226.14	    0.00	  137.94	    0.00	    0.00	    0.00	    0.00	    0.00
15	10	    0.00	    0.00	    0.00	    0.00	    0.00	    0.00	    0.00	    0.00	    0.00	    0.00	    0.00	    0.00	    0.00	 1628.80	 7966.25	    0.29	    0.83	    0.05	 3256.68	 1616.69	 1598.61	 4401.16	 1958.02	  747.46
15	14	    0.00	    0.00	    0.00	    0.00	    0.01	    0.00	  199.65	  399.30	  480.95	 1759.57	    0.00	    0.00	    0.00	    0.00	 2487.51	  699.51	  926.43	   99.83	  687.25	  662.15	    0.35	  674.85	    0.00	    0.00
15	19	  300.03	    0.05	    0.01	  200.07	  100.03	    0.05	    0.02	    0.03	  400.15	 3420.06	  869.49	  300.06	  262.57	 2897.40	 5900.04	    0.05	    0.41	    0.01	    0.00	    0.05	  447.38	 2899.92	  899.98	  211.95
15	22	    0.00	    0.00	    0.00	  398.82	  200.01	    0.00	    0.00	    0.00	 1304.59	 5586.79	  697.49	    0.00	    0.00	  435.63	 5046.20	    0.23	 2582.53	    0.00	 2119.28	    0.00	    0.00	    0.00	    0.00	    0.00
16	8	    0.00	    0.00	    0.00	    0.00	    0.00	    0.00	    0.00	    0.00	    0.00	    0.26	    0.00	    0.00	    0.00	    0.36	    0.68	 6464.89	 1939.90	    0.12	    1.13	    0.36	    0.05	    0.08	    0.03	    0.02
16	10	    0.00	    0.05	    0.00	    0.00	    0.00	    0.07	 2394.70	    0.21	    0.00	    0.00	    0.00	    0.00	    0.00	    0.00	    0.00	 6471.06	    0.56	  899.62	    0.19	 1320.30	    0.00	    0.00	    0.00	    0.00
16	17	    0.54	  199.99	    0.01	    0.06	    0.05	  500.02	 1000.32	 1400.23	    0.11	    0.50	    0.09	    0.05	    0.00	    0.00	    0.00	 5956.57	    0.00	  600.24	    0.00	 1490.65	  407.65	    0.00	    0.00	  162.58
16	18	    0.04	    0.02	    0.00	    0.04	    0.01	    0.08	    0.00	    0.39	    0.21	 3477.90	  729.52	    0.07	    0.01	    0.03	    0.15	 7207.48	 3770.76	    0.00	    0.15	    0.00	    0.00	    0.00	    0.00	    0.00
17	10	    0.00	    0.00	    0.00	    0.00	    0.00	    0.00	    0.20	    0.00	    0.00	    0.00	    0.00	    0.00	    0.00	    0.00	    0.00	    1.09	 8098.67	    0.17	    0.00	    0.16	    0.00	    0.00	    0.00	    0.00
17	16	    0.00	    0.00	    0.00	    0.00	    0.00	    0.00	    0.00	    0.00	    0.00	    1.43	    0.27	    0.00	    0.00	  697.57	 1196.48	    0.00	 8511.11	    0.00	 1296.82	    0.00	    0.05	    0.11	    0.04	    0.03
17	19	    0.03	    0.03	    0.00	    0.02	    0.01	    0.06	    0.21	    0.34	    0.04	    0.16	    0.00	    0.00	    0.00	    0.00	    0.00	 3155.59	 6790.21	    0.12	    0.00	    0.00	    0.00	    0.00	    0.00	    0.00
18	7	    0.00	    0.00	    0.00	    0.00	    0.00	    0.00	    0.00	    0.00	    0.05	 1898.07	  499.05	    0.24	    0.00	  599.56	 1099.59	 1862.29	 1160.50	 1199.58	 1398.89	 3099.41	  700.23	 1299.88	  500.02	  300.04
18	16	   15.56	   18.63	    3.05	   12.19	    7.62	   43.51	 4795.03	  111.88	    8.61	    0.36	    0.11	    6.95	  599.75	    2.81	    4.35	    0.00	    0.11	 1999.98	    4.66	 4411.30	 1007.64	 1199.97	  499.99	  462.58
18	20	  299.89	  299.81	    0.00	  299.99	  100.00	  799.90	 2997.14	 3999.63	  600.20	  880.44	  130.54	    0.02	    0.00	    0.00	    0.00	 4845.19	 2010.31	 1600.44	    0.00	    0.00	    0.00	    0.00	    0.00	    0.00
19	15	    0.00	    0.01	    0.00	    0.00	    0.00	    0.02	  699.60	  999.24	    0.00	    0.00	    0.00	    0.00	    0.00	    0.00	    0.00	 1899.90	 5009.41	  299.86	 6863.22	 3378.43	    0.15	    0.38	    0.16	    0.07
19	17	    0.04	    0.02	    0.01	    0.05	    0.02	    0.00	    0.00	    0.00	    0.09	    0.39	    0.10	    0.06	    0.20	 1397.47	 2696.36	    0.00	    0.00	    0.00	 2996.75	  209.37	  192.36	 1699.97	  599.99	  137.42
19	20	    0.02	    0.00	    0.00	    0.04	    0.02	    0.02	    0.00	    0.00	    0.09	 1619.82	  469.39	    0.00	    0.00	 1199.94	 2403.68	    0.00	   81.21	    0.00	 2940.04	    0.00	    0.00	    0.00	    0.00	    0.00
20	18	    0.00	    0.00	    0.00	    0.00	    0.00	    0.00	    0.00	    0.00	    0.00	    0.21	    0.05	    3.81	  699.73	  702.35	 1303.79	    0.00	    0.14	    0.00	 1703.39	 7910.71	 1807.87	 2799.85	 1100.00	  762.62
20	19	    0.00	   99.96	    0.00	    0.00	    0.00	  199.93	 1099.38	 1698.87	    0.00	    0.00	    0.00	    0.00	   37.63	    0.01	    0.00	   44.25	    0.00	  599.73	    0.00	 4787.75	  145.13	    0.43	    0.17	   25.54
20	21	    0.00	    0.00	    0.00	    0.01	    0.00	  100.01	  697.48	  600.24	    0.15	    0.05	    0.02	    0.01	    0.02	    0.02	    0.03	 1500.46	  391.35	  200.58	   36.74	 2699.88	    0.00	    0.07	    0.03	    0.02
20	22	    0.00	   99.85	    0.00	    0.02	    0.01	  199.98	  700.28	  800.53	    0.14	    0.21	    0.04	    0.00	    0.00	    0.00	    0.16	 1700.48	    0.11	  400.13	    0.08	 3101.66	    0.18	    0.00	    0.00	    0.00
21	20	    0.10	    0.00	    0.00	    0.00	    0.00	    0.00	    0.00	    0.00	    0.00	    0.10	    0.02	  403.73	 1337.20	    0.08	    0.16	    0.00	    0.07	    0.00	    0.17	    0.00	 3153.18	    0.23	    2.11	 1187.88
21	22	  272.00	    0.14	   68.00	    0.14	    0.07	    0.03	    0.07	    0.09	    0.00	    0.00	    0.00	  476.00	 1506.87	    0.00	    0.00	    0.18	    0.00	    0.04	    0.00	    0.41	 4648.20	    0.00	    0.80	 1633.25
21	24	    0.00	    0.00	    0.00	    0.00	    0.00	    0.02	  497.41	  200.15	    0.03	  485.37	    0.00	    0.00	    0.00	    0.00	  676.07	  900.35	  201.09	  100.54	  246.20	 1499.46	 3198.62	 2314.30	    0.00	    0.00
22	15	    0.00	    0.00	    0.00	    0.00	    0.00	    0.00	    0.07	    0.09	    0.00	    0.00	    0.00	    0.06	  869.08	    0.00	    0.00	    0.18	    0.00	    0.03	    0.00	    0.46	 2846.20	10575.54	 2756.71	 1242.87
22	20	    0.00	    0.00	    0.00	    0.00	    0.00	    0.00	    0.00	    0.00	    0.00	    0.10	    0.15	    0.08	    0.19	    2.36	    0.14	    0.00	    0.00	    0.00	    0.00	    0.00	    0.00	 5200.12	 1798.10	    0.30
22	21	    0.01	    0.00	    0.00	    0.03	    0.14	    0.00	    0.00	    0.00	  299.87	 1685.42	    2.16	    0.04	    0.00	    1.28	 1476.20	    0.08	  409.81	    0.00	  609.63	    0.00	    0.00	 4114.46	    0.09	    0.00
22	23	    0.00	    0.00	    0.00	    0.00	    0.00	    0.01	  200.28	  300.53	  304.86	 1301.47	    0.00	    0.00	    0.00	    0.00	  970.02	  500.63	  472.82	  100.13	  309.73	  701.61	    2.18	 4509.88	    0.00	    0.00
23	14	    0.01	    0.00	    0.00	    0.02	    0.00	    0.00	    0.41	    0.67	    0.00	    0.00	    0.07	    0.18	  690.50	    0.00	    0.00	    0.67	    0.00	    0.20	    0.01	    1.22	  798.26	 1124.06	 4540.68	 1168.91
23	22	  128.02	    0.01	   32.00	    1.05	    0.05	    0.00	    0.00	    0.00	    0.00	    0.00	  404.78	  224.18	  662.40	  768.02	    0.00	    0.00	    0.00	    0.00	    0.00	    0.00	    0.00	    0.00	 6654.10	  709.92
23	24	    0.01	    0.00	    0.00	    0.03	    0.00	    0.01	    0.09	    0.17	    0.12	  314.55	  997.23	    0.06	    0.00	 1321.99	  409.60	    0.49	   98.96	    0.04	  147.66	    1.14	    0.19	 1286.79	 3305.22	    0.00
24	13	    0.00	    0.00	    0.00	    0.00	    0.00	    0.00	  397.29	    0.00	    0.00	    0.00	    0.00	    0.00	    0.00	  523.21	  685.67	  600.31	    0.04	  100.48	  293.86	 1099.86	 1202.54	 2500.12	 1902.43	 1800.06
24	21	  372.08	    0.14	   68.00	  200.10	   99.92	    0.03	    0.00	    0.00	    0.00	    0.00	  397.85	 1179.68	 3444.05	  398.78	    0.00	    0.00	    0.00	    0.00	    0.00	    0.00	    0.00	    0.00	  702.79	 3321.11
24	23	  427.93	    0.01	  131.98	    1.75	    0.32	    0.33	    0.21	    0.32	    0.00	    0.00	    0.12	  924.10	 2152.56	    0.00	    0.00	    0.53	    0.00	    0.11	    0.00	    0.74	 1496.28	    0.97	    0.00	 2578.83
