i	j	o21d1
1	2	 4595.41
1	3	 8213.63
2	1	 4614.21
2	6	 5969.40
3	1	 8194.83
3	4	14018.87
3	12	10129.29
4	3	14037.74
4	5	18016.55
4	11	 5209.50
5	4	18037.81
5	6	 8797.00
5	9	15787.57
6	2	 5988.20
6	5	 8805.82
6	8	12492.81
7	8	12095.91
7	18	15747.57
8	6	12520.43
8	7	12046.17
8	9	 6875.60
8	16	 8386.88
9	5	15800.01
9	8	 6840.23
9	10	21745.75
10	9	21822.82
10	11	17728.04
10	15	23123.37
10	16	11048.26
10	17	 8100.69
11	4	 5307.10
11	10	17608.93
11	12	 8366.77
11	14	 9775.68
12	3	10091.62
12	11	 8401.40
12	13	12394.38
13	12	12491.35
13	24	11121.37
14	11	 9819.54
14	15	 9038.82
14	23	 8384.16
15	10	23199.82
15	14	 9081.91
15	19	19066.50
15	22	18363.05
16	8	 8400.13
16	10	11068.17
16	17	11682.61
16	18	15336.87
17	10	 8100.51
17	16	11681.39
17	19	 9945.32
18	7	15797.32
18	16	15371.25
18	20	18946.62
19	15	19069.16
19	17	 9943.92
19	20	 8693.84
20	18	18930.74
20	19	 8695.11
20	21	 6267.93
20	22	 7003.26
21	20	 6252.35
21	22	 8606.28
21	24	10304.09
22	15	18379.92
22	20	 6904.23
22	21	 8640.18
22	23	 9666.15
23	14	 8384.92
23	22	 9617.90
23	24	 7910.72
24	13	11118.33
24	21	10254.60
24	23	 7863.24
