i	j	o4d15
1	2	 4496.94
1	3	 8118.56
2	1	 4519.45
2	6	 5967.62
3	1	 8096.05
3	4	14020.36
3	12	10037.08
4	3	14046.11
4	5	18018.49
4	11	 5208.01
5	4	18044.09
5	6	 8795.10
5	9	15788.60
6	2	 5990.13
6	5	 8803.52
6	8	12492.00
7	8	12101.30
7	18	15805.89
8	6	12522.92
8	7	12045.43
8	9	 6883.91
8	16	 8385.79
9	5	15805.79
9	8	 6838.70
9	10	21747.41
10	9	21819.39
10	11	17728.61
10	15	23127.96
10	16	11044.74
10	17	 8100.56
11	4	 5308.16
11	10	17603.69
11	12	 8364.02
11	14	 9779.03
12	3	 9988.83
12	11	 8403.28
12	13	12302.14
13	12	12393.14
13	24	11119.30
14	11	 9815.00
14	15	 9035.27
14	23	 8398.40
15	10	23197.85
15	14	 9077.63
15	19	19083.34
15	22	18403.08
16	8	 8406.05
16	10	11071.93
16	17	11687.34
16	18	15290.70
17	10	 8100.36
17	16	11676.58
17	19	 9952.01
18	7	15861.76
18	16	15348.92
18	20	18991.18
19	15	19117.51
19	17	 9941.05
19	20	 8685.05
20	18	19005.28
20	19	 8708.26
20	21	 6304.60
20	22	 7002.72
21	20	 6242.10
21	22	 8618.27
21	24	10306.86
22	15	18381.15
22	20	 7002.53
22	21	 8606.28
22	23	 9658.72
23	14	 8392.02
23	22	 9624.61
23	24	 7900.39
24	13	11110.30
24	21	10256.35
24	23	 7859.90
