i	j	UE_flows
0	1	 4494.68
0	2	 8119.09
1	0	 4519.09
1	5	 5967.33
2	0	 8094.67
2	3	14006.52
2	11	10022.53
3	2	14030.77
3	4	18006.47
3	10	 5200.09
4	3	18030.72
4	5	 8798.25
4	8	15780.83
5	1	 5991.75
5	4	 8806.48
5	7	12492.92
6	7	12101.53
6	17	15794.11
7	5	12525.57
7	6	12040.96
7	8	 6882.66
7	15	 8388.66
8	4	15796.85
8	7	 6836.69
8	9	21744.14
9	8	21814.19
9	10	17726.61
9	14	23125.83
9	15	11047.07
9	16	 8100.01
10	3	 5300.09
10	9	17604.25
10	11	 8365.24
10	13	 9776.16
11	2	 9973.87
11	10	 8404.94
11	12	12287.78
12	11	12378.81
12	23	11121.34
13	10	 9814.10
13	14	 9036.33
13	22	 8400.41
14	9	23192.31
14	13	 9079.81
14	18	19083.32
14	21	18409.87
15	7	 8406.71
15	9	11073.00
15	16	11694.93
15	17	15278.42
16	9	 8100.01
16	15	11683.77
16	18	 9953.02
17	6	15854.68
17	15	15333.55
17	19	18976.92
18	14	19116.75
18	16	 9941.86
18	19	 8688.32
19	17	18992.62
19	18	 8710.59
19	20	 6302.05
19	21	 7000.01
20	19	 6240.00
20	21	 8619.55
20	23	10309.38
21	14	18386.40
21	19	 7000.03
21	20	 8607.38
21	22	 9661.79
22	13	 8394.87
22	21	 9626.19
22	23	 7902.95
23	12	11112.37
23	20	10259.49
23	22	 7861.81
