  1 ->   0 (100.0):
	     100 : [0, 1]

  2 ->   0 (100.0):
	     100 : [0, 2]

  3 ->   0 (500.0):
	     500 : [0, 2, 3]

  4 ->   0 (200.0):
	     200 : [0, 2, 3, 4]

  5 ->   0 (300.0):
	     300 : [0, 1, 5]

  6 ->   0 (500.0):
	     500 : [0, 1, 5, 7, 6]

  7 ->   0 (800.0):
	     800 : [0, 1, 5, 7]

  8 ->   0 (500.0):
	     500 : [0, 2, 3, 4, 8]

  9 ->   0 (1300.0):
	 1.3e+03 : [0, 2, 3, 4, 8, 9]

 10 ->   0 (500.0):
	     500 : [0, 2, 3, 10]

 11 ->   0 (200.0):
	     200 : [0, 2, 11]

 12 ->   0 (500.0):
	     500 : [0, 2, 11, 12]

 13 ->   0 (300.0):
	     300 : [0, 2, 3, 10, 13]

 14 ->   0 (500.0):
	     500 : [0, 2, 3, 4, 8, 9, 14]

 15 ->   0 (500.0):
	    29.3 : [0, 1, 5, 7, 6, 17, 15]
	     471 : [0, 1, 5, 7, 15]

 16 ->   0 (400.0):
	     400 : [0, 2, 3, 4, 8, 9, 16]

 17 ->   0 (100.0):
	     100 : [0, 1, 5, 7, 6, 17]

 18 ->   0 (300.0):
	     300 : [0, 2, 3, 4, 8, 9, 14, 18]

 19 ->   0 (300.0):
	     300 : [0, 1, 5, 7, 6, 17, 19]

 20 ->   0 (100.0):
	     100 : [0, 2, 11, 12, 23, 20]

 21 ->   0 (400.0):
	     268 : [0, 2, 11, 12, 23, 20, 21]
	     132 : [0, 2, 11, 12, 23, 22, 21]

 22 ->   0 (300.0):
	     300 : [0, 2, 11, 12, 23, 22]

 23 ->   0 (100.0):
	     100 : [0, 2, 11, 12, 23]

  0 ->   1 (100.0):
	     100 : [1, 0]

  2 ->   1 (100.0):
	     100 : [1, 0, 2]

  3 ->   1 (200.0):
	     200 : [1, 0, 2, 3]

  4 ->   1 (100.0):
	    16.3 : [1, 0, 2, 3, 4]
	    83.7 : [1, 5, 4]

  5 ->   1 (400.0):
	     400 : [1, 5]

  6 ->   1 (200.0):
	     200 : [1, 5, 7, 6]

  7 ->   1 (400.0):
	     400 : [1, 5, 7]

  8 ->   1 (200.0):
	    32.5 : [1, 0, 2, 3, 4, 8]
	     167 : [1, 5, 4, 8]

  9 ->   1 (600.0):
	    97.6 : [1, 0, 2, 3, 4, 8, 9]
	     502 : [1, 5, 4, 8, 9]

 10 ->   1 (200.0):
	     200 : [1, 0, 2, 3, 10]

 11 ->   1 (100.0):
	     100 : [1, 0, 2, 11]

 12 ->   1 (300.0):
	     300 : [1, 0, 2, 11, 12]

 13 ->   1 (100.0):
	     100 : [1, 0, 2, 3, 10, 13]

 14 ->   1 (100.0):
	    16.3 : [1, 0, 2, 3, 4, 8, 9, 14]
	    83.7 : [1, 5, 4, 8, 9, 14]

 15 ->   1 (400.0):
	    23.4 : [1, 5, 7, 6, 17, 15]
	     377 : [1, 5, 7, 15]

 16 ->   1 (200.0):
	    11.7 : [1, 5, 7, 6, 17, 15, 16]
	     188 : [1, 5, 7, 15, 16]

 18 ->   1 (100.0):
	     100 : [1, 5, 7, 6, 17, 19, 18]

 19 ->   1 (100.0):
	     100 : [1, 5, 7, 6, 17, 19]

 21 ->   1 (100.0):
	     100 : [1, 5, 7, 6, 17, 19, 21]

  0 ->   2 (100.0):
	     100 : [2, 0]

  1 ->   2 (100.0):
	     100 : [2, 0, 1]

  3 ->   2 (200.0):
	     200 : [2, 3]

  4 ->   2 (100.0):
	     100 : [2, 3, 4]

  5 ->   2 (300.0):
	    66.8 : [2, 0, 1, 5]
	     233 : [2, 3, 4, 5]

  6 ->   2 (100.0):
	    18.3 : [2, 0, 1, 5, 7, 6]
	      64 : [2, 3, 4, 5, 7, 6]
	    17.6 : [2, 3, 4, 8, 7, 6]

  7 ->   2 (200.0):
	    36.7 : [2, 0, 1, 5, 7]
	     128 : [2, 3, 4, 5, 7]
	    35.2 : [2, 3, 4, 8, 7]

  8 ->   2 (100.0):
	     100 : [2, 3, 4, 8]

  9 ->   2 (300.0):
	     300 : [2, 3, 4, 8, 9]

 10 ->   2 (300.0):
	     300 : [2, 3, 10]

 11 ->   2 (200.0):
	     200 : [2, 11]

 12 ->   2 (100.0):
	     100 : [2, 11, 12]

 13 ->   2 (100.0):
	     100 : [2, 3, 10, 13]

 14 ->   2 (100.0):
	     100 : [2, 3, 4, 8, 9, 14]

 15 ->   2 (200.0):
	       2 : [2, 0, 1, 5, 7, 6, 17, 15]
	    32.1 : [2, 0, 1, 5, 7, 15]
	    6.98 : [2, 3, 4, 5, 7, 6, 17, 15]
	     112 : [2, 3, 4, 5, 7, 15]
	    1.92 : [2, 3, 4, 8, 7, 6, 17, 15]
	    30.8 : [2, 3, 4, 8, 7, 15]
	    14.2 : [2, 3, 4, 8, 9, 15]

 16 ->   2 (100.0):
	     100 : [2, 3, 4, 8, 9, 16]

 21 ->   2 (100.0):
	      67 : [2, 11, 12, 23, 20, 21]
	      33 : [2, 11, 12, 23, 22, 21]

 22 ->   2 (100.0):
	     100 : [2, 11, 12, 23, 22]

  0 ->   3 (500.0):
	     500 : [3, 2, 0]

  1 ->   3 (200.0):
	     200 : [3, 2, 0, 1]

  2 ->   3 (200.0):
	     200 : [3, 2]

  4 ->   3 (500.0):
	     500 : [3, 4]

  5 ->   3 (400.0):
	     400 : [3, 4, 5]

  6 ->   3 (400.0):
	     314 : [3, 4, 5, 7, 6]
	    86.2 : [3, 4, 8, 7, 6]

  7 ->   3 (700.0):
	     549 : [3, 4, 5, 7]
	     151 : [3, 4, 8, 7]

  8 ->   3 (700.0):
	     700 : [3, 4, 8]

  9 ->   3 (1200.0):
	 1.2e+03 : [3, 4, 8, 9]

 10 ->   3 (1500.0):
	 1.5e+03 : [3, 10]

 11 ->   3 (600.0):
	     600 : [3, 2, 11]

 12 ->   3 (600.0):
	     600 : [3, 2, 11, 12]

 13 ->   3 (500.0):
	     500 : [3, 10, 13]

 14 ->   3 (500.0):
	     500 : [3, 4, 8, 9, 14]

 15 ->   3 (800.0):
	    33.6 : [3, 4, 5, 7, 6, 17, 15]
	     540 : [3, 4, 5, 7, 15]
	    9.25 : [3, 4, 8, 7, 6, 17, 15]
	     149 : [3, 4, 8, 7, 15]
	    68.3 : [3, 4, 8, 9, 15]

 16 ->   3 (500.0):
	     500 : [3, 4, 8, 9, 16]

 17 ->   3 (100.0):
	    78.4 : [3, 4, 5, 7, 6, 17]
	    21.6 : [3, 4, 8, 7, 6, 17]

 18 ->   3 (200.0):
	     200 : [3, 4, 8, 9, 14, 18]

 19 ->   3 (300.0):
	     235 : [3, 4, 5, 7, 6, 17, 19]
	    64.7 : [3, 4, 8, 7, 6, 17, 19]

 20 ->   3 (200.0):
	     200 : [3, 2, 11, 12, 23, 20]

 21 ->   3 (400.0):
	     400 : [3, 4, 8, 9, 14, 21]

 22 ->   3 (500.0):
	     500 : [3, 10, 13, 22]

 23 ->   3 (200.0):
	     200 : [3, 2, 11, 12, 23]

  0 ->   4 (200.0):
	     200 : [4, 3, 2, 0]

  1 ->   4 (100.0):
	    16.5 : [4, 3, 2, 0, 1]
	    83.5 : [4, 5, 1]

  2 ->   4 (100.0):
	     100 : [4, 3, 2]

  3 ->   4 (500.0):
	     500 : [4, 3]

  5 ->   4 (200.0):
	     200 : [4, 5]

  6 ->   4 (200.0):
	     157 : [4, 5, 7, 6]
	    43.1 : [4, 8, 7, 6]

  7 ->   4 (500.0):
	     392 : [4, 5, 7]
	     108 : [4, 8, 7]

  8 ->   4 (800.0):
	     800 : [4, 8]

  9 ->   4 (1000.0):
	   1e+03 : [4, 8, 9]

 10 ->   4 (500.0):
	     500 : [4, 3, 10]

 11 ->   4 (200.0):
	     200 : [4, 3, 2, 11]

 12 ->   4 (200.0):
	     200 : [4, 3, 2, 11, 12]

 13 ->   4 (100.0):
	     100 : [4, 3, 10, 13]

 14 ->   4 (200.0):
	     200 : [4, 8, 9, 14]

 15 ->   4 (500.0):
	      21 : [4, 5, 7, 6, 17, 15]
	     338 : [4, 5, 7, 15]
	    5.78 : [4, 8, 7, 6, 17, 15]
	    92.8 : [4, 8, 7, 15]
	    42.7 : [4, 8, 9, 15]

 16 ->   4 (200.0):
	     200 : [4, 8, 9, 16]

 18 ->   4 (100.0):
	     100 : [4, 8, 9, 14, 18]

 19 ->   4 (100.0):
	    78.4 : [4, 5, 7, 6, 17, 19]
	    21.6 : [4, 8, 7, 6, 17, 19]

 20 ->   4 (100.0):
	     100 : [4, 8, 9, 14, 21, 20]

 21 ->   4 (200.0):
	     200 : [4, 8, 9, 14, 21]

 22 ->   4 (100.0):
	     100 : [4, 3, 10, 13, 22]

  0 ->   5 (300.0):
	     300 : [5, 1, 0]

  1 ->   5 (400.0):
	     400 : [5, 1]

  2 ->   5 (300.0):
	     235 : [5, 4, 3, 2]
	    65.3 : [5, 1, 0, 2]

  3 ->   5 (400.0):
	     400 : [5, 4, 3]

  4 ->   5 (200.0):
	     200 : [5, 4]

  6 ->   5 (400.0):
	     400 : [5, 7, 6]

  7 ->   5 (800.0):
	     800 : [5, 7]

  8 ->   5 (400.0):
	     400 : [5, 4, 8]

  9 ->   5 (800.0):
	     800 : [5, 4, 8, 9]

 10 ->   5 (400.0):
	     400 : [5, 4, 3, 10]

 11 ->   5 (200.0):
	     156 : [5, 4, 3, 2, 11]
	    43.5 : [5, 1, 0, 2, 11]

 12 ->   5 (200.0):
	     156 : [5, 4, 3, 2, 11, 12]
	    43.5 : [5, 1, 0, 2, 11, 12]

 13 ->   5 (100.0):
	     100 : [5, 4, 3, 10, 13]

 14 ->   5 (200.0):
	     200 : [5, 4, 8, 9, 14]

 15 ->   5 (900.0):
	    52.8 : [5, 7, 6, 17, 15]
	     847 : [5, 7, 15]

 16 ->   5 (500.0):
	    29.3 : [5, 7, 6, 17, 15, 16]
	     471 : [5, 7, 15, 16]

 17 ->   5 (100.0):
	     100 : [5, 7, 6, 17]

 18 ->   5 (200.0):
	     200 : [5, 7, 6, 17, 19, 18]

 19 ->   5 (300.0):
	     300 : [5, 7, 6, 17, 19]

 20 ->   5 (100.0):
	     100 : [5, 7, 6, 17, 19, 20]

 21 ->   5 (200.0):
	     200 : [5, 7, 6, 17, 19, 21]

 22 ->   5 (100.0):
	     100 : [5, 4, 3, 10, 13, 22]

 23 ->   5 (100.0):
	    78.2 : [5, 4, 3, 2, 11, 12, 23]
	    21.8 : [5, 1, 0, 2, 11, 12, 23]

  0 ->   6 (500.0):
	     500 : [6, 7, 5, 1, 0]

  1 ->   6 (200.0):
	     200 : [6, 7, 5, 1]

  2 ->   6 (100.0):
	    64.4 : [6, 7, 5, 4, 3, 2]
	    17.9 : [6, 7, 5, 1, 0, 2]
	    17.6 : [6, 7, 8, 4, 3, 2]

  3 ->   6 (400.0):
	     314 : [6, 7, 5, 4, 3]
	    85.9 : [6, 7, 8, 4, 3]

  4 ->   6 (200.0):
	     157 : [6, 7, 5, 4]
	    42.9 : [6, 7, 8, 4]

  5 ->   6 (400.0):
	     400 : [6, 7, 5]

  7 ->   6 (1000.0):
	   1e+03 : [6, 7]

  8 ->   6 (600.0):
	     600 : [6, 7, 8]

  9 ->   6 (1900.0):
	 1.9e+03 : [6, 17, 15, 9]

 10 ->   6 (500.0):
	     500 : [6, 17, 15, 9, 10]

 11 ->   6 (700.0):
	     451 : [6, 7, 5, 4, 3, 2, 11]
	     126 : [6, 7, 5, 1, 0, 2, 11]
	     123 : [6, 7, 8, 4, 3, 2, 11]

 12 ->   6 (400.0):
	    44.3 : [6, 7, 5, 4, 3, 2, 11, 12]
	    12.3 : [6, 7, 5, 1, 0, 2, 11, 12]
	    12.1 : [6, 7, 8, 4, 3, 2, 11, 12]
	     331 : [6, 17, 19, 20, 23, 12]

 13 ->   6 (200.0):
	     200 : [6, 17, 19, 18, 14, 13]

 14 ->   6 (500.0):
	     500 : [6, 17, 19, 18, 14]

 15 ->   6 (1400.0):
	 1.4e+03 : [6, 17, 15]

 16 ->   6 (1000.0):
	   1e+03 : [6, 17, 15, 16]

 17 ->   6 (200.0):
	     200 : [6, 17]

 18 ->   6 (400.0):
	     400 : [6, 17, 19, 18]

 19 ->   6 (500.0):
	     500 : [6, 17, 19]

 20 ->   6 (200.0):
	     200 : [6, 17, 19, 20]

 21 ->   6 (500.0):
	     500 : [6, 17, 19, 21]

 22 ->   6 (200.0):
	     200 : [6, 17, 19, 21, 22]

 23 ->   6 (100.0):
	     100 : [6, 17, 19, 20, 23]

  0 ->   7 (800.0):
	     800 : [7, 5, 1, 0]

  1 ->   7 (400.0):
	     400 : [7, 5, 1]

  2 ->   7 (200.0):
	     129 : [7, 5, 4, 3, 2]
	    35.9 : [7, 5, 1, 0, 2]
	    35.2 : [7, 8, 4, 3, 2]

  3 ->   7 (700.0):
	     550 : [7, 5, 4, 3]
	     150 : [7, 8, 4, 3]

  4 ->   7 (500.0):
	     393 : [7, 5, 4]
	     107 : [7, 8, 4]

  5 ->   7 (800.0):
	     800 : [7, 5]

  6 ->   7 (1000.0):
	   1e+03 : [7, 6]

  8 ->   7 (800.0):
	     800 : [7, 8]

  9 ->   7 (1600.0):
	 1.6e+03 : [7, 8, 9]

 10 ->   7 (800.0):
	     800 : [7, 8, 9, 10]

 11 ->   7 (600.0):
	     387 : [7, 5, 4, 3, 2, 11]
	     108 : [7, 5, 1, 0, 2, 11]
	     106 : [7, 8, 4, 3, 2, 11]

 12 ->   7 (600.0):
	     387 : [7, 5, 4, 3, 2, 11, 12]
	     108 : [7, 5, 1, 0, 2, 11, 12]
	     106 : [7, 8, 4, 3, 2, 11, 12]

 13 ->   7 (400.0):
	     400 : [7, 6, 17, 19, 18, 14, 13]

 14 ->   7 (600.0):
	     600 : [7, 6, 17, 19, 18, 14]

 15 ->   7 (2200.0):
	     129 : [7, 6, 17, 15]
	2.07e+03 : [7, 15]

 16 ->   7 (1400.0):
	    82.1 : [7, 6, 17, 15, 16]
	1.32e+03 : [7, 15, 16]

 17 ->   7 (300.0):
	     300 : [7, 6, 17]

 18 ->   7 (700.0):
	     700 : [7, 6, 17, 19, 18]

 19 ->   7 (900.0):
	     900 : [7, 6, 17, 19]

 20 ->   7 (400.0):
	     400 : [7, 6, 17, 19, 20]

 21 ->   7 (500.0):
	     500 : [7, 6, 17, 19, 21]

 22 ->   7 (300.0):
	     300 : [7, 6, 17, 19, 21, 22]

 23 ->   7 (200.0):
	     200 : [7, 6, 17, 19, 20, 23]

  0 ->   8 (500.0):
	     500 : [8, 4, 3, 2, 0]

  1 ->   8 (200.0):
	    32.9 : [8, 4, 3, 2, 0, 1]
	     167 : [8, 4, 5, 1]

  2 ->   8 (100.0):
	     100 : [8, 4, 3, 2]

  3 ->   8 (700.0):
	     700 : [8, 4, 3]

  4 ->   8 (800.0):
	     800 : [8, 4]

  5 ->   8 (400.0):
	     400 : [8, 4, 5]

  6 ->   8 (600.0):
	     600 : [8, 7, 6]

  7 ->   8 (800.0):
	     800 : [8, 7]

  9 ->   8 (2800.0):
	 2.8e+03 : [8, 9]

 10 ->   8 (1400.0):
	 1.4e+03 : [8, 9, 10]

 11 ->   8 (600.0):
	     600 : [8, 4, 3, 2, 11]

 12 ->   8 (600.0):
	     600 : [8, 4, 3, 2, 11, 12]

 13 ->   8 (600.0):
	     240 : [8, 9, 10, 13]
	     360 : [8, 9, 14, 13]

 14 ->   8 (1000.0):
	   1e+03 : [8, 9, 14]

 15 ->   8 (1400.0):
	    57.3 : [8, 7, 6, 17, 15]
	     920 : [8, 7, 15]
	     423 : [8, 9, 15]

 16 ->   8 (900.0):
	     900 : [8, 9, 16]

 17 ->   8 (200.0):
	     200 : [8, 7, 6, 17]

 18 ->   8 (400.0):
	     400 : [8, 9, 14, 18]

 19 ->   8 (600.0):
	     600 : [8, 7, 6, 17, 19]

 20 ->   8 (300.0):
	     300 : [8, 9, 14, 21, 20]

 21 ->   8 (700.0):
	     700 : [8, 9, 14, 21]

 22 ->   8 (500.0):
	    79.3 : [8, 9, 10, 13, 22]
	     119 : [8, 9, 14, 13, 22]
	     302 : [8, 9, 14, 21, 22]

 23 ->   8 (200.0):
	     200 : [8, 4, 3, 2, 11, 12, 23]

  0 ->   9 (1300.0):
	 1.3e+03 : [9, 8, 4, 3, 2, 0]

  1 ->   9 (600.0):
	    98.8 : [9, 8, 4, 3, 2, 0, 1]
	     501 : [9, 8, 4, 5, 1]

  2 ->   9 (300.0):
	     300 : [9, 8, 4, 3, 2]

  3 ->   9 (1200.0):
	 1.2e+03 : [9, 8, 4, 3]

  4 ->   9 (1000.0):
	   1e+03 : [9, 8, 4]

  5 ->   9 (800.0):
	     800 : [9, 8, 4, 5]

  6 ->   9 (1900.0):
	 1.9e+03 : [9, 15, 17, 6]

  7 ->   9 (1600.0):
	 1.6e+03 : [9, 8, 7]

  8 ->   9 (2800.0):
	 2.8e+03 : [9, 8]

 10 ->   9 (3900.0):
	 3.9e+03 : [9, 10]

 11 ->   9 (2000.0):
	     320 : [9, 8, 4, 3, 2, 11]
	1.68e+03 : [9, 10, 11]

 12 ->   9 (1900.0):
	     304 : [9, 8, 4, 3, 2, 11, 12]
	 1.6e+03 : [9, 10, 11, 12]

 13 ->   9 (2100.0):
	     840 : [9, 10, 13]
	1.26e+03 : [9, 14, 13]

 14 ->   9 (4000.0):
	   4e+03 : [9, 14]

 15 ->   9 (4400.0):
	 4.4e+03 : [9, 15]

 16 ->   9 (3900.0):
	 3.9e+03 : [9, 16]

 17 ->   9 (700.0):
	     700 : [9, 15, 17]

 18 ->   9 (1800.0):
	 1.8e+03 : [9, 14, 18]

 19 ->   9 (2500.0):
	1.48e+03 : [9, 14, 18, 19]
	1.02e+03 : [9, 15, 17, 19]

 20 ->   9 (1200.0):
	 1.2e+03 : [9, 14, 21, 20]

 21 ->   9 (2600.0):
	 2.6e+03 : [9, 14, 21]

 22 ->   9 (1800.0):
	     285 : [9, 10, 13, 22]
	     428 : [9, 14, 13, 22]
	1.09e+03 : [9, 14, 21, 22]

 23 ->   9 (800.0):
	    56.2 : [9, 10, 13, 22, 23]
	    84.2 : [9, 14, 13, 22, 23]
	     446 : [9, 14, 21, 20, 23]
	     214 : [9, 14, 21, 22, 23]

  0 ->  10 (500.0):
	     500 : [10, 3, 2, 0]

  1 ->  10 (200.0):
	     200 : [10, 3, 2, 0, 1]

  2 ->  10 (300.0):
	     300 : [10, 3, 2]

  3 ->  10 (1400.0):
	 1.4e+03 : [10, 3]

  4 ->  10 (500.0):
	     500 : [10, 3, 4]

  5 ->  10 (400.0):
	     400 : [10, 3, 4, 5]

  6 ->  10 (500.0):
	     500 : [10, 9, 15, 17, 6]

  7 ->  10 (800.0):
	     800 : [10, 9, 8, 7]

  8 ->  10 (1400.0):
	 1.4e+03 : [10, 9, 8]

  9 ->  10 (4000.0):
	   4e+03 : [10, 9]

 11 ->  10 (1400.0):
	 1.4e+03 : [10, 11]

 12 ->  10 (1000.0):
	   1e+03 : [10, 11, 12]

 13 ->  10 (1600.0):
	 1.6e+03 : [10, 13]

 14 ->  10 (1400.0):
	     883 : [10, 9, 14]
	     517 : [10, 13, 14]

 15 ->  10 (1400.0):
	 1.4e+03 : [10, 9, 15]

 16 ->  10 (1000.0):
	   1e+03 : [10, 9, 16]

 17 ->  10 (200.0):
	     200 : [10, 9, 15, 17]

 18 ->  10 (400.0):
	     252 : [10, 9, 14, 18]
	     148 : [10, 13, 14, 18]

 19 ->  10 (600.0):
	     264 : [10, 9, 14, 18, 19]
	     182 : [10, 9, 15, 17, 19]
	     154 : [10, 13, 14, 18, 19]

 20 ->  10 (400.0):
	     400 : [10, 13, 22, 23, 20]

 21 ->  10 (1100.0):
	     442 : [10, 9, 14, 21]
	     258 : [10, 13, 14, 21]
	     400 : [10, 13, 22, 21]

 22 ->  10 (1300.0):
	 1.3e+03 : [10, 13, 22]

 23 ->  10 (600.0):
	     600 : [10, 13, 22, 23]

  0 ->  11 (200.0):
	     200 : [11, 2, 0]

  1 ->  11 (100.0):
	     100 : [11, 2, 0, 1]

  2 ->  11 (200.0):
	     200 : [11, 2]

  3 ->  11 (600.0):
	     600 : [11, 2, 3]

  4 ->  11 (200.0):
	     200 : [11, 2, 3, 4]

  5 ->  11 (200.0):
	    44.5 : [11, 2, 0, 1, 5]
	     155 : [11, 2, 3, 4, 5]

  6 ->  11 (700.0):
	     128 : [11, 2, 0, 1, 5, 7, 6]
	     448 : [11, 2, 3, 4, 5, 7, 6]
	     123 : [11, 2, 3, 4, 8, 7, 6]

  7 ->  11 (600.0):
	     110 : [11, 2, 0, 1, 5, 7]
	     384 : [11, 2, 3, 4, 5, 7]
	     106 : [11, 2, 3, 4, 8, 7]

  8 ->  11 (600.0):
	     600 : [11, 2, 3, 4, 8]

  9 ->  11 (2000.0):
	1.67e+03 : [11, 10, 9]
	     328 : [11, 2, 3, 4, 8, 9]

 10 ->  11 (1400.0):
	 1.4e+03 : [11, 10]

 12 ->  11 (1300.0):
	 1.3e+03 : [11, 12]

 13 ->  11 (700.0):
	     700 : [11, 10, 13]

 14 ->  11 (700.0):
	     393 : [11, 10, 9, 14]
	     230 : [11, 10, 13, 14]
	    77.1 : [11, 2, 3, 4, 8, 9, 14]

 15 ->  11 (700.0):
	     186 : [11, 10, 9, 15]
	    5.14 : [11, 2, 0, 1, 5, 7, 6, 17, 15]
	    82.6 : [11, 2, 0, 1, 5, 7, 15]
	    17.9 : [11, 2, 3, 4, 5, 7, 6, 17, 15]
	     288 : [11, 2, 3, 4, 5, 7, 15]
	    4.93 : [11, 2, 3, 4, 8, 7, 6, 17, 15]
	    79.2 : [11, 2, 3, 4, 8, 7, 15]
	    36.4 : [11, 2, 3, 4, 8, 9, 15]

 16 ->  11 (600.0):
	     502 : [11, 10, 9, 16]
	    98.3 : [11, 2, 3, 4, 8, 9, 16]

 17 ->  11 (200.0):
	    36.7 : [11, 2, 0, 1, 5, 7, 6, 17]
	     128 : [11, 2, 3, 4, 5, 7, 6, 17]
	    35.2 : [11, 2, 3, 4, 8, 7, 6, 17]

 18 ->  11 (300.0):
	     168 : [11, 10, 9, 14, 18]
	    98.5 : [11, 10, 13, 14, 18]
	      33 : [11, 2, 3, 4, 8, 9, 14, 18]

 19 ->  11 (500.0):
	     500 : [11, 12, 23, 20, 19]

 20 ->  11 (300.0):
	     300 : [11, 12, 23, 20]

 21 ->  11 (700.0):
	     469 : [11, 12, 23, 20, 21]
	     231 : [11, 12, 23, 22, 21]

 22 ->  11 (700.0):
	     700 : [11, 12, 23, 22]

 23 ->  11 (500.0):
	     500 : [11, 12, 23]

  0 ->  12 (500.0):
	     500 : [12, 11, 2, 0]

  1 ->  12 (300.0):
	     300 : [12, 11, 2, 0, 1]

  2 ->  12 (100.0):
	     100 : [12, 11, 2]

  3 ->  12 (600.0):
	     600 : [12, 11, 2, 3]

  4 ->  12 (200.0):
	     200 : [12, 11, 2, 3, 4]

  5 ->  12 (200.0):
	    44.5 : [12, 11, 2, 0, 1, 5]
	     155 : [12, 11, 2, 3, 4, 5]

  6 ->  12 (400.0):
	    14.3 : [12, 11, 2, 0, 1, 5, 7, 6]
	      50 : [12, 11, 2, 3, 4, 5, 7, 6]
	    13.7 : [12, 11, 2, 3, 4, 8, 7, 6]
	     322 : [12, 23, 20, 19, 17, 6]

  7 ->  12 (600.0):
	     110 : [12, 11, 2, 0, 1, 5, 7]
	     384 : [12, 11, 2, 3, 4, 5, 7]
	     106 : [12, 11, 2, 3, 4, 8, 7]

  8 ->  12 (600.0):
	     600 : [12, 11, 2, 3, 4, 8]

  9 ->  12 (1900.0):
	1.59e+03 : [12, 11, 10, 9]
	     311 : [12, 11, 2, 3, 4, 8, 9]

 10 ->  12 (1000.0):
	   1e+03 : [12, 11, 10]

 11 ->  12 (1300.0):
	 1.3e+03 : [12, 11]

 13 ->  12 (600.0):
	    6.15 : [12, 11, 10, 13]
	     594 : [12, 23, 22, 13]

 14 ->  12 (700.0):
	    1.42 : [12, 11, 10, 9, 14]
	     413 : [12, 23, 20, 21, 14]
	     204 : [12, 23, 22, 21, 14]
	    80.6 : [12, 23, 22, 13, 14]

 15 ->  12 (600.0):
	     600 : [12, 23, 20, 19, 17, 15]

 16 ->  12 (500.0):
	     418 : [12, 11, 10, 9, 16]
	      82 : [12, 11, 2, 3, 4, 8, 9, 16]

 17 ->  12 (100.0):
	     100 : [12, 23, 20, 19, 17]

 18 ->  12 (300.0):
	    21.6 : [12, 23, 20, 19, 18]
	     164 : [12, 23, 20, 21, 14, 18]
	      81 : [12, 23, 22, 21, 14, 18]
	    32.1 : [12, 23, 22, 13, 14, 18]

 19 ->  12 (600.0):
	     600 : [12, 23, 20, 19]

 20 ->  12 (600.0):
	     600 : [12, 23, 20]

 21 ->  12 (1300.0):
	     871 : [12, 23, 20, 21]
	     429 : [12, 23, 22, 21]

 22 ->  12 (800.0):
	     800 : [12, 23, 22]

 23 ->  12 (700.0):
	     700 : [12, 23]

  0 ->  13 (300.0):
	     300 : [13, 10, 3, 2, 0]

  1 ->  13 (100.0):
	     100 : [13, 10, 3, 2, 0, 1]

  2 ->  13 (100.0):
	     100 : [13, 10, 3, 2]

  3 ->  13 (500.0):
	     500 : [13, 10, 3]

  4 ->  13 (100.0):
	     100 : [13, 10, 3, 4]

  5 ->  13 (100.0):
	     100 : [13, 10, 3, 4, 5]

  6 ->  13 (200.0):
	     200 : [13, 14, 18, 19, 17, 6]

  7 ->  13 (400.0):
	     400 : [13, 14, 18, 19, 17, 6, 7]

  8 ->  13 (600.0):
	     236 : [13, 10, 9, 8]
	     364 : [13, 14, 9, 8]

  9 ->  13 (2100.0):
	     826 : [13, 10, 9]
	1.27e+03 : [13, 14, 9]

 10 ->  13 (1600.0):
	 1.6e+03 : [13, 10]

 11 ->  13 (700.0):
	     700 : [13, 10, 11]

 12 ->  13 (600.0):
	    6.36 : [13, 10, 11, 12]
	     594 : [13, 22, 23, 12]

 14 ->  13 (1300.0):
	 1.3e+03 : [13, 14]

 15 ->  13 (700.0):
	     693 : [13, 14, 18, 16, 15]
	    7.06 : [13, 14, 18, 19, 17, 15]

 16 ->  13 (700.0):
	     700 : [13, 14, 18, 16]

 17 ->  13 (100.0):
	     100 : [13, 14, 18, 19, 17]

 18 ->  13 (300.0):
	     300 : [13, 14, 18]

 19 ->  13 (500.0):
	     500 : [13, 14, 18, 19]

 20 ->  13 (400.0):
	     400 : [13, 22, 23, 20]

 21 ->  13 (1200.0):
	     471 : [13, 14, 21]
	     729 : [13, 22, 21]

 22 ->  13 (1100.0):
	 1.1e+03 : [13, 22]

 23 ->  13 (400.0):
	     400 : [13, 22, 23]

  0 ->  14 (500.0):
	     500 : [14, 9, 8, 4, 3, 2, 0]

  1 ->  14 (100.0):
	    16.5 : [14, 9, 8, 4, 3, 2, 0, 1]
	    83.5 : [14, 9, 8, 4, 5, 1]

  2 ->  14 (100.0):
	     100 : [14, 9, 8, 4, 3, 2]

  3 ->  14 (500.0):
	     500 : [14, 9, 8, 4, 3]

  4 ->  14 (200.0):
	     200 : [14, 9, 8, 4]

  5 ->  14 (200.0):
	     200 : [14, 9, 8, 4, 5]

  6 ->  14 (500.0):
	     500 : [14, 18, 19, 17, 6]

  7 ->  14 (600.0):
	     600 : [14, 18, 19, 17, 6, 7]

  8 ->  14 (900.0):
	     900 : [14, 9, 8]

  9 ->  14 (4000.0):
	   4e+03 : [14, 9]

 10 ->  14 (1400.0):
	     887 : [14, 9, 10]
	     513 : [14, 13, 10]

 11 ->  14 (700.0):
	    75.5 : [14, 9, 8, 4, 3, 2, 11]
	     396 : [14, 9, 10, 11]
	     229 : [14, 13, 10, 11]

 12 ->  14 (700.0):
	    1.46 : [14, 9, 10, 11, 12]
	      79 : [14, 13, 22, 23, 12]
	     418 : [14, 21, 20, 23, 12]
	     200 : [14, 21, 22, 23, 12]

 13 ->  14 (1300.0):
	 1.3e+03 : [14, 13]

 15 ->  14 (1200.0):
	1.19e+03 : [14, 18, 16, 15]
	    12.1 : [14, 18, 19, 17, 15]

 16 ->  14 (1500.0):
	 1.5e+03 : [14, 18, 16]

 17 ->  14 (200.0):
	     200 : [14, 18, 19, 17]

 18 ->  14 (800.0):
	     800 : [14, 18]

 19 ->  14 (1100.0):
	 1.1e+03 : [14, 18, 19]

 20 ->  14 (800.0):
	     800 : [14, 21, 20]

 21 ->  14 (2600.0):
	 2.6e+03 : [14, 21]

 22 ->  14 (1000.0):
	     283 : [14, 13, 22]
	     717 : [14, 21, 22]

 23 ->  14 (400.0):
	    45.3 : [14, 13, 22, 23]
	     240 : [14, 21, 20, 23]
	     115 : [14, 21, 22, 23]

  0 ->  15 (500.0):
	     473 : [15, 7, 5, 1, 0]
	    26.6 : [15, 17, 6, 7, 5, 1, 0]

  1 ->  15 (400.0):
	     379 : [15, 7, 5, 1]
	    21.3 : [15, 17, 6, 7, 5, 1]

  2 ->  15 (200.0):
	     112 : [15, 7, 5, 4, 3, 2]
	    31.3 : [15, 7, 5, 1, 0, 2]
	    30.7 : [15, 7, 8, 4, 3, 2]
	    15.8 : [15, 9, 8, 4, 3, 2]
	    6.33 : [15, 17, 6, 7, 5, 4, 3, 2]
	    1.76 : [15, 17, 6, 7, 5, 1, 0, 2]
	    1.73 : [15, 17, 6, 7, 8, 4, 3, 2]

  3 ->  15 (800.0):
	     539 : [15, 7, 5, 4, 3]
	     147 : [15, 7, 8, 4, 3]
	    75.5 : [15, 9, 8, 4, 3]
	    30.3 : [15, 17, 6, 7, 5, 4, 3]
	    8.29 : [15, 17, 6, 7, 8, 4, 3]

  4 ->  15 (500.0):
	     337 : [15, 7, 5, 4]
	      92 : [15, 7, 8, 4]
	    47.2 : [15, 9, 8, 4]
	    18.9 : [15, 17, 6, 7, 5, 4]
	    5.18 : [15, 17, 6, 7, 8, 4]

  5 ->  15 (900.0):
	     852 : [15, 7, 5]
	      48 : [15, 17, 6, 7, 5]

  6 ->  15 (1400.0):
	 1.4e+03 : [15, 17, 6]

  7 ->  15 (2200.0):
	2.08e+03 : [15, 7]
	     117 : [15, 17, 6, 7]

  8 ->  15 (1400.0):
	     892 : [15, 7, 8]
	     457 : [15, 9, 8]
	    50.2 : [15, 17, 6, 7, 8]

  9 ->  15 (4400.0):
	 4.4e+03 : [15, 9]

 10 ->  15 (1400.0):
	 1.4e+03 : [15, 9, 10]

 11 ->  15 (700.0):
	     279 : [15, 7, 5, 4, 3, 2, 11]
	    77.5 : [15, 7, 5, 1, 0, 2, 11]
	    76.2 : [15, 7, 8, 4, 3, 2, 11]
	      39 : [15, 9, 8, 4, 3, 2, 11]
	     204 : [15, 9, 10, 11]
	    15.7 : [15, 17, 6, 7, 5, 4, 3, 2, 11]
	    4.36 : [15, 17, 6, 7, 5, 1, 0, 2, 11]
	    4.29 : [15, 17, 6, 7, 8, 4, 3, 2, 11]

 12 ->  15 (600.0):
	     600 : [15, 17, 19, 20, 23, 12]

 13 ->  15 (700.0):
	     693 : [15, 16, 18, 14, 13]
	    6.79 : [15, 17, 19, 18, 14, 13]

 14 ->  15 (1200.0):
	1.19e+03 : [15, 16, 18, 14]
	    11.6 : [15, 17, 19, 18, 14]

 16 ->  15 (2800.0):
	 2.8e+03 : [15, 16]

 17 ->  15 (500.0):
	     500 : [15, 17]

 18 ->  15 (1300.0):
	1.29e+03 : [15, 16, 18]
	    12.6 : [15, 17, 19, 18]

 19 ->  15 (1600.0):
	 1.6e+03 : [15, 17, 19]

 20 ->  15 (600.0):
	     600 : [15, 17, 19, 20]

 21 ->  15 (1200.0):
	 1.2e+03 : [15, 17, 19, 21]

 22 ->  15 (500.0):
	     500 : [15, 17, 19, 21, 22]

 23 ->  15 (300.0):
	     300 : [15, 17, 19, 20, 23]

  0 ->  16 (400.0):
	     400 : [16, 9, 8, 4, 3, 2, 0]

  1 ->  16 (200.0):
	     189 : [16, 15, 7, 5, 1]
	    10.7 : [16, 15, 17, 6, 7, 5, 1]

  2 ->  16 (100.0):
	     100 : [16, 9, 8, 4, 3, 2]

  3 ->  16 (500.0):
	     500 : [16, 9, 8, 4, 3]

  4 ->  16 (200.0):
	     200 : [16, 9, 8, 4]

  5 ->  16 (500.0):
	     473 : [16, 15, 7, 5]
	    26.6 : [16, 15, 17, 6, 7, 5]

  6 ->  16 (1000.0):
	   1e+03 : [16, 15, 17, 6]

  7 ->  16 (1400.0):
	1.33e+03 : [16, 15, 7]
	    74.6 : [16, 15, 17, 6, 7]

  8 ->  16 (900.0):
	     900 : [16, 9, 8]

  9 ->  16 (3900.0):
	 3.9e+03 : [16, 9]

 10 ->  16 (1000.0):
	   1e+03 : [16, 9, 10]

 11 ->  16 (600.0):
	    96.1 : [16, 9, 8, 4, 3, 2, 11]
	     504 : [16, 9, 10, 11]

 12 ->  16 (500.0):
	    80.1 : [16, 9, 8, 4, 3, 2, 11, 12]
	     420 : [16, 9, 10, 11, 12]

 13 ->  16 (700.0):
	     700 : [16, 18, 14, 13]

 14 ->  16 (1500.0):
	 1.5e+03 : [16, 18, 14]

 15 ->  16 (2800.0):
	 2.8e+03 : [16, 15]

 17 ->  16 (600.0):
	     600 : [16, 15, 17]

 18 ->  16 (1700.0):
	 1.7e+03 : [16, 18]

 19 ->  16 (1700.0):
	1.55e+03 : [16, 15, 17, 19]
	     151 : [16, 18, 19]

 20 ->  16 (600.0):
	     342 : [16, 15, 17, 19, 20]
	     225 : [16, 18, 14, 21, 20]
	    33.3 : [16, 18, 19, 20]

 21 ->  16 (1700.0):
	 1.7e+03 : [16, 18, 14, 21]

 22 ->  16 (600.0):
	     170 : [16, 18, 14, 13, 22]
	     430 : [16, 18, 14, 21, 22]

 23 ->  16 (300.0):
	     137 : [16, 15, 17, 19, 20, 23]
	      17 : [16, 18, 14, 13, 22, 23]
	      90 : [16, 18, 14, 21, 20, 23]
	    43.2 : [16, 18, 14, 21, 22, 23]
	    13.3 : [16, 18, 19, 20, 23]

  0 ->  17 (100.0):
	     100 : [17, 6, 7, 5, 1, 0]

  3 ->  17 (100.0):
	    78.5 : [17, 6, 7, 5, 4, 3]
	    21.5 : [17, 6, 7, 8, 4, 3]

  5 ->  17 (100.0):
	     100 : [17, 6, 7, 5]

  6 ->  17 (200.0):
	     200 : [17, 6]

  7 ->  17 (300.0):
	     300 : [17, 6, 7]

  8 ->  17 (200.0):
	     200 : [17, 6, 7, 8]

  9 ->  17 (700.0):
	     700 : [17, 15, 9]

 10 ->  17 (100.0):
	     100 : [17, 15, 9, 10]

 11 ->  17 (200.0):
	     129 : [17, 6, 7, 5, 4, 3, 2, 11]
	    35.9 : [17, 6, 7, 5, 1, 0, 2, 11]
	    35.2 : [17, 6, 7, 8, 4, 3, 2, 11]

 12 ->  17 (100.0):
	     100 : [17, 19, 20, 23, 12]

 13 ->  17 (100.0):
	     100 : [17, 19, 18, 14, 13]

 14 ->  17 (200.0):
	     200 : [17, 19, 18, 14]

 15 ->  17 (500.0):
	     500 : [17, 15]

 16 ->  17 (600.0):
	     600 : [17, 15, 16]

 18 ->  17 (300.0):
	     300 : [17, 19, 18]

 19 ->  17 (400.0):
	     400 : [17, 19]

 20 ->  17 (100.0):
	     100 : [17, 19, 20]

 21 ->  17 (300.0):
	     300 : [17, 19, 21]

 22 ->  17 (100.0):
	     100 : [17, 19, 21, 22]

  0 ->  18 (300.0):
	     300 : [18, 14, 9, 8, 4, 3, 2, 0]

  1 ->  18 (100.0):
	     100 : [18, 19, 17, 6, 7, 5, 1]

  3 ->  18 (200.0):
	     200 : [18, 14, 9, 8, 4, 3]

  4 ->  18 (100.0):
	     100 : [18, 14, 9, 8, 4]

  5 ->  18 (200.0):
	     200 : [18, 19, 17, 6, 7, 5]

  6 ->  18 (400.0):
	     400 : [18, 19, 17, 6]

  7 ->  18 (700.0):
	     700 : [18, 19, 17, 6, 7]

  8 ->  18 (400.0):
	     400 : [18, 14, 9, 8]

  9 ->  18 (1800.0):
	 1.8e+03 : [18, 14, 9]

 10 ->  18 (400.0):
	     254 : [18, 14, 9, 10]
	     146 : [18, 14, 13, 10]

 11 ->  18 (300.0):
	    32.4 : [18, 14, 9, 8, 4, 3, 2, 11]
	     170 : [18, 14, 9, 10, 11]
	      98 : [18, 14, 13, 10, 11]

 12 ->  18 (300.0):
	    31.1 : [18, 14, 13, 22, 23, 12]
	     165 : [18, 14, 21, 20, 23, 12]
	      79 : [18, 14, 21, 22, 23, 12]
	    24.3 : [18, 19, 20, 23, 12]

 13 ->  18 (300.0):
	     300 : [18, 14, 13]

 14 ->  18 (800.0):
	     800 : [18, 14]

 15 ->  18 (1300.0):
	1.29e+03 : [18, 16, 15]
	    13.1 : [18, 19, 17, 15]

 16 ->  18 (1700.0):
	 1.7e+03 : [18, 16]

 17 ->  18 (300.0):
	     300 : [18, 19, 17]

 19 ->  18 (1200.0):
	 1.2e+03 : [18, 19]

 20 ->  18 (400.0):
	     348 : [18, 14, 21, 20]
	    51.5 : [18, 19, 20]

 21 ->  18 (1200.0):
	 1.2e+03 : [18, 14, 21]

 22 ->  18 (300.0):
	    84.8 : [18, 14, 13, 22]
	     215 : [18, 14, 21, 22]

 23 ->  18 (100.0):
	    10.4 : [18, 14, 13, 22, 23]
	      55 : [18, 14, 21, 20, 23]
	    26.4 : [18, 14, 21, 22, 23]
	    8.14 : [18, 19, 20, 23]

  0 ->  19 (300.0):
	     300 : [19, 17, 6, 7, 5, 1, 0]

  1 ->  19 (100.0):
	     100 : [19, 17, 6, 7, 5, 1]

  3 ->  19 (300.0):
	     236 : [19, 17, 6, 7, 5, 4, 3]
	    64.4 : [19, 17, 6, 7, 8, 4, 3]

  4 ->  19 (100.0):
	    78.5 : [19, 17, 6, 7, 5, 4]
	    21.5 : [19, 17, 6, 7, 8, 4]

  5 ->  19 (300.0):
	     300 : [19, 17, 6, 7, 5]

  6 ->  19 (500.0):
	     500 : [19, 17, 6]

  7 ->  19 (900.0):
	     900 : [19, 17, 6, 7]

  8 ->  19 (600.0):
	     600 : [19, 17, 6, 7, 8]

  9 ->  19 (2500.0):
	1.02e+03 : [19, 17, 15, 9]
	1.48e+03 : [19, 18, 14, 9]

 10 ->  19 (600.0):
	     183 : [19, 17, 15, 9, 10]
	     264 : [19, 18, 14, 9, 10]
	     153 : [19, 18, 14, 13, 10]

 11 ->  19 (400.0):
	     400 : [19, 20, 23, 12, 11]

 12 ->  19 (600.0):
	     600 : [19, 20, 23, 12]

 13 ->  19 (500.0):
	     500 : [19, 18, 14, 13]

 14 ->  19 (1100.0):
	 1.1e+03 : [19, 18, 14]

 15 ->  19 (1600.0):
	 1.6e+03 : [19, 17, 15]

 16 ->  19 (1700.0):
	1.55e+03 : [19, 17, 15, 16]
	     146 : [19, 18, 16]

 17 ->  19 (400.0):
	     400 : [19, 17]

 18 ->  19 (1200.0):
	 1.2e+03 : [19, 18]

 20 ->  19 (1200.0):
	 1.2e+03 : [19, 20]

 21 ->  19 (2400.0):
	 2.4e+03 : [19, 21]

 22 ->  19 (700.0):
	     700 : [19, 21, 22]

 23 ->  19 (400.0):
	     400 : [19, 20, 23]

  0 ->  20 (100.0):
	     100 : [20, 23, 12, 11, 2, 0]

  3 ->  20 (200.0):
	     200 : [20, 23, 12, 11, 2, 3]

  4 ->  20 (100.0):
	     100 : [20, 21, 14, 9, 8, 4]

  5 ->  20 (100.0):
	     100 : [20, 19, 17, 6, 7, 5]

  6 ->  20 (200.0):
	     200 : [20, 19, 17, 6]

  7 ->  20 (400.0):
	     400 : [20, 19, 17, 6, 7]

  8 ->  20 (300.0):
	     300 : [20, 21, 14, 9, 8]

  9 ->  20 (1200.0):
	 1.2e+03 : [20, 21, 14, 9]

 10 ->  20 (400.0):
	     400 : [20, 23, 22, 13, 10]

 11 ->  20 (300.0):
	     300 : [20, 23, 12, 11]

 12 ->  20 (600.0):
	     600 : [20, 23, 12]

 13 ->  20 (400.0):
	     400 : [20, 23, 22, 13]

 14 ->  20 (800.0):
	     800 : [20, 21, 14]

 15 ->  20 (600.0):
	     600 : [20, 19, 17, 15]

 16 ->  20 (600.0):
	     331 : [20, 19, 17, 15, 16]
	    31.2 : [20, 19, 18, 16]
	     238 : [20, 21, 14, 18, 16]

 17 ->  20 (100.0):
	     100 : [20, 19, 17]

 18 ->  20 (400.0):
	    46.5 : [20, 19, 18]
	     354 : [20, 21, 14, 18]

 19 ->  20 (1200.0):
	 1.2e+03 : [20, 19]

 21 ->  20 (1800.0):
	 1.8e+03 : [20, 21]

 22 ->  20 (700.0):
	     700 : [20, 23, 22]

 23 ->  20 (500.0):
	     500 : [20, 23]

  0 ->  21 (400.0):
	     270 : [21, 20, 23, 12, 11, 2, 0]
	     130 : [21, 22, 23, 12, 11, 2, 0]

  1 ->  21 (100.0):
	     100 : [21, 19, 17, 6, 7, 5, 1]

  2 ->  21 (100.0):
	    67.6 : [21, 20, 23, 12, 11, 2]
	    32.4 : [21, 22, 23, 12, 11, 2]

  3 ->  21 (400.0):
	     400 : [21, 14, 9, 8, 4, 3]

  4 ->  21 (200.0):
	     200 : [21, 14, 9, 8, 4]

  5 ->  21 (200.0):
	     200 : [21, 19, 17, 6, 7, 5]

  6 ->  21 (500.0):
	     500 : [21, 19, 17, 6]

  7 ->  21 (500.0):
	     500 : [21, 19, 17, 6, 7]

  8 ->  21 (700.0):
	     700 : [21, 14, 9, 8]

  9 ->  21 (2600.0):
	 2.6e+03 : [21, 14, 9]

 10 ->  21 (1100.0):
	     444 : [21, 14, 9, 10]
	     257 : [21, 14, 13, 10]
	     399 : [21, 22, 13, 10]

 11 ->  21 (700.0):
	     473 : [21, 20, 23, 12, 11]
	     227 : [21, 22, 23, 12, 11]

 12 ->  21 (1300.0):
	     879 : [21, 20, 23, 12]
	     421 : [21, 22, 23, 12]

 13 ->  21 (1200.0):
	     470 : [21, 14, 13]
	     730 : [21, 22, 13]

 14 ->  21 (2600.0):
	 2.6e+03 : [21, 14]

 15 ->  21 (1200.0):
	 1.2e+03 : [21, 19, 17, 15]

 16 ->  21 (1700.0):
	 1.7e+03 : [21, 14, 18, 16]

 17 ->  21 (300.0):
	     300 : [21, 19, 17]

 18 ->  21 (1200.0):
	 1.2e+03 : [21, 14, 18]

 19 ->  21 (2400.0):
	 2.4e+03 : [21, 19]

 20 ->  21 (1800.0):
	 1.8e+03 : [21, 20]

 22 ->  21 (2100.0):
	 2.1e+03 : [21, 22]

 23 ->  21 (1100.0):
	     743 : [21, 20, 23]
	     357 : [21, 22, 23]

  0 ->  22 (300.0):
	     300 : [22, 23, 12, 11, 2, 0]

  2 ->  22 (100.0):
	     100 : [22, 23, 12, 11, 2]

  3 ->  22 (500.0):
	     500 : [22, 13, 10, 3]

  4 ->  22 (100.0):
	     100 : [22, 13, 10, 3, 4]

  5 ->  22 (100.0):
	     100 : [22, 13, 10, 3, 4, 5]

  6 ->  22 (200.0):
	     200 : [22, 21, 19, 17, 6]

  7 ->  22 (300.0):
	     300 : [22, 21, 19, 17, 6, 7]

  8 ->  22 (500.0):
	     303 : [22, 21, 14, 9, 8]
	    77.6 : [22, 13, 10, 9, 8]
	     120 : [22, 13, 14, 9, 8]

  9 ->  22 (1800.0):
	1.09e+03 : [22, 21, 14, 9]
	     279 : [22, 13, 10, 9]
	     431 : [22, 13, 14, 9]

 10 ->  22 (1300.0):
	 1.3e+03 : [22, 13, 10]

 11 ->  22 (700.0):
	     700 : [22, 23, 12, 11]

 12 ->  22 (800.0):
	     800 : [22, 23, 12]

 13 ->  22 (1100.0):
	 1.1e+03 : [22, 13]

 14 ->  22 (1000.0):
	     716 : [22, 21, 14]
	     284 : [22, 13, 14]

 15 ->  22 (500.0):
	     500 : [22, 21, 19, 17, 15]

 16 ->  22 (600.0):
	     430 : [22, 21, 14, 18, 16]
	     170 : [22, 13, 14, 18, 16]

 17 ->  22 (100.0):
	     100 : [22, 21, 19, 17]

 18 ->  22 (300.0):
	     215 : [22, 21, 14, 18]
	    85.1 : [22, 13, 14, 18]

 19 ->  22 (700.0):
	     700 : [22, 21, 19]

 20 ->  22 (700.0):
	     700 : [22, 23, 20]

 21 ->  22 (2100.0):
	 2.1e+03 : [22, 21]

 23 ->  22 (700.0):
	     700 : [22, 23]

  0 ->  23 (100.0):
	     100 : [23, 12, 11, 2, 0]

  3 ->  23 (200.0):
	     200 : [23, 12, 11, 2, 3]

  5 ->  23 (100.0):
	    22.3 : [23, 12, 11, 2, 0, 1, 5]
	    77.7 : [23, 12, 11, 2, 3, 4, 5]

  6 ->  23 (100.0):
	     100 : [23, 20, 19, 17, 6]

  7 ->  23 (200.0):
	     200 : [23, 20, 19, 17, 6, 7]

  8 ->  23 (200.0):
	     200 : [23, 12, 11, 2, 3, 4, 8]

  9 ->  23 (800.0):
	     441 : [23, 20, 21, 14, 9]
	     217 : [23, 22, 21, 14, 9]
	    55.7 : [23, 22, 13, 10, 9]
	      86 : [23, 22, 13, 14, 9]

 10 ->  23 (600.0):
	     600 : [23, 22, 13, 10]

 11 ->  23 (500.0):
	     500 : [23, 12, 11]

 12 ->  23 (800.0):
	     800 : [23, 12]

 13 ->  23 (400.0):
	     400 : [23, 22, 13]

 14 ->  23 (400.0):
	     237 : [23, 20, 21, 14]
	     117 : [23, 22, 21, 14]
	    46.2 : [23, 22, 13, 14]

 15 ->  23 (300.0):
	     300 : [23, 20, 19, 17, 15]

 16 ->  23 (300.0):
	     130 : [23, 20, 19, 17, 15, 16]
	    12.3 : [23, 20, 19, 18, 16]
	    93.4 : [23, 20, 21, 14, 18, 16]
	      46 : [23, 22, 21, 14, 18, 16]
	    18.2 : [23, 22, 13, 14, 18, 16]

 18 ->  23 (100.0):
	    7.22 : [23, 20, 19, 18]
	      55 : [23, 20, 21, 14, 18]
	    27.1 : [23, 22, 21, 14, 18]
	    10.7 : [23, 22, 13, 14, 18]

 19 ->  23 (400.0):
	     400 : [23, 20, 19]

 20 ->  23 (500.0):
	     500 : [23, 20]

 21 ->  23 (1100.0):
	     737 : [23, 20, 21]
	     363 : [23, 22, 21]

 22 ->  23 (700.0):
	     700 : [23, 22]

